"","baseMean","log2FoldChange","lfcSE","stat","pvalue","padj","gene_name"
"ENSG00000000003.15",2983.51588947524,-0.0751697959152917,0.0952265140659769,-0.789378847399696,0.429890615136949,0.616353656162717,"TSPAN6"
"ENSG00000000005.6",5.52528295892501,-0.324963422758404,0.36036269955739,-0.901767644535729,0.367180310771246,0.559782676367209,"TNMD"
"ENSG00000000419.13",1532.56866216089,-0.0213366809796033,0.063886456923424,-0.333978154480817,0.738396043326258,0.850690179475023,"DPM1"
"ENSG00000000457.14",716.492314661768,-0.126778049104941,0.0547921911230453,-2.31379776034579,0.020678818288217,0.0870372291592786,"SCYL3"
"ENSG00000000460.17",382.387527403888,0.0158079689993389,0.0940869960318781,0.168014387386573,0.866571960479523,0.928693690619359,"C1orf112"
"ENSG00000000938.13",1311.40222570626,0.0252436905915103,0.139436009104255,0.181041402100342,0.85633507874659,0.92304816946044,"FGR"
"ENSG00000000971.16",5185.00726279096,0.0562018511136324,0.125823878316611,0.446670789881483,0.655112775235553,0.794386277167732,"CFH"
"ENSG00000001036.14",2349.66093600381,0.159492882198189,0.0715286097413841,2.22977746631515,0.0257622200743191,0.100332749380139,"FUCA2"
"ENSG00000001084.13",4432.89357367307,0.601305166768993,0.183934764913199,3.2691218924968,0.00107881816121855,0.0115831438765238,"GCLC"
"ENSG00000001167.14",1814.82847083067,0.115738068348363,0.0639340732903843,1.81027208797864,0.0702536033001914,0.194491369921277,"NFYA"
"ENSG00000001460.18",551.54635042142,0.0180373462905304,0.0730943942811944,0.246767846808344,0.805087895589709,0.892626592109637,"STPG1"
"ENSG00000001461.17",2221.39695471762,-0.0556371591096797,0.0755854767630797,-0.736082664187892,0.461680392174099,0.644015808298165,"NIPAL3"
"ENSG00000001497.18",1939.7996009788,0.071984417144656,0.0525435936284007,1.36999417386152,0.170688720335034,0.344533743550036,"LAS1L"
"ENSG00000001561.7",2263.19802414194,-0.155716541220721,0.0923191808838486,-1.6867192681945,0.0916573452988063,0.231404971942909,"ENPP4"
"ENSG00000001617.12",1809.63182355317,-0.0863146334200982,0.110603417768639,-0.780397524429599,0.435156924571734,0.620989262313191,"SEMA3F"
"ENSG00000001626.16",927.383577353986,-0.637953359492366,0.205439358035329,-3.10531227118933,0.00190078235795524,0.0173189896566433,"CFTR"
"ENSG00000001629.10",3255.79010983862,0.0550559203909124,0.0691470269638386,0.796215293821739,0.425906909725557,0.613389226348271,"ANKIB1"
"ENSG00000001630.17",131.066096325104,0.227468345566664,0.113931097971059,1.99654308277136,0.0458748411467104,0.147298834808782,"CYP51A1"
"ENSG00000001631.16",305.36223381214,-0.143022642147563,0.0709631810036821,-2.01544857663783,0.0438576689921411,0.143166327459099,"KRIT1"
"ENSG00000002016.18",380.425233831332,-0.148830623641694,0.0729847902703637,-2.03920053877484,0.0414300171687159,0.137767634997808,"RAD52"
"ENSG00000002079.14",44.4966032315297,0.257044415921721,0.214449899126039,1.19862222817203,0.230674871007303,0.417153334925064,"MYH16"
"ENSG00000002330.14",457.914339551902,0.138072182737891,0.0843231502773973,1.63741727252452,0.101543311602975,0.246855164161946,"BAD"
"ENSG00000002549.12",5931.13108407672,0.168541603485583,0.0737891624031379,2.28409698655715,0.0223658316509175,0.0915031380923282,"LAP3"
"ENSG00000002586.20",8253.8629316288,0.249224820146768,0.0845735348155207,2.94684171224957,0.00321037491639504,0.0247873404664981,"CD99"
"ENSG00000002587.10",1119.83885974926,0.263680747104995,0.143198003164491,1.8413716761267,0.0655671105538106,0.186097682154136,"HS3ST1"
"ENSG00000002726.21",1556.99900761319,0.268050554531451,0.269875482173661,0.993237890202136,0.320594037377157,0.514377056581566,"AOC1"
"ENSG00000002745.13",32.24211832889,-1.57954537881524,0.214709818580213,-7.35665182552022,1.88580371992049e-13,3.4880035137396e-10,"WNT16"
"ENSG00000002746.15",83.7497700418878,-0.0285328654436783,0.161878289696922,-0.176261223769408,0.860088723992402,0.924990596242499,"HECW1"
"ENSG00000002822.15",37.3628082834348,0.189395179357421,0.128868998676633,1.46967215779075,0.141650566893736,0.305696008530055,"MAD1L1"
"ENSG00000002834.18",12106.3738353243,0.0958786615384318,0.0752274738575668,1.27451656451957,0.202480405993973,0.383391921558172,"LASP1"
"ENSG00000002919.15",1294.05341982716,0.044993069645768,0.0597033783828243,0.753610111596495,0.451083370862101,0.634729959273824,"SNX11"
"ENSG00000002933.9",3411.69829628666,0.104711708574792,0.14462152387231,0.724039588099244,0.469041431220218,0.650226718934031,"TMEM176A"
"ENSG00000003056.8",3341.16507778268,0.0578365378209625,0.0692452695161718,0.835241717233191,0.403581625543714,0.593272830237852,"M6PR"
"ENSG00000003096.14",179.648142760151,-0.196393178604932,0.171503689232813,-1.14512509604579,0.252157340994672,0.442463553698074,"KLHL13"
"ENSG00000003137.8",316.98862014506,-0.000603377948684806,0.154128404131302,-0.00391477451599895,0.996876469832918,0.998496871505523,"CYP26B1"
"ENSG00000003147.19",1884.13699022789,0.0263975284517263,0.0915370919380707,0.288380675995099,0.773055358038929,0.873132407154336,"ICA1"
"ENSG00000003249.15",1393.82297631159,0.15725822910745,0.121350162029266,1.29590456640284,0.195008365831178,0.374569521930272,"DBNDD1"
"ENSG00000003393.15",1332.53160153923,-0.0986112623222151,0.047085493818449,-2.09430239178202,0.0362330514187278,0.125853623462045,"ALS2"
"ENSG00000003400.15",1690.64218034949,-0.127527361525119,0.0756628111743593,-1.68546951330213,0.0918980219520884,0.231697473896816,"CASP10"
"ENSG00000003402.20",7883.99507040223,-0.17911219956643,0.0824284967061632,-2.17294026609414,0.0297848133779255,0.11013169611187,"CFLAR"
"ENSG00000003436.16",8912.19661009096,0.0082138516791093,0.14797073375248,0.0555099746470755,0.955732183584902,0.977234818743329,"TFPI"
"ENSG00000003509.16",575.465399978802,-0.0803530810107166,0.0515221094073184,-1.55958445675175,0.11885811195463,0.273200402198526,"NDUFAF7"
"ENSG00000003756.17",2631.84516339751,-0.290407472645093,0.0651462183587686,-4.45777943772241,8.28130456672539e-06,0.000347241149798474,"RBM5"
"ENSG00000003987.14",248.896635597076,-1.66788788509554,0.198102843281982,-8.41930311278491,3.78730359921777e-17,1.05075582273964e-13,"MTMR7"
"ENSG00000003989.18",5282.82723217169,-0.290241740915475,0.214375583376043,-1.35389364938242,0.175770309902013,0.351234675443713,"SLC7A2"
"ENSG00000004059.11",3910.50539025444,0.128422225460125,0.0856009594843692,1.5002428271096,0.133551513225655,0.294673638400274,"ARF5"
"ENSG00000004139.14",254.465850199514,-0.265291022081937,0.0863332269840376,-3.0728727669474,0.00212008859350581,0.018570653039919,"SARM1"
"ENSG00000004142.12",4998.25901206654,0.153209955353325,0.0639818816893093,2.39458345563046,0.0166392563174552,0.0754522964556028,"POLDIP2"
"ENSG00000004399.13",9221.59419331393,-0.0451965098313963,0.0977522794366591,-0.462357605284104,0.643824896059947,0.786081203774528,"PLXND1"
"ENSG00000004455.17",6964.23385699247,-0.101196738041939,0.066366833141237,-1.52480890306427,0.127306768630695,0.286032139831404,"AK2"
"ENSG00000004468.13",1121.07317842248,-0.0934648083030414,0.1440171530104,-0.648983863028398,0.516348806619414,0.690501638261183,"CD38"
"ENSG00000004478.8",4037.50734766718,0.279466032626817,0.105773529593962,2.6421169237674,0.00823896078252524,0.0470506508089087,"FKBP4"
"ENSG00000004487.17",3962.23530335347,0.0761878802208064,0.0616247460119301,1.23631958184553,0.216339795127948,0.400029326442507,"KDM1A"
"ENSG00000004534.15",3111.97043152,-0.240266127963117,0.0678159250161145,-3.54291603197958,0.000395728682513528,0.00578104213555195,"RBM6"
"ENSG00000004660.15",504.269697434764,-0.225570260878139,0.0889671493440392,-2.53543316315386,0.011230835763154,0.0580017560396033,"CAMKK1"
"ENSG00000004700.16",1050.86019753863,-0.00804123522780741,0.0885230706477696,-0.0908377349426029,0.927621525835724,0.961940499492208,"RECQL"
"ENSG00000004766.17",1173.12269237664,-0.0475585125609092,0.0576646347844319,-0.824743150436962,0.409517428144367,0.598777983847176,"VPS50"
"ENSG00000004776.13",126.753647777827,-0.0359318232089928,0.201983801634639,-0.177894578269145,0.858805768847968,0.924357314827861,"HSPB6"
"ENSG00000004777.18",390.150774960095,-0.279331434552747,0.13411780944582,-2.08273185870657,0.037275671780991,0.128372687655118,"ARHGAP33"
"ENSG00000004779.10",2168.63503228825,0.174770019323469,0.0715971753296153,2.44101835748229,0.0146459102479328,0.0691857828726836,"NDUFAB1"
"ENSG00000004799.8",3342.4659551209,-0.245865008977514,0.184659822968351,-1.33144830870792,0.183041542835325,0.36031467425155,"PDK4"
"ENSG00000004809.14",11.3713448886727,-0.030160731199021,0.179290449795373,-0.168222742669472,0.86640804983431,0.928693690619359,"SLC22A16"
"ENSG00000004838.14",391.464626042066,-0.877648683912084,0.21058238993484,-4.16772116692024,3.07659950698162e-05,0.000909371148878945,"ZMYND10"
"ENSG00000004846.16",6.50797162205549,0.076338577193385,0.210265491279846,0.363058040236306,0.716561528111381,0.836785849361845,"ABCB5"
"ENSG00000004848.8",147.734940104729,-0.198592593026883,0.262489541902286,-0.756573353695023,0.449305510317384,0.633338054015109,"ARX"
"ENSG00000004864.14",1663.28376040517,0.0475157675248571,0.08265684070493,0.574855839149234,0.565388798447923,0.727899816965456,"SLC25A13"
"ENSG00000004866.22",1570.87331816359,0.143859241761128,0.0745415782135904,1.92991945178456,0.0536168188443912,0.163019611852632,"ST7"
"ENSG00000004897.12",2840.2785325997,0.091868313895862,0.0516523755635051,1.77858835907581,0.0753072739860661,0.203622599920255,"CDC27"
"ENSG00000004939.15",8.49933697251065,-0.372088601099975,0.235874561633634,-1.57748507733492,0.114683953092619,0.26696775627972,"SLC4A1"
"ENSG00000004948.16",39.3512825628342,-0.0144668328918529,0.218101098712211,-0.0663308574659782,0.947114416608984,0.972211521705356,"CALCR"
"ENSG00000004961.15",1012.51042353798,0.208185385806109,0.0578827415685967,3.59667459011749,0.000322311279551795,0.00504675391529784,"HCCS"
"ENSG00000004975.12",1451.62410733297,0.0583475776416962,0.0642371407743828,0.908315297634863,0.363711662496161,0.556457682858541,"DVL2"
"ENSG00000005001.10",1272.96424613954,0.184924444753319,0.149124711064007,1.24006573715302,0.214951080639476,0.398217479702302,"PRSS22"
"ENSG00000005007.13",5733.03708873186,0.0228968682786099,0.062931676063155,0.363836937310105,0.715979778288369,0.836331301612331,"UPF1"
"ENSG00000005020.13",3150.84265615832,0.148227738363397,0.0849836110862456,1.74419204442805,0.0811256081075191,0.214035571021763,"SKAP2"
"ENSG00000005022.6",12372.3316835172,0.0394975201414174,0.0836818817857903,0.471996079659436,0.636929586844628,0.780941478306891,"SLC25A5"
"ENSG00000005059.16",929.683151179952,0.271359596228189,0.0956746909428237,2.8362735594344,0.00456433321568974,0.0314357355709472,"MCUB"
"ENSG00000005073.6",25.7046313202286,0.53965681225495,0.389545682995429,1.38534923068646,0.165945706973483,0.337974248528716,"HOXA11"
"ENSG00000005075.15",1567.13867274714,0.122810140594629,0.0914450587930103,1.34299372995773,0.179274004121201,0.355398917423315,"POLR2J"
"ENSG00000005100.13",1037.82971335819,0.0297157577823078,0.0581161107419056,0.511317041057269,0.609129074303824,0.761279863012771,"DHX33"
"ENSG00000005102.14",52.7941276771082,-0.19003259706801,0.162840622925561,-1.16698520095246,0.243216346045455,0.431848414433639,"MEOX1"
"ENSG00000005108.16",378.08442850908,-0.2835968758324,0.146600584580774,-1.93448666417932,0.0530533201520096,0.161927409957908,"THSD7A"
"ENSG00000005156.12",1519.01145012961,0.0905551707112654,0.0678619367105979,1.33440298200513,0.18207182328505,0.359099395323922,"LIG3"
"ENSG00000005175.10",1352.23705954034,-0.0357326258621259,0.0531674666357732,-0.67207689444589,0.501534745091779,0.677887284671354,"RPAP3"
"ENSG00000005187.12",564.411395676973,-0.240644077281192,0.139451936126649,-1.72564170828465,0.0844118909508657,0.21940238000056,"ACSM3"
"ENSG00000005189.20",214.904452961966,-0.0261811950836276,0.0909468274236351,-0.2878736490903,0.773443458441431,0.873334002438208,"REXO5"
"ENSG00000005194.15",2122.56644198336,0.134336180714284,0.0609930591580917,2.20248307870721,0.0276312031149456,0.104858730799713,"CIAPIN1"
"ENSG00000005206.17",1692.59834757356,-0.0436176701493032,0.090212806884657,-0.483497539380093,0.628742506482922,0.775573333395181,"SPPL2B"
"ENSG00000005238.20",1192.69052272465,0.145832846783592,0.0670376071925622,2.17538860485718,0.0296010077003082,0.109707931578132,"FAM214B"
"ENSG00000005243.10",494.772998269612,0.110304739767794,0.10707425116445,1.03017054584282,0.302929953694954,0.496038114714052,"COPZ2"
"ENSG00000005249.13",770.6196111721,-0.15083363514451,0.1291605487643,-1.16779958421949,0.242887615877043,0.431484840477797,"PRKAR2B"
"ENSG00000005302.19",1423.43770293169,-0.056634465990171,0.0444809952979876,-1.27322838913034,0.202937009410206,0.383819908782253,"MSL3"
"ENSG00000005339.15",5139.33018781664,-0.027258272088966,0.0578024728349153,-0.471576227660987,0.637229298186827,0.781161186786277,"CREBBP"
"ENSG00000005379.17",800.9390293419,-0.387197094702125,0.132721783747602,-2.91735903307675,0.00353009174700434,0.0264344004797606,"TSPOAP1"
"ENSG00000005381.8",27.5301421378144,0.0196820644800346,0.15877434744187,0.123962496443203,0.901344969471582,0.947656100190026,"MPO"
"ENSG00000005421.9",78.1593201386478,-0.0564751954206711,0.202008459730119,-0.279568467063812,0.779808602380039,0.877663628648073,"PON1"
"ENSG00000005436.14",700.134100036729,0.00815492552885201,0.0617848925695889,0.131988989374175,0.89499300075918,0.94449733657523,"GCFC2"
"ENSG00000005448.17",714.256187958146,-0.0997166845119391,0.0939734786296139,-1.06111517809149,0.28863756087303,0.481088226150098,"WDR54"
"ENSG00000005469.12",714.82754671336,-0.00071713727188115,0.0814102458891638,-0.0088089314072027,0.992971580530836,0.996713785293449,"CROT"
"ENSG00000005471.19",95.9010731304401,0.00842612393706902,0.166871668261771,0.0504946347384205,0.959728224811075,0.979588932142839,"ABCB4"
"ENSG00000005483.21",3889.95416307861,-0.191926879877382,0.0581591454733255,-3.3000292269667,0.000966747598693146,0.0107429665565056,"KMT2E"
"ENSG00000005486.17",5383.06968072903,0.049794796944425,0.0767782195500825,0.648553681450556,0.516626902396592,0.690599030815455,"RHBDD2"
"ENSG00000005513.10",44.9209834342787,-0.159858835341294,0.172473930353638,-0.926857960582924,0.354000286760057,0.547484447671372,"SOX8"
"ENSG00000005700.15",3163.19085356895,0.00279964117809547,0.0569482595234863,0.0491611368200086,0.960790882121778,0.980293038821646,"IBTK"
"ENSG00000005801.18",1210.69853197296,-0.189040432789045,0.0768264504036165,-2.46061651678425,0.0138698527293145,0.0667530860980627,"ZNF195"
"ENSG00000005810.18",2543.98489323041,-0.179110092916776,0.0889338740705613,-2.01396930909215,0.0440127558303771,0.143398748590964,"MYCBP2"
"ENSG00000005812.11",1930.906220098,0.0186814607929001,0.0688296463908232,0.27141590539089,0.78607117028476,0.881196924889407,"FBXL3"
"ENSG00000005844.19",1750.08169573686,-0.181586617454924,0.12176719718188,-1.49126055011099,0.135893102001929,0.297705586744198,"ITGAL"
"ENSG00000005882.12",799.369836665215,-0.0213218419993463,0.0842934319600622,-0.252947845443622,0.800308516051488,0.890113964886156,"PDK2"
"ENSG00000005884.18",24184.6666491011,0.292866617388989,0.123591519479389,2.36963360125878,0.0178057207804283,0.0790618647563085,"ITGA3"
"ENSG00000005889.16",1628.05549228876,-0.171188935968417,0.0714353738850206,-2.39641688225718,0.0165562480052465,0.0751987946573906,"ZFX"
"ENSG00000005893.16",10957.8593359847,0.0606025124426794,0.06899718994263,0.878333052303571,0.379763003941642,0.571327127399857,"LAMP2"
"ENSG00000005961.19",106.823161547649,-0.711567983544757,0.181086560859696,-3.92943562551875,8.51454667103416e-05,0.0019604066550397,"ITGA2B"
"ENSG00000005981.13",49.606888713632,-0.440144733733735,0.180436684084338,-2.43933064923764,0.0147144977444294,0.0693993162495098,"ASB4"
"ENSG00000006007.12",4910.31273077666,0.0537623013087818,0.0708831056743255,0.758464246132136,0.448173109354761,0.632480635446642,"GDE1"
"ENSG00000006015.18",909.785508531583,0.177877524254233,0.0920372345515219,1.93266915418518,0.0532769673870928,0.162312415375044,"REX1BD"
"ENSG00000006016.11",5587.18980613195,-0.0528984683276721,0.289941155242926,-0.182445532036842,0.855233095979571,0.922557626613154,"CRLF1"
"ENSG00000006025.12",859.706198245352,-0.0697771529126509,0.101714705799333,-0.686008501566234,0.492707747363569,0.670442597497663,"OSBPL7"
"ENSG00000006042.12",3269.6814280815,-0.000370025322274114,0.114216489159699,-0.00323968391075951,0.997415110747364,0.998765077060635,"TMEM98"
"ENSG00000006047.13",251.340087966614,-0.0558622387745623,0.245105312892872,-0.227911170570905,0.819715298386938,0.901810691806018,"YBX2"
"ENSG00000006059.4",0.502031642522341,-1.12645322662345,0.727078873972311,-1.54928614617725,0.121312948582693,0.276691922803562,"KRT33A"
"ENSG00000006062.17",801.243199318162,-0.11934860826291,0.0891293284977749,-1.33904978613061,0.180554465776382,0.357362810123838,"MAP3K14"
"ENSG00000006071.15",56.2989749709797,-0.997462739368888,0.261514971776614,-3.81417068626159,0.000136641008203461,0.00276043027070256,"ABCC8"
"ENSG00000006118.15",2491.38165580958,0.1955825691295,0.13379348012268,1.46182436505997,0.143789345503277,0.308830312872756,"TMEM132A"
"ENSG00000006125.18",12841.3586993739,0.213964911884068,0.0635925289828754,3.36462341262896,0.000766481969852355,0.00912025883570209,"AP2B1"
"ENSG00000006128.12",8.86298544050578,0.616326471535258,0.477793620347162,1.28994286505425,0.197070496340488,0.377289708721326,"TAC1"
"ENSG00000006194.10",1405.40390693057,0.015751439221242,0.0427746404319606,0.368242469420566,0.712692445728617,0.833995766107989,"ZNF263"
"ENSG00000006210.7",5086.76119295873,0.101142508720029,0.173364811933025,0.58340852213483,0.559618322212291,0.723548458307332,"CX3CL1"
"ENSG00000006282.21",3005.38950805627,0.063785214018234,0.0905519024748357,0.704405012760056,0.481180585157284,0.661056045280866,"SPATA20"
"ENSG00000006283.18",50.2916848258799,-0.408530424315423,0.182373731377846,-2.2400727408983,0.0250862008788433,0.0987775864975598,"CACNA1G"
"ENSG00000006327.14",4210.56841080954,0.435737751379011,0.128845336729362,3.38186668171214,0.000719950758633983,0.00872881303976737,"TNFRSF12A"
"ENSG00000006377.11",52.9753571571976,0.293962527141909,0.357849591580441,0.821469505787682,0.411378886840395,0.60038377315116,"DLX6"
"ENSG00000006432.15",1314.6761237719,-0.0865122972325803,0.0937197195915727,-0.923095988865502,0.355957184773234,0.549440518923236,"MAP3K9"
"ENSG00000006451.8",3843.8472856653,0.202297155967235,0.0641999714007641,3.15104744680349,0.00162686059899733,0.015479585573712,"RALA"
"ENSG00000006453.14",3134.86836237009,0.187720981432667,0.097611184922178,1.92315031911896,0.0544611744462874,0.164729343221609,"BAIAP2L1"
"ENSG00000006459.11",1978.46730346754,-0.179929159098421,0.0768920473868123,-2.34002299604888,0.0192825525641995,0.0832219370650626,"KDM7A"
"ENSG00000006468.14",2177.35429565014,-0.093484060672461,0.137664113682065,-0.679073566611284,0.497091250115657,0.674027171561336,"ETV1"
"ENSG00000006530.18",1279.96742000373,-0.0765348652603539,0.0524417193748939,-1.45942707776653,0.144447597776896,0.309664769657836,"AGK"
"ENSG00000006534.16",5309.19257630022,0.0266689749238153,0.137928194313441,0.193354049594895,0.846681699419306,0.916885959093536,"ALDH3B1"
"ENSG00000006555.11",810.239126460787,0.38279067912441,0.106054379508436,3.60938115803094,0.000306928347013879,0.00487415313990721,"TTC22"
"ENSG00000006576.16",1718.29579555881,-0.0737604123216912,0.0728047146062073,-1.0131268657621,0.310999567320143,0.504926219653506,"PHTF2"
"ENSG00000006606.9",25.1151684663494,0.0999625621195417,0.182960078860013,0.546362696946721,0.584816646620234,0.742801030670207,"CCL26"
"ENSG00000006607.14",1654.03803591548,-0.021387082949914,0.0606943582036463,-0.352373492082319,0.724558178996716,0.84186205951482,"FARP2"
"ENSG00000006611.17",77.1679009352984,0.776447125239621,0.264630059011431,2.93408514565641,0.00334532424280557,0.0255162895951839,"USH1C"
"ENSG00000006625.18",1196.23739812864,0.189464841766992,0.0997500380452072,1.89939618550446,0.0575124046584619,0.170768077387202,"GGCT"
"ENSG00000006634.8",663.413213984637,0.0446864400842655,0.0992738582452626,0.450133004540477,0.65261454000013,0.792598251932453,"DBF4"
"ENSG00000006638.13",142.287072290928,0.268390672854797,0.106633493876964,2.51694531517905,0.0118377200740227,0.0599594119008727,"TBXA2R"
"ENSG00000006652.15",563.407550030009,-0.194169427250797,0.10933683676046,-1.7758829778128,0.0757522071706531,0.204191131772476,"IFRD1"
"ENSG00000006695.12",645.195696836762,0.0374895199428733,0.0524429285740294,0.71486320391037,0.47469357581297,0.655023157353238,"COX10"
"ENSG00000006704.11",1488.68186987983,0.177650879927482,0.0760500996750498,2.33597169085322,0.0194927170083014,0.0838656108721586,"GTF2IRD1"
"ENSG00000006712.15",2946.5522878027,0.113222929273208,0.063431877731761,1.78495313905102,0.0742689182069203,0.201633784054717,"PAF1"
"ENSG00000006715.16",3469.32434079623,0.0388311465013959,0.0563181748433215,0.689495826337147,0.490511298810809,0.668738438628512,"VPS41"
"ENSG00000006740.17",955.511268248749,-0.139334191370145,0.140010184007794,-0.995171832374629,0.319652698906387,0.513384042648715,"ARHGAP44"
"ENSG00000006744.19",2578.8332571034,0.0647683308290125,0.0523189544758201,1.23795155078923,0.215734025957141,0.399112743175766,"ELAC2"
"ENSG00000006747.15",1890.1323085223,-0.0595751288829777,0.189236933090461,-0.31481766222928,0.752900100606114,0.859966483102764,"SCIN"
"ENSG00000006756.16",4173.09282239422,-0.0255719618316966,0.0990796931393798,-0.25809488323428,0.796333680427924,0.887769127460718,"ARSD"
"ENSG00000006757.12",805.826789756859,0.119407030023411,0.0910650154246857,1.31122835115715,0.189780626610257,0.368470616323884,"PNPLA4"
"ENSG00000006788.14",9.84069155315816,-0.656657344274899,0.225096700076791,-2.91722332691187,0.00353162809279681,0.0264399581950717,"MYH13"
"ENSG00000006831.10",4016.89841280423,0.0420102838287262,0.0772069107546361,0.54412595217331,0.586354802774852,0.743676588525072,"ADIPOR2"
"ENSG00000006837.12",24.042592645028,-0.0450226540050993,0.112283467785788,-0.400973134272917,0.688439903783207,0.817470208882741,"CDKL3"
"ENSG00000007001.13",7.60141991757515,-0.187563110793204,0.191175603097734,-0.981103800662875,0.326541556393723,0.520144875222057,"UPP2"
"ENSG00000007038.11",261.380859248644,0.296407610305774,0.255409657046318,1.16051841474428,0.245837800745297,0.43491954946857,"PRSS21"
"ENSG00000007047.15",1554.53500306626,0.169384203783632,0.0649855295022583,2.60649109241691,0.00914752031971559,0.0506130903562887,"MARK4"
"ENSG00000007062.12",1379.98654629154,-0.913796711195773,0.250620134389748,-3.64614245148675,0.000266206442002713,0.00440060132750562,"PROM1"
"ENSG00000007080.11",2144.09077176486,0.209633553738871,0.089640924157807,2.33859206281524,0.0193565559829612,0.083508852966273,"CCDC124"
"ENSG00000007129.18",146.961681312068,0.145511899654012,0.141108829732928,1.03120336218093,0.302445464315636,0.495464097006371,"CEACAM21"
"ENSG00000007168.14",5199.67983093092,-0.0792914852648027,0.0486559050639541,-1.62963745429421,0.10317814353566,0.249499559321088,"PAFAH1B1"
"ENSG00000007171.18",88.0922999316717,-0.0499528940993796,0.159313666485702,-0.313550589860178,0.753862391752353,0.860632441362553,"NOS2"
"ENSG00000007174.18",364.640657078055,-1.4684043325329,0.276716784470233,-5.30652426936849,1.11735290251655e-07,1.54356971715699e-05,"DNAH9"
"ENSG00000007202.15",5828.42211582008,0.0503146132135684,0.0590835777082179,0.851583725380432,0.394445175560309,0.585190643461939,"KIAA0100"
"ENSG00000007216.15",158.539585898482,-1.30589685983948,0.370258052345288,-3.52699111219234,0.000420310872161973,0.00599873847369028,"SLC13A2"
"ENSG00000007237.19",1776.85801352974,-0.184660450062104,0.115469369819128,-1.59921588167804,0.109772642662418,0.259490243692125,"GAS7"
"ENSG00000007255.10",914.966071689591,0.182044478351411,0.0983821960224503,1.85038030976529,0.0642587549199475,0.183699701833231,"TRAPPC6A"
"ENSG00000007264.15",244.802462045104,0.205897509566171,0.134994282031517,1.52523133919184,0.12720140645258,0.285899991391366,"MATK"
"ENSG00000007306.15",123.929233287711,0.536538054605809,0.255421322258066,2.10060009815357,0.0356760854278385,0.124490505413377,"CEACAM7"
"ENSG00000007312.13",169.40632595916,-0.289991461475757,0.155351763157408,-1.86667634523032,0.0619467989998124,0.179479138377927,"CD79B"
"ENSG00000007314.12",84.4473387492915,-1.43110950482395,0.24770087404524,-5.77757147745299,7.57865296211631e-09,1.94089302359799e-06,"SCN4A"
"ENSG00000007341.19",437.03901038242,-0.0751219632664018,0.0614664763306589,-1.22216153830396,0.221646545413445,0.406278987177075,"ST7L"
"ENSG00000007350.17",30.014645493837,0.752645728837449,0.283711561547708,2.65285533212536,0.00798140707271371,0.0460890579631995,"TKTL1"
"ENSG00000007372.24",3.57787273740293,-0.307565921037827,0.288323331870607,-1.06673961847755,0.286089431468633,0.47857901071731,"PAX6"
"ENSG00000007376.8",1087.62588438855,0.333528443850812,0.0951191362957828,3.50642843111685,0.000454163553337543,0.00634513939625129,"RPUSD1"
"ENSG00000007384.15",1959.05028165368,0.107428684018288,0.0879927432343205,1.22088117803318,0.222131011894115,0.406720990980079,"RHBDF1"
"ENSG00000007392.17",1859.18650634195,-0.140592296553441,0.0785611178437888,-1.78959134508493,0.0735196308826219,0.200464425235903,"LUC7L"
"ENSG00000007402.12",3214.73344282669,-0.456919399775849,0.227573437240012,-2.00778880574693,0.0446657388951308,0.144909027970726,"CACNA2D2"
"ENSG00000007516.14",796.159459951329,-0.0273036054812765,0.150001444857527,-0.182022283233403,0.855565238526678,0.92275653975806,"BAIAP3"
"ENSG00000007520.4",1290.86764034391,0.266138927997057,0.0755972999852688,3.52048192262048,0.000430763354745028,0.00609753587139721,"TSR3"
"ENSG00000007541.17",1866.50426970355,0.11187499361998,0.0811544985580306,1.37854334150043,0.168035595919184,0.340668661337198,"PIGQ"
"ENSG00000007545.16",724.884637911819,-0.0476251562315774,0.0648218571497069,-0.734708296332617,0.462517166588895,0.644804212999807,"CRAMP1"
"ENSG00000007866.22",2028.78993231245,0.046408667745298,0.0789635066714737,0.58772298371171,0.55671824590489,0.721282508692306,"TEAD3"
"ENSG00000007908.16",175.288914859606,0.0600778195424304,0.191655673490977,0.313467472410926,0.75392552953406,0.860632441362553,"SELE"
"ENSG00000007923.16",1260.02214104104,0.0618889256706494,0.0522097312578608,1.18539061932695,0.235863038948202,0.423228853923816,"DNAJC11"
"ENSG00000007933.13",582.023931343313,-0.34269110979719,0.137787869830284,-2.48709200758594,0.0128792085422753,0.0634864509917045,"FMO3"
"ENSG00000007944.15",1832.47680192205,-0.336727109134978,0.0812619168973435,-4.14372589266334,3.41708151162591e-05,0.000994024933494827,"MYLIP"
"ENSG00000007952.18",75.1710595999937,0.359891932274337,0.114561529320916,3.14147283479594,0.001681004021256,0.0158192583220269,"NOX1"
"ENSG00000007968.7",316.413503333778,0.0529345007364274,0.135950529664228,0.38936590292929,0.69700549136161,0.823045036963308,"E2F2"
"ENSG00000008018.9",6009.4828051892,0.110512757632607,0.0709317017992279,1.55801644158226,0.11922935065352,0.273797239145153,"PSMB1"
"ENSG00000008056.14",66.0847870661507,0.0485582314233176,0.152386976132298,0.318650797172855,0.749991329179274,0.858230172938715,"SYN1"
"ENSG00000008083.14",1251.92538986288,0.00583959883193319,0.07110597497223,0.0821252902335395,0.934547082351474,0.965579741573647,"JARID2"
"ENSG00000008086.13",1068.72240870285,-0.0410869559695837,0.0993331325385992,-0.413627909636475,0.679146630206796,0.811655834429553,"CDKL5"
"ENSG00000008118.10",49.6410018892888,0.0813594285162145,0.106645691748242,0.762894657838401,0.445526222429945,0.630221980088382,"CAMK1G"
"ENSG00000008128.23",50.3157014164489,-0.0735800282805382,0.0923403405797431,-0.796835140725912,0.425546783372919,0.612997175067154,"CDK11A"
"ENSG00000008130.15",3538.09697023066,0.029240600709605,0.0639247090777631,0.457422507375581,0.64736738980728,0.788613337316275,"NADK"
"ENSG00000008196.13",10.9336937405172,-0.371884924881638,0.376597306499109,-0.987486948164136,0.323403978230075,0.516952594930569,"TFAP2B"
"ENSG00000008197.5",64.519547050112,-0.216305316832747,0.447597216592701,-0.483258851516895,0.628911953126863,0.775646256878859,"TFAP2D"
"ENSG00000008226.20",222.85485310442,-0.549494630397436,0.180305784510481,-3.04757072486209,0.00230699230678131,0.0197345053621968,"DLEC1"
"ENSG00000008256.16",2645.71821343426,0.203446135153899,0.103546766762228,1.96477535238804,0.0494402441324412,0.1545553096621,"CYTH3"
"ENSG00000008277.14",273.590697474527,-0.228573329802422,0.117749073997053,-1.94119004118998,0.0522352306263312,0.160312272607157,"ADAM22"
"ENSG00000008282.9",6021.17799257472,0.0293093999139035,0.0665368925738096,0.440498478064489,0.659576114335406,0.797445893690985,"SYPL1"
"ENSG00000008283.16",6610.84914754253,-0.0282450746216484,0.0740288590607969,-0.381541401285839,0.702801556501206,0.826845012981635,"CYB561"
"ENSG00000008294.21",5789.1529614967,-0.149671042340475,0.067295110534338,-2.22409980683669,0.0261417298981903,0.101249024371853,"SPAG9"
"ENSG00000008300.17",812.110646862241,-0.129217964387486,0.16588991631389,-0.778938028656218,0.436016221032884,0.621709197261031,"CELSR3"
"ENSG00000008311.15",1356.55143558886,-0.461667526564128,0.129381096834187,-3.56827649371218,0.000359337197078505,0.00544492208513363,"AASS"
"ENSG00000008323.15",607.05543356816,0.323750333576548,0.145068069572454,2.23171325385875,0.0256339207045617,0.100025851777669,"PLEKHG6"
"ENSG00000008324.12",624.171083383533,0.0178285502567804,0.0656087965704194,0.271740241990945,0.785821756529828,0.881006322068546,"SS18L2"
"ENSG00000008382.16",463.795449912086,0.0685644047177565,0.076025950568718,0.901855277110712,0.367133751344964,0.559782676367209,"MPND"
"ENSG00000008394.13",13317.8232735854,0.176600624791201,0.121411156804848,1.45456669254097,0.145789257558125,0.311556282454717,"MGST1"
"ENSG00000008405.12",1149.81810695724,-0.112631128653463,0.0716586368288079,-1.57177325215575,0.116003146868213,0.268985427544463,"CRY1"
"ENSG00000008438.5",5.2663161407557,-0.0643440269277685,0.20415727190641,-0.315168920151251,0.752633402046601,0.859809348877517,"PGLYRP1"
"ENSG00000008441.18",3952.10433387625,-0.3082086719321,0.131241604424607,-2.34840676691936,0.0188539186601524,0.0820420224745072,"NFIX"
"ENSG00000008513.16",4682.74555546541,0.0839996869875905,0.112960611694078,0.743619264519214,0.457106845198501,0.640079642211648,"ST3GAL1"
"ENSG00000008516.17",154.694282918533,-0.0389206086164962,0.128619199430079,-0.30260341215741,0.76219211379718,0.866078077059422,"MMP25"
"ENSG00000008517.18",3909.43302161761,0.342057756123255,0.12561427861663,2.72308020943385,0.00646763531542507,0.0399715950541019,"IL32"
"ENSG00000008710.20",1849.94070088973,-0.0462418577234793,0.0911585407848151,-0.50726851620668,0.611966426110493,0.763478911207998,"PKD1"
"ENSG00000008735.14",460.122594834794,-0.193506892832075,0.173718188057133,-1.11391268235215,0.265316648082678,0.457046447234904,"MAPK8IP2"
"ENSG00000008838.20",3952.88997583648,0.0936941796228894,0.0710323708272979,1.3190349488783,0.187157428806417,0.365176104741564,"MED24"
"ENSG00000008853.17",4006.30393280316,-0.225758753270259,0.140233035739054,-1.60988280743171,0.107423442964666,0.256064200373925,"RHOBTB2"
"ENSG00000008869.12",1672.82423517998,-0.145399942730858,0.0564017136447131,-2.57793484160366,0.0099392737898733,0.0535277001433601,"HEATR5B"
"ENSG00000008952.17",8707.12779460851,0.0453655863640847,0.0580804255552722,0.78108219646071,0.434754152343455,0.62053983037579,"SEC62"
"ENSG00000008988.11",37175.3944301206,0.063657412031459,0.0813019982615836,0.782974753297522,0.43364193785763,0.619517723871184,"RPS20"
"ENSG00000009307.16",23388.0354998424,0.0575537928140957,0.0520902387242176,1.1048863323281,0.269208845463337,0.460925818699497,"CSDE1"
"ENSG00000009335.18",4668.27152688398,0.0674386956358048,0.0523192932116932,1.28898330799187,0.197403889659666,0.377689080997601,"UBE3C"
"ENSG00000009413.16",1298.28483800061,-0.394431040942159,0.104370724578696,-3.77913483435441,0.000157374195767278,0.00302509185893763,"REV3L"
"ENSG00000009694.13",430.403910178107,-0.767675595976914,0.258310822199557,-2.97190643984652,0.002959568570986,0.023427703381403,"TENM1"
"ENSG00000009709.12",381.003168455756,-1.55166530388082,0.472476031067974,-3.28411432929936,0.0010230341189775,0.0111561987956495,"PAX7"
"ENSG00000009724.17",60.5891664644267,-0.289084520325422,0.134892681633448,-2.14307045293213,0.0321074415968369,0.115700081511364,"MASP2"
"ENSG00000009765.15",566.08742896513,-0.765917989067333,0.235826975875455,-3.24779633977001,0.00116302484232534,0.0122224072208136,"IYD"
"ENSG00000009780.16",679.312183411718,-0.131219983245754,0.0555057199081231,-2.36408037699464,0.0180748906171512,0.0799372121834239,"FAM76A"
"ENSG00000009790.15",397.362679864492,-0.388006389344306,0.116699119023233,-3.32484420269753,0.000884679563145664,0.0101006984553527,"TRAF3IP3"
"ENSG00000009830.12",1055.90300923998,0.0958147043645048,0.0637193381912586,1.50369898816132,0.132658889887428,0.293294087813236,"POMT2"
"ENSG00000009844.16",1907.82298105533,0.0605887209482298,0.0573989182020257,1.05557252377087,0.291163559430709,0.48356454121308,"VTA1"
"ENSG00000009950.16",142.336919271627,-0.0383522122440783,0.170352976229414,-0.225133796267989,0.82187519014995,0.902697770168005,"MLXIPL"
"ENSG00000009954.11",5296.96711246633,-0.000955612415248262,0.0574050199205071,-0.0166468440664522,0.986718353565378,0.993307169128322,"BAZ1B"
"ENSG00000010017.13",2170.15384596407,-0.0280938805591463,0.0574204241992946,-0.48926633599289,0.624653150919978,0.77296329134283,"RANBP9"
"ENSG00000010030.14",529.204780455256,0.122390757409749,0.115163957114096,1.06275227490224,0.287894307680948,0.480420288989114,"ETV7"
"ENSG00000010072.16",641.148580714143,-0.00809237236365244,0.0537771525085391,-0.150479748111756,0.880386127464348,0.936085058178032,"SPRTN"
"ENSG00000010165.20",2038.56286175204,0.101420424873081,0.0559239146992401,1.81354301497888,0.0697481104534148,0.193574845058815,"EEF1AKNMT"
"ENSG00000010219.13",561.926723076016,0.0271253352522413,0.078713403466096,0.344608847512545,0.730388453447356,0.845596647098891,"DYRK4"
"ENSG00000010244.19",6496.63546238364,-0.00812600059747089,0.0510540540608494,-0.159164649055799,0.87353915473333,0.932437931341351,"ZNF207"
"ENSG00000010256.11",6005.36615274905,0.194811322811468,0.0743147730580527,2.62143467301295,0.00875605417456706,0.0491169201026879,"UQCRC1"
"ENSG00000010270.14",2296.93537798464,0.150396469063484,0.0783764305331472,1.91889918997878,0.0549970931760871,0.165611749445318,"STARD3NL"
"ENSG00000010278.15",17404.8108423642,-0.0686297491660419,0.104230812844735,-0.658440122387557,0.510255360924459,0.685328857965871,"CD9"
"ENSG00000010282.15",14.7584623995611,-1.25929658682369,0.296161226404595,-4.25206433033649,2.11808993508648e-05,0.000696181718600342,"HHATL"
"ENSG00000010292.13",4053.2310802711,0.139529280169466,0.101919425321714,1.36901557018238,0.170994407922212,0.344983445821974,"NCAPD2"
"ENSG00000010295.20",560.364724402956,-0.00392054533614367,0.104131881139751,-0.0376498080437258,0.969966894973622,0.984940237254665,"IFFO1"
"ENSG00000010310.9",235.534431056687,-0.385519576813275,0.143905824724223,-2.67897131719354,0.0073848719490034,0.0437028638830266,"GIPR"
"ENSG00000010318.21",160.093730531956,-0.0526382721142829,0.0620375226838502,-0.848490878375867,0.396164650294183,0.586695863273175,"PHF7"
"ENSG00000010319.7",726.433378113201,-0.318737468750188,0.178942094238345,-1.78123247135825,0.0748744810513609,0.202798250703137,"SEMA3G"
"ENSG00000010322.16",3628.65011987536,-0.189294100063535,0.0654518427212677,-2.89211261583055,0.00382660757000057,0.0278711979496891,"NISCH"
"ENSG00000010327.10",3117.41680075444,0.0103877841109517,0.107750181126727,0.0964061869996709,0.923197978499102,0.959601320579788,"STAB1"
"ENSG00000010361.14",480.686212655709,-0.0282086656432288,0.0779783280633076,-0.361750070100596,0.717538806873142,0.837535304744505,"FUZ"
"ENSG00000010379.16",20.7336061445799,-0.405185232075965,0.217874376148878,-1.85971952846393,0.0629252176468355,0.18117869680153,"SLC6A13"
"ENSG00000010404.18",500.748132917722,0.121747256948009,0.0917578770250909,1.32683166715722,0.184564372579754,0.362289876049591,"IDS"
"ENSG00000010438.17",137.930710162554,2.02847531521132,0.299501588494593,6.7728365829617,1.26281567619336e-11,1.16785895298626e-08,"PRSS3"
"ENSG00000010539.12",454.065998932779,0.0751666803868302,0.0491763010206396,1.52851432146721,0.126384890505036,0.284556174990475,"ZNF200"
"ENSG00000010610.10",5385.31434046571,-0.002908025970844,0.109754828949787,-0.026495653983247,0.978862000002657,0.989442042872407,"CD4"
"ENSG00000010626.15",675.366334285989,-0.273530748231609,0.107235837476231,-2.55074007597728,0.0107494460928825,0.0563149187679522,"LRRC23"
"ENSG00000010671.16",729.825163924884,-0.110736593654039,0.119381760318678,-0.927583856683283,0.353623474820206,0.547182856813028,"BTK"
"ENSG00000010704.18",892.916654233102,0.0832809240805077,0.0839297184896773,0.992269789285075,0.321065936334212,0.514846749753151,"HFE"
"ENSG00000010803.16",1550.7463567975,-0.129462052496386,0.0608927736618526,-2.1260659469268,0.0334977688616507,0.119213385217631,"SCMH1"
"ENSG00000010810.17",2175.29381591038,-0.213758171737212,0.0885575243936679,-2.41377763437679,0.0157880944682041,0.072842714679867,"FYN"
"ENSG00000010818.10",2082.16540682679,0.0772846037068223,0.0815863527669911,0.94727366876597,0.343499344700628,0.536831605084636,"HIVEP2"
"ENSG00000010932.17",165.048434479714,0.0423034540731104,0.16443238438336,0.257269601920285,0.796970656993821,0.888073154555811,"FMO1"
"ENSG00000011007.12",3150.34724552148,-0.078770867666399,0.0523449690440956,-1.50484123125648,0.132364900499855,0.293026440078574,"ELOA"
"ENSG00000011009.11",3755.9910399069,0.12463201792161,0.0819335359230153,1.52113559505981,0.128225813598268,0.287282773359835,"LYPLA2"
"ENSG00000011021.23",976.367199008892,-0.215408884982636,0.0700037782258736,-3.07710369985459,0.00209022570777586,0.0184148940166662,"CLCN6"
"ENSG00000011028.14",6263.38282619079,0.0424698175085606,0.106330043343836,0.399415030531186,0.689587420742651,0.818336624444309,"MRC2"
"ENSG00000011083.9",8.98623498177624,0.187441547267256,0.154620543072804,1.21226806957338,0.22540978239843,0.410624200338746,"SLC6A7"
"ENSG00000011105.14",2542.08258777341,-0.0678286942277008,0.092668728733131,-0.731948038512917,0.464200283684565,0.646128008602346,"TSPAN9"
"ENSG00000011114.15",1922.08376093529,-0.0264229731064487,0.0630529944966621,-0.419059765795064,0.675172454151208,0.80907448857417,"BTBD7"
"ENSG00000011132.12",608.356360845509,0.0930468874567331,0.0627208586772993,1.48350786993307,0.137939527071325,0.300165847312772,"APBA3"
"ENSG00000011143.19",719.561731346012,-0.0933253149538532,0.0555121783534162,-1.68116830796481,0.0927302274114747,0.233242178184806,"MKS1"
"ENSG00000011198.10",1533.1820367997,0.118227263148093,0.0650236756673265,1.81821870164594,0.069030712719808,0.192466252288801,"ABHD5"
"ENSG00000011201.12",2583.10615775892,-0.216586565580786,0.181141622141136,-1.19567531206071,0.231823289133212,0.418496919859373,"ANOS1"
"ENSG00000011243.18",1065.34548063435,-0.0676967816047515,0.0583606002002719,-1.15997404708727,0.246059372802692,0.43516890829854,"AKAP8L"
"ENSG00000011258.16",1131.46927238364,-0.2188013188519,0.0691651104171129,-3.16346373962795,0.00155903771635363,0.0149754883700408,"MBTD1"
"ENSG00000011260.14",1742.38404800491,0.0702095183120365,0.0556276150842358,1.26213425122971,0.206900482355404,0.388408142389265,"UTP18"
"ENSG00000011275.19",2718.06342333098,0.135010142377627,0.0521253776898742,2.59010386804073,0.00959469773019647,0.052161376801344,"RNF216"
"ENSG00000011295.16",2087.70091191562,-0.0696486963746335,0.0595516325531012,-1.16955141930877,0.242181537236713,0.430575131860616,"TTC19"
"ENSG00000011304.22",11464.5172741257,0.158559441026895,0.0523912575906006,3.026448463328,0.00247444999037993,0.0207354300351672,"PTBP1"
"ENSG00000011332.19",35.5717044973515,-0.05576051468683,0.160284384834357,-0.347884884385055,0.727926637595107,0.843815514627232,"DPF1"
"ENSG00000011347.10",2891.01560109761,-0.0198149376370784,0.178103405133238,-0.111255243111466,0.911413945821511,0.952856162607491,"SYT7"
"ENSG00000011376.12",980.822551594921,0.0820046188802448,0.0477746868149554,1.71648679138121,0.0860729834611678,0.222279540674268,"LARS2"
"ENSG00000011405.13",2987.36247335361,-0.19327258002646,0.0701842202159126,-2.75378966143504,0.00589096148633058,0.0375148777284629,"PIK3C2A"
"ENSG00000011422.12",4222.35878828873,0.506612904501949,0.115539437716167,4.38476172738948,1.16112802245194e-05,0.000446906765913207,"PLAUR"
"ENSG00000011426.11",2205.25284710386,0.560736239664191,0.165371867662157,3.39075955052847,0.000696992221511846,0.00853123604073304,"ANLN"
"ENSG00000011451.21",2084.87656986004,0.0711698750232584,0.0668313721485653,1.06491715993873,0.286913418921393,0.479363101375016,"WIZ"
"ENSG00000011454.18",2681.82631784079,-0.118525835951206,0.051614003396133,-2.29638912218319,0.0216536423797563,0.0895935189395202,"RABGAP1"
"ENSG00000011465.18",22503.9179686703,-0.112081451359368,0.135904800466998,-0.824705609913942,0.409538745988167,0.598777983847176,"DCN"
"ENSG00000011478.13",670.549749631902,0.0489398100421819,0.0838116921745704,0.583925807633686,0.559270229136017,0.723238832341247,"QPCTL"
"ENSG00000011485.15",2378.1451939807,0.124163634808247,0.059063416211387,2.1022088252374,0.0355349870765641,0.124193399615794,"PPP5C"
"ENSG00000011523.14",1156.98716858805,-0.052641779576995,0.0592059441933072,-0.889129973252682,0.373933231971801,0.565828519772619,"CEP68"
"ENSG00000011566.15",2016.93628302437,0.00716386644124997,0.0587879028414205,0.121859533934633,0.903010263957164,0.948375633769706,"MAP4K3"
"ENSG00000011590.14",52.0904482339378,-0.118523282731643,0.11849257854009,-1.00025912333018,0.317185123590129,0.511035826543078,"ZBTB32"
"ENSG00000011600.12",4219.46897499204,0.159695727447026,0.139095981333248,1.14809734915652,0.250928378388804,0.440945767006146,"TYROBP"
"ENSG00000011638.11",2752.43832777242,0.0374490751480823,0.102117742223959,0.366724472481493,0.713824550099716,0.834679818987509,"TMEM159"
"ENSG00000011677.13",111.788834248227,0.03739786485256,0.40272414248391,0.0928622372175121,0.926013006404072,0.961266868988862,"GABRA3"
"ENSG00000012048.23",796.505955218261,0.0882124541811376,0.113761836338356,0.775413416488565,0.438095409790692,0.623525584736727,"BRCA1"
"ENSG00000012061.16",1779.21923369217,0.242946149252139,0.0625749171364949,3.88248455402985,0.000103394585872112,0.0022498797042093,"ERCC1"
"ENSG00000012124.17",412.546291530973,-0.439297073333151,0.15467872583321,-2.84006136569062,0.00451048561223477,0.0312198747376574,"CD22"
"ENSG00000012171.20",2029.96084519254,-0.117947425510594,0.176072222602371,-0.669880937306948,0.50293369262201,0.679009886326874,"SEMA3B"
"ENSG00000012174.12",1246.48524334165,0.171546912052229,0.0623604113236601,2.75089449237072,0.00594327822007119,0.0377469595156105,"MBTPS2"
"ENSG00000012211.13",571.292317268515,0.236319141728375,0.081059445314828,2.91538069142383,0.0035525490869762,0.0265488253092478,"PRICKLE3"
"ENSG00000012223.13",4496.55000514323,-0.41902329155259,0.227055220742384,-1.84546864935562,0.0649693949155061,0.185032169796574,"LTF"
"ENSG00000012232.9",2354.44740642319,0.112012265812726,0.0713304455808854,1.57032897944972,0.116338595597842,0.269276710555215,"EXTL3"
"ENSG00000012504.15",9.28593344164084,0.294808710223152,0.318831032477273,0.924655005921251,0.355145390886097,0.548792187434779,"NR1H4"
"ENSG00000012660.14",6422.28631068844,0.120643366820675,0.0662346273925932,1.8214546011648,0.0685377817400534,0.191524959499043,"ELOVL5"
"ENSG00000012779.11",2838.51206855019,0.0354564193887518,0.134403224709043,0.263806314658804,0.791929168504178,0.884754959966765,"ALOX5"
"ENSG00000012817.16",776.062219860623,-0.278224329899983,0.426746605759202,-0.651966122624477,0.51442302707802,0.688675826257112,"KDM5D"
"ENSG00000012822.16",3700.98035282418,-0.168824697470334,0.0842559656460748,-2.00371209534881,0.0451009098584607,0.145840367652147,"CALCOCO1"
"ENSG00000012963.15",1610.8361036574,8.09464513253629e-05,0.0549072770646487,0.00147423903811612,0.998823727858635,0.999244633738068,"UBR7"
"ENSG00000012983.11",2133.40139286599,-0.110671486396393,0.0620248099197111,-1.78430996466822,0.0743733119442525,0.201802010966585,"MAP4K5"
"ENSG00000013016.16",745.592641226853,0.0829517750240215,0.0893343606357894,0.928553967741603,0.353120287127482,0.546709157335159,"EHD3"
"ENSG00000013275.8",4193.1513389581,0.194523666854245,0.0764018568208906,2.54605941463266,0.0108946643342632,0.0568431373892216,"PSMC4"
"ENSG00000013288.9",3746.16778822606,0.112155166748319,0.0677708195829472,1.65491825889826,0.0979410799570751,0.241233437523926,"MAN2B2"
"ENSG00000013293.6",2.45616207860894,-0.842350737457154,0.265448000352195,-3.17331732143217,0.00150707709035684,0.0146240505885311,"SLC7A14"
"ENSG00000013297.12",243.267245894299,-0.151590124588743,0.174155756854291,-0.870428444783321,0.384066307544718,0.575595294280877,"CLDN11"
"ENSG00000013306.16",7768.13355955491,0.145888873025091,0.0898932215469583,1.62291294621009,0.104608015647926,0.251753882427438,"SLC25A39"
"ENSG00000013364.19",16139.056414975,0.124441581566873,0.0923739383141745,1.3471503309043,0.177931820968705,0.353897133371833,"MVP"
"ENSG00000013374.16",3565.53289005063,0.0255736612541292,0.0509250810098087,0.502182043641785,0.615539472696842,0.765988397830908,"NUB1"
"ENSG00000013375.16",1827.67427192958,0.0148026132652834,0.0660541240572148,0.224098244834217,0.82268085817386,0.902877401414509,"PGM3"
"ENSG00000013392.8",387.758318992358,-0.0921249669623298,0.0635497799248247,-1.44965044837775,0.147156020285808,0.313209043624426,"RWDD2A"
"ENSG00000013441.16",3212.33713120524,-0.265709522878099,0.0733194873393946,-3.62399591868577,0.000290086183684577,0.0046769197643635,"CLK1"
"ENSG00000013503.10",523.158642435322,-0.0353316835099225,0.0533113322199547,-0.662742460911484,0.507495510448169,0.682999758644632,"POLR3B"
"ENSG00000013523.11",1218.66865768071,-0.114310553511996,0.0580594941000909,-1.96885204192328,0.0489700841036318,0.153614696658057,"ANGEL1"
"ENSG00000013561.18",2082.92768139722,0.111856322721887,0.0594875009737597,1.88033319421549,0.0600626820587296,0.175856729731887,"RNF14"
"ENSG00000013563.14",531.603506911873,0.146060006302662,0.0741693660075591,1.96927672656358,0.0489213222526483,0.153537447750726,"DNASE1L1"
"ENSG00000013573.17",1196.0258015475,0.0384490446019263,0.117521658183245,0.327165606717145,0.743542632566993,0.853907032288821,"DDX11"
"ENSG00000013583.10",1781.7491064322,0.106107455013506,0.0703335067087712,1.50863308227845,0.131392575069121,0.291663391739716,"HEBP1"
"ENSG00000013588.9",30995.1681095423,0.160448008893009,0.145102016828473,1.10576001905388,0.268830404204154,0.460602433565735,"GPRC5A"
"ENSG00000013619.14",334.705087682607,0.0638262410695186,0.125197403558347,0.50980483025571,0.610188201352094,0.762002842746258,"MAMLD1"
"ENSG00000013725.14",695.349724587642,-0.246059087300145,0.115057597243788,-2.13857314244783,0.0324702545820241,0.116578473611488,"CD6"
"ENSG00000013810.20",2330.89828921104,0.320714670544426,0.110690123021861,2.89741001083798,0.00376257664202908,0.0275676637638808,"TACC3"
"ENSG00000014123.10",1950.98639078004,-0.0285713308698717,0.0466913183654992,-0.611919557426407,0.540590981317992,0.708646090754272,"UFL1"
"ENSG00000014138.9",235.830314742264,0.0542557993104487,0.085242794942446,0.636485457182405,0.524460056803296,0.696567146892413,"POLA2"
"ENSG00000014164.7",1473.82915286091,0.122757348424575,0.0809756067585102,1.51597935895274,0.129524571782923,0.289146423799516,"ZC3H3"
"ENSG00000014216.16",12430.5583807748,0.197176269179738,0.0765589272698662,2.57548369878149,0.0100099991621134,0.0537954644236065,"CAPN1"
"ENSG00000014257.16",339.623256774626,-0.230565263335244,0.109683288848051,-2.10210019918946,0.0355444994468154,0.124193421487929,"ACP3"
"ENSG00000014641.21",4924.67283475901,0.150963218070499,0.0602211657611825,2.50681328005455,0.0121825047288253,0.061129183110291,"MDH1"
"ENSG00000014824.14",3503.20151067095,0.0498116238483524,0.0521523501284609,0.955117530191009,0.33951826481393,0.532900235152605,"SLC30A9"
"ENSG00000014914.21",1174.02215678478,0.174986855079325,0.120713845011849,1.44960054136415,0.14716994497069,0.313209043624426,"MTMR11"
"ENSG00000014919.13",1448.15622735478,0.07014474983093,0.0532463684360293,1.31736213926406,0.187717265391088,0.36597007183144,"COX15"
"ENSG00000015133.19",2638.87002772007,-0.165865758289978,0.0884287884435263,-1.87569864078717,0.0606966726672793,0.177105549790686,"CCDC88C"
"ENSG00000015153.15",737.906957520027,-0.0781269415791936,0.0767267410720546,-1.01824918519378,0.308559550458363,0.502316420390704,"YAF2"
"ENSG00000015171.20",3879.06825482874,-0.107323124911576,0.0577888511205248,-1.85715969136923,0.0632884378701233,0.181925641422807,"ZMYND11"
"ENSG00000015285.11",803.390300864895,0.0104284722598571,0.108110222636318,0.0964614816763291,0.923154064395021,0.959601320579788,"WAS"
"ENSG00000015413.9",113.344755083434,-0.125796741272492,0.187324028928935,-0.671546207882469,0.50187263321074,0.678130503614855,"DPEP1"
"ENSG00000015475.19",1488.11702657055,0.348629852341084,0.0858936798564353,4.05885337458812,4.93142645442918e-05,0.00130303159481993,"BID"
"ENSG00000015479.20",114.530179837977,-0.413033752423255,0.117974999108469,-3.50102780711616,0.000463467482170942,0.00641742151941992,"MATR3"
"ENSG00000015520.15",114.659942920529,-0.264827089296663,0.257451492589845,-1.02864849076081,0.303644882813761,0.496875611262318,"NPC1L1"
"ENSG00000015532.10",2076.33178831952,0.0658866922604647,0.0710889341708659,0.926820651187464,0.354019660882517,0.547484447671372,"XYLT2"
"ENSG00000015568.13",2.64456425106171,-0.454113449071934,0.255414022152291,-1.77795034605096,0.0754120103567104,0.203845508180364,"RGPD5"
"ENSG00000015676.18",4691.38770271597,0.24599012129959,0.0558533620796631,4.40421332110208,1.06168433985357e-05,0.000417809181167198,"NUDCD3"
"ENSG00000016082.15",52.8234886192614,-1.82754120384812,0.383610340019633,-4.76405616114149,1.89739657962839e-06,0.000119751545965459,"ISL1"
"ENSG00000016391.11",744.409877816703,-0.116073022429114,0.115048088429254,-1.00890874428122,0.313018401174676,0.507086372555851,"CHDH"
"ENSG00000016402.13",514.290559724354,0.103999149800854,0.166052826114289,0.62630159470622,0.531117140556293,0.701043316257896,"IL20RA"
"ENSG00000016490.16",4.417272896682,-2.02741328707202,0.468214446161585,-4.33009554423773,1.49044659919047e-05,0.000531278786154695,"CLCA1"
"ENSG00000016602.9",9.35107546347234,-1.42314527106972,0.273781748867268,-5.19810132325391,2.0133438261371e-07,2.41116028789865e-05,"CLCA4"
"ENSG00000016864.18",2001.42339307851,-0.0134369748443574,0.0402242712436772,-0.334051417935123,0.738340759100683,0.850690179475023,"GLT8D1"
"ENSG00000017260.20",6056.11432571612,-0.0746637854207008,0.0692779160687987,-1.07774294692343,0.281148486849392,0.473674664630485,"ATP2C1"
"ENSG00000017427.17",117.503220539302,-0.232289570476454,0.156389330903306,-1.48532875698583,0.137456757722023,0.299675714415513,"IGF1"
"ENSG00000017483.15",946.256572607587,0.193849039557586,0.135079713231295,1.4350714472251,0.151266738987107,0.318986607067732,"SLC38A5"
"ENSG00000017797.13",3823.54662779706,0.216787457689691,0.0606164422509007,3.5763804281415,0.000348384557662906,0.00531990222764548,"RALBP1"
"ENSG00000018189.13",2136.0536031179,-0.269855127740187,0.0745733803294161,-3.61865221273523,0.00029614130102276,0.00474924486269304,"RUFY3"
"ENSG00000018236.15",636.67187192013,-0.0468787573646148,0.228340918546602,-0.205301606313051,0.837336489132548,0.911335636430404,"CNTN1"
"ENSG00000018280.17",1923.80951531764,-0.0110488039881124,0.138336539474555,-0.0798690210849511,0.936341428686739,0.966713653526456,"SLC11A1"
"ENSG00000018408.15",4588.49995174794,0.0156177533208123,0.088690885344796,0.176091976758339,0.860221684054845,0.925023187855503,"WWTR1"
"ENSG00000018510.17",2877.72276046205,0.130637010852392,0.0542882901469727,2.40635707071861,0.0161125075526294,0.0738078702960258,"AGPS"
"ENSG00000018610.15",1102.93805364481,-0.0671667085376929,0.0482050141978581,-1.39335522777789,0.163512397581088,0.335024817075952,"CXorf56"
"ENSG00000018625.15",134.037711303568,-0.217817008716533,0.200600564143906,-1.08582450725451,0.277556641631425,0.470239194656766,"ATP1A2"
"ENSG00000018699.13",923.877679259169,0.11987081329661,0.0549172302855686,2.18275416792297,0.0290539185090543,0.10836942247391,"TTC27"
"ENSG00000018869.17",65.935718767907,0.0201375871027222,0.0953662726408529,0.211160471570069,0.832762054383328,0.908753058985353,"ZNF582"
"ENSG00000019102.12",1206.50774757426,0.114737983362339,0.208102593980534,0.55135297051161,0.581391733200875,0.739947053536326,"VSIG2"
"ENSG00000019144.19",2704.78372148412,-0.0531197102250801,0.0768743016918034,-0.690994377263317,0.489569074546242,0.667947936524559,"PHLDB1"
"ENSG00000019169.10",4528.8012096485,0.223392762516809,0.219636954479649,1.01710007337362,0.309105825406183,0.502940048123312,"MARCO"
"ENSG00000019186.10",3452.91967873751,0.522770934946925,0.265972603319501,1.96550670415834,0.0493556204939351,0.154364432164724,"CYP24A1"
"ENSG00000019485.13",498.538347802704,-0.108571425200989,0.0915889033598936,-1.18542117241391,0.235850964629149,0.423228853923816,"PRDM11"
"ENSG00000019505.8",578.995897535642,0.704519431952705,0.340490518137655,2.06913084043027,0.0385338103910089,0.131230382579265,"SYT13"
"ENSG00000019549.13",657.769842628028,0.778861993070814,0.15153304754559,5.13988206326074,2.74910964136215e-07,2.94296164919196e-05,"SNAI2"
"ENSG00000019582.15",178793.837665766,-0.0272403461233407,0.128771958053832,-0.211539426246459,0.832466370520745,0.908668662461793,"CD74"
"ENSG00000019991.18",793.875792290761,-0.743772700313628,0.152527322003811,-4.87632438924642,1.08080818662792e-06,7.94334369920607e-05,"HGF"
"ENSG00000019995.6",580.269852849211,-0.0495565293895418,0.0630244647528236,-0.786306231776789,0.431688102459642,0.617786794841337,"ZRANB1"
"ENSG00000020129.16",1629.09617617561,0.0234538877916266,0.0685963503930448,0.341911598171623,0.732417421023996,0.846885465153055,"NCDN"
"ENSG00000020181.18",1228.79174366577,0.0732583017540717,0.107907400527694,0.67889969914779,0.497201416358971,0.674132631025828,"ADGRA2"
"ENSG00000020256.20",855.506747371545,0.095496318707987,0.0622682990197366,1.53362658385318,0.125121544464522,0.282566107258568,"ZFP64"
"ENSG00000020426.11",593.530468970347,-0.0822413903527914,0.0673190681005466,-1.22166560936282,0.221834106561287,0.406434240808978,"MNAT1"
"ENSG00000020577.14",1652.85793583509,0.125801458718275,0.120349741409513,1.04529895324171,0.29588482131024,0.488538650857064,"SAMD4A"
"ENSG00000020633.19",941.328626868695,-0.0291367905460351,0.109527192178133,-0.266023349696096,0.790221226298784,0.883795864255759,"RUNX3"
"ENSG00000020922.13",1271.95634713036,-0.15176060206275,0.0561166915714981,-2.70437543292074,0.00684329223430072,0.0415375986064857,"MRE11"
"ENSG00000021300.14",1605.42336688035,-0.369287909986744,0.135780529924004,-2.71974126329771,0.00653330148914243,0.0402355172915315,"PLEKHB1"
"ENSG00000021355.13",10204.8174553967,0.208011818865947,0.105690588788513,1.96812054176535,0.0490541698448656,0.153723689443252,"SERPINB1"
"ENSG00000021488.13",27.8079842401984,-0.486701634863612,0.21476880050632,-2.26616544729126,0.0234412553279686,0.0942605403267586,"SLC7A9"
"ENSG00000021574.13",1401.04441569969,-0.0351430399933223,0.062375179958441,-0.563413845326575,0.573153111465064,0.733668597024352,"SPAST"
"ENSG00000021645.20",393.73818167837,-0.845837875284282,0.156652624259558,-5.39944912689627,6.68458357634142e-08,1.03511553956807e-05,"NRXN3"
"ENSG00000021762.20",1540.89307882282,0.184766929267733,0.107188674703968,1.72375420983624,0.0847522241293697,0.219938084453781,"OSBPL5"
"ENSG00000021776.11",2338.33068116647,0.000576331969784343,0.0524500353206978,0.01098820937413,0.991232853815161,0.995779107512392,"AQR"
"ENSG00000021826.17",8274.26213438124,0.879796727698138,0.360901510712045,2.43777513139896,0.0147779636493312,0.0696197458295154,"CPS1"
"ENSG00000021852.13",144.98975899781,-0.0590519232748674,0.296526844531364,-0.199145286047184,0.842149097471174,0.91414267229982,"C8B"
"ENSG00000022267.19",3192.07790673363,-0.0794224245639966,0.202461340977466,-0.392284394544419,0.694848092833143,0.821767523522924,"FHL1"
"ENSG00000022277.13",2926.47840170056,0.0637668854089096,0.0527678388133068,1.20844224139096,0.226877199955306,0.4124848524526,"RTF2"
"ENSG00000022355.18",1.47910631401738,-1.38943761414461,0.481142505390221,-2.88778812634259,0.00387961102909,0.0281341515991055,"GABRA1"
"ENSG00000022556.16",1137.95185555545,0.343708606074849,0.231868638609206,1.48234193350373,0.138249335900858,0.300537717280266,"NLRP2"
"ENSG00000022567.10",2011.79399594396,0.278929532554303,0.10860770304465,2.56822973633493,0.0102219386102833,0.0544771893952557,"SLC45A4"
"ENSG00000022840.16",7231.9371635086,0.067868568013098,0.0481920571283587,1.40829364955995,0.159044135316222,0.329376486506778,"RNF10"
"ENSG00000022976.15",361.727899483523,-0.00829930627329818,0.066056623980686,-0.125639273901203,0.900017473189881,0.946798588691567,"ZNF839"
"ENSG00000023041.11",1781.60294240616,0.00952224783693844,0.0462521138118743,0.205877030305452,0.836886968255717,0.91109335922124,"ZDHHC6"
"ENSG00000023171.18",581.545083501237,0.578163933618038,0.182401039049225,3.16974035143522,0.00152575211868452,0.0147493801647397,"GRAMD1B"
"ENSG00000023191.17",7943.48749984081,0.0848036875426022,0.0748787592649732,1.13254664440296,0.257404685804142,0.448250631601019,"RNH1"
"ENSG00000023228.14",3966.01073161132,0.00823375630991151,0.0544791070304352,0.151136036523353,0.879868405958712,0.93577366597187,"NDUFS1"
"ENSG00000023287.13",3346.64461752266,-0.095386848034271,0.0669314358918754,-1.42514271154087,0.154115952393303,0.322825116586777,"RB1CC1"
"ENSG00000023318.8",3702.57887788208,0.0234117363783018,0.0508336053828303,0.460556283623538,0.645116982021029,0.786994968393468,"ERP44"
"ENSG00000023330.15",3339.12854892106,-0.0123010058279096,0.0645946533241201,-0.190433808293485,0.848969207190641,0.918222721557988,"ALAS1"
"ENSG00000023445.16",4909.35430960721,0.552087388725227,0.145360664060596,3.79805219172004,0.000145837619819245,0.00286621716448768,"BIRC3"
"ENSG00000023516.9",2704.23591070356,-0.13055954370353,0.0762667601731462,-1.71188003013533,0.086918779564502,0.223717582376572,"AKAP11"
"ENSG00000023572.10",780.777451587048,0.0455673384574151,0.0542893565428619,0.839342025014412,0.401277406893269,0.59145904916671,"GLRX2"
"ENSG00000023608.5",446.062913297508,0.0945151684051997,0.0720158120374452,1.3124224490596,0.189377636494115,0.367978852095165,"SNAPC1"
"ENSG00000023697.13",2180.10632325135,0.163189012754585,0.0847780253258841,1.92489754423144,0.0542421772111851,0.164238831752243,"DERA"
"ENSG00000023734.11",5314.5237894317,0.151837518218597,0.0836921608133857,1.814238236209,0.0696410558299028,0.19343898479434,"STRAP"
"ENSG00000023839.12",1090.41865594602,1.10338469645629,0.305286450881146,3.61426028987396,0.000301206345231217,0.00480962247087909,"ABCC2"
"ENSG00000023892.11",1151.7250119472,-0.0185689671124709,0.0780857578008113,-0.237802227133896,0.812034491213924,0.896909783409361,"DEF6"
"ENSG00000023902.14",2380.21312188124,0.0855712514779399,0.0916129094592032,0.934052329339527,0.350276900376722,0.543900417156019,"PLEKHO1"
"ENSG00000023909.10",2627.26259797355,0.126219539538796,0.135591937643276,0.93087791009273,0.351916722367987,0.545458142146886,"GCLM"
"ENSG00000024048.11",2702.2069199941,-0.0838878876237312,0.0517840628436248,-1.6199556971235,0.105241794046185,0.252571306557121,"UBR2"
"ENSG00000024422.12",8127.297751963,0.111669620743155,0.121543540496031,0.918762282943382,0.358219924480496,0.551241681208341,"EHD2"
"ENSG00000024526.17",455.727891010535,0.218992709128197,0.167911872795862,1.30421217679131,0.192161249250143,0.371359294253926,"DEPDC1"
"ENSG00000024862.18",1103.57095602686,-0.104815729685613,0.0780256692426651,-1.3433493195634,0.179158889187592,0.355234166977697,"CCDC28A"
"ENSG00000025039.15",1317.52767707996,-0.0925854288747576,0.10219512590063,-0.905967168774601,0.364953230102066,0.557715408509505,"RRAGD"
"ENSG00000025156.13",632.286782436492,-0.163129008002393,0.0551131022599003,-2.9598952211602,0.00307743688611724,0.0240622607443638,"HSF2"
"ENSG00000025293.17",2342.38463612353,-0.0124475916108783,0.0499271737092782,-0.249314965901326,0.803117155648166,0.89174824783199,"PHF20"
"ENSG00000025423.11",1389.91849934733,-0.307608303518516,0.204679286022588,-1.50287950234773,0.13287011965612,0.293643964189412,"HSD17B6"
"ENSG00000025434.19",1440.43853683093,-0.0509343713096446,0.0873447735686308,-0.583141603425454,0.559797978928665,0.723727786630072,"NR1H3"
"ENSG00000025708.14",5231.7522842947,0.135765207424673,0.0988766862397419,1.3730760261877,0.169728713090764,0.343074375868545,"TYMP"
"ENSG00000025770.19",2023.51885157998,0.076368717079296,0.0724105352326122,1.05466306572612,0.291579449403892,0.483981878505793,"NCAPH2"
"ENSG00000025772.8",1822.66380857237,0.119610841165479,0.078218854562722,1.52918170221433,0.126219405387116,0.284318177506986,"TOMM34"
"ENSG00000025796.14",4508.34538042289,-0.0521404996749784,0.0487315123790855,-1.06995447359348,0.284639801551216,0.477261931559459,"SEC63"
"ENSG00000025800.14",3839.10842767445,-0.0148169147748415,0.0475456094556106,-0.311635815472612,0.755317311956708,0.861338560266302,"KPNA6"
"ENSG00000026025.16",22010.2762372317,0.31360764273721,0.109674525327054,2.85943925266164,0.00424390691630506,0.0299303816256175,"VIM"
"ENSG00000026036.22",109.797293119029,-0.324296613093645,0.138004243444275,-2.34990319862586,0.0187782939417163,0.0818091782519708,"RTEL1-TNFRSF6B"
"ENSG00000026103.22",1196.16894143486,0.11403369813025,0.117841957250441,0.967683334450238,0.333202543759915,0.526772984918507,"FAS"
"ENSG00000026297.16",1505.41517506307,0.17062433417957,0.0977622702890083,1.74529840269834,0.0809329398442138,0.213662704482865,"RNASET2"
"ENSG00000026508.20",18037.2804566833,0.128585540567215,0.108741406409124,1.18248921743232,0.237011641412839,0.424539974030483,"CD44"
"ENSG00000026559.14",23.0445780947588,1.12570800852391,0.215056586210779,5.23447353256408,1.65455777244158e-07,2.0943054165986e-05,"KCNG1"
"ENSG00000026652.15",535.962964619,-0.0424329217604213,0.113040745685885,-0.375377227945162,0.707379938237599,0.830388514806672,"AGPAT4"
"ENSG00000026751.17",2134.23405502776,-0.140591071361659,0.142695331158001,-0.985253478307487,0.324499577956443,0.518032339913875,"SLAMF7"
"ENSG00000026950.17",2599.50034615634,-0.0156964571546835,0.0773850408551058,-0.202835806264846,0.839263370268624,0.912364663680821,"BTN3A1"
"ENSG00000027001.10",734.023292643085,0.0615044140323261,0.0654683611449785,0.939452476840312,0.347498480894854,0.541284131819318,"MIPEP"
"ENSG00000027075.15",1580.06862709281,-0.0932592126737452,0.0791138565404227,-1.17879745409826,0.238478838357558,0.426051258834954,"PRKCH"
"ENSG00000027644.5",7.18775376815981,0.0976235962198551,0.209581008612024,0.465803637774144,0.641356060974958,0.784229184611706,"INSRR"
"ENSG00000027697.15",6218.45048481497,0.0064314622608499,0.0933510626520129,0.0688954370538301,0.945072850594458,0.971540493263796,"IFNGR1"
"ENSG00000027847.14",1371.44788391433,0.183089084436608,0.0696853497088182,2.6273683808957,0.00860481233093374,0.0485230380985395,"B4GALT7"
"ENSG00000027869.12",337.48122371417,0.0916898072014512,0.111125905910903,0.825098400322286,0.409315727841401,0.598767455820719,"SH2D2A"
"ENSG00000028116.18",685.053391478597,0.128024713174292,0.0654057964976908,1.95739093520269,0.0503015234289264,0.156293851565026,"VRK2"
"ENSG00000028137.19",2971.30529077966,0.0281609720114993,0.095309396003084,0.295469000879914,0.767635629523735,0.869579376780742,"TNFRSF1B"
"ENSG00000028203.18",4188.96611105755,-0.0186985637677075,0.0581359691290742,-0.321635022995708,0.747729208040129,0.856705503588686,"VEZT"
"ENSG00000028277.21",604.784747549138,-0.173014515239483,0.120314633021986,-1.43801722944097,0.150429165602843,0.317761449807465,"POU2F2"
"ENSG00000028310.18",2271.81723971416,0.0282782273872762,0.0714797481240727,0.395611738001533,0.692391476464643,0.820090624292952,"BRD9"
"ENSG00000028528.15",5105.43751462541,-0.138821639417382,0.0549779259840993,-2.52504322293882,0.0115684060070509,0.0590716167473537,"SNX1"
"ENSG00000028839.10",507.269066384649,-0.136751679615023,0.0691433549118076,-1.97779930970156,0.0479513514089948,0.151565968143897,"TBPL1"
"ENSG00000029153.14",1781.75629902029,0.724362184143605,0.17620775969108,4.11084157368282,3.9421962826578e-05,0.00110460981707117,"ARNTL2"
"ENSG00000029363.17",4984.24589298662,-0.106112228350893,0.0461443460874326,-2.29957161273529,0.0214725018874134,0.0890377388638254,"BCLAF1"
"ENSG00000029364.12",4427.24510568729,0.000793953147897322,0.0522975964333566,0.0151814462239974,0.98788742372598,0.993887827816664,"SLC39A9"
"ENSG00000029534.21",139.344904673125,0.654846760063338,0.190137068542004,3.44407729163382,0.000573011869047923,0.00739555080116364,"ANK1"
"ENSG00000029559.7",93.4050806629254,0.46362580133531,0.272812923330613,1.69942756257722,0.089238652342475,0.227453888896683,"IBSP"
"ENSG00000029639.11",397.482563352537,0.0612692583226611,0.0642778524551229,0.953193922672474,0.340491825028286,0.53378510762663,"TFB1M"
"ENSG00000029725.17",1463.53763924499,-0.0227598577061953,0.0515452502054709,-0.441551018095158,0.658814135488993,0.79701556104095,"RABEP1"
"ENSG00000029993.15",12697.1864071039,-0.356703644841807,0.1645976724647,-2.16712447691694,0.0302253640173021,0.111204889405243,"HMGB3"
"ENSG00000030066.13",2919.16392740321,-0.0770428331432962,0.0559965979904446,-1.3758484605876,0.16886855451659,0.341854602062557,"NUP160"
"ENSG00000030110.13",1272.3823983734,0.286134698266083,0.0807543035008036,3.54327491987143,0.000395190492720372,0.00577825080111522,"BAK1"
"ENSG00000030304.14",54.1464910243504,-0.483593852115574,0.208279471537267,-2.32185077360851,0.0202409722164684,0.0858873065192949,"MUSK"
"ENSG00000030419.16",996.952073255452,-0.0727095705425525,0.114040981878124,-0.637574048777112,0.523750993229259,0.69595856386277,"IKZF2"
"ENSG00000030582.18",30365.9099433404,0.106005486885741,0.0911864408422327,1.16251370167137,0.245026862365576,0.433988366693469,"GRN"
"ENSG00000031003.10",1095.73252749549,-0.296178857794778,0.0825754946492305,-3.58676456075626,0.000334806362208269,0.00517999838465796,"FAM13B"
"ENSG00000031081.11",2366.57268377581,-0.100421944611996,0.134953727422345,-0.744121311282644,0.456803087478598,0.639812586934159,"ARHGAP31"
"ENSG00000031691.7",336.139963199537,0.0200586918718258,0.0856525744252706,0.234186678058655,0.814840056858031,0.898658641473079,"CENPQ"
"ENSG00000031698.13",6064.58879489255,0.0496977742724162,0.0560415424296399,0.886802399038387,0.375185295786069,0.566872886435471,"SARS1"
"ENSG00000031823.14",2378.43089502372,0.014833613339034,0.0463211333438399,0.320234248780673,0.748790762333111,0.857331379114445,"RANBP3"
"ENSG00000032219.19",1201.4395439701,-0.25410956747626,0.0634692803653255,-4.00366233890821,6.23693677272396e-05,0.00155656923518964,"ARID4A"
"ENSG00000032389.13",1299.90694444899,0.17236095451535,0.0706759081546991,2.43875118149282,0.0147381121852495,0.0694713250719964,"EIPR1"
"ENSG00000032444.17",3418.91214564206,0.109256737742301,0.0949060386347154,1.15120954697962,0.249646038529805,0.439377267031137,"PNPLA6"
"ENSG00000032742.18",569.705740534033,-0.16154454870787,0.0658872220994503,-2.45183426407072,0.014213010894707,0.0677928039709856,"IFT88"
"ENSG00000033011.13",965.541644187404,0.142861470823649,0.0679819319958904,2.10146235373665,0.0356003993392135,0.124340883062734,"ALG1"
"ENSG00000033030.15",1296.17038298667,-0.0259327426053643,0.044897297258277,-0.577601418993733,0.563533248703489,0.726729085448365,"ZCCHC8"
"ENSG00000033050.9",800.666425470984,0.14919221643837,0.0638749995203485,2.33569029446086,0.0195073886981048,0.0838923768163624,"ABCF2"
"ENSG00000033100.16",3883.81365014374,0.199631134406105,0.0711187670633692,2.80701061968956,0.0050003593201503,0.0334156890497318,"CHPF2"
"ENSG00000033122.21",42.6178918923566,-0.311489017464283,0.129005470212861,-2.4145411582185,0.015755042856845,0.0727708992554025,"LRRC7"
"ENSG00000033170.17",3027.96528620811,0.198173973149729,0.110234732366239,1.79774531035577,0.0722173775457193,0.198230122073512,"FUT8"
"ENSG00000033178.13",2553.15917552157,0.165938685707196,0.0759263302650647,2.1855222704415,0.0288505748755118,0.107872988425313,"UBA6"
"ENSG00000033327.13",2176.20274877545,-0.0970101631789389,0.0982276323950738,-0.98760563411283,0.32334582591288,0.516909276006795,"GAB2"
"ENSG00000033627.17",3311.14416838857,-0.0993207742755923,0.0682739103443612,-1.45473979408293,0.145741311384944,0.311555507893858,"ATP6V0A1"
"ENSG00000033800.14",1546.48010843775,-0.0985914098974965,0.0594534034844971,-1.65829715574155,0.097257502833083,0.240349914030718,"PIAS1"
"ENSG00000033867.16",1318.03631636646,-0.205743948326453,0.111941708944617,-1.83795611364343,0.0660688724271866,0.186948068138562,"SLC4A7"
"ENSG00000034053.14",825.836351298243,-0.0687251560007584,0.159835247955932,-0.429974970350134,0.667213848537031,0.803586827021068,"APBA2"
"ENSG00000034152.19",2962.14775224247,0.144749691449784,0.0810885042198871,1.78508276656908,0.0742478928497208,0.201626027458871,"MAP2K3"
"ENSG00000034239.11",245.425784600188,-0.723735074207897,0.24329643299145,-2.97470482945113,0.00293270590619322,0.0232916454520255,"EFCAB1"
"ENSG00000034510.6",62859.2466182769,0.321015357986204,0.106482303767071,3.01472964642483,0.00257208412036538,0.0213186531586808,"TMSB10"
"ENSG00000034533.12",312.170225379093,-0.0877407909190268,0.0493918255050678,-1.77642332555666,0.0756631693200622,0.204104188638213,"ASTE1"
"ENSG00000034677.13",4819.50302000138,-0.248099219740803,0.0951934377227194,-2.60626389461287,0.00915359074011924,0.0506191902221967,"RNF19A"
"ENSG00000034693.15",502.025436742946,-0.120427330314287,0.0642115795958221,-1.87547683879315,0.0607271529203223,0.177178959090026,"PEX3"
"ENSG00000034713.8",3568.42142223404,0.0222627430114127,0.0682769769718487,0.326065154006333,0.744375060564257,0.854538770779139,"GABARAPL2"
"ENSG00000034971.17",23.7956994221485,-0.422442800962756,0.312451144970836,-1.3520283339086,0.176366251408,0.351972727012467,"MYOC"
"ENSG00000035115.22",2788.45964921228,0.0741507677250646,0.0782602531240824,0.947489495178323,0.343389406636449,0.536773516752174,"SH3YL1"
"ENSG00000035141.8",1923.09781452003,0.0930738960311093,0.0708191408148898,1.31424774376168,0.188762846372548,0.367127085189931,"FAM136A"
"ENSG00000035403.18",7572.3781450914,0.212576921334106,0.0783639249715946,2.71268854145784,0.0066739802593063,0.0408006246777338,"VCL"
"ENSG00000035499.13",345.47217531237,0.375282494423905,0.159315783413136,2.35558892147382,0.0184933702793532,0.0809651386867887,"DEPDC1B"
"ENSG00000035664.11",1133.61703678828,-0.278250796284496,0.139939564227177,-1.98836403286769,0.0467714436373217,0.149187138734786,"DAPK2"
"ENSG00000035681.9",1562.57632148761,0.0265422113503075,0.0535082087804438,0.496039990036224,0.619866196867762,0.768811432862139,"NSMAF"
"ENSG00000035687.10",2803.70188935108,0.0958968498200544,0.0559675701352984,1.71343600567667,0.0866323570383091,0.223175111681489,"ADSS2"
"ENSG00000035720.8",83.127984312137,-0.467624005433142,0.13661099963255,-3.42303333326699,0.000619264829039837,0.00780658233745676,"STAP1"
"ENSG00000035862.12",12878.2046567887,0.197369007721441,0.105650029731669,1.86813963254644,0.0617426105500365,0.179110389038361,"TIMP2"
"ENSG00000035928.16",2681.69344866259,0.012619900985873,0.0535365135677991,0.235725118145601,0.813645977604014,0.898064356471866,"RFC1"
"ENSG00000036054.13",1910.19640328886,-0.0208934334277948,0.0539144009108415,-0.387529733704105,0.69836407692663,0.823818701524229,"TBC1D23"
"ENSG00000036257.13",2534.61177448121,0.0309927829941768,0.0463849917727898,0.66816402913232,0.504028893874207,0.680167366918163,"CUL3"
"ENSG00000036448.10",91.2667804859327,0.0854419228369078,0.146984924894415,0.581297183355941,0.561040178610799,0.724851979762091,"MYOM2"
"ENSG00000036473.8",7.63638311890275,-0.279505367173112,0.332033894440342,-0.841797695516088,0.399901202088157,0.590010832488396,"OTC"
"ENSG00000036530.9",56.2109979683028,-0.190841945624098,0.136081293204658,-1.40241131701389,0.160792455840453,0.331676780191833,"CYP46A1"
"ENSG00000036549.13",1806.1270200967,-0.00950203954678638,0.0676631529819543,-0.140431521855338,0.888319053777065,0.940495015499581,"ZZZ3"
"ENSG00000036565.15",7.10420954147466,-0.494211280671145,0.211363844032873,-2.33820161121919,0.0193767919749368,0.0835853245946582,"SLC18A1"
"ENSG00000036672.16",201.290311522965,-0.351546078702965,0.150379866260355,-2.33772038401955,0.0194017580369807,0.0836342730062828,"USP2"
"ENSG00000036828.17",26.6893406194171,-0.953034222386217,0.287946913902172,-3.30975668212928,0.000933771050698929,0.0104850049210521,"CASR"
"ENSG00000037042.9",771.334815859773,-0.0886076197274439,0.0803869930961846,-1.10226314375789,0.270347287505399,0.462307060306091,"TUBG2"
"ENSG00000037241.7",717.196041846499,0.18830768717154,0.0850745614746598,2.21344293649553,0.0268671232605124,0.103063386877779,"RPL26L1"
"ENSG00000037280.16",1052.81572483266,0.050592362276209,0.116849190020877,0.4329714417975,0.665035517092514,0.801871912874658,"FLT4"
"ENSG00000037474.15",4012.80197217537,0.112183309359321,0.0788155782900849,1.42336466715279,0.154630469538112,0.323600175665022,"NSUN2"
"ENSG00000037637.11",1412.69946030548,-0.034142604702382,0.0381537583250985,-0.894868715460782,0.370857272085775,0.563224436080248,"FBXO42"
"ENSG00000037749.12",812.926806129375,-0.0122261822873785,0.0804879382657473,-0.151900800925118,0.879265176578484,0.935401039265936,"MFAP3"
"ENSG00000037757.14",374.901060504123,-0.110764329622794,0.071988715353586,-1.53863461903375,0.123893522010536,0.280627425622103,"MRI1"
"ENSG00000037897.17",879.440526547178,0.262656815950339,0.109185365179327,2.40560459287697,0.016145729423783,0.0738987860470178,"METTL1"
"ENSG00000037965.6",58.0089133609814,0.184478014829647,0.250260384402159,0.737144295811508,0.461034604231523,0.643357577277228,"HOXC8"
"ENSG00000038002.9",1507.45712038447,0.0963823928473196,0.0955182205704135,1.00904719823868,0.312951999106229,0.50703736951889,"AGA"
"ENSG00000038210.14",2280.59046068074,-0.049417563444964,0.0692392905505926,-0.713721400840394,0.475399470322483,0.655680623283749,"PI4K2B"
"ENSG00000038219.13",2655.70503258761,-0.0188536659958957,0.0729454228133189,-0.258462632318217,0.796049884461404,0.887660208082997,"BOD1L1"
"ENSG00000038274.17",3814.25457485067,0.0418078145626631,0.0674661232591408,0.619686037125287,0.535464510139241,0.704245171024857,"MAT2B"
"ENSG00000038295.8",172.109429604783,-0.114078007451732,0.154165496859693,-0.739971068594909,0.459317549474037,0.641846183240357,"TLL1"
"ENSG00000038358.15",1677.98954880209,-0.0493996375453162,0.0667315743248966,-0.740273821576632,0.459133862099721,0.641619529503274,"EDC4"
"ENSG00000038382.20",6666.59597755627,0.0306659147601269,0.0970866593146822,0.315861262263963,0.752107815979129,0.859356356558211,"TRIO"
"ENSG00000038427.16",11275.7744959392,0.00794627578777257,0.154631353475242,0.0513885160362699,0.959015935558877,0.979282221278423,"VCAN"
"ENSG00000038532.16",2023.65017637636,-0.00357319317706912,0.0609112849164151,-0.0586622525197489,0.953221125660497,0.975500584816495,"CLEC16A"
"ENSG00000038945.15",4164.76471452523,0.128792689666286,0.161121729284982,0.799350219475894,0.424087366864845,0.611705746696266,"MSR1"
"ENSG00000039068.19",18613.7554429006,0.0372172415963802,0.0966005186663663,0.385269583540427,0.700037694296163,0.824945312055861,"CDH1"
"ENSG00000039123.16",2562.66222266561,-0.00389766064909383,0.0551876367362047,-0.0706256125393543,0.943695725449544,0.970544352755211,"MTREX"
"ENSG00000039139.9",1657.20527916309,-0.664559785236877,0.15559720044055,-4.27102662101424,1.94575177691412e-05,0.000653682279604458,"DNAH5"
"ENSG00000039319.17",1525.33893841576,-0.146869345471117,0.0795207591217196,-1.84693087809071,0.0647571588525371,0.184664675775376,"ZFYVE16"
"ENSG00000039523.20",2059.67253190694,0.0990996317935613,0.0970510715178835,1.02110806448232,0.307203242729045,0.500715884114408,"RIPOR1"
"ENSG00000039537.14",210.989213023704,-1.17826435741325,0.249420105854387,-4.72401514455747,2.31233185593746e-06,0.000138710746810317,"C6"
"ENSG00000039560.14",6522.51889143305,-0.217550372060599,0.0916599583703946,-2.37345047857741,0.0176227560247721,0.0785112292697361,"RAI14"
"ENSG00000039600.11",33.0651610965549,0.347288533811018,0.193422312719671,1.79549364769692,0.0725750839404866,0.198859086141474,"SOX30"
"ENSG00000039650.12",1412.39983167001,0.117164947071944,0.0684612650533871,1.7114049379686,0.0870063862654037,0.223891143757465,"PNKP"
"ENSG00000040199.18",483.876933574972,-0.128525348705859,0.0774018324480049,-1.66049490872451,0.0968149312812709,0.239736668437884,"PHLPP2"
"ENSG00000040275.17",554.557408914938,0.240599634974381,0.0885995901299061,2.71558406333043,0.00661589780784073,0.0405342447030625,"SPDL1"
"ENSG00000040341.18",2393.12630234691,-0.15695987971273,0.0769079802915357,-2.04087897143757,0.0412628584762722,0.137390173742427,"STAU2"
"ENSG00000040487.13",847.015844096503,0.119921727079292,0.0720164700878187,1.66519862655107,0.0958731349050155,0.238237369785989,"SLC66A1"
"ENSG00000040531.16",942.405215691598,0.0577785400326998,0.0576658212368597,1.00195468985653,0.31636547694549,0.51040685326353,"CTNS"
"ENSG00000040608.14",303.281745465343,0.195751115040482,0.116958738526737,1.6736766957839,0.0941941562147557,0.235541989098532,"RTN4R"
"ENSG00000040633.13",1635.54842421208,0.1812376251316,0.0603711333301247,3.00205769105819,0.00268161350528444,0.0218928294338977,"PHF23"
"ENSG00000040731.10",10.6519995312434,0.00135329230419301,0.249981816116105,0.00541356297517445,0.995680622780941,0.997905086455354,"CDH10"
"ENSG00000040933.16",1913.93861288664,-0.0854201558388746,0.0550670119794667,-1.55120375644725,0.120852862229321,0.275945020382743,"INPP4A"
"ENSG00000041353.10",2354.55392731433,0.333612887917334,0.152119683908106,2.19309480105721,0.028300549527944,0.106464428862581,"RAB27B"
"ENSG00000041357.16",5222.41176114046,0.124334307642457,0.0703236239525036,1.76803043777199,0.0770558153071373,0.206538866357018,"PSMA4"
"ENSG00000041515.16",81.0090488960657,-0.74425795393791,0.182480966879633,-4.07855113146585,4.53172363850355e-05,0.00121968209455698,"MYO16"
"ENSG00000041802.11",1991.66136250108,0.0117860957466927,0.0668449609697687,0.176319883738478,0.860042641781089,0.924970915907022,"LSG1"
"ENSG00000041880.14",1208.58904984993,0.00563216771137906,0.0735405046883338,0.0765859268337674,0.938952954828565,0.968125230743709,"PARP3"
"ENSG00000041982.16",16614.0928779555,0.266747244845432,0.180102955394265,1.48108199702494,0.138584724594062,0.301148830749306,"TNC"
"ENSG00000041988.15",575.260110518674,0.0646640815094213,0.0731758066311473,0.883681157563039,0.376868354646227,0.568436594268216,"THAP3"
"ENSG00000042062.13",143.315227831597,-0.0945847143627132,0.121926920558198,-0.775749226911425,0.437897067905364,0.623349883776863,"RIPOR3"
"ENSG00000042088.14",707.275905971813,0.0349193917096815,0.0877490712828758,0.397945997594803,0.690669992874825,0.819039349171909,"TDP1"
"ENSG00000042286.15",1389.17090317219,0.181380843268946,0.0981220009389187,1.84852369023596,0.0645266205034581,0.184243977394651,"AIFM2"
"ENSG00000042317.17",392.838512085814,-0.117697897461233,0.063490253704678,-1.8537947258598,0.0637685333287306,0.182895053421212,"SPATA7"
"ENSG00000042429.12",242.034749565798,-0.22204220309001,0.0822646453146514,-2.69912065190007,0.00695229663605488,0.0420077698555672,"MED17"
"ENSG00000042445.14",2998.94815339116,0.121855438047531,0.0717288866533299,1.69883353461856,0.0893505531409853,0.227670898953224,"RETSAT"
"ENSG00000042493.16",10276.9830927546,0.290446863973164,0.100178831398372,2.89928380995153,0.00374016174947852,0.0274457141559154,"CAPG"
"ENSG00000042753.12",3122.94584742002,0.362750596402112,0.0763103422478995,4.75362297843837,1.99803476139023e-06,0.000122958542164445,"AP2S1"
"ENSG00000042781.14",11.7281600894854,-0.540735682850834,0.183882100008998,-2.94066514807246,0.00327508364758147,0.0251238156403064,"USH2A"
"ENSG00000042832.12",56.2319169458415,-0.502743817530808,0.154579148297651,-3.25233916131267,0.00114459354314366,0.0120821029904508,"TG"
"ENSG00000042980.13",1421.8211429919,-0.0886608112356913,0.138684487908456,-0.63929868850376,0.522628641491103,0.695216372109768,"ADAM28"
"ENSG00000043039.7",417.013246060914,0.382310449695219,0.210498186225349,1.8162173107085,0.0693370436770653,0.192932569589681,"BARX2"
"ENSG00000043093.15",1814.46236280519,0.0974562960016174,0.0681689465603867,1.42962889877265,0.152823556766636,0.321148436245132,"DCUN1D1"
"ENSG00000043143.20",2719.53872488663,0.0794473732409708,0.0767119088442455,1.03565892751123,0.300361290159037,0.493336380526138,"JADE2"
"ENSG00000043355.12",78.9902269360896,0.247891550754928,0.300551504336217,0.824788920296401,0.409491438064428,0.598777983847176,"ZIC2"
"ENSG00000043462.13",1831.48816713116,-0.0356262955294585,0.10466565042965,-0.340381924568505,0.733568929022206,0.8476860512163,"LCP2"
"ENSG00000043514.17",1070.68063315793,-0.1262804401043,0.0704595803097073,-1.79223945912295,0.0730946163828618,0.199814357766206,"TRIT1"
"ENSG00000043591.6",318.32523871029,-0.214608006659099,0.228273825414526,-0.940134096712092,0.347148781097753,0.540935335069152,"ADRB1"
"ENSG00000044012.4",3.34077824737669,0.685055219958019,0.421632364686502,1.62476905791466,0.104211776404252,0.251174596013374,"GUCA2B"
"ENSG00000044090.10",2158.75364703596,0.00692029766588888,0.0742298219861251,0.093227997598895,0.925722432377589,0.961115069733592,"CUL7"
"ENSG00000044115.21",21910.6868488993,0.122375767512541,0.0581988251897819,2.10271886268294,0.0354903521918174,0.124089508036355,"CTNNA1"
"ENSG00000044446.12",832.864641583329,-0.0930262879176267,0.0626547438820382,-1.48474452457694,0.137611512318909,0.299895272608066,"PHKA2"
"ENSG00000044459.15",364.884501128133,0.0780027795060863,0.112072113046145,0.696005253991854,0.486425539421083,0.665320403385877,"CNTLN"
"ENSG00000044524.11",391.005002792125,-0.107781828303573,0.185358082062206,-0.58147897898189,0.560917681711508,0.724851979762091,"EPHA3"
"ENSG00000044574.8",40318.0467777533,0.0779869112062529,0.0721787808284928,1.08046866836891,0.2799335316904,0.472535976807204,"HSPA5"
"ENSG00000046604.13",9023.42516782194,0.396996929160145,0.122050288812697,3.2527324025377,0.00114301083494352,0.0120730519440909,"DSG2"
"ENSG00000046647.13",639.348927516603,0.0203452251977344,0.0619537351791733,0.328393843226642,0.742613897511723,0.853252501720658,"GEMIN8"
"ENSG00000046651.15",1682.48699634993,-0.116315727494983,0.0658951660686719,-1.76516328031961,0.07753632794322,0.207326075513101,"OFD1"
"ENSG00000046653.15",557.856964287914,-0.160889502802573,0.144861583116455,-1.11064299686158,0.266722047516317,0.458297746075596,"GPM6B"
"ENSG00000046774.10",45.4729496760639,-0.0794103545146636,0.539321802444279,-0.147241135356971,0.882941693093611,0.937724186173459,"MAGEC2"
"ENSG00000046889.19",534.423114077665,-0.421284456404498,0.164021606954767,-2.56846926588566,0.0102148769804802,0.0544771893952557,"PREX2"
"ENSG00000047056.16",1033.79282110644,-0.0794875294440955,0.0566046478739705,-1.40425799699476,0.160242037060703,0.331058369230812,"WDR37"
"ENSG00000047188.16",1384.00431165976,-0.173958327705349,0.0629409568120413,-2.76383354363098,0.00571266733933359,0.0367227867958738,"YTHDC2"
"ENSG00000047230.15",1374.82769751986,0.0192522980207868,0.0639407569694263,0.301095872699668,0.763341388191228,0.866807354856938,"CTPS2"
"ENSG00000047249.18",2518.90528582027,0.014707750016753,0.0563558201871658,0.260980143096249,0.794107820260831,0.886417113041473,"ATP6V1H"
"ENSG00000047315.17",4115.14500412124,0.128675981124147,0.0544112662895969,2.36487753178333,0.018036034043046,0.0798396066208122,"POLR2B"
"ENSG00000047346.12",1854.51868230929,-0.210128485787284,0.0769448025434962,-2.7308990190533,0.00631618214610367,0.0393202416212097,"FAM214A"
"ENSG00000047365.12",1615.14328106249,0.0786283149274637,0.111274035530825,0.706618705364397,0.47980346147468,0.659567271998607,"ARAP2"
"ENSG00000047410.14",6424.10492881447,-0.0591932949317073,0.0641458985200922,-0.92279157822018,0.356115830507484,0.54949330346213,"TPR"
"ENSG00000047457.14",14060.6290052967,0.0353692999248545,0.196524397887784,0.179974091283315,0.857172908219597,0.923365673931213,"CP"
"ENSG00000047578.13",1309.10716333978,-0.027030522924307,0.0634409306913655,-0.426073871075568,0.670054018952299,0.805346875558804,"KATNIP"
"ENSG00000047579.20",869.939305419864,-0.0718493556956539,0.0503651661936007,-1.42656842269654,0.153704331521948,0.322287335266419,"DTNBP1"
"ENSG00000047597.7",331.524217619884,-0.00288560824742779,0.168272191852093,-0.0171484558183218,0.986318182431863,0.993299593082187,"XK"
"ENSG00000047617.15",50.6170570668337,-0.504780579054584,0.162688707828377,-3.10273887962208,0.00191738735418007,0.0173920843157649,"ANO2"
"ENSG00000047621.12",873.038699249272,-0.0545597769815679,0.0610929054799484,-0.893062403121018,0.371823755438377,0.563916900228448,"C12orf4"
"ENSG00000047634.15",432.133637096073,-0.140381140623848,0.0989393055029796,-1.41886118878832,0.155939489321258,0.325334842585076,"SCML1"
"ENSG00000047644.19",3862.61612621708,-0.020480999106354,0.0880187636340855,-0.232689011532794,0.816002902560455,0.899426738452086,"WWC3"
"ENSG00000047648.23",281.335479525567,-0.0551622613146711,0.142704265950677,-0.386549490634968,0.699089757076815,0.824324252961162,"ARHGAP6"
"ENSG00000047662.5",34.8976966329089,-0.265481691254965,0.134972338290706,-1.96693407417427,0.0491908116201989,0.154013719063299,"FAM184B"
"ENSG00000047849.21",11037.9112861133,0.0867311376972956,0.0623171793479624,1.39176930992034,0.163992266277871,0.335624913333295,"MAP4"
"ENSG00000047932.14",1623.46633036885,0.0286003436470826,0.047265491035113,0.60509989467444,0.545112624232673,0.712317866338739,"GOPC"
"ENSG00000047936.11",4288.48218885982,-0.42518108336666,0.187171375418088,-2.27161382138121,0.0231098453535653,0.0934041424210931,"ROS1"
"ENSG00000048028.11",1441.94129117665,-0.136655966587687,0.0779648918960246,-1.75278850857555,0.0796383163832549,0.21121632019021,"USP28"
"ENSG00000048052.22",732.690347502414,0.220922287251571,0.158647162109793,1.39253853843713,0.163759379947387,0.335365752389024,"HDAC9"
"ENSG00000048140.18",2669.93377877247,0.18079805205929,0.0713190987797156,2.53505800203286,0.0112428708848961,0.0580323876543946,"TSPAN17"
"ENSG00000048162.21",562.461642205502,0.302142755361592,0.0828465724618797,3.64701575916875,0.000265303658593874,0.00439518250641464,"NOP16"
"ENSG00000048342.17",872.598802642744,-0.229113451588516,0.099118049833885,-2.31152097899923,0.0208040957461509,0.0873434861534112,"CC2D2A"
"ENSG00000048392.12",2751.33161922066,-0.0461986844447466,0.0803919644483598,-0.57466793804277,0.565515895225834,0.727978993146723,"RRM2B"
"ENSG00000048405.10",1117.45983192105,-0.12377105519695,0.0617558756218023,-2.00419885477672,0.0450487632097297,0.145753981879644,"ZNF800"
"ENSG00000048462.11",172.696364683887,-0.282796430068754,0.176113911042192,-1.60575861608686,0.108326956681743,0.257554050475276,"TNFRSF17"
"ENSG00000048471.14",1583.57820367594,-0.0922985922122291,0.0689647316051214,-1.33834483313461,0.18078405335172,0.357542016171773,"SNX29"
"ENSG00000048540.15",5447.42390227948,-0.13465378593622,0.180759058815794,-0.744935201689899,0.456310893356976,0.63940882876443,"LMO3"
"ENSG00000048544.6",2397.26272934412,0.177923871951261,0.0744336784224937,2.390367851248,0.0168315051465405,0.076044415910405,"MRPS10"
"ENSG00000048649.13",2739.58715480162,-0.0793070707607911,0.0648492217837928,-1.22294560488637,0.22135024199678,0.405847064839462,"RSF1"
"ENSG00000048707.15",3548.30361759743,-0.20670643078634,0.0816480048143094,-2.53167767242382,0.0113518289875188,0.0583916445319041,"VPS13D"
"ENSG00000048740.18",3828.40921304235,-0.180142320614868,0.119482781072859,-1.50768436252769,0.131635329600565,0.292004506157354,"CELF2"
"ENSG00000048828.17",9558.42601107341,0.065935514942276,0.0487847491957809,1.35155998604536,0.176516118110165,0.352175413210387,"FAM120A"
"ENSG00000048991.16",1484.07623181973,0.0842570126665967,0.0630208784411607,1.33696982255274,0.181232487503588,0.358108683391118,"R3HDM1"
"ENSG00000049089.15",1250.4406154262,-0.343283741703923,0.175056090768981,-1.96099284632689,0.0498798573997184,0.15549158168622,"COL9A2"
"ENSG00000049130.16",4494.70993172009,-0.118006421630409,0.113560633009993,-1.03914902992857,0.29873543120988,0.491687804268546,"KITLG"
"ENSG00000049167.15",485.344721447192,0.0278238038182587,0.0698241372581204,0.398484033041494,0.690273425685795,0.818814816705132,"ERCC8"
"ENSG00000049192.15",124.783569345523,0.133532577470174,0.14443841980058,0.924494865386487,0.355228723584781,0.548792187434779,"ADAMTS6"
"ENSG00000049239.13",5928.13683172974,0.00622621241488401,0.0766022367932774,0.0812797729612828,0.935219459598502,0.96599111340671,"H6PD"
"ENSG00000049245.13",5324.49041243326,0.0577089911694205,0.0541187501857246,1.06634005721446,0.28626994795996,0.478741479678066,"VAMP3"
"ENSG00000049246.14",1041.67382904427,-0.260394934075516,0.125270959904088,-2.0786536183237,0.037649198939009,0.129168876780341,"PER3"
"ENSG00000049247.14",18.2914910738582,-0.849046820602319,0.212435485350639,-3.99672784987361,6.42240640196869e-05,0.00159330235723356,"UTS2"
"ENSG00000049249.9",360.355946398521,0.0316382093412338,0.153143887558,0.206591394836125,0.836328981218679,0.910909692800884,"TNFRSF9"
"ENSG00000049283.18",686.294514787642,0.34376481352554,0.162034485304073,2.12155340192202,0.0338752589964212,0.120043533556983,"EPN3"
"ENSG00000049323.16",3895.09167731468,0.258168276424527,0.112053276844686,2.30397792634273,0.0212238827189276,0.0884440045931085,"LTBP1"
"ENSG00000049449.10",2296.62406312929,0.223612205925132,0.0843909919260675,2.64971652568123,0.00805593325303186,0.0463623484517182,"RCN1"
"ENSG00000049540.18",4383.33392946588,-0.0496761105072241,0.155174847937369,-0.320129912595592,0.748869850921728,0.857363271896049,"ELN"
"ENSG00000049541.11",1491.6256372042,0.163254423477441,0.0830114114617055,1.96665037496384,0.0492235316488816,0.154094879096024,"RFC2"
"ENSG00000049618.24",3789.63441206801,-0.123753924464276,0.0693626089893554,-1.7841590197864,0.0743978291963479,0.20183563619899,"ARID1B"
"ENSG00000049656.14",11781.3550393522,0.0616619196813597,0.08720900711082,0.707059072499282,0.479529768537068,0.6593286769598,"CLPTM1L"
"ENSG00000049759.19",5567.56572211501,-0.173158675149226,0.108303788375076,-1.59882380614005,0.109859757824629,0.259640868691373,"NEDD4L"
"ENSG00000049768.16",215.490267081764,-0.035109436505002,0.121375568184888,-0.289262798354284,0.772380278583748,0.87274609472665,"FOXP3"
"ENSG00000049769.14",190.739463139523,0.203714307506591,0.0970352999342013,2.09938349904342,0.0357831081010329,0.124798556254734,"PPP1R3F"
"ENSG00000049860.14",6321.04906385343,0.164171850642594,0.0696520538864599,2.3570281345933,0.0184218510826516,0.0807955062698881,"HEXB"
"ENSG00000049883.15",430.775225523802,0.0212396809045662,0.0647418236402489,0.328067386896434,0.742860712041643,0.853447727181836,"PTCD2"
"ENSG00000050030.16",142.023063195975,-0.612488428546231,0.218112936863837,-2.80812517291715,0.00498308537737189,0.033340599509275,"NEXMIF"
"ENSG00000050130.18",1920.57917899,0.0266441381813143,0.0508285719455761,0.52419608030387,0.600142166893402,0.754312792206991,"JKAMP"
"ENSG00000050165.18",4375.21877158733,-0.0238941523786989,0.123872098135337,-0.192893740708204,0.847042187169591,0.917115880229344,"DKK3"
"ENSG00000050327.15",836.197369669028,0.00267359733171649,0.0776770525936885,0.0344193972665452,0.972542715853349,0.986426281799379,"ARHGEF5"
"ENSG00000050344.9",1329.46531017566,0.15861984032647,0.124143945425159,1.27770903190841,0.201352039426668,0.381928751631269,"NFE2L3"
"ENSG00000050393.11",1987.08415760248,-0.0117237377093973,0.0549012677576128,-0.21354220381863,0.830904074274188,0.907814839063536,"MCUR1"
"ENSG00000050405.13",4464.47797770196,0.104940984454704,0.0776153507884021,1.3520648091999,0.176354583656408,0.351972727012467,"LIMA1"
"ENSG00000050426.16",2307.47460298685,-0.121956555965293,0.0642693158669298,-1.89758603028862,0.0577506360976477,0.171134127957186,"LETMD1"
"ENSG00000050438.17",430.247385287955,-0.742601215170453,0.149873440467334,-4.95485532896876,7.23841252245481e-07,5.83507186707235e-05,"SLC4A8"
"ENSG00000050555.19",947.177008491428,0.0824179321583221,0.151581487436181,0.543720302210532,0.586633959422528,0.743856486057272,"LAMC3"
"ENSG00000050628.20",142.595372560136,-0.275586996961246,0.183403684168645,-1.50262519649189,0.13293572217143,0.293723719023987,"PTGER3"
"ENSG00000050730.16",200.870423930728,0.336670155168373,0.183836132301693,1.83136008657897,0.0670468146105673,0.188759844400502,"TNIP3"
"ENSG00000050748.18",2528.07688868462,0.0169465620093565,0.056894988600343,0.297856848665479,0.765812423619507,0.86848768673789,"MAPK9"
"ENSG00000050767.17",91.0672278838491,-0.0406029285585357,0.143006470019613,-0.283923717248368,0.776468840383787,0.875317738323657,"COL23A1"
"ENSG00000050820.17",3591.52459170212,0.265907469672278,0.085136440423066,3.12330969383865,0.0017882947080354,0.0165796980547543,"BCAR1"
"ENSG00000051009.11",1619.88589833756,-0.0591572635140441,0.0582877470090104,-1.01491765507593,0.310145081559968,0.503862792191285,"FAM160A2"
"ENSG00000051108.15",7389.43500825868,-0.108830107861977,0.0692797501872894,-1.57087904572069,0.116210746717092,0.269226972032568,"HERPUD1"
"ENSG00000051128.19",463.737394145902,0.235124057126655,0.0980659716852229,2.3976110478094,0.0165023779968345,0.0750436167622955,"HOMER3"
"ENSG00000051180.17",322.199460506895,0.394446626787476,0.12999229394316,3.03438469175681,0.00241026873223745,0.0203771145003508,"RAD51"
"ENSG00000051341.14",303.997500980691,0.106005866906647,0.156990666037839,0.675236748668206,0.499525362397017,0.67623705486455,"POLQ"
"ENSG00000051382.9",2174.6843025797,0.0982270629640498,0.0714131782405527,1.37547530279601,0.168984137322817,0.342026195141864,"PIK3CB"
"ENSG00000051523.11",7045.01376983857,0.25223299299121,0.109555126955217,2.30233855777755,0.0213160870045091,0.0886625935556975,"CYBA"
"ENSG00000051596.10",398.493120939845,0.0632867730002953,0.0932655669040507,0.678565252977051,0.497413365363249,0.674282702485288,"THOC3"
"ENSG00000051620.11",2636.9546460923,0.110353771334509,0.0733416971183169,1.50465254651093,0.132413429165076,0.293075408668587,"HEBP2"
"ENSG00000051825.15",754.045206376459,-0.236429526148139,0.091913382103759,-2.57230797884512,0.0101022979264316,0.0541080767156833,"MPHOSPH9"
"ENSG00000052126.14",2048.92826112511,-0.205677154093835,0.087247410202153,-2.3574012525676,0.0184033491948056,0.0807380181221845,"PLEKHA5"
"ENSG00000052344.16",7327.51790398768,0.0517082039971572,0.121143730431775,0.426833512661869,0.669500595205535,0.804972311887969,"PRSS8"
"ENSG00000052723.12",1699.59745829834,-0.00890648602391197,0.0620010158403161,-0.143650646738606,0.885776345060353,0.939296466304444,"SIKE1"
"ENSG00000052749.14",2233.72155818793,0.129116348376604,0.0804197472151834,1.60553039331398,0.108377130018184,0.257636543355616,"RRP12"
"ENSG00000052795.13",3479.5203035203,-0.203836250477522,0.107127780322767,-1.90273941888257,0.0570745556307102,0.169882092253196,"FNIP2"
"ENSG00000052802.13",4139.34253824646,0.249542243287984,0.101781529289123,2.45174389725593,0.0142165804852948,0.0678001166160896,"MSMO1"
"ENSG00000052841.15",3726.48940923919,-0.169818289388069,0.0537166725500389,-3.16137022876608,0.00157028770898789,0.0150574852233105,"TTC17"
"ENSG00000052850.8",7.84224695229674,0.450626302177794,0.243409228600172,1.851311492047,0.0641247537528,0.183489937833431,"ALX4"
"ENSG00000053108.17",627.298556035204,-0.0903431265021294,0.225100202914809,-0.401346268605189,0.688165202961494,0.817390822090814,"FSTL4"
"ENSG00000053254.16",2537.41935331461,-0.123259503674907,0.0818396959210769,-1.50610901332983,0.132039191184131,0.292538816270264,"FOXN3"
"ENSG00000053328.8",26.9182799566875,-0.0582721276160338,0.134599908809828,-0.432928433096969,0.665066762995285,0.801871912874658,"METTL24"
"ENSG00000053371.12",1830.59958436169,0.00211154649795136,0.067743853885195,0.0311695656041326,0.975134311245461,0.987713244220851,"AKR7A2"
"ENSG00000053372.5",2052.19730247485,0.135923367027192,0.0811552275203309,1.67485658262914,0.0939623740046164,0.235158236009412,"MRTO4"
"ENSG00000053438.11",41.2054846072706,0.0390394282419669,0.126372968984679,0.308922300042661,0.757380632963917,0.862804907211897,"NNAT"
"ENSG00000053501.13",747.571260876707,0.100576457535869,0.0733631508349977,1.37093972097896,0.170393747704759,0.344084372070999,"USE1"
"ENSG00000053524.12",83.5820389284163,-0.10261187297636,0.125177448367326,-0.819731303958606,0.412369300328104,0.601358349357142,"MCF2L2"
"ENSG00000053702.15",140.073505974746,-0.128858801399706,0.082751118083384,-1.55718501917837,0.119426564103466,0.274003762572993,"NRIP2"
"ENSG00000053747.17",5623.22525317593,0.983755182521773,0.191336708397943,5.14148691465809,2.72572639766767e-07,2.9409806037544e-05,"LAMA3"
"ENSG00000053770.12",1756.23499408285,0.00861270102047159,0.0526170905895295,0.163686378778713,0.869978041072337,0.930456452870999,"AP5M1"
"ENSG00000053900.11",1317.91279615003,-0.155401231930013,0.0538043592822437,-2.88826470574286,0.00387373727029713,0.0280976764575169,"ANAPC4"
"ENSG00000053918.18",1534.11764855436,-0.257045037125167,0.149918472165677,-1.71456547957014,0.0864249223158143,0.22278500182268,"KCNQ1"
"ENSG00000054116.12",2729.1576329022,0.0928558931382232,0.0571750510679748,1.6240631429927,0.10436233307615,0.251377163587344,"TRAPPC3"
"ENSG00000054118.15",6824.18997729467,-0.0454111919962637,0.0398721041109316,-1.13892138398117,0.254735945666633,0.445222637385511,"THRAP3"
"ENSG00000054148.18",2587.05349782387,0.0588589965439507,0.0996467981599675,0.590676244804793,0.554737367604404,0.719613137722713,"PHPT1"
"ENSG00000054179.12",159.028137013553,0.478486183062223,0.179001752910417,2.67308099100954,0.00751581024900667,0.0441935483257116,"ENTPD2"
"ENSG00000054219.11",684.683763889687,-0.193044229115122,0.103753468531702,-1.86060506551775,0.0627999689740242,0.180963158757757,"LY75"
"ENSG00000054267.22",2612.55286236101,-0.117270543638208,0.0543650742096478,-2.15709341600415,0.0309983865168355,0.113223179627538,"ARID4B"
"ENSG00000054277.14",309.448935792029,0.67806781920515,0.135013099820172,5.02223725037266,5.10730397392831e-07,4.48647681277032e-05,"OPN3"
"ENSG00000054282.16",1283.23155691332,-0.0203738277530596,0.0587680476089491,-0.346682059077917,0.728830190063347,0.84435045994081,"SDCCAG8"
"ENSG00000054356.14",103.423678793684,-0.182818961632238,0.252520685202176,-0.723976182330835,0.469080357507189,0.650226718934031,"PTPRN"
"ENSG00000054392.13",563.126848781945,0.133372863221844,0.100234358707467,1.330610231279,0.183317294226903,0.360706281555935,"HHAT"
"ENSG00000054523.18",3349.46014712144,-0.133048119654325,0.0635258217243359,-2.09439431152382,0.0362248690886217,0.125838331236173,"KIF1B"
"ENSG00000054598.9",610.049187747799,-0.0839008887754154,0.140360897259089,-0.597751157293791,0.550005985254795,0.715818352178879,"FOXC1"
"ENSG00000054611.14",1782.14366289735,0.154141317403889,0.0553226247312193,2.78622567444644,0.00533257324446558,0.0349827312370429,"TBC1D22A"
"ENSG00000054654.19",6864.47028126582,-0.155973952632662,0.101911385541159,-1.53048603749646,0.125896466941142,0.283763528120738,"SYNE2"
"ENSG00000054690.14",359.201241707797,0.329024633047501,0.166214737544626,1.97951540223179,0.0477580072632572,0.151131830796392,"PLEKHH1"
"ENSG00000054793.14",4598.08962085376,-0.118237991437552,0.0894865075443154,-1.32129406635965,0.186403331688924,0.36439000187419,"ATP9A"
"ENSG00000054803.4",38.6174038128838,0.279371795002732,0.200177925201037,1.39561739748357,0.162829740613887,0.334222598906174,"CBLN4"
"ENSG00000054938.16",147.528894201945,-0.559011029111332,0.17041335592553,-3.28032404546754,0.00103687918998423,0.0112629099093459,"CHRDL2"
"ENSG00000054965.11",2716.95605735154,-0.0772250255568339,0.0583506676912663,-1.32346429976486,0.185681020942403,0.363627033920856,"FAM168A"
"ENSG00000054967.13",375.677321500695,-0.0501092616704163,0.0807932742383099,-0.620215756111242,0.535115749536847,0.704007296662067,"RELT"
"ENSG00000054983.17",2072.08787488278,-0.00521775279789407,0.0774862712154096,-0.0673377711438568,0.946312808088603,0.971884885081712,"GALC"
"ENSG00000055044.11",2193.0704693783,0.00935588604781419,0.0594287508740908,0.157430299479727,0.874905735649746,0.933219089173853,"NOP58"
"ENSG00000055070.17",4488.88825866264,0.122127762367679,0.0575720978323151,2.12130123733529,0.0338964603222038,0.120067544792758,"SZRD1"
"ENSG00000055118.16",495.395991693225,0.124945569639858,0.213448554101608,0.58536620295109,0.558301508764873,0.722350852297097,"KCNH2"
"ENSG00000055130.17",3149.71289294566,0.0971438560674709,0.0397746383393028,2.44235674096575,0.0145917196305332,0.0690157865690215,"CUL1"
"ENSG00000055147.19",979.831050947373,0.0245966580547238,0.056674090693417,0.434001812005797,0.664287125226562,0.801511660934582,"FAM114A2"
"ENSG00000055163.20",1997.27387100713,-0.233593789480355,0.104519317335816,-2.23493412925601,0.0254216735371625,0.0995630127546275,"CYFIP2"
"ENSG00000055208.19",4059.1746708211,0.0191330350350735,0.0520057562000188,0.367902256078849,0.712946117935006,0.834133929730467,"TAB2"
"ENSG00000055211.14",1838.44522013047,0.0288633991466412,0.0600528931239119,0.480632949474807,0.630777393170089,0.776969657799332,"GINM1"
"ENSG00000055332.18",4000.46438315709,0.027408325479678,0.0680156951451068,0.402970599965261,0.68696985286238,0.81678088727279,"EIF2AK2"
"ENSG00000055483.19",2681.63462359305,-0.0358178807136395,0.0563202189911156,-0.635968420493708,0.524797005309623,0.696830512408739,"USP36"
"ENSG00000055609.19",4737.84267899516,-0.221685018909868,0.0864199905828495,-2.56520531204343,0.0103114769927863,0.0547527916301172,"KMT2C"
"ENSG00000055732.13",272.184904495386,-0.0488962527684223,0.174141248104567,-0.280785013893212,0.778875298598599,0.877091373756692,"MCOLN3"
"ENSG00000055813.6",64.0449115189635,-0.231229879321899,0.190692099047617,-1.21258238006054,0.225289528840496,0.410472515935349,"CCDC85A"
"ENSG00000055917.16",6608.57716632111,-0.0429892105274492,0.0420886554225767,-1.02139662329031,0.30706656451257,0.500644815490548,"PUM2"
"ENSG00000055950.16",1911.15792603317,0.12192746246527,0.076598329412593,1.59177704527358,0.111434809654384,0.26206110883827,"MRPL43"
"ENSG00000055955.17",12.717865917454,-0.262695535951593,0.158022574514102,-1.66239245727609,0.0964341102800542,0.239060374799244,"ITIH4"
"ENSG00000055957.11",6.56593639670773,-0.450717206358573,0.18348261917366,-2.45645722951003,0.0140314503650136,0.067167372681869,"ITIH1"
"ENSG00000056050.7",717.528137886656,0.166957671413347,0.0639460771739565,2.61091342568461,0.00903007505836528,0.0501063814863592,"HPF1"
"ENSG00000056097.16",4355.82118992239,0.0137617107990294,0.0457421898853901,0.300853781454501,0.763525995409421,0.866928589644759,"ZFR"
"ENSG00000056277.16",330.32522721144,-0.191610909724736,0.0724727845873838,-2.64390158065062,0.00819564825374174,0.0469150132929545,"ZNF280C"
"ENSG00000056291.17",25.8116804394227,-0.299494994910543,0.333327810238962,-0.89849987223039,0.368919113295749,0.561576170590724,"NPFFR2"
"ENSG00000056487.16",10.7745572076138,-0.125089459624692,0.244220271668482,-0.512199330424523,0.608511511675303,0.76090251254535,"PHF21B"
"ENSG00000056558.11",938.388393894723,0.0318707379583088,0.0998519158216674,0.319180034714897,0.74958999578604,0.857951723380935,"TRAF1"
"ENSG00000056586.16",2467.35132057867,-0.120031298426313,0.0667116137865017,-1.79925640549561,0.071978130635192,0.197736438917192,"RC3H2"
"ENSG00000056736.10",419.943994290256,-0.108119875593585,0.116634707591676,-0.926995727310428,0.353928752690417,0.547484447671372,"IL17RB"
"ENSG00000056972.20",1112.27385088956,0.098898234682964,0.0631131332094026,1.56699928610469,0.117114858482386,0.270470656454917,"TRAF3IP2"
"ENSG00000056998.20",509.731700430645,-0.008018707863587,0.143317249472477,-0.0559507518676386,0.955381039976124,0.977068899794959,"GYG2"
"ENSG00000057019.16",6865.54262968265,0.489768832606896,0.1549541682222,3.16073351382572,0.0015737240470405,0.0150826601161007,"DCBLD2"
"ENSG00000057149.16",147.056144065035,0.0171487255355281,0.362082444486057,0.0473613835651964,0.962225205913594,0.98112181958448,"SERPINB3"
"ENSG00000057252.13",4509.97153132251,0.0366811854812332,0.0672294796217822,0.545611622871295,0.585332933161604,0.743059915494139,"SOAT1"
"ENSG00000057294.15",953.364367465643,0.728838637660416,0.190206990125621,3.83181836366297,0.000127199637111873,0.00260927758371262,"PKP2"
"ENSG00000057468.7",8.390560425504,-0.397484917924197,0.171203013308545,-2.32171683338215,0.0202481879385228,0.0858873065192949,"MSH4"
"ENSG00000057593.14",29.5604200658291,0.46691774318622,0.243480263678524,1.91768209928797,0.0551513328820193,0.16594246051885,"F7"
"ENSG00000057608.17",12176.7917969116,0.0545990807681086,0.0637825573699219,0.856018996721133,0.391987271844282,0.582790704305438,"GDI2"
"ENSG00000057657.17",1542.1095010422,-0.21199927169848,0.10210786479277,-2.07622862478552,0.0378728110250169,0.129682145166707,"PRDM1"
"ENSG00000057663.16",1794.11856747671,0.0595917772600645,0.0586744042557443,1.01563497773785,0.309803242033983,0.503555957829811,"ATG5"
"ENSG00000057704.13",742.417416633392,0.123489192899429,0.109520798703678,1.12754101833703,0.259513808124801,0.450534403961506,"TMCC3"
"ENSG00000057757.10",1969.01624532648,-0.00560835445290172,0.0471342315394601,-0.118986865166275,0.905285761928947,0.949789773166748,"PITHD1"
"ENSG00000057935.14",1970.37623922024,0.0440893734910486,0.0642069580855441,0.686675943007728,0.492286960066743,0.670122051199087,"MTA3"
"ENSG00000058056.9",1526.8884284521,0.0839356336787442,0.0935083065272342,0.897627566961637,0.369384137222892,0.5619844665065,"USP13"
"ENSG00000058063.16",2922.50006119499,0.130125086217301,0.0733289046400705,1.77454016060939,0.0759738452609844,0.204579726398653,"ATP11B"
"ENSG00000058085.15",16893.412407509,1.00252912382069,0.182900995161976,5.48126664337092,4.22291459896927e-08,7.2099228586402e-06,"LAMC2"
"ENSG00000058091.17",1213.16649108712,0.0714063564474935,0.11148004044701,0.640530413885483,0.521827822847933,0.69456737320898,"CDK14"
"ENSG00000058262.10",19008.741328374,0.119365241179184,0.0586167526663965,2.03636734806044,0.0417134816469766,0.138272535614077,"SEC61A1"
"ENSG00000058272.19",3075.00171640078,-0.0227032189244367,0.0610932894206338,-0.371615592149943,0.710179078359168,0.832271183632363,"PPP1R12A"
"ENSG00000058335.16",807.786677181624,-0.351209472744741,0.211552350184557,-1.66015396396376,0.0968834831393521,0.239817234509922,"RASGRF1"
"ENSG00000058404.20",90.2860344577293,-0.592714350594785,0.240609309244611,-2.46338910350394,0.0137630463829958,0.0664005715737569,"CAMK2B"
"ENSG00000058453.17",1128.3578812243,-0.125701892496678,0.097578072471945,-1.28821864700001,0.197669862715968,0.377867180741083,"CROCC"
"ENSG00000058600.16",1535.68434215186,0.0502991267658495,0.0575468503314302,0.874055251958381,0.382088165010507,0.573347513304854,"POLR3E"
"ENSG00000058668.15",9112.29105738814,0.0114260248077418,0.0971714262612005,0.117586262210747,0.906395490591855,0.950265306344458,"ATP2B4"
"ENSG00000058673.17",12.1682450815424,-0.996328373995726,0.182514984800187,-5.4588853352862,4.79133053748569e-08,8.05645290830864e-06,"ZC3H11A"
"ENSG00000058729.11",886.925966487107,0.134771144264699,0.0504663764611697,2.67051359172569,0.00757353053356733,0.0443702138937276,"RIOK2"
"ENSG00000058799.15",1803.56052776889,0.0751861077297501,0.0592971072210612,1.26795574444221,0.204813755237307,0.386031722889248,"YIPF1"
"ENSG00000058804.12",1712.0355309329,0.0686898995095169,0.0881233112201952,0.779474790023269,0.435700082364116,0.621471352647637,"NDC1"
"ENSG00000058866.15",253.823151834289,0.0568801512639061,0.127953033654719,0.444539294139732,0.656652726128713,0.795500298777499,"DGKG"
"ENSG00000059122.17",1462.2885326755,0.0418724703893865,0.0690946263341809,0.606016308516779,0.544503923722531,0.711776567982223,"FLYWCH1"
"ENSG00000059145.19",654.621754222266,0.0444432844173789,0.0804139912421858,0.552680991589229,0.580481871669881,0.739184660681023,"UNKL"
"ENSG00000059377.18",1458.53210950691,0.116299550326194,0.103347085559264,1.12532975358558,0.260449326024441,0.451645367536419,"TBXAS1"
"ENSG00000059378.13",2708.6217916781,0.100225188474743,0.0691495793094606,1.44939693741609,0.14722676347355,0.313242627577,"PARP12"
"ENSG00000059573.9",4690.46057118425,0.0885504378375761,0.0817079703388326,1.08374296253314,0.278478780985229,0.471044948040149,"ALDH18A1"
"ENSG00000059588.10",2167.51390129562,-0.192194609227351,0.086950124543304,-2.2104006203192,0.0270773707958098,0.10354777232999,"TARBP1"
"ENSG00000059691.12",773.855603733535,0.157730677621679,0.0668739144766517,2.35862785745478,0.018342639828567,0.0806141004923755,"GATB"
"ENSG00000059728.11",1574.17855283713,0.35382013570575,0.0967473668526213,3.65715519932172,0.000255029977541797,0.00428607422629937,"MXD1"
"ENSG00000059758.8",1710.21478134507,-0.0574898201352531,0.0642870611875467,-0.894267354476451,0.37117886228232,0.563453303937867,"CDK17"
"ENSG00000059769.20",443.022992269999,-0.000297909501761619,0.0530081028804056,-0.00562007477297854,0.995515852713574,0.997896891473481,"DNAJC25"
"ENSG00000059804.16",3449.24830783125,0.289199859921892,0.13558475304464,2.13298216375905,0.0329261893851472,0.1177169883587,"SLC2A3"
"ENSG00000059915.17",192.20073669486,-0.0760095399088645,0.121944591611051,-0.623312103510923,0.53307944560034,0.702549837003092,"PSD"
"ENSG00000060069.17",1172.95939967572,0.110155760900384,0.0595691009420271,1.84920972716355,0.0644275347077554,0.184055767378179,"CTDP1"
"ENSG00000060138.13",8033.54023816284,0.0769686936426598,0.0758644646968257,1.01455528553779,0.310317863115209,0.504045109854839,"YBX3"
"ENSG00000060140.9",410.124883183294,0.450254470617015,0.143655043324773,3.13427541558069,0.00172279073880723,0.016143223210557,"STYK1"
"ENSG00000060237.18",12839.1589922493,-0.09809362105682,0.0809042184687022,-1.2124660853719,0.225334017242638,0.410531106274442,"WNK1"
"ENSG00000060339.14",3149.62203808796,-0.0408055757598079,0.0493196427562541,-0.827369653942464,0.408027575136974,0.597468479237374,"CCAR1"
"ENSG00000060491.16",2424.60935748593,0.0437604760952213,0.0739075375126306,0.592097606928695,0.553785229323232,0.71888219440318,"OGFR"
"ENSG00000060558.4",1239.61713521085,0.329210732693008,0.101460567714889,3.24471605183712,0.00117567792822531,0.0123126282681363,"GNA15"
"ENSG00000060566.14",3.60159515677121,0.320313809245312,0.203955507706201,1.57050825862828,0.11629691459001,0.269272771225065,"CREB3L3"
"ENSG00000060642.11",888.393294618792,0.0575861985767973,0.059772458926584,0.963423617012779,0.335334979076583,0.528648774662174,"PIGV"
"ENSG00000060656.20",3520.77016775618,-0.0108260629152238,0.124946986396639,-0.0866452503372662,0.930953496557381,0.96348264599119,"PTPRU"
"ENSG00000060688.13",1785.539535334,0.0446336825259487,0.0547945629035036,0.814564076449541,0.41532188038421,0.60408595038646,"SNRNP40"
"ENSG00000060709.15",96.4302076551389,-0.500488912385835,0.284523823559643,-1.75904044211229,0.0785706396616947,0.209335171755506,"RIMBP2"
"ENSG00000060718.22",3811.11864362447,0.064691743973032,0.264483734985656,0.244596303725598,0.806769026343197,0.893627480921052,"COL11A1"
"ENSG00000060749.16",1881.42302917336,-0.0656331863789071,0.0759610707164718,-0.864037141128329,0.387567487806374,0.578723383231843,"QSER1"
"ENSG00000060762.19",1380.07773283761,-0.0376797988181368,0.0773511260558994,-0.487126700533186,0.626168545797814,0.773946740245271,"MPC1"
"ENSG00000060971.19",1728.51630187077,0.0446892611529939,0.0683825817928436,0.653518191055938,0.513422265847114,0.687889552772666,"ACAA1"
"ENSG00000060982.15",3917.99456241929,0.0550257912755068,0.154278651585961,0.356664974122149,0.72134262978751,0.840207821905173,"BCAT1"
"ENSG00000061273.18",4211.62621924551,-0.0139791154753084,0.0677944588877115,-0.206198496229053,0.836635862444373,0.911011434805845,"HDAC7"
"ENSG00000061337.15",515.005433832059,0.146551711848156,0.109834648569779,1.3342939933481,0.182107525385291,0.359099395323922,"LZTS1"
"ENSG00000061455.11",349.70182506894,-0.067576945819393,0.128001857679663,-0.527937227196429,0.59754290534807,0.752562736816845,"PRDM6"
"ENSG00000061656.10",725.299771671792,0.126406444292657,0.138373077790409,0.913519062458977,0.360969612624344,0.554094762926013,"SPAG4"
"ENSG00000061676.15",9453.92946759713,0.0719435914243267,0.059079239028079,1.21774742884101,0.2233199674932,0.407978033239196,"NCKAP1"
"ENSG00000061794.13",3292.25744631454,0.25901700880919,0.0964091850330351,2.68664244719459,0.00721741661211248,0.0429945086867661,"MRPS35"
"ENSG00000061918.14",883.817996535017,0.00124369619219905,0.0900383822839503,0.013812955771205,0.988979206309318,0.994355229536923,"GUCY1B1"
"ENSG00000061936.10",1874.99041280796,-0.0413278557362233,0.0546827176997032,-0.755775452916956,0.449783836563698,0.633633193869386,"SFSWAP"
"ENSG00000061938.20",2294.05537043506,-0.00354841795776383,0.0847724088155987,-0.0418581706871458,0.966611762107706,0.983144497981557,"TNK2"
"ENSG00000061987.16",2314.37520819624,-0.139719696529493,0.0748659840280447,-1.86626407631474,0.0620044281768499,0.179558556760339,"MON2"
"ENSG00000062038.14",5908.29966692067,0.413621833714812,0.186285405416614,2.22036628575265,0.026393913685503,0.101952960706747,"CDH3"
"ENSG00000062194.16",4131.03345335758,-0.042636840358869,0.0457347083440866,-0.932264398366539,0.351199901741751,0.544723891390082,"GPBP1"
"ENSG00000062282.15",531.549099145433,-0.242472665082466,0.126362651357427,-1.91886338627552,0.0550016253752106,0.165611749445318,"DGAT2"
"ENSG00000062370.17",164.964818653878,-0.0621805965321902,0.0753368494906293,-0.825367624908771,0.409162909514635,0.598655468333325,"ZNF112"
"ENSG00000062485.19",6657.35165494242,0.0413613233226396,0.0614277726454976,0.67333262368697,0.500735702287736,0.677214678322525,"CS"
"ENSG00000062524.16",503.585713999091,-0.4185753858816,0.18913083623365,-2.21315251503725,0.0268871325856543,0.10311004511827,"LTK"
"ENSG00000062582.14",13.4862733544408,-0.0173797603562126,0.118085421762169,-0.147179559482087,0.882990294057136,0.9377458885465,"MRPS24"
"ENSG00000062598.18",1908.49510830203,-0.0427837811831784,0.0496295466025804,-0.862062704819348,0.388653013050234,0.579723331697197,"ELMO2"
"ENSG00000062650.19",2928.60478914718,0.0164852359674303,0.0506525552241063,0.325457144155775,0.744835112576816,0.854672531813311,"WAPL"
"ENSG00000062716.13",13207.067646668,-0.240525621674111,0.0977510354892122,-2.46059410491519,0.0138707190588531,0.0667530860980627,"VMP1"
"ENSG00000062725.10",2231.25892339295,-0.0829109161630342,0.051306463639444,-1.61599358602632,0.10609569994821,0.253880840823386,"APPBP2"
"ENSG00000062822.15",1186.89483674648,0.0580789664183264,0.0810363205677753,0.716702905702038,0.47355743260404,0.654027850350489,"POLD1"
"ENSG00000063015.20",18.4479314328569,-0.74155817221439,0.231898732907089,-3.19776724485811,0.00138496016052673,0.0137763605092371,"SEZ6"
"ENSG00000063046.18",12399.957475917,0.0203948069222316,0.0581014092784141,0.351020864648953,0.72557269542722,0.842495773638323,"EIF4B"
"ENSG00000063127.16",111.493480216787,-0.18971357418236,0.124952466184415,-1.51828595285478,0.128942327318092,0.288286153429864,"SLC6A16"
"ENSG00000063169.11",821.258182584894,0.0465367870409972,0.0836554656755175,0.556291052416155,0.578011902870436,0.737364942994308,"BICRA"
"ENSG00000063176.16",561.29295877381,0.0289859360737827,0.0767931177541515,0.377454867330421,0.705835598737674,0.829072124810021,"SPHK2"
"ENSG00000063177.13",27171.4210846563,0.18178102615795,0.0927524871535559,1.95985069227311,0.0500132442192481,0.155746977812312,"RPL18"
"ENSG00000063180.9",574.864132065185,-0.008791419369203,0.125595002377408,-0.069998162369432,0.944195122268276,0.970915824993423,"CA11"
"ENSG00000063241.8",1879.00353528732,0.208960787904008,0.0847766637681212,2.46483853711856,0.0137075005344246,0.0662645295909104,"ISOC2"
"ENSG00000063244.13",6230.57777969076,0.0979172650411894,0.0665355079648633,1.47165427959006,0.141114259843462,0.304953722768296,"U2AF2"
"ENSG00000063245.15",5838.80213002058,0.240707963532428,0.0735042585896039,3.27474854043997,0.00105756064426791,0.0114199786544459,"EPN1"
"ENSG00000063322.15",3033.95198925285,0.0925450845853072,0.0542682153726853,1.70532758355433,0.088133345915401,0.225605373332419,"MED29"
"ENSG00000063438.19",11.2559414303415,0.0181243344524571,0.220090188089876,0.0823495795507968,0.934368729489115,0.965545288685862,"AHRR"
"ENSG00000063587.15",1318.27527856324,-0.0778730886504231,0.0674162451028588,-1.15510866159351,0.248045931690409,0.437414540749592,"ZNF275"
"ENSG00000063601.17",1852.27400939139,-0.0808718657437934,0.0503515761588503,-1.60614367837577,0.108242344840516,0.257467223471689,"MTMR1"
"ENSG00000063660.9",3042.71375642835,0.295201241506117,0.125395166054408,2.35416763496315,0.0185642369980327,0.0811651035635654,"GPC1"
"ENSG00000063761.16",401.154470353294,-0.0193769689411826,0.0653755062661267,-0.29639493516584,0.76692849281163,0.869312483502186,"ADCK1"
"ENSG00000063854.13",1864.30811895081,0.0652400153391018,0.0735042972351409,0.887567363992316,0.374773515403138,0.566559262966747,"HAGH"
"ENSG00000063978.16",3048.50300115335,0.144893178818424,0.0450542749756639,3.21596960325492,0.0013000460134141,0.0132039145590591,"RNF4"
"ENSG00000064012.22",1924.03640637015,-0.00526817582752866,0.0571385133531821,-0.0922000856929062,0.926539069963158,0.961573106492626,"CASP8"
"ENSG00000064042.18",8117.97414969696,-0.126944087078012,0.126246939421749,-1.00552209550154,0.314645515470374,0.50871664464623,"LIMCH1"
"ENSG00000064102.15",1208.24439817131,0.249609058159764,0.0905534717458221,2.75648247767242,0.0058426743058413,0.0372643976368533,"INTS13"
"ENSG00000064115.11",4279.45761502616,0.139805376616908,0.0929720369976375,1.50373575896224,0.132649417985213,0.293294087813236,"TM7SF3"
"ENSG00000064195.7",155.217408004536,-0.165878409317202,0.202910325869405,-0.817496145681433,0.413644951034706,0.602728554408862,"DLX3"
"ENSG00000064199.7",198.617567383745,-0.201208376942748,0.112308489301627,-1.79156872462564,0.0732020767313368,0.199925499938555,"SPA17"
"ENSG00000064201.16",91.5183357606609,-0.181224328402456,0.139234731108065,-1.30157416156319,0.193061997359203,0.372464106048556,"TSPAN32"
"ENSG00000064205.10",699.55262175431,-0.0101902443039605,0.16418177460265,-0.0620668422461799,0.9505096021235,0.97408791512245,"CCN5"
"ENSG00000064218.5",15.0155003809358,-0.589542097697502,0.274528565115231,-2.14747087411485,0.0317558135321851,0.115068164989882,"DMRT3"
"ENSG00000064225.12",471.153893096186,-0.372480612212311,0.110676093834403,-3.36550197343997,0.000764045206553139,0.00910264961086174,"ST3GAL6"
"ENSG00000064270.13",1296.55970432685,0.218515105134791,0.143803329580204,1.51954134700975,0.128626288747436,0.287870061257623,"ATP2C2"
"ENSG00000064300.9",150.898845045618,-0.660197295100406,0.177061374617779,-3.72863531939459,0.000192519520472742,0.00348724287002122,"NGFR"
"ENSG00000064309.14",489.19756240219,-0.230860708187861,0.148891600933093,-1.55052875206575,0.121014657987316,0.2761818623781,"CDON"
"ENSG00000064313.12",1769.991546972,-0.00861195371652467,0.0715261324299486,-0.120402899247475,0.904163994844179,0.949091398314697,"TAF2"
"ENSG00000064393.16",4917.18246827281,-0.105788318772972,0.0975573303441835,-1.08437078382269,0.278200432310545,0.47087580035155,"HIPK2"
"ENSG00000064419.13",3011.82202243571,0.0354815358364658,0.0543506422147812,0.652826432045659,0.513868181246057,0.688237724604754,"TNPO3"
"ENSG00000064490.14",1283.28674593023,0.052252550268688,0.0745402034520911,0.700998224431626,0.483304123290828,0.662551066669766,"RFXANK"
"ENSG00000064545.15",1200.36070264806,0.0298543434394547,0.0779175556896645,0.383152977210434,0.701606341120793,0.825975244516781,"TMEM161A"
"ENSG00000064547.14",822.002715093161,0.092661911898578,0.0784664261339333,1.18091158810285,0.237637847382742,0.425381840578184,"LPAR2"
"ENSG00000064601.20",8005.78202588277,0.143227740345894,0.0841944424460735,1.70115433019978,0.0889140110865814,0.226958074914173,"CTSA"
"ENSG00000064607.17",2790.83616602864,-0.171246469379144,0.0697738728788808,-2.45430649487391,0.014115661261598,0.0674734688273343,"SUGP2"
"ENSG00000064651.14",3262.59065705059,0.133678852340455,0.11932714835833,1.1202719094487,0.262597908700226,0.454058978942708,"SLC12A2"
"ENSG00000064652.11",780.014712781628,0.0474834373670149,0.0675873105174811,0.702549591091268,0.48233648647658,0.662066734457422,"SNX24"
"ENSG00000064655.19",743.709265461147,-0.39329838162715,0.224496947602911,-1.75190970668703,0.0797893352094702,0.211498912191791,"EYA2"
"ENSG00000064666.15",8890.46180198787,0.107721894556045,0.0779369961487597,1.38216636358983,0.166920625480751,0.339162323284058,"CNN2"
"ENSG00000064687.13",1672.80320574475,-0.108259885173327,0.102314227396601,-1.05811173996045,0.290004502736615,0.482321905765317,"ABCA7"
"ENSG00000064692.20",224.674951356115,-0.209590798709083,0.145642819350707,-1.43907402811524,0.15012954966934,0.317289601799106,"SNCAIP"
"ENSG00000064703.12",769.635488202966,0.0126977785553676,0.0499723387577473,0.254096143406918,0.799421282734558,0.889513477693982,"DDX20"
"ENSG00000064726.10",2599.74473284391,0.0156425720397434,0.0432391018895591,0.361769124615436,0.717524566548307,0.837535304744505,"BTBD1"
"ENSG00000064763.11",444.527414847814,0.0497320405473215,0.128687548540626,0.38645573026532,0.699159182892441,0.824347723768036,"FAR2"
"ENSG00000064787.13",917.627428450642,0.131755974759417,0.219551169150157,0.600115113344287,0.548429520952732,0.71482669608573,"BCAS1"
"ENSG00000064886.14",948.473095804931,0.068242773842108,0.187966186889891,0.363058776534547,0.716560978100424,0.836785849361845,"CHI3L2"
"ENSG00000064932.16",5428.78732911802,0.0218852304756266,0.0893684039986089,0.244887784680224,0.806543320182857,0.89340719852435,"SBNO2"
"ENSG00000064933.18",700.644583663307,-0.153949812475469,0.0588275331968602,-2.61696868981896,0.00887144784028287,0.049525806631683,"PMS1"
"ENSG00000064961.19",2445.57526312313,0.176856681258456,0.0711087417091665,2.48712995065777,0.0128778349422303,0.0634864509917045,"HMG20B"
"ENSG00000064989.13",2579.75436136995,-0.0922848695899778,0.160781798781431,-0.573975849812647,0.565984143784283,0.728300162293129,"CALCRL"
"ENSG00000064995.18",1099.65081981089,0.00976766252725227,0.0551605563825172,0.177076939897366,0.859447954971425,0.924676494857943,"TAF11"
"ENSG00000064999.15",2829.86929204662,-0.0252431788128876,0.0773870552587221,-0.326193815341519,0.7442777203632,0.854520394936085,"ANKS1A"
"ENSG00000065000.19",7627.12663400865,0.056403790933735,0.060525985889068,0.93189379908841,0.351391412558139,0.544958145270371,"AP3D1"
"ENSG00000065029.15",1725.26169580008,-0.0579533585766008,0.0631926483261687,-0.917090201339161,0.359095375263977,0.552210731116101,"ZNF76"
"ENSG00000065054.14",5473.96158922453,0.0963626550878671,0.113821610890234,0.84661123958961,0.397211847042527,0.587671600390474,"SLC9A3R2"
"ENSG00000065057.9",1047.56164358532,0.156319158525816,0.101189179174436,1.54482089687025,0.122389591246133,0.278270618135459,"NTHL1"
"ENSG00000065060.17",1737.49659766728,-0.102540025599667,0.0667617244972848,-1.53591037936471,0.124560362151272,0.281629075524774,"UHRF1BP1"
"ENSG00000065135.12",4480.36356203366,0.164759948513925,0.0534505487553853,3.08247440579035,0.00205287383026814,0.0181868888853425,"GNAI3"
"ENSG00000065150.21",6429.59868910462,0.105036875556004,0.0653302299536172,1.60778364978322,0.107882570572309,0.256940017023605,"IPO5"
"ENSG00000065154.12",6293.34073095145,-0.143865081404792,0.110035519825573,-1.30744219351028,0.19106257530461,0.369951549256377,"OAT"
"ENSG00000065183.16",1769.38069608678,0.14587036035494,0.0689800907426003,2.11467336132184,0.0344577962901291,0.121345823131719,"WDR3"
"ENSG00000065243.20",2825.81896134905,-0.00735439090059941,0.0644850633696926,-0.1140479750859,0.90919976289607,0.951866405467411,"PKN2"
"ENSG00000065268.11",1299.59050223349,0.287030339401629,0.0869255919129851,3.30202340973363,0.000959900585583616,0.0106954384858887,"WDR18"
"ENSG00000065308.5",2375.94138376448,0.0936372021643977,0.073651341858864,1.27135772140896,0.203601416231608,0.384703490546168,"TRAM2"
"ENSG00000065320.9",760.486643142728,-0.501520092550948,0.160205260285109,-3.13048455249483,0.00174518177571503,0.0163025636528846,"NTN1"
"ENSG00000065325.13",19.1175538239123,0.131426455456109,0.23579586637252,0.557373873757718,0.5772720120134,0.736788081117965,"GLP2R"
"ENSG00000065328.17",428.50811606718,0.203485914278232,0.162195341850867,1.25457310892029,0.209633770472752,0.391855433178897,"MCM10"
"ENSG00000065357.20",1427.23718958915,0.154848318165128,0.0912867660189291,1.69628441140109,0.0898320312018944,0.228390822054576,"DGKA"
"ENSG00000065361.16",10450.9130765437,-0.00919912403493018,0.104581023692905,-0.0879616942930561,0.92990712161389,0.963082405711013,"ERBB3"
"ENSG00000065413.20",1376.4196142815,-0.418721161083151,0.113998368136239,-3.67304521923277,0.000239677049862959,0.00411106028907135,"ANKRD44"
"ENSG00000065427.15",6385.82391276622,0.131948988137904,0.061369277258961,2.15008215888085,0.0315487165818227,0.114579624867309,"KARS1"
"ENSG00000065457.10",1107.71583762427,-0.0327717229323058,0.0611558674388763,-0.535872097065098,0.592046949971997,0.748352973981575,"ADAT1"
"ENSG00000065485.20",1869.14125044488,-0.0411777455823753,0.0727987375055553,-0.565638182657124,0.571639766001451,0.732630303878974,"PDIA5"
"ENSG00000065491.8",1041.99985162995,-0.0096518999435738,0.0479420550081506,-0.201324284950507,0.840445014659785,0.913245728420256,"TBC1D22B"
"ENSG00000065518.8",3598.79524040426,0.155072591888522,0.0790339017721181,1.96210219173602,0.0497505878370101,0.155190323325923,"NDUFB4"
"ENSG00000065526.12",3899.76039466986,-0.0810992501703451,0.0656692368886671,-1.23496562489126,0.21684329780418,0.400586167672544,"SPEN"
"ENSG00000065534.19",4924.54645236654,-0.0474830478768001,0.117662350797662,-0.403553452356687,0.686541120666928,0.81655708904005,"MYLK"
"ENSG00000065548.18",3113.58526419541,0.0640066232590046,0.0554841745447876,1.15360143291557,0.248663610639245,0.438293374768951,"ZC3H15"
"ENSG00000065559.15",1507.64997253605,0.0563768124663461,0.0490801385464117,1.14866856810183,0.250692671386065,0.440645803175325,"MAP2K4"
"ENSG00000065600.13",589.764196939948,0.0872015102537355,0.0851062729488758,1.02461907016088,0.305542962755379,0.498795815387605,"PACC1"
"ENSG00000065609.14",16.2363215181321,-0.275838313463874,0.256560772693913,-1.07513830180485,0.282312813477612,0.474811239098357,"SNAP91"
"ENSG00000065613.15",4862.56065909197,0.203694325357918,0.0712793737748774,2.85768960318379,0.00426737602461255,0.0300557964855988,"SLK"
"ENSG00000065615.14",1157.99835153145,0.00161123452525175,0.0689869377061957,0.0233556464285129,0.981366584367761,0.990721861906223,"CYB5R4"
"ENSG00000065618.21",2688.8329082745,0.957549138774598,0.257404599744248,3.72001564745151,0.000199210435522284,0.00358116254311198,"COL17A1"
"ENSG00000065621.15",640.045185319813,0.00421909800279979,0.137706599316978,0.0306383138043234,0.975557986484877,0.987841845677819,"GSTO2"
"ENSG00000065665.21",319.873510096452,-0.0846634555541201,0.0899358208828477,-0.941376358419017,0.34651202455103,0.540207348083399,"SEC61A2"
"ENSG00000065675.15",266.567468629428,-0.108854492430353,0.136641961836382,-0.79664029239201,0.425659969616287,0.61307474873404,"PRKCQ"
"ENSG00000065717.15",2084.03764102624,-0.0876791155604344,0.105889536738946,-0.828024356897447,0.407656706061411,0.59715393852968,"TLE2"
"ENSG00000065802.12",1165.65936231276,-0.00100272014723708,0.0534237948934456,-0.0187691673576731,0.985025250372917,0.992898533430183,"ASB1"
"ENSG00000065809.13",7285.18853596443,0.0589476153761273,0.0836331866065773,0.704835218744271,0.480912788482402,0.660820895082117,"FAM107B"
"ENSG00000065833.9",1909.71580913459,0.112226601166848,0.139306825039776,0.805607342890801,0.420469290366569,0.60841355039437,"ME1"
"ENSG00000065882.16",2030.62007902572,0.239654110310673,0.0837103575468575,2.86289674699484,0.00419787336578685,0.0297424554090533,"TBC1D1"
"ENSG00000065883.16",3009.52773039118,-0.0117908380024852,0.0608004353744215,-0.193926867955382,0.846233145457871,0.916605499092912,"CDK13"
"ENSG00000065911.13",3064.50646205349,0.255523069685902,0.115286757965082,2.2164130052412,0.026663229820775,0.102573350016307,"MTHFD2"
"ENSG00000065923.10",1391.43020995764,0.210571421299023,0.0988682617348536,2.12981818031489,0.0331866271366223,0.118422548473694,"SLC9A7"
"ENSG00000065970.9",1547.39434516228,0.0380207387430993,0.0585019080519658,0.649905960491517,0.51575296779211,0.689984873290313,"FOXJ2"
"ENSG00000065978.19",17033.352858233,0.215730340246859,0.0738943545316347,2.91944278577471,0.00350657756327378,0.0263423022482412,"YBX1"
"ENSG00000065989.16",1746.87110787997,0.0924989483740649,0.0849641609791071,1.08868194904921,0.276294164629859,0.468912760514956,"PDE4A"
"ENSG00000066027.12",4393.91917392649,-0.0384634990627722,0.0774554063293043,-0.496588952089972,0.619478945531063,0.768560183848171,"PPP2R5A"
"ENSG00000066032.18",10.7015453659158,0.31349617408896,0.290020525372097,1.08094478377606,0.279721675984181,0.472393920997329,"CTNNA2"
"ENSG00000066044.15",3317.07115309104,0.10117567347123,0.0373207493122431,2.71097647651033,0.00670853853804226,0.0409127714210942,"ELAVL1"
"ENSG00000066056.14",1563.64708882167,-0.0620729503878236,0.134438649553493,-0.461719532247492,0.644282462257677,0.786409151486466,"TIE1"
"ENSG00000066084.13",2650.01706632737,0.106101108374062,0.0661306972921273,1.60441538829341,0.108622521280443,0.257965553373487,"DIP2B"
"ENSG00000066117.15",2725.54821385695,-0.0192208889888011,0.0572347801511394,-0.335825330997073,0.737002587039155,0.849884906317571,"SMARCD1"
"ENSG00000066135.13",857.993119193706,-0.101939600512749,0.0498475320976184,-2.04502803294487,0.0408520944671544,0.136486581143499,"KDM4A"
"ENSG00000066136.20",2156.9992781744,0.0378228458920423,0.0548250378230299,0.68988271406453,0.490267947155072,0.668516168276287,"NFYC"
"ENSG00000066185.13",160.432290798371,-0.223524876497856,0.119450115628603,-1.87128221116877,0.0613059748679759,0.178383134179297,"ZMYND12"
"ENSG00000066230.12",44.3863301728655,-0.152254815966627,0.152539223501078,-0.998135512113386,0.318213651998467,0.51197444140458,"SLC9A3"
"ENSG00000066248.15",450.67761673028,1.03206475490721,0.19029197972621,5.42358514737269,5.84153691417439e-08,9.30910296420443e-06,"NGEF"
"ENSG00000066279.18",1061.51315476116,0.270031987315977,0.164109076133929,1.64544212713503,0.0998786680543532,0.244173834648987,"ASPM"
"ENSG00000066294.15",1347.15129291437,-0.250007013577395,0.125822333882589,-1.98698439190207,0.0469241265139432,0.149482819254494,"CD84"
"ENSG00000066322.15",4648.48420196648,0.173142099564187,0.0685250441076658,2.52669811189246,0.0115140428244083,0.0589119732694582,"ELOVL1"
"ENSG00000066336.12",2175.26395629875,0.123250302167704,0.130878617930809,0.941714575813003,0.346338790499409,0.540102925293776,"SPI1"
"ENSG00000066379.15",478.248865387922,-0.025235120708764,0.0713580336623482,-0.353640920490767,0.723608003409369,0.841268055023714,"POLR1H"
"ENSG00000066382.16",39.5555348671219,-0.234737292845484,0.158111704845162,-1.48462944647495,0.137642010650222,0.299902844278655,"MPPED2"
"ENSG00000066405.13",8184.87370327847,0.221521349270586,0.322275100647609,0.687367248743203,0.491851330841903,0.669824778407145,"CLDN18"
"ENSG00000066422.5",1366.43481103112,-0.0979898885973365,0.0455561139537787,-2.15097118899907,0.0314784738112605,0.114411880851342,"ZBTB11"
"ENSG00000066427.24",1001.07004794111,-0.0826850329192863,0.0651516245822473,-1.26911697827128,0.204399345662413,0.385559352384225,"ATXN3"
"ENSG00000066455.13",3205.77740159082,0.12186752524464,0.057140841620554,2.13275691761605,0.0329446721041804,0.117754130187449,"GOLGA5"
"ENSG00000066468.23",1389.05691360935,-0.506503073110482,0.158198751287335,-3.20168818646695,0.00136624801234696,0.0136565427012107,"FGFR2"
"ENSG00000066557.6",853.600022449697,-0.0198504371794743,0.0646450019409492,-0.307068397918944,0.758791311223695,0.863927734748046,"LRRC40"
"ENSG00000066583.12",1127.31060145467,0.0616684913792151,0.0603875130964659,1.02121263514699,0.307153707333421,0.500698352331995,"ISOC1"
"ENSG00000066629.18",721.165939065083,-0.0281891296230096,0.127493990894481,-0.221101633302388,0.825013298538404,0.904179595372937,"EML1"
"ENSG00000066651.20",539.685602583337,-0.139643786852081,0.0606166944177311,-2.3037182775053,0.0212384631561496,0.0884639251667319,"TRMT11"
"ENSG00000066654.14",2678.34983042063,-0.0699985432469868,0.0476550286101809,-1.46885953672542,0.141870891627557,0.306052458689579,"THUMPD1"
"ENSG00000066697.15",836.225847581945,0.27215968314283,0.0715382592052614,3.80439342760543,0.000142152095796587,0.00283063677786416,"MSANTD3"
"ENSG00000066735.14",258.31388494651,-0.359223337140883,0.175486861179088,-2.04700987143584,0.040657115319822,0.135985266259075,"KIF26A"
"ENSG00000066739.12",1747.14553495977,-0.197734786967594,0.0718796310000305,-2.75091544317346,0.00594289813244619,0.0377469595156105,"ATG2B"
"ENSG00000066777.9",4292.40394272953,-0.161425220214655,0.0740237455055173,-2.1807221333136,0.0292039749439603,0.108770495597656,"ARFGEF1"
"ENSG00000066813.14",1.55447717312155,-0.530478620846156,0.272006918838263,-1.95023943917243,0.0511475870907384,0.158037737077676,"ACSM2B"
"ENSG00000066827.16",639.182954887005,-0.205016928323376,0.0916892079820715,-2.23599846520066,0.0253518716943653,0.0994244646730161,"ZFAT"
"ENSG00000066855.16",1759.0739246061,-0.0299120115182796,0.0965199988688764,-0.309904805934731,0.756633348008854,0.862307673133836,"MTFR1"
"ENSG00000066923.17",233.871560892349,-0.50506593429524,0.150649137820066,-3.35259757608759,0.000800570161100108,0.00938829953276009,"STAG3"
"ENSG00000066926.12",1487.14895431865,-0.0508119498538853,0.0842632895145249,-0.603014078214055,0.546499323751939,0.713522094336336,"FECH"
"ENSG00000066933.16",1730.11284258395,-0.186034878161084,0.0971287579724569,-1.91534291227979,0.0554487863730068,0.166506398910121,"MYO9A"
"ENSG00000067048.17",953.533271449035,-0.120949308511475,0.416122340637287,-0.290658051010294,0.771312857471973,0.872007706252351,"DDX3Y"
"ENSG00000067057.18",6007.17713147176,0.53392877127838,0.130300443590022,4.09767424091307,4.17322015796446e-05,0.00115111034564301,"PFKP"
"ENSG00000067064.11",2872.34776192274,0.0759197749585092,0.0936245258006532,0.810896229479002,0.417425265779474,0.605812527183785,"IDI1"
"ENSG00000067066.17",4282.03067992503,0.0966921822826051,0.0617470303126312,1.56594060950046,0.117362521639897,0.270929859447864,"SP100"
"ENSG00000067082.15",10270.3508808167,0.0048196412128661,0.112504814650546,0.0428394218312922,0.965829538743185,0.983043804138699,"KLF6"
"ENSG00000067113.17",997.478569671847,-0.267481951359947,0.0941073151433072,-2.84230775208732,0.00447882341529288,0.0310782550990717,"PLPP1"
"ENSG00000067141.17",2629.96196032857,-0.190072698761031,0.105049949367545,-1.80935545333785,0.0703957990671708,0.194786530654216,"NEO1"
"ENSG00000067167.8",22284.0372188713,-0.12989187397115,0.0869988688910989,-1.49302945689722,0.135429476345638,0.297104412455685,"TRAM1"
"ENSG00000067177.15",1103.10480740893,0.157564008922041,0.0937823574728442,1.68010288041293,0.0929373005771453,0.233539251876738,"PHKA1"
"ENSG00000067182.8",7935.13813604086,0.244521158237769,0.0774742528908308,3.15616026116862,0.0015986099891602,0.0152587506792175,"TNFRSF1A"
"ENSG00000067191.16",731.526631161175,-0.279606069167805,0.125711124419168,-2.22419511765318,0.0261353194064312,0.101247018367282,"CACNB1"
"ENSG00000067208.14",1290.79349381805,-0.0940749919596514,0.0735742791099512,-1.27863966997303,0.201023973600952,0.38156734054142,"EVI5"
"ENSG00000067221.14",758.271911777119,0.0814515958417086,0.0806649510716477,1.0097520020729,0.312614121274312,0.506688324310448,"STOML1"
"ENSG00000067225.18",60009.447020606,0.309106366893951,0.0868110274863731,3.56068089324795,0.000369894386398759,0.00553976329571474,"PKM"
"ENSG00000067248.10",1895.16460876857,-0.0237285960874721,0.0617849031474067,-0.384051683804704,0.700940141166686,0.82561368175769,"DHX29"
"ENSG00000067334.14",3047.80994009267,0.148894103080184,0.0591028265883992,2.51923827801171,0.0117609037827962,0.0597065827448358,"DNTTIP2"
"ENSG00000067365.15",562.008730203345,0.0126361981154482,0.0568843584853314,0.222138360208574,0.824206176632898,0.903814012452209,"METTL22"
"ENSG00000067369.14",1815.43849244533,-0.0439845158935959,0.0707252204115684,-0.621907088272593,0.534002963950832,0.70304336755833,"TP53BP1"
"ENSG00000067445.21",283.193101147944,0.119909006055413,0.131680020406463,0.910608957116531,0.362501449350054,0.555498515751236,"TRO"
"ENSG00000067533.6",1247.94420935739,0.0406122707329478,0.0554535982903888,0.732364931853064,0.463945857056856,0.645912331979236,"RRP15"
"ENSG00000067560.13",25378.6232149993,0.0487535595882585,0.0551710638907131,0.883679888516073,0.376869039896745,0.568436594268216,"RHOA"
"ENSG00000067596.12",2959.79324725886,0.0213463272025257,0.0483503886482207,0.441492360233825,0.658856591119836,0.79701556104095,"DHX8"
"ENSG00000067601.8",72.7113944300642,-0.0669766172271304,0.0625397273536519,-1.07094514257135,0.284194096368716,0.476826792844008,"PMS2P4"
"ENSG00000067606.17",1361.20167466584,-0.0650750782358078,0.107249285176149,-0.60676468033262,0.54400709077337,0.711621285307616,"PRKCZ"
"ENSG00000067646.12",240.310322150922,0.0970729525804657,0.470696122416181,0.206232743287049,0.836609112112774,0.911011434805845,"ZFY"
"ENSG00000067704.10",6637.14825981759,0.154364996985989,0.0636717610743529,2.42438711261227,0.0153342499393853,0.0713918589332897,"IARS2"
"ENSG00000067715.14",444.163329947335,-0.00583392671414699,0.205675365550014,-0.0283647324439948,0.977371252309152,0.988655579957118,"SYT1"
"ENSG00000067798.16",266.001607543142,0.343570752831761,0.15779350252319,2.17734410693665,0.029454902597822,0.109336834896787,"NAV3"
"ENSG00000067829.19",2403.33359387157,0.03489785472783,0.0716580521117425,0.487005349704606,0.626254539817099,0.773995559957335,"IDH3G"
"ENSG00000067836.13",497.659284721714,0.0311557357393488,0.0780883569807408,0.398980551569716,0.689907534596565,0.818483111189945,"ROGDI"
"ENSG00000067840.12",188.855391410308,-0.505295707641075,0.169432981486399,-2.98227478031859,0.00286115075207213,0.0228685663216224,"PDZD4"
"ENSG00000067842.17",3.58601067706052,-0.355863291422272,0.237527193641288,-1.49820021011865,0.134081241077046,0.295324575816581,"ATP2B3"
"ENSG00000067900.8",3167.12029253407,-0.00569429713165278,0.0668407512413554,-0.0851919977842744,0.932108752297374,0.964137592513638,"ROCK1"
"ENSG00000067955.15",2877.60280368317,-0.0085764927996328,0.0528927606119284,-0.162148708072889,0.871188750184652,0.931100471573499,"CBFB"
"ENSG00000067992.16",1752.1679489663,-0.104662104087785,0.0856389593541698,-1.22213189974603,0.221657751571934,0.406278987177075,"PDK3"
"ENSG00000068001.14",3118.60008252889,0.149586806109483,0.0939265339861353,1.5925936980871,0.11125136819158,0.261814646299729,"HYAL2"
"ENSG00000068024.17",893.872204755031,-0.0950029391490643,0.0770416928037533,-1.23313670418774,0.217524765517586,0.40130171328399,"HDAC4"
"ENSG00000068028.17",1240.75276755059,-0.00497474954541159,0.0607727675957902,-0.0818582029783387,0.934759472036582,0.965739242901906,"RASSF1"
"ENSG00000068078.20",1632.57730331238,-0.622640633913406,0.18647453286591,-3.33901162986762,0.000840770442620186,0.00976343576775509,"FGFR3"
"ENSG00000068079.8",2164.00820098837,0.264248208054252,0.106070611229911,2.49124809398417,0.0127295198493701,0.0629349427301871,"IFI35"
"ENSG00000068097.15",1083.28992015603,0.0191654160876208,0.0573180497456955,0.334369647478456,0.738100640430487,0.850532487257795,"HEATR6"
"ENSG00000068120.15",3781.36334369657,0.0955046453593937,0.0751650384197895,1.27059930211183,0.203871235367797,0.384936244718428,"COASY"
"ENSG00000068137.15",1348.74191506627,-0.0956341223297051,0.0858046141283795,-1.11455687204209,0.265040360493083,0.456728194715125,"PLEKHH3"
"ENSG00000068305.17",2206.61921496091,-0.0783775590162141,0.063354605147067,-1.23712489146249,0.216040720080365,0.399569118028754,"MEF2A"
"ENSG00000068308.14",3328.34470608972,0.0726807665432478,0.0608278935262944,1.1948591728206,0.232142056553424,0.418802455630542,"OTUD5"
"ENSG00000068323.17",3352.66240008189,0.178882606165735,0.0654225219464665,2.73426643980662,0.00625194318537831,0.0390224867774278,"TFE3"
"ENSG00000068354.16",875.07567819346,0.0373758767258592,0.0605666010791062,0.617103751241421,0.537166294562598,0.705506230812757,"TBC1D25"
"ENSG00000068366.20",5187.15548984323,0.0926612013525512,0.1027527633448,0.901787926049393,0.367169534820434,0.559782676367209,"ACSL4"
"ENSG00000068383.19",979.768542481836,-0.0243663692072595,0.0667473040005763,-0.365053983409564,0.715071109808622,0.835621707927639,"INPP5A"
"ENSG00000068394.11",1071.37602270775,0.103853448305946,0.0597742092261238,1.73742906264258,0.0823114650962973,0.215898180686286,"GPKOW"
"ENSG00000068400.13",2754.32235528768,0.0154640692931783,0.0730911695491218,0.211572333410063,0.832440695435525,0.908668662461793,"GRIPAP1"
"ENSG00000068438.15",1917.41624684444,0.177471250267041,0.0612999447538787,2.89512904097375,0.00379002695793328,0.0276895693461647,"FTSJ1"
"ENSG00000068489.13",990.400528201551,0.292381194070765,0.138253089887125,2.11482574682038,0.0344448016198181,0.121325727923043,"PRR11"
"ENSG00000068615.19",191.644722777514,0.214806454982756,0.185937065341015,1.15526430724715,0.247982207597646,0.437361425944188,"REEP1"
"ENSG00000068650.18",14484.0748440692,-0.323752773948823,0.120887623304375,-2.67813002770073,0.00740344715726095,0.0437491952798525,"ATP11A"
"ENSG00000068654.16",2710.12344667227,0.0610447639709153,0.0633455453360703,0.963678876660567,0.335206947823573,0.528648774662174,"POLR1A"
"ENSG00000068697.7",15328.71591907,0.12747006020794,0.0620727753224692,2.05355825554328,0.0400184659428603,0.134701727493241,"LAPTM4A"
"ENSG00000068724.17",2953.53055558962,0.134096264824125,0.0723408179969584,1.85367360415752,0.0637858702657914,0.182913262597674,"TTC7A"
"ENSG00000068745.15",2550.88767732664,-0.0667078901749915,0.0498532021913777,-1.33808636642661,0.180868284522354,0.3576649914827,"IP6K2"
"ENSG00000068784.13",853.887001123389,0.000114067898023387,0.0468455705094526,0.00243497724081234,0.998057171173525,0.999077464742782,"SRBD1"
"ENSG00000068796.19",1864.10438387541,-0.0583492902541742,0.0693163078518553,-0.841783009834855,0.399909423780769,0.590010832488396,"KIF2A"
"ENSG00000068831.19",369.17520953669,-0.193404579066727,0.133703370667669,-1.44651984539306,0.148031449862643,0.314372077583529,"RASGRP2"
"ENSG00000068878.15",4457.10324174811,0.0484804421637846,0.0629574776828103,0.770050579345582,0.441269890132336,0.626408339915374,"PSME4"
"ENSG00000068885.15",744.05845446177,-0.205457804872486,0.0762885604768585,-2.69316662404201,0.00707768876638787,0.0424878276414265,"IFT80"
"ENSG00000068903.20",2239.64092690104,-0.021140499929603,0.0664099660205484,-0.318333244185997,0.750232169646388,0.858332633128426,"SIRT2"
"ENSG00000068912.14",5507.69280469148,0.0070648826512787,0.069195870671444,0.102099772467987,0.918677481616055,0.957173730845695,"ERLEC1"
"ENSG00000068971.14",1001.39387912523,0.0334651271798625,0.0704014199162314,0.475347332762346,0.63453942715794,0.779173132754372,"PPP2R5B"
"ENSG00000068976.14",57.9042094386349,-0.178375372026378,0.123093669860775,-1.44910272175758,0.147308898055717,0.31334619216678,"PYGM"
"ENSG00000068985.5",9.15570830846133,0.563590190577536,0.571728813947851,0.985764888576952,0.324248499211337,0.51778048272066,"PAGE1"
"ENSG00000069011.16",681.845184366185,0.319891298639921,0.239355123793417,1.33647148876585,0.181395213487706,0.358302630830389,"PITX1"
"ENSG00000069020.18",2460.92930154256,-0.124818721746578,0.0994747941199564,-1.25477738205781,0.209559585495245,0.391794527879067,"MAST4"
"ENSG00000069122.19",11687.0733394038,-0.193475744056165,0.159705852536226,-1.21145055728173,0.225722772980532,0.411049729759356,"ADGRF5"
"ENSG00000069188.17",347.394134724113,-0.253708844704653,0.167591311712309,-1.51385440040099,0.130062771595977,0.289915630339104,"SDK2"
"ENSG00000069248.12",2529.46167272942,-0.0094021501961737,0.0498260161581774,-0.188699617611925,0.850328251305394,0.919297193024058,"NUP133"
"ENSG00000069275.13",15826.8394307288,0.0829826359379534,0.0587215908693703,1.41315374310197,0.1576105240338,0.327576710921708,"NUCKS1"
"ENSG00000069329.18",6668.53657448459,0.0513557907663397,0.0531564657680848,0.966125005195018,0.333981633579249,0.527553756547608,"VPS35"
"ENSG00000069345.12",3619.39933501583,0.0811084263273826,0.0539049751487139,1.50465566682147,0.132412626526546,0.293075408668587,"DNAJA2"
"ENSG00000069399.15",3734.82850041288,0.0297851629138496,0.105782121617531,0.281570859597066,0.778272587138305,0.876616457256769,"BCL3"
"ENSG00000069424.15",1810.53361141389,-0.0444346430100091,0.101355748092233,-0.438402792603079,0.661094322436128,0.798794695831136,"KCNAB2"
"ENSG00000069431.11",846.679058944999,-0.230346377888743,0.141820355815435,-1.62421238167331,0.104330489240474,0.251377163587344,"ABCC9"
"ENSG00000069482.7",116.04504714152,0.191646552345661,0.28543611925336,0.671416612750227,0.501955164726378,0.678199309427177,"GAL"
"ENSG00000069493.15",623.477056434564,-0.436186626553161,0.113302442353486,-3.84975484634592,0.000118236106772061,0.00247886316294851,"CLEC2D"
"ENSG00000069509.6",697.499232700755,0.0902359626266823,0.0726313934096269,1.2423823692569,0.214095517475252,0.397030137765475,"FUNDC1"
"ENSG00000069535.14",1034.21606431956,-0.241909315483967,0.15436372761001,-1.56713833767434,0.117082359746689,0.270470649670171,"MAOB"
"ENSG00000069667.16",1116.81127265973,-0.49663696244258,0.126089412169794,-3.93876816376778,8.19010206341493e-05,0.00190406003717818,"RORA"
"ENSG00000069696.7",34.236544924489,-0.272175804562849,0.148356337185665,-1.83460854942939,0.0665637110101573,0.187964854169734,"DRD4"
"ENSG00000069702.11",1160.42932914634,0.142452863262269,0.171717810775398,0.829575351671545,0.406778917443521,0.596382582503207,"TGFBR3"
"ENSG00000069764.10",181.187230562948,0.108022137863104,0.205728634387242,0.52507099065157,0.599533841532253,0.753986332721388,"PLA2G10"
"ENSG00000069812.11",216.877553244938,0.386565934813897,0.189652274070616,2.03828789666905,0.0415211495847367,0.137920848119649,"HES2"
"ENSG00000069849.11",4145.05822879475,0.229455891750038,0.0805454024927157,2.84877702077147,0.00438876273792713,0.030644940820849,"ATP1B3"
"ENSG00000069869.16",810.802951532201,0.308044662371183,0.0920753204294998,3.34557252621289,0.000821128813815802,0.00958213866048703,"NEDD4"
"ENSG00000069943.10",432.14185077969,-0.0582933902566227,0.0691608219978267,-0.842867227032879,0.399302704411735,0.589403012102854,"PIGB"
"ENSG00000069956.12",2607.02228537426,0.145554098262362,0.0819518481791848,1.77609293135298,0.0757176011278991,0.204151773109098,"MAPK6"
"ENSG00000069966.19",830.236830737561,0.109733748766051,0.0544607348985134,2.01491494689775,0.043913561600685,0.143236426606408,"GNB5"
"ENSG00000069974.16",3340.65144505373,-0.039426638705036,0.0824415549640103,-0.478237446179268,0.632481213123731,0.777946871425975,"RAB27A"
"ENSG00000069998.12",1496.08461212208,0.0401977160613248,0.068449222757456,0.587263294482714,0.55702688888952,0.72154292318881,"HDHD5"
"ENSG00000070010.19",1792.27714411643,0.115041016955271,0.065193388149946,1.76461172244452,0.0776290439844651,0.207457357631626,"UFD1"
"ENSG00000070018.9",2192.9208843931,-0.164665229912941,0.0856376420972127,-1.92281368193229,0.0545034531933342,0.164812304011415,"LRP6"
"ENSG00000070019.5",30.9581951990771,0.341366785897903,0.184404377820535,1.85118590964324,0.0641428121341834,0.183524249900714,"GUCY2C"
"ENSG00000070031.4",21.0958802836641,0.154455772029894,0.147326329745683,1.04839218011145,0.29445795491788,0.487052299934468,"SCT"
"ENSG00000070047.13",2436.8769226993,0.0569229696349906,0.0678524379209194,0.838922983155494,0.401512529658358,0.59158976780986,"PHRF1"
"ENSG00000070061.16",1953.65027517893,-0.0830438650611289,0.0508039595026701,-1.63459434804022,0.102134113272258,0.247873840495754,"ELP1"
"ENSG00000070081.17",3728.0262684867,-0.201628323846145,0.0753717787415087,-2.67511696304314,0.00747031828560357,0.0440362827766273,"NUCB2"
"ENSG00000070087.14",4233.45338096441,0.17638033399865,0.148640332191777,1.1866249987324,0.235375570762271,0.422627487724533,"PFN2"
"ENSG00000070159.14",1893.92977135343,-0.0783111411496237,0.0774757934987242,-1.01078204705207,0.312120757556095,0.50615861574842,"PTPN3"
"ENSG00000070182.21",1334.9972475737,0.29709397233578,0.220884799785524,1.34501773152455,0.178619508505003,0.354650482863614,"SPTB"
"ENSG00000070190.13",868.249476070888,0.0388994285785819,0.109448086979409,0.355414422052897,0.72227914601107,0.840681009933805,"DAPP1"
"ENSG00000070193.5",66.661880903188,0.0180706367713326,0.234128725999489,0.0771824845250818,0.938478375401411,0.967929385137521,"FGF10"
"ENSG00000070214.16",6134.21181654839,0.0846111225296496,0.065654919844633,1.28872478604612,0.197493782370629,0.377768614310594,"SLC44A1"
"ENSG00000070269.14",716.496446339168,-0.278266849058558,0.0740979058355175,-3.75539424388396,0.00017306883043193,0.00323217942185538,"TMEM260"
"ENSG00000070366.14",935.582851073018,-0.0575339712038739,0.0685422772181201,-0.839393926478182,0.40124829093723,0.59145904916671,"SMG6"
"ENSG00000070367.16",3101.10464353703,-0.035605132754274,0.063441676394756,-0.561226228208829,0.574643325081604,0.7348133439062,"EXOC5"
"ENSG00000070371.16",268.225022304041,0.100515819764008,0.10044220752388,1.00073288154396,0.316955966072739,0.510945207907429,"CLTCL1"
"ENSG00000070388.11",5.67829218175352,-0.363013376821045,0.153345174477836,-2.36729573041449,0.0179186084397619,0.079404263381471,"FGF22"
"ENSG00000070404.10",2368.92195998198,0.534731856879528,0.135598554147551,3.94349231996723,8.03035642388905e-05,0.00187485733815244,"FSTL3"
"ENSG00000070413.20",7319.64814670498,0.0804115000063778,0.070301882482015,1.1438029419333,0.252705369505916,0.442876236614226,"DGCR2"
"ENSG00000070423.18",1243.85325515928,0.194205951643999,0.0762499911298867,2.5469635965358,0.0108664768243036,0.0567138443191003,"RNF126"
"ENSG00000070444.15",959.89391543866,0.0661422028842647,0.0594933951176559,1.11175707409974,0.266242612839954,0.457945751188172,"MNT"
"ENSG00000070476.15",1460.33042089717,-0.0795519560917621,0.0567726046399144,-1.40123844231435,0.161142782218435,0.332111343840434,"ZXDC"
"ENSG00000070495.15",1296.55624824216,0.121573690449472,0.0612888166695865,1.98361947669649,0.0472982762917668,0.150229108240965,"JMJD6"
"ENSG00000070501.12",1371.01577568938,0.145467235336767,0.0993533581600285,1.46414009582306,0.143155673814054,0.308025712421076,"POLB"
"ENSG00000070526.15",2567.53840640146,-0.0452762492658025,0.182545152550154,-0.248027672240504,0.804112996269828,0.892258831649493,"ST6GALNAC1"
"ENSG00000070540.13",1013.32270675312,-0.0683936351474869,0.0628766828286767,-1.08774242009303,0.276708835206597,0.469402472339143,"WIPI1"
"ENSG00000070601.10",13.3948509880934,0.358405280628803,0.219427407493313,1.63336606271359,0.102392030195194,0.248244897906705,"FRMPD1"
"ENSG00000070610.14",2206.12774325057,-0.12728405647173,0.062255118664886,-2.04455567994159,0.0408986827190083,0.136560008400756,"GBA2"
"ENSG00000070614.15",5434.17057913722,-0.0508674035760013,0.0958256134326095,-0.530833059699371,0.59553446853154,0.750970724218641,"NDST1"
"ENSG00000070669.17",45.6154994715857,-0.158669854229385,0.13624644117939,-1.16457980741288,0.244189121338835,0.433103639482917,"ASNS"
"ENSG00000070718.12",1064.11107032404,-0.0318438474359597,0.0734370087702028,-0.433621248594215,0.664563502050114,0.801670809585653,"AP3M2"
"ENSG00000070729.14",116.195089178036,-0.382058865346864,0.220677375022303,-1.73130057083673,0.0833981696981011,0.217685242160634,"CNGB1"
"ENSG00000070731.11",172.245995241899,-0.0983955237961521,0.159351207986666,-0.617475857505803,0.536920900640924,0.705320121040141,"ST6GALNAC2"
"ENSG00000070748.19",20.3722398195681,-1.36117556028823,0.408107669974247,-3.33533442381547,0.000851968731306747,0.00984539915702726,"CHAT"
"ENSG00000070756.17",68534.7383383639,0.217537852779301,0.0909404348398027,2.3920916274758,0.0167526595045064,0.0758107095596491,"PABPC1"
"ENSG00000070759.17",193.276716455072,-0.195991723665812,0.0693064100050005,-2.82790182973943,0.00468541722430271,0.031961544628712,"TESK2"
"ENSG00000070761.8",1112.40678020945,0.0805977931072803,0.0594881593254666,1.35485437810103,0.17546395744075,0.35091737460653,"CFAP20"
"ENSG00000070770.10",1254.03598136987,0.0556005535849727,0.0553441073760795,1.00463366781129,0.315073279253139,0.509073976884594,"CSNK2A2"
"ENSG00000070778.13",1148.17480666404,-0.0238796577911668,0.132520198935244,-0.180196362388768,0.856998414084127,0.923307494663868,"PTPN21"
"ENSG00000070785.17",1005.60089572319,-0.0239393984395372,0.0551706707013184,-0.433915305636571,0.664349944798225,0.801558408065786,"EIF2B3"
"ENSG00000070808.16",29.5458469953735,0.086062191256326,0.137383449288823,0.62643784023355,0.53102779622985,0.701000756858718,"CAMK2A"
"ENSG00000070814.22",2461.6855397813,0.194682171473685,0.0741685069018776,2.6248630261796,0.0086683831122822,0.0487411719231906,"TCOF1"
"ENSG00000070831.17",13408.711061779,0.0203845845653733,0.0627962582153356,0.324614636997513,0.745472747956303,0.854973447163498,"CDC42"
"ENSG00000070882.13",2049.94044517475,0.0801778738468669,0.0899046329440572,0.891810257395269,0.372494642810119,0.564601144688244,"OSBPL3"
"ENSG00000070886.12",6.15813700214694,-0.123261378602933,0.298675703773618,-0.412693021379333,0.679831538426255,0.811968839778486,"EPHA8"
"ENSG00000070915.10",18.1420413823035,-0.126709700883682,0.153837732981265,-0.823658139184314,0.41013383111157,0.59940040585548,"SLC12A3"
"ENSG00000070950.10",698.356583558404,0.0479162315679064,0.0578389545585014,0.8284422139657,0.407420107968861,0.596886145417262,"RAD18"
"ENSG00000070961.16",2644.13328726617,0.145349859764805,0.0965689772673813,1.50514030362317,0.132288008978098,0.292929928820715,"ATP2B1"
"ENSG00000070985.13",15.1553822988597,-0.725034174630474,0.248248840870867,-2.9205944007111,0.0034936433589593,0.0262981910741023,"TRPM5"
"ENSG00000071051.14",1835.73420900381,0.132436276023244,0.0664340778773878,1.99349912356232,0.0462068194168172,0.148019208971817,"NCK2"
"ENSG00000071054.16",6542.54696256163,0.37375248804388,0.092413354044938,4.04435583911536,5.24671802449742e-05,0.00136788553789814,"MAP4K4"
"ENSG00000071073.13",2847.59443610617,-0.263951160920817,0.0858840415519753,-3.07334350073732,0.00211674680997226,0.0185503689245608,"MGAT4A"
"ENSG00000071082.11",29807.9683532487,0.114477107559275,0.0917966955062106,1.24707220590016,0.212371023100268,0.394954109712725,"RPL31"
"ENSG00000071127.17",14797.1355668844,0.231319315732678,0.0571481208935671,4.04771516745911,5.17200303392404e-05,0.00135370673748768,"WDR1"
"ENSG00000071189.21",2704.24734473893,-0.185280566240791,0.0893348703689566,-2.07400050479253,0.0380792639786812,0.13016118113582,"SNX13"
"ENSG00000071205.12",808.477461569778,0.318354930526212,0.0911735629019288,3.49174607631219,0.000479874209168613,0.00657467162380684,"ARHGAP10"
"ENSG00000071242.12",5628.71842186372,0.0196399530416585,0.102950011949674,0.19077174125302,0.848704429263165,0.918055642454304,"RPS6KA2"
"ENSG00000071243.16",582.906232726889,-0.196780441599425,0.0570197333681989,-3.45109368240528,0.000558319733392435,0.00726666883652633,"ING3"
"ENSG00000071246.11",833.985541343946,-0.0130021947177845,0.0987052593711787,-0.131727476333253,0.895199851918951,0.944533674663058,"VASH1"
"ENSG00000071282.12",1945.20822729327,0.0588906320959862,0.11050948668173,0.532901145994758,0.594102011896822,0.749703910930558,"LMCD1"
"ENSG00000071462.12",4243.76686654817,0.133029435448632,0.0681306805005682,1.95256284644805,0.0508714172312388,0.157497283326561,"BUD23"
"ENSG00000071537.14",7364.34063558099,-0.13083162427524,0.0715557685165781,-1.82838682313821,0.067491517552105,0.189507893553363,"SEL1L"
"ENSG00000071539.14",966.280416745177,0.210941204314836,0.150857342468977,1.39828264811317,0.162028206428479,0.333197264499451,"TRIP13"
"ENSG00000071553.18",9510.42943749269,0.0429310514165784,0.0640208256743631,0.670579471044997,0.502488464025137,0.678702926398185,"ATP6AP1"
"ENSG00000071564.17",3497.04955668253,0.115686576587963,0.0783864182761718,1.47584975984455,0.139984229127035,0.303299163108576,"TCF3"
"ENSG00000071575.11",2405.44359466994,0.191465042258337,0.109896264037396,1.742234314655,0.081467451829763,0.214654049562244,"TRIB2"
"ENSG00000071626.17",4463.22366097478,0.0357587759197038,0.0518421941764584,0.689762007333052,0.490343864493739,0.668592303746982,"DAZAP1"
"ENSG00000071655.18",1710.23500539554,0.134450007726392,0.0739638152296932,1.81778086093666,0.0690976330111811,0.192539964499603,"MBD3"
"ENSG00000071794.16",1067.99078049364,-0.00347372064058485,0.0976444406024161,-0.0355752014057716,0.971621082212969,0.985894385727847,"HLTF"
"ENSG00000071859.15",3846.44677887284,0.0347266348060724,0.0857605215349531,0.40492564859134,0.685532164476238,0.81599650882758,"FAM50A"
"ENSG00000071889.17",2423.83146879218,0.0839521128194085,0.0811324397145173,1.03475395433458,0.300783831701087,0.493720077845688,"FAM3A"
"ENSG00000071894.17",4541.22350582219,-0.0333866692408075,0.0884286172912415,-0.377555029847949,0.705761177027998,0.829019753265115,"CPSF1"
"ENSG00000071909.19",158.857320636091,0.257575353035214,0.238265827105266,1.08104194447245,0.279678456060191,0.472344891067415,"MYO3B"
"ENSG00000071967.12",7793.95198679878,-0.118019642745329,0.139563970035539,-0.845631166233493,0.397758533543097,0.588114529344509,"CYBRD1"
"ENSG00000071991.9",42.3802434247231,0.428790582665812,0.258788149917955,1.65691737740601,0.0975361805561526,0.240663459516489,"CDH19"
"ENSG00000071994.11",1831.80728777674,0.107408970425795,0.0561594569224231,1.91257138711591,0.0558029455847225,0.167162809731165,"PDCD2"
"ENSG00000072041.17",45.166490480578,-0.323871022749675,0.361060348626441,-0.896999695429746,0.3697190795457,0.562269270796363,"SLC6A15"
"ENSG00000072042.13",2964.56405010568,0.0989514635910699,0.0671902748773427,1.47270514626868,0.140830558335145,0.304516669661564,"RDH11"
"ENSG00000072062.15",3158.42556006041,0.0498999664162106,0.061200624576446,0.815350607310883,0.41487164844758,0.603711779001061,"PRKACA"
"ENSG00000072071.16",1618.35730067796,-0.0393386150652184,0.0980359944320438,-0.401267058013953,0.688223514217534,0.817390822090814,"ADGRL1"
"ENSG00000072080.11",37.3738363540166,-1.07780165926148,0.316648294426032,-3.40378166639154,0.000664598528445286,0.00821324380383404,"SPP2"
"ENSG00000072110.15",10243.3236131154,0.280730198885323,0.0907428076211169,3.09369090779591,0.00197683322229327,0.0177589607311953,"ACTN1"
"ENSG00000072121.17",1913.20952952989,-0.0997436760575992,0.0603873866699852,-1.65173029597546,0.0985895437744348,0.242203488849045,"ZFYVE26"
"ENSG00000072133.11",269.35373443186,-0.104662448613133,0.163423471423929,-0.640437066360151,0.52188849157112,0.694620354596518,"RPS6KA6"
"ENSG00000072134.15",911.830133032335,0.0117271739017433,0.0757006301486336,0.154915142432999,0.876888215828646,0.9341527981121,"EPN2"
"ENSG00000072135.13",3379.55010590717,0.00435188307227347,0.0595949516203116,0.0730243578348712,0.941786734503975,0.969509469461081,"PTPN18"
"ENSG00000072163.20",1219.95662242126,-0.0907267921502236,0.163952195308895,-0.553373451201976,0.580007714430612,0.738806934098724,"LIMS2"
"ENSG00000072182.13",11.307693814886,-0.0568154001168673,0.180931833754981,-0.314015499305705,0.753509267005324,0.860455634587832,"ASIC4"
"ENSG00000072195.15",420.758563744177,0.193825632086403,0.158133422090308,1.22570946435163,0.220308027357327,0.404831269607503,"SPEG"
"ENSG00000072201.14",414.212811987295,-0.0292414647179445,0.0992203568191919,-0.2947123519343,0.768213626578771,0.870084581380746,"LNX1"
"ENSG00000072210.19",8482.53566134966,-0.240229035768833,0.115590298707187,-2.07828025756193,0.037683553727178,0.129215042122753,"ALDH3A2"
"ENSG00000072274.13",8434.36325322428,0.173128334413627,0.114266405459046,1.51512891053248,0.129739761551289,0.289505756121116,"TFRC"
"ENSG00000072310.17",5542.17467760666,-0.0631699995913346,0.0949511796030797,-0.665289255545864,0.505865501460649,0.681454718510407,"SREBF1"
"ENSG00000072315.3",2.5195467156266,-0.0465551011115695,0.359651187919367,-0.129445147618996,0.897005425526118,0.945242819270781,"TRPC5"
"ENSG00000072364.13",5609.48955920019,-0.0404460457960863,0.0730475054745126,-0.553695099283008,0.579787529765913,0.738696040277699,"AFF4"
"ENSG00000072401.15",1378.38304631832,0.172207108452852,0.0607363765077683,2.83532074770424,0.00457796976305758,0.0314840626567808,"UBE2D1"
"ENSG00000072415.10",1901.22204438998,-0.0165159801468562,0.0667189811705043,-0.247545448942763,0.804486122517711,0.892405173657487,"MPP5"
"ENSG00000072422.17",1057.93825949794,-0.158806192631513,0.087634829993181,-1.81213557034195,0.0699652514096283,0.193936192905547,"RHOBTB1"
"ENSG00000072501.19",5039.83445684973,0.0116709408663782,0.068465472143626,0.170464622545728,0.864644754254064,0.927862232656866,"SMC1A"
"ENSG00000072506.13",2663.0648908867,0.110537197328663,0.0788328410352832,1.40217193592186,0.160863909888341,0.331739155423589,"HSD17B10"
"ENSG00000072518.21",3736.23186913713,0.00199536659737571,0.0603466596453143,0.0330650711920663,0.973622696661157,0.986812604722963,"MARK2"
"ENSG00000072571.20",621.159473263884,0.336707952974099,0.146948298665975,2.29133617762709,0.0219439777447044,0.0903839142086774,"HMMR"
"ENSG00000072609.18",1495.17946940639,-0.0290128778837233,0.0566781555701096,-0.511888179703289,0.608729271268288,0.761008735245958,"CHFR"
"ENSG00000072657.9",119.159099120332,0.40994205421378,0.275487626309126,1.48805977134444,0.136735131371407,0.298650051088909,"TRHDE"
"ENSG00000072682.19",3664.61668917962,0.221722868654821,0.0845035171159692,2.6238300631977,0.00869471546037071,0.0488269801236072,"P4HA2"
"ENSG00000072694.21",753.514822332804,0.0313621967533365,0.125152322028905,0.250592208317902,0.802129406411331,0.891186488942549,"FCGR2B"
"ENSG00000072736.19",1106.29954953651,-0.291978473632597,0.0878115316048239,-3.32505843249132,0.000884000059529727,0.0101006984553527,"NFATC3"
"ENSG00000072756.17",683.899243492016,-0.0138874161722825,0.0596159728003916,-0.232947908420129,0.815801856047085,0.899294457101371,"TRNT1"
"ENSG00000072778.20",10297.5235324996,-0.0145918713431226,0.0763754034622234,-0.191054589326523,0.848482824680059,0.918015536241521,"ACADVL"
"ENSG00000072786.13",2051.96771689605,0.100858457053175,0.083743647773209,1.20437143276007,0.228446048429101,0.414454486968015,"STK10"
"ENSG00000072803.17",2738.35063081183,0.0250116024172245,0.0608510873030736,0.411029671378792,0.681050777932351,0.812812716866281,"FBXW11"
"ENSG00000072818.12",862.584462443315,-0.174620335895502,0.109428603369202,-1.59574672909193,0.110545351101699,0.260655375638884,"ACAP1"
"ENSG00000072832.15",695.152958888829,0.116038411242346,0.11745403110228,0.98794745615243,0.323178382134198,0.516803942094033,"CRMP1"
"ENSG00000072840.13",1000.90418194691,-0.0534963489598581,0.0893202683188135,-0.598927320380543,0.549221351946042,0.715178455417805,"EVC"
"ENSG00000072849.11",1806.099660993,0.0130879793514949,0.0542673954859266,0.241175741608773,0.809418911435903,0.895281854433074,"DERL2"
"ENSG00000072858.11",610.274345569223,0.0082370884249087,0.121594627750209,0.0677422068500433,0.945990850252564,0.971818446723896,"SIDT1"
"ENSG00000072864.16",1216.92083150447,0.111502955920187,0.0806943791173481,1.38179334347484,0.16703516350308,0.33929845628481,"NDE1"
"ENSG00000072952.19",847.596555804529,0.0675777943867287,0.108530424820004,0.622662211990835,0.533506519725769,0.702841761214785,"IRAG1"
"ENSG00000072954.7",364.352979187403,0.039135251656408,0.0979797538032508,0.399421820705877,0.689582418342753,0.818336624444309,"TMEM38A"
"ENSG00000072958.9",2312.24975894034,0.131062343504596,0.0579217789363275,2.262747206861,0.023651276980336,0.0949273013268629,"AP1M1"
"ENSG00000073008.15",2424.54576606135,0.329092023273748,0.0803409966425555,4.09619045103348,4.20004444690309e-05,0.00115755032922802,"PVR"
"ENSG00000073050.12",1165.11449246342,0.0853607846869696,0.0660438224063866,1.29248704234168,0.196188530426074,0.376079912331444,"XRCC1"
"ENSG00000073060.16",1841.30777079808,0.272601142388567,0.111933109097885,2.43539328609356,0.0148756116630072,0.0699609745863113,"SCARB1"
"ENSG00000073067.14",10.2930583307706,0.152354543934828,0.233214439517643,0.653280921412681,0.513575189743077,0.687983695816049,"CYP2W1"
"ENSG00000073111.14",1249.14024295107,0.181768172388953,0.127963247576579,1.42047170442571,0.155470400551222,0.324707833222678,"MCM2"
"ENSG00000073146.16",34.5722719286737,-0.522374760709812,0.161970837092148,-3.22511613873196,0.0012592157493079,0.0129183415785495,"MOV10L1"
"ENSG00000073150.14",672.412747227991,0.271366247085077,0.168973106615955,1.60597300079144,0.108279842302835,0.257478807927168,"PANX2"
"ENSG00000073169.14",759.845034206156,-0.0521656501634874,0.0850488371401536,-0.613361121887212,0.539637586855749,0.707802630862721,"SELENOO"
"ENSG00000073282.14",757.519844491577,-0.705779525843531,0.228069274899277,-3.09458398618238,0.0019708912565153,0.0177199250886211,"TP63"
"ENSG00000073331.18",1268.04992241069,-0.0725813541701697,0.072267482601863,-1.00434319222154,0.315213221482319,0.509225748148969,"ALPK1"
"ENSG00000073350.14",6091.37860093531,-0.13296882472762,0.0966059457623595,-1.3764041506794,0.168696543658316,0.341568693548398,"LLGL2"
"ENSG00000073417.15",1453.02136232425,-0.101707682411505,0.0719892248862608,-1.41281813454996,0.157709204742891,0.327731238379178,"PDE8A"
"ENSG00000073464.13",522.329257043276,0.187568492911267,0.114721601176544,1.63498845019274,0.10205146884924,0.247710670195228,"CLCN4"
"ENSG00000073536.18",838.346806422323,0.111862802852081,0.076919495009138,1.454284155646,0.145867541393559,0.311625260242284,"NLE1"
"ENSG00000073578.17",319.230146700565,0.186370844066519,0.0780208542318406,2.38873113991695,0.0169066697182262,0.0762701564944317,"SDHA"
"ENSG00000073584.20",456.899345480286,-0.251971571351016,0.0905568005989973,-2.78246989386025,0.00539468701712681,0.0352780455128047,"SMARCE1"
"ENSG00000073605.18",1109.67785375641,0.0278680771829674,0.124289667502694,0.224218776531552,0.822587073833535,0.902877401414509,"GSDMB"
"ENSG00000073614.13",3133.49067798324,-0.0708437877969394,0.0662569279166781,-1.06922838146117,0.284966772933256,0.477540567912636,"KDM5A"
"ENSG00000073670.14",28.7793463168396,-0.123440910679741,0.151138751845417,-0.816738984360509,0.414077607667777,0.603109886782889,"ADAM11"
"ENSG00000073711.11",1270.50548819914,0.0577089040435196,0.10450243589488,0.552225443831469,0.58079390403618,0.739440590710383,"PPP2R3A"
"ENSG00000073712.15",2720.57568804825,0.046330482410043,0.0958418969773912,0.483405315119882,0.628807974990568,0.775625353316327,"FERMT2"
"ENSG00000073734.10",13.1370365902255,-0.15656996533944,0.208313301129331,-0.751608104190303,0.452286768258889,0.63559931516792,"ABCB11"
"ENSG00000073737.17",509.472973487561,0.192292165758056,0.18325875585831,1.04929319670123,0.294043196249834,0.486680593226235,"DHRS9"
"ENSG00000073754.6",22.3614269551642,0.459078667448982,0.280068390069765,1.6391663026828,0.101178629658259,0.246220314100754,"CD5L"
"ENSG00000073756.12",5792.47318726269,0.0247511366778879,0.192018223118689,0.128899936036742,0.897436827282818,0.945547779699575,"PTGS2"
"ENSG00000073792.16",1275.17961366428,0.302871979810558,0.150345422579734,2.01450748957743,0.0439562793374056,0.143321130283196,"IGF2BP2"
"ENSG00000073803.14",2738.14805422096,-0.020125662806549,0.0676212903540772,-0.297623170175657,0.765990788311219,0.868612407983503,"MAP3K13"
"ENSG00000073849.16",6150.71312282481,-0.174869347976036,0.0975148070180863,-1.7932594374473,0.0729314500534144,0.199482974583333,"ST6GAL1"
"ENSG00000073861.3",123.121698915115,-0.141835737933613,0.15268331642316,-0.928953740698936,0.352913060385668,0.546495444128199,"TBX21"
"ENSG00000073905.8",10.528228468013,0.290917255574121,0.138937047359503,2.09387820673463,0.0362708310980705,0.125932295312135,"VDAC1P1"
"ENSG00000073910.22",1678.97096164585,-0.0790880037302204,0.11574368115072,-0.683302992819392,0.494415403432557,0.67191493291208,"FRY"
"ENSG00000073921.18",9506.2665818846,0.0879615576673009,0.053385128469093,1.64767904826202,0.099418549666109,0.243497561959536,"PICALM"
"ENSG00000073969.18",2762.60353958441,-0.0321897673167771,0.0654374864618709,-0.491916316735873,0.622778502985339,0.771308766828897,"NSF"
"ENSG00000074047.22",255.468295487173,0.283365771745452,0.114967627897261,2.46474400601427,0.0137111171532722,0.0662662432957343,"GLI2"
"ENSG00000074054.20",2893.92124109881,-0.0565698218140647,0.0531572213249455,-1.06419824821652,0.287238900435973,0.479663174610766,"CLASP1"
"ENSG00000074071.15",2307.3494372295,0.313309071178169,0.0837303137597919,3.74188340052087,0.00018264626019493,0.00337075495602539,"MRPS34"
"ENSG00000074181.9",8634.28511659617,0.0978698997620345,0.101040794553266,0.968617677590019,0.332735979993526,0.526250914261597,"NOTCH3"
"ENSG00000074201.9",3151.29463034758,0.0243965200499761,0.061481727352752,0.396809281398371,0.691508105897292,0.819494159337103,"CLNS1A"
"ENSG00000074211.14",570.29741416545,0.723955354916935,0.293016139252636,2.47070129571514,0.0134848402372909,0.065521130475792,"PPP2R2C"
"ENSG00000074219.14",1852.0082978577,0.0457320284159222,0.0998465008167609,0.458023346254767,0.646935668478721,0.788231627105657,"TEAD2"
"ENSG00000074266.22",929.97104646897,-0.0279965164573716,0.060619217498661,-0.461842260797742,0.644194442363714,0.786359374115096,"EED"
"ENSG00000074276.10",42.4836438835885,0.152097420368657,0.18350512611156,0.828845621872117,0.407191768938754,0.59668290331329,"CDHR2"
"ENSG00000074317.11",4.7062833350572,0.634389258660618,0.222871518923024,2.84643485056395,0.00442117749250945,0.0307873739175389,"SNCB"
"ENSG00000074319.13",3202.40676452564,0.085508026041275,0.0551641360715522,1.55006553407026,0.121125787446413,0.276397590229843,"TSG101"
"ENSG00000074356.17",2115.64508010989,-0.0408208711302435,0.0595283125111508,-0.685738758722532,0.492877860955527,0.670605163341011,"NCBP3"
"ENSG00000074370.18",4016.75342828025,-0.187837715066527,0.139055330044305,-1.35081276644828,0.17675541750567,0.352504978735849,"ATP2A3"
"ENSG00000074410.14",2352.23891882662,-0.0835148896239005,0.218453837997957,-0.382299942126361,0.702238897609531,0.826437760289372,"CA12"
"ENSG00000074416.14",9385.07016072139,-0.0254387802020135,0.117498465562288,-0.216503084361795,0.828595621200539,0.906315592898007,"MGLL"
"ENSG00000074527.13",2932.96118424788,-0.00209300966996532,0.12721580017119,-0.0164524348952632,0.986873448400343,0.9933479779173,"NTN4"
"ENSG00000074582.15",889.129760242025,0.0677373278607405,0.0607115507159354,1.11572389540301,0.264540338905088,0.456173486464345,"BCS1L"
"ENSG00000074590.13",1422.6516962937,-0.107416752133742,0.109577103270981,-0.980284648227138,0.326945630485289,0.520514578985593,"NUAK1"
"ENSG00000074603.19",1894.92068879782,-0.0715458445551677,0.0542027996527382,-1.3199658507225,0.186846419802647,0.364849141025779,"DPP8"
"ENSG00000074621.14",541.98628151158,-0.112226720058607,0.0649811188307583,-1.72706660146771,0.0841557029351012,0.21902719026097,"SLC24A1"
"ENSG00000074657.14",2899.06603140847,-0.0449092847596474,0.0712406805460699,-0.630388205382253,0.528440625729458,0.699370875831247,"ZNF532"
"ENSG00000074660.16",990.876103219053,-0.257204358550257,0.118849862372154,-2.16411153884954,0.0304557901507438,0.111807527886286,"SCARF1"
"ENSG00000074695.6",9272.95812309227,0.120418824856678,0.0673080350440544,1.78907057348891,0.0736034505422352,0.200628760348996,"LMAN1"
"ENSG00000074696.13",5596.03180282694,-0.0588763290679704,0.0706572428706045,-0.83326672080584,0.404694320694803,0.594173929215562,"HACD3"
"ENSG00000074706.13",508.43973290171,-0.166652363227371,0.163871078235562,-1.01697239697057,0.309166560777827,0.50296028868684,"IPCEF1"
"ENSG00000074755.15",2478.77293654099,-0.173700889208908,0.0694041508123774,-2.50274496807085,0.0123234309501796,0.0615764650494268,"ZZEF1"
"ENSG00000074800.16",84720.7647291702,0.282619255097808,0.0911662428416645,3.10004280409641,0.00193492677851517,0.0174957950127935,"ENO1"
"ENSG00000074803.20",5.30221928435749,-0.330536540375142,0.253500182303771,-1.3038907403193,0.192270837863075,0.371454361108069,"SLC12A1"
"ENSG00000074842.8",5104.341733564,0.205823034964427,0.0843858363573685,2.4390708660252,0.0147250802897729,0.0694197250194577,"MYDGF"
"ENSG00000074855.11",789.768293190968,-0.0600244994448245,0.097045197496204,-0.618521070526673,0.536231912843839,0.704895643129158,"ANO8"
"ENSG00000074935.14",490.071294887413,-0.208753208480885,0.0691861033723697,-3.01727078568574,0.00255061855669158,0.0211923492907245,"TUBE1"
"ENSG00000074964.17",1857.38779974585,0.0429705910168143,0.0804276838047873,0.534276122151072,0.593150509843335,0.749099458471062,"ARHGEF10L"
"ENSG00000074966.11",92.7699158577383,0.160840595479766,0.124785474653979,1.28893684081233,0.197420044922324,0.377698285001662,"TXK"
"ENSG00000075035.10",31.0935762139614,0.232331385563055,0.176001883220131,1.32005056600713,0.186818135871087,0.364849141025779,"WSCD2"
"ENSG00000075043.19",28.3271556666132,-1.84418951487087,0.332759344785808,-5.5421118708415,2.98845271493704e-08,5.46673385925269e-06,"KCNQ2"
"ENSG00000075073.15",48.8187870378537,0.275351972826614,0.127256523907432,2.16375525884165,0.0304831375586701,0.111845651633401,"TACR2"
"ENSG00000075089.9",1035.9979853142,0.0512901171330542,0.0650535334459501,0.788429381405835,0.430445590375282,0.616777492591533,"ACTR6"
"ENSG00000075131.10",267.288754881315,0.133589588791053,0.0746914962755802,1.78855151459496,0.0736870722834746,0.200729952673714,"TIPIN"
"ENSG00000075142.14",4498.05731394206,-0.0457100349185386,0.081426479623584,-0.56136572684765,0.574548243345354,0.734721023417988,"SRI"
"ENSG00000075151.21",3413.70809581672,-0.0454981336484543,0.0581543278931521,-0.782368833013577,0.433997844873834,0.61989318500942,"EIF4G3"
"ENSG00000075188.9",750.980192555294,0.0596445551284711,0.0787077022854652,0.757798200132257,0.448571800043792,0.632702124167852,"NUP37"
"ENSG00000075213.11",1214.20136996956,0.672330241702751,0.1829505856869,3.67492806420074,0.000237916439115355,0.00408928859445922,"SEMA3A"
"ENSG00000075218.19",492.834487566454,0.370320471209769,0.146344949322448,2.53046294336969,0.0113912116963639,0.0585168355202968,"GTSE1"
"ENSG00000075223.14",3194.51417467714,0.425283040551916,0.128602906277591,3.30694735338202,0.000943186164365113,0.0105480339167644,"SEMA3C"
"ENSG00000075234.17",1337.44904142626,0.103981968923492,0.0706687565129904,1.47139944233174,0.141183124159746,0.305082738537706,"TTC38"
"ENSG00000075239.14",1774.19292920001,-0.117761775982935,0.0804832949393253,-1.46318283901912,0.143417355269068,0.308289902438862,"ACAT1"
"ENSG00000075240.17",3174.1870651768,-0.0799012235452846,0.09558777566343,-0.835893742591325,0.403214682962856,0.592969055165085,"GRAMD4"
"ENSG00000075275.18",6838.8652842972,-0.138530401768492,0.0951277399959822,-1.45625662687186,0.145321690779498,0.310957969735961,"CELSR1"
"ENSG00000075290.8",10.4860473977377,0.186697094322485,0.167600379928663,1.11394195169456,0.265304090404972,0.457046447234904,"WNT8B"
"ENSG00000075292.19",4477.90180358816,-0.111586663510212,0.0606927487444225,-1.83855016980865,0.0659813762375909,0.186779862178226,"ZNF638"
"ENSG00000075303.13",934.162651983543,-0.00386722239027665,0.0602947873736,-0.0641385857506134,0.948859878095098,0.973189538065157,"SLC25A40"
"ENSG00000075336.12",688.634187985456,0.0887753031569365,0.0555574689557271,1.59790042321187,0.110065139894441,0.259978623803166,"TIMM21"
"ENSG00000075340.23",214.122814047683,0.230782973344616,0.185628225664895,1.24325367286135,0.213774369874159,0.396699743393366,"ADD2"
"ENSG00000075391.17",1997.12063464044,0.0194220241351217,0.0932780148820596,0.208216525187407,0.835059906116102,0.910248866152082,"RASAL2"
"ENSG00000075399.14",817.797642596449,0.186408799035817,0.0850600575865189,2.19149627128116,0.0284158992747331,0.106777712703577,"VPS9D1"
"ENSG00000075407.18",959.915203918216,-0.166816731010164,0.0834445062460705,-1.99913377782158,0.0455938812999679,0.146741372714488,"ZNF37A"
"ENSG00000075413.19",3406.49689947227,-0.05393806713287,0.0572810917798392,-0.941638251941528,0.346377878563956,0.54013858131287,"MARK3"
"ENSG00000075415.13",13788.658711847,0.0540456049754813,0.0567366542089893,0.952569476099251,0.340808248891465,0.534147140564907,"SLC25A3"
"ENSG00000075420.13",6753.49545663663,0.0857833998165279,0.0794435720815957,1.07980290373173,0.280229957866435,0.472724766277221,"FNDC3B"
"ENSG00000075426.12",9316.46912908905,0.084558909093248,0.0935826853618392,0.903574296530382,0.366221175742734,0.558947572768854,"FOSL2"
"ENSG00000075429.9",8.50019559413321,-1.66992624855738,0.262660526197259,-6.3577358681725,2.04749136788111e-10,1.1174939362437e-07,"CACNG5"
"ENSG00000075461.6",792.171694482693,0.437182761979712,0.230878281154661,1.89356382849563,0.0582829285071708,0.172128324652527,"CACNG4"
"ENSG00000075539.15",2539.77852272819,0.04828216491435,0.079516659967434,0.607195585605884,0.543721121467223,0.711337130501739,"FRYL"
"ENSG00000075568.17",3770.49998291332,-0.0335522219364541,0.0526127828683104,-0.637719962854564,0.523655988209224,0.695860094813191,"TMEM131"
"ENSG00000075618.18",5763.76260640799,0.799616022545502,0.151433999651258,5.2802938863595,1.28976841430493e-07,1.71728451621746e-05,"FSCN1"
"ENSG00000075624.17",265373.386865426,0.334386294211054,0.0638899061544775,5.23378909655229,1.66069933614282e-07,2.0943054165986e-05,"ACTB"
"ENSG00000075643.6",889.431036233927,0.256136769183482,0.111974080398275,2.28746481571845,0.0221687068313502,0.0909840676203331,"MOCOS"
"ENSG00000075651.16",946.978022243608,0.0585043684630637,0.0932449307458767,0.627426799452589,0.530379505241262,0.700711304285608,"PLD1"
"ENSG00000075673.12",99.3802644378485,-0.548234266683463,0.253632241500956,-2.16153223832703,0.0306542494290104,0.112286492049735,"ATP12A"
"ENSG00000075702.18",561.32093775972,0.190241205795492,0.137366657041854,1.38491545104375,0.166078321884584,0.33815947468066,"WDR62"
"ENSG00000075711.21",2761.41249872499,-0.0863223862425171,0.0603909834508876,-1.4293919606843,0.152891607771251,0.321210342495632,"DLG1"
"ENSG00000075785.14",12002.0931833472,0.158055333541536,0.0585660231124802,2.69875475816378,0.0069599444455616,0.0420271107517523,"RAB7A"
"ENSG00000075790.12",38.0462825209666,-0.239925767784101,0.102872783390002,-2.3322569865201,0.0196871758827857,0.0844645807558745,"BCAP29"
"ENSG00000075826.17",288.688857557473,-0.288322473755798,0.128294125340554,-2.2473552315077,0.0246173336962707,0.0975231902367851,"SEC31B"
"ENSG00000075856.12",2035.67139249687,-0.0471693190884983,0.0439405582806879,-1.07348019538544,0.283055719834703,0.475563891827653,"SART3"
"ENSG00000075884.14",470.199067266152,-0.236855334779492,0.108356640997687,-2.18588664800478,0.0288238993294331,0.107799829293958,"ARHGAP15"
"ENSG00000075886.11",14.5738954343146,-0.203036343088792,0.118297086489691,-1.71632581252527,0.0861024264667243,0.222338329663899,"TUBA3D"
"ENSG00000075891.22",1.69969068392806,0.350861087600342,0.36545761448361,0.960059590210228,0.337025224713143,0.530423598675176,"PAX2"
"ENSG00000075914.13",1005.46218739381,0.001667763272754,0.0547764871717836,0.0304467000142553,0.9757108008767,0.987848789201296,"EXOSC7"
"ENSG00000075945.13",1740.36227616514,0.0547923615228501,0.0557664804939369,0.982532177708566,0.325837738599247,0.519247359332986,"KIFAP3"
"ENSG00000075975.17",1227.94333297473,0.0622473293780554,0.0388313454364085,1.6030175797023,0.108930772929569,0.258426557802381,"MKRN2"
"ENSG00000076003.5",2515.14049269937,0.149015281625433,0.0969287025399409,1.53737002271364,0.124202722965291,0.281049497429717,"MCM6"
"ENSG00000076043.11",1450.95107055346,0.123523263546662,0.0575372279776888,2.14684071319112,0.031805964856806,0.115149628966686,"REXO2"
"ENSG00000076053.12",1243.50326795914,-0.00446186832098647,0.0579584981496316,-0.0769838498828464,0.938636392762451,0.967972414330327,"RBM7"
"ENSG00000076067.13",3475.50213832045,0.00978029200025265,0.084895865402403,0.115203395994545,0.908283906986619,0.95134638253651,"RBMS2"
"ENSG00000076108.12",6090.98350618546,-0.00591917872095554,0.0644992683233187,-0.0917712537649912,0.926879783829629,0.96174682550146,"BAZ2A"
"ENSG00000076201.15",3095.92016389786,0.0276576072663504,0.0614353400635653,0.450190513110758,0.652573076238678,0.792576806771279,"PTPN23"
"ENSG00000076242.16",1522.39272320871,-0.0307443773510403,0.0419514045403848,-0.732856925480148,0.463645697250822,0.645837253611632,"MLH1"
"ENSG00000076248.11",1815.69441870134,0.119187305970625,0.0821191769492417,1.45139430762068,0.146670093923474,0.312697709848502,"UNG"
"ENSG00000076258.10",221.292872336037,-0.164629865222461,0.100031303487015,-1.64578346461147,0.0998083478208801,0.244098973334354,"FMO4"
"ENSG00000076321.11",1038.48173401032,-0.0724885666240268,0.050937960113025,-1.42307557003036,0.15471424947761,0.323671076276113,"KLHL20"
"ENSG00000076344.16",112.051009343118,-0.442439331748853,0.160378139659741,-2.75872592541311,0.0058027179123127,0.0370948324605658,"RGS11"
"ENSG00000076351.13",399.585168528806,-0.128841722801224,0.0749143681062661,-1.71985329461048,0.0854591121666756,0.221133388274355,"SLC46A1"
"ENSG00000076356.7",3426.41105454992,-0.214244830740843,0.116264523909646,-1.84273606029076,0.0653675563195637,0.185752991852785,"PLXNA2"
"ENSG00000076382.17",1151.1581524094,0.211170691298104,0.138795655382524,1.52145029839812,0.128146874791863,0.287202551494142,"SPAG5"
"ENSG00000076513.17",3199.42297051369,-0.188228956951892,0.0621636135269568,-3.02796034967093,0.00246210389870487,0.0206788156154342,"ANKRD13A"
"ENSG00000076554.15",4539.67901203229,-0.0102398810910454,0.102932755932306,-0.0994812681181843,0.920756159992854,0.958229965760436,"TPD52"
"ENSG00000076555.15",695.491484157836,-0.200857149422602,0.10866135187653,-1.84846908264893,0.0645345129962791,0.184248668488206,"ACACB"
"ENSG00000076604.15",3896.52460771399,0.0428205328973477,0.0904645465845429,0.473340490988148,0.635970278589355,0.780268222474771,"TRAF4"
"ENSG00000076641.4",2391.63469037832,0.0365401952443277,0.11909329501567,0.306819919958717,0.758980445162885,0.864036107396407,"PAG1"
"ENSG00000076650.7",554.384762338413,0.118926842911122,0.0613697438512986,1.93787419415154,0.0526385730475822,0.16116387828519,"GPATCH1"
"ENSG00000076662.10",107.871877704128,-0.299608072151697,0.122577891402688,-2.4442260241485,0.0145163289782359,0.0687568844319829,"ICAM3"
"ENSG00000076685.19",1820.32779928044,-0.0481960961565142,0.0687556615298203,-0.700976400839529,0.483317742873127,0.662551066669766,"NT5C2"
"ENSG00000076706.17",4815.95954470034,0.195252455307089,0.11465614016964,1.70293937174409,0.0885794149889101,0.226312214198894,"MCAM"
"ENSG00000076716.9",5204.11676722499,-0.222373924432345,0.11708987926643,-1.89917289030888,0.0575417479049705,0.170819207579152,"GPC4"
"ENSG00000076770.14",1198.34228124567,-0.0235843249885177,0.107913736094446,-0.218547942477654,0.827002208270039,0.905373579303327,"MBNL3"
"ENSG00000076826.10",1342.63080608837,-0.107451650021344,0.0995656578784494,-1.0792039374914,0.280496824776178,0.472959270056891,"CAMSAP3"
"ENSG00000076864.19",3722.60828831557,-0.304428662920239,0.158475747789888,-1.92097950106448,0.0547342918563494,0.165225204349754,"RAP1GAP"
"ENSG00000076924.12",2350.64789968483,0.0157442852072808,0.0653151221255485,0.241051148568891,0.809515474233128,0.895317280906068,"XAB2"
"ENSG00000076928.18",5616.24043593994,0.0179584287741043,0.0837488108381197,0.214432044997232,0.830210154491473,0.907544873702541,"ARHGEF1"
"ENSG00000076944.16",2087.61043675578,0.065221816029001,0.0789012455282328,0.826625937174376,0.408449111581439,0.59792007527067,"STXBP2"
"ENSG00000076984.18",1399.93768975193,0.0119390074022846,0.0580039785870535,0.205830835972162,0.836923053277163,0.91109335922124,"MAP2K7"
"ENSG00000077009.13",2.43417942052727,0.307740249618112,0.285226484803939,1.07893293930838,0.280617623584022,0.473091074639601,"NMRK2"
"ENSG00000077044.11",2916.4286618014,-0.0264282987590671,0.0927243252373689,-0.285020124885375,0.775628723697599,0.874911302661839,"DGKD"
"ENSG00000077063.11",118.159309183344,-0.338929683518284,0.145662813937354,-2.32680994110172,0.0199753830799358,0.0851933297961255,"CTTNBP2"
"ENSG00000077080.10",2.22904412548254,-0.3616310502382,0.33153003409691,-1.09079423595297,0.275363433342842,0.467972843606613,"ACTL6B"
"ENSG00000077092.19",363.88426167767,-0.0380864786356226,0.105527661923173,-0.360914644952055,0.718163255361142,0.838029135352371,"RARB"
"ENSG00000077097.15",5727.45566576817,-0.1109243303436,0.0524597319027268,-2.11446620713352,0.0344754680760937,0.121393654667779,"TOP2B"
"ENSG00000077147.16",11615.7026947913,0.0854999153847956,0.0541378920219727,1.57929893816505,0.114267505304714,0.266445444327626,"TM9SF3"
"ENSG00000077150.20",3034.25901361036,0.177606620370471,0.0845332664463295,2.10102635136233,0.0356386531218896,0.124425092112738,"NFKB2"
"ENSG00000077152.11",841.566580090483,0.1585085020744,0.144035063944541,1.10048551882777,0.271120635713148,0.463178331526983,"UBE2T"
"ENSG00000077157.22",3158.05428082859,-0.253548239509296,0.110785846433403,-2.2886338613815,0.0221006347595684,0.0907942291523086,"PPP1R12B"
"ENSG00000077232.18",7321.26219186465,0.0121527252163367,0.0796385285652081,0.152598565484369,0.878714856327812,0.935144281796505,"DNAJC10"
"ENSG00000077235.18",5013.81953124476,0.113503472458323,0.0584074882537829,1.94330343337391,0.0519795069237836,0.159757313017792,"GTF3C1"
"ENSG00000077238.14",4573.31712019872,0.0666218813570547,0.0743055063841736,0.896594136814127,0.369935527842747,0.562426345869142,"IL4R"
"ENSG00000077254.14",2797.32367016377,-0.0101262828131556,0.0541007108184171,-0.187174672198731,0.851523682536882,0.92010645650514,"USP33"
"ENSG00000077264.15",231.154026518602,-0.557236284528988,0.219905720324162,-2.5339781234775,0.011277577207249,0.0581754536660896,"PAK3"
"ENSG00000077274.9",212.502786158377,-0.156034574896321,0.262925051510956,-0.593456477424402,0.552875701669988,0.718037477499469,"CAPN6"
"ENSG00000077279.19",1.85900506978153,0.0729036409165548,0.322805210363393,0.225844065015198,0.821322703420452,0.902511610171533,"DCX"
"ENSG00000077312.9",1965.72910754873,0.165000509154805,0.0725507025976662,2.27427858376264,0.0229492419763406,0.0929274036874614,"SNRPA"
"ENSG00000077327.16",352.790712049356,-0.691703896309453,0.249631498179465,-2.77089991188601,0.00559016071062464,0.0361683305317781,"SPAG6"
"ENSG00000077348.9",895.440592536847,0.284189353424989,0.103428853465697,2.74767962616198,0.00600186229060405,0.0379741545498063,"EXOSC5"
"ENSG00000077380.16",3840.42226292079,0.0994338958486238,0.0471626996047024,2.1083164594486,0.035003625160819,0.122684039633556,"DYNC1I2"
"ENSG00000077420.16",890.772878027694,-0.0802257787865911,0.106210992800229,-0.755343459951335,0.450042928483836,0.633751240921399,"APBB1IP"
"ENSG00000077454.16",644.094468692404,-0.0256438126508431,0.0712013664887249,-0.360158995753318,0.718728236570543,0.838453315818461,"LRCH4"
"ENSG00000077458.13",754.709669196062,-0.238180566175879,0.0578334501849432,-4.11838763577499,3.81532524928139e-05,0.00107374153444062,"FAM76B"
"ENSG00000077463.15",775.549413610128,0.154734161714117,0.076387148522497,2.02565699475673,0.0427999465697608,0.140720780283137,"SIRT6"
"ENSG00000077514.9",1106.47985472612,0.00717950693790483,0.0513269484634458,0.139877922861866,0.888756444784059,0.940843534392806,"POLD3"
"ENSG00000077522.14",53.6826555202561,-0.44572674929532,0.202946353894452,-2.19627867533473,0.0280720030988457,0.10598788831593,"ACTN2"
"ENSG00000077549.19",10972.6713077273,0.147417496753683,0.0530168517222546,2.78057809856337,0.00542622060725415,0.0353948202737681,"CAPZB"
"ENSG00000077585.14",1013.39602118164,0.00211087509308994,0.0848114564644271,0.0248890324619683,0.980143475353258,0.990196228946625,"GPR137B"
"ENSG00000077616.11",74.6252998411601,-0.288186666143994,0.120943994186739,-2.38281088764963,0.0171810179378187,0.0770950813345048,"NAALAD2"
"ENSG00000077684.16",1721.35572004328,-0.301004638009681,0.0915630395108985,-3.28740329741733,0.00101115910264204,0.0110884453241967,"JADE1"
"ENSG00000077713.19",1314.88309722513,0.189731894905638,0.0677774201004768,2.7993378122739,0.00512075341429454,0.0340289907030156,"SLC25A43"
"ENSG00000077721.16",3520.24950732315,-0.00541765553137506,0.0632218458124102,-0.0856927769469141,0.931710644169296,0.963856795417973,"UBE2A"
"ENSG00000077782.21",3135.30559357449,0.00953350288569232,0.120835138203578,0.0788967764461916,0.937114727273963,0.967272069915736,"FGFR1"
"ENSG00000077800.13",3.51965414195231,-0.0390020112560403,0.17974682659539,-0.216983031048631,0.828221569176175,0.906007435155437,"FKBP6"
"ENSG00000077935.17",92.5082684262082,0.328446081798475,0.233468880035782,1.40680882928867,0.159484083742113,0.33010848057485,"SMC1B"
"ENSG00000077942.19",8873.49300523197,-0.00357725379505408,0.13215854704211,-0.0270678959107674,0.978405580725662,0.989160881816509,"FBLN1"
"ENSG00000077943.8",1008.66516927352,-0.13183177175233,0.15441403587344,-0.853755107213058,0.393240693340968,0.584041762806078,"ITGA8"
"ENSG00000077984.6",557.08256909994,-0.156836758262242,0.137809928358711,-1.13806574119976,0.255093032091154,0.445629778434819,"CST7"
"ENSG00000078018.20",1881.83225043573,-0.101607533019835,0.160005912978548,-0.635023613367699,0.525413014472741,0.697243434800891,"MAP2"
"ENSG00000078043.16",1102.97844554487,-0.0930184933311476,0.0836784226608662,-1.11161862727904,0.266302160082785,0.457954432625834,"PIAS2"
"ENSG00000078053.17",130.515203816827,-0.869948467187757,0.196983326617125,-4.41635585167403,1.00378785891409e-05,0.000403125563170409,"AMPH"
"ENSG00000078061.13",3584.53468278386,0.0127646180627942,0.0651137972789826,0.196035534651799,0.844582352942373,0.9155004322625,"ARAF"
"ENSG00000078070.13",1416.29376425323,-0.0882358139894949,0.0847076606477325,-1.04165093587503,0.297573544187731,0.490286882748171,"MCCC1"
"ENSG00000078081.8",7338.52486341075,-0.0296701682336281,0.189421758359086,-0.156635481006266,0.875532137883499,0.933589217647098,"LAMP3"
"ENSG00000078098.14",1030.12092759961,-0.153014144647207,0.157168182422127,-0.973569473726158,0.33027034941061,0.523903694631572,"FAP"
"ENSG00000078114.19",3552.65379212507,0.0660754940041218,0.128900907128646,0.51260689684811,0.608226327817068,0.760722759382909,"NEBL"
"ENSG00000078124.12",1567.66067645643,-0.0176519744907736,0.0647795184409631,-0.27249314159167,0.785242864047395,0.880696936560069,"ACER3"
"ENSG00000078140.14",4492.05764940435,0.194320678153343,0.0554989773943484,3.50133799353807,0.000462928330675808,0.00641742151941992,"UBE2K"
"ENSG00000078142.13",1470.5074213979,-0.103985083482322,0.0682553145620523,-1.52347233544411,0.127640576825664,0.28655008255272,"PIK3C3"
"ENSG00000078177.14",1022.61484162887,-0.0286221068704673,0.0932838498912744,-0.306828104798713,0.758974214879479,0.864036107396407,"N4BP2"
"ENSG00000078237.7",253.319580031606,0.00531594320264509,0.0787453677122122,0.0675080116721668,0.946177284185357,0.971842915032127,"TIGAR"
"ENSG00000078246.17",1221.02133132266,0.0293543647730409,0.0649521017673596,0.451938643620496,0.651313184424177,0.7915445242339,"TULP3"
"ENSG00000078269.15",1404.68764289688,0.105229776476144,0.0920987044981448,1.14257607693346,0.253214642880178,0.44346528697579,"SYNJ2"
"ENSG00000078295.17",59.9447628396378,-0.518903388285916,0.189200127562082,-2.74261648219898,0.00609518277284561,0.0383967682225825,"ADCY2"
"ENSG00000078304.19",6531.9407739643,-0.0132806773764351,0.0517819128445745,-0.256473286653152,0.797585404930603,0.888100846471554,"PPP2R5C"
"ENSG00000078319.10",477.471337036974,0.139553933883262,0.0808793776228554,1.72545756390472,0.0844450451042779,0.219427980948592,"PMS2P1"
"ENSG00000078328.22",11.8360855350214,-0.484899599395497,0.305040905287683,-1.58962155891253,0.111920134511607,0.262831137638072,"RBFOX1"
"ENSG00000078369.18",18554.6781725635,0.111864980145719,0.0509987958200973,2.19348277438417,0.0282726143316304,0.106396945998019,"GNB1"
"ENSG00000078399.19",15.7175590377394,0.231608389439432,0.195726926898468,1.1833240990882,0.23668072541401,0.42426163738807,"HOXA9"
"ENSG00000078401.7",1589.77574469055,0.24168513209737,0.166319454976625,1.45313807173873,0.146185422304696,0.312060440787329,"EDN1"
"ENSG00000078403.17",1361.88424942846,-0.140394437572704,0.0568951081299944,-2.46760120838385,0.0136021763174362,0.0659231482122073,"MLLT10"
"ENSG00000078487.17",262.583306869379,-0.0211935612710464,0.0925482464802028,-0.229000138598844,0.818868808401571,0.901303863323606,"ZCWPW1"
"ENSG00000078549.15",44.7194086031069,-0.287642087470394,0.173689207613318,-1.65607346261126,0.0977069427136119,0.240845288978339,"ADCYAP1R1"
"ENSG00000078579.9",7.71219747077632,0.0897054206183382,0.230236415372806,0.389623077101354,0.696815285068987,0.823045036963308,"FGF20"
"ENSG00000078589.13",323.241817865429,-0.345334370475527,0.126904425061785,-2.72121614598859,0.00650422177651976,0.0401157939247263,"P2RY10"
"ENSG00000078596.11",1109.52199000708,0.13460044501751,0.142127529794232,0.947039924020218,0.343618435394771,0.536942108776782,"ITM2A"
"ENSG00000078618.22",5626.04830340366,0.067873036717244,0.0535376722134728,1.26776219269697,0.204882887419791,0.386118789621537,"NRDC"
"ENSG00000078668.14",4203.7619806366,0.0768593275328163,0.0864487718749271,0.889073677576534,0.373963484366693,0.565848579058324,"VDAC3"
"ENSG00000078674.18",5354.32259076032,-0.438605638745805,0.0824801003416127,-5.31771466001139,1.05078682240789e-07,1.48740204841646e-05,"PCM1"
"ENSG00000078687.17",849.788618317813,-0.292388036215226,0.0839836734506725,-3.48148662950495,0.000498638675245549,0.00675393710941825,"TNRC6C"
"ENSG00000078699.22",1718.90270073388,-0.129756859230641,0.0749148722418745,-1.73205740525994,0.0832633420694025,0.217515536394427,"CBFA2T2"
"ENSG00000078725.13",390.376210987114,0.335412029399423,0.299196741259017,1.12104171986637,0.262270104303429,0.453857195414215,"BRINP1"
"ENSG00000078747.16",3519.98535546549,0.0338197266671409,0.0562790491845416,0.60092924733402,0.54788711205321,0.714433219203141,"ITCH"
"ENSG00000078795.17",13.1866099972576,-0.727729350943969,0.174072537999804,-4.18060975789752,2.90728438075464e-05,0.000872001971968145,"PKD2L2"
"ENSG00000078804.13",2478.1922702061,0.00925524814348268,0.102303835348276,0.0904682420944901,0.927915129578393,0.962041554840977,"TP53INP2"
"ENSG00000078808.19",6974.67109109115,0.160087054593793,0.0675817077744316,2.36879267875439,0.017846254039171,0.0792101500768057,"SDF4"
"ENSG00000078814.17",109.206400258962,-0.295616151485192,0.137782963355232,-2.14552034799132,0.0319112662993259,0.115417902107926,"MYH7B"
"ENSG00000078898.7",310.251359109711,-0.373057952414583,0.369338995510082,-1.01006922353099,0.312462126056219,0.506539492758909,"BPIFB2"
"ENSG00000078900.15",269.809371129184,-0.267775620864311,0.138088918823944,-1.93915357687543,0.052482640459386,0.160863979820874,"TP73"
"ENSG00000078902.16",2745.03792535612,0.0572531621084346,0.0626599963578041,0.913711545425327,0.360868435787206,0.553988569081995,"TOLLIP"
"ENSG00000078967.13",704.867147078347,0.0456934775766125,0.057497087457236,0.794709429596716,0.426782545898065,0.61414554376661,"UBE2D4"
"ENSG00000079101.16",51.0363936678793,-0.194941195793154,0.17461929520834,-1.1163783221125,0.264260228672712,0.455921483155203,"CLUL1"
"ENSG00000079102.16",302.235743874673,-0.287396456936248,0.14125415955339,-2.03460526645675,0.0418906070403713,0.138731123067252,"RUNX1T1"
"ENSG00000079112.10",449.242681103004,0.919676689389851,0.290473722834938,3.16612697497755,0.00154483343469244,0.0148733775422832,"CDH17"
"ENSG00000079134.12",992.972526069659,-0.126391686303771,0.0652860355029994,-1.935968164248,0.0528716002067956,0.161607662708772,"THOC1"
"ENSG00000079150.18",606.998047218681,0.0518473803219239,0.0765093983672272,0.677660280022967,0.497987116203086,0.674785716717515,"FKBP7"
"ENSG00000079156.17",384.287483903099,-0.56174450063019,0.149835984248371,-3.74906270645261,0.000177496704590352,0.00329397869895574,"OSBPL6"
"ENSG00000079215.14",746.676599280147,-0.0332199245357601,0.130612299488234,-0.254339940923807,0.799232945666906,0.889333638371936,"SLC1A3"
"ENSG00000079246.16",13868.5827393856,0.0853136915624258,0.051068741929613,1.67056575781741,0.0948074807576945,0.236522921789793,"XRCC5"
"ENSG00000079257.8",867.233352200951,0.139518060855147,0.0951456870684192,1.46636242959515,0.142549575975181,0.307118555163508,"LXN"
"ENSG00000079263.19",379.906549059535,-0.0370277474513806,0.124285849936222,-0.297924079614706,0.765761109139261,0.868459075029752,"SP140"
"ENSG00000079277.22",1391.53902420011,-0.0583325226417023,0.0488162603607138,-1.1949404196608,0.232110309249164,0.418802455630542,"MKNK1"
"ENSG00000079308.19",14858.4552193587,-0.180439455389308,0.133705549571192,-1.34952854214352,0.177167258964745,0.352965661162842,"TNS1"
"ENSG00000079313.15",1083.38380076744,0.0473986165583045,0.0681071841996709,0.695941509185657,0.486465460595993,0.665320403385877,"REXO1"
"ENSG00000079332.15",5757.19490196907,0.0416109231324608,0.0474185187776141,0.877524735169605,0.380201689787549,0.571779512968509,"SAR1A"
"ENSG00000079335.20",399.172927519126,-0.322340406900829,0.10150734607371,-3.17553772577958,0.00149559073250505,0.0145422611732742,"CDC14A"
"ENSG00000079337.16",605.784582444529,-0.0965455180731398,0.10691002775951,-0.903053905198821,0.366497286354336,0.559152992392443,"RAPGEF3"
"ENSG00000079385.23",2208.28137135854,0.145848538796504,0.139443778389532,1.04593077210717,0.29559299576493,0.488226303914363,"CEACAM1"
"ENSG00000079387.14",984.705222092639,-0.0212918509469114,0.0567335463712218,-0.375295610952883,0.707440629965613,0.830388514806672,"SENP1"
"ENSG00000079393.20",107.557129844782,-0.00804586671886325,0.320338228332073,-0.025116785969493,0.979961811138484,0.990115031325735,"DUSP13"
"ENSG00000079432.7",3954.76974484389,0.0488423377152011,0.071532077727166,0.682803285841814,0.49473115310632,0.672183955243428,"CIC"
"ENSG00000079435.10",210.774502719246,-0.0146597440114448,0.118533770661343,-0.123675674279597,0.901572072877339,0.94776551578598,"LIPE"
"ENSG00000079459.13",5947.60860406003,0.110250473927067,0.0963187495753773,1.14464187308398,0.252357539163383,0.442660726859846,"FDFT1"
"ENSG00000079462.8",1132.23137764683,0.246556993122961,0.125253741506478,1.96846010472437,0.0490151221189659,0.15367364730264,"PAFAH1B3"
"ENSG00000079482.13",771.709588902011,-0.402759215372959,0.106746493787322,-3.77304397627714,0.000161267848777314,0.00307684665026067,"OPHN1"
"ENSG00000079616.13",1523.4444783512,0.119915814683348,0.0853535535735559,1.40493054668201,0.160041932081556,0.33086277289813,"KIF22"
"ENSG00000079689.14",10.5998678974801,-0.248016731322177,0.355590024212124,-0.697479441026797,0.485502801173592,0.664480587410874,"SCGN"
"ENSG00000079691.18",1545.977532512,-0.134833226826982,0.0763000922478942,-1.76714369346917,0.0772041666455261,0.206803308402084,"CARMIL1"
"ENSG00000079739.17",3960.58722643452,0.199696372851504,0.0801066273090693,2.4928820443411,0.0126710932668657,0.0627299194250943,"PGM1"
"ENSG00000079785.16",4662.6226317753,0.0301732767852341,0.0494939623880449,0.609635505613152,0.542103286188582,0.710085561123517,"DDX1"
"ENSG00000079805.18",7503.47438534171,0.0589486204618165,0.0541984342767919,1.08764434339128,0.276752146786982,0.469426799621917,"DNM2"
"ENSG00000079819.19",2426.39576419517,-0.0889792012204979,0.109213764703621,-0.814725153573503,0.415229651901707,0.604068755554301,"EPB41L2"
"ENSG00000079841.18",120.604871002781,-1.03256804016433,0.24030045632385,-4.2969874296566,1.73135009196314e-05,0.000594859015600917,"RIMS1"
"ENSG00000079931.15",2000.70139602916,0.157257893835149,0.126049806846313,1.2475853614507,0.212182942024715,0.394771843210273,"MOXD1"
"ENSG00000079950.14",3058.8033454536,-0.0216196532299878,0.0612598928676828,-0.352916928481817,0.724150719312281,0.841652989983025,"STX7"
"ENSG00000079974.18",749.511870741144,-0.108104108194844,0.0751123231373936,-1.43923265423574,0.150084616445696,0.317234914311889,"RABL2B"
"ENSG00000079999.14",3097.70945981183,0.132642841650096,0.0718853637466048,1.84519956131349,0.0650085143071759,0.185127745002892,"KEAP1"
"ENSG00000080007.8",78.666710168638,0.0545037333006312,0.218422064274379,0.249534008762798,0.802947737521232,0.891674498998,"DDX43"
"ENSG00000080031.10",663.322551740762,0.673874111630531,0.208396613844432,3.23361353718338,0.00122234738980757,0.012654108099771,"PTPRH"
"ENSG00000080166.16",10.5723604356416,-0.557946507359875,0.185221968925529,-3.01231279743174,0.00259265292188463,0.0213974203590245,"DCT"
"ENSG00000080189.15",2865.21230398878,0.0507537398255187,0.0558742656088819,0.908356275871137,0.363690018831208,0.556457682858541,"SLC35C2"
"ENSG00000080200.10",1051.43064956724,-0.243075519554447,0.119527548317969,-2.03363595233975,0.0419883141346122,0.138971760859294,"CRYBG3"
"ENSG00000080224.17",28.0406018938013,-0.750985855974993,0.26121638673429,-2.87495690972441,0.00404082640758265,0.0290188165633411,"EPHA6"
"ENSG00000080293.10",877.651887133051,-0.775110643518108,0.225853471604026,-3.43191821676781,0.000599328263050165,0.00761872312398974,"SCTR"
"ENSG00000080298.15",636.273985935804,-0.547786881697218,0.107446423430337,-5.09823281416507,3.42839005279432e-07,3.43799367553257e-05,"RFX3"
"ENSG00000080345.18",2973.63684094415,-0.0462053641377421,0.0762135399805001,-0.606261881413252,0.544340866666209,0.711739702376705,"RIF1"
"ENSG00000080371.6",3300.85339778063,0.10084195370665,0.0585868066919236,1.72123997535697,0.0852072865977374,0.220728773163591,"RAB21"
"ENSG00000080493.18",1756.11157558925,-0.148818571591493,0.163332402842883,-0.911139302436202,0.362221980413761,0.555325860836036,"SLC4A4"
"ENSG00000080503.24",4136.04146419564,-0.107858843253285,0.0837190997644675,-1.28834212929584,0.197626893959377,0.377867180741083,"SMARCA2"
"ENSG00000080546.13",939.724751543133,-0.112515342053658,0.10507627149446,-1.07079686453843,0.28426077705877,0.476866575159611,"SESN1"
"ENSG00000080561.14",802.682759181284,-0.0763570141587558,0.0816917988309659,-0.934696202696568,0.349944884407816,0.543572808488096,"MID2"
"ENSG00000080572.13",38.1441876753828,-0.868597168104964,0.289453476549153,-3.00081788085714,0.00269255550261863,0.0219719540304033,"DNAAF6"
"ENSG00000080573.7",935.711062455742,0.191884476956463,0.138281287100194,1.38763878309456,0.165247065528969,0.337085384024016,"COL5A3"
"ENSG00000080603.17",198.36418491047,-0.135395800057847,0.0765761364886817,-1.76812002101803,0.0770408410586834,0.206515355987661,"SRCAP"
"ENSG00000080608.10",1347.83511939731,0.0274011302821639,0.0713857420924077,0.383845982110736,0.70109260498706,0.825633196485238,"PUM3"
"ENSG00000080618.17",400.485843159577,-0.681950501337704,0.296075341885731,-2.30330056192555,0.0212619380528578,0.0885174069768409,"CPB2"
"ENSG00000080644.16",31.8729995283662,-0.205557047734471,0.173743005643254,-1.18310977166207,0.236765645645638,0.424345318716636,"CHRNA3"
"ENSG00000080709.16",72.4242880875545,0.0158908454820532,0.121080790912161,0.131241672294505,0.895584131310884,0.944597209245784,"KCNN2"
"ENSG00000080802.19",1066.42357867305,-0.0405976254119387,0.0481790848941656,-0.842640027329681,0.399429797677008,0.589459940339566,"CNOT4"
"ENSG00000080815.19",4508.95212404215,0.0992558524622598,0.046052895590485,2.15525758347249,0.0311416830469319,0.113584580815239,"PSEN1"
"ENSG00000080819.9",967.538367270782,-0.14554864618555,0.082725396198126,-1.75941914907199,0.0785063417832779,0.20921409085013,"CPOX"
"ENSG00000080822.17",2596.12547095565,0.0158966612411574,0.0643759268349866,0.246934871817922,0.804958628024056,0.892542716405944,"CLDND1"
"ENSG00000080823.23",437.868213407279,-0.114448911227766,0.0918507207365584,-1.24603171657218,0.212752751425639,0.395509372562052,"MOK"
"ENSG00000080824.19",49279.0127521156,0.0664919271686766,0.075315483804595,0.88284538331041,0.377319816184367,0.568858789124038,"HSP90AA1"
"ENSG00000080839.12",659.489896562303,-0.0837128496702205,0.0839147571883316,-0.997593897368278,0.318476321504036,0.51223377269115,"RBL1"
"ENSG00000080845.18",3509.44244532966,0.0462640367790826,0.0685514253111945,0.67488074199863,0.499751536700215,0.676397544418921,"DLGAP4"
"ENSG00000080854.16",745.136028757673,-0.4428684661671,0.199656190905096,-2.21815544090797,0.0265442357458033,0.102287077432843,"IGSF9B"
"ENSG00000080947.15",163.359946339403,-0.289156353533991,0.117653123422633,-2.45770231271537,0.0139829026994627,0.0670699869720807,"CROCCP3"
"ENSG00000080986.13",537.169644783548,0.344852086748051,0.150120031779721,2.29717568441545,0.0216087496483116,0.0894743975484188,"NDC80"
"ENSG00000081014.11",675.4631386029,-0.0397089741116697,0.059082953496669,-0.672088508810048,0.501527351573634,0.677887284671354,"AP4E1"
"ENSG00000081019.13",1194.08010520188,-0.131903803770151,0.0633554833973174,-2.08196349703388,0.0373458040736752,0.128498744835146,"RSBN1"
"ENSG00000081026.19",2322.42826294412,-0.345996757253483,0.111124070815997,-3.11360765235461,0.00184815074067181,0.0169786099914974,"MAGI3"
"ENSG00000081041.9",2250.18679937904,0.0153072254347424,0.177878157104845,0.0860545537680605,0.931423050387593,0.963727743933684,"CXCL2"
"ENSG00000081051.8",5.51462039782057,0.848412750663411,0.334070167471242,2.53962440611056,0.0110971570738805,0.0575658539203341,"AFP"
"ENSG00000081052.13",1590.88039925136,-0.449498866730516,0.15085875933724,-2.97960071198567,0.00288624333710863,0.022999449359109,"COL4A4"
"ENSG00000081059.20",712.314158233823,-0.045658666604923,0.0986073907287246,-0.463034933461864,0.643339327437353,0.785682476549223,"TCF7"
"ENSG00000081087.15",1734.42584916631,0.0510606845500425,0.0720852579375213,0.708337405053035,0.478735753793281,0.658697384570504,"OSTM1"
"ENSG00000081138.14",17.6323099745655,0.838867685544994,0.304313949015203,2.75658637489235,0.00584081840581225,0.0372596986366559,"CDH7"
"ENSG00000081148.12",19.6801526514192,-0.134152068008057,0.137768637537434,-0.973748963523035,0.330181199363327,0.523862117346705,"IMPG2"
"ENSG00000081154.12",5751.14976692389,0.00738488019851869,0.0558053208113631,0.132332904661216,0.894720982075754,0.944412577082966,"PCNP"
"ENSG00000081177.18",1413.42605890143,-0.0253978733211827,0.0516668483259869,-0.49157001334661,0.623023346235816,0.771478151073373,"EXD2"
"ENSG00000081181.8",234.683281124846,-0.551985688224799,0.136545059298325,-4.04251674180914,5.28805356251997e-05,0.00137650638981218,"ARG2"
"ENSG00000081189.16",1695.04814427775,0.00183718632826622,0.109823685616241,0.0167285073156799,0.986653204791551,0.993307169128322,"MEF2C"
"ENSG00000081237.20",4371.12716233909,-0.288418310613133,0.125912602486469,-2.29062305851495,0.0219852241265599,0.0905099625133618,"PTPRC"
"ENSG00000081248.11",9.50000678064548,-0.52620918758468,0.292627034793015,-1.79822478793487,0.072141392945991,0.198118623053293,"CACNA1S"
"ENSG00000081277.13",1589.54085405929,0.117088262889916,0.27404563588612,0.427258264891954,0.669191227499518,0.804920103224158,"PKP1"
"ENSG00000081307.14",1785.76724624787,-0.0633645448947348,0.047939340114137,-1.32176506276208,0.186246395557701,0.364277374441017,"UBA5"
"ENSG00000081320.11",4559.37977760911,-0.173897788719112,0.0847358280205871,-2.05223448901523,0.0401468791836056,0.134965730938249,"STK17B"
"ENSG00000081377.17",1018.7360752496,-0.10778556133528,0.0686260306445101,-1.57062211413072,0.116270450167934,0.269251715070904,"CDC14B"
"ENSG00000081386.12",513.730808280323,-0.127384481670566,0.0652997727749023,-1.9507645472164,0.0510850610134531,0.157932485497344,"ZNF510"
"ENSG00000081479.15",1254.4831990133,-0.407223145437879,0.228555110975288,-1.78172845796438,0.0747935237987954,0.2026233644562,"LRP2"
"ENSG00000081665.14",890.182134566078,-0.424850023310518,0.0943306796341778,-4.50383719229122,6.67373415475409e-06,0.000296817105856323,"ZNF506"
"ENSG00000081692.12",293.56260935357,0.229920517552531,0.0716505674950567,3.20891411737101,0.00133237283766676,0.0134395484172296,"JMJD4"
"ENSG00000081721.12",758.055461064719,0.0828578813750157,0.0551531312978693,1.50232415504243,0.133013413335902,0.293836876795978,"DUSP12"
"ENSG00000081760.17",1969.80853243557,0.0678477065200958,0.0788021750017917,0.860987739469795,0.389244795739065,0.580294061639831,"AACS"
"ENSG00000081791.9",2426.12402974446,-0.057778693823837,0.054682630169083,-1.05661877720916,0.290685607315914,0.483068579633061,"DELE1"
"ENSG00000081803.16",2937.03410018844,-0.175968905101779,0.0881908714858883,-1.99531881403322,0.0460081192109866,0.147609936676436,"CADPS2"
"ENSG00000081818.4",150.266286257182,0.116702334805008,0.122531237015293,0.952429255165709,0.340879328493325,0.534216352684598,"PCDHB4"
"ENSG00000081842.18",33.7847912034627,-0.0198536079432518,0.232170528565925,-0.0855130410646171,0.931853528177511,0.963952745753925,"PCDHA6"
"ENSG00000081853.15",139.650861466319,0.303771407070015,0.159982607995787,1.89877769137265,0.0575937115510831,0.170884173611963,"PCDHGA2"
"ENSG00000081870.12",924.114043156109,0.131504994049041,0.0686318707933046,1.91609222550685,0.0553533577182478,0.166368720449617,"HSPB11"
"ENSG00000081913.14",956.347372815901,-0.0172008391544742,0.0846095967410723,-0.203296550474213,0.83890325155718,0.912254534574008,"PHLPP1"
"ENSG00000081923.15",2986.64365886931,-0.114849682102975,0.105027507635136,-1.09352001860275,0.274165544500311,0.466775426900989,"ATP8B1"
"ENSG00000081985.13",163.562285605939,-0.266311617685539,0.173296324487626,-1.53674129253996,0.124356674956818,0.28135961803176,"IL12RB2"
"ENSG00000082014.17",902.969103851856,0.00691829931159892,0.106147200076355,0.0651764653860144,0.948033499179712,0.97260197486103,"SMARCD3"
"ENSG00000082068.9",1376.74368246701,-0.199027870919765,0.0598083222259989,-3.32776214934929,0.000875465773329757,0.0100277947694994,"WDR70"
"ENSG00000082074.19",1765.58961170799,-0.276843162823085,0.126275687527386,-2.19237105925909,0.0283527245865022,0.106612520855931,"FYB1"
"ENSG00000082126.18",2.79504381815445,0.245228388286141,0.201532149622101,1.21682018847105,0.223672637064505,0.408398217932904,"MPP4"
"ENSG00000082146.13",720.051576372879,-0.0560009248224406,0.0740883351353306,-0.755866962324753,0.449728963774495,0.633582701038603,"STRADB"
"ENSG00000082153.18",7095.988413008,0.225431236004704,0.0776491180180962,2.90320407698857,0.00369365859077529,0.0272124309499185,"BZW1"
"ENSG00000082175.15",156.45046072859,-0.0607365589056726,0.157387866151338,-0.385903693790922,0.69956799488418,0.82462530993057,"PGR"
"ENSG00000082196.21",350.550079054392,0.1825977448511,0.153342189663372,1.1907860794994,0.233737575068857,0.420752910882263,"C1QTNF3"
"ENSG00000082212.13",2030.43330750658,-0.00462169645267766,0.0628023916149421,-0.0735910899861027,0.941335761076542,0.969314966396181,"ME2"
"ENSG00000082213.18",1615.01370402878,-0.0303755739148513,0.06546123926692,-0.464023814016018,0.642630684046506,0.785227854955053,"C5orf22"
"ENSG00000082258.13",2122.57845616095,-0.234831925401608,0.0587451128030834,-3.99747169077326,6.40226448511786e-05,0.00159067605599275,"CCNT2"
"ENSG00000082269.17",1140.8128993061,-0.0921221542684748,0.0904315313053612,-1.0186950606576,0.308347758259694,0.502069834975302,"FAM135A"
"ENSG00000082293.13",17.922775953597,-0.817237010759426,0.203210932983847,-4.02161930344755,5.77994204650696e-05,0.00147012897847441,"COL19A1"
"ENSG00000082397.17",1527.28827778533,-0.0749414463485503,0.126767866771474,-0.591170682738145,0.554406064062577,0.719379573265078,"EPB41L3"
"ENSG00000082438.17",2188.82871532108,-0.108424803674429,0.099289009728564,-1.09201213679984,0.2748277665889,0.4675402812665,"COBLL1"
"ENSG00000082458.12",2815.60413696781,-0.0392756214044175,0.068359014267148,-0.574549265016136,0.565596173029125,0.72802564411696,"DLG3"
"ENSG00000082482.14",37.4024871285903,0.361210711488466,0.250167739984936,1.44387406429869,0.148774403360831,0.315547315480165,"KCNK2"
"ENSG00000082497.12",859.497128032769,0.039397095531615,0.139681241628184,0.28205000952444,0.777905164191816,0.876291545641621,"SERTAD4"
"ENSG00000082512.15",1245.88713255798,-0.321975264299718,0.098717697327337,-3.26157591816677,0.00110794760085424,0.0118189360702468,"TRAF5"
"ENSG00000082515.18",967.047412239625,0.16414174552387,0.0692782350734502,2.36931188200512,0.0178212184151358,0.0791095766260154,"MRPL22"
"ENSG00000082516.9",1282.01414486699,0.174235005354642,0.0564108295474857,3.08868007707587,0.00201047809644891,0.0179326331867333,"GEMIN5"
"ENSG00000082556.14",65.7060672677152,-0.331905206553206,0.323583230956564,-1.02571819179888,0.305024436886679,0.498340297245471,"OPRK1"
"ENSG00000082641.16",10588.1752616264,0.132802535580666,0.0632156349132937,2.10078623370338,0.035659735427234,0.12447259085541,"NFE2L1"
"ENSG00000082684.16",146.492866122408,-0.245904289432647,0.154059658975079,-1.5961627532385,0.110452461083454,0.260579018895675,"SEMA5B"
"ENSG00000082701.17",3114.05478290093,-0.00466831104932686,0.0628331207021314,-0.0742969790002568,0.940774080798361,0.96906628730608,"GSK3B"
"ENSG00000082781.12",7387.31336382382,0.215508266476944,0.0845213961037232,2.54974806867217,0.0107800787580917,0.0563795159828846,"ITGB5"
"ENSG00000082805.20",2464.95924888116,0.0296903634152367,0.0721736518261717,0.411373994026867,0.680798320078869,0.81268239069894,"ERC1"
"ENSG00000082898.18",7345.82789828496,-0.0261953926192131,0.06031481246398,-0.434311101188568,0.664062543554693,0.801298766357378,"XPO1"
"ENSG00000082929.8",13.9644111600729,0.199186462954262,0.253252202484292,0.786514237587396,0.431566281291679,0.61766555769254,"LINC01587"
"ENSG00000082996.20",3170.17814666462,0.0287581047548614,0.067924249084899,0.423384949297216,0.672014424084275,0.806681014521923,"RNF13"
"ENSG00000083067.23",17.6089678123381,-0.23202596496032,0.186581668449173,-1.24356249404816,0.213660627132697,0.396554981554738,"TRPM3"
"ENSG00000083093.10",650.333220716768,0.0538560256956766,0.0584865979061075,0.920826781242009,0.357140870329161,0.550501921193979,"PALB2"
"ENSG00000083097.14",768.879773961706,-0.370809953700466,0.0858912618057275,-4.31720230795048,1.58019314160539e-05,0.000553782844878614,"DOP1A"
"ENSG00000083099.11",1544.93082235033,-0.00814630355753064,0.0554045729680363,-0.147033053791974,0.883105930687976,0.937778953508382,"LYRM2"
"ENSG00000083123.15",742.170083206668,-0.10194585878797,0.0635424737179427,-1.60437346585679,0.108631756173859,0.257965553373487,"BCKDHB"
"ENSG00000083168.11",3354.8080450027,-0.0734784206313392,0.0832067171420393,-0.883082798542656,0.377191537323233,0.568716899239273,"KAT6A"
"ENSG00000083223.18",1480.86231589984,0.0617022492229573,0.0678088138338073,0.909944382365741,0.362851841936023,0.555822018256665,"TUT7"
"ENSG00000083290.20",1087.14620186145,-0.102188883490367,0.08240426308483,-1.24009219505027,0.214941295494538,0.398217479702302,"ULK2"
"ENSG00000083307.12",2446.98108788337,-0.0666285926062547,0.0920423243690462,-0.72389080852745,0.469132773308422,0.650270095414351,"GRHL2"
"ENSG00000083312.17",5584.94227546096,0.149328777848229,0.0673787691196678,2.21625861972952,0.0266737952706448,0.10259365364436,"TNPO1"
"ENSG00000083444.17",8017.44900979862,0.324770373547532,0.0847827669208597,3.83061776989052,0.000127821935893682,0.00261720523475299,"PLOD1"
"ENSG00000083454.22",93.3983849938185,-0.148608344046598,0.154555694289898,-0.961519695080629,0.336290927541275,0.52964349546486,"P2RX5"
"ENSG00000083457.12",949.89348828851,-0.0341066703468056,0.0858635537328041,-0.397219412242603,0.691205668384538,0.819293303813957,"ITGAE"
"ENSG00000083520.15",2121.4492208654,0.0876868643446442,0.0540937583881808,1.62101630497546,0.105014141908546,0.252211390119399,"DIS3"
"ENSG00000083535.16",913.46201783479,-0.00799675984359247,0.0700961983724671,-0.114082646837714,0.909172278223551,0.951866405467411,"PIBF1"
"ENSG00000083544.16",800.435677594619,-0.0565202805949679,0.0717596405924911,-0.787633273080832,0.43091124639864,0.617099454849877,"TDRD3"
"ENSG00000083622.8",1.73442875205584,-0.830278140684508,0.319735637495309,-2.59676446200555,0.00941064306796624,0.0515310098127961,"AC000061.1"
"ENSG00000083635.8",360.57303058326,0.109806495067813,0.0551923988746595,1.98952205931801,0.0466436094399177,0.148888369039614,"NUFIP1"
"ENSG00000083642.19",1628.09531304364,-0.0499223927566203,0.0663881182214114,-0.751977825160277,0.452064394203102,0.635451125924452,"PDS5B"
"ENSG00000083720.13",1214.59758018386,-0.0839658976290216,0.117014521703863,-0.717568182191269,0.47302358199867,0.653528684956715,"OXCT1"
"ENSG00000083750.13",513.882828394895,-0.0798432685286599,0.0582133923696372,-1.37156185679198,0.170199874818982,0.343797138232519,"RRAGB"
"ENSG00000083782.8",67.405353067504,-0.29624677520261,0.292350649509416,-1.01332689255089,0.310904046370198,0.504800215352499,"EPYC"
"ENSG00000083799.18",2599.99229036555,-0.167123895183818,0.0714069569394972,-2.34044275721512,0.0192608907798202,0.083163471973533,"CYLD"
"ENSG00000083807.10",212.292522149316,0.287107734450968,0.10903989744188,2.63305213217026,0.00846213575730587,0.0479505934900798,"SLC27A5"
"ENSG00000083812.12",362.120719112422,-0.0162210838656277,0.0521917127245886,-0.31079807538076,0.755954132902874,0.861858124331737,"ZNF324"
"ENSG00000083814.13",303.802634676194,-0.192447869579637,0.0929889981133798,-2.06957676159699,0.0384919960955449,0.131128008391382,"ZNF671"
"ENSG00000083817.9",218.845443616739,0.010404552089451,0.0684706075660032,0.151956473869775,0.879221265713321,0.93539610398399,"ZNF416"
"ENSG00000083828.16",497.456558912667,-0.201686300713282,0.0764791771561356,-2.63714004534241,0.00836083063462258,0.0475580273908234,"ZNF586"
"ENSG00000083838.16",177.818143626036,-0.00589578621074651,0.0579693447198335,-0.101705241610732,0.918990641520322,0.957387804023252,"ZNF446"
"ENSG00000083844.10",1543.54301397468,-0.206414035395989,0.073166300613887,-2.8211626618281,0.00478499334554915,0.0324255614600789,"ZNF264"
"ENSG00000083845.9",27335.0184737812,0.121503710010997,0.11440820354706,1.06201921054567,0.288226964176926,0.480642044190424,"RPS5"
"ENSG00000083857.14",8110.60735640078,0.0125101661416988,0.127275871191423,0.0982917345180341,0.921700641300056,0.958735683985072,"FAT1"
"ENSG00000083896.13",3325.68153844301,-0.0298282354478956,0.035774317548758,-0.833789083669919,0.404399847862004,0.593999856390109,"YTHDC1"
"ENSG00000083937.10",2670.58475014442,0.101452569934195,0.0599688700914852,1.6917539013062,0.0906929064578592,0.229845733301188,"CHMP2B"
"ENSG00000084070.12",3399.18965467565,-0.109927277267763,0.0721410909233612,-1.52378174298118,0.127563241698916,0.286415093463853,"SMAP2"
"ENSG00000084072.17",2231.28273924717,-0.0171486282801927,0.0532521988442969,-0.322026670303948,0.747432489858294,0.856571886849065,"PPIE"
"ENSG00000084073.10",3987.05031326649,0.0248722902466196,0.0598825711165307,0.415351074325424,0.677884917219912,0.810894745221419,"ZMPSTE24"
"ENSG00000084090.13",8105.99702366966,0.00992548183006544,0.052711045924392,0.188299846000066,0.850641606069449,0.919429195624162,"STARD7"
"ENSG00000084092.7",1069.48209556593,0.214317521623931,0.0573857890396685,3.73467935547217,0.00018795450286437,0.00344099651489034,"NOA1"
"ENSG00000084093.19",2095.07609534688,-0.0675413328526558,0.0664806882080484,-1.01595417666689,0.309651208084711,0.503435546111918,"REST"
"ENSG00000084110.11",412.280013722273,0.125712188170262,0.214870615682772,0.585059933722437,0.558507418115087,0.722486859878245,"HAL"
"ENSG00000084112.15",2973.15326601707,-0.0494425331704836,0.0685280699592042,-0.721493151637242,0.470606152671158,0.651390289813365,"SSH1"
"ENSG00000084207.18",29522.8538287084,0.158367735237692,0.108382026104757,1.46119924981492,0.14396076886718,0.308959054311591,"GSTP1"
"ENSG00000084234.18",51251.3923041121,-0.00554849969048601,0.0848752243266151,-0.0653724303470985,0.9478774745087,0.972501841566045,"APLP2"
"ENSG00000084444.14",546.081397843242,-0.150234809895742,0.0949386402054604,-1.58244113851444,0.113548899604713,0.265457728708637,"FAM234B"
"ENSG00000084453.16",138.859580799582,0.191425636837896,0.331618902334375,0.577245855077584,0.563773384514111,0.726846866887411,"SLCO1A2"
"ENSG00000084463.8",4157.09369490685,0.105941210965439,0.0664759248528774,1.5936778796219,0.111008201170368,0.261445673568552,"WBP11"
"ENSG00000084623.12",8941.47709157856,0.188116407257546,0.0700736620796554,2.68455225079727,0.00726270300131988,0.0431318535538607,"EIF3I"
"ENSG00000084628.10",30.7520266284737,0.00818988790207499,0.247228499405478,0.03312679534022,0.973573474881019,0.986812604722963,"NKAIN1"
"ENSG00000084636.18",2307.71518063747,-0.0225076071597943,0.110106070933486,-0.204417494593836,0.838027260109907,0.911838733604782,"COL16A1"
"ENSG00000084652.16",4533.57061577795,0.00928835394132719,0.0450461695310859,0.206196310097297,0.836637570035404,0.911011434805845,"TXLNA"
"ENSG00000084674.15",28.9529810827796,-0.431201479902223,0.241228434290542,-1.7875234367391,0.0738529276156291,0.201045422657984,"APOB"
"ENSG00000084676.15",2623.33255897555,-0.0282973036853951,0.0685430241852967,-0.412840023061971,0.679723826040609,0.811938721243224,"NCOA1"
"ENSG00000084693.16",1328.53423821656,-0.0130326931930074,0.0628560444689119,-0.207341923964898,0.835742834876754,0.910674636460958,"AGBL5"
"ENSG00000084710.14",532.792144615829,0.0451377308443186,0.160289395411837,0.281601479176739,0.778249105871997,0.876616457256769,"EFR3B"
"ENSG00000084731.15",940.298397286103,0.150382899316551,0.126384517505495,1.18988387410675,0.234092037436853,0.421072246063274,"KIF3C"
"ENSG00000084733.11",8476.2444111247,0.186109390707368,0.0666022412067526,2.79434126142438,0.00520055657966339,0.0344698646638928,"RAB10"
"ENSG00000084734.9",31.2155509053028,0.416809670779922,0.214502675294114,1.94314439299378,0.0519987145460826,0.159792616151258,"GCKR"
"ENSG00000084754.12",8687.57318793122,0.0982823117455155,0.0489922594108548,2.00607836681523,0.0448478875444724,0.145301743870973,"HADHA"
"ENSG00000084764.12",898.020289330489,-0.14397638587426,0.0903373831287783,-1.5937630788908,0.110989109941317,0.261419203203131,"MAPRE3"
"ENSG00000084774.14",3074.69904096179,0.0560368882261883,0.0895388134680228,0.625839075321239,0.531420498997095,0.701175937069151,"CAD"
"ENSG00000085063.17",14330.7288574131,0.207770542293985,0.0937089250981262,2.21719054056399,0.0266100737259672,0.102455092466593,"CD59"
"ENSG00000085117.12",2986.47188363754,0.032910875944462,0.103768977967475,0.317155248023906,0.751125805168472,0.858966517015209,"CD82"
"ENSG00000085185.15",1047.68531522255,0.105453554084012,0.0794157671176336,1.3278667185549,0.18422214118349,0.361825718035628,"BCORL1"
"ENSG00000085224.23",3942.90544263021,-0.210900844750551,0.0762209610975005,-2.76696648420334,0.00565805717256527,0.0364782527974856,"ATRX"
"ENSG00000085231.14",465.185934049593,0.126224602856429,0.0505094200270835,2.49903092905732,0.0124533441648454,0.0620244836337033,"AK6"
"ENSG00000085265.11",788.486503847209,0.0544596325136901,0.171275504374485,0.317965097884734,0.750511411876018,0.85845802718346,"FCN1"
"ENSG00000085274.16",767.82738407841,-0.0332841343757797,0.0626452336107147,-0.531311521361888,0.595202922771587,0.750724817022453,"MYNN"
"ENSG00000085276.19",3094.75603531497,-0.215305022250221,0.130931801529163,-1.64440586424121,0.100092394604959,0.244506280254084,"MECOM"
"ENSG00000085365.18",2659.59770711504,0.110524030641375,0.0665094494220442,1.66177936521517,0.0965570210927578,0.239293799556438,"SCAMP1"
"ENSG00000085377.15",1605.44726784355,0.0012344902701929,0.0530852032825814,0.0232548844848819,0.981446958936766,0.990721861906223,"PREP"
"ENSG00000085382.12",516.268296107831,-0.193439708631457,0.0740224212063961,-2.61325832739367,0.00896834861411335,0.0498538734720168,"HACE1"
"ENSG00000085415.16",1744.86695100813,0.0340376529031249,0.068751261816317,0.495084046516315,0.620540794621844,0.769418817747758,"SEH1L"
"ENSG00000085433.16",707.811829726467,-0.203405933487066,0.0574489891277622,-3.54063555469543,0.00039916452890992,0.00579718442899853,"WDR47"
"ENSG00000085449.15",2251.03547581955,0.0142337689411685,0.0569921305389264,0.249749725208934,0.802780901251526,0.891612775065621,"WDFY1"
"ENSG00000085465.13",171.928445700385,-0.338329174840526,0.132787680920689,-2.54789580249242,0.010837483558687,0.0566068936491006,"OVGP1"
"ENSG00000085491.17",2301.14892825293,0.192734031426368,0.0789276436870829,2.44190783384442,0.014609875967502,0.069072223883278,"SLC25A24"
"ENSG00000085511.20",1097.1456756503,-0.0831261406677364,0.0617300281429722,-1.34660785307288,0.178106563603643,0.354021913241584,"MAP3K4"
"ENSG00000085514.16",605.093229827535,0.159275189781558,0.124843794077531,1.27579581314746,0.202027708004982,0.382959033601195,"PILRA"
"ENSG00000085552.17",1123.5017654507,0.146919963462416,0.154987401576172,0.947947781356985,0.343156038504769,0.536572139298294,"IGSF9"
"ENSG00000085563.15",215.867511341586,-0.0820945493317527,0.142227303597646,-0.577206677305744,0.563799846867793,0.726846866887411,"ABCB1"
"ENSG00000085644.14",978.121429420044,0.157137014584621,0.0769251769401117,2.04272542274367,0.0410796267062176,0.136971858981482,"ZNF213"
"ENSG00000085662.14",4898.74291767847,0.336384794694584,0.146487284065588,2.29634126156623,0.0216563766240106,0.0895935189395202,"AKR1B1"
"ENSG00000085719.13",6394.6892074036,0.0553251535146546,0.0681935957457326,0.811295443650465,0.417196026015404,0.605664644579028,"CPNE3"
"ENSG00000085721.13",2164.35782870048,0.0436629103215014,0.0505949837022807,0.862988919582025,0.388143559142575,0.579196966273755,"RRN3"
"ENSG00000085733.16",12960.3864511577,0.0605995965874409,0.072385315610045,0.837180802165783,0.402490946866226,0.59227498078249,"CTTN"
"ENSG00000085741.13",100.898185442835,-0.117494902725531,0.176734555094372,-0.66481001784168,0.506172014365255,0.681687022137553,"WNT11"
"ENSG00000085760.15",1588.60268062392,0.0994361115596387,0.0564306777603728,1.76209316467692,0.0780535579852316,0.208274192995297,"MTIF2"
"ENSG00000085788.14",1942.47835608977,-0.111352084751533,0.0818550815720015,-1.36035640809404,0.173717166034547,0.34882784130206,"DDHD2"
"ENSG00000085831.15",1780.34549547216,-0.107199720071326,0.116278343100245,-0.921923354023957,0.356568556453577,0.549950752803156,"TTC39A"
"ENSG00000085832.17",3647.29878752498,-0.0776552183611726,0.0502559328164119,-1.54519504482888,0.122299092574643,0.278160512094919,"EPS15"
"ENSG00000085840.13",341.338873603494,0.231832180325974,0.144838083692577,1.60062998912665,0.109458895981894,0.259069489950574,"ORC1"
"ENSG00000085871.9",1523.76292728925,0.162987108846836,0.0727116601569664,2.24155394739973,0.02499021519712,0.098571447831077,"MGST2"
"ENSG00000085872.15",1151.33323030553,0.0963811206302396,0.0718307088483676,1.34178156077642,0.179666832627803,0.356029275559636,"CHERP"
"ENSG00000085978.22",1759.78181542725,0.111890120665867,0.0543647691315232,2.05813659201189,0.0395770232789388,0.133702469409002,"ATG16L1"
"ENSG00000085982.14",2602.8052720397,0.0313304605819951,0.0592787211664736,0.528527943340902,0.597132957722171,0.752245631960202,"USP40"
"ENSG00000085998.14",3524.92148494542,0.0207355113457398,0.0615048922132123,0.337135967556178,0.736014404742641,0.849249990799304,"POMGNT1"
"ENSG00000085999.13",198.950847342574,0.0683738564636691,0.147982232103094,0.462040986218097,0.644051928727336,0.786243064796099,"RAD54L"
"ENSG00000086015.22",2682.27401649325,0.0390815180796924,0.0799251509437975,0.488976468836125,0.62485835633654,0.773159744955307,"MAST2"
"ENSG00000086061.16",8670.76264516779,0.157950382621217,0.0638789616409163,2.47265106638874,0.0134115017947682,0.0652886575892994,"DNAJA1"
"ENSG00000086062.13",13982.0154365137,0.239813911009714,0.0794325365864673,3.01908917070352,0.00253535895983063,0.0211119296551524,"B4GALT1"
"ENSG00000086065.14",4499.32820878659,0.111459674504666,0.0736620211621755,1.51312267497079,0.130248500897883,0.29019362513506,"CHMP5"
"ENSG00000086102.19",2405.61695144157,-0.117249071390574,0.050410386988446,-2.32589111877772,0.0200243599514077,0.0852750247378734,"NFX1"
"ENSG00000086159.13",27.4993177257308,-0.828898948956476,0.240475793342284,-3.4469122128091,0.000567032801330761,0.00735706276488895,"AQP6"
"ENSG00000086189.10",465.910817811424,0.128588493105121,0.0650223095760974,1.97760574706486,0.0479732004312063,0.15160624223599,"DIMT1"
"ENSG00000086200.17",1004.69436953014,0.051118570731137,0.0603704559649908,0.846748130588594,0.397135525107278,0.587618312715874,"IPO11"
"ENSG00000086205.18",154.789668874904,-0.108693456174108,0.13621927261861,-0.797930087899022,0.424911061914016,0.612564474941687,"FOLH1"
"ENSG00000086232.13",10098.7083796217,0.152744650668613,0.0675480631797075,2.2612735802986,0.0237423211892115,0.0952238404231318,"EIF2AK1"
"ENSG00000086288.12",22.158954627229,-0.439045680394717,0.134281082306112,-3.26960188922109,0.00107698942628779,0.0115783476032628,"NME8"
"ENSG00000086289.12",2494.19405941986,0.00243826848945862,0.13137721079232,0.0185592955943707,0.985192674648338,0.992898634504443,"EPDR1"
"ENSG00000086300.16",1362.7903835223,0.167467718311577,0.114729250626152,1.45967760965575,0.144378698316728,0.309579654325057,"SNX10"
"ENSG00000086475.15",2302.27952828438,0.0744996476695493,0.0555778879670339,1.34045481745796,0.180097524229647,0.356628018448678,"SEPHS1"
"ENSG00000086504.17",2351.34510246868,0.274156649669121,0.0793296704195876,3.45591565197563,0.000548426908478907,0.0071800145749069,"MRPL28"
"ENSG00000086506.3",5.56043391999255,0.171892200032729,0.288701859164396,0.595396927925042,0.551578178547865,0.71702363431315,"HBQ1"
"ENSG00000086544.3",3279.82026021476,0.222594652071326,0.114502502259704,1.94401561257112,0.0518935684089589,0.159557865999212,"ITPKC"
"ENSG00000086548.9",67688.0218808923,0.205608593295406,0.179779668136876,1.14366989007269,0.252760564989706,0.442949652079286,"CEACAM6"
"ENSG00000086570.12",226.849930813822,-0.139196744431682,0.243534043015481,-0.571569964954894,0.567613348259544,0.729380878900373,"FAT2"
"ENSG00000086589.12",2057.71495955334,0.0304775536582415,0.03903617596269,0.780751518472796,0.434948653504439,0.620718655798504,"RBM22"
"ENSG00000086598.11",16645.4200194244,-0.0130822704271254,0.0760835338680795,-0.171946146058471,0.863479867499881,0.927199975122513,"TMED2"
"ENSG00000086619.14",1148.25300899604,-0.611130798995177,0.142862520839469,-4.27775455314755,1.88788015889376e-05,0.000640705342813964,"ERO1B"
"ENSG00000086666.19",3468.48434995372,0.0676354428725509,0.0582308741017543,1.16150485315338,0.245436650696384,0.434483033531915,"ZFAND6"
"ENSG00000086696.11",138.104658874271,0.123957398817048,0.245440597929804,0.505040322842189,0.613530514963591,0.764828375882085,"HSD17B2"
"ENSG00000086712.13",1109.94588403959,-0.0487441334646409,0.0576706367049846,-0.845215802176635,0.397990361050509,0.588274422414073,"TXLNG"
"ENSG00000086717.18",49.7032355051384,-0.107611341428247,0.1579720706417,-0.681204854700698,0.495741876621323,0.672975914305961,"PPEF1"
"ENSG00000086730.17",998.401239827615,0.0484632209668649,0.104555276914218,0.463517695109987,0.642993334204118,0.785411545188498,"LAT2"
"ENSG00000086758.16",13358.8912966717,0.0348028104100216,0.0677600261986576,0.513618609119001,0.607518666396751,0.760191481986295,"HUWE1"
"ENSG00000086827.9",923.037303281892,0.0145528683394282,0.0587463613679314,0.247723739829313,0.804348162542209,0.892311598264562,"ZW10"
"ENSG00000086848.15",371.056104005146,-0.403950056364956,0.0932050294737054,-4.33399419157865,1.46428039523845e-05,0.000525326370675363,"ALG9"
"ENSG00000086967.10",62.240914959932,0.110216234263228,0.172221834395491,0.639966672344963,0.522194266742804,0.694860660378424,"MYBPC2"
"ENSG00000086991.13",268.824809070534,-0.00468466385485827,0.138065425483148,-0.0339307530358501,0.972932369924957,0.986592119324059,"NOX4"
"ENSG00000087008.16",881.004442822404,0.0803596854837661,0.0640617760974907,1.25440926522975,0.209693286607359,0.391900673123319,"ACOX3"
"ENSG00000087053.20",2026.92358902577,0.0835299353158243,0.0642947740557356,1.29917145744091,0.193885094471294,0.373399783615756,"MTMR2"
"ENSG00000087074.8",4865.80093569177,-0.0457724142280314,0.117836582177132,-0.388439764480155,0.697690622077767,0.823463984363017,"PPP1R15A"
"ENSG00000087076.9",579.561120366738,0.0858622972215708,0.134108982896208,0.640242699387431,0.522014826816067,0.694677417426945,"HSD17B14"
"ENSG00000087077.14",3407.377895622,0.0745543253671462,0.109749521705995,0.679313442174883,0.496939281041335,0.673886989683075,"TRIP6"
"ENSG00000087085.16",739.060671212611,-0.249648756540699,0.202537772962563,-1.23260344423183,0.217723751298802,0.401480708359692,"ACHE"
"ENSG00000087086.15",215692.171211998,0.235908388471545,0.114834373658007,2.05433600547265,0.0399431821884995,0.134529930662794,"FTL"
"ENSG00000087087.20",4367.88805065059,-0.015497411929876,0.0695474932737782,-0.222832070580452,0.823666206766749,0.9035360468496,"SRRT"
"ENSG00000087088.20",2465.06646596824,0.157240919082754,0.0724667790628568,2.16983452440139,0.0300193839211332,0.110703959779164,"BAX"
"ENSG00000087095.13",1187.82325766628,-0.0958883692259162,0.0515757882682519,-1.8591740901213,0.0630024661260715,0.181342485334006,"NLK"
"ENSG00000087111.21",3221.09031155766,0.0678684399277467,0.0647879927836366,1.04754657478582,0.294847563061799,0.48741817371816,"PIGS"
"ENSG00000087116.16",1802.06178788489,0.201062244727809,0.127905315443815,1.57196160323868,0.115959456279042,0.268902847245116,"ADAMTS2"
"ENSG00000087128.10",606.952239857832,1.0167976345512,0.284023216731699,3.57998070105554,0.000343619584634548,0.00527437843763854,"TMPRSS11E"
"ENSG00000087152.15",3469.21238331159,0.0288556119160618,0.0598268044126743,0.482319124334655,0.629579263735198,0.776059181292752,"ATXN7L3"
"ENSG00000087157.19",1534.74533716993,-0.194005948130241,0.056428501696275,-3.43808434210203,0.000585845193438088,0.00748734895398628,"PGS1"
"ENSG00000087191.13",4289.69467834864,0.140165934012353,0.0638627065847369,2.19480102720626,0.0281778737816795,0.106217117705859,"PSMC5"
"ENSG00000087206.17",961.970429967586,0.0128986711628717,0.0451086873752062,0.285946497524584,0.774919100000197,0.874466379565013,"UIMC1"
"ENSG00000087237.12",98.1610546877187,0.0377906517367846,0.107644194812611,0.351070039611251,0.725535804088881,0.842495773638323,"CETP"
"ENSG00000087245.13",15336.905455635,0.073644882224706,0.125376975906202,0.587387609985121,0.556943413173628,0.721490935984031,"MMP2"
"ENSG00000087250.9",17.421675992193,0.0203857054667222,0.232994278181602,0.0874944467556109,0.930278499352187,0.963115746328311,"MT3"
"ENSG00000087253.13",1312.61097381758,0.00860488799394711,0.0946410316297442,0.0909213249873613,0.927555105482515,0.961940499492208,"LPCAT2"
"ENSG00000087258.16",217.030750519921,-0.25467688521783,0.142501334040192,-1.787189480949,0.0739068688780346,0.201159367687738,"GNAO1"
"ENSG00000087263.17",1451.75420895254,0.177829373306198,0.0488581422978338,3.63970803928995,0.000272947341784424,0.00447776260927799,"OGFOD1"
"ENSG00000087266.17",2624.13873831482,0.107035931568636,0.0661601317688104,1.61783129366583,0.105698960334255,0.253350816923439,"SH3BP2"
"ENSG00000087269.16",1248.16657417929,0.087415658206933,0.0598216409774873,1.4612714860134,0.143940951760634,0.30894014706202,"NOP14"
"ENSG00000087274.17",9794.18547473001,0.0451261090625481,0.0522780113077705,0.863194829598283,0.388030355978792,0.579079951660851,"ADD1"
"ENSG00000087299.12",506.08729320037,-0.153859376020067,0.0827590002657684,-1.85912559994648,0.0630093374085777,0.181342485334006,"L2HGDH"
"ENSG00000087301.9",586.487942735284,-0.309578153976124,0.0922176250636639,-3.35703889318774,0.000787820296684054,0.00928128136500432,"TXNDC16"
"ENSG00000087302.9",4819.42755976019,0.0824862778842527,0.0650527028438159,1.26799155574355,0.204800966133004,0.386029472086628,"RTRAF"
"ENSG00000087303.18",634.177899193938,0.306545528983826,0.131681166426062,2.32793752746676,0.0199154211836267,0.0850304011746052,"NID2"
"ENSG00000087338.5",1718.51612444349,-0.0244352648316881,0.0563951027309004,-0.433286999197173,0.664806281839724,0.801781096853413,"GMCL1"
"ENSG00000087365.16",11056.8820622107,0.0302371922475369,0.0562585546665548,0.537468344623376,0.590944145221864,0.747560735119367,"SF3B2"
"ENSG00000087448.11",1291.63956981315,0.109963479049502,0.0767989485746249,1.43183573591052,0.152190837398249,0.320187633990992,"KLHL42"
"ENSG00000087460.27",48069.0706899171,0.0529525642743482,0.0746289908882547,0.709544154946922,0.477986860813622,0.658158590391162,"GNAS"
"ENSG00000087470.18",2967.19755137413,0.162193751341999,0.0718577110687287,2.25715165331203,0.0239986002102667,0.0958586816075625,"DNM1L"
"ENSG00000087494.16",263.791507975979,-0.172509698567345,0.218249658164434,-0.79042368275955,0.429280375805065,0.615981573800539,"PTHLH"
"ENSG00000087495.17",614.69212636589,0.347189293988116,0.227076127531079,1.52895549947494,0.126275476173285,0.284387663022307,"PHACTR3"
"ENSG00000087502.18",2343.96693838224,0.0303660238654827,0.0781044571454015,0.388787336540249,0.697433469291346,0.823304346811218,"ERGIC2"
"ENSG00000087510.7",921.826610146214,-0.0285987438002155,0.120135665636893,-0.238053734073064,0.811839418113327,0.896826921071305,"TFAP2C"
"ENSG00000087586.18",1043.57985067855,0.243744012970437,0.139759677516556,1.74402243409272,0.0811551780172086,0.214079656265504,"AURKA"
"ENSG00000087589.16",398.433141258208,-0.144261721703522,0.136878066820572,-1.05394330190701,0.291908876204802,0.484400249986866,"CASS4"
"ENSG00000087842.11",909.646493941461,0.160640557643787,0.148727118682583,1.08010266766903,0.280096464080753,0.472654025974106,"PIR"
"ENSG00000087884.14",180.352756396599,0.0730253046104325,0.0684963984032538,1.0661188954858,0.286369898977087,0.478788381793007,"AAMDC"
"ENSG00000087903.13",811.346183783795,-0.228649905421484,0.127828575317351,-1.78872294284615,0.0736594461579849,0.200729952673714,"RFX2"
"ENSG00000087995.16",1064.75706209584,-0.00852143462711072,0.0571998585722488,-0.148976498190941,0.881572177725204,0.936886410529199,"METTL2A"
"ENSG00000088002.12",428.543049270801,0.410368594604827,0.166341611259005,2.46702308279229,0.0136241574667751,0.0659957914362498,"SULT2B1"
"ENSG00000088035.18",708.557637190024,-0.0619583174239037,0.0617768523451001,-1.00293742837187,0.315891052358056,0.509937975473078,"ALG6"
"ENSG00000088038.19",2002.87273407494,0.0483404946498806,0.0692059126557456,0.698502379274197,0.484863070433272,0.66402904993562,"CNOT3"
"ENSG00000088053.11",14.2662921635394,-0.0804537387216335,0.180592345397804,-0.445499163014979,0.655959064519697,0.795064989626265,"GP6"
"ENSG00000088179.9",1244.02888108152,-0.20792748065265,0.0839587521745813,-2.47654324614415,0.0132661552337598,0.0648751624849536,"PTPN4"
"ENSG00000088205.13",4320.37887989968,-0.0191087044507766,0.0521088281724446,-0.366707621740022,0.713837120727668,0.834679818987509,"DDX18"
"ENSG00000088247.17",6625.03840790399,0.106216917532206,0.0640854699640338,1.65742589688142,0.0974333992732862,0.240578387817733,"KHSRP"
"ENSG00000088256.9",2382.82874795587,0.0663019077831084,0.0698464314209053,0.949252616551917,0.342492146497964,0.535785689002759,"GNA11"
"ENSG00000088280.19",1431.77706548324,-0.0367820500695769,0.0994542505651753,-0.369838894371563,0.711502533238397,0.833288902134219,"ASAP3"
"ENSG00000088298.13",2525.67144318219,0.0814679823399554,0.0626319570144568,1.30074144611433,0.193346970472904,0.372819453721441,"EDEM2"
"ENSG00000088305.18",318.124162175353,0.035632426944995,0.143135186940123,0.248942469749949,0.803405283061237,0.891912340637515,"DNMT3B"
"ENSG00000088320.4",49.357975052634,-0.0824387253157934,0.131550751320147,-0.626668601193828,0.530876489886197,0.70095008815755,"REM1"
"ENSG00000088325.16",2635.74998496538,0.369722150970093,0.164200272081952,2.25165370484628,0.0243441643829778,0.0967403037482074,"TPX2"
"ENSG00000088340.17",865.482721990451,0.0869235655136641,0.188389856185147,0.461402579065813,0.644509801511289,0.786621117950883,"FER1L4"
"ENSG00000088356.6",967.486126506024,0.0205531828314126,0.0840604058205354,0.244504920369913,0.806839791695303,0.893676132307929,"PDRG1"
"ENSG00000088367.23",3070.72229311837,0.00554145575952271,0.0809121202482149,0.0684873383928531,0.945397698908829,0.971635778507247,"EPB41L1"
"ENSG00000088386.17",144.047514170189,1.07760973186418,0.26717472632889,4.03335205642788,5.49868041998564e-05,0.00141802918065517,"SLC15A1"
"ENSG00000088387.19",4487.35856064523,-0.154692309677441,0.096827732046884,-1.5976033560565,0.110131279075679,0.260042601011814,"DOCK9"
"ENSG00000088448.14",3710.73309371503,-0.091255028912709,0.0773520506184033,-1.17973638944483,0.238105076052026,0.425783236491573,"ANKRD10"
"ENSG00000088451.11",622.721434936148,-0.000227197060635666,0.0679573114028434,-0.00334323203707791,0.997332491743647,0.998712384504504,"TGDS"
"ENSG00000088538.13",195.83947640333,0.0491607345062068,0.174176683308522,0.282246357964732,0.777754614127134,0.876181246172458,"DOCK3"
"ENSG00000088543.15",308.757378226598,-0.0879060338371847,0.0770658019261628,-1.1406620269962,0.25401059443717,0.44448516349189,"C3orf18"
"ENSG00000088682.14",1765.24844168146,0.16889118666913,0.0652935638188733,2.58664371786537,0.00969157445724019,0.0524994449080536,"COQ9"
"ENSG00000088726.16",99.3047982688588,0.18765804920319,0.20936185524838,0.896333522553852,0.370074660289245,0.56246955786395,"TMEM40"
"ENSG00000088727.13",290.409307993106,-0.0189059657809933,0.0761898957877293,-0.248142691173469,0.80402400553445,0.892201615862012,"KIF9"
"ENSG00000088756.13",344.888814498616,0.00635153525632381,0.128458477421209,0.049444267002305,0.960565251314857,0.980181454455079,"ARHGAP28"
"ENSG00000088766.12",150.524891293903,-0.283498861685955,0.128745246780981,-2.20201420071249,0.0276643053810518,0.104914309934336,"CRLS1"
"ENSG00000088808.18",2489.34946793223,-0.254178302984046,0.0894480902210126,-2.84162917683329,0.00448836645242181,0.031132278159111,"PPP1R13B"
"ENSG00000088812.18",3511.38460824278,-0.116281089581876,0.0654309074008023,-1.77715844393822,0.0755421745500707,0.20393101372617,"ATRN"
"ENSG00000088826.18",710.850579273169,0.639557117665085,0.144381710654703,4.42962695735488,9.4396229773864e-06,0.000385138931110448,"SMOX"
"ENSG00000088827.12",1647.19619080302,0.00607122954627131,0.14143845740991,0.0429248851935368,0.96576141151363,0.98303816067886,"SIGLEC1"
"ENSG00000088832.18",8902.69896564838,0.0660299668071471,0.0561557039640857,1.17583721948133,0.239659930152018,0.427438691517177,"FKBP1A"
"ENSG00000088833.17",3477.26744020173,0.0696331902828185,0.0590196397297725,1.17983082583427,0.238067506631064,0.425783236491573,"NSFL1C"
"ENSG00000088836.14",542.970109562673,0.0395345347148633,0.179203733831488,0.220612226484294,0.825394380253928,0.904407057201704,"SLC4A11"
"ENSG00000088854.12",1169.1571293516,-0.269098044059065,0.0871149398360715,-3.0889999415191,0.00200831478597905,0.0179304972297132,"C20orf194"
"ENSG00000088876.13",352.349433974748,-0.068884331817136,0.0577507625613074,-1.19278653236846,0.23295298585499,0.419794520057926,"ZNF343"
"ENSG00000088881.21",581.983745879731,-0.127982981181817,0.119959012564714,-1.06688925196658,0.286021848836732,0.478518864991021,"EBF4"
"ENSG00000088882.8",730.891623628452,0.463634506156055,0.163585446434142,2.83420387487044,0.00459400130701448,0.0315644190317424,"CPXM1"
"ENSG00000088888.18",4728.358998638,-0.132096609371922,0.0595025577640376,-2.22001564866778,0.026417705377509,0.101998571859703,"MAVS"
"ENSG00000088899.15",2307.10376951508,-0.171889474853853,0.10740389113496,-1.60040267663918,0.109509281714533,0.259070028858235,"LZTS3"
"ENSG00000088926.14",95.5548145458377,-0.645885730617059,0.292953535275867,-2.20473779232206,0.0274724995275483,0.104506618689518,"F11"
"ENSG00000088930.8",4599.49468517928,-0.0247309781228765,0.0554055298258762,-0.446362993018909,0.655335060160642,0.794597937137747,"XRN2"
"ENSG00000088970.16",516.612242850004,-0.0836968859562719,0.0625312328924842,-1.33848130101928,0.180739591872058,0.35751667947219,"KIZ"
"ENSG00000088986.11",6431.09708710904,0.146716428404108,0.0662551596084024,2.21441513794952,0.026800234499897,0.102931017862141,"DYNLL1"
"ENSG00000088992.18",3039.24232060549,0.322653996979432,0.242178726877612,1.33229702352218,0.182762604846938,0.359957134593535,"TESC"
"ENSG00000089006.17",4570.35860116501,-0.0307203029191318,0.0509953371921519,-0.60241395803261,0.546898621143511,0.713745340076235,"SNX5"
"ENSG00000089009.15",22859.0896414299,0.050686399441276,0.0690442901283788,0.734114281529019,0.462879090106028,0.645174309089005,"RPL6"
"ENSG00000089012.14",170.933707926986,-0.155567006872138,0.142080904784965,-1.09491846992096,0.273552356554965,0.465988158199502,"SIRPG"
"ENSG00000089022.14",1640.32917936044,-0.0873748034194915,0.0477321337514878,-1.83052372798583,0.0671716619919354,0.188928456762483,"MAPKAPK5"
"ENSG00000089041.17",260.84579143736,-0.102133637087242,0.128308270710124,-0.796001976505352,0.426030886590183,0.613488162078156,"P2RX7"
"ENSG00000089048.14",886.638584814405,-0.0495191886026237,0.0667111616791161,-0.742292404392737,0.457910192842264,0.640803030906834,"ESF1"
"ENSG00000089050.16",1511.35445772179,-0.0750147961876536,0.0620819048840129,-1.20831982085284,0.226924267252868,0.412502846281722,"RBBP9"
"ENSG00000089053.13",5227.35115353261,-0.0170219239426392,0.0516691865118288,-0.329440525229526,0.741822741017143,0.852806620332898,"ANAPC5"
"ENSG00000089057.15",1743.53088642007,-0.0762837733479352,0.0788345661349096,-0.967643726451044,0.3332223313186,0.526779253399342,"SLC23A2"
"ENSG00000089060.11",2135.36643367435,0.0853896988892877,0.0674858649182364,1.26529754034779,0.205764687964436,0.387078978212225,"SLC8B1"
"ENSG00000089063.15",4905.84022542482,0.0901911510490104,0.0634490981279627,1.42147254586842,0.155179429387785,0.324257123116019,"TMEM230"
"ENSG00000089091.16",231.299861047592,-0.324926081800413,0.0786010296802669,-4.13386546107789,3.56712340835085e-05,0.00102379516926056,"DZANK1"
"ENSG00000089094.19",1120.69945234403,-0.0716132546181875,0.0514582271058345,-1.3916774565688,0.164020091836131,0.335651909613393,"KDM2B"
"ENSG00000089101.19",77.501280733688,-0.924651687364699,0.201629691556863,-4.58589050166716,4.5205548922237e-06,0.000224631095562393,"CFAP61"
"ENSG00000089116.4",18.2564758780384,0.262207298676068,0.381078899094289,0.688065645458872,0.491411443354967,0.669446948520356,"LHX5"
"ENSG00000089123.16",515.361553033352,-0.15165770367065,0.0566848487534413,-2.67545397060697,0.0074628120214931,0.0440062700374725,"TASP1"
"ENSG00000089127.14",3295.35116381189,0.267758930553891,0.126166917834693,2.12225942544397,0.0338159587263662,0.119948296811944,"OAS1"
"ENSG00000089154.11",6527.46519892746,0.0265268461110906,0.0656945803568136,0.403790479625758,0.686366797943927,0.816552074466577,"GCN1"
"ENSG00000089157.16",60542.7802615967,0.134984845300541,0.098901961026513,1.36483487182175,0.172304955835822,0.346744976707085,"RPLP0"
"ENSG00000089159.16",2341.3652801141,0.312831236516056,0.0800763172722093,3.90666363255226,9.35792793072539e-05,0.00211079603385935,"PXN"
"ENSG00000089163.4",59.3493691659623,-0.142613483135515,0.0868621982130089,-1.6418359892964,0.100623998387509,0.245275478579757,"SIRT4"
"ENSG00000089169.15",13.5627979947757,-0.185274446459469,0.206572762932462,-0.896896782660758,0.369773997059032,0.562269270796363,"RPH3A"
"ENSG00000089177.19",1419.16511083539,-0.0476499276347973,0.0737453207804767,-0.646141709473886,0.518187585555263,0.691657751108181,"KIF16B"
"ENSG00000089195.15",1097.74682431621,-0.0158213896952935,0.0710585632111772,-0.222652822971868,0.823805721426762,0.903648231329497,"TRMT6"
"ENSG00000089199.10",495.095794098148,-0.471606256540094,0.308229866809176,-1.53004723851781,0.126005036609022,0.283950567471516,"CHGB"
"ENSG00000089220.5",10389.1012557283,-0.060791835760168,0.0773705693560666,-0.785722998630117,0.43202978640357,0.618010126266824,"PEBP1"
"ENSG00000089225.20",448.28426373036,-0.0482267125672674,0.122477315492496,-0.39376036593668,0.69375796865029,0.821110470738425,"TBX5"
"ENSG00000089234.16",1230.462222905,-0.0141586652582693,0.0438404671611875,-0.322958813513834,0.746726434043478,0.85593951346564,"BRAP"
"ENSG00000089248.7",9266.7286788463,0.0453478145296453,0.0803950138131759,0.564062525507188,0.572711580536117,0.733298889085047,"ERP29"
"ENSG00000089250.19",155.738352025807,0.0830868819932254,0.275229194640458,0.301882516866587,0.762741623879536,0.866435542467467,"NOS1"
"ENSG00000089280.19",10292.2955800309,-0.00466479166532205,0.0595335203411957,-0.0783557168900379,0.937545097982432,0.967539643290465,"FUS"
"ENSG00000089289.16",2338.13776379728,0.115814815185217,0.0665132781782305,1.74122849387873,0.0816435345297137,0.21492096669466,"IGBP1"
"ENSG00000089327.15",4793.79605637984,0.357255539254646,0.110223264449687,3.24119904303614,0.001190280429874,0.0124177339912261,"FXYD5"
"ENSG00000089335.21",1057.7281782065,-0.0461459567765769,0.0630370424057729,-0.732045080407371,0.464141052868239,0.646094747382292,"ZNF302"
"ENSG00000089351.14",5582.89712201704,0.111888317920594,0.0867977232358385,1.28906973304567,0.197373844800491,0.377653299709353,"GRAMD1A"
"ENSG00000089356.18",53.989757711619,-0.0251827352846692,0.192127743314574,-0.131072872924121,0.895717660270905,0.944693130908836,"FXYD3"
"ENSG00000089472.16",936.110866746115,0.376696856286562,0.123535771137059,3.04929376179334,0.00229380066048781,0.0196620765678735,"HEPH"
"ENSG00000089486.17",1359.22351021582,-0.0384991637802541,0.0817947357302539,-0.470680214766122,0.637869115396311,0.781417244688133,"CDIP1"
"ENSG00000089505.18",47.3023738411076,0.0886269465309394,0.0954625180027946,0.928395231815957,0.353202590993599,0.546785727794564,"CMTM1"
"ENSG00000089558.9",17.2434795651524,-0.0537751471791787,0.150600735988171,-0.357070945412927,0.721038694832193,0.840116141016543,"KCNH4"
"ENSG00000089597.18",21033.1408805671,0.0193957622000301,0.0618612242853491,0.313536668956998,0.753872966251693,0.860632441362553,"GANAB"
"ENSG00000089639.11",1416.06242450893,0.0146565506403364,0.0610118545787445,0.240224637351746,0.810156114960332,0.895587630308718,"GMIP"
"ENSG00000089682.16",558.490025080687,-0.106319806129574,0.0695350808572491,-1.52900959945443,0.126262064189282,0.284387663022307,"RBM41"
"ENSG00000089685.15",1904.19269053937,0.268235319816625,0.167117199481473,1.60507309031565,0.108477720537033,0.257802037964126,"BIRC5"
"ENSG00000089692.9",411.606288967456,-0.135244366352823,0.155729324444817,-0.868457927464695,0.385143694892042,0.576592291532852,"LAG3"
"ENSG00000089693.11",8289.46575081718,0.11899387803954,0.0830671614344052,1.43250203792632,0.152000195297651,0.32000608902219,"MLF2"
"ENSG00000089723.10",168.967529914629,0.0936893917102396,0.107126954576334,0.874564128895128,0.381811112753962,0.573136258026783,"OTUB2"
"ENSG00000089737.17",6581.77742907751,-0.0299463844338357,0.0514246551307833,-0.58233515339434,0.560340951365942,0.72422963988611,"DDX24"
"ENSG00000089775.12",792.290416055821,-0.183275184120774,0.0773152503753161,-2.37049202105781,0.0177644273597862,0.0789627610266173,"ZBTB25"
"ENSG00000089818.18",1634.03845597732,0.0495140994235081,0.0540618368284278,0.915878969866441,0.359730378126527,0.552873474315867,"NECAP1"
"ENSG00000089820.16",1845.07394251582,-0.163038527821216,0.107934992525755,-1.51052521528004,0.130909460282502,0.291062418938515,"ARHGAP4"
"ENSG00000089847.12",97.2714117117953,-0.0924790947628804,0.146053499565074,-0.633186435369706,0.526611902723739,0.69791736563198,"ANKRD24"
"ENSG00000089876.12",1761.29861490793,0.130874377877346,0.075693415876816,1.72900610127481,0.0838080031120014,0.218401427635777,"DHX32"
"ENSG00000089902.10",2458.92940593719,0.0542846912032866,0.06830598943894,0.794728129248646,0.42677166591605,0.61414554376661,"RCOR1"
"ENSG00000089916.18",1689.32321487288,-0.123338212079604,0.0812099573956101,-1.51875725631487,0.128823608609319,0.288117990153839,"GPATCH2L"
"ENSG00000090006.18",6104.55170372323,0.0332887752336326,0.146094963151098,0.227857104143994,0.819757331447958,0.901810691806018,"LTBP4"
"ENSG00000090013.11",3894.02276740754,0.426857148530576,0.11918671584192,3.58141547499913,0.000341737701678991,0.0052576124316075,"BLVRB"
"ENSG00000090020.11",3059.59444079197,0.0667264395714333,0.0854253072727979,0.78110856959927,0.434738642115691,0.62053983037579,"SLC9A1"
"ENSG00000090054.15",3498.43821613157,0.141730325199752,0.0468001965018653,3.02841303655858,0.00245841822960825,0.0206582832201786,"SPTLC1"
"ENSG00000090060.18",9349.39373025827,-0.0709815010872956,0.0602513270154093,-1.1780902530021,0.23876062741247,0.426268638376415,"PAPOLA"
"ENSG00000090061.17",374.114500394609,0.0025638436290546,0.0647931058712315,0.0395696979575255,0.968436186037054,0.984069662713637,"CCNK"
"ENSG00000090097.22",1154.74494061046,-0.00918299285089219,0.0771094384136297,-0.119090386855535,0.905203746720536,0.949733654971852,"PCBP4"
"ENSG00000090104.12",4774.79625239734,-0.383612580029276,0.142327695945288,-2.69527710317703,0.00703301151910742,0.0423048023642774,"RGS1"
"ENSG00000090238.12",2671.40051019132,0.0190555566185054,0.0878844863260089,0.216825032666385,0.828344702753531,0.906100676461207,"YPEL3"
"ENSG00000090263.16",1558.92063420077,0.032941960389788,0.0842473889837248,0.391014615255932,0.695786432778921,0.822439029557219,"MRPS33"
"ENSG00000090266.13",1890.09311460082,0.0992102317923155,0.0729659889413743,1.35967775167178,0.173931921589772,0.349090635729943,"NDUFB2"
"ENSG00000090273.14",5068.46532391225,0.166926443692841,0.0732410878279568,2.2791365972738,0.0226589466052952,0.092313302659091,"NUDC"
"ENSG00000090316.16",2716.44659136752,0.213111514484609,0.0547480291175922,3.89258787794665,9.91805555719042e-05,0.00219403205093383,"MAEA"
"ENSG00000090339.9",13725.5207916371,0.115380474176619,0.141935146139742,0.812909820538893,0.416269763580553,0.604923529950956,"ICAM1"
"ENSG00000090372.15",3574.35293393189,0.142300439786673,0.0700017379041265,2.0328129564664,0.0420714236400891,0.139080827779951,"STRN4"
"ENSG00000090376.11",1492.15054070173,-0.0947012183239198,0.143195985473389,-0.661339897280282,0.508394360607825,0.683822456678907,"IRAK3"
"ENSG00000090382.7",16587.469703789,-0.000380944898362411,0.163310646846676,-0.00233263970058278,0.99813882448483,0.999099121601078,"LYZ"
"ENSG00000090402.8",0.76282500943303,-0.794157383843332,0.624173456082702,-1.27233443861494,0.20325431738323,0.38417996983308,"SI"
"ENSG00000090432.7",1731.60181600591,0.197642172266151,0.0629924904179626,3.13755133278225,0.00170365439349663,0.0159954218056072,"MUL1"
"ENSG00000090447.12",650.513383760454,0.0425722334529581,0.0796131921052402,0.534738431247452,0.592830742610497,0.748809238702909,"TFAP4"
"ENSG00000090470.15",892.071452394165,0.0290847623919377,0.0391968208428099,0.742018402680556,0.458076185852366,0.640840846103993,"PDCD7"
"ENSG00000090487.11",4581.75636718173,0.0346848649625475,0.0481332323278057,0.720601199735149,0.471154915491191,0.651987223136798,"SPG21"
"ENSG00000090512.12",2.58966949781768,0.75755520558018,0.336568377199101,2.25082110174611,0.0243968704672565,0.0968653515585004,"FETUB"
"ENSG00000090520.11",1706.86047879147,0.122814997968394,0.0634378081898665,1.93599056261235,0.0528688568328338,0.161607662708772,"DNAJB11"
"ENSG00000090530.10",1810.87053993774,0.0667200649008622,0.190195020844261,0.350798168136562,0.725739771596977,0.842503456442048,"P3H2"
"ENSG00000090534.20",102.325914120002,-0.146376883304271,0.231651837288994,-0.631883109658484,0.527463260962239,0.698636081991637,"THPO"
"ENSG00000090539.15",543.872359655554,-0.194833262712525,0.166182099806782,-1.17240823734359,0.241033193902689,0.429060478244251,"CHRD"
"ENSG00000090554.13",8.03655063485082,-0.272409661727515,0.134920228251085,-2.01904240200782,0.0434828125642012,0.142347421701077,"FLT3LG"
"ENSG00000090565.17",2116.88146674919,0.00711316991197885,0.0778784691685356,0.0913367967799336,0.927224980568078,0.961940499492208,"RAB11FIP3"
"ENSG00000090581.10",2764.89623083495,0.184662392761423,0.0728690512915551,2.53416765400956,0.0112714789923836,0.058153006368112,"GNPTG"
"ENSG00000090612.22",954.420948310076,-0.127681876169164,0.061382142880453,-2.08011434885607,0.0375150457938809,0.128854680657761,"ZNF268"
"ENSG00000090615.15",5512.03215363761,-0.0247065521189856,0.0661996728558005,-0.373212601409718,0.708990218087203,0.831375434304637,"GOLGA3"
"ENSG00000090621.15",6490.47769290523,0.0174740367838157,0.0632730411027012,0.276168751798302,0.782418456699756,0.87931684416902,"PABPC4"
"ENSG00000090659.18",267.309426933784,0.0107503761831957,0.13307653141334,0.0807834113875767,0.935614200742366,0.966202536844058,"CD209"
"ENSG00000090661.12",2069.61203506827,-0.426302654500812,0.131595593869086,-3.23949033525322,0.00119743524541422,0.0124659823719748,"CERS4"
"ENSG00000090674.16",1048.14539865858,0.069976740059479,0.0794999770653428,0.880210820714622,0.378745112675428,0.570267243917999,"MCOLN1"
"ENSG00000090686.16",2634.30082879728,-0.109629863672064,0.0482826312237556,-2.27058594143323,0.0231720553158215,0.0936133039230246,"USP48"
"ENSG00000090776.6",1543.32128512409,0.22469563741952,0.121117001258638,1.8551948536085,0.0635684063328321,0.182525480986544,"EFNB1"
"ENSG00000090857.14",1430.76031570237,-0.118211562144849,0.0720106142205,-1.64158524995884,0.100675986530658,0.245373764243425,"PDPR"
"ENSG00000090861.17",7785.71544964814,0.104052846288481,0.0724754182258275,1.4356984593626,0.15108816382637,0.31876921662049,"AARS1"
"ENSG00000090863.12",10312.0546888224,0.106681977189846,0.0555009898125221,1.92216350645653,0.0545851871700103,0.164978698771946,"GLG1"
"ENSG00000090889.12",874.032202805134,0.351097590070778,0.159145355845204,2.20614411401537,0.0273739108016399,0.104334242967258,"KIF4A"
"ENSG00000090905.19",2468.46433397263,-0.134698381800752,0.0657894697081392,-2.04741552710962,0.0406173031174789,0.13589306327909,"TNRC6A"
"ENSG00000090924.15",2746.19557999567,0.0850950122108211,0.118596209541738,0.71751881902156,0.473054028737929,0.653528684956715,"PLEKHG2"
"ENSG00000090932.11",131.262184914055,-1.07800778320461,0.312829250377691,-3.44599420259802,0.000568962565274739,0.00736594261713223,"DLL3"
"ENSG00000090971.5",818.998473898433,-0.0189779688226087,0.0956202448517751,-0.198472288499441,0.842675564048212,0.914499181545499,"NAT14"
"ENSG00000090975.13",1214.62256799281,-0.072300701658188,0.0978628129353886,-0.738796479372841,0.460030589963234,0.642450942798554,"PITPNM2"
"ENSG00000090989.18",1478.74323024991,0.133683753134186,0.05373028122141,2.48805236256453,0.0128444820054661,0.0633715677842297,"EXOC1"
"ENSG00000091009.8",1067.11264280873,0.0626917233484085,0.051838531306577,1.20936534597489,0.226522516041457,0.412132582467252,"RBM27"
"ENSG00000091010.6",6.69907213406634,-0.0994911763933235,0.17393849195377,-0.571990565606182,0.567328366231652,0.72922006940804,"POU4F3"
"ENSG00000091039.17",3597.78364462354,-0.0793133092532287,0.0744328921966676,-1.06556801586678,0.286618963955796,0.479097373441535,"OSBPL8"
"ENSG00000091073.19",1745.12966948499,0.357885456052871,0.106412819505032,3.36317990367643,0.000770501337389447,0.0091517306549079,"DTX2"
"ENSG00000091106.19",266.307700680125,0.0507243215411987,0.12762786865197,0.397439227630757,0.691043593026405,0.819209026601522,"NLRC4"
"ENSG00000091127.14",1050.00285281356,-0.0180127476873408,0.0846982531405517,-0.21266964806759,0.831584642516258,0.908154877859021,"PUS7"
"ENSG00000091128.13",14.4492422420665,0.0374583044123369,0.155490267136494,0.240904495838668,0.809629137571117,0.895317280906068,"LAMB4"
"ENSG00000091129.21",560.470333004779,-0.0559928999380226,0.200225839550536,-0.279648720982839,0.779747023819903,0.877623991346721,"NRCAM"
"ENSG00000091136.15",7188.2724496137,0.231181530937729,0.101258347156139,2.28308615961556,0.022425293660805,0.0916417456547418,"LAMB1"
"ENSG00000091137.14",201.513095060345,-0.230690087771321,0.22109037051073,-1.04341987956515,0.296753870366048,0.489439542559043,"SLC26A4"
"ENSG00000091138.13",4.01281472412459,-0.70646242691135,0.255614723980519,-2.76377829848796,0.00571363456590353,0.0367227867958738,"SLC26A3"
"ENSG00000091140.14",3233.49888311655,0.0927885615836039,0.0626781963600175,1.480396166007,0.138767552594913,0.301310123820677,"DLD"
"ENSG00000091157.14",970.311576827665,-0.135964136135793,0.0663866288287948,-2.04806507777993,0.0405536231915874,0.135816495012325,"WDR7"
"ENSG00000091164.13",2960.06594530681,-0.0034932204783735,0.0714482993413209,-0.0488915832927777,0.961005696401544,0.980351840001735,"TXNL1"
"ENSG00000091181.20",122.850320784067,-0.929475246156462,0.202355137122406,-4.5932871256647,4.36318077493008e-06,0.000219763052253778,"IL5RA"
"ENSG00000091262.16",918.559056822969,-0.232266591285324,0.13180412406755,-1.76221034757825,0.0780337644532607,0.208252733027508,"ABCC6"
"ENSG00000091317.8",5426.02097141171,0.0307998686263694,0.0555787399794053,0.554166370770232,0.579464990996163,0.73847429645778,"CMTM6"
"ENSG00000091409.15",4395.63002120214,0.57727519633618,0.147099944474972,3.92437399209488,8.6955559074418e-05,0.00198879069142372,"ITGA6"
"ENSG00000091428.18",323.687598280635,-0.501199033015656,0.130861618584036,-3.82999261692456,0.000128147103765283,0.00261988954427103,"RAPGEF4"
"ENSG00000091436.17",2805.09559165938,0.155368818830329,0.0859064643569049,1.80858122835596,0.0705160869605059,0.194926277248101,"MAP3K20"
"ENSG00000091482.8",14.7550009639705,-0.313217709295634,0.250214268289945,-1.25179795475405,0.210643495600303,0.393058732150033,"SMPX"
"ENSG00000091483.7",2738.4396019901,0.181831690573447,0.0651528957686428,2.79084587765875,0.0052570498283542,0.0347061193605783,"FH"
"ENSG00000091490.11",9242.39865616864,-0.0317671790968707,0.0751890106673904,-0.4224976338284,0.672661827443086,0.807020728126518,"SEL1L3"
"ENSG00000091513.16",563.735268173802,-2.02980376247347,0.26807617333539,-7.57174252832227,3.68250781639502e-14,7.66260829570247e-11,"TF"
"ENSG00000091527.16",7789.15460716996,0.0818510386700905,0.0591415820619359,1.38398459791576,0.166363170895288,0.338497360547567,"CDV3"
"ENSG00000091536.19",109.566910161859,-0.0537271043403149,0.116256851248413,-0.462141402965688,0.643979920994555,0.786212816636293,"MYO15A"
"ENSG00000091542.9",3994.70890205172,0.0776260711287285,0.0514064036433326,1.51004671844607,0.131031503643917,0.291255965470485,"ALKBH5"
"ENSG00000091583.11",202.429574167975,-0.0113482551924454,0.231592983574348,-0.0490008592544525,0.960918611177858,0.980293038821646,"APOH"
"ENSG00000091592.16",1218.25671164221,-0.28324201791618,0.109173854968175,-2.59441253584704,0.00947527186300439,0.0517402371879621,"NLRP1"
"ENSG00000091622.16",771.373201431712,-0.10206301484388,0.114526388892524,-0.891174652679044,0.372835480404137,0.564937722969913,"PITPNM3"
"ENSG00000091640.8",1802.06066718379,0.10392677640243,0.0712790292027184,1.45802738287668,0.144832995454188,0.310278747441901,"SPAG7"
"ENSG00000091651.9",362.992148092186,0.16902475472304,0.140082411278601,1.20660940356658,0.227582603592438,0.413406133860926,"ORC6"
"ENSG00000091656.19",193.712224665061,-0.323914503438755,0.206016434148628,-1.57227507008043,0.115886772066085,0.26880918988338,"ZFHX4"
"ENSG00000091704.10",3.70206265103946,-1.29470284523628,0.271864031235781,-4.76231754289488,1.91382213095145e-06,0.000119994124681293,"CPA1"
"ENSG00000091732.17",706.148840269908,0.0969372802652382,0.0599193854405746,1.61779496823071,0.105706791153801,0.253350816923439,"ZC3HC1"
"ENSG00000091831.24",650.104693641609,-0.116808567976902,0.170636112006579,-0.684547758404146,0.493629342619983,0.671298719154109,"ESR1"
"ENSG00000091844.8",584.4749694066,-0.134242155297039,0.177046777675512,-0.758229870430487,0.44831338212788,0.632498407966078,"RGS17"
"ENSG00000091879.14",614.814700178849,0.255454262409203,0.125824548096859,2.03024184289186,0.0423319625203241,0.139640024516448,"ANGPT2"
"ENSG00000091947.10",1872.76299120616,0.0952376549965099,0.0806606025466701,1.18072084747204,0.237713636880357,0.425444664955831,"TMEM101"
"ENSG00000091972.18",484.129653170381,0.0334873246905499,0.103903304515534,0.322293163308809,0.747230611943236,0.856399489256985,"CD200"
"ENSG00000091986.16",7367.2819742532,0.159037655943859,0.142867466679988,1.11318314546789,0.265629779855721,0.457285994303421,"CCDC80"
"ENSG00000092009.10",12.1546413410082,0.0357284797547385,0.217801610648108,0.164041393672076,0.869698557728706,0.930247191494629,"CMA1"
"ENSG00000092010.15",9175.28693413081,0.0768227249643462,0.079761461186484,0.96315593798781,0.335469273374406,0.528776873922421,"PSME1"
"ENSG00000092020.10",687.681971705679,-0.144062521059673,0.0740697973473262,-1.94495632793673,0.0517802347141181,0.159371300206816,"PPP2R3C"
"ENSG00000092036.18",634.495925435221,0.0657837520013003,0.0789305849657231,0.833438039637841,0.404597728601573,0.594136916828342,"HAUS4"
"ENSG00000092051.17",72.4315080351668,-0.119343496328964,0.166700659263978,-0.71591496311948,0.474043858520987,0.65442212743926,"JPH4"
"ENSG00000092054.13",3.41373081968,-0.772277342780646,0.269235899626457,-2.86840404215084,0.00412548319309337,0.029377020070837,"MYH7"
"ENSG00000092067.6",9.36244332370428,-0.158255560928744,0.164114766388728,-0.964298121437132,0.334896482453278,0.52837212540598,"CEBPE"
"ENSG00000092068.20",2328.03902951231,-0.148831292003812,0.15127247215967,-0.983862363581385,0.325183191088352,0.518719190397194,"SLC7A8"
"ENSG00000092094.11",1462.89646094312,-0.0789365123331164,0.0652125790603214,-1.21044917208535,0.2261065832714,0.411600769689689,"OSGEP"
"ENSG00000092096.18",796.250015257743,-0.132443240092137,0.133646915221572,-0.990993618315553,0.32168869643385,0.515562157938343,"SLC22A17"
"ENSG00000092098.17",29.4083447517681,-0.274187299032712,0.111052680774599,-2.46898406342142,0.0135497252705845,0.0657454982957852,"RNF31"
"ENSG00000092108.22",2990.01603831156,-0.0517629668914848,0.0760193060146294,-0.680918698225466,0.495922935966467,0.673101627920103,"SCFD1"
"ENSG00000092140.16",1102.43521741353,0.0949167811836141,0.0978909849390388,0.969617184286409,0.332237344078115,0.525761742600592,"G2E3"
"ENSG00000092148.13",6735.12520895379,-0.0376132063948511,0.0669155675476437,-0.562099490048718,0.574048235778248,0.734334431482564,"HECTD1"
"ENSG00000092199.18",17496.0162169246,0.116551906814802,0.0548654892519441,2.12432092384325,0.0336433172485823,0.119565178389661,"HNRNPC"
"ENSG00000092200.12",73.0910321434752,-0.0329558332290182,0.0962588260480355,-0.34236687254603,0.732074815650775,0.846665746255645,"RPGRIP1"
"ENSG00000092201.10",5958.95483799943,0.0604879983454225,0.06523756774131,0.927195792848667,0.353824886818153,0.547392748923641,"SUPT16H"
"ENSG00000092203.15",3590.3565122172,-0.0287917377195427,0.0483692916565519,-0.595248281161106,0.551677521390506,0.717068779560167,"TOX4"
"ENSG00000092208.17",495.972171401105,-0.233721358415258,0.100830028200958,-2.31797374835046,0.0204507478179429,0.0864812329611041,"GEMIN2"
"ENSG00000092295.12",147.675505961018,-0.150393686950191,0.161587971035451,-0.93072328333893,0.351996722472791,0.54547602562298,"TGM1"
"ENSG00000092330.18",2529.16060362058,0.0386217416435437,0.0566695951587651,0.681524925938527,0.495539400253542,0.672833018427434,"TINF2"
"ENSG00000092345.14",4.70355314300002,-0.0328329290817805,0.250950070912172,-0.130834508085361,0.89590622411526,0.944772288475796,"DAZL"
"ENSG00000092377.15",13.4697879006035,-0.575403172418675,0.518192716934056,-1.11040382007511,0.266825052822001,0.458427416843993,"TBL1Y"
"ENSG00000092421.17",580.75414521782,-0.0324464593359787,0.163295734440064,-0.198697531489336,0.842499355110567,0.914373811112795,"SEMA6A"
"ENSG00000092439.16",1770.19005102158,-0.17864295638576,0.0748142724996238,-2.3878192010309,0.0169486774059395,0.0764055221382481,"TRPM7"
"ENSG00000092445.12",720.930022175669,0.321897013062665,0.107950119193204,2.98190511940565,0.00286460762565458,0.0228846713886427,"TYRO3"
"ENSG00000092470.12",493.932802902485,0.157037118277277,0.0969639196907408,1.61954177160056,0.105330746476773,0.252740651708195,"WDR76"
"ENSG00000092529.25",306.41874984429,-0.579928278107673,0.169209414003276,-3.4272814046649,0.000609656929913116,0.00770992047211354,"CAPN3"
"ENSG00000092531.10",578.020167483213,0.00306324348786977,0.0627110743223728,0.048846930481893,0.961041281672115,0.980358102482144,"SNAP23"
"ENSG00000092607.15",477.85688108667,-0.345113765820462,0.205489156993898,-1.67947433757154,0.0930596361642117,0.233687921769128,"TBX15"
"ENSG00000092621.13",1565.12883665048,0.262388115776445,0.173479604294283,1.51250123519616,0.130406398646893,0.290444914978865,"PHGDH"
"ENSG00000092758.18",87.3917835709463,0.11475605151102,0.162774699172198,0.704999315585408,0.480810662086842,0.660707832790871,"COL9A3"
"ENSG00000092820.18",28425.0261036067,0.0608971996439786,0.0898557563205318,0.677721741351185,0.497948138714573,0.674760363963706,"EZR"
"ENSG00000092841.19",24427.6113997558,0.248284485466135,0.0839500282065184,2.95752712381884,0.00310117463735793,0.0242080673391694,"MYL6"
"ENSG00000092847.13",2407.04542489179,-0.1471150911053,0.058378329100925,-2.52002915073102,0.0117345115751106,0.0596635757284906,"AGO1"
"ENSG00000092850.12",193.037724241143,-0.858497653071671,0.209380733557578,-4.10017501842208,4.12837801640658e-05,0.00114350424374474,"TEKT2"
"ENSG00000092853.14",508.079110730814,0.260335583336019,0.143215139581485,1.81779373393618,0.0690956647207294,0.192539964499603,"CLSPN"
"ENSG00000092871.17",935.338727527777,0.154335939657613,0.071096747625059,2.17078762127812,0.0299472300985891,0.110525521301002,"RFFL"
"ENSG00000092929.12",3464.04011806041,0.232570108973507,0.137473347225963,1.69174689979167,0.0906942419841321,0.229845733301188,"UNC13D"
"ENSG00000092931.11",1219.97547428519,0.112337478743654,0.054237389305208,2.07121840086183,0.038338390766017,0.130723998787694,"MFSD11"
"ENSG00000092964.18",8267.89943152154,-0.141015201090638,0.113457450646411,-1.24289061923408,0.213908142966927,0.396881620809067,"DPYSL2"
"ENSG00000092969.12",729.760205832016,0.107658415867116,0.155416591027682,0.69270864297841,0.488492414002138,0.667106031394773,"TGFB2"
"ENSG00000092978.11",927.09281346269,-0.0615503649362017,0.0695998907465892,-0.884345711982573,0.376509619078416,0.568131481750845,"GPATCH2"
"ENSG00000093000.19",2599.58592742056,0.111813504278407,0.0538039224870474,2.07816640701846,0.0376940349893273,0.129215042122753,"NUP50"
"ENSG00000093009.11",492.717842555214,0.284691507635086,0.154148079927973,1.84687028062958,0.0647659429305802,0.18467272372898,"CDC45"
"ENSG00000093010.15",5349.63538945617,0.297462536765871,0.0873207823860767,3.40654914715127,0.000657897044293148,0.00814434276842598,"COMT"
"ENSG00000093072.18",4573.75311667939,-0.092328650877128,0.111830239385723,-0.825614354259495,0.409022889839501,0.598496860696458,"ADA2"
"ENSG00000093100.13",5.69926205804976,-0.0682556381634959,0.201347665143181,-0.338993939239168,0.734614295921076,0.848325812847595,"AC016026.1"
"ENSG00000093134.15",76.9769449872003,-0.529435455181886,0.196688806805372,-2.6917416592281,0.00710799813694711,0.0426236639001045,"VNN3"
"ENSG00000093144.19",2858.70500451473,-0.0368346718967028,0.0815051472048736,-0.451930622296947,0.651318963187087,0.7915445242339,"ECHDC1"
"ENSG00000093167.18",1987.77983068826,-0.0274207741167599,0.0525964473368548,-0.521342704786563,0.602128056875607,0.755823504043499,"LRRFIP2"
"ENSG00000093183.14",1858.63206332743,-0.00726058812552303,0.0495830760506339,-0.146432789246649,0.883579744206977,0.938120018003525,"SEC22C"
"ENSG00000093217.11",272.785552542909,-0.00880409886419575,0.0952014605180953,-0.0924786113183875,0.926317784084505,0.961484944236496,"XYLB"
"ENSG00000094631.21",2454.61810053409,-0.0133096276621767,0.069212420371905,-0.192301144659571,0.847506321823758,0.91735574395209,"HDAC6"
"ENSG00000094755.17",177.866901200178,0.260838372469953,0.251250941014578,1.03815878824836,0.299196135651955,0.49219967112662,"GABRP"
"ENSG00000094796.5",1.58925647172352,-1.47219830932285,0.411193533326998,-3.58030511183185,0.000343193233654545,0.00527160719911383,"KRT31"
"ENSG00000094804.12",1017.67044231648,0.275990567743883,0.155539801744801,1.77440478030638,0.0759962197237207,0.204598490329871,"CDC6"
"ENSG00000094841.14",540.719052141278,0.00560541072695711,0.0560856049844832,0.099943839930191,0.92038891133667,0.957937602386262,"UPRT"
"ENSG00000094880.11",1398.56558948547,0.0618744485349193,0.041778612307394,1.48100774816709,0.138604508802888,0.301152510055116,"CDC23"
"ENSG00000094914.14",1629.2480360725,0.0127750562458447,0.0599048188724044,0.213255903052728,0.831127366636235,0.907950202258903,"AAAS"
"ENSG00000094916.16",5539.10040954573,0.00487918860853425,0.0827596714398173,0.0589561138130229,0.952987063377128,0.975309652362815,"CBX5"
"ENSG00000094963.14",2473.37678923049,-0.0996357465836612,0.193796020337081,-0.514126896983534,0.607163273479767,0.759935596389544,"FMO2"
"ENSG00000094975.14",3234.23872937374,0.00789957046370028,0.0697473407997529,0.113259808519155,0.909824580307213,0.952181244567083,"SUCO"
"ENSG00000095002.15",1803.04937963212,-0.0180004638605,0.0781067717204672,-0.230459708729495,0.817734568648219,0.900560252522416,"MSH2"
"ENSG00000095015.6",1784.86223471035,-0.233068211275726,0.079294488584454,-2.93927378102063,0.00328982329654132,0.0252194536062054,"MAP3K1"
"ENSG00000095059.16",89.0085627632491,-0.275117712401319,0.115930515582614,-2.37312592822262,0.0176382492201574,0.0785487200758026,"DHPS"
"ENSG00000095066.12",1747.62797963815,-0.128977372984236,0.0791935063059799,-1.62863571775577,0.10339015832217,0.249836603141955,"HOOK2"
"ENSG00000095110.8",2.67558729925001,-0.231496058014844,0.323815179892672,-0.714901809395018,0.474669718888631,0.655023157353238,"NXPE1"
"ENSG00000095139.14",10085.9545510861,0.0563814149330335,0.0552697837811854,1.02011281890027,0.307674957891978,0.501194949265957,"ARCN1"
"ENSG00000095203.14",1288.72000149199,-0.00908731999906402,0.085702943432953,-0.106032764279248,0.915556356574397,0.955147362499026,"EPB41L4B"
"ENSG00000095209.12",635.930532150447,0.139445767165319,0.0960198159779414,1.45226030424131,0.146429240529381,0.312464344631758,"TMEM38B"
"ENSG00000095261.14",1999.4781367448,0.0125290316766551,0.0488677098520897,0.256386716598289,0.797652243776917,0.888100846471554,"PSMD5"
"ENSG00000095303.17",1116.73513770674,0.00724345937225964,0.117803110572519,0.06148784473565,0.950970694585547,0.974354260319955,"PTGS1"
"ENSG00000095319.14",3151.46558271948,0.00826854870960713,0.0642197902050525,0.128753904103483,0.897552381031418,0.945613171145895,"NUP188"
"ENSG00000095321.17",1672.86204398558,0.105444174842558,0.07432277003111,1.41873311232105,0.155976839715128,0.325351602320391,"CRAT"
"ENSG00000095370.20",1092.08471456941,-0.0653601268178153,0.135110895300354,-0.483751711307355,0.628562089061653,0.775518931687842,"SH2D3C"
"ENSG00000095380.11",1464.60371062705,0.113408845384063,0.0669145844280372,1.69483000385406,0.0901076739407938,0.228846959227313,"NANS"
"ENSG00000095383.20",2634.24950243211,0.0395714313734935,0.118723602495258,0.333307198752447,0.738902405954423,0.850985118356186,"TBC1D2"
"ENSG00000095397.16",484.69896898178,-0.0921902602570694,0.103609745606955,-0.88978367543527,0.373582053770065,0.565593091553513,"WHRN"
"ENSG00000095464.10",19.6895767178072,-0.293920591916939,0.143734606027296,-2.04488397081717,0.0408662985688429,0.136497685499684,"PDE6C"
"ENSG00000095485.18",1028.34106966255,-0.00727520846791417,0.0592467460766701,-0.122795072298139,0.902269376465749,0.948160214781247,"CWF19L1"
"ENSG00000095539.15",448.371109232334,0.228067945232083,0.141103647198264,1.61631502629855,0.10602621966402,0.253732815646507,"SEMA4G"
"ENSG00000095564.14",1925.38613598692,-0.217098548059785,0.074586894501566,-2.91067954378,0.00360643694829496,0.0268190987982095,"BTAF1"
"ENSG00000095574.12",998.209646488814,-0.156913122648847,0.0576324165378211,-2.72265388257446,0.00647598657645026,0.0400009315565415,"IKZF5"
"ENSG00000095585.17",410.456502603625,-0.0712443231023789,0.0961011259368155,-0.741347433839855,0.458482808078091,0.641248894026336,"BLNK"
"ENSG00000095587.9",49.0517644811567,0.246962477293694,0.179152379644791,1.37850514619651,0.168047380084126,0.340668661337198,"TLL2"
"ENSG00000095596.12",17.3026743335113,0.0481270359458145,0.310850579362299,0.154823697110508,0.876960308875614,0.9341527981121,"CYP26A1"
"ENSG00000095627.9",51.2091476467174,-0.884213240278084,0.242954427353477,-3.63942015755751,0.000273252643433103,0.00447822248555944,"TDRD1"
"ENSG00000095637.22",1349.03265948277,-0.194305236310572,0.122253050538044,-1.5893692260064,0.111977058117525,0.262888570893386,"SORBS1"
"ENSG00000095713.14",1914.90589053169,-0.567481051718764,0.236431189639336,-2.40019539124439,0.0163863225105775,0.074681200791236,"CRTAC1"
"ENSG00000095739.11",1120.69074053448,-0.466272762850721,0.18712557286946,-2.49176398340806,0.0127110470382404,0.0628809641967515,"BAMBI"
"ENSG00000095752.7",80.9316942300988,0.538349290181113,0.183238240374015,2.93797456842123,0.00330364122387753,0.0252904408522774,"IL11"
"ENSG00000095777.17",42.9993103771904,-0.106937687776078,0.269082520075334,-0.397415959037915,0.691060748869244,0.819209026601522,"MYO3A"
"ENSG00000095787.23",6318.64137985528,-0.0324909986473414,0.0435318708478953,-0.746372669368341,0.455442324381859,0.638658971680786,"WAC"
"ENSG00000095794.19",1107.28859173167,0.087016374987856,0.082069170138547,1.06028091719408,0.289016818093517,0.481425939617515,"CREM"
"ENSG00000095906.17",2369.65059734908,0.170744535000282,0.0853268836187894,2.0010637651213,0.0453855186092428,0.14649674277112,"NUBP2"
"ENSG00000095917.14",124.765810241671,-0.0666256527425912,0.243530006335186,-0.273582930273037,0.784405153356609,0.880218435764656,"TPSD1"
"ENSG00000095932.7",41.8043222176728,-0.0461598851093403,0.231913473584542,-0.199039255442453,0.842232037479656,0.914194185742046,"SMIM24"
"ENSG00000095951.17",1500.81901910252,-0.0469582159747411,0.0763972815329032,-0.614658205534667,0.538780466501546,0.707040523107448,"HIVEP1"
"ENSG00000095970.17",1166.22919980416,0.0626135294805805,0.146646290961154,0.426969745161619,0.669401364338111,0.804972311887969,"TREM2"
"ENSG00000095981.11",5.28348895698505,-1.25054590609815,0.339594633341085,-3.68246663321712,0.000230988108515994,0.00399288011257685,"KCNK16"
"ENSG00000096006.12",37.3443509521569,1.10457679233617,0.335605312953613,3.29129709722099,0.000997265294774813,0.0110049564000457,"CRISP3"
"ENSG00000096060.15",5389.57517819565,0.220201012326677,0.131181934895906,1.67859250209571,0.093231488844029,0.23396065109552,"FKBP5"
"ENSG00000096063.16",1969.79349624827,0.12333450649456,0.0824534698729424,1.4958073527362,0.134703864744355,0.296220372874768,"SRPK1"
"ENSG00000096070.19",2946.67785703816,-0.0305163257442115,0.0766914431276275,-0.397910438240511,0.690696205429085,0.819039349171909,"BRPF3"
"ENSG00000096080.12",538.801460056403,0.145786148194654,0.074812123801178,1.94869682595963,0.0513316410688383,0.158429992222567,"MRPS18A"
"ENSG00000096088.16",12003.0772507432,-1.05074932183456,0.307198595191778,-3.42042359008381,0.00062523697279943,0.00785806513228065,"PGC"
"ENSG00000096092.6",1245.15247241819,0.0691972770959697,0.0856790565690888,0.807633508898073,0.419301590751133,0.607529282830424,"TMEM14A"
"ENSG00000096093.16",945.505660528886,-0.423558976429564,0.100783597502506,-4.2026578424037,2.63799179400619e-05,0.00081020904795063,"EFHC1"
"ENSG00000096384.20",60311.9718775926,0.100422945942835,0.0718864107859849,1.39696703236174,0.162423485176074,0.333635224314133,"HSP90AB1"
"ENSG00000096401.8",2753.33857734936,-0.003539049124118,0.0550848413633761,-0.064247241827785,0.948773361528204,0.973151099089882,"CDC5L"
"ENSG00000096433.11",9724.93799104168,-0.0758941185924457,0.101094349768164,-0.750725621822498,0.452817799903565,0.636103924564954,"ITPR3"
"ENSG00000096654.15",425.011734717642,-0.108873713512578,0.0565371728940071,-1.92570140917178,0.0541416678415695,0.164071877974521,"ZNF184"
"ENSG00000096696.14",16191.9000756174,-0.0166120705419911,0.159065506151894,-0.104435404908767,0.916823827234458,0.955930465068955,"DSP"
"ENSG00000096717.12",1367.53020822366,-0.164760374469625,0.0608565756931515,-2.70735532837688,0.00678216235593464,0.0412568118611606,"SIRT1"
"ENSG00000096746.17",4275.48652825479,-0.052652905431265,0.053014057163964,-0.993187623207522,0.320618528765225,0.514377056581566,"HNRNPH3"
"ENSG00000096872.17",547.346839680421,-0.132966207745994,0.0666104674859068,-1.99617586791635,0.0459147832185117,0.147368388657726,"IFT74"
"ENSG00000096968.14",1114.11342000216,-0.0700189165639257,0.0944946627626794,-0.740982765765048,0.458703890006152,0.641429207576654,"JAK2"
"ENSG00000096996.16",321.088939258678,-0.0342643106557465,0.114728788333519,-0.298654863817959,0.76520339946431,0.868063131333149,"IL12RB1"
"ENSG00000097007.19",4206.1100616665,0.1247546298689,0.0627199374392806,1.98907452657579,0.0466929775427942,0.149003096073253,"ABL1"
"ENSG00000097021.20",1499.1508030657,0.218932012158759,0.097251786139943,2.25118757041358,0.0243736598123596,0.0968241261087339,"ACOT7"
"ENSG00000097033.14",5707.36179267032,0.136645716763536,0.04973920030999,2.74724394264319,0.00600984159848681,0.0380101930734083,"SH3GLB1"
"ENSG00000097046.13",496.329037809828,0.0126269651054993,0.110686032853391,0.114079118927537,0.909175074831122,0.951866405467411,"CDC7"
"ENSG00000097096.9",339.75425171195,-0.382156249406948,0.127887493152189,-2.98822222554768,0.00280605442642207,0.022603912416857,"SYDE2"
"ENSG00000099139.14",682.20435009268,0.12020637958173,0.125440303562653,0.958275579440787,0.337923814614755,0.531285146559244,"PCSK5"
"ENSG00000099194.6",21337.5150677174,0.238626789918827,0.120377521199896,1.98232018353801,0.0474434164452541,0.1505321322512,"SCD"
"ENSG00000099203.7",395.775105839623,0.164800899257877,0.0791335681944514,2.08256626129785,0.0372907772171814,0.128389022325917,"TMED1"
"ENSG00000099204.20",7348.5380834247,-0.150743083458049,0.113161678755383,-1.33210363363293,0.182826136489732,0.359975785803575,"ABLIM1"
"ENSG00000099219.14",2265.59340892421,0.0481337762313577,0.0926067685301729,0.519765207180022,0.60322723216248,0.756801606827654,"ERMP1"
"ENSG00000099246.17",4166.31807670727,0.0862895382568913,0.0576649874761424,1.49639394775888,0.134551025793419,0.296009341726775,"RAB18"
"ENSG00000099250.18",7964.92958178203,0.130154508435383,0.088772662344781,1.46615528922497,0.142605986051928,0.307160580554237,"NRP1"
"ENSG00000099251.14",84.916924197935,-0.372549104634608,0.116997632203957,-3.18424482287947,0.00145132207582656,0.0142323610811469,"HSD17B7P2"
"ENSG00000099256.19",454.542233240365,-0.0484723313205076,0.11848380975583,-0.409105104067794,0.682462530737691,0.813759455729533,"PRTFDC1"
"ENSG00000099260.11",750.671846740496,-0.276171602682919,0.143316692336482,-1.92700234829951,0.0539793372821098,0.163762901050964,"PALMD"
"ENSG00000099282.10",3939.33234973783,0.174849417990697,0.0852168658869714,2.05181704549673,0.0401874461072512,0.13502478991308,"TSPAN15"
"ENSG00000099284.15",732.901315268364,0.0793021018183207,0.130514106955686,0.607613258582435,0.543444005145971,0.71112956358221,"MACROH2A2"
"ENSG00000099290.17",1410.20904882999,-0.0725488936996158,0.0493230366205095,-1.4708926836319,0.141320141603391,0.305319368877463,"WASHC2A"
"ENSG00000099308.10",767.317508977586,-0.0875950787517175,0.0704884690534307,-1.24268663978671,0.213983329046371,0.396953898958594,"MAST3"
"ENSG00000099326.9",724.050682760802,-0.127531127421667,0.0904160050618076,-1.41049283624606,0.158394210250705,0.328541426819309,"MZF1"
"ENSG00000099330.9",723.950169496099,0.140044524760264,0.0818058937478252,1.71191241051611,0.0869128112353109,0.223717582376572,"OCEL1"
"ENSG00000099331.13",4255.55854759495,0.0167990642988252,0.0629953388147123,0.266671544512779,0.78972206492192,0.883451348600823,"MYO9B"
"ENSG00000099337.5",1278.77218106514,0.271872400000889,0.096556107699146,2.81569344994727,0.00486720842660024,0.0328126105639795,"KCNK6"
"ENSG00000099338.23",149.809692723616,-0.132782086093159,0.105875282028235,-1.25413678763801,0.209792291039208,0.39199768467664,"CATSPERG"
"ENSG00000099341.11",6496.16775577627,0.192260002750835,0.0780132825325877,2.4644521613422,0.0137222880124012,0.0662782728560676,"PSMD8"
"ENSG00000099364.18",1030.23286918556,0.20752783896147,0.0872494479211474,2.37855761733903,0.0173805204565528,0.077754591179792,"FBXL19"
"ENSG00000099365.11",56.6883346583506,-0.0442025468231369,0.137563941942207,-0.321323641930145,0.747965141924889,0.856828389020587,"STX1B"
"ENSG00000099377.14",812.002429830899,0.219930516868779,0.0976381949847909,2.25250494340905,0.0242903806774111,0.0965842163971153,"HSD3B7"
"ENSG00000099381.18",1875.65202364331,0.066104004598394,0.0680445200183266,0.971481679650176,0.331308471794552,0.524905125490408,"SETD1A"
"ENSG00000099385.12",909.874528175999,0.158243721603768,0.0656702106062908,2.40967282033673,0.0159668320063831,0.0733826253435273,"BCL7C"
"ENSG00000099399.6",18.500161404227,1.03567319120443,0.549998334835366,1.88304786688934,0.0596938813312945,0.175083839472098,"MAGEB2"
"ENSG00000099617.4",53.0055471329852,0.485275721824619,0.258698170990063,1.87583746714336,0.0606776014610681,0.177080941921752,"EFNA2"
"ENSG00000099622.14",9140.84410103802,-0.212551907666899,0.0740755132883759,-2.86939500289974,0.00411257849247496,0.0293190740363959,"CIRBP"
"ENSG00000099624.8",1944.29486260333,0.314800076852677,0.0976824392519037,3.222688533001,0.00126993561442357,0.0129840227762151,"ATP5F1D"
"ENSG00000099625.13",83.9790483648606,0.0430734529658676,0.1530160969587,0.281496220476029,0.778329826560517,0.876651270871115,"CBARP"
"ENSG00000099721.14",1.05300953967609,-0.127426956415817,0.745149733542162,-0.171008524434515,0.864217062803492,0.927736256777273,"AMELY"
"ENSG00000099725.14",240.96269054761,-0.148968309451382,0.402645426245042,-0.369973926788685,0.711401917554723,0.833264285151611,"PRKY"
"ENSG00000099769.6",128.607402114944,-0.576295286350972,0.214477681380725,-2.68697088965624,0.00721032363392969,0.0429894886719952,"IGFALS"
"ENSG00000099783.12",8070.62962741414,0.0602508684075286,0.0529345231036693,1.13821500364763,0.255030715166942,0.445567674226123,"HNRNPM"
"ENSG00000099785.10",1615.19277459429,0.166228459860798,0.0718636177490321,2.31311009753662,0.0207165866894675,0.0871412200411464,"MARCHF2"
"ENSG00000099795.7",2525.97070194382,0.203236207724403,0.103882217807026,1.95640998059879,0.0504168773806872,0.156522400938871,"NDUFB7"
"ENSG00000099797.15",3588.27757512905,0.102209092218204,0.0701031806718139,1.45798081112315,0.14484583223927,0.310278747441901,"TECR"
"ENSG00000099800.8",1779.97637431551,0.261406234476506,0.0860039611770139,3.03946737916499,0.0023699686687575,0.0201181455606689,"TIMM13"
"ENSG00000099804.9",2156.26851934075,0.148837545607114,0.0836045210158214,1.78025714158386,0.0750338876790498,0.20308131229157,"CDC34"
"ENSG00000099810.21",1249.17064921279,0.14345543412329,0.0986637304270068,1.45398348007347,0.1459508863355,0.311743302673241,"MTAP"
"ENSG00000099812.9",3127.40549409594,0.326273477999422,0.14046888821827,2.32274550000308,0.0201928284127493,0.0857609180183264,"MISP"
"ENSG00000099814.16",3652.28394151683,0.130378299345585,0.0883046878662123,1.47645954587504,0.139820567587496,0.303003720412062,"CEP170B"
"ENSG00000099817.12",5212.94146354329,0.151788877956279,0.0711914178559635,2.13212326046634,0.0329967148999075,0.117896504524857,"POLR2E"
"ENSG00000099821.14",1589.76456984535,0.0698379925738803,0.0725619988630059,0.962459602384047,0.335818786451709,0.529100130487754,"POLRMT"
"ENSG00000099822.3",67.5065254640463,-0.300024970848581,0.179560307253274,-1.67088693173926,0.0947440132436913,0.236437480917638,"HCN2"
"ENSG00000099834.19",46.9942482400006,0.750074401857825,0.242811883117507,3.08911735384397,0.00200752123788307,0.0179304972297132,"CDHR5"
"ENSG00000099840.14",132.1135002969,-0.183734724416859,0.143534873989621,-1.28007026661789,0.200520424611822,0.381173473656801,"IZUMO4"
"ENSG00000099849.15",2764.43739611637,-0.0269174585968375,0.110219694517561,-0.244216414449858,0.807063214996117,0.893834390634567,"RASSF7"
"ENSG00000099860.9",3745.49418301958,0.0830450451328395,0.137295294343394,0.604864467715352,0.545269054078338,0.712438390072215,"GADD45B"
"ENSG00000099864.18",828.324966074894,0.110572578216384,0.119498176197611,0.925307663554066,0.354805893549171,0.54837531284214,"PALM"
"ENSG00000099866.15",21.1489407538524,0.0575923412629007,0.135924258657488,0.42370907026998,0.671777999463749,0.80651635123676,"MADCAM1"
"ENSG00000099869.8",2.98626062185781,0.406982458884508,0.31077660401665,1.30956595066823,0.190342713416696,0.369186132116636,"IGF2-AS"
"ENSG00000099875.15",8571.75836143424,0.00567203424526542,0.0780955074664927,0.0726294562808115,0.942100985892283,0.96967044087343,"MKNK2"
"ENSG00000099889.14",855.258986193193,-0.261553191661646,0.109342863954174,-2.3920462863609,0.0167547292505902,0.0758107095596491,"ARVCF"
"ENSG00000099899.15",1332.92118437367,0.0805172428170384,0.0867478807792223,0.928175329400367,0.353316629452289,0.546885980024876,"TRMT2A"
"ENSG00000099901.17",2853.44487438715,0.175760515706321,0.0878594282642427,2.00047415716968,0.0454490877599038,0.146592067769673,"RANBP1"
"ENSG00000099904.16",1731.80102216301,0.0187706317826412,0.086828341645883,0.216180931557976,0.828846716536116,0.906530674561002,"ZDHHC8"
"ENSG00000099910.17",874.460551276115,0.0474381409047947,0.061606289374189,0.770021070684217,0.441287393877848,0.626408339915374,"KLHL22"
"ENSG00000099917.17",4998.48376908364,0.178931188942534,0.0732977463057104,2.4411553964599,0.0146403534530938,0.0691857828726836,"MED15"
"ENSG00000099937.11",674.024296774332,-1.51310355517937,0.26865951945249,-5.6320489155306,1.7808115442404e-08,3.75244042673389e-06,"SERPIND1"
"ENSG00000099940.12",1479.75148391108,0.10093813353235,0.0551342416159708,1.83077032664055,0.067134831115777,0.188904659595805,"SNAP29"
"ENSG00000099942.13",4308.21786909969,0.0895728639134591,0.0581858190805026,1.5394277390773,0.123699906403325,0.28038813888112,"CRKL"
"ENSG00000099949.21",679.926204057017,0.108060525381699,0.0766968248214406,1.40893088642557,0.158855605563228,0.32912935938867,"LZTR1"
"ENSG00000099953.10",6251.97125183755,0.343086089611914,0.229131370632113,1.49733355439471,0.134306488099715,0.295653656989144,"MMP11"
"ENSG00000099954.18",566.322981513221,-0.419690800253793,0.174685964273215,-2.40254448604344,0.0162814541040232,0.0743626607699872,"CECR2"
"ENSG00000099956.20",3259.01778241379,0.0188395365368516,0.0588050451641772,0.320372792576789,0.748685747882344,0.857329387227312,"SMARCB1"
"ENSG00000099957.16",26.2086691847643,0.123155792277727,0.183365996442911,0.671639206105862,0.501813412539649,0.678093755324398,"P2RX6"
"ENSG00000099958.15",412.145056315187,-0.143058856807479,0.15809404570063,-0.904897184289772,0.365519858866474,0.558196993772832,"DERL3"
"ENSG00000099960.13",95.6851628604113,0.423784872513546,0.228450391237082,1.85504113264463,0.0635903530221868,0.182557008120002,"SLC7A4"
"ENSG00000099968.18",2801.78209332342,0.165667868236148,0.0497960922653402,3.32692507985127,0.00087809978563737,0.010046246104201,"BCL2L13"
"ENSG00000099974.8",50.8095629581753,-0.163489440852814,0.0973222068237005,-1.67987806882529,0.0929810416401136,0.233609725326449,"DDTL"
"ENSG00000099984.11",5.81819537059591,0.136493654886023,0.231905261818275,0.588575066455292,0.556146363932159,0.720879147143989,"GSTT2"
"ENSG00000099985.4",290.189218087294,0.182125325006854,0.160242711048669,1.13655918459554,0.255722610741822,0.446293131705232,"OSM"
"ENSG00000099991.18",3862.93150886038,-0.122591740225311,0.066606764984981,-1.84052986589207,0.0656904836987332,0.186320776433969,"CABIN1"
"ENSG00000099992.16",701.157077982111,0.0332284935270654,0.0656496972285947,0.506148465717406,0.612752429342257,0.764230412455674,"TBC1D10A"
"ENSG00000099994.11",9938.47107507193,-0.492662002273544,0.224835573505279,-2.19121020127172,0.0284365847282867,0.106819272860075,"SUSD2"
"ENSG00000099995.19",5787.20630079981,-0.0278381360433188,0.0528311904740397,-0.526926154673686,0.598244870296964,0.752991057683899,"SF3A1"
"ENSG00000099998.18",1861.39877734485,-0.146436670002079,0.111196137367347,-1.31692227328285,0.187864679685175,0.366025864490558,"GGT5"
"ENSG00000099999.15",643.247441558936,0.0620480861389183,0.0684763015088617,0.906124962530116,0.364869714142501,0.557638973234772,"RNF215"
"ENSG00000100003.18",401.920715104421,0.274166855181034,0.127207071723915,2.15527998141546,0.0311399313482232,0.113584580815239,"SEC14L2"
"ENSG00000100012.12",44.1676157320689,-1.34944106791667,0.306084886674053,-4.40871512010873,1.039857000205e-05,0.000413126003673332,"SEC14L3"
"ENSG00000100014.20",1571.98571027623,0.00336712751867524,0.0570153195003721,0.0590565403856636,0.952907073938118,0.97525776860196,"SPECC1L"
"ENSG00000100023.19",2126.04281786708,-0.00262721561747915,0.0702697473976312,-0.0373875773682902,0.970175977570724,0.985028477974508,"PPIL2"
"ENSG00000100024.15",29.2399603071601,-0.618532826844644,0.184388427057893,-3.35451002383377,0.000795056725734101,0.00933679843734231,"UPB1"
"ENSG00000100027.17",213.295680541452,-0.158177901361105,0.0936709395979918,-1.68865500911978,0.0912855622670217,0.230834742864648,"YPEL1"
"ENSG00000100028.12",1666.43366173566,-0.0391560442555224,0.0650746874836738,-0.601709293883986,0.547367662449863,0.714115427169689,"SNRPD3"
"ENSG00000100029.18",3327.27759884465,0.167224493958598,0.069648847100589,2.40096571472443,0.0163518684864947,0.0745859374600449,"PES1"
"ENSG00000100030.15",6694.60253395254,0.0503469217226447,0.0577699735425367,0.871506747109269,0.383477523468842,0.574939979683336,"MAPK1"
"ENSG00000100031.19",33.1293337886321,-0.294807669249814,0.133886724425675,-2.20191860331509,0.0276710586469651,0.104914309934336,"GGT1"
"ENSG00000100033.16",1480.60987474767,0.0516474950110562,0.208147796892969,0.248128953474409,0.804034634328776,0.892201615862012,"PRODH"
"ENSG00000100034.14",1531.03369039969,0.0932967941362944,0.0806166210801789,1.15728981054049,0.247153975128288,0.436480043155941,"PPM1F"
"ENSG00000100036.13",213.233041356561,0.253501418822048,0.0957282440617684,2.64813609929455,0.00809369338830234,0.0464511866879417,"SLC35E4"
"ENSG00000100038.20",7.37554275458766,-0.292069016054223,0.158417806504817,-1.84366279585712,0.0652322982020174,0.185495294161237,"TOP3B"
"ENSG00000100053.10",11.3764495117788,-0.407432405873749,0.144501156824715,-2.81957885200864,0.00480867148585828,0.0325264322996098,"CRYBB3"
"ENSG00000100055.21",1109.91906351553,0.00350221936061043,0.100626175025138,0.0348042580346071,0.97223582526959,0.986277684594304,"CYTH4"
"ENSG00000100056.12",842.298310736178,0.140614001997595,0.068113244715427,2.06441496929227,0.0389783883812322,0.132333774237387,"ESS2"
"ENSG00000100058.12",445.268849701341,-0.100202239199956,0.0758483078182643,-1.32108733974718,0.186472243901938,0.364457994901165,"CRYBB2P1"
"ENSG00000100060.18",904.178520637314,-0.00336567873202524,0.110951957652254,-0.0303345592384584,0.975800234960531,0.987848789201296,"MFNG"
"ENSG00000100065.15",1295.70935238237,0.0722247862674971,0.112627451903686,0.641271599833943,0.521346237668471,0.694208799113102,"CARD10"
"ENSG00000100068.13",319.720266180228,-0.243168482088613,0.118891015400198,-2.04530578925653,0.0408247203219297,0.136436198923711,"LRP5L"
"ENSG00000100075.10",3440.88755072588,0.223836401542432,0.0797716248178124,2.8059651793936,0.00501661130761587,0.0335042824071268,"SLC25A1"
"ENSG00000100077.15",1732.72139007057,-0.234780115622032,0.0985381786768615,-2.38263096369938,0.0171894165242682,0.0771015415606617,"GRK3"
"ENSG00000100078.4",101.791643312512,-0.592340885737033,0.240213895859343,-2.46588934257108,0.0136673549904513,0.0661323741509527,"PLA2G3"
"ENSG00000100079.7",153.306267043028,0.168979191917219,0.146928581078539,1.1500770692592,0.250112129969619,0.439952614945766,"LGALS2"
"ENSG00000100083.19",2849.37892033889,-0.128339043153573,0.0683958460573147,-1.8764157555128,0.0605982127797894,0.176926799796328,"GGA1"
"ENSG00000100084.14",438.528000949607,0.0434362665260085,0.0680036762697973,0.638734093634582,0.522995929422149,0.695360272088062,"HIRA"
"ENSG00000100092.24",281.502657345907,0.0441780746079575,0.0904199875792095,0.488587488128736,0.625133772831293,0.773298422958334,"SH3BP1"
"ENSG00000100095.19",19.9753021658522,-0.561992336974018,0.229684784801446,-2.44679828252376,0.0144131479798808,0.0684279799688609,"SEZ6L"
"ENSG00000100097.12",13009.8462355316,0.316953601178257,0.14169111367118,2.23693351661985,0.0252906855814596,0.0992343690486247,"LGALS1"
"ENSG00000100099.21",1751.68491165779,-0.000487592794439221,0.0538423951235061,-0.00905592690148272,0.992774514501801,0.996650328009311,"HPS4"
"ENSG00000100100.13",2713.35255869151,-0.061959095617162,0.0910747443081874,-0.680310398758837,0.49630794155959,0.673403191839912,"PIK3IP1"
"ENSG00000100104.13",530.689237692835,0.0636388662185268,0.0510821438862672,1.24581431742992,0.212832572023966,0.395613579386628,"SRRD"
"ENSG00000100105.18",2294.69009234423,-0.0537345939056627,0.0694087221719382,-0.774176389136688,0.4388264887978,0.624245867866397,"PATZ1"
"ENSG00000100106.22",3682.49974940389,0.069073006397095,0.0733807061190358,0.941296562137832,0.346552904037474,0.54023438844967,"TRIOBP"
"ENSG00000100109.17",1188.1917452691,0.0395526157877722,0.0547020594214746,0.723055332945013,0.469645889910566,0.650520910833436,"TFIP11"
"ENSG00000100116.17",629.122802848682,0.0274430532280877,0.11605747888746,0.236460876896173,0.813075062251282,0.897745101566409,"GCAT"
"ENSG00000100121.13",11.5752798249423,0.0209839695246889,0.247974672835829,0.0846214223602637,0.932562367572242,0.964456973893596,"GGTLC2"
"ENSG00000100122.7",18.0706690873975,0.194677014026191,0.12514836890763,1.55556972676071,0.11981044211402,0.274420364742948,"CRYBB1"
"ENSG00000100124.15",969.271804008389,-0.0727197524049767,0.0692369474579212,-1.05030269350295,0.293578967206418,0.486125449705036,"ANKRD54"
"ENSG00000100129.18",5224.33749210599,-0.0757842646628429,0.0742158321794158,-1.02113339482114,0.30719124319625,0.500715884114408,"EIF3L"
"ENSG00000100138.15",4879.9329525733,0.222163335038758,0.0653805203407853,3.39800500027787,0.000678791794128116,0.00834836172955573,"SNU13"
"ENSG00000100139.13",1717.27646171576,0.0254269540730302,0.0847354293964139,0.300074647100405,0.764120217270585,0.867336756114336,"MICALL1"
"ENSG00000100142.16",1494.97436025737,0.0874887297697199,0.0816861221836699,1.07103541496318,0.284153506023567,0.476806747444313,"POLR2F"
"ENSG00000100146.18",6.12371050104903,-0.225342118547187,0.209696479251908,-1.07461088212399,0.282548977729359,0.475071188648834,"SOX10"
"ENSG00000100147.14",592.736849015231,-0.05470277833977,0.0687578118936542,-0.795586375325283,0.42627248830364,0.613756430960217,"CCDC134"
"ENSG00000100150.20",491.466918317752,-0.0984894483002469,0.0522122171270537,-1.88632955502697,0.0592505589319945,0.174122063599867,"DEPDC5"
"ENSG00000100151.16",1171.11372034592,-0.00352290529716713,0.0825440554217347,-0.0426790915368512,0.965957346916894,0.983060261321076,"PICK1"
"ENSG00000100154.14",1240.56939230671,-0.221449648614473,0.10280717042293,-2.15402921511671,0.0312378808783529,0.113817949872298,"TTC28"
"ENSG00000100156.10",64.4198083802548,0.126467948795604,0.169069296447788,0.748024339443913,0.454445476665261,0.637771498318785,"SLC16A8"
"ENSG00000100162.15",378.67933945835,0.387509022659967,0.126885443848061,3.05400691291265,0.0022580687749933,0.0194207914559162,"CENPM"
"ENSG00000100167.20",330.18970432865,0.191728563522649,0.169727366304506,1.12962669307359,0.258633558410187,0.449614487238061,"SEPTIN3"
"ENSG00000100170.10",510.720371617341,-0.577348773738375,0.260334274448761,-2.21772094727392,0.0265738650848718,0.102351190452411,"SLC5A1"
"ENSG00000100181.22",268.890531160106,-0.339963822166828,0.21767583117455,-1.56178947535162,0.118337591982492,0.272549448801568,"TPTEP1"
"ENSG00000100191.6",20.8120209447444,-0.40919115625013,0.170298253264482,-2.40279127005863,0.0162704714654435,0.0743266748763733,"SLC5A4"
"ENSG00000100196.11",2242.71198576504,0.26569602750595,0.123184803279961,2.15688965222524,0.0310142633941044,0.113256320190843,"KDELR3"
"ENSG00000100197.22",84.4128675598931,-0.0674548352152103,0.172156964657882,-0.391821703811167,0.695189957419142,0.822055025833972,"CYP2D6"
"ENSG00000100201.23",21745.1787396856,-0.190276208840525,0.0637071716185898,-2.98673138370817,0.00281977363291091,0.0226650708740954,"DDX17"
"ENSG00000100206.10",41.4683779454618,0.24147196082747,0.134110074908834,1.80055048803469,0.0717737590457404,0.197317613619887,"DMC1"
"ENSG00000100207.20",2569.97844724186,0.0298740914636735,0.0662353440457357,0.451029460087735,0.651968316380525,0.791986760946358,"TCF20"
"ENSG00000100209.11",423.085470681547,-0.0228754940476194,0.0830976140812719,-0.275284607151855,0.783097589501559,0.879581257288061,"HSCB"
"ENSG00000100211.10",887.239644743488,0.0571177667708791,0.083180871455984,0.686669492289505,0.492291025988264,0.670122051199087,"CBY1"
"ENSG00000100216.6",3428.15831532807,0.23673785946402,0.0839902198030299,2.81863602713753,0.00482281712059759,0.0325890096196581,"TOMM22"
"ENSG00000100218.12",40.5323181487286,-0.520723577064157,0.202888299585527,-2.5665530152696,0.010271492238553,0.0546642828697047,"RSPH14"
"ENSG00000100219.16",21212.4570952784,-0.314999275772416,0.0897000486109088,-3.51169570864767,0.000445257489888564,0.0062495605442074,"XBP1"
"ENSG00000100220.12",3592.34983137725,0.094025614642116,0.0601159116255322,1.56407200855259,0.11780065868867,0.271659380606077,"RTCB"
"ENSG00000100221.10",4058.94533104923,0.201134121224532,0.0622443764109933,3.23136213778517,0.00123201739735397,0.0127225667525142,"JOSD1"
"ENSG00000100225.18",4353.8972756882,-0.0185941543036978,0.0475407795753502,-0.391120096678828,0.695708466480669,0.822405268233948,"FBXO7"
"ENSG00000100226.16",3027.49548221512,0.0410359024286466,0.0639571406008077,0.64161565140591,0.521122768099809,0.694072901482056,"GTPBP1"
"ENSG00000100227.18",3879.51360684885,0.0314839197521343,0.0533263145643281,0.590401193282445,0.5549217107772,0.719768136080151,"POLDIP3"
"ENSG00000100228.12",555.457960976685,-0.264675709330241,0.129432812912454,-2.04488879886481,0.0408658224697868,0.136497685499684,"RAB36"
"ENSG00000100234.12",29994.2232000681,0.0175254326769047,0.145262513193941,0.120646629963688,0.90397093320165,0.948966117007857,"TIMP3"
"ENSG00000100239.16",2552.03527942927,-0.00840873510106641,0.0604137171051661,-0.13918585884111,0.889303282741791,0.941207813597052,"PPP6R2"
"ENSG00000100241.21",4064.59377187591,-0.000813146452193108,0.0811076860259764,-0.0100255165944776,0.992000929094498,0.99618999584783,"SBF1"
"ENSG00000100242.15",3774.42368593002,0.0996870999770501,0.0784434081179803,1.27081551361357,0.20379428835083,0.384880201297136,"SUN2"
"ENSG00000100243.21",10681.1785197485,0.154356439425334,0.0886652100363233,1.74089069841598,0.0817027394689151,0.214985820283103,"CYB5R3"
"ENSG00000100246.13",1056.86510344461,0.180237314166027,0.0720231123048368,2.50249271932563,0.0123322161969194,0.0616026674781898,"DNAL4"
"ENSG00000100249.4",5.70501372368791,-0.824121584090797,0.183048168959436,-4.50221156964114,6.72499862640451e-06,0.000298129666136998,"C22orf31"
"ENSG00000100253.13",71.1535081262661,-0.707453657540794,0.258286517278087,-2.7390266630879,0.00616213757458348,0.0386248539190811,"MIOX"
"ENSG00000100258.18",3658.325529264,0.108821864490658,0.0820482998333055,1.32631467942355,0.184735486513187,0.36238501959012,"LMF2"
"ENSG00000100263.14",1008.61782022415,0.0638221571140596,0.0912067155761728,0.699752827528994,0.484081678951767,0.663259036887986,"RHBDD3"
"ENSG00000100266.19",5638.81835202403,0.149285947013879,0.0719811331302867,2.07395939077077,0.0380830824931373,0.13016118113582,"PACSIN2"
"ENSG00000100271.17",247.587260523399,0.0936554187551627,0.0729218145473375,1.28432649868258,0.199027738787003,0.37968598880283,"TTLL1"
"ENSG00000100276.10",26.7616605918696,-0.137381677468748,0.128626399806085,-1.06806750150717,0.285490064093796,0.477941404127055,"RASL10A"
"ENSG00000100280.16",6408.0208601986,0.0974461006051599,0.0620388039028944,1.57072822934637,0.116245789148304,0.269251715070904,"AP1B1"
"ENSG00000100281.14",1360.84624070857,-0.0124589716779633,0.0561080633353585,-0.222053140624296,0.824272515546404,0.903814012452209,"HMGXB4"
"ENSG00000100284.21",3735.89254866085,0.0705607246401488,0.0719762895906957,0.980332899089455,0.326921820150983,0.520501561775461,"TOM1"
"ENSG00000100285.10",242.290154533094,0.103341315938563,0.249346154673544,0.414449206461042,0.6785451586515,0.811229929345893,"NEFH"
"ENSG00000100288.20",21.6050602613845,-0.242406902746268,0.124528366250168,-1.94659987957516,0.0515827230663173,0.158954424199084,"CHKB"
"ENSG00000100290.3",335.882442174419,0.314075570600511,0.148822101844675,2.11040945335062,0.0348231029097169,0.122257256688095,"BIK"
"ENSG00000100292.18",3128.29464022761,0.411383488306809,0.11556599095553,3.55972795201584,0.000371239171950425,0.00555511750154974,"HMOX1"
"ENSG00000100294.13",649.689709270673,0.204351812421123,0.065883446403686,3.10171710157668,0.0019240173179535,0.0174255464000615,"MCAT"
"ENSG00000100296.14",1639.06716982291,-0.0185923965458661,0.0637712085863417,-0.291548442596839,0.770631900297582,0.871775888018826,"THOC5"
"ENSG00000100297.16",2730.51231800595,0.194817254426296,0.0847420703085045,2.29894376803707,0.0215081326219261,0.0891521737278121,"MCM5"
"ENSG00000100298.16",67.0575552233391,-0.242016867842963,0.137734574754308,-1.7571250230719,0.0788965014135582,0.209902954238853,"APOBEC3H"
"ENSG00000100299.18",2726.47153122117,0.054556218487154,0.0909239210538237,0.600020521055824,0.548492559342987,0.71482669608573,"ARSA"
"ENSG00000100300.18",5240.72109857589,0.371870738581224,0.103776209416941,3.58339103606261,0.000339162283942138,0.00523007407099843,"TSPO"
"ENSG00000100302.7",206.834290710849,0.22669673925824,0.137383248234668,1.65010466829998,0.0989215301242172,0.242768281175406,"RASD2"
"ENSG00000100304.13",2517.76424380597,0.306104378993723,0.0932800120621127,3.2815645305652,0.00103232899833498,0.0112354786994333,"TTLL12"
"ENSG00000100307.13",1265.3594733681,-0.22067928122439,0.111556031056918,-1.97819229613678,0.0479070174894091,0.151454594366622,"CBX7"
"ENSG00000100311.17",1336.79700722692,0.188632289343536,0.121899859608991,1.54743647735607,0.121758030948679,0.27742856207564,"PDGFB"
"ENSG00000100312.11",9.72675396271321,0.122946250967241,0.174600309497412,0.704158264788547,0.48133421864104,0.661154391501615,"ACR"
"ENSG00000100314.4",17.171144388756,-0.402606133633627,0.189339630036295,-2.12637012946762,0.0334724529004989,0.11916150282467,"CABP7"
"ENSG00000100316.16",75231.5486419419,0.0921860178854322,0.0788505087138665,1.16912394592098,0.242353697426232,0.430789196391433,"RPL3"
"ENSG00000100319.13",411.351478354337,0.0350961900404495,0.0756532380396374,0.463908630349191,0.642713209293975,0.785288503410706,"ZMAT5"
"ENSG00000100320.23",3962.51440895029,0.0421507881521248,0.0599424605165725,0.703187486614288,0.481938916460273,0.661762641999778,"RBFOX2"
"ENSG00000100321.15",369.54814865941,-0.00054904966349468,0.133791050439252,-0.0041037846828475,0.996725662751245,0.998444102681231,"SYNGR1"
"ENSG00000100324.14",1369.81723076451,0.103062979213249,0.0629904955235294,1.63616714484729,0.10180461060581,0.247309806705527,"TAB1"
"ENSG00000100325.15",3499.96066886028,-0.0103095056476783,0.0697223039580798,-0.147865246304494,0.882449116084287,0.937383725321983,"ASCC2"
"ENSG00000100330.16",403.032848386068,-0.118572353618775,0.083316666012149,-1.42315288518008,0.154691840279206,0.323644532043965,"MTMR3"
"ENSG00000100335.15",1907.86280479595,0.151861800746923,0.0582331521952139,2.6078238086415,0.00911198424025519,0.0504935571422796,"MIEF1"
"ENSG00000100336.17",837.79146578906,-0.00763899211321343,0.127956118438398,-0.0597000925507997,0.95239449802337,0.974912988030134,"APOL4"
"ENSG00000100341.12",8.49283128018445,1.14647225945943,0.4060257617094,2.82364413192083,0.00474810718565272,0.0322280800268983,"PNPLA5"
"ENSG00000100342.21",8976.71313910233,0.122428189560166,0.138161088034975,0.886126414473328,0.375549410626688,0.567268568939446,"APOL1"
"ENSG00000100344.11",50.6782601354378,0.309171914448707,0.171468279045975,1.80308518968578,0.0713748367287189,0.196531798766402,"PNPLA3"
"ENSG00000100345.22",64953.4496291747,0.110173500057074,0.0847831577742711,1.29947389256723,0.193781347419827,0.373267900928506,"MYH9"
"ENSG00000100346.18",96.3207825641389,0.108635026148804,0.2093115384675,0.519011168443883,0.603752952990228,0.757118801608484,"CACNA1I"
"ENSG00000100347.15",1561.82278723972,0.216983951883894,0.0547200802575655,3.96534418192661,7.32901165113939e-05,0.00176943281291794,"SAMM50"
"ENSG00000100348.10",2926.57450258437,0.0671707086174171,0.0804071288105556,0.835382504151786,0.403502377477001,0.593258950348812,"TXN2"
"ENSG00000100350.15",1314.96060441521,0.0194973965947554,0.105855712905421,0.184188420819344,0.853865642926113,0.921796676496697,"FOXRED2"
"ENSG00000100351.17",242.966064139388,-0.137673317522554,0.120345881255828,-1.14398030149359,0.252631806393303,0.442809248011076,"GRAP2"
"ENSG00000100353.18",8537.48984891204,0.0903738292812596,0.0651463033020039,1.38724416736751,0.165367321694256,0.337310025803631,"EIF3D"
"ENSG00000100354.21",2133.03128333334,-0.134737044788553,0.0933282539690004,-1.44368976230186,0.148826262503151,0.315596990924675,"TNRC6B"
"ENSG00000100359.21",36.1341687195989,-0.152036841056941,0.112567726656617,-1.35062549073877,0.176815431002243,0.352575415569544,"SGSM3"
"ENSG00000100360.15",803.771129959884,0.0203215355904352,0.0756973552292741,0.268457669741364,0.788347053949214,0.88267103037449,"IFT27"
"ENSG00000100362.13",17.9898649457631,-0.154315060018753,0.178739041782671,-0.863353962736272,0.387942883124967,0.579001318325168,"PVALB"
"ENSG00000100364.19",4171.45849686649,0.215920439664357,0.068178425136546,3.16699071930626,0.00154025233869191,0.0148550466720943,"KIAA0930"
"ENSG00000100365.16",786.911392437574,0.0290193486496025,0.104315573121574,0.278188076633411,0.780867987229126,0.878482546513235,"NCF4"
"ENSG00000100368.14",1292.30496074596,-0.161211650286954,0.115247162879362,-1.39883400388526,0.161862766815988,0.332966016720495,"CSF2RB"
"ENSG00000100372.15",1202.16632586506,0.190801340702431,0.0635024278137852,3.00463064596424,0.00265903534570737,0.0217351494634509,"SLC25A17"
"ENSG00000100373.10",68.9988580795249,0.634965517473749,0.236087335527843,2.68953654821889,0.00715513114903976,0.0427883595689283,"UPK3A"
"ENSG00000100376.12",981.519010292496,-0.134334892396312,0.0982229034978705,-1.36765344550443,0.171420578666851,0.34560636820958,"FAM118A"
"ENSG00000100379.17",684.633248950391,0.174102177285458,0.0869027558822927,2.00341376424557,0.0451328952858859,0.145884415801262,"KCTD17"
"ENSG00000100380.14",9312.57047369515,0.220253364509211,0.0614982859360672,3.58145533906722,0.000341685552965659,0.0052576124316075,"ST13"
"ENSG00000100385.14",1172.29680512316,-0.0830260819225423,0.121943793394934,-0.680855331879414,0.495963034428679,0.673111463260121,"IL2RB"
"ENSG00000100387.9",2701.58492046864,0.16449878197245,0.0803076683703117,2.04835709105536,0.0405250227087369,0.135753596539091,"RBX1"
"ENSG00000100393.14",4707.37054112254,0.00136961408401487,0.0572022823009665,0.0239433468197777,0.980897798419954,0.990568644673871,"EP300"
"ENSG00000100395.15",1242.30399525417,0.0453545426944691,0.051508983099346,0.880517144106559,0.378579221889456,0.570137876435774,"L3MBTL2"
"ENSG00000100399.16",127.690655818406,-0.0978627501569814,0.124489595998012,-0.786111878446004,0.43180194589186,0.617870038448347,"CHADL"
"ENSG00000100401.20",4622.43115746213,0.244244989198183,0.0792875283597332,3.08049694890256,0.00206655471987372,0.0182740521351277,"RANGAP1"
"ENSG00000100403.12",5169.54164801943,0.0315969300339879,0.0646498664541004,0.488739293164989,0.625026281550728,0.773223840356287,"ZC3H7B"
"ENSG00000100410.8",1235.54182409952,0.247908916171164,0.0806409063847721,3.07423275959084,0.00211044705614191,0.0185146545033287,"PHF5A"
"ENSG00000100412.17",3016.40865959721,0.19577014125179,0.0635968947535677,3.07829717174686,0.00208187195344113,0.018370464602681,"ACO2"
"ENSG00000100413.17",1056.97479156929,0.177602615439179,0.102405172279543,1.7343129403109,0.0828625726902601,0.216798895025691,"POLR3H"
"ENSG00000100416.15",1071.49179327037,0.087758017534093,0.0755702526461358,1.16127728122106,0.24552915548547,0.434559686020044,"TRMU"
"ENSG00000100417.12",1407.72222712613,-0.0789415487393954,0.108295663367605,-0.728944689792717,0.466035496467517,0.647675116339992,"PMM1"
"ENSG00000100418.8",2960.19464049783,0.156517479738825,0.0696564677543223,2.24699133884969,0.0246405806409431,0.0975688452995859,"DESI1"
"ENSG00000100422.14",2601.33917074254,-0.0542587935325326,0.0696558814694221,-0.778954948066394,0.436006253916374,0.621709197261031,"CERK"
"ENSG00000100425.18",1999.027958754,-0.0148711147815273,0.058832649427113,-0.252769761796142,0.800446135633762,0.890148079152076,"BRD1"
"ENSG00000100426.7",1517.63292663232,0.106059498003261,0.0571705408454721,1.85514246384221,0.0635758852988073,0.182531213285028,"ZBED4"
"ENSG00000100427.16",68.821462609946,-0.369388247603861,0.171054661691932,-2.15947489504335,0.0308133429520802,0.112670909050368,"MLC1"
"ENSG00000100429.18",42.5103890338496,-0.0765441308440468,0.10901951593968,-0.702114022285682,0.482608058242592,0.662330272602771,"HDAC10"
"ENSG00000100433.16",10.2957679884143,-0.919169703425033,0.252765105398034,-3.63645805451508,0.000276412628913815,0.00450445700167775,"KCNK10"
"ENSG00000100439.10",2387.46760210349,0.156934617092531,0.088341142477237,1.77646125793504,0.075656922077991,0.204103873814323,"ABHD4"
"ENSG00000100441.10",2695.00093285435,0.0314548306052407,0.0536971849127157,0.585781743612264,0.558022193626146,0.722157851682939,"KHNYN"
"ENSG00000100442.11",1545.55286791096,-0.0139793147067379,0.0832692262685832,-0.167880924720591,0.866676957001146,0.928745845546516,"FKBP3"
"ENSG00000100445.17",146.906481238393,-0.217524478776124,0.0883034148316251,-2.46337561453195,0.0137635642456521,0.0664005715737569,"SDR39U1"
"ENSG00000100448.4",79.929497163676,-0.174861783943301,0.21418892240033,-0.816390418251768,0.414276875058995,0.603268162591922,"CTSG"
"ENSG00000100450.13",254.253023417617,0.141197673983032,0.166716943083937,0.84693056009276,0.397033827474282,0.587564885011391,"GZMH"
"ENSG00000100453.13",588.317845400827,0.108456879439657,0.161466414366206,0.671699311992378,0.501775139465175,0.678069558721195,"GZMB"
"ENSG00000100461.18",3292.22267697967,0.00197816289828161,0.0478273009597466,0.0413605379895159,0.967008471981806,0.983251780768112,"RBM23"
"ENSG00000100462.16",1013.36344860865,0.131188648070907,0.0791876508347302,1.65668064007488,0.097584059144294,0.24068987024771,"PRMT5"
"ENSG00000100473.18",225.529729115123,0.344301780055756,0.216534081454445,1.59005814578058,0.111821699096658,0.262711158565029,"COCH"
"ENSG00000100478.15",571.800413894984,-0.0950981112226819,0.0838694300119465,-1.13388288449243,0.256843677412959,0.447631081615958,"AP4S1"
"ENSG00000100479.13",301.836918807666,-0.14083811718678,0.12721653471451,-1.10707399398072,0.268261938215669,0.460017754777968,"POLE2"
"ENSG00000100483.14",366.318789783778,-0.203111511645258,0.0613318006690555,-3.31168348930829,0.00092736401928415,0.0104341771862207,"VCPKMT"
"ENSG00000100485.12",2184.53877944934,-0.127123254580037,0.0615559097960937,-2.06516734138343,0.0389071694642987,0.13212934387425,"SOS2"
"ENSG00000100490.9",285.511358021661,-0.242044825575831,0.101412009495864,-2.38674715922774,0.0169981772103203,0.0765070744413042,"CDKL1"
"ENSG00000100503.26",2173.88055646847,-0.132223839645167,0.0751894971466204,-1.75854134770084,0.0786554426890608,0.209443785767168,"NIN"
"ENSG00000100504.17",2771.23323159118,0.270719108867102,0.111269008449769,2.43301448120043,0.0149737020166517,0.0702988202511248,"PYGL"
"ENSG00000100505.13",133.908974491363,0.3723008234721,0.214351568756472,1.73687006646112,0.0824101080705423,0.216037773857682,"TRIM9"
"ENSG00000100519.12",3570.14532980868,0.00858957833860254,0.0706901612716552,0.12151023825782,0.903286905835467,0.948483211366831,"PSMC6"
"ENSG00000100522.10",1100.892281738,0.325775988484783,0.114392435497645,2.84788051821389,0.00440114446350535,0.0306998211967006,"GNPNAT1"
"ENSG00000100523.16",1121.85368337558,-0.304924278357566,0.0858012008441015,-3.5538462790469,0.000379641045034703,0.00563001751106475,"DDHD1"
"ENSG00000100526.20",446.412274587508,0.208076049577764,0.157713640295811,1.31932817724258,0.187059421664026,0.365022530337393,"CDKN3"
"ENSG00000100528.12",4383.31725832552,0.181050558499773,0.0803811640948176,2.25240030470578,0.0242969864951261,0.0965989457107993,"CNIH1"
"ENSG00000100532.12",588.448989012806,-0.000119983091604954,0.0814359371164168,-0.00147334329110049,0.998824442560573,0.999244633738068,"CGRRF1"
"ENSG00000100554.12",2733.75371305746,0.107966605452478,0.0539292601554355,2.00200420219553,0.0452842795792827,0.146245952083913,"ATP6V1D"
"ENSG00000100557.10",41.6826260667721,0.553329031699193,0.341162793063638,1.62189149271028,0.104826583418489,0.252021334615233,"CCDC198"
"ENSG00000100558.9",903.854732641157,0.779530192531084,0.149463498673087,5.21552218067707,1.83300123409609e-07,2.26862862776064e-05,"PLEK2"
"ENSG00000100564.9",488.012357367095,-0.109244140588344,0.0638966046581026,-1.70970180924145,0.0873210280262284,0.224361480693826,"PIGH"
"ENSG00000100565.15",3.6070032873606,-0.321773128699807,0.190440499701277,-1.68962552190599,0.091099620065822,0.230528669833975,"LRRC74A"
"ENSG00000100567.13",4238.02063078813,-0.0326117364427698,0.0671256624686217,-0.485831129905264,0.627086900996903,0.774715780058274,"PSMA3"
"ENSG00000100568.11",1553.15374337073,0.0977808983915532,0.0485170802098224,2.01539123889317,0.0438636716903662,0.143171884469349,"VTI1B"
"ENSG00000100575.14",785.841783576965,0.0847746606074702,0.0736407375204398,1.15119244404553,0.249653073031208,0.439377267031137,"TIMM9"
"ENSG00000100577.19",872.860422412945,0.29004276998261,0.0988560818430032,2.93399014582873,0.00334634832344676,0.0255162895951839,"GSTZ1"
"ENSG00000100578.18",819.179458605066,-0.0867012222436423,0.0645752029573215,-1.34263956244852,0.179388713337239,0.355571898594963,"KIAA0586"
"ENSG00000100580.8",1516.87615642352,-0.0420859937108248,0.0635579085931309,-0.662167693091357,0.507863756540297,0.683384853548465,"TMED8"
"ENSG00000100583.4",75.8920410311566,-0.307073429172808,0.129116008034222,-2.37827542725314,0.0173938283452344,0.0777827705974331,"SAMD15"
"ENSG00000100591.8",4171.33294711219,0.197111968463367,0.0687430497919512,2.86737305167462,0.00413894816789864,0.0294440173833012,"AHSA1"
"ENSG00000100592.16",1918.25218050631,-0.0762602316279159,0.0732027011968808,-1.04176800010169,0.297519253535073,0.490240460675237,"DAAM1"
"ENSG00000100593.18",11.0165617517652,0.404900436227427,0.264963371241162,1.52813739623995,0.126478428294632,0.284728265143903,"ISM2"
"ENSG00000100596.7",4249.60767276374,-0.0734109584238487,0.0677371844333585,-1.08376158586975,0.27847052148069,0.471044948040149,"SPTLC2"
"ENSG00000100599.16",1706.11830671544,0.11303922015745,0.0899307891820795,1.25695794716739,0.208768863605288,0.390862372521053,"RIN3"
"ENSG00000100600.15",10425.5596099076,0.0165783989001741,0.0851209789236664,0.194762784801159,0.845578657749537,0.916252245808148,"LGMN"
"ENSG00000100601.10",513.305604150176,-0.00886257912191885,0.0514499826726185,-0.172256211985772,0.863236107489043,0.927117640137834,"ALKBH1"
"ENSG00000100603.14",2273.05877957136,0.11097737758024,0.046772098020081,2.37272609692628,0.0176573525459778,0.078612762545231,"SNW1"
"ENSG00000100604.13",78.9185383985387,-0.948002106260806,0.325324372765979,-2.91402116048264,0.00356805720303815,0.0266398436159732,"CHGA"
"ENSG00000100605.17",2957.37922587508,0.22531746042014,0.080285381838737,2.80645685752256,0.00500896194084381,0.0334664599431091,"ITPK1"
"ENSG00000100612.14",2988.88142562287,0.281799054458145,0.085453967539569,3.29767081121961,0.000974903572102198,0.0108263724569708,"DHRS7"
"ENSG00000100614.18",3200.34867584577,-0.0670188670650738,0.0568419612979676,-1.17903861046874,0.238382801663506,0.426045305733214,"PPM1A"
"ENSG00000100625.9",845.146333231276,-0.149555265526799,0.121199673270315,-1.23395766251978,0.217218680869722,0.401034855109834,"SIX4"
"ENSG00000100626.17",139.809934606929,0.0420605135719,0.181279405885077,0.23202036307734,0.816522197872701,0.899641709427668,"GALNT16"
"ENSG00000100628.12",141.094931738234,-0.209252293880811,0.113042213070373,-1.85109870195609,0.0641553548139809,0.183530179396964,"ASB2"
"ENSG00000100629.17",319.809505072756,-0.0565387311570755,0.103031298116628,-0.548752973034227,0.583174987208993,0.741462151956722,"CEP128"
"ENSG00000100632.11",3595.15834464467,0.0465830083879905,0.0771347464778744,0.603917307245607,0.545898621518504,0.713013413158983,"ERH"
"ENSG00000100644.17",10279.4634210951,0.148572148926492,0.0903574729985281,1.644270739277,0.100120290636343,0.244520624284183,"HIF1A"
"ENSG00000100647.8",4715.04748407906,-0.0871559497902794,0.0702089505673923,-1.24137946922622,0.214465599871711,0.39758356347953,"SUSD6"
"ENSG00000100650.16",7211.80775355578,-0.11988225252686,0.0565011389226864,-2.12176700881909,0.0338573083695647,0.120017570606723,"SRSF5"
"ENSG00000100652.5",6.93115106470409,-1.09347220936979,0.205174369525557,-5.32947761408176,9.84956595292474e-08,1.40738883807177e-05,"SLC10A1"
"ENSG00000100664.11",8751.50560592488,-0.00200119736599776,0.0538373820700797,-0.0371711492842059,0.970348542244573,0.985083519345893,"EIF5"
"ENSG00000100665.12",39.678222821381,0.675196086677802,0.404113401401976,1.67080845212103,0.0947595185389263,0.236440729275011,"SERPINA4"
"ENSG00000100678.19",26.5062126289212,-0.498192534115082,0.168374823490456,-2.95883032740534,0.00308809077854416,0.0241258106336147,"SLC8A3"
"ENSG00000100697.15",3118.98835544295,-0.165687860502145,0.0764775228440628,-2.16649094192004,0.0302736912935216,0.111296599407599,"DICER1"
"ENSG00000100711.14",1088.38806778375,0.130616345732349,0.0621117907439849,2.10292352173082,0.0354724553263563,0.124039959582017,"ZFYVE21"
"ENSG00000100714.17",2303.40769244235,0.169879837711205,0.0664930376652683,2.55485151041518,0.010623310607465,0.0558739147005263,"MTHFD1"
"ENSG00000100721.11",47.1064401586422,-0.250040133546596,0.20719695464189,-1.20677513807456,0.227518753202587,0.41333525321258,"TCL1A"
"ENSG00000100722.20",1950.89331281684,0.0439872322174451,0.0516418602860162,0.851774741921064,0.394339127762745,0.585115571836795,"ZC3H14"
"ENSG00000100726.15",1768.44276209705,0.139017117868803,0.086309798027587,1.61067597243559,0.107250365354462,0.255758844253985,"TELO2"
"ENSG00000100731.16",2703.63192924899,-0.179479266275844,0.0806797215150307,-2.22458956111303,0.0261088040555932,0.101215697883426,"PCNX1"
"ENSG00000100739.11",54.3139247345924,-0.0365515147331475,0.189163897881243,-0.193226694641778,0.846781433370958,0.916928844767427,"BDKRB1"
"ENSG00000100744.15",1614.44110364361,0.144740885481955,0.0895341483113904,1.61659979138419,0.105964696979859,0.253692928168824,"GSKIP"
"ENSG00000100749.8",638.630508140121,-0.00595571316799002,0.0870027520715931,-0.0684543077797029,0.945423991818883,0.971635778507247,"VRK1"
"ENSG00000100764.14",738.135712068885,0.155946926642474,0.0635292928010264,2.4547247382542,0.0140992503124903,0.0674047014149539,"PSMC1"
"ENSG00000100767.17",909.666586689272,-0.22576189580064,0.108820311261684,-2.07463012357814,0.0380208280320721,0.130055217062753,"PAPLN"
"ENSG00000100784.12",568.130750661158,-0.348585718064847,0.106034764395397,-3.28746633288109,0.00101093276053994,0.0110884453241967,"RPS6KA5"
"ENSG00000100796.17",3792.58007184035,-0.0278768287371628,0.0528119735502736,-0.527850539624804,0.597603075908023,0.752610047140483,"PPP4R3A"
"ENSG00000100802.15",383.414287779807,0.0307853382548397,0.058288469356092,0.528154857983455,0.597391858155154,0.752447032741571,"C14orf93"
"ENSG00000100804.19",5468.93890459977,0.296021277411797,0.0880005449017399,3.36385732318282,0.00076861267122082,0.00913819291480844,"PSMB5"
"ENSG00000100811.14",5473.49216085891,0.0838227650675945,0.0410865487314638,2.04015103861482,0.0413352845770082,0.137562537927063,"YY1"
"ENSG00000100813.14",7040.71538243811,-0.0358992522556402,0.0610935250770224,-0.587611407434437,0.556793152410105,0.72132434815322,"ACIN1"
"ENSG00000100814.18",1643.57730002688,-0.013190388890973,0.0933378482633088,-0.141318759071481,0.887618130736619,0.940245978024563,"CCNB1IP1"
"ENSG00000100815.12",2318.95955608347,-0.0378497573421465,0.0682920590437475,-0.554233652816064,0.579418949952895,0.73847429645778,"TRIP11"
"ENSG00000100823.12",6259.87548256319,0.0515793773089755,0.0802174647488102,0.642994358778218,0.52022776033545,0.693435673813835,"APEX1"
"ENSG00000100836.10",506.90919964681,-0.151588612478952,0.110941315704889,-1.36638556624105,0.171817976728742,0.346117239548648,"PABPN1"
"ENSG00000100842.13",676.107302248736,-0.11157118461964,0.149761813936914,-0.744990873752629,0.456277236993774,0.63940882876443,"EFS"
"ENSG00000100852.13",2303.3814550337,-0.220380739184891,0.113149983032266,-1.94768689556098,0.051452439065111,0.15868513698886,"ARHGAP5"
"ENSG00000100865.15",1180.99795413516,0.192902536415628,0.0682031865624183,2.82835078737982,0.00467885067785987,0.0319591991442199,"CINP"
"ENSG00000100867.15",72.482448070598,0.180348607305888,0.195723134114819,0.921447575022423,0.356816799939379,0.550166258580288,"DHRS2"
"ENSG00000100883.13",3870.51967466388,-0.178658498587808,0.07376706180743,-2.42192781182201,0.0154384170235652,0.0717063641134982,"SRP54"
"ENSG00000100884.9",5.35871995451289,-0.770388766236805,0.269662490336638,-2.85686290768537,0.00427850588340872,0.0300959848671723,"CPNE6"
"ENSG00000100888.15",4289.09327011425,-0.0302640797810715,0.0604379837016497,-0.500746019762492,0.616549880075781,0.766640342011689,"CHD8"
"ENSG00000100889.12",1957.0078174245,0.120872065901466,0.0792420078389893,1.52535339774661,0.12717097577805,0.285881383968847,"PCK2"
"ENSG00000100890.16",262.28785645794,-0.22605957972723,0.0833792961914469,-2.71121957192078,0.00670362184373269,0.0408986040028207,"PRORP"
"ENSG00000100897.18",2972.35095531481,-0.0510579938286596,0.0526223837719461,-0.970271397242925,0.331911230538179,0.525493224171969,"DCAF11"
"ENSG00000100902.11",350.09362085252,-0.0386612120588274,0.106634504475326,-0.362558181791646,0.716934953687228,0.837006536911628,"PSMA6"
"ENSG00000100906.11",12159.8207085166,0.141926462208254,0.104321151479472,1.36047637699035,0.173679223423632,0.348787697250146,"NFKBIA"
"ENSG00000100908.14",419.377588374561,0.0864527105996912,0.094717386090257,0.912743838996038,0.361377281573986,0.554388251564037,"EMC9"
"ENSG00000100911.16",6412.81944131072,0.1478799124002,0.0858000623486712,1.72354085011326,0.0847907645597022,0.219992123167563,"PSME2"
"ENSG00000100916.14",580.631403835146,-0.156461769613193,0.0848762488940858,-1.84341051415263,0.0652690961209437,0.18558408208682,"BRMS1L"
"ENSG00000100918.13",756.026066234343,-0.492410960652919,0.137092163331644,-3.59182427854546,0.000328371244741197,0.00511340685274493,"REC8"
"ENSG00000100926.15",205.311659525968,0.0932081670462236,0.0553412230298308,1.68424479878194,0.0921343686994578,0.232152390608571,"TM9SF1"
"ENSG00000100934.15",3495.37077600578,0.0696286813224779,0.0901339557445983,0.772502224575345,0.439817029847938,0.62523947819535,"SEC23A"
"ENSG00000100938.18",2903.53798877352,0.0446461119713198,0.0613658456500544,0.72754007540154,0.466895174737225,0.648531898807315,"GMPR2"
"ENSG00000100941.9",4225.34160814537,-0.231966089110044,0.0853104621323028,-2.71908138008093,0.00654634998242997,0.0402788873650282,"PNN"
"ENSG00000100949.14",1394.08850006581,0.0894026788770849,0.0678821575324203,1.31702765685352,0.187829354228146,0.366025864490558,"RABGGTA"
"ENSG00000100968.14",1744.95391245546,0.0849586436960059,0.107174659504658,0.792712046753119,0.42794560996925,0.615127933369581,"NFATC4"
"ENSG00000100979.15",6379.476155899,0.345682628922065,0.124114975069617,2.78518066597661,0.00534979060396664,0.0350611375153271,"PLTP"
"ENSG00000100982.12",2192.80856967276,0.00486783863455453,0.0610799563163905,0.0796961708574155,0.936478904981094,0.966749654859707,"PCIF1"
"ENSG00000100983.12",2557.09332613196,0.126853696843037,0.0689771703431047,1.83906785697419,0.0659052060221822,0.186603490344625,"GSS"
"ENSG00000100985.7",2787.31546913891,0.319038064443314,0.174742218625031,1.82576407094795,0.0678858074706773,0.190227306942796,"MMP9"
"ENSG00000100987.15",19.8736442141836,-0.00480144612223521,0.255023490553235,-0.0188274660966298,0.984978742927246,0.992881715159162,"VSX1"
"ENSG00000100991.12",5481.52915312363,0.0732088199497625,0.0432228888265154,1.69375120306285,0.090312570187678,0.229157564153522,"TRPC4AP"
"ENSG00000100994.12",11109.6631620532,0.417423860862094,0.0982056276426365,4.25050855925559,2.1328568457396e-05,0.000698222251378648,"PYGB"
"ENSG00000100997.20",3748.93779360368,0.0840000648455123,0.0713286528817784,1.17764827249346,0.238936856790972,0.426446058386503,"ABHD12"
"ENSG00000101000.6",851.730890218389,0.573654957890113,0.119210390306224,4.81212213479484,1.49336040846701e-06,0.000100037118871413,"PROCR"
"ENSG00000101003.10",709.394528481535,-0.0697960954599188,0.140576624786225,-0.496498586205619,0.619542684593548,0.768610619994522,"GINS1"
"ENSG00000101004.15",937.050683561195,-0.32684075265914,0.102256200659057,-3.1962927485336,0.00139205793172008,0.0138221845275147,"NINL"
"ENSG00000101017.14",1688.3869246925,0.0996513282679801,0.113479329105456,0.878145201011669,0.379864925890646,0.571376297898133,"CD40"
"ENSG00000101019.22",1531.25410679851,0.0162078295291149,0.0486542456783798,0.333122614545375,0.739041729420726,0.851019251181601,"UQCC1"
"ENSG00000101040.19",3049.8901805652,-0.0199848057888257,0.0701901000231116,-0.28472399643604,0.775855604756186,0.875118823208708,"ZMYND8"
"ENSG00000101049.17",137.605600595938,0.26295503239897,0.187182419130352,1.40480625061187,0.16007889988739,0.330881406466188,"SGK2"
"ENSG00000101052.13",1344.32912657282,-0.108323570094525,0.0697442893296728,-1.55315325649807,0.12038652546328,0.275365653594754,"IFT52"
"ENSG00000101057.16",2402.30366904814,0.309451286601336,0.181864126356709,1.7015521026636,0.0888393628113368,0.226802308571263,"MYBL2"
"ENSG00000101074.5",5.62976600636584,-0.227484176105875,0.262973182916549,-0.865047049980243,0.38701296525303,0.578261495923576,"R3HDML"
"ENSG00000101076.17",207.536939040971,1.15733138743016,0.309249976938882,3.74238148337483,0.000182284510366651,0.00336594464982635,"HNF4A"
"ENSG00000101079.21",2147.24463907284,0.0451448946519883,0.0539399592628122,0.836947140282927,0.402622281132744,0.592385699388034,"NDRG3"
"ENSG00000101082.14",212.996879910422,-0.0218016712480217,0.115036895083603,-0.189518947222778,0.849686106444551,0.918908544481352,"SLA2"
"ENSG00000101084.18",73.2544999227379,0.237139460566941,0.126404551629351,1.87603577173622,0.0606503680723238,0.177016981172252,"RAB5IF"
"ENSG00000101096.20",1128.04115553714,-0.223867221398755,0.102354346508779,-2.18717845440549,0.0287294991060052,0.107567612880818,"NFATC2"
"ENSG00000101098.13",58.0804195042124,0.323705201795392,0.270914324454438,1.19486189018341,0.232140994690695,0.418802455630542,"RIMS4"
"ENSG00000101104.13",1472.15329967238,-0.281828215996123,0.142226751746348,-1.98154153515891,0.0475305762548001,0.150726471875539,"PABPC1L"
"ENSG00000101109.12",2470.36416837033,-0.133006951485544,0.0604686543422151,-2.1996016437344,0.0278351704671683,0.105343394965848,"STK4"
"ENSG00000101115.13",196.725295843894,-0.255164194386583,0.163547116645989,-1.56018766713513,0.118715539198842,0.272964785356962,"SALL4"
"ENSG00000101126.18",5292.47660304149,-0.0594743933449081,0.0530883966789777,-1.12028987623315,0.262590254773969,0.454058978942708,"ADNP"
"ENSG00000101132.10",963.11995701645,0.147749834969977,0.0936269702052256,1.57806916795573,0.114549720442749,0.26680452236606,"PFDN4"
"ENSG00000101134.12",154.498622815779,-0.00555291780223137,0.17659372662376,-0.0314445926726609,0.974914978908166,0.987568701875744,"DOK5"
"ENSG00000101138.12",1541.40293602781,0.0122298650920994,0.0479582073966518,0.255010888771318,0.798714689185914,0.888846079054271,"CSTF1"
"ENSG00000101144.13",241.407652399811,-0.017781097588498,0.197563790947334,-0.0900018039906819,0.928285781271145,0.962276006970147,"BMP7"
"ENSG00000101146.13",1559.40582444358,0.0227034282200898,0.0723518647328431,0.31379188779614,0.753679106033422,0.860561028780119,"RAE1"
"ENSG00000101150.18",7099.67463931716,0.196871893115023,0.0653785062424188,3.0112632488885,0.00260163194293058,0.021431158210944,"TPD52L2"
"ENSG00000101152.11",5582.04332679889,-0.0807269800377158,0.0685109612456321,-1.1783075083166,0.23867403557346,0.426159748275619,"DNAJC5"
"ENSG00000101158.15",3889.63689335002,-0.1158137023999,0.0705565671122433,-1.64143051653378,0.100708079544902,0.245403996709268,"NELFCD"
"ENSG00000101160.14",17369.4292530831,0.0445697794361123,0.0848632776379348,0.525195121808366,0.599447555735362,0.753906296203438,"CTSZ"
"ENSG00000101161.8",6466.77594495103,-0.0771511568742967,0.0699589436083867,-1.10280620167981,0.27011133435214,0.461993281986754,"PRPF6"
"ENSG00000101162.4",37.2562126625186,-0.394190978493815,0.179218048524523,-2.19950491448341,0.0278420400761227,0.105343394965848,"TUBB1"
"ENSG00000101166.16",4666.29589744952,0.00272176872157751,0.0830140369365054,0.0327868493331953,0.97384456528753,0.98694529201176,"PRELID3B"
"ENSG00000101180.16",2.72440007580665,-1.43944020511962,0.479010064635426,-3.0050312329349,0.00265553579317705,0.021717207851202,"HRH3"
"ENSG00000101181.17",1383.93646466155,-0.155802715327028,0.0732112314258187,-2.12812586665606,0.0333266492035423,0.118769442510547,"MTG2"
"ENSG00000101182.15",7818.24417687749,0.0198457088638078,0.0802561131957126,0.24727971581943,0.804691755853818,0.892451821873371,"PSMA7"
"ENSG00000101187.16",532.111634343244,0.784910946090706,0.173910871177308,4.5132943143644,6.3828349686304e-06,0.000286393159852577,"SLCO4A1"
"ENSG00000101188.5",22.4600619176393,2.25416113321792,0.261632461185953,8.61575479969131,6.94823155139546e-18,2.1029770276419e-14,"NTSR1"
"ENSG00000101189.7",1117.62040813873,0.0805467250560164,0.0843001520940118,0.95547544168355,0.339337318806158,0.532753097550706,"MRGBP"
"ENSG00000101190.13",573.504638031964,-0.0246310711051351,0.0720884348088756,-0.341678539289113,0.732592824315792,0.847000031252454,"TCFL5"
"ENSG00000101191.17",3575.16877110117,-0.177885872044605,0.0563532347116201,-3.15662220553818,0.00159607991050905,0.0152484106393691,"DIDO1"
"ENSG00000101193.8",3843.69947643872,-0.157188132933667,0.0643333849894486,-2.44333689202655,0.0145521459103892,0.0688775367919516,"GID8"
"ENSG00000101194.18",1057.74555690568,0.0770316458632749,0.157462548911408,0.489206140735183,0.624695762505306,0.772987289864311,"SLC17A9"
"ENSG00000101197.13",82.2562016479777,-0.398311339543764,0.172008924070267,-2.31564345685373,0.0205777440261854,0.0867977742130738,"BIRC7"
"ENSG00000101198.15",50.5483248547464,-0.337200922804416,0.219531830857954,-1.53600013941759,0.124538346152649,0.281629075524774,"NKAIN4"
"ENSG00000101199.13",4424.63439137441,-0.0444105684481404,0.0796135995941811,-0.557826409991721,0.576962926643281,0.736506526465041,"ARFGAP1"
"ENSG00000101203.16",2.90395806397897,-0.375391064850278,0.249045010621178,-1.50732216603723,0.13172809859426,0.292105983103991,"COL20A1"
"ENSG00000101204.18",3.62375300668117,-0.651399575724158,0.299544407726559,-2.17463440785979,0.029657523758469,0.109831806283727,"CHRNA4"
"ENSG00000101210.13",3128.66489430742,0.239581150627282,0.288460080023686,0.830552188044909,0.406226654177739,0.595845625056809,"EEF1A2"
"ENSG00000101213.7",1194.10143656402,0.143168079697846,0.146389228871012,0.977995996030527,0.328076304396996,0.521715915279383,"PTK6"
"ENSG00000101216.11",1135.87992518313,-0.0194787506497912,0.0637623398391924,-0.305489897311113,0.759993063244361,0.864627154681333,"GMEB2"
"ENSG00000101220.18",1315.10727048357,0.100084324948405,0.0856934279367342,1.16793466381453,0.242833120491151,0.431423123939872,"C20orf27"
"ENSG00000101222.12",99.0022053656751,-0.707946670065708,0.191404632956516,-3.69869140119791,0.000216713896297007,0.00381863980103112,"SPEF1"
"ENSG00000101224.17",4897.62334932425,-0.116327429193109,0.0994857002653754,-1.16928793668647,0.2422876417808,0.430694775898776,"CDC25B"
"ENSG00000101230.6",432.808877930718,0.0690016835895991,0.150468428366535,0.458579147391064,0.646536413929076,0.787975869566231,"ISM1"
"ENSG00000101236.17",1831.26010679473,0.043694697327614,0.0800803850286839,0.545635455073837,0.58531654771009,0.743059915494139,"RNF24"
"ENSG00000101246.20",1965.71711728809,0.0665267861326924,0.0753769277035483,0.882588189244555,0.377458812177224,0.568991045631456,"ARFRP1"
"ENSG00000101247.18",449.559053568428,-0.0913263440185941,0.0760060507809935,-1.20156675791175,0.22953142726699,0.415789205506279,"NDUFAF5"
"ENSG00000101255.11",1703.93860125038,0.515105844305311,0.128083293680485,4.02164739447042,5.77925264987376e-05,0.00147012897847441,"TRIB3"
"ENSG00000101265.16",1891.09270916517,-0.205518127542104,0.110135040608921,-1.86605576577466,0.062033563817047,0.179621102814485,"RASSF2"
"ENSG00000101266.19",4468.21147276757,0.0178033601446376,0.0564819652576455,0.315204332275385,0.752606516425993,0.859808137786376,"CSNK2A1"
"ENSG00000101276.18",453.073883397895,0.308658074233679,0.13507879590709,2.28502239867448,0.0223115144216753,0.0913742737050318,"SLC52A3"
"ENSG00000101278.6",11.8260805126704,0.0531624709000615,0.138662893375861,0.383393636219309,0.701427921095701,0.825940432094475,"RPS10P5"
"ENSG00000101280.8",51.4942427787248,0.134931364064551,0.241704680799648,0.558248866418923,0.576674456396466,0.736388842035591,"ANGPT4"
"ENSG00000101282.9",143.094493474329,-0.0785011325930455,0.217627535104373,-0.360713236748267,0.718313828510626,0.838079371709434,"RSPO4"
"ENSG00000101290.14",3306.76098075424,-0.045858387813581,0.0588417714326565,-0.779350904927552,0.435773035768574,0.621522155671642,"CDS2"
"ENSG00000101292.8",1.3123869649399,0.645501519875685,0.280390421802414,2.30215253333639,0.0213265717296207,0.0886625935556975,"PROKR2"
"ENSG00000101294.18",9071.17137748685,0.082239717100257,0.0675617313699158,1.21725295419053,0.223507988027322,0.40818713359263,"HM13"
"ENSG00000101298.15",246.423093461155,0.170945697864638,0.111780819013286,1.52929366034006,0.126191660553994,0.284274914055356,"SNPH"
"ENSG00000101306.11",15.2225324452282,0.392824747505068,0.131783647681205,2.98083073596007,0.00287467634882879,0.022934853546898,"MYLK2"
"ENSG00000101307.16",402.785621453353,0.293704009877936,0.178660466671366,1.64392277345937,0.100192155382987,0.244623259859229,"SIRPB1"
"ENSG00000101310.17",4241.13068703116,-0.0236215468717032,0.0672608983694332,-0.351192854159646,0.725443670693076,0.842420513721123,"SEC23B"
"ENSG00000101311.16",1378.59823945641,0.493649924790816,0.155774160498931,3.1690103365648,0.00152958955192822,0.0147736074709446,"FERMT1"
"ENSG00000101331.17",111.340043641552,-0.285727022214356,0.155159545401818,-1.84150463624012,0.0655476418042825,0.186073075507035,"CCM2L"
"ENSG00000101333.17",454.811309669972,-0.358317303784736,0.169977696333154,-2.1080254145958,0.0350287911563167,0.122746399743948,"PLCB4"
"ENSG00000101335.10",9201.29411368516,0.0763570616980056,0.12893547050424,0.592211448094065,0.553709004334471,0.718811271984229,"MYL9"
"ENSG00000101336.17",1918.587479366,0.116457847379541,0.133129647591317,0.87477019196389,0.38169895912628,0.573073436130383,"HCK"
"ENSG00000101337.16",5031.78698129021,0.0499920514589253,0.0567822084143931,0.880417526104063,0.378633165550038,0.570193322808821,"TM9SF4"
"ENSG00000101342.10",41.6053156971984,-0.0810822046943148,0.137851849882931,-0.588183653416135,0.556409028254522,0.721135385303557,"TLDC2"
"ENSG00000101343.15",1589.91622609815,-0.00634937105309434,0.0539443929843522,-0.117702150340928,0.906303662900769,0.950245155482404,"CRNKL1"
"ENSG00000101346.14",3150.69463824367,0.0424604749467559,0.0619559985635807,0.685332751165038,0.493133969352877,0.670858057519117,"POFUT1"
"ENSG00000101347.10",6139.90573086453,-0.0215937688003196,0.0974817878872387,-0.22151592895791,0.824690735135531,0.904034396130099,"SAMHD1"
"ENSG00000101349.17",6.90795601911467,-0.70381048812435,0.285385099523611,-2.46617811966781,0.0136563406006413,0.0661035980833311,"PAK5"
"ENSG00000101350.8",3252.92228242602,-0.0755280209192404,0.061256243488222,-1.23298486192289,0.217581412088312,0.401326202363223,"KIF3B"
"ENSG00000101353.15",58.0633386767726,-0.127626182275885,0.0851862263636172,-1.49820208881085,0.134080753115561,0.295324575816581,"MROH8"
"ENSG00000101361.17",3924.11769108851,0.0488711766335726,0.0764642481230977,0.639137607877818,0.52273341633963,0.695231308407386,"NOP56"
"ENSG00000101363.12",2396.05746539942,0.0704722026106492,0.0671775468036617,1.04904400300024,0.294157866633266,0.486807542653216,"MANBAL"
"ENSG00000101365.21",2586.01753457518,0.104940574200736,0.0627104645520522,1.67341407770359,0.0942458083937533,0.235604039050663,"IDH3B"
"ENSG00000101367.9",6513.85404690482,0.108831389880355,0.0528200506691365,2.06041812723869,0.0393585854215101,0.133262014078952,"MAPRE1"
"ENSG00000101384.12",2926.12354094974,0.204822044688176,0.127629786676523,1.60481381362249,0.108534785065997,0.257875457428287,"JAG1"
"ENSG00000101391.21",1354.31758187,-0.0106407292758003,0.0569366256789359,-0.186887247864021,0.851749037775625,0.920183039058438,"CDK5RAP1"
"ENSG00000101400.6",1068.21536178994,0.0853182394106571,0.0979719995348943,0.870843096146768,0.383839830542955,0.575353630105201,"SNTA1"
"ENSG00000101405.3",7.10225986400696,-0.327581773995553,0.234807303796175,-1.39510896253854,0.162982983894472,0.334434051328115,"OXT"
"ENSG00000101407.13",1585.43413127196,0.0540454322855475,0.0602147361769755,0.897544948577108,0.369428199777989,0.562025820471969,"TTI1"
"ENSG00000101412.13",1002.28282751302,0.0494485592609768,0.124585390789565,0.39690495769684,0.691437548151538,0.819494159337103,"E2F1"
"ENSG00000101413.12",2076.57895146193,-0.0479938154144758,0.055228471528482,-0.869004954984584,0.384844420576061,0.57639233857748,"RPRD1B"
"ENSG00000101417.12",1894.06497682062,-0.325988539388245,0.125663352411683,-2.59414167402028,0.00948274026193396,0.0517689295312622,"PXMP4"
"ENSG00000101421.4",8917.04243559316,0.111093635572414,0.0642697020706507,1.72855376628774,0.0838889903560805,0.218559217800904,"CHMP4B"
"ENSG00000101425.14",7.4908070559464,-0.19011684619639,0.192705443593836,-0.986567076937891,0.323854916823374,0.517350498814864,"BPI"
"ENSG00000101439.9",14070.9959687164,0.128213168436753,0.0976231995389334,1.31334732975659,0.189065936845424,0.367564078261172,"CST3"
"ENSG00000101440.9",4.95168105669176,-0.0400871984686007,0.141033796441159,-0.284238242748613,0.776227810048848,0.875308511824996,"ASIP"
"ENSG00000101441.4",22.4421644052184,0.699082524269564,0.313387218356456,2.23073081262174,0.0256989653221491,0.100151092452392,"CST4"
"ENSG00000101442.10",554.591941560724,-0.0749480458335827,0.0636493478042758,-1.17751474946846,0.238990114015914,0.426518245292512,"ACTR5"
"ENSG00000101443.18",14469.7070429286,-0.085541854217736,0.163111477686563,-0.524437982114994,0.599973944583876,0.754281127474155,"WFDC2"
"ENSG00000101444.13",6241.32050926915,0.166659040542304,0.0942157284247211,1.76890890012558,0.0769090786863536,0.206295033572734,"AHCY"
"ENSG00000101445.10",894.741894296508,-0.285779946680374,0.125596557781811,-2.27538040633914,0.022883119731846,0.0927837906749909,"PPP1R16B"
"ENSG00000101447.15",694.084430292285,0.180219136456215,0.139106428718935,1.29554858187286,0.195131053549098,0.374735407014938,"FAM83D"
"ENSG00000101448.14",10.6787345626696,-1.14406656958483,0.271396155333433,-4.21548554429316,2.4924135790018e-05,0.000778290040701525,"EPPIN"
"ENSG00000101452.15",631.378935938662,-0.0719088618440887,0.0506521081216722,-1.41966177738062,0.155706170863171,0.32505176489513,"DHX35"
"ENSG00000101457.13",3063.99177631658,0.41908938865867,0.130969672935579,3.19989642842591,0.00137476980521313,0.0136963438178769,"DNTTIP1"
"ENSG00000101460.13",793.568946525273,-0.0875176693978694,0.114940716441818,-0.761415728969899,0.446408795608264,0.63109503321384,"MAP1LC3A"
"ENSG00000101463.6",152.966255809871,0.131617099188012,0.168452975570198,0.781328431525179,0.434609352210033,0.620490257419126,"SYNDIG1"
"ENSG00000101464.11",1428.57483015712,0.0507668089331164,0.0706450681791184,0.718617877250805,0.472376395304195,0.653037094112855,"PIGU"
"ENSG00000101470.10",351.301762621664,-0.91102750600319,0.254170633854865,-3.58431456925665,0.00033796456920499,0.00521885640192103,"TNNC2"
"ENSG00000101473.17",840.929572304674,-0.032811086213608,0.0679942173484659,-0.482557009891787,0.629410309968631,0.776009560284356,"ACOT8"
"ENSG00000101474.12",6534.25386271459,-0.0748205548167527,0.0710824266723093,-1.05258863996971,0.292529565894406,0.485043420355718,"APMAP"
"ENSG00000101489.20",105.017423512881,-0.202162056102929,0.174758273526327,-1.15680964353584,0.247350140999872,0.436686193886347,"CELF4"
"ENSG00000101493.11",1141.64789535461,-0.196735302992335,0.0889042152440796,-2.21289060875475,0.0269051883173735,0.103149980959272,"ZNF516"
"ENSG00000101542.10",27.6799701133847,-0.63165102006508,0.246830466497391,-2.55904803417675,0.0104959237691646,0.0554196920189079,"CDH20"
"ENSG00000101544.9",1410.87652904886,0.0591078319077904,0.0589825990380236,1.00212321721676,0.316284085862044,0.510325000998596,"ADNP2"
"ENSG00000101546.13",431.244100091452,0.0562007416024383,0.0661248115484634,0.849919119410243,0.395370054954151,0.586040480815126,"RBFA"
"ENSG00000101557.15",3661.05781974544,0.160803318904394,0.0576945873087615,2.78714739814032,0.00531742865316337,0.0349108957108594,"USP14"
"ENSG00000101558.14",9523.64808946148,0.0623887410378096,0.068686316351505,0.908313975065028,0.363712361057421,0.556457682858541,"VAPA"
"ENSG00000101574.15",558.579217700763,0.0101651244566829,0.0661012635421035,0.153781091494691,0.877782343278939,0.934719576356492,"METTL4"
"ENSG00000101577.10",5282.38482271785,-0.0949219152176179,0.106487964836081,-0.89138632110899,0.372721953569845,0.564868536061582,"LPIN2"
"ENSG00000101596.16",3058.15574152275,-0.119024831855067,0.0827932505307648,-1.43761515693648,0.150543277940772,0.31791873651364,"SMCHD1"
"ENSG00000101605.13",131.686405464292,0.162922505355856,0.131789965137505,1.23622845780306,0.216373655440383,0.400029326442507,"MYOM1"
"ENSG00000101608.13",10291.5025731645,0.242871456516783,0.0714631546720397,3.3985549284995,0.000677428582801816,0.00833467472550659,"MYL12A"
"ENSG00000101624.11",298.040594276817,0.0276837817683388,0.0724767336540318,0.381967845025792,0.702485215486571,0.826688355985805,"CEP76"
"ENSG00000101638.14",11.3805216944236,-0.0757702200770035,0.187716453461483,-0.403641868785629,0.686476092474117,0.81655708904005,"ST8SIA5"
"ENSG00000101639.18",1360.13808785528,-0.184703912021426,0.0911599541432973,-2.0261518750995,0.042749223527446,0.140609553339188,"CEP192"
"ENSG00000101654.18",2046.88809528293,-0.0348782008661843,0.0546794564666527,-0.637866634381332,0.523560498921029,0.695816521918399,"RNMT"
"ENSG00000101665.9",1673.64399629037,-0.0937793613012852,0.0842344798806383,-1.11331323508108,0.265573924164284,0.457246310167556,"SMAD7"
"ENSG00000101670.12",541.653325907796,-0.0554466858794463,0.145442286322722,-0.381228095908887,0.703034002943031,0.827041838096969,"LIPG"
"ENSG00000101680.15",164.864304804194,-0.054989646859346,0.161040831777647,-0.341464001721448,0.732754300560929,0.847157305572629,"LAMA1"
"ENSG00000101695.9",430.896861601865,-0.159074250975635,0.102720525555522,-1.54861212124205,0.121474990341188,0.276935061768145,"RNF125"
"ENSG00000101745.17",2301.81942449007,-0.239075526297504,0.0832879823628673,-2.87046845793316,0.0040986408585967,0.0292635749743213,"ANKRD12"
"ENSG00000101746.15",25.4021748414221,0.150017341384162,0.262020194505799,0.572541141979961,0.566955421507147,0.728979034485133,"NOL4"
"ENSG00000101751.10",867.856638940123,-0.225544676366658,0.0726072479242377,-3.10636586311609,0.00189402216536311,0.0172848277039821,"POLI"
"ENSG00000101752.12",3045.21184010883,0.0063357195713918,0.0735338348279211,0.0861606032953161,0.931338748217043,0.963698014271027,"MIB1"
"ENSG00000101773.19",2084.1548708506,-0.0464147003373283,0.0811363798879329,-0.572057816745548,0.567282805929515,0.72922006940804,"RBBP8"
"ENSG00000101782.15",3723.98268099632,0.115219083832852,0.0604449551078006,1.90618197378698,0.0566266001508892,0.168961229505606,"RIOK3"
"ENSG00000101811.14",1031.26711173373,0.0118055415088524,0.0669469331330226,0.176341782309803,0.860025438781482,0.924970915907022,"CSTF2"
"ENSG00000101825.8",6524.55946274563,-0.0111789863991392,0.155514097447015,-0.0718840708505414,0.942694166871503,0.969971103523078,"MXRA5"
"ENSG00000101842.14",1452.11180671727,1.18360478831677,0.269386166287978,4.39371035501309,1.1143226157072e-05,0.000432579816786946,"VSIG1"
"ENSG00000101843.19",2221.14879612924,0.0429600750079855,0.0650357778932707,0.660560639076027,0.508894118343123,0.684068619843683,"PSMD10"
"ENSG00000101844.18",808.849162441331,0.0253376075426056,0.0561284200736037,0.451422069414733,0.651685380207438,0.791858095930667,"ATG4A"
"ENSG00000101846.8",2012.0731172957,0.049753852388218,0.104358585118575,0.476758594721138,0.633534032980091,0.778627803167565,"STS"
"ENSG00000101849.17",1917.2020384282,0.0577912849015829,0.088302494851936,0.654469446174609,0.512809405581329,0.687359070972795,"TBL1X"
"ENSG00000101850.13",166.471799704835,0.0579778142019532,0.149557296189307,0.387662893614805,0.698265519051774,0.823760813783732,"GPR143"
"ENSG00000101856.10",6297.17996679032,0.00851178062785317,0.0627195088889257,0.135711850724585,0.892049078878039,0.942835276683245,"PGRMC1"
"ENSG00000101868.13",870.924086754868,-0.0785588820206445,0.0688605088064771,-1.14084085903901,0.253936154039241,0.444424979047913,"POLA1"
"ENSG00000101871.16",1268.1378972809,0.0539447239101829,0.102221858305228,0.527722003929014,0.59769229866468,0.752615461179293,"MID1"
"ENSG00000101882.10",784.396956951815,-0.0273238394601086,0.0456879679785463,-0.598053287748299,0.54980437749959,0.715695853147242,"NKAP"
"ENSG00000101883.5",6.32399811154405,-0.286643739576886,0.203914066938097,-1.40570851183064,0.159810698376483,0.330532247067668,"RHOXF1"
"ENSG00000101888.12",1138.00027914012,-0.179912071692051,0.0937596099580401,-1.9188654024112,0.0550013701551158,0.165611749445318,"NXT2"
"ENSG00000101890.5",1.277087532767,-0.931636067595204,0.300446906159075,-3.10083428551578,0.00192976255016858,0.0174633282366846,"GUCY2F"
"ENSG00000101901.12",1404.54413149804,-0.165197959193486,0.0689393741238223,-2.39627877817361,0.0165624879717796,0.0752066164817865,"ALG13"
"ENSG00000101911.13",2408.7470528986,0.103004093304644,0.0736295815156216,1.39894986749028,0.161828017044208,0.332957005148566,"PRPS2"
"ENSG00000101916.12",454.956257937991,0.030669298205527,0.156962466888405,0.195392559848922,0.845085640742285,0.915838290179563,"TLR8"
"ENSG00000101928.13",962.321302242896,-0.140383378430051,0.0963415737572251,-1.45714225910206,0.14507711533573,0.310654257838464,"MOSPD1"
"ENSG00000101935.10",1007.79022669795,-0.0366446141584761,0.0707036738767211,-0.518284441942432,0.604259826286448,0.757469121448651,"AMMECR1"
"ENSG00000101938.15",1325.94791315648,-0.51927301972126,0.204798171063672,-2.5355354348346,0.0112275568856364,0.0579983012247469,"CHRDL1"
"ENSG00000101940.18",3586.50722138622,0.169831902626632,0.0731166298031255,2.32275342947182,0.0201924021877267,0.0857609180183264,"WDR13"
"ENSG00000101945.17",435.638547733407,0.203040413508805,0.0814425045061382,2.49305218129069,0.0126650231986729,0.0627185210997197,"SUV39H1"
"ENSG00000101951.17",1.97146000318294,-1.33521506316391,0.483495876310624,-2.76158521423686,0.00575215037946821,0.0368777859779771,"PAGE4"
"ENSG00000101955.15",512.364979991738,0.411134541096822,0.156361907076019,2.62937788867553,0.00855412469270022,0.0483094659703364,"SRPX"
"ENSG00000101966.13",4111.39222769086,-0.0830476213060128,0.0527846305041867,-1.5733295944816,0.115642520117894,0.268448363009696,"XIAP"
"ENSG00000101972.19",5191.53108250052,-0.101959567188623,0.0537798913955653,-1.89586785214354,0.057977520855196,0.171592037191419,"STAG2"
"ENSG00000101974.14",1160.76035834651,-0.155938225913251,0.0832404546921809,-1.87334663764035,0.0610205336348543,0.1778323377368,"ATP11C"
"ENSG00000101977.21",22.9087148358707,1.0506927383608,0.242609637797143,4.33079554423692,1.48571586588255e-05,0.000530160110641242,"MCF2"
"ENSG00000101986.12",1074.85750890252,0.272590719824536,0.0858033801359716,3.17692286006174,0.00148846621286018,0.0144899139253666,"ABCD1"
"ENSG00000101997.13",1032.56578711414,-0.00150032263476446,0.0673735852665177,-0.0222687070730978,0.98223361082766,0.991194944389103,"CCDC22"
"ENSG00000102001.13",85.4352025576954,-0.110036602949428,0.152825653249092,-0.720013954529466,0.471516403762694,0.652243461462164,"CACNA1F"
"ENSG00000102003.11",267.753810856423,-0.643825458526104,0.19727521490559,-3.26359020231822,0.00110010158932874,0.01175784340723,"SYP"
"ENSG00000102007.11",3533.69963894806,0.35133818521747,0.104012593788316,3.37784274404793,0.000730568464371995,0.00883823251611077,"PLP2"
"ENSG00000102010.15",70.4653668602039,0.316359274823198,0.184056143618116,1.71881942435775,0.0856472574677236,0.221457340202221,"BMX"
"ENSG00000102024.18",18028.0828330588,0.131771109281272,0.0968452101877174,1.36063630845405,0.173628651465327,0.348734235837062,"PLS3"
"ENSG00000102030.16",927.638204850035,0.0819824073360978,0.0923443889672403,0.887789807837502,0.374653826404622,0.566455487851457,"NAA10"
"ENSG00000102032.13",792.497105830714,0.030488177202572,0.116404919235607,0.26191485207651,0.793387088921018,0.885908114819139,"RENBP"
"ENSG00000102034.17",2095.48220184871,0.0600023906861225,0.0775311643794526,0.773913189184921,0.438982129474284,0.624333890238257,"ELF4"
"ENSG00000102038.16",3573.14301922224,0.0668871798499331,0.0946379747185637,0.706768927049036,0.479710087499075,0.659522131776788,"SMARCA1"
"ENSG00000102043.16",41.6065067938258,-0.199610114063875,0.112410154832114,-1.77573026531274,0.0757773864432478,0.204213738615432,"MTMR8"
"ENSG00000102048.16",296.494539237039,0.0913940656986635,0.124723434654649,0.732773804311333,0.463696400950312,0.645853837461353,"ASB9"
"ENSG00000102053.12",84.1066646484314,-0.0865619630409387,0.120504251621511,-0.718331194759994,0.4725531002053,0.653189004614094,"ZC3H12B"
"ENSG00000102054.18",4734.58324670089,0.134033697557394,0.0543575361204886,2.46577948750833,0.0136715470864796,0.0661323741509527,"RBBP7"
"ENSG00000102057.10",223.0557324749,0.172485832341089,0.10382981766376,1.66123601314281,0.0966660553655357,0.239510529231583,"KCND1"
"ENSG00000102078.16",367.431382921983,-0.155028842967606,0.0550311762570137,-2.81710938257199,0.00484580193012894,0.0327044969916446,"SLC25A14"
"ENSG00000102081.15",2661.73715822396,-0.173425723389552,0.056725813729495,-3.05726285772748,0.00223368305214402,0.0192562076527867,"FMR1"
"ENSG00000102096.9",3333.59395625111,-0.187621859388213,0.114706167291956,-1.63567368536225,0.10190789968182,0.247452388892629,"PIM2"
"ENSG00000102098.19",87.1866033204621,-0.0651474701031812,0.150753128177317,-0.432146721536379,0.665634779271101,0.802352596172077,"SCML2"
"ENSG00000102100.16",2739.29661199616,0.266704878119268,0.0939548659369066,2.83864891360036,0.00453049742973192,0.0312868390226229,"SLC35A2"
"ENSG00000102103.17",2183.71312952703,0.118825885177707,0.0826003461382824,1.4385640101166,0.150274089424309,0.317514454477599,"PQBP1"
"ENSG00000102104.9",28.7839920632022,0.0125701106001133,0.320636849478748,0.0392035744504982,0.968728083829637,0.984156486056208,"RS1"
"ENSG00000102109.9",463.727770170573,0.368059250675996,0.235201298411063,1.56486912768966,0.117613598813078,0.27130253899285,"PCSK1N"
"ENSG00000102119.11",2546.09368927116,0.037904544143555,0.071588678990979,0.529476792669012,0.59647473926069,0.751729321808159,"EMD"
"ENSG00000102125.16",1209.4910452971,-0.100504178155006,0.074587885541233,-1.34745981100973,0.17783218861145,0.353827471441605,"TAZ"
"ENSG00000102144.15",30179.9735934232,0.175966726612685,0.0939861309484806,1.87226269277052,0.0611702694390346,0.178143962599176,"PGK1"
"ENSG00000102145.15",11.1736076256175,-0.169327331924667,0.158512145983185,-1.06822938314537,0.285417053573828,0.477849263936916,"GATA1"
"ENSG00000102158.20",6749.88867001331,-0.119484967832709,0.0688885943356949,-1.73446662665895,0.0828353222817195,0.216759913913801,"MAGT1"
"ENSG00000102172.16",3690.06286089334,0.395413282939017,0.0813290515808581,4.86189467666291,1.16267484757153e-06,8.37473065342993e-05,"SMS"
"ENSG00000102174.9",153.474253854878,-0.0393146177520444,0.148235706469105,-0.265216921674929,0.790842359925769,0.884147347031711,"PHEX"
"ENSG00000102178.13",2889.65405327194,0.203608401144079,0.0805298521362748,2.52835930704961,0.0114597006197459,0.0587327297926722,"UBL4A"
"ENSG00000102181.21",3979.1414313142,-0.078770780923988,0.0896822432326236,-0.878331964998548,0.379763593829299,0.571327127399857,"CD99L2"
"ENSG00000102189.17",1568.66610111389,-0.245881881274824,0.0753254078074889,-3.26426219826424,0.00109749549150391,0.0117375256661226,"EEA1"
"ENSG00000102195.10",2.45719120574946,-1.35940792495948,0.470547885879913,-2.88898954974035,0.00386481917918872,0.028057441110495,"GPR50"
"ENSG00000102218.6",1142.60142785826,0.135205464931406,0.0725117954562367,1.86459960177109,0.0622375487319835,0.180021517993152,"RP2"
"ENSG00000102221.14",787.258503908884,-0.112912460424829,0.06504197414365,-1.73599374729085,0.0825649401548168,0.216312982531829,"JADE3"
"ENSG00000102225.16",4738.18013044104,0.165928131940219,0.0742414520961416,2.23497961388665,0.0254186871420271,0.0995630127546275,"CDK16"
"ENSG00000102226.10",3534.51369227769,0.0770595513612332,0.0711363656646247,1.08326522786578,0.278690714703477,0.471190554095486,"USP11"
"ENSG00000102230.14",68.078067314479,-0.404704346423214,0.197727741859004,-2.04677574637858,0.0406801080704096,0.136048502058076,"PCYT1B"
"ENSG00000102241.12",3514.81248105085,0.0420206902240903,0.0630792101006096,0.666157520949745,0.505310421460485,0.681022542269519,"HTATSF1"
"ENSG00000102243.13",156.881620274309,0.619782579333821,0.273696177729299,2.26449117585712,0.0235439218756407,0.0945648197618177,"VGLL1"
"ENSG00000102245.8",86.3693553665365,-0.469018625078874,0.144970995834183,-3.23525835205915,0.00121532709724092,0.0126010230608664,"CD40LG"
"ENSG00000102265.12",21423.8351734124,0.337955411873036,0.112153013810727,3.01334222229087,0.00258387359501845,0.0213726468568818,"TIMP1"
"ENSG00000102271.14",97.1127950191753,0.922180440033474,0.171308104461934,5.38316878194394,7.31858534985838e-08,1.09755703627403e-05,"KLHL4"
"ENSG00000102287.19",1296.27551118713,-0.572586889570332,0.183597026275969,-3.11871548894078,0.00181641263997057,0.0167646039351073,"GABRE"
"ENSG00000102290.22",5.72156686359653,-0.129978640757176,0.288981018521453,-0.449782623862981,0.652867188157729,0.792749331884792,"PCDH11X"
"ENSG00000102302.8",258.041431364957,0.288157274684782,0.132747371306434,2.1707192530359,0.0299524009214028,0.110530401671055,"FGD1"
"ENSG00000102309.15",738.615014765757,0.0252968883854482,0.0615005483950832,0.411327850654916,0.680832150390267,0.81268239069894,"PIN4"
"ENSG00000102312.23",521.96914842252,0.164107271840197,0.083815339990064,1.95796225201319,0.0502344422337755,0.156161189438053,"PORCN"
"ENSG00000102313.9",9.05215213838968,-0.436029005506999,0.275422692122054,-1.58312665578685,0.113392599182334,0.265129559981561,"ITIH6"
"ENSG00000102316.17",8642.43502647359,0.106479007269947,0.080211356688359,1.32748044249699,0.184349805255122,0.361948343831974,"MAGED2"
"ENSG00000102317.18",11411.9819026269,0.0470087470260995,0.0725210267138805,0.648208514912021,0.516850095345968,0.690739375274983,"RBM3"
"ENSG00000102349.18",561.489010455228,-0.0763525556116083,0.119762730856717,-0.637531852066361,0.523778469260646,0.695967296339986,"KLF8"
"ENSG00000102359.8",1717.88094429161,0.313125837178486,0.150276253240776,2.08366811406182,0.0371903665367639,0.128122813856424,"SRPX2"
"ENSG00000102362.15",247.989930172641,-0.0124996270350194,0.108074957978818,-0.115657014990182,0.907924374621317,0.951071456155899,"SYTL4"
"ENSG00000102383.14",142.251517680619,-0.187583327716675,0.156729720698981,-1.19685868691716,0.231361639151497,0.417990180826502,"ZDHHC15"
"ENSG00000102384.13",247.745249307968,0.0720845537308612,0.138276420472435,0.521307634986334,0.602152483142095,0.755823504043499,"CENPI"
"ENSG00000102385.12",55.5586931201608,0.394018949393948,0.198630335780164,1.98367962197895,0.0472915666947627,0.150222128610699,"DRP2"
"ENSG00000102387.16",15.4873161696639,-0.335042329589389,0.219282771325072,-1.52790083582404,0.126537160667675,0.284841223131095,"TAF7L"
"ENSG00000102390.11",1095.40764621127,0.123286165908724,0.0603536347035765,2.04272976290884,0.0410791968252625,0.136971858981482,"PBDC1"
"ENSG00000102393.14",1497.5917860404,0.122694851574522,0.090075438563911,1.3621343790346,0.173155480401826,0.348014814912044,"GLA"
"ENSG00000102401.20",2661.52198784591,-0.125868452752528,0.054488537071547,-2.309998754183,0.0208882230963351,0.0875517271671466,"ARMCX3"
"ENSG00000102409.10",1315.44457217214,-0.127521394993319,0.112991445373338,-1.12859336007227,0.259069413015651,0.450127631141882,"BEX4"
"ENSG00000102445.20",268.777276635057,-0.444384889906093,0.115745951871928,-3.83931258691276,0.000123379267229353,0.00254187249001662,"RUBCNL"
"ENSG00000102452.18",169.634117549696,0.0345290614178945,0.139016390379406,0.248381225578202,0.803839458345082,0.892172611269142,"NALCN"
"ENSG00000102466.16",139.577047082659,-0.440008781000606,0.159077594126977,-2.76600097842433,0.0056748364539654,0.0365569502000298,"FGF14"
"ENSG00000102468.11",27.8605207545024,0.094090144322869,0.154702546343286,0.608200359637792,0.54305459612669,0.710950920132738,"HTR2A"
"ENSG00000102471.14",2135.92890453226,0.162852330367091,0.0799636919984726,2.03657843074832,0.0416923060870931,0.138232340857827,"NDFIP2"
"ENSG00000102524.11",933.656806616182,0.0177575221481104,0.116982063218438,0.151796964932582,0.879347076027623,0.935458275887897,"TNFSF13B"
"ENSG00000102531.16",4126.72225943035,-0.137385136406846,0.0741011754981522,-1.85402101226143,0.0637361539124836,0.182833687076367,"FNDC3A"
"ENSG00000102539.5",3.11476644885199,-0.390332736986891,0.220255494140414,-1.77218161349497,0.0763644147122346,0.205363526576287,"MLNR"
"ENSG00000102543.14",305.26502731459,-0.118083922972088,0.0517968183252744,-2.27975244020864,0.0226223751870976,0.0922438861428768,"CDADC1"
"ENSG00000102547.19",646.557855340182,-0.0748232954727351,0.104028025693502,-0.719260939289446,0.471980158150352,0.652695136253361,"CAB39L"
"ENSG00000102554.14",5300.54844826544,0.377383980288806,0.103414581582282,3.64923373971726,0.000263023701841202,0.00436750528947587,"KLF5"
"ENSG00000102572.15",3059.50767256085,0.138211382722683,0.0684194980259225,2.02005841478577,0.0433773286933268,0.142115766064657,"STK24"
"ENSG00000102575.13",5892.08956001778,0.0313435223154299,0.128833091182325,0.243287823243117,0.807782436708267,0.894134085615692,"ACP5"
"ENSG00000102580.15",6120.93679754073,-0.0253032096779282,0.0672954661579016,-0.376001700003934,0.706915632183779,0.830053683511835,"DNAJC3"
"ENSG00000102595.20",1087.80037305064,-0.0205546423800787,0.0772511461987245,-0.26607556510816,0.790181013103128,0.88378057813157,"UGGT2"
"ENSG00000102606.18",2377.62348901378,-0.036574594672126,0.0503532964054398,-0.72635948950851,0.467618418804255,0.649035728404973,"ARHGEF7"
"ENSG00000102678.7",136.87908953977,-0.455505358690575,0.220241077495739,-2.06821254177431,0.0386200414262788,0.13137837156578,"FGF9"
"ENSG00000102683.8",44.4853900885278,-0.141641667820685,0.236684570186251,-0.598440649127337,0.549545949537366,0.715405577631126,"SGCG"
"ENSG00000102699.6",4821.7841738409,0.010632846538953,0.0662494454338952,0.160497140305312,0.872489474132841,0.93172184862752,"PARP4"
"ENSG00000102710.20",1742.34794656248,-0.0746337958015803,0.0558918924893116,-1.33532418527164,0.181770266302424,0.358766746265509,"SUPT20H"
"ENSG00000102738.8",630.916655031274,-0.0467267614867614,0.0507552167161047,-0.920629730498913,0.357243774652948,0.550516954661358,"MRPS31"
"ENSG00000102743.15",607.141835227724,0.187855653367583,0.0842971937482254,2.22849237340759,0.025847699351235,0.100531244684658,"SLC25A15"
"ENSG00000102753.10",2460.92569253141,0.124054502197339,0.0640869867385684,1.93572062770556,0.0529019266519424,0.161654450946543,"KPNA3"
"ENSG00000102755.12",2817.35057325822,0.0221375593616566,0.093881947712158,0.235802088698994,0.813586247309707,0.898064356471866,"FLT1"
"ENSG00000102760.13",3466.6668086482,-0.0538022482010777,0.160947185396905,-0.334285113892476,0.738164422376406,0.850547107156423,"RGCC"
"ENSG00000102763.18",996.491278578106,0.0168672715401816,0.0657631260340027,0.256485245720534,0.79757617171284,0.888100846471554,"VWA8"
"ENSG00000102780.17",1182.87087986513,-0.0989108008832189,0.128750099268661,-0.768238637834548,0.44234542254379,0.627295061240805,"DGKH"
"ENSG00000102781.14",660.13121924603,0.0021632920637431,0.0820642085020944,0.0263609690902933,0.97896942547672,0.989520586629317,"KATNAL1"
"ENSG00000102786.15",1609.19497152572,-0.0709399867745371,0.0792518845910319,-0.895120502693568,0.370722675050844,0.563120267381501,"INTS6"
"ENSG00000102794.10",7.91722273770983,-0.297308588831332,0.231782437609549,-1.28270541934745,0.199595300547414,0.380264740550789,"ACOD1"
"ENSG00000102796.11",199.861164356922,-0.027656949569317,0.0708701533160688,-0.390248197234339,0.69635302503493,0.822718958792721,"DHRS12"
"ENSG00000102802.10",486.081832081262,0.249928242699849,0.167624855077005,1.49099751695555,0.135962146820904,0.29780182592818,"MEDAG"
"ENSG00000102804.15",11565.7462264715,0.123630272473183,0.0904816227693141,1.36635781597753,0.171826682343437,0.346117239548648,"TSC22D1"
"ENSG00000102805.16",438.969654574676,-0.138180992798324,0.0865976079980633,-1.59566754778509,0.110563037718809,0.260655375638884,"CLN5"
"ENSG00000102837.7",80.1574581656238,1.37226558257159,0.335609999139693,4.08886977768622,4.33480105143715e-05,0.00118390919938882,"OLFM4"
"ENSG00000102854.16",19317.3652026278,0.347637401864568,0.270592475785199,1.2847267864925,0.198887774385248,0.379481384182937,"MSLN"
"ENSG00000102858.13",5284.53891845532,-0.0191678965110394,0.0787985762503205,-0.243251812699616,0.807810331229996,0.894134085615692,"MGRN1"
"ENSG00000102870.6",1672.72628042121,-0.0264469910258191,0.0680675946152338,-0.388540114797889,0.6976163738676,0.823432671600866,"ZNF629"
"ENSG00000102871.16",1517.23411979014,0.158449982114618,0.079036824382953,2.00476149379293,0.0449885509160101,0.145644090397387,"TRADD"
"ENSG00000102878.17",741.920059614877,-0.218515851882348,0.157933646569963,-1.38359277220607,0.166483182712363,0.338590384975118,"HSF4"
"ENSG00000102879.16",3037.12062800389,-0.00371343599681554,0.107956179595576,-0.0343976232831392,0.972560078697162,0.986426281799379,"CORO1A"
"ENSG00000102882.12",3244.46647015854,0.168762787338262,0.0752889610679267,2.24153428264207,0.0249914874340588,0.098571447831077,"MAPK3"
"ENSG00000102886.15",189.833155597352,0.377307939325116,0.149584310437347,2.52237643254137,0.0116564895328389,0.0594029551533456,"GDPD3"
"ENSG00000102890.16",1925.54401263671,0.0751433133000644,0.109955396144491,0.683398140836302,0.494355294503509,0.671860669465866,"ELMO3"
"ENSG00000102893.16",4238.89062929217,-0.132121142376062,0.0668577225703774,-1.97615379789501,0.0481373608762739,0.151966352707547,"PHKB"
"ENSG00000102897.10",1200.72755715906,0.0221860228924641,0.0799768829034041,0.277405446262019,0.781468800158698,0.878831153306347,"LYRM1"
"ENSG00000102898.12",4145.19821411123,0.145016408011786,0.0723032563827076,2.00566911183365,0.0448915628271379,0.145400797860094,"NUTF2"
"ENSG00000102900.13",2151.16150768783,0.120945683947297,0.0563539178050975,2.14618057906095,0.0318585744128879,0.1152899476009,"NUP93"
"ENSG00000102901.13",875.312428394574,-0.141878687681609,0.0858519480273505,-1.65259718552233,0.0984128712702058,0.241956535677096,"CENPT"
"ENSG00000102904.15",73.0896775920376,-0.83673574013005,0.16728899537891,-5.00173808943525,5.68157435031587e-07,4.8131464337167e-05,"TSNAXIP1"
"ENSG00000102908.22",2284.0944525027,-0.425733586385847,0.116403191297751,-3.65740476390247,0.000254781877204832,0.00428607422629937,"NFAT5"
"ENSG00000102910.14",4206.30181881146,-0.029631475151619,0.0629768338884701,-0.470513890934806,0.637987912203669,0.781534018728264,"LONP2"
"ENSG00000102921.8",3288.77698092683,0.0198031423702988,0.0628832772111165,0.314919057157505,0.752823111750631,0.859908047466763,"N4BP1"
"ENSG00000102924.12",11.6373024452989,0.397100734543392,0.235355494519099,1.68723800289764,0.0915575967215227,0.231276712264769,"CBLN1"
"ENSG00000102931.8",18.5331331508064,0.410243722451279,0.134035093360882,3.06071874286475,0.00220806405014464,0.0191091958464948,"ARL2BP"
"ENSG00000102934.10",1570.63650819861,0.0985933684461553,0.148668410193572,0.663176315114846,0.507217638716987,0.682763791121362,"PLLP"
"ENSG00000102935.12",212.287015950542,0.0784237620671992,0.136131734487855,0.576087290463456,0.564556181635527,0.727362290746937,"ZNF423"
"ENSG00000102962.5",627.953592949465,0.27560615261375,0.164459905135989,1.67582580316981,0.0937723183698405,0.234769273235607,"CCL22"
"ENSG00000102967.12",627.069569672003,-0.0834849190134161,0.0622365798455189,-1.34141238513811,0.179786598640893,0.356149245233827,"DHODH"
"ENSG00000102970.11",150.885904545439,-0.125472904192888,0.206911994482319,-0.60640710804037,0.544244449587111,0.711714146671263,"CCL17"
"ENSG00000102974.16",2707.85313948542,0.00182325359055123,0.0400900923513368,0.0454789072215853,0.963725587098669,0.982043216554725,"CTCF"
"ENSG00000102977.17",768.594418461295,0.0783472726439031,0.0791897486882865,0.989361299179019,0.32248640235609,0.51615498262782,"ACD"
"ENSG00000102978.13",3739.92067637781,0.00279337505212996,0.0697191081377199,0.0400661328973408,0.968040402142617,0.983911774276751,"POLR2C"
"ENSG00000102981.10",267.39639802012,0.065357683319027,0.11466640077662,0.569981118063951,0.568690504808754,0.730286699706775,"PARD6A"
"ENSG00000102984.15",122.02385124868,-0.115197398124057,0.0644926523011984,-1.7862096535595,0.0740653186245297,0.201442419162361,"ZNF821"
"ENSG00000102996.5",4055.09813640613,0.0500525906907167,0.122312200049487,0.409219936118111,0.682378265257639,0.813755268472763,"MMP15"
"ENSG00000103005.12",3107.22259198496,0.182913901548826,0.0731419386192838,2.50080740272587,0.0123910544069261,0.0618215756585928,"USB1"
"ENSG00000103018.17",3747.05897921553,-0.0184398022440985,0.064842472636064,-0.284378455886376,0.776120367453803,0.875308511824996,"CYB5B"
"ENSG00000103021.9",545.028734390703,-0.350995087482634,0.125703005689351,-2.79225691985476,0.00523417782820877,0.0346100263027914,"CCDC113"
"ENSG00000103024.7",1607.16873026684,0.23733588301354,0.105056914601606,2.25911720245697,0.0238760953495703,0.0955646600713206,"NME3"
"ENSG00000103034.14",606.852631915271,0.0621940658718679,0.156838828810818,0.396547630095398,0.691701077773462,0.819572336918809,"NDRG4"
"ENSG00000103035.11",1350.25089790301,0.0967056262987518,0.0626974730485214,1.54241664929481,0.12297237826319,0.279157192793972,"PSMD7"
"ENSG00000103037.12",668.797205910106,-0.0447698550645113,0.06904461958969,-0.648419171987103,0.516713873496709,0.690643382884293,"SETD6"
"ENSG00000103042.9",1216.83418801164,0.118879690408533,0.0751509648595515,1.5818784313775,0.113677325645991,0.2656087587011,"SLC38A7"
"ENSG00000103043.15",2481.2578605756,0.101150056334813,0.0604027097884425,1.67459467777333,0.0940137842241509,0.235249975060102,"VAC14"
"ENSG00000103044.11",2269.00526794613,-0.55891573822131,0.191058524266631,-2.92536404940151,0.00344053470156486,0.0260331185952725,"HAS3"
"ENSG00000103047.8",632.590451034077,-0.043048449118376,0.060109291507483,-0.716169630996514,0.47388661265376,0.654323483038468,"TANGO6"
"ENSG00000103051.20",3020.06269272601,-0.00707971079048506,0.0544442826387653,-0.130035890774033,0.896538031023228,0.945109260555264,"COG4"
"ENSG00000103056.12",533.303528607888,0.178382811082294,0.168579273829388,1.05815387046232,0.289985297977496,0.482321905765317,"SMPD3"
"ENSG00000103061.13",211.958856490023,-0.0408464882713123,0.0554914697374517,-0.736085896887763,0.46167842496414,0.644015808298165,"SLC7A6OS"
"ENSG00000103064.15",454.396930645878,-0.238366500954869,0.0787470611657591,-3.02698916538763,0.00247002811561228,0.0207192355890853,"SLC7A6"
"ENSG00000103066.13",1150.21404717837,0.082334799416598,0.0743571916003654,1.1072876428565,0.268169585245745,0.459934227885811,"PLA2G15"
"ENSG00000103067.14",3255.45656788277,-0.152467061576771,0.0966748397968674,-1.57711212035245,0.114769728840304,0.267148750771184,"ESRP2"
"ENSG00000103089.9",1015.32056673444,0.336468937950157,0.173211183652797,1.94253587357622,0.0520722614698308,0.159944810509741,"FA2H"
"ENSG00000103091.15",1690.32000499504,-0.114343526639597,0.0579956691452657,-1.97158733272295,0.0486567344184262,0.153020764853123,"WDR59"
"ENSG00000103111.15",2236.01818938598,-0.0331925920707669,0.0575760033444658,-0.576500454055177,0.564276963046189,0.727143247046631,"MON1B"
"ENSG00000103121.9",569.370330023958,0.0325968408292899,0.0735742567397367,0.443046824714774,0.657731866221176,0.796228166027983,"CMC2"
"ENSG00000103126.15",2186.24551142851,0.1336327509039,0.0689369875585539,1.9384767979656,0.0525650788456141,0.161019587599152,"AXIN1"
"ENSG00000103145.11",1877.95223677648,0.321379467626012,0.09591770664613,3.35057497581422,0.000806439748464504,0.00944714938269836,"HCFC1R1"
"ENSG00000103148.17",2099.18595154888,0.130741984037038,0.0681858872308651,1.91743466788617,0.0551827334806084,0.166001360247365,"NPRL3"
"ENSG00000103150.7",697.801679902331,-0.0972416014352186,0.0702505709591798,-1.38421083426813,0.166293906869351,0.338432852949526,"MLYCD"
"ENSG00000103152.12",967.723641414951,0.221571791730964,0.0937068828155719,2.36451992717598,0.0180534560915336,0.079874247661851,"MPG"
"ENSG00000103154.9",34.8921404021907,-0.00126280090206456,0.227548962663689,-0.00554957881276281,0.995572099474634,0.997902568416176,"NECAB2"
"ENSG00000103160.12",1444.32219764676,-0.0726753761263512,0.0633864918528152,-1.14654359315396,0.251570300550898,0.441724066042986,"HSDL1"
"ENSG00000103168.17",1529.43767247484,-0.08053041164227,0.0813737132176148,-0.989636683125303,0.322351733235304,0.516088302697908,"TAF1C"
"ENSG00000103174.13",743.545666446271,0.208621805890858,0.0660819121108108,3.15701830087826,0.00159391342431334,0.0152357621692977,"NAGPA"
"ENSG00000103175.11",311.979452552908,0.132998889741533,0.151885479689562,0.87565243243376,0.381219012030987,0.572507761628745,"WFDC1"
"ENSG00000103184.12",37.1825092768282,0.0342171474922664,0.147682562820818,0.231693890183784,0.816775777200327,0.899801990348781,"SEC14L5"
"ENSG00000103187.8",7916.08328586003,0.255139362615851,0.103348041315834,2.46873921718689,0.0135589991349437,0.0657662817889979,"COTL1"
"ENSG00000103194.16",3101.88521013788,0.0951022214312459,0.0527811251656209,1.80182254798143,0.0715733290107718,0.196884313207934,"USP10"
"ENSG00000103196.12",2995.98892070733,0.0161691062332156,0.112200248796283,0.144109361669715,0.885414112345872,0.939091814027752,"CRISPLD2"
"ENSG00000103197.18",4287.23894187779,-0.00682490226008868,0.0664526302731826,-0.102703267455809,0.918198480306179,0.956764483266051,"TSC2"
"ENSG00000103199.14",589.302366256896,-0.0133981701823507,0.0533884402989436,-0.250956388823664,0.80184782702844,0.891052059588045,"ZNF500"
"ENSG00000103202.13",3841.65534072891,0.318589692252929,0.105241014118762,3.02723890415393,0.0024679881878113,0.0207080862405561,"NME4"
"ENSG00000103222.20",4478.50046076467,0.214203106580486,0.0877517849934015,2.44101138907423,0.0146461928596471,0.0691857828726836,"ABCC1"
"ENSG00000103226.19",296.359019475833,0.0414696491048083,0.117196477341886,0.353847231976376,0.723453374470681,0.841226412448982,"NOMO3"
"ENSG00000103227.19",693.147955410959,0.0138301233291663,0.0876831552248566,0.157728394851896,0.874670824702472,0.93310740088501,"LMF1"
"ENSG00000103241.7",597.344926328295,-0.100191539012031,0.15972918657466,-0.627258806988288,0.53048960075253,0.700716075939092,"FOXF1"
"ENSG00000103245.14",1004.93559664138,0.185477485094377,0.0695867673211323,2.66541315590113,0.00768937891363168,0.0448262112014602,"CIAO3"
"ENSG00000103248.19",698.620387994037,0.0278820711766174,0.0571294320693252,0.488050907678955,0.625513782737946,0.77351076658227,"MTHFSD"
"ENSG00000103249.18",2766.72817187909,0.086396389925445,0.0709117815907844,1.21836439569406,0.223085528862233,0.407725219998481,"CLCN7"
"ENSG00000103253.19",299.686047007332,0.427779989543057,0.134256003367377,3.18630064066843,0.00144104764804307,0.0141608026405838,"HAGHL"
"ENSG00000103254.10",480.019508651913,0.318533056524942,0.100069200207936,3.18312783416931,0.00145693275341678,0.0142739949064601,"ANTKMT"
"ENSG00000103257.9",6049.69846806382,0.432499503216738,0.16330130769484,2.64847544286018,0.00808557233380653,0.0464221069012465,"SLC7A5"
"ENSG00000103260.9",1007.37915942145,0.326070752953375,0.124521349909076,2.6185931423926,0.00882931839164421,0.0494207291884685,"METRN"
"ENSG00000103264.18",1149.07723996296,0.00433724197830914,0.0525371887806924,0.0825556539847274,0.934204863842867,0.965425898720431,"FBXO31"
"ENSG00000103266.11",1035.7847047079,0.269644033047284,0.0811201638605975,3.32400749967245,0.000887338096285055,0.0101171737121981,"STUB1"
"ENSG00000103269.14",212.662553719347,0.207938251889387,0.165216636866064,1.25857937695436,0.208182299871026,0.390106000428101,"RHBDL1"
"ENSG00000103274.11",440.244912212228,0.0374199676301308,0.0562023375580913,0.665808029629607,0.505533811844591,0.681130471183693,"NUBP1"
"ENSG00000103275.21",3075.63056348144,0.176803399561882,0.0515350927864083,3.43073796907012,0.000601941742982793,0.00764027695353646,"UBE2I"
"ENSG00000103310.11",3.90382435677195,-0.063529649241537,0.281633042518298,-0.225575978846336,0.821531225428936,0.902571773412664,"ZP2"
"ENSG00000103313.13",90.0780951438245,0.41741411608698,0.152702496311172,2.73351206542418,0.00626628274824634,0.0390900040354816,"MEFV"
"ENSG00000103316.12",1111.83968202772,-0.736359150910302,0.22060154015707,-3.33796015379589,0.000843958511377736,0.00979065815981544,"CRYM"
"ENSG00000103319.12",2350.89916216283,-0.115796026341478,0.0637321500175439,-1.81691699259482,0.0692298243663503,0.192763113040805,"EEF2K"
"ENSG00000103326.12",1964.59398561781,0.214897055039077,0.0800140603455049,2.68574115738084,0.00723691286957515,0.0430330900032785,"CAPN15"
"ENSG00000103335.22",4964.44456726841,0.212215124856349,0.0903887503548483,2.34780461089721,0.0188844247135857,0.0821131242141585,"PIEZO1"
"ENSG00000103342.13",8098.13741807076,-0.023878942327073,0.0495620085058115,-0.481799326681302,0.629948507744731,0.776428093748901,"GSPT1"
"ENSG00000103343.13",358.071729809845,0.0646094017493102,0.0480375375409741,1.34497738761486,0.178632537012957,0.354652069623685,"ZNF174"
"ENSG00000103351.13",801.687120764355,0.0234927688654741,0.0618125935415173,0.380064441879386,0.703897580030346,0.827706782465663,"CLUAP1"
"ENSG00000103353.16",3212.3926202891,0.0796188497037077,0.0619961519744108,1.28425470239783,0.199052850645998,0.37970930823109,"UBFD1"
"ENSG00000103355.13",3.91158348448925,0.484288253966743,0.262070011247823,1.84793464792422,0.0646117974800222,0.184392300145926,"PRSS33"
"ENSG00000103356.18",1408.96214086809,0.0851326293881113,0.0609405526627848,1.39697829553981,0.162420098052146,0.333635224314133,"EARS2"
"ENSG00000103363.15",5867.24179527097,0.293651651545778,0.0945668747673184,3.10522740936832,0.00190132782251619,0.0173189896566433,"ELOB"
"ENSG00000103365.15",5496.74870626927,-0.109275514472067,0.0629774767563906,-1.73515231317962,0.0827138304180801,0.216578179796236,"GGA2"
"ENSG00000103375.11",3.42524014341038,-0.0314436468338728,0.190013988148935,-0.165480695080337,0.868565643444635,0.929636698617404,"AQP8"
"ENSG00000103381.12",1253.05625694218,0.0327935615505082,0.0894496817054133,0.366614625399204,0.713906497256123,0.834700228732155,"CPPED1"
"ENSG00000103404.14",817.893334988542,-0.0789871872196428,0.0871052705395545,-0.906801468273664,0.364511793318052,0.557271026079712,"USP31"
"ENSG00000103415.12",2389.13495011041,0.217993954961309,0.0684393845045877,3.18521209007507,0.00144647955167231,0.0141974185477082,"HMOX2"
"ENSG00000103423.14",2713.71627325672,0.188742821556373,0.0590454960966981,3.1965659370068,0.00139074036012794,0.0138173437211995,"DNAJA3"
"ENSG00000103429.11",4065.64178592143,0.154003419717033,0.069111225428213,2.22834161545868,0.0258577432269173,0.10054966363821,"BFAR"
"ENSG00000103449.12",51.8435513751487,-0.0170080654181212,0.364948933280076,-0.0466039598068054,0.962828875992133,0.981489950043053,"SALL1"
"ENSG00000103460.17",1250.15874866541,-0.244671578498588,0.196854887356501,-1.24290324606212,0.213903489390657,0.396881620809067,"TOX3"
"ENSG00000103472.10",7.29076553419366,-0.475574879895199,0.155038653382271,-3.06746007863342,0.00215886295202638,0.0188203781780085,"RRN3P2"
"ENSG00000103479.16",3324.89505203688,-0.184193064848999,0.0678121973188879,-2.71622321841053,0.00660313813574919,0.0405265129613914,"RBL2"
"ENSG00000103485.19",2328.82629595642,0.289594220736141,0.164829884157688,1.75692789093448,0.0789301009381456,0.209923298492865,"QPRT"
"ENSG00000103489.12",887.614809045357,-0.103609958774506,0.128484437461402,-0.806400843725776,0.420011760606843,0.608108351636601,"XYLT1"
"ENSG00000103490.14",733.298932094387,0.211169564991451,0.11783448079956,1.7920863533201,0.0731191345390634,0.199854056267705,"PYCARD"
"ENSG00000103494.15",503.806949706367,-0.128780670399129,0.0752606228383429,-1.7111294796981,0.0870572132330208,0.223935393661977,"RPGRIP1L"
"ENSG00000103495.14",506.037796386796,0.0960134074227676,0.0701479847330874,1.36872652561721,0.171084775500741,0.34512393545481,"MAZ"
"ENSG00000103496.15",2210.27141009141,0.122094536001278,0.0619278677079375,1.97156047059616,0.0486598034872201,0.153020764853123,"STX4"
"ENSG00000103502.14",3701.56337465022,0.109010130866959,0.0599854179254213,1.81727717563773,0.0691746830042428,0.192680009029051,"CDIPT"
"ENSG00000103507.14",2860.36272294715,0.0773198419450344,0.0742361875471396,1.04153842620133,0.29762572882331,0.490318837632464,"BCKDK"
"ENSG00000103510.20",1842.61746853229,-0.0798886776112895,0.0522640895010172,-1.52855772240583,0.126374123584392,0.284556174990475,"KAT8"
"ENSG00000103512.15",2485.2944519831,0.179109245964345,0.0708127438365991,2.52933633496311,0.0114278458083993,0.0586145848866181,"NOMO1"
"ENSG00000103522.16",293.957055133836,-0.185818159165585,0.122657084835513,-1.51494028587727,0.129787527013075,0.289573524785304,"IL21R"
"ENSG00000103528.17",631.792448019389,0.0220473118663286,0.100067657910746,0.220324052012822,0.825618789560131,0.904545424536838,"SYT17"
"ENSG00000103534.17",5185.38180617129,-0.247293372335599,0.132613632593869,-1.86476584268632,0.0622142330575772,0.179987700832979,"TMC5"
"ENSG00000103540.16",1342.8894881252,-0.250844487684493,0.0854713203495144,-2.93483810310552,0.00333721759021248,0.0254830241355376,"CCP110"
"ENSG00000103544.15",2499.21152783713,0.104771410549209,0.0530491502279014,1.97498753701251,0.048269562361775,0.152196092405585,"VPS35L"
"ENSG00000103546.18",7.55037606000368,-0.431289507497979,0.345499495109195,-1.24830720045386,0.211918578319555,0.394481646268662,"SLC6A2"
"ENSG00000103549.22",3013.10318976841,0.104605355797009,0.0652864698726989,1.60225167635771,0.10909996689648,0.258597835532145,"RNF40"
"ENSG00000103550.14",655.94676512661,0.11610758827383,0.069360133239585,1.67398162100942,0.0941342114702555,0.23544514330097,"KNOP1"
"ENSG00000103569.10",734.414367590029,0.43483227942056,0.161729649255363,2.68863675536686,0.0071744441775315,0.0428410664212485,"AQP9"
"ENSG00000103591.13",2280.33068300614,0.0740014787100936,0.0611049195297316,1.211055988284,0.225873947575834,0.411289725259366,"AAGAB"
"ENSG00000103599.20",110.127955390607,-0.316476865393364,0.115022226635821,-2.75144095754102,0.00593337145982783,0.0377172061924269,"IQCH"
"ENSG00000103642.12",1056.40454859889,0.0869484639412155,0.0628374683608958,1.38370412127113,0.166449071124964,0.338583058896768,"LACTB"
"ENSG00000103647.13",191.572551356523,-0.222559601295811,0.16066405799291,-1.38524822587036,0.165976579002507,0.338014328647569,"CORO2B"
"ENSG00000103653.16",3146.58570345189,0.0754565423292587,0.0652011786698834,1.15728801025667,0.247154710406867,0.436480043155941,"CSK"
"ENSG00000103657.14",2667.19870315102,-0.291494055448867,0.0847181422465673,-3.44075126907871,0.000580101533772764,0.00743964574880456,"HERC1"
"ENSG00000103671.10",1174.62720374126,0.082436405816845,0.0475457407114902,1.73383366382013,0.0829476007412729,0.216917325542314,"TRIP4"
"ENSG00000103707.10",433.557183193736,0.00644032605100598,0.0529904546135712,0.121537474965474,0.9032653339637,0.948483211366831,"MTFMT"
"ENSG00000103710.11",649.81821590478,0.173407675090719,0.121619273968489,1.42582396220888,0.153919162304415,0.322584836364856,"RASL12"
"ENSG00000103723.16",92.8190404208302,-0.436021556093214,0.213889095568033,-2.0385403703506,0.0414959217086337,0.137862860138264,"AP3B2"
"ENSG00000103740.10",30.67191101476,-0.994043971951482,0.164672460554324,-6.03649188580354,1.57500667489257e-09,5.76227442057125e-07,"ACSBG1"
"ENSG00000103742.12",174.769174523816,0.0568487832499567,0.135387885414093,0.419895643366324,0.674561690532916,0.808546312028815,"IGDCC4"
"ENSG00000103769.10",6727.81206570431,0.0855866830919341,0.0593131219943401,1.44296371889008,0.149030691853343,0.315829333155528,"RAB11A"
"ENSG00000103811.18",26397.0208459815,-0.346471012721472,0.154763144694583,-2.23871783818567,0.0251742811221712,0.0989860373389578,"CTSH"
"ENSG00000103852.13",547.199445997935,0.068636649481116,0.0639659798675868,1.07301802650718,0.283263028160835,0.475746554570533,"TTC23"
"ENSG00000103855.18",4361.16269666826,0.20761516384658,0.076863785880113,2.70107907734865,0.00691149035161327,0.0418371360502292,"CD276"
"ENSG00000103876.13",1255.81711206199,0.210345652964242,0.0855690367976986,2.45819820855924,0.0139636083000178,0.0670128203398253,"FAH"
"ENSG00000103888.17",3075.03650810027,0.0191355142464917,0.182478250926527,0.104864629890586,0.916483225438447,0.95572379483064,"CEMIP"
"ENSG00000103932.12",1213.97932121703,0.092083756285051,0.0646925332741467,1.42340625145763,0.154618421300739,0.323600175665022,"RPAP1"
"ENSG00000103942.13",801.816639195518,-0.129549806278687,0.126919586090661,-1.02072351690579,0.307385449407585,0.50079685672262,"HOMER2"
"ENSG00000103966.11",2876.79729551887,0.19714949775478,0.0643533771752361,3.06354547979567,0.00218730954787357,0.0189888127189973,"EHD4"
"ENSG00000103978.16",4005.4581890693,-0.0412390883860335,0.0690431488439781,-0.597294432199559,0.550310821143565,0.715935218175637,"TMEM87A"
"ENSG00000103994.18",3516.75971477479,-0.191484652047711,0.0917433499203264,-2.08717745988133,0.0368720961836738,0.127527809915131,"ZNF106"
"ENSG00000103995.14",278.367346049336,0.02253346415563,0.0935050363127481,0.240986636059494,0.809565474220012,0.895317280906068,"CEP152"
"ENSG00000104043.15",263.554124813625,-0.310920683863535,0.130038358959666,-2.39099206073474,0.0168029162209458,0.0759358612384889,"ATP8B4"
"ENSG00000104044.16",52.3742239809111,-0.0818691597991924,0.239982708813545,-0.341146077581784,0.73299361465216,0.847282550676526,"OCA2"
"ENSG00000104047.15",773.677927182682,0.028267207923195,0.0735782230460051,0.384178996895872,0.700845784145366,0.825596934877456,"DTWD1"
"ENSG00000104055.16",23.1026399216201,0.614698622928079,0.267262786843493,2.29997834785746,0.0214494467560141,0.0889642993457053,"TGM5"
"ENSG00000104059.4",58.3895065276707,0.0329337022478991,0.207259377855368,0.158900902765815,0.873746949428729,0.932570037743426,"FAM189A1"
"ENSG00000104064.18",979.976951213601,0.0662695465032787,0.0524882231566725,1.26256029482023,0.20674724470312,0.388334895227136,"GABPB1"
"ENSG00000104067.17",5769.77291379256,0.0250930694039547,0.0715637748877898,0.350639264674062,0.72585899555221,0.842520780215449,"TJP1"
"ENSG00000104081.14",1650.03285323793,-0.16308083516662,0.0936353052148695,-1.74165967411961,0.0815680127483711,0.21484524117338,"BMF"
"ENSG00000104093.14",1485.21932398209,-0.18695647130751,0.103834596909654,-1.8005219538742,0.0717782602514179,0.197317613619887,"DMXL2"
"ENSG00000104112.9",75.1619386806855,-1.9395301590776,0.257073982225287,-7.54463809323922,4.53545218596082e-14,8.88228291924669e-11,"SCG3"
"ENSG00000104129.10",505.985451635127,0.0181222971448785,0.0613343711682814,0.295467236391107,0.767636977250053,0.869579376780742,"DNAJC17"
"ENSG00000104131.13",2696.52360630427,0.184488028188136,0.0586826191462788,3.14382743769941,0.00166753741335977,0.0157362026935903,"EIF3J"
"ENSG00000104133.15",2891.16230643514,-0.0847483683513571,0.0647511289363614,-1.30883228977597,0.190591166596711,0.369409775252041,"SPG11"
"ENSG00000104140.7",1281.67869357011,1.13044711997636,0.214758827992487,5.26379814298443,1.41109377260967e-07,1.84958838470448e-05,"RHOV"
"ENSG00000104142.11",1902.20627909562,0.256876011422877,0.0762236923894334,3.37002844352482,0.000751604250836103,0.00902095745747845,"VPS18"
"ENSG00000104147.9",39.1302887534335,0.324358159958412,0.136715022335957,2.37251294273535,0.0176675441349351,0.0786476195860935,"OIP5"
"ENSG00000104154.7",344.384768851944,-0.0373104093185956,0.111338797270338,-0.335106990854262,0.737544379518718,0.850274075532972,"SLC30A4"
"ENSG00000104164.12",2374.95264070182,-0.012196911812244,0.0530834321050231,-0.229768711791525,0.818271498655678,0.9009429527331,"BLOC1S6"
"ENSG00000104177.18",734.952464876634,-0.261166968553177,0.113696315899842,-2.29705744188972,0.0216154931155217,0.0894834587200461,"MYEF2"
"ENSG00000104205.16",430.0633417722,-0.141916259051884,0.0687196426446424,-2.06514838538597,0.0389089624648769,0.13212934387425,"SGK3"
"ENSG00000104213.13",748.140085619591,-0.194538404770775,0.12981438090103,-1.49858901163724,0.13398028511235,0.295244239043213,"PDGFRL"
"ENSG00000104218.16",1079.71570865244,-0.456837354798137,0.109175591122491,-4.1844275822201,2.85885563161918e-05,0.00086176098000029,"CSPP1"
"ENSG00000104219.13",2016.15794675605,-0.291107898448511,0.097606330796385,-2.9824694369035,0.00285933195766908,0.0228671003763336,"ZDHHC2"
"ENSG00000104221.13",293.622119926481,-0.0558272856735898,0.0930402286807884,-0.600033839825648,0.548483683204175,0.71482669608573,"BRF2"
"ENSG00000104228.13",756.903577322762,0.0042461799817347,0.0591126361537392,0.0718320186345827,0.942735591443272,0.969971103523078,"TRIM35"
"ENSG00000104231.11",1921.36677411675,-0.109388623535421,0.0927330858247923,-1.17960728430947,0.238156444436825,0.425806482177929,"ZFAND1"
"ENSG00000104237.11",265.358284502946,-0.57601885369959,0.222325210264141,-2.5908841062839,0.00957297240681083,0.052085793485856,"RP1"
"ENSG00000104267.10",1016.59775982169,0.149018881244469,0.161554304739297,0.92240736936687,0.356316127263212,0.549714218024751,"CA2"
"ENSG00000104290.11",655.34100509637,-0.368451653366475,0.12088772373651,-3.04788312640879,0.0023045954017295,0.0197278789238366,"FZD3"
"ENSG00000104299.15",846.212188621252,-0.00241790433659492,0.0533889075423756,-0.0452885149349757,0.963877341800765,0.982144239950722,"INTS9"
"ENSG00000104312.8",1452.67476193463,0.328396635250654,0.0900711619048911,3.64596867971369,0.000266386422075358,0.00440139114151607,"RIPK2"
"ENSG00000104313.20",99.8314271594073,-0.2043970844714,0.207795891628453,-0.983643530531729,0.325290813921116,0.518732588729766,"EYA1"
"ENSG00000104320.14",2989.81006318985,0.109355225046548,0.0704534186862166,1.5521635015838,0.120623106792378,0.275694723966744,"NBN"
"ENSG00000104321.11",55.9865191689767,0.538911062747245,0.238688752662601,2.25779831154853,0.0239582365453293,0.0957782864197466,"TRPA1"
"ENSG00000104324.16",1564.37487416573,-0.0629751248969856,0.100159980791465,-0.62874537713921,0.52951576553212,0.700098025569313,"CPQ"
"ENSG00000104325.7",2419.21742554802,0.182441127092546,0.0657895815384237,2.77310058562986,0.00555249552738591,0.0359858348439282,"DECR1"
"ENSG00000104327.7",37.551904159866,0.293115950504241,0.248557880112998,1.17926637598851,0.238292122733607,0.426003310002146,"CALB1"
"ENSG00000104331.9",5828.660753029,0.0401747970859713,0.0644369063088956,0.623474952279407,0.532972457151829,0.702514175318567,"BPNT2"
"ENSG00000104332.12",420.211435862758,0.116264696875754,0.236978757672798,0.490612314865298,0.623700674708185,0.772042926943026,"SFRP1"
"ENSG00000104341.17",15566.0809950043,-0.143023618853801,0.117134865243656,-1.22101663374345,0.222079721921998,0.40667181023866,"LAPTM4B"
"ENSG00000104343.21",2405.76679863465,-0.220349697339035,0.0791936906274936,-2.78241480594082,0.00539560291205964,0.0352780455128047,"UBE2W"
"ENSG00000104356.11",431.275722137577,0.217695631510977,0.0779918098912989,2.79126272123176,0.00525028370926023,0.0346773601152531,"POP1"
"ENSG00000104361.10",1481.87450383546,-0.0132054500858588,0.0812890439092909,-0.162450552384335,0.870951064435828,0.930988691589996,"NIPAL2"
"ENSG00000104365.16",3357.82171730401,-0.228446024305211,0.0820529472618306,-2.78412941799934,0.00536716139977138,0.0351265784318043,"IKBKB"
"ENSG00000104368.19",7791.33524726887,0.945550957433648,0.198463748183648,4.76435100156771,1.89462454824022e-06,0.000119751545965459,"PLAT"
"ENSG00000104369.5",589.52694303924,-0.358059531427686,0.13956233202519,-2.56558862432206,0.0103000904991391,0.05473854456167,"JPH1"
"ENSG00000104371.5",5.35325607303555,0.0404694348241764,0.378690255638752,0.106866850206946,0.914894612249063,0.954845966320002,"DKK4"
"ENSG00000104375.17",1640.13918334704,0.05235494865589,0.0664201856093941,0.788238517787056,0.430557202822053,0.616857774057777,"STK3"
"ENSG00000104381.14",550.290965456784,-0.46023026069112,0.115014403234041,-4.00150109682005,6.29419033873221e-05,0.00156616202501802,"GDAP1"
"ENSG00000104388.15",7798.31165465535,0.0330819863984157,0.0608981560492864,0.543234615702347,0.58696827591853,0.744045317819624,"RAB2A"
"ENSG00000104408.11",15560.652931289,0.0835417275834716,0.0830551764273489,1.00585816775127,0.31448380160785,0.508596130315066,"EIF3E"
"ENSG00000104412.8",2267.86967892027,0.0469761860770233,0.0578213981267593,0.812436011561663,0.416541489592278,0.605136615307226,"EMC2"
"ENSG00000104413.18",5211.57350758562,0.0420628106885363,0.0900454843447552,0.467128485060854,0.640407955484071,0.783522036977208,"ESRP1"
"ENSG00000104415.14",1029.39351875675,0.0011991109842379,0.1406094464495,0.00852795466105873,0.99319575911503,0.996818594242635,"CCN4"
"ENSG00000104419.17",27935.6574631257,0.219782554996912,0.113736298271014,1.93238709486753,0.053311745685229,0.162347469935461,"NDRG1"
"ENSG00000104427.12",606.6777714283,-0.0598884596742809,0.0882377077230524,-0.67871731054313,0.497316995760711,0.674201540787264,"ZC2HC1A"
"ENSG00000104432.14",179.922468546546,0.0425150618452655,0.118281536628917,0.3594395461622,0.719266295093928,0.838757714975907,"IL7"
"ENSG00000104435.14",37.5682650846747,-0.0134146716758116,0.23031770997172,-0.0582442039626858,0.953554110792769,0.975747473736171,"STMN2"
"ENSG00000104442.10",2212.11644460273,-0.0478102908694371,0.0737586842394385,-0.6481988034688,0.516856375720133,0.690739375274983,"ARMC1"
"ENSG00000104447.13",1013.81015784345,-0.0443718891975033,0.137648486962884,-0.322356534216521,0.747182608781397,0.856373953255269,"TRPS1"
"ENSG00000104450.13",951.073990274062,-0.0939342647600522,0.0973488603974592,-0.964924133436532,0.334582812643341,0.528177599873626,"SPAG1"
"ENSG00000104472.10",2006.456556074,0.0810453557923385,0.0709469909955304,1.14233675953141,0.253314067128141,0.4435927433672,"CHRAC1"
"ENSG00000104490.18",991.418315677807,-0.130124100498957,0.119299335287932,-1.09073617371714,0.275388988515489,0.467972843606613,"NCALD"
"ENSG00000104497.14",519.605618656968,-0.0680212617213681,0.0882353878845355,-0.77090681360613,0.440762168194301,0.626089891018553,"SNX16"
"ENSG00000104517.13",4947.74684176033,-0.106121074370948,0.0862838040931555,-1.22990722866572,0.218731846992625,0.402778726876409,"UBR5"
"ENSG00000104518.11",3948.98941391911,0.0019559900404208,0.0858044563581356,0.0227959027239421,0.981813076329433,0.99092074909012,"GSDMD"
"ENSG00000104522.16",4721.6481825361,0.277721579730275,0.102036495389189,2.72178673592213,0.00649300293678326,0.0400610291541222,"GFUS"
"ENSG00000104524.14",1055.92216180133,0.181044394199544,0.103927602291607,1.74202416112283,0.0815042165935058,0.214711179225161,"PYCR3"
"ENSG00000104529.17",3268.03439280773,0.0603593878686826,0.0737611338203405,0.818308840204376,0.413180859552525,0.602348498974154,"EEF1D"
"ENSG00000104537.17",31.0851759270098,0.514983449077837,0.259055068155199,1.98793041473836,0.0468193864184101,0.149302915111916,"ANXA13"
"ENSG00000104549.12",3412.62760574237,0.0313110889841956,0.112618964079737,0.278026789182917,0.780991794359445,0.878549797594574,"SQLE"
"ENSG00000104611.12",1901.66975331407,0.171088789675252,0.0959350355346984,1.78338173037286,0.0745241851664708,0.20211255268388,"SH2D4A"
"ENSG00000104613.12",2351.90656944074,-0.0366063162883266,0.0615128294662388,-0.595100511648842,0.551776286665566,0.717141158336848,"INTS10"
"ENSG00000104626.15",943.194323455447,0.139665444335455,0.0735877515934408,1.89794417292543,0.0577034365737935,0.171054482715954,"ERI1"
"ENSG00000104635.15",2443.55378087535,0.18557260483731,0.101227876031282,1.83321642330976,0.0667703924715781,0.18830890949227,"SLC39A14"
"ENSG00000104643.10",618.400984974435,-0.0364193686411601,0.0722570613137134,-0.504025045843487,0.614243776924772,0.765287705454548,"MTMR9"
"ENSG00000104660.19",2418.06390789094,0.0495392314461871,0.0587129335265951,0.843753300518487,0.398807276218516,0.588932829769042,"LEPROTL1"
"ENSG00000104671.8",668.279120199688,0.0569014374124226,0.0667049262524838,0.853032011414657,0.393641552472448,0.584467208066058,"DCTN6"
"ENSG00000104679.12",1250.74904320206,0.106610032909463,0.0678655801358739,1.5708998979456,0.116205902321766,0.269226972032568,"R3HCC1"
"ENSG00000104687.14",5609.52675941073,0.157823873310984,0.122299498756551,1.29047032012084,0.196887410373191,0.377025914733386,"GSR"
"ENSG00000104689.10",782.759905258242,0.167817708357621,0.0938969201197277,1.78725466334398,0.073896337947448,0.201147148988994,"TNFRSF10A"
"ENSG00000104691.16",401.031271991017,0.130735181897997,0.0830551613341463,1.57407655102884,0.115469752919397,0.268140788445663,"UBXN8"
"ENSG00000104695.13",4358.87766266422,0.0325238315985636,0.0689093799416811,0.471979745371225,0.636941245965978,0.780941478306891,"PPP2CB"
"ENSG00000104714.14",714.656304732089,0.00476185138630807,0.0648409424497569,0.0734389601137872,0.941456815593331,0.96931969821712,"ERICH1"
"ENSG00000104722.14",12.5032855695606,0.529748189604873,0.306504647926451,1.72835287552309,0.0839249786785615,0.218597583722841,"NEFM"
"ENSG00000104723.21",2518.43399928069,-0.052361497766216,0.142193742744069,-0.368240519981672,0.712693899192123,0.833995766107989,"TUSC3"
"ENSG00000104728.16",57.5004169219001,-0.199689909692607,0.155218798749255,-1.28650595998486,0.198266540145047,0.378686703060584,"ARHGEF10"
"ENSG00000104731.14",1365.87560985443,0.0278674222375909,0.0747319303444019,0.372898466681698,0.709224013257658,0.831553382210605,"KLHDC4"
"ENSG00000104738.18",4072.26895696598,0.165224885038205,0.120600313955912,1.37002035582267,0.170680547471325,0.344533743550036,"MCM4"
"ENSG00000104755.15",6.58685888772392,-0.941561051975575,0.472565486380373,-1.99244565909264,0.0463221818557438,0.148260373055497,"ADAM2"
"ENSG00000104756.16",1284.99951161825,0.11566662345904,0.0738828728847853,1.56554041475097,0.117456248825694,0.271014685158627,"KCTD9"
"ENSG00000104760.17",1580.91392102254,-1.07380377074505,0.341022765029828,-3.14877445396096,0.0016395668457809,0.0155471657637663,"FGL1"
"ENSG00000104763.20",17727.0913185974,-0.0451516241061634,0.0940279241942577,-0.480193777466384,0.631089611055995,0.776969657799332,"ASAH1"
"ENSG00000104765.16",6677.39066528852,-0.0362594254066106,0.0702721115191886,-0.515985995336281,0.605864190541036,0.759108704489037,"BNIP3L"
"ENSG00000104774.13",4235.45126380318,0.0688166269622134,0.0689776426486251,0.997665682962929,0.318441499138347,0.512217259194753,"MAN2B1"
"ENSG00000104783.14",2277.49147825183,0.436743338244291,0.1738022369663,2.51287524181277,0.0119751675391927,0.0604074625579305,"KCNN4"
"ENSG00000104804.8",12.6137936016414,-0.157158748294162,0.147376924340157,-1.0663728327742,0.286255137499465,0.478740759168618,"TULP2"
"ENSG00000104805.16",13591.4918112894,0.119441767644788,0.074910343229341,1.59446296059694,0.110832380369374,0.261123943078166,"NUCB1"
"ENSG00000104808.8",109.1788114851,-0.135732762829967,0.145019787219905,-0.935960295019221,0.349293631026836,0.542956058351687,"DHDH"
"ENSG00000104812.15",2460.16749165069,0.1990382524242,0.0631841564520082,3.15012913997484,0.00163198307150714,0.0155061679222852,"GYS1"
"ENSG00000104814.13",434.146061420217,-0.216198264832113,0.112555709701234,-1.92081117347122,0.054755517312916,0.165229351753731,"MAP4K1"
"ENSG00000104823.9",3303.94972817996,0.194864507126768,0.0867502895167517,2.24626924258436,0.0246867674096382,0.097696204166371,"ECH1"
"ENSG00000104824.17",6421.28923616832,0.0547068466220304,0.0386697343244672,1.41472000203053,0.157150607411824,0.32705196801517,"HNRNPL"
"ENSG00000104825.17",1152.67307187345,0.186804144244197,0.079969777606818,2.33593427210269,0.0194946674237718,0.0838656108721586,"NFKBIB"
"ENSG00000104826.15",10.4011781901469,0.421291100006386,0.172092108268043,2.44805589429007,0.0143629372333833,0.068273168091238,"LHB"
"ENSG00000104827.12",1.23796349946324,1.07657469723938,0.389687532509897,2.76266138232697,0.00573322112925789,0.0367847622001124,"CGB3"
"ENSG00000104833.12",65.6718126711563,0.0967870159771725,0.230035291140188,0.420748553395612,0.673938702471526,0.808003212985146,"TUBB4A"
"ENSG00000104835.15",76.7953085913793,-0.0301475852570313,0.08425991456691,-0.35779273468277,0.720498428030609,0.839576989409649,"SARS2"
"ENSG00000104848.1",6.77445093323905,0.617264214192845,0.243221927340561,2.5378641676848,0.0111531263344295,0.0577557900056314,"KCNA7"
"ENSG00000104852.15",6795.99049133254,0.0155964315191104,0.0728315270894754,0.21414395856275,0.830434796828685,0.907616756406789,"SNRNP70"
"ENSG00000104853.16",6071.05967325715,0.223702607035757,0.0664682395634942,3.36555636955096,0.000763894571011507,0.00910264961086174,"CLPTM1"
"ENSG00000104856.14",1320.19118437741,0.2938510705303,0.0870888756478478,3.37415161631567,0.000740435735939543,0.00892516172652335,"RELB"
"ENSG00000104859.15",1454.86301631771,-0.0251951392075203,0.0832689369948593,-0.302575487532352,0.762213397408987,0.866078077059422,"CLASRP"
"ENSG00000104863.12",139.475625663666,-0.0297456597078757,0.0939662575196105,-0.316556820427459,0.751579904199092,0.858989006196374,"LIN7B"
"ENSG00000104866.11",1878.16037579552,0.217817977628465,0.0770649002898226,2.82642262313069,0.00470711147553853,0.0320609374703568,"PPP1R37"
"ENSG00000104870.13",8202.77761659812,-0.0450559673558777,0.0965720925631621,-0.466552667132166,0.640819958261024,0.783813366508221,"FCGRT"
"ENSG00000104872.11",2280.26500189782,0.208033192038324,0.0660233680266517,3.15090244948345,0.00162766843383762,0.0154828471907874,"PIH1D1"
"ENSG00000104879.5",63.4988241606358,-0.498558318280167,0.231461219480457,-2.15396047510353,0.031243271675215,0.113817949872298,"CKM"
"ENSG00000104880.18",1643.08382539995,0.148586108722413,0.0698711659407705,2.12657262436939,0.0334556090926132,0.119114275855028,"ARHGEF18"
"ENSG00000104881.16",2019.45836565284,0.386857300577236,0.102533763358934,3.77297475391581,0.000161312616528711,0.00307684665026067,"PPP1R13L"
"ENSG00000104883.8",168.871169652426,0.120653217383516,0.0941817284075076,1.28106820105776,0.200169711874841,0.380727274762858,"PEX11G"
"ENSG00000104884.16",1109.96305830358,0.162379408837363,0.0722929526850926,2.246130539787,0.0246956477081315,0.0977032276137135,"ERCC2"
"ENSG00000104885.18",1417.3667093291,0.0419472106604344,0.0823030528799491,0.50966773640366,0.61028425999324,0.762094215069012,"DOT1L"
"ENSG00000104886.12",1623.76757772935,0.0853909292905423,0.0731558844158771,1.16724621638242,0.243110951737138,0.431774842758631,"PLEKHJ1"
"ENSG00000104888.10",23.814854113669,0.373456973729554,0.150166906750186,2.48694590447167,0.0128844989199777,0.0634953895302275,"SLC17A7"
"ENSG00000104889.7",4.32669010045966,-0.123681562317507,0.166629780805183,-0.742253645896048,0.457933671082071,0.640803030906834,"RNASEH2A"
"ENSG00000104892.17",169.612336718319,0.0915225606675243,0.167689984784012,0.545784298241824,0.585214217780224,0.742994201752545,"KLC3"
"ENSG00000104894.12",1538.31584736035,-0.0950126762768862,0.120332476409655,-0.789584650060959,0.429770375625113,0.616276987655458,"CD37"
"ENSG00000104897.10",2248.29746350476,0.108202797072493,0.081600713012013,1.32600308353388,0.184838676011136,0.362488133551817,"SF3A2"
"ENSG00000104899.8",51.7308774223176,0.0428353799946417,0.236991630749098,0.180746382727715,0.856566650174031,0.92305141557676,"AMH"
"ENSG00000104901.7",24.9793059073104,0.477710580602441,0.152726336671979,3.1278860674073,0.00176068417282732,0.0163738709960726,"DKKL1"
"ENSG00000104903.5",279.184415025024,0.0556355976615661,0.104683217633514,0.531466255234351,0.595095719339833,0.750687561182573,"LYL1"
"ENSG00000104904.12",17208.4780813496,0.146645053937553,0.0716070694255563,2.0479130777724,0.0405685172085994,0.135852710060944,"OAZ1"
"ENSG00000104907.12",1287.14660510437,0.0510141183383731,0.0771728033207292,0.661037517664857,0.508588253639619,0.683965415456814,"TRMT1"
"ENSG00000104915.15",1893.57376084123,0.0629611177900344,0.0779523920434633,0.80768679625546,0.419270906476634,0.607529282830424,"STX10"
"ENSG00000104918.8",149.292454615209,0.23431579375661,0.24844756110273,0.943119717966253,0.345619671139531,0.539234064916276,"RETN"
"ENSG00000104921.15",44.4553451616694,-0.368109189279721,0.202364430008854,-1.81904097110156,0.0689051796011159,0.192212831542518,"FCER2"
"ENSG00000104936.19",881.263082418663,0.0945221116736383,0.09533273095682,0.991496946798378,0.321442982485834,0.515302446836521,"DMPK"
"ENSG00000104938.18",10.205334301161,-0.172657584157132,0.277379188501243,-0.62246048483323,0.53363911923936,0.702870087306089,"CLEC4M"
"ENSG00000104941.8",2.18429895204766,-0.400548963115335,0.362385126458243,-1.10531292227715,0.269024020487434,0.46074993547782,"RSPH6A"
"ENSG00000104946.13",1748.10764246597,-0.0307058424353907,0.0685122076219264,-0.448180601694168,0.654022861326651,0.793498164139361,"TBC1D17"
"ENSG00000104951.16",781.985895176078,0.0868645079186099,0.151865827314486,0.571981922824083,0.567334221542278,0.72922006940804,"IL4I1"
"ENSG00000104953.20",251.961836628028,0.0182402439487635,0.122537931124328,0.148853859220593,0.881668950492036,0.936886410529199,"TLE6"
"ENSG00000104957.14",900.350868538834,-0.115735302566467,0.0662801624839293,-1.74615296989547,0.0807843745189415,0.213439741358552,"CCDC130"
"ENSG00000104960.15",1133.19029508108,-0.0133386222849923,0.0724580298319739,-0.18408756511768,0.853944761372076,0.921796676496697,"PTOV1"
"ENSG00000104964.15",7431.3977723733,0.0791826750554321,0.072519507110012,1.09188104292149,0.27488539113734,0.467570598637687,"TLE5"
"ENSG00000104967.8",264.952997412239,-0.123012428553041,0.146604330167248,-0.839077729919074,0.401425692220065,0.591540104062437,"NOVA2"
"ENSG00000104969.11",3156.97535277583,0.15217142670351,0.0636559696378441,2.39052876846043,0.0168241310225396,0.0760214161418854,"SGTA"
"ENSG00000104970.11",8.97395777029493,-0.204186766287073,0.199301272103359,-1.02451311089063,0.305592981387968,0.498804095178194,"KIR3DX1"
"ENSG00000104972.15",558.037452327134,-0.0422140597076335,0.115927289878615,-0.364142556526897,0.715751559603475,0.836182071509527,"LILRB1"
"ENSG00000104973.19",2129.10106721977,0.0940580494661064,0.0716466136717305,1.31280523455107,0.189248585728259,0.367812754854846,"MED25"
"ENSG00000104974.12",71.4756029107531,-0.0613456644868266,0.133000049433576,-0.46124542620914,0.64462253400162,0.786622366474212,"LILRA1"
"ENSG00000104976.12",828.011484321666,0.235729194581722,0.0811487487307271,2.90490239552471,0.00367367641059549,0.0271192258842473,"SNAPC2"
"ENSG00000104979.9",3131.15635774691,0.221892163711144,0.085541749270148,2.59396336413918,0.00948765961662139,0.051773914377344,"C19orf53"
"ENSG00000104980.8",1142.61699644277,0.117127905591113,0.064141899574028,1.82607478682374,0.0678389974784953,0.190146804432694,"TIMM44"
"ENSG00000104983.8",381.87195900246,0.0636021368119224,0.0722437389574835,0.880382684087728,0.37865203379785,0.570195945598254,"CCDC61"
"ENSG00000104998.4",1733.55426420024,-0.0536785111703383,0.107940108036158,-0.49729903135132,0.618978194734349,0.768212113450699,"IL27RA"
"ENSG00000105011.9",866.694718627895,0.258546504999683,0.128252236084057,2.0159220056813,0.0438081321278539,0.143055815400866,"ASF1B"
"ENSG00000105048.17",1067.27312071586,0.657494177197977,0.247909472905947,2.65215431056731,0.00799799800829904,0.0461565865297799,"TNNT1"
"ENSG00000105053.11",1483.06810844491,0.0395482757311756,0.0462569936292613,0.854968570766737,0.392568547363377,0.583261557925794,"VRK3"
"ENSG00000105058.12",3003.81433222987,0.169872108564072,0.053436385058023,3.17895958679876,0.00147804697108028,0.0144179952558382,"FAM32A"
"ENSG00000105063.19",4153.91438923349,0.18835678325528,0.0693559011065127,2.71580038973199,0.00661157672983029,0.0405265129613914,"PPP6R1"
"ENSG00000105072.9",195.811282997131,-0.103786258227006,0.0612505423988453,-1.69445451684625,0.0901789475651394,0.228958110370334,"C19orf44"
"ENSG00000105085.11",278.093529720027,0.0137828831053598,0.0564793943942848,0.24403383310276,0.807204616857772,0.893900011872405,"MED26"
"ENSG00000105088.8",667.419683972211,0.00233129295873077,0.127936207158554,0.0182223079025749,0.985461506457326,0.992898634504443,"OLFM2"
"ENSG00000105122.13",707.086978037072,-0.152007073599763,0.112890651174097,-1.34649833284549,0.17814185768521,0.354061063095559,"RASAL3"
"ENSG00000105127.9",1367.66458594937,-0.0683240121985746,0.0400257240685581,-1.70700252871243,0.0878215823885606,0.225101543033517,"AKAP8"
"ENSG00000105131.8",754.824929056147,0.0328353652651916,0.164021326792068,0.200189608920902,0.841332293567902,0.913591643373358,"EPHX3"
"ENSG00000105135.16",2481.91486856625,0.241002198706928,0.0828790620983469,2.90787796827318,0.00363890306125115,0.0269761744863582,"ILVBL"
"ENSG00000105136.21",342.718579983468,-0.132682811660258,0.068440831390401,-1.93864991065651,0.0525439817056116,0.161007527190513,"ZNF419"
"ENSG00000105137.13",682.035114588942,0.442327006404755,0.107840860759391,4.10166427910524,4.10189127185443e-05,0.00113898470486947,"SYDE1"
"ENSG00000105141.6",28.5210413324214,2.95060232503234,0.57824808737512,5.10265816602387,3.34915629819161e-07,3.38916293725512e-05,"CASP14"
"ENSG00000105143.12",3.80035578291112,-0.0442485487468727,0.27687283953299,-0.15981541859255,0.873026477916461,0.932159665478103,"SLC1A6"
"ENSG00000105146.13",41.8631714147765,-0.195616655381351,0.0986574831024305,-1.98278578806083,0.0473913621604076,0.150409973346659,"AURKC"
"ENSG00000105171.10",1372.24514779717,0.125814633992292,0.0688117655555933,1.8283884009726,0.0674912809176517,0.189507893553363,"POP4"
"ENSG00000105173.14",357.742182184281,0.48124034396069,0.154409057498392,3.11665877479824,0.00182913153353273,0.0168364047956608,"CCNE1"
"ENSG00000105176.18",3072.48031495812,0.114307653701825,0.0653736257061556,1.74852859187618,0.0803725391017561,0.212638504792972,"URI1"
"ENSG00000105185.12",2078.66116565713,0.161673787759862,0.0813708899717699,1.98687500918266,0.0469362496627693,0.149507133565115,"PDCD5"
"ENSG00000105186.16",1881.27855758853,0.0995704209104301,0.0637091786504966,1.56288972828649,0.118078534085437,0.27207340544719,"ANKRD27"
"ENSG00000105193.9",35298.6618631853,0.191735001747345,0.112150820390948,1.70961746939499,0.0873366330833251,0.224376767130422,"RPS16"
"ENSG00000105197.11",2639.7543113306,0.160467948778503,0.0790865184479275,2.02901773813901,0.0424564836403954,0.139936683589648,"TIMM50"
"ENSG00000105202.9",4714.60057910796,0.126406270449088,0.0811625337616461,1.55744608491785,0.119364611784634,0.273918253387497,"FBL"
"ENSG00000105204.14",1037.91711547777,0.0763350440650508,0.0821708245790627,0.928979895919179,0.352899505219115,0.546495444128199,"DYRK1B"
"ENSG00000105205.7",13.4950457296799,-0.223867430406693,0.268875410592203,-0.832606558976965,0.405066658648296,0.594606271911276,"CLC"
"ENSG00000105219.10",178.883470459675,0.245661673756304,0.213319876405769,1.15161173865025,0.249480655498912,0.439213127995626,"CCNP"
"ENSG00000105220.17",13010.5968482054,0.362022379526252,0.0860696338627433,4.20615684392913,2.59749998465566e-05,0.000803993058535374,"GPI"
"ENSG00000105221.18",4702.34652366336,0.13208199734218,0.0559011256487072,2.36277884943153,0.0181384899579114,0.0801041313534432,"AKT2"
"ENSG00000105223.20",19960.2249151504,0.0574465653403153,0.102916130523339,0.558188158145802,0.576715906263659,0.736388842035591,"PLD3"
"ENSG00000105227.16",1122.26818831619,-0.218588632703157,0.195663445316418,-1.11716643008951,0.263923171188913,0.455581175838258,"PRX"
"ENSG00000105229.7",877.438909843276,0.0775525411743085,0.0578532233793224,1.34050510316123,0.180081186352016,0.356616877065053,"PIAS4"
"ENSG00000105245.9",1058.43308753731,0.25248255588439,0.0878459827936745,2.87415027819087,0.00405116151553161,0.0290679569690935,"NUMBL"
"ENSG00000105246.6",121.055820635835,0.185106506777051,0.131084932580911,1.4121112406477,0.157917209512099,0.327940223071751,"EBI3"
"ENSG00000105248.16",629.301775675118,0.0844448912574253,0.0685144320698813,1.23251246060532,0.217757714874806,0.401495685957076,"YJU2"
"ENSG00000105251.11",6.36544243670555,-0.121787092906275,0.195590395365295,-0.622663974265293,0.533505361418992,0.702841761214785,"SHD"
"ENSG00000105254.12",2668.68267113932,0.149814215038381,0.0775108971620462,1.93281487537392,0.0532590071918867,0.162292203564057,"TBCB"
"ENSG00000105255.11",38.8971687386859,-0.622275379829357,0.197069702532803,-3.15764103680918,0.00159051277619864,0.0152195610382131,"FSD1"
"ENSG00000105258.9",157.39126380644,0.115808532839033,0.0937140340727397,1.23576510161908,0.216545890589047,0.40025884606824,"POLR2I"
"ENSG00000105261.7",7.32765858382302,-0.0253067981924081,0.154562059893005,-0.163732278218384,0.869941906099084,0.930447695957235,"OVOL3"
"ENSG00000105270.15",618.740495529906,0.164987024524095,0.105938065633517,1.55739132612495,0.119377604256365,0.273923690987316,"CLIP3"
"ENSG00000105278.12",27.3778889719729,-1.16754693826008,0.245083785497079,-4.76386855169572,1.89916247468724e-06,0.000119751545965459,"ZFR2"
"ENSG00000105281.12",6268.40158864578,0.108527098672141,0.0927539821047994,1.17005325495913,0.241979538271716,0.430307914094661,"SLC1A5"
"ENSG00000105287.13",2717.35516979513,0.0976437183242446,0.0610403839056895,1.59965767048761,0.10967454714994,0.259350429594642,"PRKD2"
"ENSG00000105289.15",1841.38302405919,0.0762038621014189,0.117777752589753,0.647014061873423,0.517622842635707,0.691319262411434,"TJP3"
"ENSG00000105290.13",532.108591774656,-0.214883206117124,0.187008815711862,-1.14905388443403,0.250533762303685,0.440415045587232,"APLP1"
"ENSG00000105298.14",602.119580986055,0.0713994027655025,0.0620990198543399,1.14976698397137,0.250239857036412,0.440107530919876,"CACTIN"
"ENSG00000105321.14",1221.92952494625,0.0650778241499007,0.0760737960934709,0.855456510543269,0.392298470556264,0.582993035764393,"CCDC9"
"ENSG00000105323.17",10369.2643018588,0.105834177053377,0.0584280648805153,1.81135858717564,0.0700853620896518,0.194170921199199,"HNRNPUL1"
"ENSG00000105325.15",2048.51465790118,0.107267048774422,0.0617585771530792,1.73687694437231,0.0824088937813729,0.216037773857682,"FZR1"
"ENSG00000105327.18",446.7170716741,0.18997182538442,0.0921120975848744,2.06239821223672,0.0391698393814435,0.13279851960554,"BBC3"
"ENSG00000105329.11",3739.61929633276,0.191500202362422,0.097089785915975,1.97240317872524,0.0485635992652976,0.152833718720064,"TGFB1"
"ENSG00000105339.11",2597.16039677657,-0.115846646799987,0.109759645028835,-1.05545755700607,0.291216111040586,0.483588108378185,"DENND3"
"ENSG00000105341.19",1870.08358795629,0.198774176647706,0.0625135068158357,3.1796996644788,0.00147427764745847,0.0143896586680841,"DMAC2"
"ENSG00000105352.10",80.6298652495566,-0.194605870489243,0.160857442710366,-1.20980333399707,0.226354366606696,0.411917344922387,"CEACAM4"
"ENSG00000105355.9",2854.79514007451,0.398744289171306,0.0907957323140204,4.39166334153498,1.12486781089905e-05,0.000434457355316266,"PLIN3"
"ENSG00000105357.19",8406.17716635864,-0.0561496114177744,0.123017005754731,-0.45643779958134,0.648075189387178,0.789100218712918,"MYH14"
"ENSG00000105364.14",1095.79782225431,0.0625839000765008,0.074674670780161,0.838087391918273,0.401981623438807,0.591835412777968,"MRPL4"
"ENSG00000105366.15",115.272339594392,-0.264745397427962,0.156522826176111,-1.6914171810959,0.0907571531464865,0.229983743712127,"SIGLEC8"
"ENSG00000105369.10",1341.49118541966,-0.336971064958081,0.179497991724434,-1.87729713140969,0.0604773811750435,0.17668247204815,"CD79A"
"ENSG00000105372.8",34003.0541387782,0.229735303486144,0.101785098229975,2.25706225647173,0.024004184895569,0.0958586816075625,"RPS19"
"ENSG00000105373.19",9797.80079801765,0.0840935974504986,0.0820536578881031,1.02486104355247,0.305428758298503,0.49868663201057,"NOP53"
"ENSG00000105374.10",654.478612602058,0.175661534917383,0.163792225578473,1.07246564540527,0.283510936564042,0.476016420950459,"NKG7"
"ENSG00000105376.5",484.632986198814,-0.506544925148238,0.166834350378567,-3.03621480827436,0.00239568622870473,0.020295058934419,"ICAM5"
"ENSG00000105379.10",697.143595437722,0.284939107061637,0.080065366776282,3.55883097192088,0.000372509160095019,0.00555661074957875,"ETFB"
"ENSG00000105383.15",306.693812941376,0.026110038450467,0.128275136173206,0.203547150518799,0.838707396155467,0.912155336040945,"CD33"
"ENSG00000105388.16",36248.3125794122,0.351946658007597,0.275867788428092,1.27578018446085,0.202033234198522,0.382959033601195,"CEACAM5"
"ENSG00000105393.16",822.825274011258,0.103912233730869,0.0651812814211433,1.59420360363094,0.110890439657897,0.261223760527161,"BABAM1"
"ENSG00000105397.14",3443.42742626235,-0.0807549634629543,0.0604476463600232,-1.33594884707308,0.181565993453685,0.358448566179646,"TYK2"
"ENSG00000105401.9",5871.35326612652,0.173651775759497,0.066630223941609,2.60620129254969,0.00915526401500919,0.0506191902221967,"CDC37"
"ENSG00000105402.8",1732.7917333782,-0.0119762190203672,0.0617571389764649,-0.193924446936107,0.846235041168379,0.916605499092912,"NAPA"
"ENSG00000105404.11",426.966848826219,0.293591718193353,0.0875275569633126,3.35427753703228,0.00079572508014491,0.0093413522895855,"RABAC1"
"ENSG00000105409.19",18.135223345117,-0.175808088383985,0.210204131304351,-0.836368378171573,0.402947696386966,0.592733515477897,"ATP1A3"
"ENSG00000105419.18",274.932082301916,0.306679194951632,0.115027054721759,2.66614837434083,0.00767258220599856,0.0447518008732148,"MEIS3"
"ENSG00000105426.17",1783.44749842408,0.101446783315839,0.10900067549396,0.930698666371658,0.352009459752704,0.54547602562298,"PTPRS"
"ENSG00000105427.10",110.242973734427,0.300635506795561,0.172340828878627,1.74442416664531,0.0810851540357615,0.21396318447439,"CNFN"
"ENSG00000105429.13",2454.02176674995,0.110939378733298,0.0875424916056422,1.26726320782659,0.205061191463955,0.386344985988878,"MEGF8"
"ENSG00000105438.9",10352.5824665451,0.212392945060224,0.0683325376366785,3.1082256331458,0.00188214313631483,0.0172007113470573,"KDELR1"
"ENSG00000105443.15",2860.67763723028,0.0501926893747585,0.0635444464234485,0.789883179409316,0.429595995583371,0.616170062078114,"CYTH2"
"ENSG00000105447.13",1746.99164220691,0.240561796082976,0.0611062816972609,3.93677686485314,8.25833295844029e-05,0.00191599079571674,"GRWD1"
"ENSG00000105464.3",335.941106999769,0.278159941819708,0.201468680516981,1.3806609598372,0.167383230359504,0.339818884588022,"GRIN2D"
"ENSG00000105467.9",20.826523342824,0.807449582464317,0.23351783506201,3.45776408148825,0.000544678126732716,0.00714993429781275,"SYNGR4"
"ENSG00000105472.13",509.928608636923,0.164006972899289,0.113561972136918,1.44420680455911,0.148680811403755,0.31540908971997,"CLEC11A"
"ENSG00000105479.16",263.34080564597,-0.578873701307243,0.182526482259065,-3.17145048840438,0.00151679721896401,0.0146884030863783,"CCDC114"
"ENSG00000105483.18",1421.50362068047,-0.148957755119864,0.0704595265701507,-2.11408963941248,0.034507611921558,0.12146985871267,"CARD8"
"ENSG00000105486.14",1203.54742398227,0.0652766258237826,0.0784113044925127,0.8324899865684,0.405132427933992,0.594616648979868,"LIG1"
"ENSG00000105492.16",102.587101574815,-0.338089182558698,0.164114784174484,-2.06007755035188,0.0393911276632134,0.133345075067754,"SIGLEC6"
"ENSG00000105497.8",348.835810278387,-0.157420156963199,0.0765309096736885,-2.05694872352106,0.0396911584821839,0.13393855051159,"ZNF175"
"ENSG00000105499.14",306.946444261272,0.157061695450984,0.113516216603043,1.38360579792944,0.166479192033811,0.338590384975118,"PLA2G4C"
"ENSG00000105501.12",5.62259572540551,0.251547079869507,0.177263902462067,1.4190541693808,0.155883224031155,0.325278607187042,"SIGLEC5"
"ENSG00000105509.11",50.434538970148,0.196458755322805,0.222376600233239,0.883450664848504,0.376992826988631,0.568520278522103,"HAS1"
"ENSG00000105514.8",1300.63004458811,0.0125079516815152,0.0824768682497715,0.151654057033741,0.879459795105837,0.935518402404583,"RAB3D"
"ENSG00000105516.11",508.45917035229,-0.11263934269528,0.0878016872011345,-1.28288357873178,0.199532866775094,0.380209510572612,"DBP"
"ENSG00000105518.14",899.019124974537,0.0382007761967127,0.0817612325800116,0.467223584959161,0.640339921331455,0.783522036977208,"TMEM205"
"ENSG00000105519.18",1661.73348605253,-0.583121215405194,0.172691484087491,-3.37666456737245,0.000733704663048171,0.00886329076446399,"CAPS"
"ENSG00000105520.10",1286.45352031092,0.0741786011492527,0.0758467776839406,0.978005966955652,0.328071372917428,0.521715915279383,"PLPPR2"
"ENSG00000105523.3",1466.14432076232,-0.0121730370087097,0.132104919472025,-0.0921467350145691,0.926581457203049,0.961587121806088,"FAM83E"
"ENSG00000105538.10",707.408301244227,-0.0368595273740067,0.146184198061087,-0.252144403176901,0.800929449668981,0.890326104187774,"RASIP1"
"ENSG00000105549.11",17.4556889599845,-0.284001039197616,0.304006845639449,-0.934192908058525,0.350204393332175,0.543838559037646,"THEG"
"ENSG00000105550.10",1.5348557457277,-0.868668015050493,0.469700512803493,-1.84940827478703,0.064398881490014,0.183989698914188,"FGF21"
"ENSG00000105552.15",1920.57380453744,-0.0333295074633308,0.085162136259699,-0.391365328855697,0.695527216237098,0.822278598422702,"BCAT2"
"ENSG00000105556.11",809.137882438084,0.0332998772164184,0.0652524404486291,0.510323858961784,0.609824590207249,0.761748774313208,"MIER2"
"ENSG00000105559.12",1027.36602370037,0.0655631997604144,0.107905967395248,0.607595681156943,0.543455665942456,0.71112956358221,"PLEKHA4"
"ENSG00000105568.18",10074.1224906373,0.152096446777815,0.0616808089743202,2.46586335858756,0.0136683464430785,0.0661323741509527,"PPP2R1A"
"ENSG00000105576.15",3159.30590362252,-0.0539643567443193,0.0539708330334659,-0.999880003906136,0.317368582430609,0.511158251408363,"TNPO2"
"ENSG00000105605.7",0.951371157679005,0.45008342648831,0.351693739711378,1.27975956256053,0.200629709533344,0.381231945636301,"CACNG7"
"ENSG00000105607.13",859.563863103068,0.00287418320087887,0.0641278016196111,0.0448196122163637,0.964251092512054,0.98230811857054,"GCDH"
"ENSG00000105609.17",361.355504296077,0.0595042908538224,0.146851666597151,0.405199969688166,0.685330527282576,0.815902350967953,"LILRB5"
"ENSG00000105612.9",3037.50825042601,0.0804376023455602,0.0638215896271287,1.26035096924895,0.207542780772392,0.389236243817893,"DNASE2"
"ENSG00000105613.10",99.7587348715168,-0.104222862948586,0.169855156275385,-0.613598463738191,0.539480698972807,0.707652610649764,"MAST1"
"ENSG00000105617.4",347.327012741693,0.0843893617453726,0.0688512913376381,1.22567580223787,0.220320699681494,0.404831269607503,"LENG1"
"ENSG00000105618.14",1387.02943444545,0.101698291112301,0.0696331368527673,1.46048699956362,0.144156277919161,0.309299153235976,"PRPF31"
"ENSG00000105619.13",461.453444041273,0.176274098125996,0.0822465818172218,2.14323919889745,0.0320938962000653,0.115663789368778,"TFPT"
"ENSG00000105639.20",1261.92458044803,-0.102128855538779,0.0979198633353302,-1.04298404899764,0.296955680442614,0.489626855634703,"JAK3"
"ENSG00000105640.13",15006.8098861271,0.242118566911999,0.108436156147257,2.23282137171295,0.0255607263421675,0.0998620666512753,"RPL18A"
"ENSG00000105641.4",130.54383321157,-1.22046989117001,0.276934891299762,-4.4070643660749,1.04781058213896e-05,0.000414308286355731,"SLC5A5"
"ENSG00000105642.15",22.2199273563341,0.0253745354252273,0.171582330654226,0.147885480564792,0.882433147036938,0.937383725321983,"KCNN1"
"ENSG00000105643.10",2085.04073688034,-0.0054471796624957,0.0890607805578872,-0.0611624963128992,0.951229797395553,0.974469788137793,"ARRDC2"
"ENSG00000105647.19",4.66796228416332,-0.35925695379304,0.138252029207084,-2.5985655028247,0.00936141825852145,0.0513374564455534,"PIK3R2"
"ENSG00000105649.10",142.149645374538,0.197506403632516,0.103411724573398,1.90990339294006,0.0561456531409386,0.167962730705478,"RAB3A"
"ENSG00000105650.22",6.14236162146571,-0.439314064332928,0.200888282902948,-2.1868575806642,0.0287529224346296,0.107619004678597,"PDE4C"
"ENSG00000105655.19",1983.84101744031,-0.0389704691164055,0.121874033097649,-0.319760232150365,0.749150096192982,0.857536673630839,"ISYNA1"
"ENSG00000105656.13",876.370826234529,0.0013023227839142,0.0553726915309242,0.023519224872551,0.981236103495296,0.990721861906223,"ELL"
"ENSG00000105662.16",973.685425285233,-0.0276118804344831,0.0860143560412806,-0.321014789917528,0.748199182863122,0.856928850837782,"CRTC1"
"ENSG00000105664.11",1976.71684948053,0.20832168970705,0.217295822230576,0.95870085107295,0.337709469604,0.531136895957674,"COMP"
"ENSG00000105668.7",6.46374085546581,0.289716142058185,0.257437494994741,1.12538440472358,0.260426176727569,0.451628747879516,"UPK1A"
"ENSG00000105669.14",3181.95768635549,0.191434637395856,0.0836984228078067,2.28719527768689,0.0221844275387856,0.0910149286566593,"COPE"
"ENSG00000105671.12",1665.47709403249,0.147552601151055,0.0737612264223447,2.00040872837705,0.0454561466517764,0.146592067769673,"DDX49"
"ENSG00000105672.14",38.3780454549346,0.152641703320537,0.109226857481911,1.39747409052591,0.162271052698481,0.333466462409142,"ETV2"
"ENSG00000105675.9",3.27704546053114,-1.59407229494891,0.340900524648022,-4.67606289721844,2.92434947427215e-06,0.000164021417124817,"ATP4A"
"ENSG00000105676.14",1216.27139954749,0.111242946882765,0.0680090180607078,1.63570876414455,0.101900554370376,0.247452388892629,"ARMC6"
"ENSG00000105677.12",2798.61939778315,0.2233752333307,0.0853801497341936,2.61624316689669,0.00889032189382453,0.0495954233932809,"TMEM147"
"ENSG00000105695.15",12.6994462428489,0.126957270210457,0.285309905148733,0.444980240501196,0.656334033766956,0.795258906947747,"MAG"
"ENSG00000105696.9",915.475797577727,-0.555151606654265,0.272836416478144,-2.03474160018788,0.0418768800163685,0.138699459449359,"TMEM59L"
"ENSG00000105697.9",72.6687913622118,-0.0127982802486293,0.186975356134436,-0.0684490219097498,0.945428199463619,0.971635778507247,"HAMP"
"ENSG00000105698.16",4335.92535147466,0.130498494530412,0.0626094404479219,2.08432615907117,0.0371305094396111,0.1280134905985,"USF2"
"ENSG00000105699.16",10091.5954847395,0.230490177198472,0.107890445756767,2.13633538708423,0.0326520864754237,0.117019200391267,"LSR"
"ENSG00000105700.11",1244.85795300176,0.120208557213418,0.0525557130629766,2.28725956147477,0.0221806773301278,0.0910107579925985,"KXD1"
"ENSG00000105701.16",9926.94838225274,0.16206790430764,0.0803169340091097,2.01785471902175,0.0436063941003419,0.142548930119509,"FKBP8"
"ENSG00000105705.16",1120.57630443721,0.0115117326848934,0.0496330124501982,0.231937013624638,0.816586935567064,0.899683263148927,"SUGP1"
"ENSG00000105707.14",2091.27591180155,0.23663636166427,0.165028636328318,1.43391090739847,0.151597688813326,0.31947979830751,"HPN"
"ENSG00000105708.9",384.747299807872,-0.24635638763237,0.0704846986084944,-3.49517544227223,0.000473750237992271,0.00651220754478806,"ZNF14"
"ENSG00000105711.13",459.375855833287,0.0357178679472327,0.124734482409839,0.286351193809221,0.774609151879323,0.874264780443363,"SCN1B"
"ENSG00000105717.14",117.285562330185,-0.244637972321481,0.0985310528256788,-2.48285150016914,0.013033540897971,0.0640102783767738,"PBX4"
"ENSG00000105722.10",1735.89679481143,0.175701213438055,0.0780854488165716,2.25011466413915,0.0244416674492595,0.0969657333637033,"ERF"
"ENSG00000105723.13",1659.96015073297,0.235400493150956,0.0654480068650194,3.59675572147596,0.000322210810119575,0.00504675391529784,"GSK3A"
"ENSG00000105726.17",3587.78240429536,0.0155874918490344,0.0670124128030947,0.232606038150511,0.816067338147392,0.899440901510719,"ATP13A1"
"ENSG00000105732.13",983.771181901545,0.277729891164392,0.0731896561393279,3.79466041807452,0.000147845667089158,0.00288628902399656,"ZNF574"
"ENSG00000105737.9",78.6748297656587,-0.253532500025338,0.191817178977585,-1.32174032261712,0.186254636550181,0.364277374441017,"GRIK5"
"ENSG00000105738.11",3581.13047398827,0.034138070586597,0.078238547618638,0.436333132779993,0.662595046037527,0.799962897727276,"SIPA1L3"
"ENSG00000105750.15",244.309633709167,-0.112750617722891,0.0998483596176989,-1.12921852852257,0.258805659379727,0.449849473620614,"ZNF85"
"ENSG00000105755.8",705.128668101596,0.302047244121522,0.0955016575822837,3.16274347239763,0.00156289984667205,0.0149996035154951,"ETHE1"
"ENSG00000105767.3",1116.74399063542,0.0744711492744316,0.118097774012382,0.630588932748418,0.528309337080211,0.699308315816295,"CADM4"
"ENSG00000105771.14",1626.80331843162,0.149700145978907,0.0584991866510293,2.55901243331685,0.0104969987045695,0.0554196920189079,"SMG9"
"ENSG00000105778.19",3606.80805622383,0.112870510218359,0.0793710294382602,1.42206181546577,0.155008306574766,0.324056371320665,"AVL9"
"ENSG00000105784.15",46.9460235879238,0.041951944501817,0.155206023418908,0.270298430290857,0.786930672877035,0.881863505742204,"RUNDC3B"
"ENSG00000105792.19",248.605976962533,-0.262041861298937,0.123900221841981,-2.11494263208938,0.0344348370684815,0.121316299526027,"CFAP69"
"ENSG00000105793.16",937.68683716514,-0.0140836363986648,0.0656676607727635,-0.214468373517977,0.830181827437198,0.907543706480599,"GTPBP10"
"ENSG00000105808.18",37.5944363770853,-0.233240937104368,0.120076967558762,-1.94242860930201,0.0520852346694447,0.159955144161039,"RASA4"
"ENSG00000105810.10",1808.10591573969,0.0224067313695931,0.135929011303377,0.164841420935402,0.869068800786177,0.92999188687883,"CDK6"
"ENSG00000105819.14",2549.65780854077,-0.0505023448969204,0.0562766337360303,-0.897394558704512,0.369508415035543,0.562096484591901,"PMPCB"
"ENSG00000105821.15",1220.72488368144,-0.019273398961267,0.0664601809558455,-0.289999194767041,0.771816853628997,0.872414561956617,"DNAJC2"
"ENSG00000105825.14",6995.91102992524,0.170556901527396,0.277274434157304,0.615119464748904,0.53847582835306,0.706752178244833,"TFPI2"
"ENSG00000105829.13",1607.56920915031,-0.0296474810788428,0.0912840615210485,-0.324782668352312,0.745345562712482,0.854973447163498,"BET1"
"ENSG00000105835.12",13658.0475782806,0.194073677127905,0.137953879602182,1.40680115475952,0.159486360074278,0.33010848057485,"NAMPT"
"ENSG00000105849.6",1288.24482778092,0.121378955871621,0.0656580628007379,1.84865271215795,0.0645079759920542,0.18420653955772,"POLR1F"
"ENSG00000105851.11",760.990974058691,-0.286184297478173,0.112951008058566,-2.53370290710274,0.0112864376115134,0.0581972784287861,"PIK3CG"
"ENSG00000105852.11",1969.33303851922,-0.0175442150965229,0.15272899450651,-0.114871541930928,0.908546941995795,0.951532081533424,"PON3"
"ENSG00000105854.13",7854.16227857438,0.167798258761254,0.095818413773501,1.75121098495642,0.0799095739695639,0.211733342313465,"PON2"
"ENSG00000105855.10",2153.72388490315,-0.028147331330496,0.190408945303844,-0.147825677441677,0.88248034429961,0.937383725321983,"ITGB8"
"ENSG00000105856.14",2185.66617963616,-0.00554454201828651,0.06927356261422,-0.080038355312599,0.936206750680524,0.966634558858945,"HBP1"
"ENSG00000105865.11",226.883802765797,-0.0993435380024189,0.0873530171262784,-1.13726510280471,0.255427478532854,0.445980021124099,"DUS4L"
"ENSG00000105866.15",716.20134221722,-0.286343852136596,0.0870340219251434,-3.2900220603717,0.00100179528345181,0.0110330037618132,"SP4"
"ENSG00000105875.14",1381.0425303392,-0.148427870293905,0.0863336836765603,-1.71923476415038,0.0855716331005283,0.221362578151973,"WDR91"
"ENSG00000105877.18",797.766709697333,0.0190814235832287,0.201202149686799,0.0948370761094337,0.924444237100993,0.960328681490151,"DNAH11"
"ENSG00000105879.12",1285.45698878908,-0.0132745994449366,0.0552376045952855,-0.240318159018604,0.810083618581377,0.895587630308718,"CBLL1"
"ENSG00000105880.7",61.2462590993898,-0.594183324801029,0.216508032357872,-2.74439390691467,0.00606227463635394,0.0382546075565071,"DLX5"
"ENSG00000105887.11",8415.61214943693,0.106668990035974,0.0602913708205369,1.76922482577955,0.07685636280379,0.206220090814521,"MTPN"
"ENSG00000105889.16",74.5127940039813,0.241682453287495,0.193552514063023,1.24866605043838,0.211787243011804,0.394397174269605,"STEAP1B"
"ENSG00000105894.12",485.011896556125,0.020825392623504,0.185094588456599,0.112512163630257,0.910417325798936,0.952296044016662,"PTN"
"ENSG00000105926.16",725.725341970065,-0.000430354961570818,0.120774100592841,-0.00356330504187855,0.997156899938197,0.99859662113528,"MPP6"
"ENSG00000105928.16",760.466280639992,0.325577534439409,0.136303799897236,2.3886167127026,0.0169119356917073,0.0762835760715366,"GSDME"
"ENSG00000105929.16",350.943795775633,-0.0141979246683323,0.234635131900784,-0.0605106513816351,0.951748932820498,0.974701689390411,"ATP6V0A4"
"ENSG00000105939.13",2971.40331774279,-0.0643156617241338,0.056025583730484,-1.14796950681549,0.250981152252673,0.441015226787789,"ZC3HAV1"
"ENSG00000105948.13",599.422326893188,-0.116486751070702,0.0715720687974127,-1.62754483736417,0.103621433928697,0.250135469822224,"TTC26"
"ENSG00000105953.15",6774.35970489234,0.23341541719701,0.0657457889080723,3.55027175236087,0.000384833679941152,0.00567668041926486,"OGDH"
"ENSG00000105963.15",375.940588357751,0.347257383826141,0.11925846326146,2.91180495144249,0.00359346947788521,0.0267525445722791,"ADAP1"
"ENSG00000105967.16",597.037594840318,-0.293023934032827,0.135293834172888,-2.16583361558355,0.0303239035829991,0.111444278837486,"TFEC"
"ENSG00000105968.19",7968.33262984932,0.0826321368226902,0.0503736374857823,1.64038455324996,0.100925235003905,0.245729402441495,"H2AZ2"
"ENSG00000105971.15",6143.60864962443,0.42402568054227,0.162136783156352,2.61523432430118,0.00891662595409525,0.0496755736093864,"CAV2"
"ENSG00000105974.13",13922.9331246214,0.39778043905894,0.204505775558899,1.94508168765325,0.0517651475169333,0.15933959470056,"CAV1"
"ENSG00000105976.16",14291.6278319776,0.557357568550128,0.175690121405073,3.17238991067164,0.00151189868885947,0.0146622904305851,"MET"
"ENSG00000105982.17",87.9343191851975,-0.111215832788736,0.089053718851774,-1.24886230718619,0.211715440001538,0.394364771397843,"RNF32"
"ENSG00000105983.22",2424.15817854658,0.0692457536987958,0.0622677332974381,1.11206478912642,0.266110294616506,0.457773325463602,"LMBR1"
"ENSG00000105988.6",4.89480700858499,0.105387837801472,0.184786524866651,0.570322093981277,0.56845925834873,0.730102387477983,"NHP2P1"
"ENSG00000105989.10",520.076838034284,0.0290268071974086,0.145043577230045,0.200124733212908,0.841383030315627,0.913591643373358,"WNT2"
"ENSG00000105991.10",66.5098775034351,0.0833418358216959,0.190497674719607,0.437495291973336,0.661752189708904,0.799322122119456,"HOXA1"
"ENSG00000105993.15",4070.99151583123,0.101590865524088,0.0520034604193761,1.95354048951397,0.0507555844059096,0.157249736797501,"DNAJB6"
"ENSG00000105996.7",50.2913368704889,-0.230013479169617,0.165157276390569,-1.39269358393676,0.163712469635489,0.335290308290743,"HOXA2"
"ENSG00000105997.22",246.281891527363,0.397395700446979,0.173117929917652,2.29552017307515,0.021703331672368,0.0896932747477841,"HOXA3"
"ENSG00000106003.13",2630.50859840659,-0.0213711337228269,0.125213880871172,-0.170677033361939,0.864477722547558,0.927832989975581,"LFNG"
"ENSG00000106004.5",294.072055466927,0.218991437734073,0.133862007029151,1.6359491583477,0.101850228435649,0.247366476167791,"HOXA5"
"ENSG00000106006.6",15.4071820581164,0.197046603863846,0.15271625370715,1.29027918823693,0.196953740143899,0.37710955087479,"HOXA6"
"ENSG00000106009.16",2566.07812263417,0.150567277279668,0.081609048852561,1.84498262627334,0.0650400659618724,0.185185916023999,"BRAT1"
"ENSG00000106012.18",1755.39963002534,0.0906862810939472,0.0767364789491156,1.18178840540862,0.237289669534977,0.424872806702591,"IQCE"
"ENSG00000106013.15",18.1224322358091,-0.608898981432528,0.202911541518379,-3.00080999274936,0.00269262524987372,0.0219719540304033,"ANKRD7"
"ENSG00000106018.14",38.6611911395943,0.240807063498993,0.205833200412603,1.16991361459805,0.242035734424391,0.430384858526479,"VIPR2"
"ENSG00000106025.9",2225.69976367762,0.0336659041884261,0.115479042285237,0.291532589136565,0.770644023225167,0.871775888018826,"TSPAN12"
"ENSG00000106028.11",2778.38736945202,0.144903905645157,0.0704950365242072,2.05551926475559,0.0398288768750459,0.134253599048386,"SSBP1"
"ENSG00000106031.9",14.8127406293788,0.95152306736667,0.44019054878241,2.16161630457227,0.0306477636489024,0.112286492049735,"HOXA13"
"ENSG00000106034.18",682.53476559647,-0.134245930293042,0.147731157168921,-0.908717787538483,0.363499112443095,0.556361527701727,"CPED1"
"ENSG00000106038.13",3.24002577377526,1.41502109525669,0.427819718090537,3.30751724481582,0.00094126916349604,0.0105372139409125,"EVX1"
"ENSG00000106049.9",2385.86985241048,0.199003734125098,0.0721648135359836,2.75762832846327,0.00582223551822008,0.0371767715972576,"HIBADH"
"ENSG00000106052.13",9415.0687369269,0.132193492707023,0.0574948535289978,2.29922305377038,0.021492276561514,0.0891086380526133,"TAX1BP1"
"ENSG00000106066.15",1738.82849885906,-0.0189121524316474,0.131595583658003,-0.143714187862088,0.885726167213133,0.939296466304444,"CPVL"
"ENSG00000106069.23",15.2719946708715,-0.231331984394113,0.184062030338057,-1.25681534626798,0.208820507730232,0.390905884951511,"CHN2"
"ENSG00000106070.20",2770.99209540253,0.338524021850693,0.106940512106592,3.16553582157222,0.00154797600209637,0.0148950187970504,"GRB10"
"ENSG00000106077.18",1968.78051413954,0.134300584025497,0.10781803329577,1.24562264697483,0.212902963973074,0.395637181160059,"ABHD11"
"ENSG00000106078.19",1531.13137918298,0.160886453636779,0.142006325888029,1.1329527232726,0.257234107385031,0.448100415297709,"COBL"
"ENSG00000106080.11",965.146577359988,0.0571828398752588,0.0837975301316075,0.682392903292625,0.494990541968923,0.672339770461073,"FKBP14"
"ENSG00000106086.20",916.915965389657,-0.0555625720466126,0.0888404415029277,-0.625419810017284,0.531695563725597,0.701447947500249,"PLEKHA8"
"ENSG00000106089.12",719.813767932965,0.251856945540757,0.153292610121905,1.64298165019481,0.100386729907283,0.244901839144366,"STX1A"
"ENSG00000106100.11",972.19867503286,-0.202831186232773,0.0887816108294709,-2.28460808874448,0.0223358182199454,0.0914107432079463,"NOD1"
"ENSG00000106105.15",5941.76120969456,0.249826726533886,0.0758577569606057,3.2933576807923,0.000989984463231855,0.010950017519727,"GARS1"
"ENSG00000106113.19",28.9187344311206,-1.23918041063238,0.188144044112365,-6.58633876229591,4.50804612915801e-11,3.49038092507111e-08,"CRHR2"
"ENSG00000106123.12",349.821049126549,0.346927952925601,0.167761406058448,2.067984294342,0.0386414999810785,0.131412040666009,"EPHB6"
"ENSG00000106125.14",58.6003696218207,-0.241566551932042,0.131507153717778,-1.83690807003897,0.0662234677498666,0.187290002701012,"MINDY4"
"ENSG00000106128.19",2.74650852703408,0.375359085068823,0.288013383854238,1.30326959131452,0.192482738830489,0.371734313120452,"GHRHR"
"ENSG00000106133.18",13.7864412777364,-0.243550182821332,0.166567886338565,-1.46216769735731,0.143695261199372,0.30870285800479,"NSUN5P2"
"ENSG00000106144.20",2123.75531485772,0.00737699602457196,0.0632973840345944,0.116545037951966,0.907220594139952,0.950690907365834,"CASP2"
"ENSG00000106153.13",10531.0786543974,0.377951725518798,0.10497606882485,3.60036082270715,0.00031777589077394,0.00499043053374376,"CHCHD2"
"ENSG00000106178.7",169.392866965716,0.0580011736062443,0.20333386839913,0.285250922843765,0.775451909367304,0.874830416406277,"CCL24"
"ENSG00000106211.10",20261.7954351903,0.235039545780861,0.119243633421125,1.97108674935112,0.0487139541029819,0.153118738099564,"HSPB1"
"ENSG00000106236.4",266.771349243427,0.289065955657809,0.220429533009319,1.31137580210538,0.189730829963578,0.368418152375124,"NPTX2"
"ENSG00000106244.13",5128.75055301432,0.144952846249965,0.0768752065000005,1.8855604147218,0.059354215983838,0.174334354896332,"PDAP1"
"ENSG00000106245.11",1446.25376841127,0.0963261165178849,0.0858933826518014,1.12146143910033,0.262091496547426,0.453625862281184,"BUD31"
"ENSG00000106246.18",114.024959531104,-0.118107675975354,0.0720763795391796,-1.63864606866321,0.101286992004762,0.246375964405241,"PTCD1"
"ENSG00000106258.15",521.653445256823,0.470409870896406,0.146076959203115,3.22028794590608,0.00128061896244982,0.0130522010266904,"CYP3A5"
"ENSG00000106261.17",3627.70301013855,-0.157998606697949,0.0838438441709804,-1.88443896221822,0.0595056237856265,0.174671198438976,"ZKSCAN1"
"ENSG00000106263.18",10388.3877200555,0.231677727972492,0.0767170177926716,3.01990007743266,0.00252858091953889,0.0210829062244448,"EIF3B"
"ENSG00000106266.11",2149.55400600396,0.28313737346027,0.0912610084290622,3.10250103887855,0.00191892874427263,0.0173936549640808,"SNX8"
"ENSG00000106268.15",655.735371170322,0.298321074509541,0.0913084286057719,3.267180029979,0.00108624579743665,0.0116546507683075,"NUDT1"
"ENSG00000106278.12",479.339669808352,-0.823551326552406,0.250990349963262,-3.2812071327561,0.00103363806142625,0.011242375687378,"PTPRZ1"
"ENSG00000106290.15",1315.09846023584,0.0960158228235076,0.073949954596126,1.29838920588786,0.194153626409622,0.373682314952917,"TAF6"
"ENSG00000106299.8",3907.90259619602,0.0693244014450598,0.0557177116189031,1.24420762143326,0.213423159475973,0.396278679567776,"WASL"
"ENSG00000106302.10",5.47033837870056,-0.395519740907553,0.266721880230228,-1.48289199433563,0.138103108784112,0.300337500865468,"HYAL4"
"ENSG00000106305.10",657.113936565433,0.176479325365214,0.0844192854985412,2.09050958347975,0.0365720484209019,0.126659120260258,"AIMP2"
"ENSG00000106327.13",154.01961470196,0.0116581506437676,0.153949650344403,0.0757270355449783,0.939636266491658,0.968366304759816,"TFR2"
"ENSG00000106328.10",3.22408056948616,-0.278735666668836,0.159269623941221,-1.75008680105696,0.0801033369402516,0.212128571170203,"FSCN3"
"ENSG00000106330.12",944.138859150624,0.132671394675888,0.0899612157570502,1.47476213565389,0.140276504331764,0.303776546872975,"MOSPD3"
"ENSG00000106331.17",0.702696335152665,-2.15089199968311,0.696153687825622,-3.08967981826145,0.00200372373079306,0.0179174356020784,"PAX4"
"ENSG00000106333.13",2776.35009420718,0.333617913216932,0.127994197948994,2.60650809617074,0.0091470661468021,0.0506130903562887,"PCOLCE"
"ENSG00000106336.13",15.7359591267294,-0.18807122816909,0.117939243652486,-1.59464502522377,0.110791637976357,0.261046426266584,"FBXO24"
"ENSG00000106341.11",3.14337899974948,0.291984018256066,0.270322379879289,1.08013261198148,0.28008313136302,0.472654025974106,"PPP1R17"
"ENSG00000106344.8",1539.75660824132,-0.0439329300615556,0.0641808676603747,-0.684517546475611,0.493648413317626,0.671298719154109,"RBM28"
"ENSG00000106346.11",884.288868273573,0.0389503948572501,0.0571909394664798,0.681058839400239,0.495834260248161,0.673046439696744,"USP42"
"ENSG00000106348.18",3396.15460783601,0.122341420941604,0.0933094796189973,1.31113603292131,0.189811808920999,0.368499886547718,"IMPDH1"
"ENSG00000106351.13",1296.33938156853,-0.00310191485226634,0.0827569206545967,-0.0374822410951324,0.970100499749438,0.98501193928747,"AGFG2"
"ENSG00000106355.10",1628.39018360898,0.230313838242136,0.0724068774765737,3.18082820677706,0.00146854686624833,0.0143421328301572,"LSM5"
"ENSG00000106366.9",6658.32756380417,0.336713162664739,0.171105322187974,1.96787077315357,0.0490829084152774,0.153770327455522,"SERPINE1"
"ENSG00000106367.15",2625.312200005,0.249421754038772,0.0953489863214275,2.61588259782811,0.00889971522235248,0.0496395072705279,"AP1S1"
"ENSG00000106384.12",1.61989144646688,0.950771449962232,0.372679706154126,2.5511758066296,0.0107360154381033,0.0562622638093459,"MOGAT3"
"ENSG00000106392.11",2518.14559441352,0.114531798685466,0.0918660626128852,1.24672589014827,0.212498022323325,0.395079949584545,"C1GALT1"
"ENSG00000106397.12",4120.24875411366,0.208716408084047,0.0803883735346382,2.59635067742867,0.00942198490832867,0.0515676711413754,"PLOD3"
"ENSG00000106399.11",1160.56888995924,0.143306556818814,0.0835482361841674,1.71525532272063,0.0862984258844147,0.222653230024035,"RPA3"
"ENSG00000106400.12",3696.82203798604,0.142197090573548,0.0928556009718703,1.53137871151817,0.125675822354598,0.28341970830127,"ZNHIT1"
"ENSG00000106404.14",309.834859259358,-0.0720816525244957,0.0945489861268843,-0.762373616865256,0.445837048007455,0.630527710773213,"CLDN15"
"ENSG00000106415.13",1491.59787012645,-0.36545536494202,0.108446097477507,-3.36992638225474,0.000751882679913919,0.00902095745747845,"GLCCI1"
"ENSG00000106443.17",2295.15958043501,0.0358645726105755,0.0707387537406316,0.507000345836957,0.612154575912744,0.763656410966089,"PHF14"
"ENSG00000106459.15",767.406212095613,-0.0228490583569232,0.0335186518866449,-0.681681901593039,0.495440113936591,0.672758288330652,"NRF1"
"ENSG00000106460.19",5382.6458255142,0.146114353193539,0.0942772491255278,1.54983683283961,0.121180684012438,0.27649731088956,"TMEM106B"
"ENSG00000106462.11",945.464799601846,-0.109140476464727,0.122831678892146,-0.888536877856723,0.374252027994577,0.566130799583054,"EZH2"
"ENSG00000106477.20",717.063009354744,0.0839027652686867,0.0676891028255921,1.23953135388529,0.215148784794814,0.3984109181939,"CEP41"
"ENSG00000106479.11",632.060778069665,-0.111185486145437,0.0785499097148298,-1.41547567080711,0.156929076777947,0.326799908719519,"ZNF862"
"ENSG00000106483.12",3078.57875947473,0.0291264178498538,0.169204564154354,0.172137306079308,0.863329584474694,0.927122276106039,"SFRP4"
"ENSG00000106484.16",2762.41658708081,0.0240886790627508,0.110864451435376,0.217280460516168,0.827989783610284,0.906007435155437,"MEST"
"ENSG00000106511.6",254.553867598326,-0.0611918463601412,0.143346969717147,-0.426879246076044,0.669467282640397,0.804972311887969,"MEOX2"
"ENSG00000106524.9",840.130158616616,-0.000107738956621558,0.0639674074245675,-0.00168427893140124,0.998656140479925,0.999208366821383,"ANKMY2"
"ENSG00000106526.10",195.799328465083,-0.346351664343151,0.112153701071863,-3.08818755897521,0.00201381328168893,0.0179362989800079,"ACTR3C"
"ENSG00000106536.21",229.652195118367,0.0234916686654645,0.312883697343292,0.0750811527252241,0.940150143439201,0.968661505827155,"POU6F2"
"ENSG00000106537.8",12245.3046791781,0.111168877432238,0.10054977227242,1.10561043471136,0.268895171393305,0.460652821920207,"TSPAN13"
"ENSG00000106538.10",4052.35857387207,0.0596682789566114,0.132105447077247,0.451671602320237,0.651505578941094,0.791684620763773,"RARRES2"
"ENSG00000106541.12",23447.5123103193,0.00763273728163947,0.181124623410547,0.0421408041486369,0.966386452039454,0.983137474314135,"AGR2"
"ENSG00000106546.14",7811.00211703902,-0.0157121249918978,0.116759485856321,-0.134568295472219,0.892953210098395,0.943451214617304,"AHR"
"ENSG00000106554.13",2035.79081144771,0.119627269100807,0.0601495155193751,1.98883179802626,0.046719771732246,0.149066175939925,"CHCHD3"
"ENSG00000106560.11",591.022366183898,0.0635048826275104,0.111228299572715,0.570941773554617,0.568039112982319,0.729703522341334,"GIMAP2"
"ENSG00000106565.18",5606.18992946484,0.00199436621330893,0.132170224237861,0.015089376028596,0.987960876699565,0.993893772168887,"TMEM176B"
"ENSG00000106571.15",720.017172771563,-0.0834201362053179,0.132639753414984,-0.628922582088383,0.529399741246584,0.700000221824637,"GLI3"
"ENSG00000106588.12",65.2423958936556,-0.31926426958581,0.140040705621436,-2.27979620760309,0.0226197780433433,0.0922438861428768,"PSMA2"
"ENSG00000106591.4",1740.94795532827,0.158497857896584,0.0687229219157735,2.30633176643504,0.021092101440639,0.088085716666231,"MRPL32"
"ENSG00000106603.19",2144.83095083584,0.00881136305547457,0.0688790948216292,0.1279250704193,0.898208270721866,0.945732066955822,"COA1"
"ENSG00000106605.11",3183.7116809458,0.165727800621357,0.0819272794168476,2.02286468928292,0.0430870999628606,0.141469311544726,"BLVRA"
"ENSG00000106608.17",1928.04256708063,0.166638418979852,0.0578845891955637,2.87880455395239,0.00399185639540632,0.0287509999209028,"URGCP"
"ENSG00000106609.16",7196.98199527507,0.0716322536709554,0.0411857797180673,1.73924723924874,0.0819912834192556,0.21543175746802,"TMEM248"
"ENSG00000106610.15",360.608415759261,-0.0530687492674641,0.0823198646208195,-0.644665166930346,0.519144194144259,0.69256952231561,"STAG3L4"
"ENSG00000106615.10",4330.23214714061,0.0333388218529859,0.0781172623030609,0.426779189004932,0.669540165813508,0.804990817970789,"RHEB"
"ENSG00000106617.15",1375.36251081156,-0.0435646287876543,0.0613388375337696,-0.710229123003352,0.477562063850142,0.657736887923004,"PRKAG2"
"ENSG00000106624.11",17759.9729858104,0.114144275000003,0.128473541253357,0.888465234836984,0.374290548369173,0.566163345154698,"AEBP1"
"ENSG00000106628.11",4080.12454495578,0.284615357758004,0.0817652993696145,3.48088198725256,0.000499765635183648,0.00676369808624764,"POLD2"
"ENSG00000106631.8",0.937351749070644,-0.60858228256934,0.414950519102551,-1.46663820034633,0.142474502524779,0.306996544725744,"MYL7"
"ENSG00000106633.17",16.1181265674589,-0.13060122481195,0.188175915671433,-0.694037939690366,0.487658416304346,0.666377099573986,"GCK"
"ENSG00000106635.8",2592.94857229528,0.126638002690322,0.0672956940476832,1.88181434908141,0.0598612268657162,0.175467496569844,"BCL7B"
"ENSG00000106636.9",5628.22090715423,0.27151974662668,0.0701438212920825,3.8709004104019,0.000108434088023548,0.00233059786479534,"YKT6"
"ENSG00000106638.17",2723.16900095499,0.219332451239712,0.0634333483396662,3.45768364717646,0.000544840756722162,0.00714993429781275,"TBL2"
"ENSG00000106665.16",1035.45761322725,0.275241851822064,0.105393521709792,2.61156328545468,0.00901293047172121,0.0500446121072406,"CLIP2"
"ENSG00000106682.15",9469.01679603076,0.182421011424129,0.0494146234343736,3.69164022197596,0.000222812499866041,0.00389810644142937,"EIF4H"
"ENSG00000106683.15",4139.3964301016,0.276234630040152,0.0943498153625847,2.92777075374856,0.0034140166499302,0.0259208338257984,"LIMK1"
"ENSG00000106686.16",240.789952722427,-0.475173416521601,0.132835234588897,-3.57716398056725,0.000347342291630735,0.0053159144219693,"SPATA6L"
"ENSG00000106688.12",1214.52047252853,0.113593394157679,0.173554517918862,0.654511305840993,0.512782445627639,0.687359070972795,"SLC1A1"
"ENSG00000106689.11",19.6353445802239,0.0720877262681401,0.27137801739974,0.265635835057174,0.79051968440682,0.884010877769591,"LHX2"
"ENSG00000106692.15",936.925723915521,-0.0786107296453687,0.0759039239982409,-1.03566094484378,0.300360348687335,0.493336380526138,"FKTN"
"ENSG00000106701.13",285.665790009228,-0.181718213456612,0.110217823135444,-1.64871894841639,0.099205226391192,0.243195611681169,"FSD1L"
"ENSG00000106714.17",47.9193723448354,0.355662518824924,0.198715876254763,1.78980424477483,0.0734853865641036,0.200421805101884,"CNTNAP3"
"ENSG00000106723.17",3817.58811028894,0.0425488271595156,0.0450675813913812,0.944111617395398,0.345112613289884,0.538569149445022,"SPIN1"
"ENSG00000106733.21",1073.93290958547,0.0711156828689545,0.0688982259103316,1.03218452912719,0.301985681114755,0.494856980920093,"NMRK1"
"ENSG00000106771.13",5077.32180266335,-0.0212216324757998,0.0711864436369022,-0.298113396197232,0.765616617489973,0.868382110410081,"TMEM245"
"ENSG00000106772.18",674.784924538775,0.115277748001726,0.172534646949128,0.66814260231289,0.504042569807615,0.680167366918163,"PRUNE2"
"ENSG00000106780.9",3642.96107116506,-0.0933247905306851,0.10052936636181,-0.928333619400368,0.353234540022818,0.54680976151856,"MEGF9"
"ENSG00000106785.15",2329.86948478094,0.0178834589604667,0.0718221512558975,0.248996425862394,0.803363546114981,0.891908383667178,"TRIM14"
"ENSG00000106789.13",2190.7460230468,-0.0387899872990442,0.0921144496416983,-0.42110643281187,0.673677364424317,0.807892725063183,"CORO2A"
"ENSG00000106799.13",3423.54481674329,0.0760777520282629,0.0924005652699658,0.823347257735787,0.410310546761629,0.599471261718101,"TGFBR1"
"ENSG00000106803.10",3436.343311567,0.144379093169608,0.0719301657609445,2.00721201796536,0.0447270925129872,0.145037520240294,"SEC61B"
"ENSG00000106804.8",2192.18132226223,-1.01510276132999,0.201409292420777,-5.03999964018178,4.6553272135552e-07,4.16950751753044e-05,"C5"
"ENSG00000106809.11",396.933445015239,-0.276480091810991,0.215790931859622,-1.28124054810074,0.200109187842306,0.380699153761937,"OGN"
"ENSG00000106819.13",1559.03212714447,0.0885579968955916,0.154618881836424,0.572750209054544,0.56681383622407,0.728899507671272,"ASPN"
"ENSG00000106823.12",633.687333526179,-0.0561879752493043,0.12535121036996,-0.448244377405468,0.653976838668369,0.793471242339141,"ECM2"
"ENSG00000106829.20",903.238734118921,-0.0952616498689946,0.0964908168817313,-0.987261305765053,0.323514554582572,0.517104520894789,"TLE4"
"ENSG00000106852.15",164.227532059006,-0.113876863111989,0.138466066162267,-0.822417118274586,0.410839539984852,0.599942138019899,"LHX6"
"ENSG00000106853.20",2378.30723639093,-0.109821193957865,0.137161466240708,-0.800670895170638,0.423322196162048,0.610908793967189,"PTGR1"
"ENSG00000106868.17",1013.03865068255,0.0906745650256912,0.0708797985869874,1.27927232911661,0.200801173216651,0.381343609451834,"SUSD1"
"ENSG00000106927.12",222.772811428274,-0.216570361226282,0.272847531157276,-0.793741326182079,0.427346036453259,0.614616654795634,"AMBP"
"ENSG00000106948.17",2526.28080567758,-0.225183771119007,0.083387688333709,-2.70044386190255,0.00692470223553684,0.0419018741417172,"AKNA"
"ENSG00000106952.7",166.578901980484,-0.322848762246205,0.122383659517316,-2.63800546183639,0.0083395238679808,0.0474855084892568,"TNFSF8"
"ENSG00000106976.21",649.840128077074,0.0019374981468617,0.128868895549297,0.015034645393702,0.988004540474991,0.993893772168887,"DNM1"
"ENSG00000106991.14",6505.79732449701,0.0735958667236214,0.115083460871217,0.639499943488648,0.522497750402941,0.695125578588017,"ENG"
"ENSG00000106992.19",501.879882923111,-0.0332932805447166,0.124436641196409,-0.267552066855991,0.789044131176736,0.883043001756936,"AK1"
"ENSG00000106993.12",928.816408412718,-0.0318640708552312,0.0656830219335678,-0.485118831582668,0.627592054560207,0.775101913138442,"CDC37L1"
"ENSG00000107014.9",18.3514327882602,-0.112619410483808,0.136733993265682,-0.823638714807241,0.410144871266885,0.59940040585548,"RLN2"
"ENSG00000107018.8",7.60400111712146,-0.195390802154068,0.138910366363331,-1.40659626253528,0.159547141979067,0.330139305895031,"RLN1"
"ENSG00000107020.10",895.677128099307,0.097913177310308,0.0929922244635882,1.05291789582522,0.292378623382093,0.484916045928546,"PLGRKT"
"ENSG00000107021.16",1572.73505791802,-0.00715502055480249,0.0612115466889067,-0.116890046761377,0.906947185616012,0.950514453700818,"TBC1D13"
"ENSG00000107036.12",1252.49272031011,-0.0656737695235737,0.0768431616530001,-0.854646895193304,0.392746657840852,0.583372645645377,"RIC1"
"ENSG00000107077.19",1160.64060210384,-0.171874186693116,0.0656701509171097,-2.61723453186607,0.00886454108079218,0.0495062067610838,"KDM4C"
"ENSG00000107099.16",2517.26877915893,-0.180775311477847,0.11037709935479,-1.6377972653256,0.101463992247191,0.246713201160008,"DOCK8"
"ENSG00000107104.20",1674.73200390933,-0.178117809101345,0.0892888035228987,-1.99485044119407,0.0460591940496833,0.147745326861558,"KANK1"
"ENSG00000107105.15",59.9244486271891,0.511477183027374,0.278493612528812,1.83658497005728,0.0662711877969736,0.187377210643282,"ELAVL2"
"ENSG00000107130.10",1042.27809363486,0.307787380155761,0.107199140954281,2.87117394240154,0.00408950427644189,0.029223409717875,"NCS1"
"ENSG00000107140.16",1688.2253282137,0.188366080203815,0.070436839686981,2.67425513468389,0.00748954483758637,0.0440936191472613,"TESK1"
"ENSG00000107147.14",35.7206327565222,-0.224871648101216,0.198003080606622,-1.13569772456204,0.256083093232798,0.446650536232636,"KCNT1"
"ENSG00000107159.13",793.185087528179,0.056910606915254,0.272830934721866,0.208592940434964,0.834766022069218,0.910134437147972,"CA9"
"ENSG00000107164.16",2543.23205391872,0.0482081230987834,0.0422326504158552,1.14148940746293,0.253666317492403,0.444069445171658,"FUBP3"
"ENSG00000107165.13",114.71151867239,0.0308627631257761,0.185898065806629,0.166019818398108,0.868141353778661,0.929572902964213,"TYRP1"
"ENSG00000107175.12",2314.69009687626,0.225832884439292,0.0695012327185938,3.2493363873656,0.0011567459945817,0.0121794890568022,"CREB3"
"ENSG00000107185.10",1351.82828321331,0.0535658010886911,0.0630338855877925,0.84979373537247,0.395439773196012,0.586091633753944,"RGP1"
"ENSG00000107186.17",1138.32505292342,-0.2160315579673,0.100738704285449,-2.14447425644032,0.0319949059973346,0.115554284311082,"MPDZ"
"ENSG00000107187.17",1.02533535222305,-0.806214527240025,0.337765228230208,-2.38690800549351,0.0169907423132473,0.0765042985981799,"LHX3"
"ENSG00000107201.10",1665.42591471348,0.175743472472831,0.0951886621772904,1.84626475940491,0.0648537719968423,0.184829364072151,"DDX58"
"ENSG00000107223.13",8236.49836276965,0.108820853209154,0.0744648851219982,1.46137139714738,0.143913545825499,0.30894014706202,"EDF1"
"ENSG00000107242.20",468.606963640492,0.00735786544008458,0.167405730002479,0.0439522914775713,0.964942432972309,0.982621533643699,"PIP5K1B"
"ENSG00000107249.23",1172.69502806278,-0.131255132782966,0.117048499684848,-1.12137390172765,0.262128740354212,0.453659726184581,"GLIS3"
"ENSG00000107262.26",4014.72909664779,-0.00142165679994247,0.0925707578966048,-0.0153575149674194,0.987746957570436,0.993856519788316,"BAG1"
"ENSG00000107263.18",4599.83594961152,-0.0617427357592111,0.0695038830070245,-0.888335055366201,0.374360548371912,0.566192056373327,"RAPGEF1"
"ENSG00000107281.10",1259.53453078778,0.111485610847464,0.11863483244115,0.93973758426108,0.347352181487009,0.541125645886809,"NPDC1"
"ENSG00000107282.8",293.679943176248,0.0100207856176499,0.102433913614137,0.097826835508771,0.92206979792963,0.958847756823812,"APBA1"
"ENSG00000107290.14",4139.94567366472,-0.170747042582554,0.0703963960439679,-2.42550829556544,0.0152869663714466,0.0712514309680206,"SETX"
"ENSG00000107295.10",49.1500594228625,-0.0899256617873851,0.293657109952335,-0.306226747930541,0.759432008124037,0.864308550601481,"SH3GL2"
"ENSG00000107317.13",102.178043119594,-0.200502799701601,0.158846200495069,-1.26224485745773,0.206860692029665,0.388404848044259,"PTGDS"
"ENSG00000107331.17",2270.7730592924,-0.060129143893377,0.0847061860217871,-0.709855403924235,0.477793807783445,0.657947191236888,"ABCA2"
"ENSG00000107338.10",817.741184565846,-0.031064557021376,0.0788095500076566,-0.394172495825163,0.693453690445571,0.820999960796972,"SHB"
"ENSG00000107341.5",4056.01027517905,0.145784042290022,0.055675560824353,2.61845664653376,0.00883285145964814,0.049432194258878,"UBE2R2"
"ENSG00000107362.14",715.778517114265,-0.0182921487591198,0.0542637731793398,-0.337096882272909,0.736043867615232,0.849249990799304,"ABHD17B"
"ENSG00000107371.14",537.987944008898,-0.028958636690062,0.0665569342433808,-0.435095711953439,0.663492955804097,0.800785607307805,"EXOSC3"
"ENSG00000107372.13",9052.35020337456,-0.0235179633882589,0.0694839230943781,-0.338466257242197,0.735011850973496,0.848588603338093,"ZFAND5"
"ENSG00000107404.20",3605.16334848931,0.206244958651524,0.0914015756369929,2.25647049532973,0.0240411810712188,0.0959357735141549,"DVL1"
"ENSG00000107438.9",7278.9635287678,0.0456658148636932,0.0895319534690807,0.510050469070392,0.610016104439134,0.761816503435692,"PDLIM1"
"ENSG00000107443.16",570.73289904089,-0.127072800917002,0.0732703281921873,-1.7343009653743,0.0828646962932996,0.216798895025691,"CCNJ"
"ENSG00000107485.18",251.983609985484,0.27131600666666,0.126479970652023,2.14513021522684,0.0319424372156562,0.11547545793952,"GATA3"
"ENSG00000107518.18",19.9095646589501,-0.207078631826019,0.224919471060016,-0.920678991685711,0.357218047604532,0.550516954661358,"ATRNL1"
"ENSG00000107521.19",2848.13072566193,0.0366312983199017,0.061035017351198,0.600168557487643,0.548393906177191,0.71482669608573,"HPS1"
"ENSG00000107537.14",1420.38905889902,0.0889500348864979,0.0815627971484361,1.09057116720283,0.275461622352435,0.467972843606613,"PHYH"
"ENSG00000107551.21",2725.40273374024,-0.154154964444556,0.0940548215300479,-1.6389905582385,0.101215226081784,0.24627337001687,"RASSF4"
"ENSG00000107554.17",1729.49919527778,0.0052979098716982,0.0739808876704995,0.0716118721810199,0.942910791700992,0.970036740254036,"DNMBP"
"ENSG00000107560.12",951.080761900635,0.0305649083852929,0.0811372968764432,0.37670602253163,0.706392086704294,0.829555969758238,"RAB11FIP2"
"ENSG00000107562.16",2079.65978913849,0.0795309244389722,0.137446068826669,0.57863367877962,0.562836374917545,0.726240861714893,"CXCL12"
"ENSG00000107566.14",2429.68461208656,0.20683099057,0.0687735152601325,3.00742211282456,0.00263473631519919,0.0216108095939706,"ERLIN1"
"ENSG00000107581.13",10640.235237486,0.0582386679056306,0.0634767304516299,0.91748058684291,0.358890861123168,0.551998218579582,"EIF3A"
"ENSG00000107593.17",54.7481610823371,-0.0637276064310909,0.168342383765236,-0.378559486955841,0.705015011510143,0.828371581605017,"PKD2L1"
"ENSG00000107611.16",133.910685639851,-0.260988618038795,0.134606871731408,-1.93889520409899,0.0525141000622359,0.160930774426732,"CUBN"
"ENSG00000107614.22",395.829263843884,-0.265971252523188,0.0908917519783728,-2.92624189471531,0.003430840598469,0.0259833885452294,"TRDMT1"
"ENSG00000107625.13",1762.36065954962,0.00252546511085913,0.0502726557138199,0.0502353630417994,0.959934831485372,0.979709706773014,"DDX50"
"ENSG00000107643.16",1474.85337515032,-0.0622410851457581,0.0540445807226948,-1.15166191158222,0.249460029535617,0.439200040366436,"MAPK8"
"ENSG00000107651.13",2822.14442871766,0.0456753037795478,0.0468150009563198,0.975655299508902,0.329235310705868,0.522809844478225,"SEC23IP"
"ENSG00000107669.18",1387.16370325622,0.00129264736125909,0.0590002168687559,0.0219091967769296,0.982520388569788,0.991372147333333,"ATE1"
"ENSG00000107672.15",989.225655666,-0.137684009819668,0.0590888814576439,-2.33011704441153,0.019799965816901,0.0847301107894713,"NSMCE4A"
"ENSG00000107679.14",3007.98821331545,-0.138810774080548,0.0804846763434543,-1.72468574624313,0.0845841211564317,0.219644266879423,"PLEKHA1"
"ENSG00000107719.9",857.253411939938,-0.0189667287014704,0.108262411115255,-0.175192188185044,0.860928622333161,0.925432784135112,"PALD1"
"ENSG00000107731.12",2133.92556107931,0.138660938590667,0.0998116002650803,1.38922668529921,0.164763829565258,0.336577467450038,"UNC5B"
"ENSG00000107736.21",307.691991761789,0.084736968087662,0.143145521328871,0.591963809283158,0.55387482320357,0.718924461752421,"CDH23"
"ENSG00000107738.20",2724.72423958173,0.104154513598657,0.109156820692929,0.95417320637852,0.339995974828109,0.533332870740396,"VSIR"
"ENSG00000107742.13",6539.74801821513,-0.251094706135313,0.188791062336483,-1.33001373596694,0.183513745623333,0.360901544439423,"SPOCK2"
"ENSG00000107745.19",3023.16394353917,0.0303372989794157,0.0558119767604417,0.543562524395625,0.58674255421578,0.743937647736592,"MICU1"
"ENSG00000107758.16",2339.23911135799,-0.0639755371990848,0.0500095230375666,-1.27926709380986,0.200803016168567,0.381343609451834,"PPP3CB"
"ENSG00000107771.17",2752.99856661129,-0.178528899267523,0.0731133309413168,-2.44181050116313,0.0146138152766579,0.0690810381947708,"CCSER2"
"ENSG00000107779.14",1342.09043774158,-0.0337402376186618,0.060154686381448,-0.560891256330569,0.574871671024132,0.734942452405975,"BMPR1A"
"ENSG00000107789.16",1147.05590010434,0.0904491492164345,0.0669932779355928,1.35012275863546,0.176976609260743,0.35273480915457,"MINPP1"
"ENSG00000107796.13",4304.26409486489,0.131302457389176,0.121580180784744,1.07996596601254,0.28015733602884,0.472659751156686,"ACTA2"
"ENSG00000107798.18",7917.23843394979,-0.00256108439627339,0.10638898289034,-0.0240728346741805,0.980794511831073,0.990553365156739,"LIPA"
"ENSG00000107807.13",5.62213701632307,-1.14807781564885,0.405935475799983,-2.82822735161619,0.00468065524366131,0.0319591991442199,"TLX1"
"ENSG00000107815.10",642.409446300242,0.197741341069911,0.0904838463150114,2.18537727034162,0.0288611960301453,0.107883082173928,"TWNK"
"ENSG00000107816.17",3001.55578242825,0.0989310578475509,0.0714614784610763,1.38439702029726,0.166236920830941,0.338354541584962,"LZTS2"
"ENSG00000107819.13",2938.33847578143,0.13530869091734,0.0798404567312485,1.6947384378424,0.0901250504981854,0.228873631291845,"SFXN3"
"ENSG00000107821.15",447.862499788414,0.19198485243527,0.12212301433346,1.57206119979197,0.115936358735236,0.268874313634503,"KAZALD1"
"ENSG00000107829.15",2394.97438086471,-0.0456592179176957,0.0752534150901388,-0.606739479703411,0.544023817428572,0.711621285307616,"FBXW4"
"ENSG00000107831.13",5.50874666979803,-0.118745888504937,0.232019091590971,-0.511793610132202,0.608795462887826,0.761036770708953,"FGF8"
"ENSG00000107833.10",1010.42920004689,0.204367792215727,0.110527933439961,1.84901486760124,0.064455665917099,0.184072952940296,"NPM3"
"ENSG00000107854.6",3573.47899353681,-0.114243615452353,0.0512838776205807,-2.22767116592811,0.02590245115785,0.100661877716622,"TNKS2"
"ENSG00000107859.10",3.14059859907498,0.762140785321767,0.224896813847346,3.38884652158339,0.000701872835530682,0.00857835988007452,"PITX3"
"ENSG00000107862.6",5139.60426645862,0.0271518228993983,0.0541948963090785,0.501003318551418,0.61636878739647,0.766558312991807,"GBF1"
"ENSG00000107863.18",3232.69914045704,0.0685077944342328,0.0705798929113795,0.970641801911652,0.331726682140257,0.525373672877246,"ARHGAP21"
"ENSG00000107864.15",338.680215683901,-0.243550288756329,0.0700501638748843,-3.4767982726112,0.000507439453694208,0.00681766817265588,"CPEB3"
"ENSG00000107872.13",526.185531139629,0.189586082654158,0.0944533297627593,2.00719321521375,0.0447290937804205,0.145037520240294,"FBXL15"
"ENSG00000107874.11",1818.22944446002,0.124760648369235,0.0659903357208839,1.8905896902378,0.0586791375592887,0.17297720265286,"CUEDC2"
"ENSG00000107882.12",1046.42580396752,0.0376679202746973,0.0557183645181322,0.676041384208956,0.499014370369102,0.675682667671161,"SUFU"
"ENSG00000107890.17",480.224607766925,-0.242915186673489,0.0947893999055145,-2.56268303117885,0.0103866824760035,0.0550380104525841,"ANKRD26"
"ENSG00000107897.20",2018.28173330957,0.140572626708109,0.0606067030367314,2.31942375454598,0.020372070871028,0.086280035047594,"ACBD5"
"ENSG00000107902.14",1092.86624037533,0.0267123572716531,0.0925710037657066,0.288560739162567,0.772917543523321,0.873036260441796,"LHPP"
"ENSG00000107929.15",4506.1759050399,-0.0588019636334194,0.0595363423537518,-0.987665034644405,0.323316724112357,0.516909276006795,"LARP4B"
"ENSG00000107937.19",2782.56568828883,0.132644826531988,0.0787382215403767,1.68463071602358,0.0920598413379828,0.232005621282677,"GTPBP4"
"ENSG00000107938.18",602.024466809275,-0.196765773369301,0.0716857491112733,-2.74483807184429,0.00605407617749127,0.0382281593582666,"EDRF1"
"ENSG00000107949.17",1983.26720736334,0.0695283176946934,0.0619160927754375,1.12294420687792,0.261461190920786,0.452951786311049,"BCCIP"
"ENSG00000107951.15",1031.0210765744,0.00566313698843213,0.0588493809133056,0.0962310376174529,0.923337080743095,0.959715944840307,"MTPAP"
"ENSG00000107954.10",150.104978306793,-0.386462038527921,0.231866459002203,-1.66674403961226,0.0955653118596531,0.237898603839048,"NEURL1"
"ENSG00000107957.16",5876.0708199497,-0.064886912992771,0.077802551923516,-0.833994661981759,0.404283991882945,0.593911968484265,"SH3PXD2A"
"ENSG00000107959.17",3101.22419203766,0.135248116423567,0.0619132160436029,2.18447893787842,0.0289270733083656,0.108061772800574,"PITRM1"
"ENSG00000107960.11",1572.40517487625,0.242294433819922,0.0787479123387523,3.07683628205452,0.00209210172069975,0.0184216721997505,"STN1"
"ENSG00000107968.10",1041.19240766374,-0.0717452752639863,0.0975748104312261,-0.735284802982576,0.462166061508966,0.644504259270253,"MAP3K8"
"ENSG00000107984.10",715.89039252161,1.42043382469052,0.274227750110178,5.17975961265709,2.22172015134458e-07,2.51590914961615e-05,"DKK1"
"ENSG00000108001.15",22.4936113919938,0.359921369932556,0.190496757013257,1.88938318728181,0.058840502057339,0.173298516415306,"EBF3"
"ENSG00000108010.12",2863.87129669547,0.0904653390338767,0.0794335637829057,1.13888052764599,0.254752988381762,0.445222637385511,"GLRX3"
"ENSG00000108018.15",14.5646447663123,-0.538988336589651,0.236190746270487,-2.28200446080305,0.0224890768947425,0.0918235022144543,"SORCS1"
"ENSG00000108021.20",2920.64282021118,-0.0538192340183596,0.0741495901426515,-0.725819710059359,0.467949302260285,0.649276520063814,"TASOR2"
"ENSG00000108039.18",2146.21532133374,0.0630992804661611,0.0495439072353333,1.27360323372236,0.202804065640402,0.38369925313212,"XPNPEP1"
"ENSG00000108055.10",2881.3848235224,-0.0165138049262291,0.0673544060087728,-0.245177797634771,0.806318766746544,0.89332957307762,"SMC3"
"ENSG00000108061.12",2402.28975304395,-0.0390813127982602,0.0567088381945674,-0.689157352583607,0.490724251414524,0.668891811764329,"SHOC2"
"ENSG00000108064.11",2105.13821961476,0.0928137044745362,0.0633128408436524,1.46595387661935,0.142660852729457,0.307199260715465,"TFAM"
"ENSG00000108091.11",5113.38792409802,0.126159111864666,0.070510249191674,1.78923083255198,0.0735776480733483,0.200591273935963,"CCDC6"
"ENSG00000108094.16",1771.19520252989,0.108923773532815,0.0540331183351135,2.01587057880445,0.0438135108490434,0.143055815400866,"CUL2"
"ENSG00000108100.18",4597.95065225125,0.104291990311973,0.0553843845076198,1.88305767481491,0.0596925522930335,0.175083839472098,"CCNY"
"ENSG00000108106.14",919.217611960598,0.380129751183225,0.134118493101718,2.83428289710149,0.00459286535613177,0.0315644190317424,"UBE2S"
"ENSG00000108107.15",28313.594526865,0.207152646805029,0.0938336998348957,2.20765724009095,0.0272681757178945,0.104079612285801,"RPL28"
"ENSG00000108175.17",4824.75430081982,-0.0485687064035043,0.0815875564061369,-0.595295514940205,0.551645953400696,0.717063148154097,"ZMIZ1"
"ENSG00000108176.15",1059.22169342256,-0.354069460821308,0.229490894329743,-1.54284753587027,0.122867772707805,0.278976795796287,"DNAJC12"
"ENSG00000108179.14",2734.00576422356,0.218425735804036,0.0898593471674038,2.4307514208524,0.0150675480658142,0.0705646191806376,"PPIF"
"ENSG00000108187.16",476.927147658316,-0.261828414441365,0.112292988010186,-2.33165417610594,0.0197188913041464,0.0845135231963113,"PBLD"
"ENSG00000108219.15",6030.9151753903,0.0786181740767366,0.0605210067310332,1.29902290664348,0.193936068123396,0.373457893228771,"TSPAN14"
"ENSG00000108231.14",1.75198441088588,-1.07875810774349,0.318457941986667,-3.38744294148786,0.000705473896836707,0.00860342214189908,"LGI1"
"ENSG00000108239.9",580.83507937948,-0.0963291152175749,0.0582253963712546,-1.6544175088713,0.0980427113823212,0.241377683712527,"TBC1D12"
"ENSG00000108242.13",86.2929125475238,0.2779988089514,0.231774225547764,1.19943798019124,0.230357686871628,0.41674175237826,"CYP2C18"
"ENSG00000108244.17",83.3738384065902,-0.658917437962692,0.254517500291724,-2.58888853303781,0.00962862566642378,0.0522775333190227,"KRT23"
"ENSG00000108255.8",4.13983990002434,-0.150833435033468,0.236711015674826,-0.637204967430291,0.5239913424671,0.696139016949608,"CRYBA1"
"ENSG00000108256.9",6010.51366849847,-0.0613701611032036,0.0671947584039738,-0.91331768371347,0.361075484487626,0.554184357591367,"NUFIP2"
"ENSG00000108262.16",3597.22978888504,0.0557019646923178,0.0785357930789048,0.709255773814548,0.478165768055986,0.658241592552737,"GIT1"
"ENSG00000108298.12",43986.7218575401,0.130455081490036,0.0785238814918917,1.66134275345911,0.0966446280534321,0.239475260626892,"RPL19"
"ENSG00000108306.13",1707.42961426113,-0.21405329367909,0.0735931351854451,-2.90860408568957,0.00363046301652419,0.0269315965261007,"FBXL20"
"ENSG00000108309.14",87.3864087906236,-0.288597363863912,0.20327960043736,-1.41970646952763,0.155693153879431,0.32505176489513,"RUNDC3A"
"ENSG00000108312.15",5045.37895576811,0.0183811620232199,0.0474285037176519,0.387555174260723,0.69834524678831,0.823818701524229,"UBTF"
"ENSG00000108342.13",179.602242308148,0.671122782044344,0.262085929689914,2.56069748894334,0.0104462272413909,0.0552419468006866,"CSF3"
"ENSG00000108344.15",6864.97481287083,0.0838379545272402,0.0758499898174071,1.10531266687131,0.269024131118866,0.46074993547782,"PSMD3"
"ENSG00000108349.17",4561.26838041908,-0.108606684267719,0.0524579792692322,-2.07035585016175,0.038419033041327,0.130933039926799,"CASC3"
"ENSG00000108352.13",581.379480342188,0.258116915214865,0.130740030167453,1.97427608731822,0.0483503584073143,0.152364267151417,"RAPGEFL1"
"ENSG00000108370.17",268.592884392569,-0.040030645099876,0.116392865824536,-0.343926965078966,0.730901212315892,0.845954947388597,"RGS9"
"ENSG00000108375.13",665.922449593427,0.0383811275060725,0.118468471532648,0.323977569808481,0.745955015860838,0.855434781683935,"RNF43"
"ENSG00000108379.10",450.03519040474,-0.114792065316437,0.127521002654042,-0.900181640100975,0.368023595091386,0.560631871488333,"WNT3"
"ENSG00000108381.11",79.2474883544154,-0.262993272925466,0.182631865562717,-1.44001854284926,0.149862152997071,0.316945792131336,"ASPA"
"ENSG00000108384.15",607.746600953471,-0.00942982084375405,0.0556034819388779,-0.16959047374263,0.865332214875024,0.928111382682072,"RAD51C"
"ENSG00000108387.15",401.218940987485,-0.110421252527712,0.104246776521777,-1.05922941899931,0.289495310060677,0.481878450703888,"SEPTIN4"
"ENSG00000108389.9",2296.44311554358,-0.126794861675263,0.0623340368353904,-2.034119208581,0.0419395777092336,0.138865674855645,"MTMR4"
"ENSG00000108395.14",1514.58880668194,-0.0208343954564107,0.0665749178517045,-0.312946619067849,0.754321218246059,0.860733328274533,"TRIM37"
"ENSG00000108405.4",200.596813928856,-0.206610202088127,0.131055986352686,-1.57650335431544,0.114909846341977,0.267355925560634,"P2RX1"
"ENSG00000108406.10",2872.35289617688,-0.102102065973319,0.062033960742866,-1.64590596425944,0.0997831208324044,0.244067311356493,"DHX40"
"ENSG00000108417.4",0.521389434294967,-0.317617410801272,0.522569189557895,-0.607799727094479,0.543320310320861,0.711120143551222,"KRT37"
"ENSG00000108423.15",444.301758621314,-0.112564433934676,0.0663716209218491,-1.69597235039985,0.089891116468553,0.22847125281224,"TUBD1"
"ENSG00000108424.11",10630.1157598619,0.0603641379768709,0.0614109552399055,0.982953900343266,0.325630127930486,0.519015887073423,"KPNB1"
"ENSG00000108433.17",2292.15225861475,-0.054139342855405,0.0471752267667058,-1.1476223129385,0.251124514449195,0.441188182052725,"GOSR2"
"ENSG00000108439.11",797.464421541453,0.0965863236833193,0.0603252672986521,1.60109234502269,0.109356467444895,0.258929298815368,"PNPO"
"ENSG00000108443.14",1776.76680304103,-0.0312612466532839,0.0571933781763352,-0.54658856759433,0.584661425091029,0.742725044083859,"RPS6KB1"
"ENSG00000108448.21",802.207430209611,0.214731076354288,0.195679491795289,1.09736117149635,0.272483539934758,0.464748383979799,"TRIM16L"
"ENSG00000108452.1",1.6724505654812,-0.0886675124193397,0.310648588390753,-0.285427057237447,0.775316980628189,0.87473747792383,"ZNF29P"
"ENSG00000108465.15",361.005982533767,-0.384895034923303,0.136140186786379,-2.8271963188008,0.0046957530303769,0.032009767739627,"CDK5RAP3"
"ENSG00000108468.15",3434.55829261398,0.0836426286658237,0.0700646645146555,1.19379189560421,0.232559382662988,0.419221372407757,"CBX1"
"ENSG00000108469.15",1464.01273867235,0.0175220178059234,0.0705046705617638,0.24852279524622,0.80372993514549,0.892101374589058,"RECQL5"
"ENSG00000108474.17",347.981450499102,-0.165143759753037,0.0752016543256818,-2.19601232491291,0.0280910612319846,0.106026603902025,"PIGL"
"ENSG00000108479.12",1109.75332222641,0.228877420666769,0.0942550648336424,2.42827715487471,0.0151707449970776,0.0709281860957314,"GALK1"
"ENSG00000108506.13",887.971638570656,-0.0837134848863988,0.0661140323550236,-1.26619844387752,0.205442044509254,0.386781390003575,"INTS2"
"ENSG00000108509.21",1364.16071789166,-0.097649882064073,0.0680462063799721,-1.43505255118549,0.15127212313754,0.318986607067732,"CAMTA2"
"ENSG00000108510.10",4801.48950494024,-0.178231182984357,0.0759773055938954,-2.34584763951774,0.0189838658900725,0.0824308968057223,"MED13"
"ENSG00000108511.10",142.889553815147,0.237361545597456,0.183466782760228,1.29375760574416,0.195749160495283,0.375515805264735,"HOXB6"
"ENSG00000108515.18",510.546353833127,-0.735795029313624,0.199380008803244,-3.69041527147155,0.000223888254328174,0.00390548034907426,"ENO3"
"ENSG00000108518.8",16491.1786975455,0.248706079425807,0.0721860180425222,3.44534975290233,0.000570320925036083,0.00737099943991705,"PFN1"
"ENSG00000108523.16",3974.77230102931,0.0539730823407974,0.0654411779603333,0.824757194522274,0.409509453208899,0.598777983847176,"RNF167"
"ENSG00000108528.14",2389.21659270518,0.0808544967282675,0.0711188440253073,1.13689272985787,0.25558313171103,0.446160574531725,"SLC25A11"
"ENSG00000108551.5",4090.99124334261,-0.124584232106704,0.196950823473605,-0.63256517494785,0.527017634827246,0.69818145383405,"RASD1"
"ENSG00000108556.10",49.2479057466297,0.0547746611931064,0.1301501279938,0.420857528436052,0.67385912031396,0.807936894720998,"CHRNE"
"ENSG00000108557.19",2443.4220740393,-0.00415873764543459,0.0815312102156238,-0.0510079224193541,0.959319207590274,0.979471736331667,"RAI1"
"ENSG00000108559.12",1501.99548075697,0.11762292589298,0.064254371875394,1.8305824562581,0.0671628890905086,0.188922738417029,"NUP88"
"ENSG00000108561.8",3041.13117011372,0.214634910527456,0.0902359627904786,2.37859611500819,0.0173787056254778,0.077754591179792,"C1QBP"
"ENSG00000108576.10",544.663331277262,-0.533852502236826,0.325144211455979,-1.64189452995722,0.100611863683446,0.245275478579757,"SLC6A4"
"ENSG00000108578.15",1446.6170635158,-0.0162022265974049,0.0808143793392524,-0.200486927325015,0.841099780933457,0.913508648177755,"BLMH"
"ENSG00000108582.12",15800.028646004,0.169523055667553,0.117766265483466,1.43948740304883,0.150012476493187,0.317124537361168,"CPD"
"ENSG00000108587.16",2528.03048866852,0.0709466531698581,0.0451552834014675,1.5711705879262,0.116143029941135,0.269195001878869,"GOSR1"
"ENSG00000108588.14",6007.5897303989,0.0035455809484244,0.0543043847723014,0.065290877767809,0.947942405334935,0.972538488823642,"CCDC47"
"ENSG00000108590.11",167.739339477954,0.0617998478640703,0.085465739564204,0.723094987291892,0.469621528742861,0.650520910833436,"MED31"
"ENSG00000108591.10",1015.99400224091,-0.0269087790894279,0.0555931701719867,-0.48403030455326,0.628364362275641,0.775435771986185,"DRG2"
"ENSG00000108592.17",2888.16706734915,0.11379146044967,0.0651984490205369,1.7453093157757,0.0809310412234779,0.213662704482865,"FTSJ3"
"ENSG00000108599.15",1327.54660679713,-0.0838367849796895,0.0513672942659905,-1.63210436091037,0.102657503250263,0.248676199844738,"AKAP10"
"ENSG00000108602.18",1293.83549254864,-0.488537217306455,0.279046240462363,-1.75073929144137,0.0799908280581794,0.211902242701501,"ALDH3A1"
"ENSG00000108604.16",4908.60486581427,0.0197168675210471,0.0590422465317468,0.333945076267473,0.738421004419082,0.850690179475023,"SMARCD2"
"ENSG00000108622.11",363.675770386129,0.184146076141486,0.111920631315553,1.64532735365206,0.0999023218512882,0.244203230645737,"ICAM2"
"ENSG00000108639.8",15281.7552318251,0.189668806142839,0.0913803362680329,2.07559759450338,0.0379311841114561,0.129830266754579,"SYNGR2"
"ENSG00000108641.19",531.32842339787,-0.121740871547287,0.0857079637395872,-1.42041493270312,0.155486918001207,0.324716218856743,"B9D1"
"ENSG00000108651.10",2173.76018932014,0.0552987582491342,0.0501099128640737,1.10354927974302,0.269788703372359,0.461589768301349,"UTP6"
"ENSG00000108654.16",28074.4630124612,-0.0973205790374955,0.0436314673693624,-2.23051354687725,0.025713369124647,0.100184341517481,"DDX5"
"ENSG00000108666.10",867.974095172663,-0.0287469646251602,0.06357450098512,-0.452177589752354,0.651141051238613,0.791473326444837,"C17orf75"
"ENSG00000108669.16",3963.74058918656,-0.00460077210171246,0.0596414398879471,-0.0771405269617279,0.938511753181421,0.967933824809302,"CYTH1"
"ENSG00000108671.11",5360.79113033943,0.207737269719667,0.0689170063308544,3.01431070180805,0.00257563885885079,0.0213416487127226,"PSMD11"
"ENSG00000108679.13",48643.6140012942,0.175044183481798,0.0985911952034384,1.77545452330304,0.0758228681483714,0.204303233187417,"LGALS3BP"
"ENSG00000108684.15",7.42243736970995,0.298397323336286,0.15867018669225,1.88061367769766,0.0600244897818155,0.175797353275705,"ASIC2"
"ENSG00000108688.11",51.0478218116463,0.116199985394683,0.212095269611536,0.547866935493233,0.583783273742117,0.74199803514913,"CCL7"
"ENSG00000108691.9",2617.71691043641,-0.0373634685950126,0.147087093857903,-0.254022753560611,0.799477979725404,0.889546834402709,"CCL2"
"ENSG00000108700.5",233.901275624792,-0.0173928640191611,0.185369472781878,-0.0938280923937626,0.925245715618023,0.960799900504377,"CCL8"
"ENSG00000108702.4",4.57803914392472,0.203218261076437,0.252172799747629,0.805869075807602,0.420318343756643,0.608337511465798,"CCL1"
"ENSG00000108733.11",345.419903260057,0.104159067024071,0.0591755120488942,1.7601717909599,0.0783786833530922,0.208974253613718,"PEX12"
"ENSG00000108759.4",8.8533802614603,0.212891850914466,0.271925354175766,0.782905483601425,0.433682617124842,0.619549254320419,"KRT32"
"ENSG00000108771.13",1058.8129466295,-0.00550586705979063,0.0895048377546182,-0.061514742643132,0.950949273710039,0.974354260319955,"DHX58"
"ENSG00000108773.11",2701.23672112891,-0.0990002340157893,0.0986923601616986,-1.003119530768,0.315803192350295,0.509870310989689,"KAT2A"
"ENSG00000108774.15",2306.29398569992,0.0864075501327038,0.055025071387274,1.5703305412283,0.116338232445859,0.269276710555215,"RAB5C"
"ENSG00000108784.10",1870.22092055219,0.0957900618252698,0.0781119363267104,1.22631785012497,0.220079086641401,0.404535475313514,"NAGLU"
"ENSG00000108785.7",31.3129309694929,-0.118591275206271,0.106582070571128,-1.11267565520909,0.265847754826029,0.45745654855401,"HSD17B1P1"
"ENSG00000108786.11",45.1170019674929,0.0778851128491165,0.17119962968954,0.454937390871444,0.64915428201121,0.789992612406283,"HSD17B1"
"ENSG00000108788.12",2635.09386670233,0.125938745469845,0.0661292057853465,1.90443456826986,0.0568536107215872,0.169410835205746,"MLX"
"ENSG00000108797.12",431.572821286471,-0.12795200774481,0.0877699023421812,-1.45781189599567,0.144892398401472,0.310338562788228,"CNTNAP1"
"ENSG00000108798.9",701.2937408566,0.00606801135052126,0.102529205174009,0.0591832477411957,0.95280615261784,0.975232947999214,"ABI3"
"ENSG00000108799.13",1584.15213954815,-0.208484601080854,0.0582793500564727,-3.57733229486658,0.00034711878415056,0.00531583517972612,"EZH1"
"ENSG00000108813.11",137.615865591643,-0.00697442945400598,0.144979260510292,-0.0481063941798137,0.961631450289006,0.980669285358031,"DLX4"
"ENSG00000108819.11",3351.51830492876,0.0820845170128739,0.0683221755688662,1.20143300955245,0.229583277933084,0.415794823218644,"PPP1R9B"
"ENSG00000108821.14",138781.743148639,0.226327892748968,0.17567909858768,1.28830290323929,0.197640542907094,0.377867180741083,"COL1A1"
"ENSG00000108823.16",237.07432613994,-0.0529569095355287,0.166855892601187,-0.317381116782639,0.750954433754491,0.858834322523728,"SGCA"
"ENSG00000108826.16",1688.60413133747,0.139736135516895,0.0703195710118956,1.98715853219947,0.0469048315633449,0.149449952841271,"MRPL27"
"ENSG00000108828.16",9596.70730914606,0.231989412862226,0.087163844241866,2.66153259852207,0.00777858084254503,0.0452116431548275,"VAT1"
"ENSG00000108829.10",7359.91865100077,0.233776376692956,0.0709504680427294,3.29492367199278,0.000984484163906945,0.010896419969732,"LRRC59"
"ENSG00000108830.10",210.725830170679,-0.0290398570247425,0.160558544610436,-0.180867714609658,0.856471410874269,0.92304816946044,"RND2"
"ENSG00000108839.12",72.0708974693299,-0.277861762773785,0.105359420875019,-2.63727496284735,0.00835750573176092,0.0475472382651258,"ALOX12"
"ENSG00000108840.15",2840.60387649406,-0.0522105794235663,0.0706561819002785,-0.738938589934768,0.459944288082584,0.642428477224932,"HDAC5"
"ENSG00000108846.16",9799.71214452882,-0.0612637826391778,0.144153482278477,-0.424989959804285,0.670843993895371,0.805917061331344,"ABCC3"
"ENSG00000108848.16",4941.4922465958,-0.228657706415624,0.0655689204318102,-3.4872879545641,0.000487945684045723,0.00664968303681304,"LUC7L3"
"ENSG00000108852.15",170.878552461585,-0.217118230760206,0.1538195224409,-1.41151283864912,0.158093452703582,0.32818339698593,"MPP2"
"ENSG00000108854.16",3123.88382005717,0.090170594101091,0.0842381086384063,1.07042519779439,0.284427962272415,0.477002828326391,"SMURF2"
"ENSG00000108861.9",4494.42450693703,-0.0076687814386798,0.0571882484201514,-0.134097155456462,0.893325748945875,0.943725024897827,"DUSP3"
"ENSG00000108878.5",4.67296768645172,0.239275115355295,0.253336895733507,0.944493752726001,0.344917392791505,0.538314961476072,"CACNG1"
"ENSG00000108883.13",5230.34023349992,0.0715150993505611,0.0567827846852478,1.25945037297794,0.207867704634344,0.389691958465635,"EFTUD2"
"ENSG00000108924.14",1080.09641852712,-0.238823030358223,0.193994893538151,-1.23107895265943,0.218293336607057,0.402238214282641,"HLF"
"ENSG00000108932.12",204.26413140491,-0.195685068745997,0.128151502917465,-1.52698223814064,0.126765428152365,0.285181525743407,"SLC16A6"
"ENSG00000108946.15",13877.2794503991,-0.0517029104536707,0.0522009212780682,-0.99045973112726,0.321949462454826,0.515805020958788,"PRKAR1A"
"ENSG00000108947.5",250.491089942201,0.0121695776826797,0.161308135355118,0.0754430497624219,0.939862208026444,0.968426619164507,"EFNB3"
"ENSG00000108950.12",2572.17238898037,-0.207968538463132,0.127707323943048,-1.6284777727852,0.103423618526347,0.249836603141955,"FAM20A"
"ENSG00000108953.17",19051.9461500714,0.102642365667736,0.0709159732413165,1.44738006088501,0.147790507070691,0.314040678574452,"YWHAE"
"ENSG00000108958.4",28.6805531522365,0.119372281773618,0.0930317743465418,1.2831345270161,0.199444949227728,0.380130564153811,"AC130689.1"
"ENSG00000108960.9",1457.27825078368,0.291289963821259,0.102587683852037,2.83942431375475,0.00451950151735472,0.031251578261248,"MMD"
"ENSG00000108961.14",31.9441038468163,-0.0541284003560546,0.090262242544547,-0.599679321387796,0.548719972064463,0.715011116631788,"RANGRF"
"ENSG00000108963.19",505.294214105971,-0.0453762298077001,0.0576514467031647,-0.787078770830034,0.431235755880545,0.617351738068928,"DPH1"
"ENSG00000108984.15",657.815815494695,-0.196934332778509,0.145175456667865,-1.35652635299821,0.174931756385572,0.350306843268712,"MAP2K6"
"ENSG00000109016.17",1161.28407776076,0.124322187410322,0.0756268590963847,1.64388933899629,0.100199062706885,0.244623259859229,"DHRS7B"
"ENSG00000109046.15",12683.9269227598,-0.372431420083819,0.109067137089435,-3.41469878115921,0.000638525824352265,0.0079737525943693,"WSB1"
"ENSG00000109061.10",9.59873584432557,-0.338950306126942,0.236639070061551,-1.43235141195738,0.152043276433768,0.320033938313805,"MYH1"
"ENSG00000109062.12",2801.98238722981,0.248328581100453,0.107966568087966,2.30005070549364,0.0214453475379916,0.0889583797137249,"SLC9A3R1"
"ENSG00000109063.15",89.7952999665802,-0.282286370160935,0.122740984636457,-2.29985420922791,0.0214564810696902,0.088982389667812,"MYH3"
"ENSG00000109065.12",1633.40931023713,0.0489842079239419,0.07520531655541,0.651339694685696,0.514827229835531,0.689023273955392,"NAT9"
"ENSG00000109066.14",1438.33901428656,0.139054400965877,0.0666838765786787,2.08527770280136,0.0370441001772879,0.127873851148347,"TMEM104"
"ENSG00000109072.14",55.3587309232848,0.663719051101799,0.18590011641793,3.57029927625038,0.000356573603144792,0.00541703277639937,"VTN"
"ENSG00000109079.10",3278.57708322544,0.105438553290078,0.0590194464896684,1.78650528870235,0.0740174816810791,0.201364097369625,"TNFAIP1"
"ENSG00000109083.14",807.869374973731,0.0098782366017401,0.0663251985667991,0.148936404491745,0.881603814931101,0.936886410529199,"IFT20"
"ENSG00000109084.14",2138.65924005904,0.0690068636565663,0.104339319502071,0.661369692517468,0.508375257288249,0.683822456678907,"TMEM97"
"ENSG00000109089.7",1636.42464260986,0.357811306428406,0.103934004556546,3.44267795660406,0.000575984767022329,0.00741254768012153,"CDR2L"
"ENSG00000109099.16",3565.0131735192,-0.00902040366170597,0.101806709325899,-0.0886032337302078,0.929397238050668,0.962828585319753,"PMP22"
"ENSG00000109101.8",27.9973214876206,-0.141755307732671,0.203934297412663,-0.695102832290283,0.486990859931599,0.66573035160917,"FOXN1"
"ENSG00000109103.12",1225.00909861823,0.0324864552165558,0.0626705340222203,0.518368890953402,0.604200915434793,0.757423792362775,"UNC119"
"ENSG00000109107.14",911.984741466127,0.145029028258141,0.128912402323634,1.12501997980029,0.260580567862632,0.451755303366518,"ALDOC"
"ENSG00000109111.15",6584.81002758537,-0.00168379836854479,0.0567899704147587,-0.0296495729130932,0.976346529205564,0.988124046794127,"SUPT6H"
"ENSG00000109113.20",4397.09470661154,0.107128105635499,0.0840750739637153,1.2741957941272,0.202594035407285,0.383454418465875,"RAB34"
"ENSG00000109118.14",2826.40054028164,-0.0636103050864309,0.0580062436022393,-1.09661134967849,0.272811323925385,0.465064383381866,"PHF12"
"ENSG00000109132.7",3.1664521585984,-0.226173498539517,0.594358154904173,-0.380534020898531,0.70354904753261,0.827475604265176,"PHOX2B"
"ENSG00000109133.13",4288.1849889959,0.196592625999796,0.0649055968944958,3.02890097936172,0.00245445116953439,0.020651262842838,"TMEM33"
"ENSG00000109158.11",1.6039662241639,-0.762153752364921,0.405280280812655,-1.8805596730161,0.0600318418103353,0.175797353275705,"GABRA4"
"ENSG00000109163.7",11.3781525363763,-0.587900017403825,0.180213114556066,-3.26224880387894,0.00110532084859552,0.0117946945552213,"GNRHR"
"ENSG00000109171.15",2916.65042606758,0.0788954756560305,0.0476499071374001,1.65573199184907,0.0977761055584639,0.240981186887695,"SLAIN2"
"ENSG00000109180.15",5756.16540437414,0.142740192256576,0.0544317383252488,2.62237063611038,0.00873204110741965,0.0490080655073032,"OCIAD1"
"ENSG00000109181.12",1.47661242482031,-0.774437481217756,0.505948422289377,-1.53066488025299,0.125852237750356,0.283721462041075,"UGT2B10"
"ENSG00000109182.12",42.0582953782025,-0.786417225974359,0.324348704428963,-2.42460418443446,0.015325085347426,0.0713691518354808,"CWH43"
"ENSG00000109184.15",1546.56681064401,0.0129781908083638,0.065246940826548,0.198908801607495,0.84233408440131,0.914224243585096,"DCUN1D4"
"ENSG00000109189.13",796.931214947038,-0.0177648789053494,0.0638914431509642,-0.278047857885666,0.780975621331259,0.878549797594574,"USP46"
"ENSG00000109193.12",11.5154991707873,-0.101281509679444,0.22969276085299,-0.440943411987926,0.659253964440454,0.797201156404041,"SULT1E1"
"ENSG00000109205.16",29.1483571563391,-0.254532876953318,0.303616722431768,-0.83833615920322,0.401841933252271,0.591775214053494,"ODAM"
"ENSG00000109220.11",621.509815909095,0.156224450139958,0.0641884511437474,2.4338404706183,0.0149395778405678,0.0701824982427011,"CHIC2"
"ENSG00000109255.11",251.001685465356,0.0330866285624404,0.241498641180764,0.137005444008584,0.891026491995396,0.942163024773001,"NMU"
"ENSG00000109265.14",227.56889762876,0.12133779783329,0.141925485605602,0.854940163252117,0.392584274518941,0.583261557925794,"CRACD"
"ENSG00000109270.13",1913.25033414343,0.038844648997942,0.0574274539726206,0.676412522422842,0.498778768888666,0.675501019103053,"LAMTOR3"
"ENSG00000109272.4",7.95763873005244,-0.993647209299337,0.280489496800454,-3.54254694251969,0.000396282884850858,0.00578289711520896,"PF4V1"
"ENSG00000109320.13",3326.8057530859,0.102756877927434,0.062474743708617,1.64477470138482,0.100016281134493,0.244374141186753,"NFKB1"
"ENSG00000109321.11",3039.03263195138,-0.058160619311809,0.222402804827287,-0.261510277970529,0.793699024544425,0.886107830862732,"AREG"
"ENSG00000109323.11",2433.79052599935,0.0264137881281721,0.0656447079919438,0.402374980956785,0.687408079915429,0.817060949825932,"MANBA"
"ENSG00000109332.20",11643.1117654169,0.0834486318971579,0.0511303140592608,1.63207743649765,0.102663174342354,0.248676199844738,"UBE2D3"
"ENSG00000109339.24",505.227579140726,-0.0899692907324996,0.169884905178965,-0.529589669180566,0.596396458619874,0.751659119353099,"MAPK10"
"ENSG00000109381.20",1555.10005292088,-0.0686543012269016,0.0476713421377939,-1.44015876516454,0.149822486373741,0.31690216256931,"ELF2"
"ENSG00000109390.13",1546.37051976069,0.132179776131386,0.0655402735873135,2.0167718090968,0.043719332153518,0.142840797388329,"NDUFC1"
"ENSG00000109436.8",2301.96724996027,-0.0595049758551358,0.0742521815078286,-0.801390270922371,0.422905745720521,0.610545986395789,"TBC1D9"
"ENSG00000109445.11",1524.411764331,-0.0832404756952946,0.0677943271523375,-1.22783836335227,0.219507651171988,0.403782984168683,"ZNF330"
"ENSG00000109452.12",1511.06384698089,0.276344995895738,0.130342925242227,2.12013805415356,0.0339944045864459,0.120252945746744,"INPP4B"
"ENSG00000109458.8",1297.06671797667,-0.0698853232852246,0.0986866059802424,-0.708154086272012,0.478849575043661,0.658719895129684,"GAB1"
"ENSG00000109466.14",1434.12671630021,0.100296996847588,0.0668082308347343,1.50126706836013,0.133286499036222,0.294256707376387,"KLHL2"
"ENSG00000109471.5",3.93832327489736,-0.394950120507259,0.182505811254726,-2.16404134088652,0.0304611767514706,0.111813005246605,"IL2"
"ENSG00000109472.14",7112.67052616366,-0.0579172108138936,0.175878452269028,-0.329302481723583,0.741927068492016,0.852875419214995,"CPE"
"ENSG00000109475.16",16727.3050144788,0.124666642939128,0.0831509206640094,1.49928157071012,0.13380060130023,0.295020908966471,"RPL34"
"ENSG00000109501.14",2825.22989154521,-0.00238907843703843,0.117659905110589,-0.0203049495475363,0.983800107434041,0.992148425650522,"WFS1"
"ENSG00000109511.12",74.8670218190441,1.99472387419095,0.30756676065034,6.48549885551083,8.84386712563025e-11,6.40084496116539e-08,"ANXA10"
"ENSG00000109519.13",1612.68390865252,0.271434864321864,0.0597713996308656,4.5412164680463,5.5930567595474e-06,0.000260069327787167,"GRPEL1"
"ENSG00000109534.17",825.41091323267,0.186512061803743,0.0621850211478485,2.9993084887806,0.00270593177073582,0.0220270610854795,"GAR1"
"ENSG00000109536.12",880.301366720019,0.0976704018213252,0.0624090193662078,1.56500459089428,0.117581832861455,0.271248057196261,"FRG1"
"ENSG00000109572.14",3637.28210791842,0.193733267268292,0.0628444731949942,3.08274152712164,0.00205103215484253,0.0181754095105596,"CLCN3"
"ENSG00000109576.14",259.024639215067,-0.049350141162472,0.114306853872097,-0.431733876760286,0.665934842767843,0.80253995222869,"AADAT"
"ENSG00000109586.12",2830.5201043394,0.148642266205308,0.0965232491697635,1.5399633506315,0.123569287145262,0.280187446497801,"GALNT7"
"ENSG00000109606.13",6111.15124987053,0.0548421802053751,0.0511812821331203,1.07152806494243,0.283932058575552,0.476657539790273,"DHX15"
"ENSG00000109610.6",1916.98958355477,-0.0171990016024555,0.140647981969592,-0.122284026842091,0.902674081789807,0.948266377478633,"SOD3"
"ENSG00000109618.12",669.5707467883,-0.0705681326269787,0.0640954770277764,-1.10098459203911,0.270903363149396,0.462965014914286,"SEPSECS"
"ENSG00000109625.19",12.8943619113358,0.0701474388496778,0.162001066621941,0.433006030839164,0.66501038851006,0.801871912874658,"CPZ"
"ENSG00000109654.16",4223.6193864766,-0.293404430298711,0.127448189252638,-2.30214671561242,0.0213268997010811,0.0886625935556975,"TRIM2"
"ENSG00000109667.12",229.820397614403,0.030243942232404,0.0993137438908501,0.304529273064596,0.760724694412914,0.865102454489194,"SLC2A9"
"ENSG00000109670.16",1181.33724332967,0.121403034603818,0.0841076906557324,1.44342370664702,0.148901149939941,0.315675368374328,"FBXW7"
"ENSG00000109674.4",223.77525605802,0.324702139310704,0.192831701538885,1.68386285408174,0.0922081766050419,0.232285625280846,"NEIL3"
"ENSG00000109680.11",309.456302998428,-0.0946695841306327,0.0868151916030236,-1.09047255880658,0.275505034794922,0.467972843606613,"TBC1D19"
"ENSG00000109684.15",73.3131081113895,-0.476536235216558,0.150770893662663,-3.16066465907384,0.00157409606934512,0.0150826601161007,"CLNK"
"ENSG00000109685.19",4099.37772456943,0.0970870780581079,0.0862064797758453,1.12621555027597,0.260074293002964,0.451183025217429,"NSD2"
"ENSG00000109686.19",3425.31491142181,0.0798527645282038,0.0734654227724174,1.08694351049436,0.277061775565035,0.469688766937558,"SH3D19"
"ENSG00000109689.18",1866.12633369633,0.0726084518388316,0.0653161778700426,1.1116457546444,0.266290491633071,0.457954432625834,"STIM2"
"ENSG00000109705.8",20.1866757264055,0.286327031193101,0.245545877929442,1.16608364028565,0.243580630386029,0.432350300577601,"NKX3-2"
"ENSG00000109736.15",4328.11510944372,0.0932223715185496,0.0907896102784404,1.02679559073608,0.304516726048014,0.497765589318863,"MFSD10"
"ENSG00000109738.11",327.611960035431,0.0576828141340164,0.125116672861296,0.461032193510799,0.644775508035646,0.786670174967725,"GLRB"
"ENSG00000109743.11",349.437690489623,-0.104859274590161,0.1309384355509,-0.800828833405448,0.423230744320479,0.61080329319267,"BST1"
"ENSG00000109756.9",2203.21900578541,-0.111118960082667,0.0745556776121054,-1.4904158025468,0.136114939981091,0.297881725944289,"RAPGEF2"
"ENSG00000109758.9",29.862477827344,-0.0196834673597851,0.233589376677141,-0.0842652505853933,0.932845540122971,0.964629971652195,"HGFAC"
"ENSG00000109762.16",1780.14828758692,-0.116640879484724,0.111742925827929,-1.04383233766706,0.296562967346089,0.489318607981631,"SNX25"
"ENSG00000109771.15",285.642344985103,-0.475888316844498,0.152126043478672,-3.12825014022809,0.00175850453752664,0.0163581703179309,"LRP2BP"
"ENSG00000109775.11",730.667482683884,0.0415628629525708,0.0559934938176755,0.742280220768268,0.457917573088149,0.640803030906834,"UFSP2"
"ENSG00000109787.13",3598.93377429861,0.068630367391788,0.0558067350414773,1.22978646467635,0.218777078103978,0.402817457212462,"KLF3"
"ENSG00000109790.16",1890.49262249634,0.239655044933934,0.0916710216823243,2.61429446880642,0.00894119380149836,0.0497458498050276,"KLHL5"
"ENSG00000109794.13",450.351396677215,0.0490802775527199,0.142254981057798,0.345016232034635,0.730082167752832,0.845330236175663,"FAM149A"
"ENSG00000109805.10",609.967392910135,0.348298581966468,0.154738479221577,2.25088538880962,0.02439279739771,0.0968641941509969,"NCAPG"
"ENSG00000109814.12",6974.32376763504,0.413277967227882,0.143997749133077,2.87003074503579,0.0041043188953316,0.0292915517646892,"UGDH"
"ENSG00000109819.9",441.125969633623,-0.0383382368371755,0.210634412351515,-0.182013168737097,0.855572391367301,0.92275653975806,"PPARGC1A"
"ENSG00000109832.14",20.6727027984026,-0.11307571249441,0.215598674138577,-0.524473134847435,0.599949500598647,0.754281127474155,"DDX25"
"ENSG00000109846.9",701.694043704491,-0.0969527402901234,0.155182343524117,-0.624766568724076,0.532124275339712,0.701843062047998,"CRYAB"
"ENSG00000109854.14",2958.74123239033,0.267189693024004,0.0883404676356782,3.02454469820005,0.00249007673662601,0.0208349144992435,"HTATIP2"
"ENSG00000109861.17",16426.2082174596,0.20602047922053,0.0942609616441068,2.18563948030134,0.0288419917959699,0.107855378284087,"CTSC"
"ENSG00000109881.17",540.88369260022,0.192854330851267,0.107735917075809,1.79006533833618,0.0734434082065001,0.200356554360784,"CCDC34"
"ENSG00000109906.14",1493.36160096505,-0.224441089840119,0.229799290920891,-0.976683126134553,0.328726051435475,0.52234538486939,"ZBTB16"
"ENSG00000109911.19",485.991705334561,-0.00581778110078181,0.07514721334915,-0.0774184542778873,0.93829066045034,0.967868131759126,"ELP4"
"ENSG00000109917.11",2153.70541784225,0.153712698646401,0.0554606989515466,2.77156079083482,0.00557882542334147,0.0361142980399198,"ZPR1"
"ENSG00000109919.10",3554.36648430795,0.0953953580474287,0.058461414648577,1.63176615928419,0.102728756793925,0.248774258069548,"MTCH2"
"ENSG00000109920.13",2801.32438099382,-0.25628692282063,0.0671286205956454,-3.81784878858743,0.000134620390295298,0.00273287600859839,"FNBP4"
"ENSG00000109927.11",45.5041213055319,-0.243213926105738,0.115311588689646,-2.10918892775239,0.0349282772558509,0.122484425392779,"TECTA"
"ENSG00000109929.10",4535.27555414637,-0.0508600771563782,0.102058184102636,-0.498343935898663,0.618241645327957,0.767890035764982,"SC5D"
"ENSG00000109943.9",118.236002686927,-0.0757812379789786,0.13956740719002,-0.542972313556008,0.587148865152799,0.744201742396624,"CRTAM"
"ENSG00000109944.11",327.902339957688,-0.0290768246385177,0.117693112579775,-0.247056297528106,0.804864654989535,0.892495514866873,"JHY"
"ENSG00000109956.13",233.328078596906,-0.480172922355274,0.215485492268053,-2.2283306282075,0.025858475357293,0.10054966363821,"B3GAT1"
"ENSG00000109971.14",48535.7562284789,0.148648599654597,0.0713832288004078,2.08240229746722,0.0373057387753489,0.128427252719232,"HSPA8"
"ENSG00000109991.9",9.50585440531326,-0.594310337294429,0.17960162786516,-3.30904760919329,0.000936139169695937,0.0105029410482875,"P2RX3"
"ENSG00000110002.16",2117.47692596525,0.0102411633977883,0.10439170620439,0.0981032284091318,0.921850323995155,0.958769261715369,"VWA5A"
"ENSG00000110011.13",1225.48817366371,0.0285017555407174,0.0688723964169972,0.413834235825768,0.678995509287673,0.811581729400248,"DNAJC4"
"ENSG00000110013.13",2235.64734026804,-0.0779789873692248,0.10569844488319,-0.737749618316537,0.460666614139,0.643122969461968,"SIAE"
"ENSG00000110025.13",35.5126124619128,-0.284198616579281,0.113053130669681,-2.51385003578233,0.0119421202640557,0.0602681536988338,"SNX15"
"ENSG00000110031.13",1240.83699184084,-0.0165711384184852,0.0947960370353972,-0.174808345757086,0.86123023035072,0.9255897487134,"LPXN"
"ENSG00000110042.8",3383.82855626824,-0.150855893853465,0.109208374956355,-1.38135828789462,0.167168824481307,0.339424996856508,"DTX4"
"ENSG00000110046.13",2175.37548091864,-0.0866470485560386,0.0695560266646247,-1.24571590286232,0.212868713174875,0.395636580568923,"ATG2A"
"ENSG00000110047.18",4269.14114903599,0.320647445019208,0.0915115718931059,3.50390052739728,0.000458496588717865,0.00638424380099702,"EHD1"
"ENSG00000110048.12",3490.97088942525,0.0102585578282147,0.0437142407919175,0.234673132653638,0.814462442478435,0.898502206747558,"OSBP"
"ENSG00000110057.8",3453.26748299547,-0.0346779563323484,0.0920899220406797,-0.376566247032219,0.706495975267549,0.829648707438275,"UNC93B1"
"ENSG00000110060.9",562.414560104229,0.058068003003245,0.0574257843499648,1.01118345461973,0.311928633195149,0.50599493202914,"PUS3"
"ENSG00000110063.10",1087.05412032415,0.0378973249456082,0.0597928651317204,0.633810152133076,0.526204726955983,0.697628806746202,"DCPS"
"ENSG00000110066.15",2632.46077162255,-0.179424398725635,0.049903720976465,-3.59541122815779,0.000323879558500732,0.00505528464189633,"KMT5B"
"ENSG00000110074.11",1139.56503321692,-0.0454250385824285,0.0732863190239558,-0.619829719754106,0.535369899906983,0.70417470281302,"FOXRED1"
"ENSG00000110075.15",4693.98962229366,-0.0599238371041828,0.0483442038958777,-1.23952474702541,0.215151229934465,0.3984109181939,"PPP6R3"
"ENSG00000110076.19",91.6919891901399,0.0596441408391,0.134561865643327,0.443246982003017,0.657587099655145,0.796110664269802,"NRXN2"
"ENSG00000110077.14",2665.82726437704,0.0236294579241755,0.123717655840482,0.19099503432754,0.848529483577939,0.918015536241521,"MS4A6A"
"ENSG00000110079.18",1231.95899759059,0.148817216744458,0.130507267250008,1.14029831349831,0.254162040206652,0.444633324817407,"MS4A4A"
"ENSG00000110080.20",1675.46774241548,0.205578580663543,0.104310367595673,1.97083554973561,0.0487426890093188,0.153180134527775,"ST3GAL4"
"ENSG00000110090.13",3369.79242983095,-0.0861265805646952,0.0824450014819148,-1.0446549701814,0.296182463674422,0.488860381890462,"CPT1A"
"ENSG00000110092.4",11557.1944316415,0.0816601800417717,0.111823901607986,0.73025693852145,0.465233144421918,0.646992776827022,"CCND1"
"ENSG00000110104.13",626.315438298426,0.197461643272643,0.0897765469696204,2.19947915060113,0.0278438700462569,0.105343394965848,"CCDC86"
"ENSG00000110107.9",5136.51823253336,0.034579814666434,0.0690499406624228,0.500794270562675,0.61651591829866,0.766640342011689,"PRPF19"
"ENSG00000110108.10",5501.00096413202,0.0635198901322497,0.072876462908923,0.871610498051112,0.383420901634984,0.574906867147069,"TMEM109"
"ENSG00000110148.10",4.3514890997332,-0.115586576337173,0.301420870501157,-0.383472372516851,0.701369551071384,0.82590091125171,"CCKBR"
"ENSG00000110169.11",81.7840532830256,-0.564762943817168,0.193979210477715,-2.91146119435335,0.00359742590106741,0.0267686943995748,"HPX"
"ENSG00000110171.20",555.153733277965,-0.0226258776276167,0.0733895960675734,-0.308298162682132,0.757855463972067,0.86319069997411,"TRIM3"
"ENSG00000110172.12",1385.21309959869,-0.0665323713138796,0.0847229265589086,-0.785293591901821,0.432281452088047,0.618223020771869,"CHORDC1"
"ENSG00000110195.14",6758.97586133405,-0.208199363569842,0.209479005822156,-0.99389131026619,0.320275785369592,0.514074907063437,"FOLR1"
"ENSG00000110200.8",174.907008801771,0.0103470330262559,0.074590000569371,0.138718768565135,0.889672386323957,0.941478743774308,"ANAPC15"
"ENSG00000110203.9",37.4878056822001,0.242298202969273,0.268786100098907,0.901453620109498,0.367347183021953,0.559883252350755,"FOLR3"
"ENSG00000110218.9",1185.58606954781,0.217977356901992,0.0740799159341577,2.94246226056372,0.00325613471412072,0.025032914202861,"PANX1"
"ENSG00000110237.5",2892.80208973535,-0.166289879677249,0.077822389864085,-2.13678711187963,0.032615310866445,0.116947931575288,"ARHGEF17"
"ENSG00000110243.12",3.18143594007676,-0.861944954557233,0.290883027320777,-2.9632012651144,0.00304457426874641,0.0238669675369376,"APOA5"
"ENSG00000110244.7",0.748522756187186,-0.277769455722082,0.718465479232432,-0.386614894871268,0.69904132933716,0.824296344039883,"APOA4"
"ENSG00000110245.12",1.58988442133982,1.00714510123252,0.515276355350978,1.95457270797243,0.0506335252532465,0.157017693391983,"APOC3"
"ENSG00000110274.16",1321.90353214787,-0.0702393731709062,0.0651777370427193,-1.07765897310717,0.281185973841915,0.473689451354495,"CEP164"
"ENSG00000110315.7",2901.91058029634,-0.0261033793232927,0.0714001230948495,-0.365592917656688,0.714668860688657,0.835287065517973,"RNF141"
"ENSG00000110318.15",444.475495974886,-0.244222732789444,0.11640268146374,-2.09808511039773,0.0358976276242512,0.125066943961301,"CEP126"
"ENSG00000110321.19",45051.5165796221,-0.0426988478066724,0.0461690036239262,-0.924837974726068,0.355050194090237,0.548676481240543,"EIF4G2"
"ENSG00000110324.11",2062.82721619232,-0.0671189176375976,0.107309418084643,-0.62547089375376,0.531662045682921,0.701431523159164,"IL10RA"
"ENSG00000110328.6",1533.32170286659,-0.0238744480938353,0.117249385117774,-0.203621094216009,0.838649607680845,0.912152320778013,"GALNT18"
"ENSG00000110330.8",2719.56039176775,0.0508459061962519,0.0590464697127933,0.861116785534689,0.389173725222116,0.580214089553531,"BIRC2"
"ENSG00000110344.10",1789.68401829663,-0.0489484772904076,0.0745348235640936,-0.656719570125716,0.511361248526173,0.686300289129896,"UBE4A"
"ENSG00000110367.13",7346.4898995401,-0.0682285016069645,0.0494742430411764,-1.37907115729248,0.167872815643995,0.340542874191783,"DDX6"
"ENSG00000110375.3",26.8940981906156,0.67402528047214,0.20793558412148,3.24151002494293,0.00118898252177845,0.0124090266763542,"UPK2"
"ENSG00000110395.7",1925.2691559598,-0.0468712728709825,0.0753083549857005,-0.622391405042407,0.533684530669747,0.702872397324509,"CBL"
"ENSG00000110400.11",2544.20252611271,0.155969352735459,0.137674860129011,1.13288186811525,0.257263865313629,0.448108320880526,"NECTIN1"
"ENSG00000110422.12",5350.30432888206,-0.133115214417921,0.0778271195942448,-1.71039626176483,0.0871926218318253,0.224154384286313,"HIPK3"
"ENSG00000110427.17",107.513089062801,0.650445248755453,0.197265380077611,3.29731070144972,0.000976154511713478,0.0108366496026932,"KIAA1549L"
"ENSG00000110429.14",1830.37093112124,-0.0887354370325429,0.0570280992277279,-1.55599499604922,0.11970928227117,0.274315355555314,"FBXO3"
"ENSG00000110435.12",1359.45113446905,0.0317464238353304,0.0606108221359606,0.523774842784968,0.600435152977267,0.754521308525408,"PDHX"
"ENSG00000110436.13",148.589079496808,-0.703243635283877,0.180885272515571,-3.88778824004778,0.000101161822301579,0.00222063810667116,"SLC1A2"
"ENSG00000110442.12",1703.13858637256,0.0760120256328557,0.0606300189986944,1.25370281732045,0.209950043540187,0.392204399033972,"COMMD9"
"ENSG00000110446.11",2307.73501209746,0.0644308591397215,0.118469846996437,0.54385871825815,0.586538698553451,0.743796484000154,"SLC15A3"
"ENSG00000110448.11",493.102634140851,-0.356948223415228,0.122029973359262,-2.92508646514538,0.00344360526717212,0.0260385987190464,"CD5"
"ENSG00000110455.14",710.990461138747,-0.287494429183563,0.100278635056998,-2.86695594749721,0.00414440696569864,0.0294765522557156,"ACCS"
"ENSG00000110484.7",0.444900963418955,-0.479419835260143,0.704707620186064,-0.680310275534642,0.496308019566934,0.673403191839912,"SCGB2A2"
"ENSG00000110492.15",13039.5031460307,0.204558538765256,0.156673183027881,1.30563849416944,0.191675523199649,0.370759672083613,"MDK"
"ENSG00000110497.14",1841.38445700292,0.0193250202741251,0.0466272287787236,0.414457834623517,0.678538840957005,0.811229929345893,"AMBRA1"
"ENSG00000110514.19",2476.29988239874,-0.104598777675712,0.0569495925495669,-1.83669053619081,0.0662555931588537,0.187360883530237,"MADD"
"ENSG00000110536.14",104.732549301069,0.0140398857762294,0.0630864003062738,0.222550117110314,0.823885663487342,0.903648231329497,"PTPMT1"
"ENSG00000110583.13",1301.92675090849,-0.122141882936391,0.0716595434421278,-1.7044747575741,0.0882924279837202,0.225801709339297,"NAA40"
"ENSG00000110619.18",2084.02984667305,0.117181081692783,0.0570391144707009,2.05439868378347,0.0399371203597861,0.134523123041113,"CARS1"
"ENSG00000110628.16",1323.11638777691,0.0573873142494207,0.114354791389223,0.501835677825644,0.615783114148488,0.766144744547465,"SLC22A18"
"ENSG00000110651.12",23898.0819534134,0.00703819168977877,0.0867881365715215,0.0810962415811133,0.935365414628664,0.966095450432217,"CD81"
"ENSG00000110660.15",1900.66270848427,0.17551229566417,0.106495755529549,1.64806845861074,0.0993386238925697,0.243392494956594,"SLC35F2"
"ENSG00000110665.12",106.160937589067,-0.171017898299795,0.145435689156719,-1.17590049107898,0.239634642621758,0.427424695890747,"C11orf21"
"ENSG00000110675.13",21.7558270480577,0.210861621121093,0.193081463044799,1.09208630282737,0.274795169300941,0.467512676761011,"ELMOD1"
"ENSG00000110680.13",2418.07446130843,0.164089708965469,0.448125771396346,0.366168873649401,0.714239066923931,0.834956891170816,"CALCA"
"ENSG00000110693.18",223.967037793841,-0.406660187577651,0.165930393257372,-2.45078782490973,0.0142543948959183,0.0679134252071281,"SOX6"
"ENSG00000110696.10",6683.12367177413,-0.0248664238677642,0.0499039964301538,-0.498285220554781,0.618283023397753,0.767891663312926,"C11orf58"
"ENSG00000110697.13",2925.3210195498,-0.0371434855655227,0.0905698516398521,-0.410108716013167,0.681726199242063,0.813327254044507,"PITPNM1"
"ENSG00000110700.7",15162.3907031833,0.0787389765741692,0.083601968304537,0.941831611994429,0.346278857725631,0.540034757834899,"RPS13"
"ENSG00000110711.10",2786.31485428108,0.0697133432253804,0.0797717723075235,0.873909920875677,0.382167311492267,0.573414588377666,"AIP"
"ENSG00000110713.17",5099.25524875455,-0.0447108061968244,0.0478290253512693,-0.934804877758978,0.349888865363375,0.543572808488096,"NUP98"
"ENSG00000110717.13",3288.73757126473,0.156884814010102,0.0848050538073019,1.8499465181236,0.0643212583019778,0.183799472375568,"NDUFS8"
"ENSG00000110719.10",4849.20737968916,0.0499362328360135,0.0912196217275567,0.547428633119712,0.584084288296383,0.742267280336342,"TCIRG1"
"ENSG00000110721.12",1071.70942060629,-0.394637165158385,0.0923416280839189,-4.27366479611713,1.9228604610638e-05,0.00064860986150149,"CHKA"
"ENSG00000110723.12",1585.33040342619,-0.403257336767098,0.113443362811244,-3.55470189505992,0.000378407862133152,0.00561673337226884,"EXPH5"
"ENSG00000110756.18",1605.83793610731,-0.00359917153080117,0.0714589794221821,-0.0503669596166094,0.959829965360599,0.979662743700003,"HPS5"
"ENSG00000110768.12",1699.35225625724,-0.0136629233610778,0.0469456332190566,-0.29103715136452,0.771022906039354,0.87182568936683,"GTF2H1"
"ENSG00000110777.12",1126.51358445747,-0.398880057231458,0.165217381972236,-2.41427416697891,0.0157665935139599,0.0728125460556155,"POU2AF1"
"ENSG00000110786.18",17.5199766121636,-0.664401431538934,0.228075755798908,-2.91307346198046,0.00357890396258618,0.0266917635662036,"PTPN5"
"ENSG00000110799.14",12899.9278367746,-0.201134364806728,0.156327062220934,-1.28662537342683,0.1982248954157,0.37862888371055,"VWF"
"ENSG00000110801.14",153.190136537417,0.000474578985857711,0.0575054285609668,0.00825276843827999,0.993415318224423,0.996888693662649,"PSMD9"
"ENSG00000110811.20",1065.56123101817,0.248353313107403,0.123244883780283,2.01512067267765,0.0438920066745299,0.143199617443823,"P3H3"
"ENSG00000110841.14",2594.87639116909,0.122962011033866,0.101242969745687,1.21452394514636,0.224547711712582,0.40937866496309,"PPFIBP1"
"ENSG00000110844.14",374.795892628803,-0.158327078090295,0.0817479189495246,-1.93677197077095,0.052773223623674,0.161427685970505,"PRPF40B"
"ENSG00000110848.8",649.209715866722,-0.0963586126545011,0.147804160798505,-0.651934371359562,0.514443510618279,0.688675826257112,"CD69"
"ENSG00000110851.12",1433.00173050309,0.0308645655806567,0.0487744919148415,0.632801375656462,0.526863358321185,0.698088183570948,"PRDM4"
"ENSG00000110852.4",843.636580222228,0.199197883933849,0.131588380259535,1.51379539394714,0.130077741212221,0.289929586809832,"CLEC2B"
"ENSG00000110871.15",1236.40660918515,0.0525410749248162,0.0703910028913912,0.746417479033275,0.455415263757511,0.638658893258338,"COQ5"
"ENSG00000110876.10",1955.8657485092,0.0942532903885342,0.119236076114078,0.790476284194041,0.429249667091304,0.615965224191663,"SELPLG"
"ENSG00000110880.11",7298.00009886009,0.179433169924344,0.0773060503809051,2.3210753756043,0.0202827761235194,0.085974780424946,"CORO1C"
"ENSG00000110881.12",173.05140977186,-0.0251403265139815,0.143673156761592,-0.174982767001485,0.861093174606309,0.925502810633001,"ASIC1"
"ENSG00000110887.8",3.1452281479276,0.0533624213122411,0.226559292715109,0.235534021459639,0.813794276159413,0.898127798391893,"DAO"
"ENSG00000110888.17",899.943227169369,0.0275932488799969,0.095820105244925,0.287969302574507,0.77337023677397,0.873280941965669,"CAPRIN2"
"ENSG00000110900.16",1220.68662138152,-0.0249419988046591,0.19463058767266,-0.128150457247798,0.898029906085372,0.945667808325181,"TSPAN11"
"ENSG00000110906.13",3538.28289672925,-0.0210691635816212,0.0506883635807947,-0.415660757089506,0.677658260983437,0.810740135220698,"KCTD10"
"ENSG00000110911.16",4070.72324622535,-0.116795478661684,0.0679805683213834,-1.71807152463811,0.0857835699852863,0.221669698503581,"SLC11A2"
"ENSG00000110917.8",9889.22198284695,-0.0809949215813034,0.0762933330961109,-1.06162515510064,0.288405889243739,0.480864246323709,"MLEC"
"ENSG00000110921.14",1040.65837741024,0.047227788441548,0.0792132174705856,0.596210960110101,0.551034304677353,0.716526220622646,"MVK"
"ENSG00000110925.7",1834.15375985653,-0.00959833233665628,0.0595180293137104,-0.161267643558306,0.871882606361362,0.931416255850756,"CSRNP2"
"ENSG00000110931.19",2692.90542559123,0.0548192758340941,0.0439202963043067,1.2481535974683,0.211974813375922,0.39453035604732,"CAMKK2"
"ENSG00000110934.13",717.67644338144,-0.0744105011565986,0.10655094428967,-0.698356092971881,0.484954527772374,0.664072351956798,"BIN2"
"ENSG00000110944.9",141.789427607644,0.290778494816883,0.16293412879081,1.78463835032507,0.0743199966440311,0.20170666408003,"IL23A"
"ENSG00000110955.9",21345.7783498915,0.125338590305996,0.0760477950790028,1.64815548137572,0.0993207696373769,0.243371339040052,"ATP5F1B"
"ENSG00000110958.16",13876.9442116292,0.13875450032347,0.0645019544012097,2.15116738107501,0.0314629906466837,0.114368091232672,"PTGES3"
"ENSG00000110975.8",3.0799743669884,0.724990729925239,0.386877472049531,1.87395437135305,0.0609367144101438,0.177634710870932,"SYT10"
"ENSG00000110987.9",999.235539117081,-0.0651159122887542,0.0746499894102746,-0.872282940736651,0.383054041752342,0.574460279822555,"BCL7A"
"ENSG00000111011.18",2953.01630553217,-0.121264524076561,0.0418835846993874,-2.89527567773669,0.0037882567998918,0.0276827115098327,"RSRC2"
"ENSG00000111012.10",373.398654056946,-0.0135170870302236,0.152191566942711,-0.0888162682188022,0.929227928617472,0.962698572675344,"CYP27B1"
"ENSG00000111052.7",316.285445242649,-0.209445516208507,0.185043713484877,-1.13187047678669,0.257688892432643,0.448564256092463,"LIN7A"
"ENSG00000111057.11",27368.8402451379,0.471398320426204,0.119188231460784,3.95507437813863,7.65108450842753e-05,0.00181300751985109,"KRT18"
"ENSG00000111058.8",648.606017719582,-0.30595514756002,0.157554471121593,-1.94190076220622,0.0521491151276799,0.160093780870342,"ACSS3"
"ENSG00000111077.18",3736.35061886478,-0.119181393868117,0.110756808640485,-1.07606381342188,0.281898718020708,0.47438016140032,"TNS2"
"ENSG00000111087.10",100.651083190405,0.119226837947638,0.139801654370585,0.852828519693999,0.393754405795253,0.584557016996876,"GLI1"
"ENSG00000111110.12",1316.20254771384,0.0369938415513763,0.130030784292382,0.284500641541879,0.776026742460268,0.875271303500566,"PPM1H"
"ENSG00000111142.14",3923.46344713736,-0.0185898977737347,0.0522604697882038,-0.355716239235393,0.722053082321922,0.840506040688918,"METAP2"
"ENSG00000111144.10",9454.06646762605,0.00302529376215383,0.0875066687698746,0.0345721509535434,0.97242090853939,0.986389289111813,"LTA4H"
"ENSG00000111145.8",3618.45139403108,0.189722788234997,0.0877490220880556,2.16210715197044,0.0306099178909029,0.112198172007248,"ELK3"
"ENSG00000111181.12",142.133762605666,0.0651500655984632,0.14150687858233,0.460402110845506,0.645227619843928,0.787083415564902,"SLC6A12"
"ENSG00000111186.13",455.968257169354,0.15357050446141,0.157339156753055,0.97604758809303,0.329040882420986,0.522625738201512,"WNT5B"
"ENSG00000111196.10",755.732379207612,0.075218177023905,0.0766903068983436,0.980804225019076,0.326689294360844,0.520237493848239,"MAGOHB"
"ENSG00000111199.12",434.718174442612,-0.129877422388653,0.126551932007852,-1.02627767374263,0.304760717917854,0.497982752473085,"TRPV4"
"ENSG00000111203.13",890.652338170408,-0.150897922209624,0.0599209276284298,-2.51828414849221,0.0117928140958985,0.0597956380893619,"ITFG2"
"ENSG00000111206.13",1369.90026027856,0.278200822572597,0.165640678119985,1.67954409345678,0.0930460529492219,0.233687921769128,"FOXM1"
"ENSG00000111215.12",17.0242291154106,-0.339512131789017,0.137884100527646,-2.46230080545758,0.0138048831937481,0.0665420553307449,"PRR4"
"ENSG00000111218.12",77.718549792987,-0.354987200224578,0.251840883305056,-1.40956938986979,0.158666870781576,0.328920572868064,"PRMT8"
"ENSG00000111224.14",459.938454818534,-0.187781751815828,0.0848815646110731,-2.21227957656345,0.0269473533790545,0.103244377240494,"PARP11"
"ENSG00000111229.16",7948.20574775297,0.0813002026155878,0.071529182036926,1.13660187772898,0.255704754750623,0.446293131705232,"ARPC3"
"ENSG00000111231.9",1065.31092145378,0.0210382174882575,0.0687768537372235,0.305890955242566,0.759687672768273,0.864444957849696,"GPN3"
"ENSG00000111237.19",2754.2835007679,-0.0219748790333049,0.070324491182976,-0.312478322468468,0.754677035030869,0.860962290624086,"VPS29"
"ENSG00000111247.15",465.693841655363,-0.0392127240881586,0.134679320312343,-0.291156236883421,0.770931831172097,0.87182568936683,"RAD51AP1"
"ENSG00000111249.14",9.63981917809505,-0.151872244890345,0.161685633193008,-0.93930574962744,0.347573787455377,0.541369548807104,"CUX2"
"ENSG00000111252.11",1652.06255018053,-0.0172641227099193,0.0882277533908981,-0.195676780223902,0.844863159755341,0.915745187450663,"SH2B3"
"ENSG00000111254.8",56.1954853552617,-0.16350456417991,0.135484899388857,-1.20681024171286,0.227505230916717,0.413333241632211,"AKAP3"
"ENSG00000111261.14",1649.64499711197,0.14505585031059,0.111527444678441,1.30062919247204,0.193385409699802,0.372871978058465,"MANSC1"
"ENSG00000111262.6",7.79743065274149,-0.488314025709368,0.304132309697159,-1.60559733425103,0.10836241157006,0.25761994918609,"KCNA1"
"ENSG00000111266.9",3256.25137212252,-0.0627171833905606,0.0787798966533819,-0.796106444090749,0.425970168946259,0.613428512471786,"DUSP16"
"ENSG00000111269.3",3336.46544846801,-0.0105890359685213,0.0621902862154879,-0.170268326661668,0.864799119174329,0.927904734221972,"CREBL2"
"ENSG00000111271.15",1191.22985702879,-0.0855443321933866,0.0651630156079154,-1.31277429988976,0.189259012507685,0.367812754854846,"ACAD10"
"ENSG00000111275.13",9191.23033755808,-0.0697601081977409,0.114232845171933,-0.610683451793083,0.541409163428602,0.709511327613795,"ALDH2"
"ENSG00000111276.11",3109.58054688401,-0.00949732233482956,0.0563878700275552,-0.168428463961992,0.866246216954756,0.928672848207203,"CDKN1B"
"ENSG00000111291.8",62.8483994715874,-0.0969101006676595,0.127187830372355,-0.761944758267715,0.446092975093988,0.630775810922219,"GPRC5D"
"ENSG00000111300.10",1456.29895618351,-0.0972758596595386,0.0739081793379002,-1.31617177599253,0.188116394477755,0.366319185900912,"NAA25"
"ENSG00000111305.19",3.72385586720968,-0.436984683445224,0.201687392766339,-2.16664352417647,0.0302620459581761,0.111275264150446,"GSG1"
"ENSG00000111319.13",14220.6138645077,-0.108235259655314,0.133309244984904,-0.811911129401194,0.41684262784489,0.605415591713123,"SCNN1A"
"ENSG00000111321.11",6522.42950278322,0.275902012205186,0.0896189447000634,3.07861259835825,0.00207966923448317,0.0183675933768094,"LTBR"
"ENSG00000111325.16",26.7065183448589,-0.156554406066131,0.106294390384298,-1.47283789389189,0.140794751799784,0.304480654216968,"OGFOD2"
"ENSG00000111328.7",4949.30039560534,0.111996429903344,0.068555273338324,1.63366615651337,0.102328968325372,0.248194268606941,"CDK2AP1"
"ENSG00000111331.13",5548.58310519247,0.205594376380057,0.109935728088997,1.87013248517008,0.0614654223696184,0.178675308386598,"OAS3"
"ENSG00000111335.13",3693.60211466181,0.190483327074829,0.119855857331312,1.58927007253625,0.11199943232912,0.262905778219192,"OAS2"
"ENSG00000111339.12",79.5684264142735,-0.517795953954577,0.191228491206025,-2.707734347999,0.00677442239115634,0.0412172596251404,"ART4"
"ENSG00000111341.10",6783.14778760296,-0.00103306283496657,0.135796422339974,-0.00760743778934208,0.993930201387026,0.997160498219974,"MGP"
"ENSG00000111344.11",427.831880653081,0.171896875787307,0.184623956850342,0.93106484510376,0.351820022134592,0.545406220754655,"RASAL1"
"ENSG00000111348.9",10760.0735633857,0.0955054944536249,0.0892774610796227,1.0697604221568,0.284727161281938,0.477289430597977,"ARHGDIB"
"ENSG00000111358.14",1378.52651656322,-0.011758436637946,0.0522638334078719,-0.224982284521344,0.821993055897393,0.902697770168005,"GTF2H3"
"ENSG00000111361.13",2370.42777803041,0.0540757160979187,0.0486845827429174,1.11073594660284,0.266682024606859,0.458252626850898,"EIF2B1"
"ENSG00000111364.16",946.590632401937,-0.0726224772760384,0.0681119019835537,-1.06622301185443,0.286322842072799,0.478780973996153,"DDX55"
"ENSG00000111371.16",5548.29992077323,0.112143552899345,0.10728155398354,1.0453199896466,0.295875101878005,0.488538650857064,"SLC38A1"
"ENSG00000111404.7",41.6866873977274,-0.645042752413357,0.259209266488431,-2.48850190100032,0.0128282551355192,0.0633196587437867,"RERGL"
"ENSG00000111405.9",11.0059160890178,-0.103862869444539,0.170465963991303,-0.609288018632494,0.54233354732095,0.710275394003241,"ENDOU"
"ENSG00000111412.6",4692.20733958666,-0.039753758041888,0.084154713864671,-0.472388963330277,0.636649180629879,0.780787379334537,"SPRING1"
"ENSG00000111424.12",2476.40751276543,0.0754224194852171,0.0987754960162942,0.763574191242485,0.445121034234979,0.629943234549848,"VDR"
"ENSG00000111432.4",230.030016587951,-1.76569578726898,0.249516479917842,-7.07646960974431,1.47873163465966e-12,2.25423919132352e-09,"FZD10"
"ENSG00000111445.14",693.197371139604,-0.0354926450119526,0.0782951915114844,-0.453318324238935,0.650319539794307,0.790907340214497,"RFC5"
"ENSG00000111450.14",808.765629610592,-0.0677487835404206,0.075890270490749,-0.892720280245663,0.37200698707559,0.56407288752564,"STX2"
"ENSG00000111452.13",1788.79333488626,-0.207222052194785,0.178052660732514,-1.16382451878151,0.244495133635686,0.433449256302694,"ADGRD1"
"ENSG00000111481.10",8243.03199636287,0.140205325137247,0.0622348341357211,2.25284323617685,0.024269034982265,0.0965339285142828,"COPZ1"
"ENSG00000111490.15",242.495355930411,-0.135170962774227,0.105338897070484,-1.28320085489201,0.199421716563114,0.380130564153811,"TBC1D30"
"ENSG00000111530.13",6118.40611849268,0.230140753734856,0.0712783401140378,3.22876140727541,0.00124327574006969,0.0128030866731024,"CAND1"
"ENSG00000111536.5",5.63690170351862,-0.338923856142618,0.213630160984999,-1.58649815447369,0.112626350458132,0.263867219601673,"IL26"
"ENSG00000111537.5",46.5945330751457,-0.23482819677759,0.20858190331161,-1.12583207387253,0.260236605249158,0.451394044939054,"IFNG"
"ENSG00000111540.16",8806.02962073577,0.0220466759970353,0.0555586913957936,0.396817769518316,0.69150184611321,0.819494159337103,"RAB5B"
"ENSG00000111554.14",520.306027838354,-0.0635013981058274,0.0789519881802938,-0.80430397725788,0.421221441261062,0.609012265770814,"MDM1"
"ENSG00000111581.10",2020.30049738041,0.16443950470346,0.078361266406884,2.09847941774731,0.0358628162172726,0.124984899018283,"NUP107"
"ENSG00000111596.14",3203.7528170812,0.168353663086243,0.0697464785091155,2.41379445507403,0.0157873656731945,0.072842714679867,"CNOT2"
"ENSG00000111602.12",2073.01139137084,0.0885842074718858,0.104199569143377,0.850139863342385,0.395247331077033,0.585936832912443,"TIMELESS"
"ENSG00000111605.18",3695.79106749872,-0.0340621640130922,0.0596549610284938,-0.570986275505614,0.568008946190236,0.729703522341334,"CPSF6"
"ENSG00000111615.14",1339.39739895112,-0.0315409782462437,0.0555084376197301,-0.568219528395313,0.569885912860736,0.731201314046266,"KRR1"
"ENSG00000111639.8",3304.95561814666,0.165456082333407,0.0823047691524029,2.01028547965469,0.0444009828007218,0.144359562537542,"MRPL51"
"ENSG00000111640.15",57855.0409726314,0.417235390939271,0.114116585624537,3.65622042278803,0.000255961284566434,0.00429738731571875,"GAPDH"
"ENSG00000111641.12",19.5564156605201,-0.135705514004809,0.105259157924077,-1.28925137423856,0.19731070985325,0.377554196398887,"NOP2"
"ENSG00000111642.16",1354.43282026113,0.0549505805025313,0.0631662793315058,0.869935368745445,0.384335725461136,0.57578586634467,"CHD4"
"ENSG00000111644.8",120.285531409202,-0.108537563023046,0.110770683522234,-0.979840148781429,0.327165030431462,0.520789163669838,"ACRBP"
"ENSG00000111647.13",972.285699865402,-0.0570127615973148,0.0668170729745301,-0.85326637428502,0.39351160276415,0.584352443837058,"UHRF1BP1L"
"ENSG00000111652.10",3230.33567301149,0.121661508574829,0.0664327318093046,1.83134887368563,0.0670484871504168,0.188759844400502,"COPS7A"
"ENSG00000111653.20",1231.29534900757,-0.072215618819377,0.075437568435131,-0.957289853284116,0.338420975338973,0.531916227549826,"ING4"
"ENSG00000111664.11",47.1205993422269,-0.219250848673874,0.132552100950507,-1.65407298037274,0.0981126852464473,0.241513170418482,"GNB3"
"ENSG00000111665.12",501.947552265224,0.243059843885703,0.156159011196159,1.55648938875762,0.119591763986137,0.274193829515216,"CDCA3"
"ENSG00000111666.11",1449.78799343047,0.125603431823227,0.103416724518177,1.214536936926,0.224542753807082,0.40937866496309,"CHPT1"
"ENSG00000111667.14",4183.62568893686,0.166226212986335,0.0720712206375377,2.30641595238582,0.0210874014688289,0.088085716666231,"USP5"
"ENSG00000111669.15",25531.0100267322,0.24499946645564,0.0972455292864259,2.51939053911693,0.0117558185899539,0.0596952396697062,"TPI1"
"ENSG00000111670.16",3761.4959980723,-0.192204200720574,0.0617601327205249,-3.11210796113944,0.00185756553303959,0.0170414718257815,"GNPTAB"
"ENSG00000111671.10",1049.82451694482,0.106178854120053,0.108111880698367,0.982120128094833,0.32604067042229,0.519496149335693,"SPSB2"
"ENSG00000111674.9",3385.59529370055,0.205690584562451,0.115637833558847,1.77874816772469,0.0752810583662575,0.203580320296825,"ENO2"
"ENSG00000111676.15",8122.80460854557,0.00178406606424414,0.0902360004236764,0.0197711119272529,0.984225962720326,0.992453432378708,"ATN1"
"ENSG00000111678.11",753.457234266778,0.193592441898573,0.110185059107287,1.75697543266799,0.0789219967822624,0.209923298492865,"C12orf57"
"ENSG00000111679.17",3393.81387750904,-0.0128354486720787,0.0696261991323139,-0.184347972918741,0.853740481817914,0.92176617788182,"PTPN6"
"ENSG00000111684.11",697.89513365485,-0.119180895081408,0.0816858887776084,-1.45901448664996,0.144561120506737,0.309808392985568,"LPCAT3"
"ENSG00000111696.12",767.556882176961,0.204225227057902,0.0986146764205432,2.07094151165676,0.0383642622151282,0.130786543306191,"NT5DC3"
"ENSG00000111700.13",123.545990494317,1.47749830329506,0.418090458764082,3.53392016565671,0.000409444731757731,0.00590370006687317,"SLCO1B3"
"ENSG00000111701.7",18.8298786623741,0.210502027366598,0.410908470432638,0.512284468472905,0.608451933650004,0.760890591857026,"APOBEC1"
"ENSG00000111707.12",2673.5556208728,-0.0958505920476473,0.0606321183852207,-1.58085507484118,0.113911178370437,0.265875270715574,"SUDS3"
"ENSG00000111711.10",3236.32472588826,-0.0040854123429356,0.094403960781206,-0.0432758573806463,0.965481636207599,0.982990217561455,"GOLT1B"
"ENSG00000111716.14",709.666650302857,0.130350923654731,0.119988581548252,1.0863610684681,0.277319278651307,0.470026026551706,"LDHB"
"ENSG00000111725.11",3031.83748363514,-0.110212165604444,0.0792194691800519,-1.39122575226995,0.164156980460072,0.335725680352428,"PRKAB1"
"ENSG00000111726.13",1800.54598902031,0.0600591169613613,0.0866692600478073,0.692969074943438,0.488328959045141,0.666989101231378,"CMAS"
"ENSG00000111727.12",746.749736717994,-0.21940541701847,0.0718775285767647,-3.0524897191498,0.00226951505176946,0.019478980308987,"HCFC2"
"ENSG00000111728.10",242.551310657193,0.0216070140122202,0.139569344369909,0.154812033471719,0.876969504249953,0.9341527981121,"ST8SIA1"
"ENSG00000111729.14",13.4820644515126,-0.0881461697653098,0.159397071048427,-0.552997424516853,0.580265173741302,0.739021782998705,"CLEC4A"
"ENSG00000111731.12",1804.36056875739,-0.11938548880514,0.0678248365532194,-1.7602031183881,0.0783733734545729,0.208974253613718,"C2CD5"
"ENSG00000111732.11",11.4358564680309,-0.0433372633044958,0.221034167637599,-0.196065901338612,0.844558585019709,0.9155004322625,"AICDA"
"ENSG00000111737.12",2400.04269084323,0.138158689552846,0.0534059075355,2.58695518770107,0.00968281840221602,0.0524712491791214,"RAB35"
"ENSG00000111752.11",370.562600166521,-0.187852448292533,0.0807109478527657,-2.32747171592157,0.0199401726671419,0.0850894858506993,"PHC1"
"ENSG00000111775.3",1220.24122161338,0.156876467645249,0.0899186147276847,1.74464951579097,0.0810458960369667,0.213893065141398,"COX6A1"
"ENSG00000111783.13",3.78952504000701,-0.731719222695772,0.312627498916549,-2.34054657773753,0.0192555364011594,0.083163471973533,"RFX4"
"ENSG00000111785.21",572.199859382235,-0.00899581179097808,0.0542522647449155,-0.165814493335436,0.868302939985577,0.929573015909926,"RIC8B"
"ENSG00000111786.9",2058.20214229953,0.0800744009838914,0.0608732573197568,1.3154282275922,0.188366023949041,0.366612301843529,"SRSF9"
"ENSG00000111788.10",164.797238849602,-0.200612364900765,0.125641563211605,-1.59670382772056,0.110331742028631,0.260368208630508,"AC009533.1"
"ENSG00000111790.14",1879.44361655216,0.0506294556004225,0.0706213515373822,0.71691428297889,0.473426988352429,0.653908261003045,"FGFR1OP2"
"ENSG00000111796.4",189.984117667112,-0.163153309232161,0.130449072701395,-1.25070501348544,0.211042120665891,0.39358196971373,"KLRB1"
"ENSG00000111799.21",8778.01913142926,0.0263419285455484,0.183804575107346,0.143314868686833,0.886041513533941,0.939398131013486,"COL12A1"
"ENSG00000111801.16",1738.0263294551,0.023840110435955,0.0872248771031351,0.273317787628022,0.784608943154369,0.880358100041736,"BTN3A3"
"ENSG00000111802.14",2407.00539381998,0.177397111499012,0.0853030055739423,2.07961150144048,0.0375611811944737,0.128986529706819,"TDP2"
"ENSG00000111816.8",1668.72346634065,-0.0981860839656169,0.0957012375906389,-1.02596462112232,0.304908260619324,0.498199387553943,"FRK"
"ENSG00000111817.19",1663.90672456859,0.109337140410976,0.118857783109332,0.919898870319682,0.357625609287415,0.55066272361511,"DSE"
"ENSG00000111832.13",1782.20926971268,0.0361439167345976,0.0646882414590568,0.558740134518484,0.576339084319394,0.736048837095615,"RWDD1"
"ENSG00000111834.13",240.277905631885,-0.95333595333347,0.209925228475046,-4.54131197216628,5.59052328179859e-06,0.000260069327787167,"RSPH4A"
"ENSG00000111837.12",142.352922996713,-0.500589671091459,0.157615228249249,-3.17602351404673,0.00149308848250169,0.0145221720268562,"MAK"
"ENSG00000111843.14",4697.70216248323,0.125318327356128,0.0825825693526742,1.51749126163596,0.129142698068975,0.288521530452985,"TMEM14C"
"ENSG00000111845.5",984.923791105893,0.0383091883871451,0.0797011956655845,0.480660146528859,0.630758060300094,0.776969657799332,"PAK1IP1"
"ENSG00000111846.19",1509.48948628569,-0.029911641857593,0.0860146010877145,-0.347750747888608,0.728027381121216,0.843815514627232,"GCNT2"
"ENSG00000111850.11",259.098235681292,-0.12503642724671,0.080282427307422,-1.55745698579732,0.119362025494479,0.273918253387497,"SMIM8"
"ENSG00000111859.17",7729.84917295681,-0.186162207966968,0.138278290762792,-1.34628658584099,0.178210110215595,0.354152231553647,"NEDD9"
"ENSG00000111860.14",357.245394169412,-0.239623854657494,0.100684935501522,-2.37993750965725,0.0173155741888206,0.0775474053629817,"CEP85L"
"ENSG00000111863.13",213.620178850337,-0.0865084362544561,0.172467769611586,-0.501591900036055,0.615954618286464,0.76624358654154,"ADTRP"
"ENSG00000111875.8",1042.48037149104,-0.0660089300806169,0.0789627347599066,-0.835950404723481,0.40318280445923,0.592969055165085,"ASF1A"
"ENSG00000111877.17",667.511734405755,-0.12603108099846,0.0569848290470242,-2.21166024547443,0.0269901493205357,0.103344800612835,"MCM9"
"ENSG00000111879.20",578.878269931599,-0.407476958163473,0.151182403339108,-2.69526710227966,0.00703322263197295,0.0423048023642774,"FAM184A"
"ENSG00000111880.16",899.066064583038,0.000965199318954077,0.0524163758283964,0.0184140796401873,0.985308520418783,0.992898634504443,"RNGTT"
"ENSG00000111885.7",3629.67142994963,-0.139443433925256,0.105482526796348,-1.32195765649864,0.186182251407349,0.36425837507106,"MAN1A1"
"ENSG00000111886.11",53.4059104125376,-0.218323185248945,0.12668220225267,-1.72339272105086,0.0848175303263116,0.220027274205539,"GABRR2"
"ENSG00000111897.7",9621.4171010177,-0.00934312490757164,0.0706728835520188,-0.132202401232074,0.894824201884931,0.944438947291245,"SERINC1"
"ENSG00000111906.18",1659.77729397243,0.0885946450240282,0.0736247076385893,1.20332763097578,0.22884956062345,0.414895518009203,"HDDC2"
"ENSG00000111907.21",968.354196311796,-0.0389320121150249,0.142326086219296,-0.273540944946932,0.784437422477364,0.880224978312736,"TPD52L1"
"ENSG00000111911.7",1883.65722357521,-0.119855690582726,0.0628621052506191,-1.90664455326281,0.0565666315391893,0.168797424382381,"HINT3"
"ENSG00000111912.20",7154.3815294626,-0.0946964499801653,0.117556916906607,-0.805537032375536,0.420509845271658,0.60841355039437,"NCOA7"
"ENSG00000111913.20",832.030876397619,-0.382461203209527,0.125293118437934,-3.05253159932311,0.00226919838000665,0.019478980308987,"RIPOR2"
"ENSG00000111961.18",2004.54789906875,-0.15274839939017,0.113144160300819,-1.35003343508011,0.177005258258051,0.352747064025261,"SASH1"
"ENSG00000111962.8",493.379422537028,-0.0761629807626372,0.139741709888248,-0.545026827162377,0.585735066885364,0.743225044552537,"UST"
"ENSG00000111981.5",84.2793894043839,0.0261942138691349,0.155366034656609,0.168596784535498,0.866113809925821,0.928590681159214,"ULBP1"
"ENSG00000112029.10",415.603939489187,0.0996335369990691,0.0934479959913852,1.06619233448574,0.286336706612123,0.478780973996153,"FBXO5"
"ENSG00000112031.16",236.018853089497,0.0501272168551511,0.0552389852373131,0.907460856491095,0.364163140152486,0.556939989211503,"MTRF1L"
"ENSG00000112033.14",3052.8123780279,0.215551036876544,0.0798230189465251,2.70036187206783,0.00692640919910312,0.0419045868554861,"PPARD"
"ENSG00000112039.5",413.775650144334,0.0799261802222465,0.0822975631144686,0.971185259897383,0.331456032673012,0.525050055477219,"FANCE"
"ENSG00000112041.13",10.8252831313286,0.181570178172005,0.178726521998866,1.01591065579599,0.30967193410488,0.503435546111918,"TULP1"
"ENSG00000112053.14",32.7174019050846,-0.226760280101771,0.167349975300467,-1.35500635536179,0.175415532188994,0.350862680274448,"SLC26A8"
"ENSG00000112062.11",3517.28987783868,0.0214169825935687,0.0430500258208022,0.497490586479969,0.618843139546539,0.768212113450699,"MAPK14"
"ENSG00000112078.14",4155.5326143414,0.00815246285749786,0.0522291502355187,0.156090283313737,0.875961857279093,0.933826388549243,"KCTD20"
"ENSG00000112079.9",3298.37479154318,-0.000901188733847811,0.0564214147920291,-0.0159724589886591,0.987256363435446,0.993586612282494,"STK38"
"ENSG00000112081.17",10943.1364423114,-0.0081383435274123,0.04785887837873,-0.170048772622913,0.864971780163507,0.927979965377762,"SRSF3"
"ENSG00000112096.19",24032.9250918487,0.307502129684347,0.110439271974457,2.78435491457665,0.00536343101485895,0.0351090658233777,"SOD2"
"ENSG00000112110.10",1959.64363045337,0.118855701471273,0.0666677401088736,1.78280681596785,0.0746177558620204,0.202283930129,"MRPL18"
"ENSG00000112115.7",2.96025060214384,-1.32034132989483,0.348153894142332,-3.79240718575747,0.000149194019184389,0.00289965935826379,"IL17A"
"ENSG00000112118.20",4405.82061979289,0.135205923722774,0.0829868984772032,1.62924420846883,0.103261331682576,0.249628196028755,"MCM3"
"ENSG00000112130.17",872.432191809229,0.0445845012873546,0.0465010683440679,0.95878445108976,0.337667343877576,0.531107803643225,"RNF8"
"ENSG00000112137.18",386.74790862764,-0.29909909222274,0.153430189124262,-1.9494148702411,0.0512459001139203,0.158265285469263,"PHACTR1"
"ENSG00000112139.16",362.711229861251,-0.0460540503640499,0.143692912060676,-0.320503285121003,0.748586840441581,0.857275099023856,"MDGA1"
"ENSG00000112144.16",1558.27809771084,-0.130837409470942,0.0690521699198641,-1.89476173772352,0.0581239744067853,0.171808996330513,"CILK1"
"ENSG00000112146.17",2320.67605224527,-0.162558691425162,0.052378151062254,-3.1035591774126,0.00191207991541973,0.0173613816731372,"FBXO9"
"ENSG00000112149.10",1522.00614907993,-0.0132122060397713,0.127010320282093,-0.104024665164426,0.917149774784434,0.956160184976286,"CD83"
"ENSG00000112159.12",2306.33881789208,-0.203588739820974,0.0811978992527543,-2.50731535784243,0.0121652121400223,0.0610836965104005,"MDN1"
"ENSG00000112164.6",46.7556348481785,0.276921117637458,0.22135710237358,1.25101528104621,0.210928902331178,0.393462357519639,"GLP1R"
"ENSG00000112167.10",899.610276036304,-0.0319972984541299,0.0515964291532602,-0.62014559881821,0.535161933673444,0.70402014293604,"SAYSD1"
"ENSG00000112175.8",764.647501099007,-0.322903485672438,0.175958574376414,-1.83511083115323,0.0664892694197973,0.187818364737257,"BMP5"
"ENSG00000112182.15",223.466064371291,-0.00149105085695405,0.116833595042129,-0.0127621756089625,0.989817533528462,0.994916809344598,"BACH2"
"ENSG00000112183.15",41.2767347454574,-0.334162754990007,0.193431362605052,-1.72755209129298,0.0840685583873735,0.218851709624742,"RBM24"
"ENSG00000112186.12",396.757665158393,0.229654637121272,0.0995737793670934,2.30637662425784,0.021089596983988,0.088085716666231,"CAP2"
"ENSG00000112195.9",46.0745793226258,-0.191014894348604,0.148616102333369,-1.28529070100444,0.198690718457494,0.379192323852414,"TREML2"
"ENSG00000112200.17",1775.40316778518,-0.167836648717437,0.0777075336389844,-2.1598504142105,0.0307842514300592,0.11260163511986,"ZNF451"
"ENSG00000112208.11",850.199730673069,0.243387297528049,0.112978688572652,2.15427617901173,0.0312185198172882,0.113790035064263,"BAG2"
"ENSG00000112210.12",482.631081357738,0.151600299052683,0.0878866008989472,1.72495349122666,0.0845358544377888,0.219621709075092,"RAB23"
"ENSG00000112212.12",10.2839400839094,0.0171151607681473,0.174214763174054,0.0982417359833505,0.921740342212476,0.958735683985072,"TSPO2"
"ENSG00000112214.10",167.600253557443,0.0522729078910673,0.183599639162797,0.28471138684928,0.775865266111538,0.875118823208708,"FHL5"
"ENSG00000112218.9",57.7140262074741,0.220950368025421,0.147715005531412,1.49578823918763,0.134708847088824,0.296220372874768,"GPR63"
"ENSG00000112232.10",131.398605569515,-0.515577113823441,0.223755388638376,-2.30419976457727,0.0212114324229577,0.0884177062298149,"KHDRBS2"
"ENSG00000112234.9",1228.32939914383,-0.0831928461896229,0.0635464053939378,-1.3091668312927,0.190477845005843,0.369336716438413,"FBXL4"
"ENSG00000112237.13",2394.29243086602,-0.104162835842244,0.0753650225636592,-1.3821111212998,0.16693758422659,0.339162323284058,"CCNC"
"ENSG00000112238.12",6.27503192818738,0.100273333349651,0.417479233793357,0.240187595532677,0.810184829588283,0.895587630308718,"PRDM13"
"ENSG00000112242.15",1303.1277574802,-0.03700050430335,0.0820858918673468,-0.450753515149033,0.652167207676955,0.792199461660423,"E2F3"
"ENSG00000112245.12",35.7835922016486,-0.106383316130771,0.1705393297918,-0.623805173039247,0.532755541932967,0.702366222033442,"PTP4A1"
"ENSG00000112246.10",9.01494774579939,0.0116523221936234,0.370822699618193,0.0314228934895865,0.9749322837999,0.987568701875744,"SIM1"
"ENSG00000112249.14",2633.35599477429,-0.0494042634898992,0.0749510699275287,-0.65915354560874,0.509797174187551,0.684851604738173,"ASCC3"
"ENSG00000112276.14",172.018169834945,0.176504416374138,0.132632770117698,1.33077531455845,0.18326295278759,0.360686538611801,"BVES"
"ENSG00000112280.17",9.63829877888544,0.0135433729067311,0.200062476976183,0.0676957174150323,0.946027858500355,0.971818446723896,"COL9A1"
"ENSG00000112282.18",1471.21717951112,-0.165461944118093,0.0496078130847681,-3.33540089411636,0.000851765085862621,0.00984539915702726,"MED23"
"ENSG00000112290.13",401.055878055718,0.193348651941053,0.114104659997472,1.69448515025887,0.0901731311392325,0.228958110370334,"WASF1"
"ENSG00000112293.15",138.335946788315,-0.290863540176359,0.114661412228166,-2.53671688255127,0.0111897407129164,0.0578658026646667,"GPLD1"
"ENSG00000112294.14",1411.56583566161,-0.213255572473734,0.0914570641761087,-2.33175615678075,0.0197135227024102,0.084512272898705,"ALDH5A1"
"ENSG00000112297.18",2966.48726109533,0.209334428146691,0.124720542525412,1.67842781876962,0.0932636106419971,0.233995095696289,"CRYBG1"
"ENSG00000112299.8",290.487466573631,-0.239833526437949,0.186401534978841,-1.2866499541711,0.198216323821024,0.37862888371055,"VNN1"
"ENSG00000112303.14",285.392165584157,-0.0776283125809356,0.147392433506744,-0.52667773191616,0.598417401906622,0.753151270618726,"VNN2"
"ENSG00000112304.11",1031.33068144997,0.0573079024733725,0.0724729308450108,0.790749067343918,0.429090436788205,0.615853649609933,"ACOT13"
"ENSG00000112305.15",347.68822394415,0.0226080813473244,0.0713195615651444,0.316996919935828,0.751245939363732,0.858966517015209,"SMAP1"
"ENSG00000112306.8",31030.0718604692,0.0311060590404023,0.0866474873399241,0.358995511530197,0.719598447056598,0.839054371416312,"RPS12"
"ENSG00000112308.13",7548.56300872624,-0.0590398477325689,0.0445404946946287,-1.32553192633688,0.184994787543949,0.362658626962297,"C6orf62"
"ENSG00000112309.11",25.0870113785833,-0.310346181957681,0.135782747394504,-2.28560835535313,0.0222771809276062,0.091282976568959,"B3GAT2"
"ENSG00000112312.10",844.690719197785,-0.0744675702346568,0.0985951134143483,-0.755286622793415,0.450077023408691,0.633751240921399,"GMNN"
"ENSG00000112319.19",152.091022104017,0.241386968612906,0.205714421803277,1.17340809894088,0.240632190968582,0.42855420325317,"EYA4"
"ENSG00000112320.12",256.160285880118,-0.342528906050026,0.145936908287941,-2.34710266284523,0.0189200408516865,0.0822222843069049,"SOBP"
"ENSG00000112333.12",11.4967069784626,0.331708769273887,0.29957360407401,1.10726968185067,0.268177348322113,0.459934227885811,"NR2E1"
"ENSG00000112335.15",5967.80441028105,0.10339353725725,0.0673819307006504,1.5344401114979,0.124921416009135,0.282215423979924,"SNX3"
"ENSG00000112339.15",1827.4142032153,-0.00828797716209536,0.0549366356706497,-0.150864301406853,0.880082761463549,0.935847563823899,"HBS1L"
"ENSG00000112343.11",2227.27358667088,-0.136743093663123,0.0528303673957065,-2.58834265979827,0.00964389933216272,0.0523348558216289,"TRIM38"
"ENSG00000112357.14",408.857373004762,0.0735882249141011,0.0645937311460306,1.13924716235599,0.254600079616307,0.445095591822396,"PEX7"
"ENSG00000112365.5",628.760289267734,-0.108144106645596,0.0482577353799441,-2.24096936572248,0.0250280594189258,0.0986488295166436,"ZBTB24"
"ENSG00000112367.12",1105.35203360897,-0.0852763605854312,0.0675480183197332,-1.26245540145652,0.206784964680751,0.388340017436612,"FIG4"
"ENSG00000112378.12",12479.6610461839,0.228003161773509,0.114264809785089,1.99539265152885,0.0460000717786886,0.147598341338462,"PERP"
"ENSG00000112379.9",3375.4103003645,-0.325483160575274,0.116691574458915,-2.78926016796415,0.00528286077694897,0.0348156936385203,"ARFGEF3"
"ENSG00000112394.17",370.910559589848,-0.220027497957397,0.128723779755344,-1.70929954337564,0.0873954778659966,0.224424037376986,"SLC16A10"
"ENSG00000112406.5",1733.92547739691,-0.129044719370795,0.0752949435012936,-1.71385638092122,0.0865551056586318,0.22304018054898,"HECA"
"ENSG00000112414.15",1944.9913353413,-0.0873767107301712,0.121327674041342,-0.720171316400558,0.471419522124409,0.652163639578158,"ADGRG6"
"ENSG00000112419.14",2044.70421248344,-0.279614979956868,0.108873193577132,-2.56826286407013,0.0102209617044631,0.0544771893952557,"PHACTR2"
"ENSG00000112425.16",227.022395637483,-0.0832026942237432,0.0872754011393811,-0.953334996316617,0.340420365293922,0.53372334455995,"EPM2A"
"ENSG00000112473.18",9977.39171879905,0.0177096468452319,0.078524677422373,0.225529698771945,0.821567224139332,0.902571773412664,"SLC39A7"
"ENSG00000112486.17",6.06985270147357,-0.733267113869005,0.184416487388076,-3.97614727541122,7.004075851015e-05,0.00170582807101567,"CCR6"
"ENSG00000112494.10",17.2446224196891,0.812061020133818,0.39551099764042,2.05319453815063,0.0400537139334741,0.13476163295584,"UNC93A"
"ENSG00000112499.13",1.41772172518815,-0.693352393040158,0.352026934319337,-1.96960040680067,0.0488841849980872,0.153494404521486,"SLC22A2"
"ENSG00000112511.18",2491.94708016447,-0.0897363212050936,0.0606059491304464,-1.48065202331784,0.138699324750135,0.301201266643158,"PHF1"
"ENSG00000112514.18",4292.39053536288,0.0304432737648929,0.0758775570235816,0.401215787105949,0.688261258530089,0.817390822090814,"CUTA"
"ENSG00000112530.11",76.3223114638417,-0.749042754758608,0.216722499519175,-3.45622977042278,0.000547788157410734,0.00717729678263501,"PACRG"
"ENSG00000112531.17",5674.23636388063,-0.0312393549771524,0.092234187255304,-0.33869605085457,0.7348387159773,0.848474235855631,"QKI"
"ENSG00000112539.15",74.234097099744,-1.12574180437854,0.28447383401052,-3.95727715448481,7.58089546180968e-05,0.00180432060786529,"C6orf118"
"ENSG00000112541.17",727.449110234073,0.0365638484517265,0.216520971429172,0.168869778342405,0.865899071149877,0.928450169912814,"PDE10A"
"ENSG00000112559.15",1200.86345801508,0.689477168931173,0.152485049148352,4.52160505427902,6.13724880081408e-06,0.000279517680335846,"MDFI"
"ENSG00000112561.19",1050.84260635677,-0.0968625293958907,0.0795671190476442,-1.21736881459652,0.223463922762656,0.408139181965893,"TFEB"
"ENSG00000112562.19",1299.59929242099,-0.0353136806603362,0.14753401674484,-0.239359582552486,0.810826767612955,0.896065045944968,"SMOC2"
"ENSG00000112576.13",6122.31380214921,0.134916297278429,0.105195456904061,1.28252969518896,0.19965689490282,0.380338559363712,"CCND3"
"ENSG00000112578.10",1178.41270832065,0.110897381193428,0.0952966793220476,1.1637066682949,0.24454290613891,0.433477104359638,"BYSL"
"ENSG00000112584.14",1531.18355544138,-0.0420017011814083,0.0494083886742367,-0.850092510774583,0.395273655073331,0.585949766167524,"FAM120B"
"ENSG00000112592.14",615.753245121205,0.00231730903808755,0.0496881797206004,0.0466370281849308,0.962802519901439,0.981489950043053,"TBP"
"ENSG00000112599.9",65.9633883367545,-0.0216818710960062,0.129409834587274,-0.167544230043691,0.866941848791651,0.928820433526,"GUCA1B"
"ENSG00000112619.8",49.8271802139863,-0.167148006674169,0.136940623267684,-1.22058745378599,0.222242259000043,0.406902305812166,"PRPH2"
"ENSG00000112624.12",1388.27653169686,-0.122009654184077,0.0610929070250016,-1.99711652506806,0.0458125261963399,0.14719517802111,"BICRAL"
"ENSG00000112640.16",1155.6763772317,0.0787014461376598,0.0595397906173822,1.32182940721803,0.18622496355072,0.364276598795188,"PPP2R5D"
"ENSG00000112651.12",62.5615342703041,0.0760702240388681,0.0723566599898783,1.05132304406407,0.293110246846137,0.485691790177605,"MRPL2"
"ENSG00000112655.16",8305.54478308249,-0.244913815184264,0.091717605936067,-2.67030318426523,0.00757827848913216,0.0443881720549216,"PTK7"
"ENSG00000112658.8",2844.64550663192,0.0400977074750637,0.065462903028794,0.612525653764952,0.5401900302775,0.708276097905987,"SRF"
"ENSG00000112659.14",1423.72110786611,-0.154627276978748,0.062223449926916,-2.4850322050668,0.0129539715009627,0.0637417341385682,"CUL9"
"ENSG00000112667.13",1206.02233242944,0.196566887271826,0.091650217115175,2.14475091777256,0.0319727674300104,0.115510481764534,"DNPH1"
"ENSG00000112679.14",2039.22294044984,-0.0722170784338601,0.0601728961517788,-1.20015959098431,0.230077365690929,0.416393005868019,"DUSP22"
"ENSG00000112685.14",1728.01845208112,0.0348953325918625,0.0449374725844917,0.776530823495959,0.437435628521802,0.62301267883198,"EXOC2"
"ENSG00000112695.11",4161.5618924545,0.10961933299865,0.0932976203254887,1.17494243278896,0.240017747765028,0.427870575944585,"COX7A2"
"ENSG00000112697.17",12410.1391776682,-0.0843129247568452,0.0647314994408725,-1.30250226682697,0.192744743562568,0.372002941879918,"TMEM30A"
"ENSG00000112699.11",1300.25145826426,0.101355213599618,0.107946817537858,0.938936560719553,0.347763316604357,0.541563408003596,"GMDS"
"ENSG00000112701.18",3082.20688265267,-0.16556055786782,0.0536597434284118,-3.08537736652985,0.00203294039193437,0.0180583469766998,"SENP6"
"ENSG00000112706.12",34.2134671434263,-0.423856395777805,0.161341467160537,-2.6270766172968,0.00861219402765319,0.0485404306280087,"IMPG1"
"ENSG00000112715.25",13321.7182376746,0.0092411855927085,0.103316483413791,0.0894454136199815,0.928727933231649,0.962404727374293,"VEGFA"
"ENSG00000112739.17",3442.09170234698,-0.190444775468752,0.0440455590302399,-4.32381333468829,1.53355067903222e-05,0.000542455697875898,"PRPF4B"
"ENSG00000112742.10",482.00900557218,0.165994454062287,0.156949007273795,1.05763302964199,0.290222778079931,0.482588500180559,"TTK"
"ENSG00000112759.19",3560.17150603883,-0.148274045790817,0.0815666118946524,-1.81782769133921,0.0690904728315165,0.192539964499603,"SLC29A1"
"ENSG00000112761.21",34.6799574752066,-0.112281436756566,0.276573070685254,-0.405973858837271,0.68476180803471,0.815458556887348,"CCN6"
"ENSG00000112763.17",1446.96611174642,-0.0559694423411198,0.0487360779272845,-1.14841909159428,0.250795596012308,0.440751563684144,"BTN2A1"
"ENSG00000112769.20",3557.78753410678,0.0725291633669913,0.113124201791018,0.641146299542335,0.521427635397814,0.694253640323664,"LAMA4"
"ENSG00000112773.16",2569.67927099426,-0.228079360746315,0.109126428530279,-2.09004696495708,0.0366135810696571,0.126762318819997,"TENT5A"
"ENSG00000112782.19",3485.78331410584,-0.0587122484239614,0.232267554380416,-0.252778519068576,0.800439368038933,0.890148079152076,"CLIC5"
"ENSG00000112787.13",2546.26619876102,-0.0109950013686523,0.0886500059872502,-0.124027079820317,0.901293834003355,0.947632263239339,"FBRSL1"
"ENSG00000112796.10",1275.6298800907,-0.254932907295016,0.116675647192402,-2.18497101519928,0.0288909718618502,0.107977899213805,"ENPP5"
"ENSG00000112799.9",508.520382186835,-0.0306595556408682,0.135297178496527,-0.226608980183983,0.820727808764137,0.902187078790604,"LY86"
"ENSG00000112812.16",953.068176727015,-0.0862030191418927,0.0955409620259036,-0.902262415135833,0.366917486060883,0.559629538629689,"PRSS16"
"ENSG00000112818.10",19.640632550432,-0.708149729380132,0.183531541356073,-3.85846336900881,0.000114102165067876,0.00242425231755251,"MEP1A"
"ENSG00000112837.17",166.66929221271,0.0433288621024397,0.283245536320707,0.152972797613235,0.878419727141639,0.935099215850571,"TBX18"
"ENSG00000112851.15",4714.66717511172,-0.00949863851030929,0.0649816202886486,-0.146174233084929,0.883783846073789,0.93819959145892,"ERBIN"
"ENSG00000112852.7",176.001082034778,0.121490069766789,0.147141898460723,0.82566604779276,0.408993557211845,0.59848024350624,"PCDHB2"
"ENSG00000112855.17",1207.92120721475,0.127307003948329,0.0482845214679382,2.63660071753767,0.00837413363461795,0.04761742631893,"HARS2"
"ENSG00000112874.10",708.851689638792,0.134069977639686,0.0990065315398967,1.3541528579421,0.175687615479994,0.35119590406337,"NUDT12"
"ENSG00000112877.8",363.934661385963,0.0305834179301976,0.0976220995600701,0.313283755092551,0.754065090951328,0.860638360412448,"CEP72"
"ENSG00000112893.9",3479.8756905807,0.113213684550402,0.092839779308476,1.21945232306327,0.222672561094379,0.407398888636322,"MAN2A1"
"ENSG00000112902.12",1596.81058931969,-0.077131325511814,0.172493145228864,-0.447155887901959,0.654762508891581,0.794192954259961,"SEMA5A"
"ENSG00000112936.19",4866.26091384616,-0.317370045260722,0.197712006697345,-1.60521381863545,0.108446757407842,0.257752585211247,"C7"
"ENSG00000112941.14",1761.51443912256,-0.156264901399247,0.0672801374486415,-2.32260080500775,0.0202006074408765,0.0857611353645884,"TENT4A"
"ENSG00000112964.14",157.268929324444,-0.326248674069629,0.165849174470291,-1.96714077782805,0.0491669832551909,0.153961284190657,"GHR"
"ENSG00000112972.15",2525.9725547256,0.0026160666957101,0.109437495738803,0.0239046651976935,0.980928653057786,0.990568644673871,"HMGCS1"
"ENSG00000112977.16",10779.5481690506,0.0338073716693745,0.0842791766404095,0.401135523827185,0.688320347833084,0.817390822090814,"DAP"
"ENSG00000112981.5",169.785509311082,-0.466645567885794,0.160206706062591,-2.91277175191081,0.00358236343515501,0.026699714763066,"NME5"
"ENSG00000112983.18",2148.68447480741,-0.0732784245422857,0.0533019446512388,-1.37477956989666,0.169199793798994,0.342343651372791,"BRD8"
"ENSG00000112984.12",879.20436895399,0.409396825264871,0.142500448251055,2.87295114008063,0.00406657003516553,0.029128295219614,"KIF20A"
"ENSG00000112992.18",3400.88887792817,-0.0492817470488751,0.0759956611295592,-0.648481062160357,0.516673855619471,0.690634065730078,"NNT"
"ENSG00000112996.11",1801.67925580279,0.0109596395331178,0.067759511779414,0.16174318918938,0.871508092250967,0.931255220827148,"MRPS30"
"ENSG00000113013.16",10498.913419024,0.194504884649255,0.0605077269558042,3.21454621475574,0.00130650881754717,0.0132416470076061,"HSPA9"
"ENSG00000113048.17",2551.09944113874,0.148402699992002,0.0611071402859068,2.42856561929848,0.0151586817281304,0.0708916969763513,"MRPS27"
"ENSG00000113068.10",2108.58985106159,0.211206215739266,0.0611191738001994,3.45564579177242,0.000548976215663443,0.00718356577392043,"PFDN1"
"ENSG00000113070.8",1910.01321615942,-0.111832200391506,0.164986350734847,-0.677826983222595,0.497881400291687,0.674752318648177,"HBEGF"
"ENSG00000113073.15",6.53190715673245,-0.435230409537203,0.198158256634638,-2.1963778695312,0.0280649083194442,0.105973119278582,"SLC4A9"
"ENSG00000113083.15",2040.87187078502,0.326415065837107,0.135390824795369,2.41090979636511,0.015912783503131,0.0732150775524793,"LOX"
"ENSG00000113088.6",88.1512415452747,-0.228905972375134,0.159806805112014,-1.4323918947925,0.152031696862697,0.320029797904008,"GZMK"
"ENSG00000113100.10",1.09003759641673,-1.9140389612633,0.647733824070889,-2.9549776314504,0.00312691721221395,0.0243463393914039,"CDH9"
"ENSG00000113108.19",455.009532813361,-0.23709557158683,0.087242342629165,-2.71766626665032,0.00657441141223242,0.0404213996578862,"APBB3"
"ENSG00000113119.13",408.023235745139,0.00991224480437481,0.0614146680444893,0.161398654751244,0.871779426136413,0.931378918344896,"TMCO6"
"ENSG00000113140.11",59279.1756116263,0.14142952164394,0.112837764160165,1.25338819584542,0.210064465238423,0.392380775931375,"SPARC"
"ENSG00000113141.18",4083.28817587281,0.000915453050057088,0.0516772313598624,0.0177148238395782,0.985866354789864,0.993063454571974,"IK"
"ENSG00000113161.16",2458.81681498233,0.0822541626900736,0.0732725584425627,1.12257800789843,0.26161675990197,0.453103406721963,"HMGCR"
"ENSG00000113163.18",2358.99275964454,-0.0262741818679736,0.066001532100347,-0.398084423677121,0.690567955713442,0.819003952321446,"CERT1"
"ENSG00000113194.13",3653.1791368636,0.161660623748076,0.0493322826913358,3.27697432449175,0.00104925910369239,0.0113677134198603,"FAF2"
"ENSG00000113196.3",7.03317795132567,-0.517114872683816,0.370016711278581,-1.39754464304312,0.162249851667959,0.333443476023541,"HAND1"
"ENSG00000113205.5",74.7784800354131,0.144485856776953,0.155223342136704,0.930825575509803,0.351943797713599,0.545458142146886,"PCDHB3"
"ENSG00000113209.9",266.681052171171,-0.00870232740138929,0.188451151502773,-0.0461781598679234,0.963168249801891,0.981625510167887,"PCDHB5"
"ENSG00000113211.5",81.4197863088662,0.287191582764094,0.173131771307781,1.65880346856468,0.0971554011915365,0.240204572394908,"PCDHB6"
"ENSG00000113212.7",102.300209503358,0.206722109028719,0.131308443932493,1.57432456617182,0.115412433197196,0.268070491067161,"PCDHB7"
"ENSG00000113231.14",105.087753641329,-0.147219533147261,0.119324992714638,-1.23376947107243,0.21728881845234,0.401097617694265,"PDE8B"
"ENSG00000113240.13",807.768637634035,-0.353867982097122,0.0865267915721356,-4.08969263354818,4.31945205741942e-05,0.00118107204714471,"CLK4"
"ENSG00000113248.6",137.808479177021,-0.00711308729795287,0.111989067621429,-0.0635159078384166,0.949355692197426,0.973305341559231,"PCDHB15"
"ENSG00000113249.13",101.364497716449,0.148861648933618,0.282093552772405,0.527703123558164,0.597705404940365,0.752615461179293,"HAVCR1"
"ENSG00000113262.16",16.267435163485,-0.537441197388569,0.180389444615903,-2.97933838941033,0.00288871567500125,0.0230081365951715,"GRM6"
"ENSG00000113263.13",494.405069336702,-0.397081404578889,0.134645807442654,-2.94908109001469,0.00318720336331841,0.0246713698151499,"ITK"
"ENSG00000113269.14",3265.73762900309,0.00190555067533526,0.0635165587220106,0.0300008488129085,0.976066376221765,0.987996043402487,"RNF130"
"ENSG00000113272.14",524.917173934933,0.166024460923334,0.070637519033407,2.35037219872933,0.0187546468986905,0.0817596515906902,"THG1L"
"ENSG00000113273.17",1083.30888122242,0.0985643939259696,0.0657538952994395,1.49898942833901,0.133876374622713,0.295136150199576,"ARSB"
"ENSG00000113282.14",5645.98348296742,0.0057980314387721,0.065158885441301,0.0889829744554994,0.929095440855773,0.962678394668332,"CLINT1"
"ENSG00000113296.14",216.512433237454,-0.444267132500167,0.194942672868953,-2.27896296876374,0.0226692666976908,0.0923164982276046,"THBS4"
"ENSG00000113300.13",2328.74640573361,-0.0419080479781126,0.0533438567112253,-0.785620886112154,0.432089624574624,0.618042613462921,"CNOT6"
"ENSG00000113302.5",25.6486861456751,0.0417247005377392,0.156443381822682,0.26670799398233,0.789693998502133,0.883451348600823,"IL12B"
"ENSG00000113303.12",21.5121318117245,-0.25762728115889,0.206284097359416,-1.24889550118843,0.211703297296355,0.394364771397843,"BTNL8"
"ENSG00000113312.11",2117.36518430862,0.102308825373879,0.061816288745376,1.6550463874545,0.0979150887183517,0.241205109041812,"TTC1"
"ENSG00000113318.11",817.443810587775,0.0162481258092928,0.0615588302495707,0.263944680940491,0.791822545648844,0.884724905604153,"MSH3"
"ENSG00000113319.13",469.24757155775,-0.0305362270502802,0.111503846783968,-0.273858058990936,0.784193703847346,0.880167499944469,"RASGRF2"
"ENSG00000113327.17",13.8304396073556,0.148798139879925,0.523711114467989,0.284122554914805,0.776316462605599,0.875308511824996,"GABRG2"
"ENSG00000113328.19",3140.55315676916,0.0486220895202961,0.0853943459642241,0.569383007402695,0.569096246042089,0.730535062748649,"CCNG1"
"ENSG00000113356.13",218.751650590814,0.192049438154769,0.117020023265556,1.6411673215869,0.100762687118399,0.245441333204043,"POLR3G"
"ENSG00000113360.16",3016.52871966283,-0.0816958019851891,0.072819032193472,-1.12190178205242,0.261904202900138,0.45342268316867,"DROSHA"
"ENSG00000113361.13",463.121701363369,-0.591103990820909,0.158905492539762,-3.71984618891005,0.000199344139632731,0.0035816321860726,"CDH6"
"ENSG00000113368.12",2121.25986735565,0.286881008366241,0.113779088859014,2.5213860582213,0.0116893525961461,0.05949757162261,"LMNB1"
"ENSG00000113369.9",8991.29364094026,-0.10972853633588,0.108212677331969,-1.01400814619216,0.310578865217835,0.504424436042383,"ARRDC3"
"ENSG00000113384.14",7896.4289451086,-0.072602302431578,0.0602344036365756,-1.20532948030206,0.228076133241614,0.414008980099944,"GOLPH3"
"ENSG00000113387.12",7087.75903500694,-0.051502355889018,0.0707621251151856,-0.727823758899033,0.466721478618071,0.648412543299593,"SUB1"
"ENSG00000113389.16",1272.20719990266,0.00949550442915342,0.155353940849912,0.0611217480368074,0.951262249101134,0.974473047979201,"NPR3"
"ENSG00000113391.19",1086.44205949823,-0.119286959513041,0.0660995501820694,-1.80465614644077,0.0711285061877771,0.196098158041542,"FAM172A"
"ENSG00000113396.13",25.9711539659196,0.338352276891111,0.299967556195385,1.12796290766433,0.259335584438418,0.450401827333617,"SLC27A6"
"ENSG00000113407.14",4823.11423049331,0.0150047846068255,0.0847647415642129,0.177016815363717,0.859495181407438,0.924676494857943,"TARS1"
"ENSG00000113430.10",6.56266953447902,1.01414323066997,0.44331653716244,2.28762779110668,0.0221592060522685,0.0909562873996026,"IRX4"
"ENSG00000113441.16",3100.70574763569,-0.10795848697283,0.0882321330372655,-1.22357335424762,0.22111321649001,0.40559351606622,"LNPEP"
"ENSG00000113448.19",2870.84632995013,0.0595258078238068,0.141714830591665,0.420039367617943,0.674456694891573,0.808449567705675,"PDE4D"
"ENSG00000113456.19",1968.16476687755,-0.165708628495981,0.0609934466222869,-2.71682676865535,0.00659110957340775,0.0404941522471792,"RAD1"
"ENSG00000113460.13",1761.491539025,-0.0261788521083696,0.0859694755258493,-0.304513339743455,0.760736831364145,0.865102454489194,"BRIX1"
"ENSG00000113492.14",2.33509439864399,-1.47003764161987,0.375853148349844,-3.9112021492276,9.18378638836123e-05,0.0020785574454637,"AGXT2"
"ENSG00000113494.17",525.743448386297,-0.295908599093677,0.229971294485801,-1.28671971758609,0.198191997974068,0.378614401375836,"PRLR"
"ENSG00000113504.21",7205.51895455875,0.134376430175194,0.110901033539361,1.21167879041904,0.225635361047447,0.410945190117761,"SLC12A7"
"ENSG00000113520.11",3.68482288836207,-0.0670143396317288,0.176965553121263,-0.378685786299938,0.704921209533154,0.828325338968245,"IL4"
"ENSG00000113522.14",115.753237453326,-0.016950088800661,0.0921034198613514,-0.184033218594673,0.853987395291656,0.921796676496697,"RAD50"
"ENSG00000113525.10",3.79204160552874,-0.524274662460519,0.246769791655057,-2.12454960124684,0.0336242130457376,0.119531078006191,"IL5"
"ENSG00000113532.13",1746.16520646743,-0.00875036600957281,0.111463829489028,-0.0785040855826162,0.937427080429889,0.967504488460298,"ST8SIA4"
"ENSG00000113552.16",2216.38521135715,0.18085654567089,0.065057755559069,2.77993828893593,0.00543692293886378,0.0354328352178506,"GNPDA1"
"ENSG00000113555.6",1041.33500405151,0.0133001823034307,0.117086828752428,0.113592471887278,0.909560855286979,0.952043774773193,"PCDH12"
"ENSG00000113558.19",6866.75390603906,0.106999084176832,0.0659240821879159,1.6230652081258,0.104575466081632,0.251742471084226,"SKP1"
"ENSG00000113569.16",2587.28118445504,-0.132888808093711,0.0924968639658218,-1.43668447119261,0.150807669336605,0.31841835385923,"NUP155"
"ENSG00000113575.10",5219.84888971686,0.185677656452742,0.0475968760454142,3.90104712493272,9.57775022591261e-05,0.0021386767553753,"PPP2CA"
"ENSG00000113578.18",267.900356649821,-0.217250626403655,0.148385780153556,-1.46409329909398,0.143168457925475,0.30803331198868,"FGF1"
"ENSG00000113580.15",4469.12045139988,0.034182114282822,0.0802215263740025,0.426096533285354,0.670037506197215,0.805346875558804,"NR3C1"
"ENSG00000113583.8",4278.05367022758,0.0756509385706639,0.0606166444898008,1.24802253914587,0.212022803208545,0.394587676959789,"C5orf15"
"ENSG00000113593.12",1019.52396443917,-0.0860664537194814,0.0557494249028585,-1.54380881721111,0.1226346546771,0.278648194846216,"PPWD1"
"ENSG00000113594.10",3929.69109159218,-0.483769209086014,0.138685513235378,-3.48824616068556,0.000486200233938879,0.00663676276692378,"LIFR"
"ENSG00000113595.15",679.292483798604,-0.018420814703852,0.0689578200773044,-0.267131627467364,0.789367816926414,0.883227112382157,"TRIM23"
"ENSG00000113597.18",924.820762625402,0.0126476491397883,0.0658809382256845,0.191977368270955,0.84775993318341,0.91745128902208,"TRAPPC13"
"ENSG00000113600.11",4.77307483085573,-0.118511028478675,0.244230935137082,-0.485241676744008,0.627504921757837,0.775072272401975,"C9"
"ENSG00000113615.13",2517.58833066046,0.0512011722643572,0.0704553799907758,0.726717708016912,0.467398903350156,0.648887054799755,"SEC24A"
"ENSG00000113621.15",2592.24206858902,-0.0740199188662241,0.0624811706196211,-1.18467560918232,0.236145729727024,0.423530667446092,"TXNDC15"
"ENSG00000113638.14",905.983784113932,-0.0937069621850101,0.066844137853745,-1.40187255298349,0.160953307945349,0.331844097190024,"TTC33"
"ENSG00000113643.9",2865.84060086529,0.167205366645169,0.0568504606370949,2.94114356807985,0.00327002935184866,0.025090877802043,"RARS1"
"ENSG00000113645.15",2774.70883140778,-0.0551663711677934,0.088989542582252,-0.619919707046519,0.535310650558615,0.704138886050172,"WWC1"
"ENSG00000113648.16",7028.51218093341,0.12380861398058,0.0480238077848009,2.578067414716,0.00993546124074654,0.0535158244763266,"MACROH2A1"
"ENSG00000113649.11",2197.19364022721,-0.0440759223032639,0.0589938874208122,-0.747126935183364,0.454986942736232,0.638262347133416,"TCERG1"
"ENSG00000113657.13",10019.2046047951,0.0249657726365293,0.117576538468999,0.212336346703316,0.831844641301672,0.908317600618451,"DPYSL3"
"ENSG00000113658.18",3025.69077204651,-0.0422813856002899,0.0606146826617101,-0.697543627115263,0.485462646695275,0.664467517531071,"SMAD5"
"ENSG00000113712.19",3678.55331323263,0.0736495875939787,0.0651103680128235,1.13114992038554,0.257991996038808,0.448950842782773,"CSNK1A1"
"ENSG00000113716.13",2543.79674825749,0.06222249295925,0.0459122651262397,1.35524772711963,0.17533864322854,0.350772109662768,"HMGXB3"
"ENSG00000113719.16",11286.6581061342,0.18950393155215,0.0723906294248785,2.61779643384374,0.0088499582846054,0.0494414531225149,"ERGIC1"
"ENSG00000113721.14",6019.06283290116,0.1075387357498,0.0963923139887482,1.11563600145913,0.264577975192593,0.456194382751611,"PDGFRB"
"ENSG00000113722.17",17.2946941116591,-0.0588500130690216,0.151804929770772,-0.38766865580641,0.698261254299225,0.823760813783732,"CDX1"
"ENSG00000113732.9",8532.55680471596,0.116499259309194,0.0737841418214246,1.57892002852253,0.114354401395193,0.266554721392576,"ATP6V0E1"
"ENSG00000113734.18",473.755273554002,0.095198578932242,0.0747234928469438,1.27401136249395,0.202659389334109,0.383556309993775,"BNIP1"
"ENSG00000113739.10",1026.84302988373,0.708050339183977,0.169738072762304,4.17142911817731,3.02695217926634e-05,0.00089818466046626,"STC2"
"ENSG00000113742.14",2413.61654465228,-0.216406825954513,0.0834247246958071,-2.59403704050089,0.00948562669875244,0.0517713065051746,"CPEB4"
"ENSG00000113749.7",308.402140192483,0.19868146869268,0.138820076440389,1.43121566986023,0.152368413942334,0.320454934010242,"HRH2"
"ENSG00000113758.13",4687.51545361298,0.35412566610926,0.0990319443108593,3.57587310411342,0.000349060949559757,0.00532597900719203,"DBN1"
"ENSG00000113761.12",519.293623679744,0.0114599703741471,0.0493729043633479,0.232110517335788,0.816452176280909,0.899594330980948,"ZNF346"
"ENSG00000113763.12",52.2597545120392,0.34977902376804,0.178570547591933,1.95877219667462,0.0501394710460719,0.156023311481155,"UNC5A"
"ENSG00000113790.11",639.028023879448,0.137259641083031,0.0822226659762168,1.66936500359565,0.0950450648716787,0.236904645112885,"EHHADH"
"ENSG00000113805.8",147.631058629253,-0.602110944798552,0.178302025686288,-3.37691589582908,0.000733034602220774,0.00885841053057577,"CNTN3"
"ENSG00000113810.16",2252.35894854991,0.00619653721047886,0.0929688480316103,0.066651758537139,0.946858939967638,0.972194651280766,"SMC4"
"ENSG00000113811.11",1949.5554360693,-0.027240378731084,0.0736116074471613,-0.370055480049627,0.711341152824718,0.833222425535424,"SELENOK"
"ENSG00000113812.14",909.519925303938,-0.0243074228951179,0.0428597032207555,-0.567139318952321,0.570619531171212,0.731804162222002,"ACTR8"
"ENSG00000113838.13",471.258443324032,0.0892016742856674,0.0623772999897868,1.43003423200864,0.152707194415921,0.32102548612043,"TBCCD1"
"ENSG00000113845.10",2537.92751726056,0.11530957401148,0.0594570421662725,1.93937622542702,0.0524555432973345,0.160795728109581,"TIMMDC1"
"ENSG00000113851.14",1164.10824851957,-0.110545756287903,0.0736796222169022,-1.50035726245274,0.133521883784206,0.294666848523636,"CRBN"
"ENSG00000113889.14",5.25143692701497,-0.0702460009818942,0.285756288470915,-0.245824864809734,0.805817808231403,0.893138434298159,"KNG1"
"ENSG00000113905.5",3.29364521040967,0.446517970529596,0.282442379473265,1.58091704000766,0.113897007610523,0.265860833932352,"HRG"
"ENSG00000113916.18",3476.56439258577,-0.106634564315605,0.0758802805454502,-1.40530007992965,0.159932064608672,0.330721629007238,"BCL6"
"ENSG00000113924.12",1057.54495482053,0.0931474669827654,0.262155681599511,0.355313554199694,0.722354702316152,0.840710169342503,"HGD"
"ENSG00000113946.4",53.9577718603407,-0.391911036673431,0.185409917680867,-2.1137544397598,0.0345362461213776,0.121532104652682,"CLDN16"
"ENSG00000113966.10",389.732660386167,-0.148548623060987,0.084979011886186,-1.74806248935844,0.0804532073966865,0.212784289311875,"ARL6"
"ENSG00000113971.20",323.255103218641,-0.176634836536719,0.0760495289428106,-2.32262893659143,0.0201990948384208,0.0857611353645884,"NPHP3"
"ENSG00000114013.16",1007.62836173905,0.00820654142708471,0.109933245308701,0.0746502243615219,0.940493012309173,0.968836717064554,"CD86"
"ENSG00000114019.15",2931.36563939476,-0.0373897983904111,0.100504226109812,-0.372022151084061,0.709876356961576,0.832092157600315,"AMOTL2"
"ENSG00000114021.12",1922.22687164665,0.0239483381346965,0.0683957335495205,0.350143742772452,0.726230824187108,0.842677486022597,"NIT2"
"ENSG00000114023.15",2004.30834433404,0.128659961828971,0.0972106033189756,1.32351777929822,0.185663247712126,0.363626478385777,"FAM162A"
"ENSG00000114026.21",603.87328479931,0.0800459213033664,0.0525355121348418,1.52365358308327,0.127595270309262,0.286467687261869,"OGG1"
"ENSG00000114030.13",1767.41785210516,0.10304538833504,0.0532344349956702,1.93569046695848,0.0529056227289081,0.161654450946543,"KPNA1"
"ENSG00000114054.14",1893.62225797669,0.0353878269485746,0.0781063344643468,0.453072432489175,0.650496585339568,0.791050864914011,"PCCB"
"ENSG00000114062.22",3084.20921019971,-0.0241791458441402,0.0602598233198201,-0.401248203397694,0.688237394406684,0.817390822090814,"UBE3A"
"ENSG00000114098.18",1706.68263312647,0.0282881004180915,0.0467835038029319,0.60465972230833,0.545405115626153,0.712576585253416,"ARMC8"
"ENSG00000114107.9",1345.63699570128,-0.19601191271973,0.0815658192647993,-2.40311339341039,0.0162561457921056,0.0742918135698794,"CEP70"
"ENSG00000114113.6",38.2459261358332,0.0114524244691513,0.266047601268638,0.0430465240601337,0.965664447365195,0.982995977683894,"RBP2"
"ENSG00000114115.10",914.823848765633,0.157540003196978,0.158034716263842,0.996869592463229,0.318827812998807,0.5125662455053,"RBP1"
"ENSG00000114120.14",3131.99823643085,-0.216911492224074,0.070178306341104,-3.09086245498387,0.00199576059368031,0.0178760554103282,"SLC25A36"
"ENSG00000114125.14",2105.97914702129,0.180005363514587,0.0646410588244067,2.78469082636099,0.00535787837508341,0.0350857695672323,"RNF7"
"ENSG00000114126.18",1996.7357116092,-0.149751023245612,0.0652552148525655,-2.29485143193464,0.0217416399823386,0.0897958590661208,"TFDP2"
"ENSG00000114127.11",2358.27065660927,-0.132619652919658,0.0823771793018687,-1.60990767156129,0.107418013972606,0.256064200373925,"XRN1"
"ENSG00000114166.8",1158.84993868844,-0.193388667412644,0.0941923938097211,-2.05312403253398,0.0400605497060627,0.13476163295584,"KAT2B"
"ENSG00000114200.10",196.971224130906,-0.361090487396815,0.19575308097807,-1.84462224345408,0.0650925089952438,0.185264670376802,"BCHE"
"ENSG00000114204.15",27.2640811470707,-0.76645737998475,0.228827706803898,-3.34949552521449,0.000809588633838066,0.00948070150769284,"SERPINI2"
"ENSG00000114209.15",1923.99102304427,0.0693919341823028,0.0788810207751123,0.879703805813282,0.379019787132157,0.570620682508406,"PDCD10"
"ENSG00000114248.10",265.065252441287,0.0107871703210495,0.23977190834227,0.0449893000211308,0.964115837666025,0.982300633064757,"LRRC31"
"ENSG00000114251.15",1472.29899624569,-0.132449883851726,0.128079149953747,-1.03412525691775,0.30107761020234,0.493952440568989,"WNT5A"
"ENSG00000114268.12",642.234001568674,0.205382904444362,0.108150974841904,1.89903886437078,0.0575593662454428,0.170841043096151,"PFKFB4"
"ENSG00000114270.17",1481.9416467788,0.511856807669552,0.212707200697112,2.40639153724946,0.0161109872966398,0.0738078702960258,"COL7A1"
"ENSG00000114279.13",194.210108428787,0.795171833867124,0.222785496708065,3.56922620914192,0.000358037178732956,0.00543305915750059,"FGF12"
"ENSG00000114302.16",2930.21624564647,-0.0875905376766436,0.0504936582079378,-1.73468393428611,0.0827968034623821,0.216732713272541,"PRKAR2A"
"ENSG00000114315.4",2285.3341847059,0.104753110635439,0.105106803740626,0.996634917126208,0.318941750963732,0.512696432032055,"HES1"
"ENSG00000114316.13",2863.29338877884,-0.0680141982116468,0.0410386566706555,-1.65732028602876,0.0974547380731055,0.240578387817733,"USP4"
"ENSG00000114331.15",2751.13118271771,-0.105012705826306,0.0831583220894089,-1.26280452981483,0.206659436399885,0.388252698988889,"ACAP2"
"ENSG00000114346.14",2381.10965907016,0.307203473266717,0.120130218706329,2.55725392474069,0.0105502173072539,0.0556389014431182,"ECT2"
"ENSG00000114349.10",2.20743579534254,0.087640107896851,0.379209499969403,0.231112638011237,0.817227297166309,0.900120700187182,"GNAT1"
"ENSG00000114353.17",15125.0283526472,0.157142426256922,0.0756744381234659,2.07655887712755,0.0378422916968605,0.12961763554152,"GNAI2"
"ENSG00000114354.15",5594.59478035554,0.129702738292509,0.064015793184185,2.02610530684719,0.0427539943996597,0.140611353901795,"TFG"
"ENSG00000114374.13",638.236429255798,0.00788722157443225,0.434057901972273,0.0181708973355727,0.98550251936441,0.992898634504443,"USP9Y"
"ENSG00000114378.17",986.053887064433,0.207236994478034,0.181228925970213,1.14350947768733,0.252827121933112,0.442989316114071,"HYAL1"
"ENSG00000114383.10",1317.89203709289,0.0193083300491618,0.058312302496565,0.331119321695438,0.740554357490408,0.85192958061598,"TUSC2"
"ENSG00000114388.14",864.286589678898,-0.0262894924788062,0.0661070792141302,-0.397680441963723,0.690865755987203,0.819121996077122,"NPRL2"
"ENSG00000114391.13",22799.8386704011,0.0722881644143996,0.0984998999014508,0.733890739855816,0.463015331280577,0.645310173489797,"RPL24"
"ENSG00000114395.11",718.198315353878,0.116827865506819,0.0693387188172518,1.68488641699206,0.0920104876937164,0.231928010810638,"CYB561D2"
"ENSG00000114405.11",588.652161110291,-0.122707088538072,0.106968389261676,-1.14713411490094,0.251326196289115,0.441437300569981,"C3orf14"
"ENSG00000114416.18",4810.09944985278,0.134182030435508,0.0566104781815073,2.37026845110346,0.0177751738776784,0.0789894372543441,"FXR1"
"ENSG00000114423.23",1765.10904148365,-0.0369413312990789,0.0714034206137512,-0.517360806828974,0.604904313885481,0.758077216072774,"CBLB"
"ENSG00000114439.19",2865.91023106494,0.00429186739425705,0.0712329480251836,0.0602511550236515,0.951955603867763,0.974790840532999,"BBX"
"ENSG00000114446.5",4270.50552497451,-0.0368654901606545,0.120701845656501,-0.305426068343378,0.760041670046587,0.864652906914779,"IFT57"
"ENSG00000114450.11",1562.89001579365,0.0334106936268675,0.100505464645726,0.33242663714493,0.739567127563722,0.851426687574916,"GNB4"
"ENSG00000114455.13",668.34812661588,0.275416736685153,0.294987362062222,0.933656054821286,0.350481340271547,0.544052218492774,"HHLA2"
"ENSG00000114473.14",634.833971568006,-0.395980972773642,0.0894533180770135,-4.42667730259852,9.56957280569958e-06,0.000387973326656904,"IQCG"
"ENSG00000114480.13",1771.87083381308,0.234555957173142,0.0760366683414772,3.0847742581219,0.00203706701475761,0.0180805310909957,"GBE1"
"ENSG00000114487.10",1.17054614901073,-0.93495537433888,0.40275664774798,-2.32139029750768,0.0202657887147833,0.085950178812902,"MORC1"
"ENSG00000114491.14",1384.89419577906,0.174050290794563,0.0616149903344352,2.82480431871934,0.00473094987936494,0.0321509520991421,"UMPS"
"ENSG00000114503.11",3558.07602013756,0.0865346710145221,0.0530851612882143,1.63011035314937,0.103078175976943,0.249366495625663,"NCBP2"
"ENSG00000114520.11",1953.81965847712,0.0420736295726518,0.0503294366091858,0.835964644296711,0.403174793415214,0.592969055165085,"SNX4"
"ENSG00000114529.13",659.525059722167,0.0891946847442576,0.0907798228181533,0.982538652040872,0.325834550687078,0.519247359332986,"C3orf52"
"ENSG00000114541.15",1638.41547088933,-0.0211625732579274,0.0910496999620316,-0.232428808296483,0.816204975723513,0.899467384374487,"FRMD4B"
"ENSG00000114544.17",1913.38839429531,0.00479218450571355,0.0628021553212504,0.0763060516187733,0.93917561138811,0.968226079117195,"SLC41A3"
"ENSG00000114547.10",28.8011472048935,-0.0734098379011701,0.182737452900252,-0.401723000600436,0.687887895278766,0.817339461010563,"ROPN1B"
"ENSG00000114554.11",5105.31181717411,0.0839784844717743,0.091006259152206,0.922777018351256,0.35612341960179,0.54949330346213,"PLXNA1"
"ENSG00000114573.10",4399.00303525583,-0.0192177814242542,0.0497654054325454,-0.386167484364274,0.699372633242743,0.824540992193444,"ATP6V1A"
"ENSG00000114626.18",1465.79669874156,-0.0117228638689453,0.0811984722308899,-0.144372961052901,0.885205967054749,0.938960788261183,"ABTB1"
"ENSG00000114631.11",2024.68276925257,0.0209706284228581,0.177993712615989,0.117816680795355,0.906212912238396,0.950193577952661,"PODXL2"
"ENSG00000114638.8",87.8849910941381,0.529053919541356,0.351054976633476,1.50704007849381,0.131800384462088,0.292184724989766,"UPK1B"
"ENSG00000114646.10",239.767264831219,0.0259243797353542,0.157797274356003,0.164289147839568,0.869503524388135,0.930217893234389,"CSPG5"
"ENSG00000114648.12",839.149810860814,0.0267746661774608,0.0436305674606141,0.613667612772414,0.539434994325424,0.707648420586955,"KLHL18"
"ENSG00000114650.20",3315.2528845853,-0.00379640524607408,0.0555349965052385,-0.0683605921486999,0.945498591322435,0.971648134114203,"SCAP"
"ENSG00000114654.7",281.360116889258,-0.18050050343623,0.165377712821618,-1.09144394584126,0.27507758421317,0.467754124889375,"EFCC1"
"ENSG00000114656.12",138.744955396533,-0.208730403415631,0.126165657432561,-1.65441537470055,0.0980431447104349,0.241377683712527,"CFAP92"
"ENSG00000114670.14",499.049157490163,-0.0967665727669522,0.100512660339084,-0.962730191803754,0.335682941144037,0.528986233706084,"NEK11"
"ENSG00000114686.9",3609.23427963017,0.126807075959988,0.0713906656453381,1.77624168108969,0.0756930909422004,0.204151773109098,"MRPL3"
"ENSG00000114698.15",1272.80840237893,-0.0382752692334288,0.105990357744537,-0.361120294788339,0.718009522452435,0.837967225120374,"PLSCR4"
"ENSG00000114735.10",1123.9569379907,-0.159522157920957,0.0684110444345044,-2.33181877633341,0.0197102268335436,0.0845090253662802,"HEMK1"
"ENSG00000114737.16",2059.23054938149,-0.305694930353303,0.119040352587082,-2.56799416088488,0.0102288879066658,0.0544967778967234,"CISH"
"ENSG00000114738.11",3029.29231092339,0.155201991917681,0.0826694338877202,1.8773806063372,0.0604659475983421,0.17668247204815,"MAPKAPK3"
"ENSG00000114739.14",679.074158284067,-0.233436638012253,0.0845536361124114,-2.76081134703547,0.00576579712573654,0.0369155160975282,"ACVR2B"
"ENSG00000114742.14",1677.23433105876,-0.0735721510393001,0.0415412603686711,-1.77106208108181,0.0765503787227259,0.205665768205423,"WDR48"
"ENSG00000114744.9",1680.15179572589,0.0222088409092897,0.0633374363990141,0.350643192588,0.725856048390744,0.842520780215449,"COMMD2"
"ENSG00000114745.13",1993.42351811328,-0.0491979881735062,0.0448974246690067,-1.09578641840159,0.273172253457912,0.465536641808674,"GORASP1"
"ENSG00000114757.19",30.2602763117675,0.0245187062699426,0.187543596533396,0.130736035370723,0.8959841248788,0.944794586184078,"PEX5L"
"ENSG00000114767.7",940.996698275481,0.142765978952348,0.0775862311208278,1.84009426530866,0.0657543990867994,0.186375039059834,"RRP9"
"ENSG00000114770.17",2251.21621563263,-0.303634191314558,0.100494611009103,-3.02139774725884,0.00251610606213728,0.0209999295880512,"ABCC5"
"ENSG00000114771.14",227.262395154035,0.0881613047433203,0.264133657388625,0.333775353035024,0.738549083307617,0.850775483034692,"AADAC"
"ENSG00000114779.19",2449.64820922677,0.0791979606466992,0.0810815335687167,0.976769396937699,0.328683329915452,0.522307006962682,"ABHD14B"
"ENSG00000114784.4",1430.28961467339,-0.0324553692535882,0.0629299985057008,-0.515737645387805,0.606037658129287,0.759268900131646,"EIF1B"
"ENSG00000114790.13",1149.12798544156,-0.191032421773454,0.157187218514068,-1.21531778206481,0.224244912368553,0.409012822396492,"ARHGEF26"
"ENSG00000114796.16",3268.50842604248,-0.197110988653752,0.0794919707721607,-2.47963393961775,0.0131517324833646,0.0644102132345773,"KLHL24"
"ENSG00000114805.18",1263.72275752318,-0.130829123320132,0.121244450720616,-1.07905246419568,0.280564340408036,0.473049153509811,"PLCH1"
"ENSG00000114812.13",1163.44553110228,-0.268582719611823,0.202075880561933,-1.3291181454459,0.183808994655902,0.361184728742191,"VIPR1"
"ENSG00000114841.17",594.656912157856,-0.452149921692461,0.118721348032403,-3.80849720110197,0.000139813928673975,0.0028024233156789,"DNAH1"
"ENSG00000114850.7",10470.8187317284,0.111092400599914,0.0729532101796101,1.52278974874999,0.127811315493734,0.286772793705236,"SSR3"
"ENSG00000114853.14",645.531327676577,0.0308551793643745,0.0853070871842316,0.36169538056948,0.717579679447563,0.837553648431066,"ZBTB47"
"ENSG00000114854.8",667.768169470422,0.248775660428757,0.234308404224889,1.06174450400841,0.28835168969893,0.480797956886187,"TNNC1"
"ENSG00000114857.18",3425.83647218103,-0.382402043892126,0.104858394551487,-3.64684244430578,0.000265482594551402,0.00439518250641464,"NKTR"
"ENSG00000114859.16",260.17541795643,0.127581218226861,0.0898815918824383,1.41943656709744,0.155771777921128,0.325127565815817,"CLCN2"
"ENSG00000114861.23",2655.33251890979,-0.0359048009583358,0.0950445568884151,-0.377768092500963,0.705602878797859,0.828892298924425,"FOXP1"
"ENSG00000114867.22",20848.5226072065,0.189287336280706,0.0677585291670311,2.79355733673167,0.00521317863161673,0.0345191639185393,"EIF4G1"
"ENSG00000114902.14",3927.81415406011,0.0771142081433931,0.0615576864851869,1.25271452756675,0.21030961704129,0.392655791843634,"SPCS1"
"ENSG00000114904.13",875.658954700992,-0.0428020613609181,0.0535591836541556,-0.799154476238868,0.424200845011085,0.611832029326953,"NEK4"
"ENSG00000114923.17",342.036248732629,-0.0421882872294441,0.159416747524321,-0.264641500247694,0.791285646998727,0.884384355943056,"SLC4A3"
"ENSG00000114933.16",1196.72205911079,-0.215272422908288,0.0921630351131502,-2.33577835890489,0.01950279608075,0.0838897402992778,"INO80D"
"ENSG00000114942.14",13793.6762601768,0.23281628173309,0.101507323126066,2.29359098992244,0.0218140034215809,0.0900277198357124,"EEF1B2"
"ENSG00000114948.13",118.074142230968,0.0905593951141907,0.160398473248335,0.564590131565548,0.572352579081423,0.733066646739932,"ADAM23"
"ENSG00000114956.20",1233.01021498784,0.0839262370949485,0.0668290262212592,1.25583510400231,0.209175761324974,0.391328872881117,"DGUOK"
"ENSG00000114978.18",7977.51973753939,0.0164964045396435,0.0482378031292044,0.341980842192545,0.732365309722774,0.846874986773967,"MOB1A"
"ENSG00000114982.19",2877.33444403608,-0.119623673228771,0.0445213774057901,-2.68688167795127,0.00721224961305451,0.0429901640551669,"KANSL3"
"ENSG00000114988.12",1396.79022291256,0.131830283599612,0.0562254937252055,2.34467098224009,0.0190438764875485,0.0825557005078064,"LMAN2L"
"ENSG00000114993.17",1754.39212268072,0.12375938220263,0.0767696768428675,1.61208679379934,0.106943054085272,0.25529924168914,"RTKN"
"ENSG00000114999.8",1753.19515817933,0.0898273284052474,0.0645425199260971,1.39175428086945,0.163996818853995,0.335624913333295,"TTL"
"ENSG00000115008.6",120.129203060326,0.965724263149279,0.220048305748308,4.3886921095129,1.140343762235e-05,0.00043941510273252,"IL1A"
"ENSG00000115009.13",1752.37021816928,0.658213956090284,0.225321919967506,2.92121581506676,0.00348668207772561,0.0262688631848198,"CCL20"
"ENSG00000115020.17",1751.06035335123,-0.176194724239923,0.0671128716864077,-2.62534920369989,0.0086560141354007,0.0486927230162784,"PIKFYVE"
"ENSG00000115041.13",179.850141619624,0.139161534811522,0.136587271572603,1.01884702146313,0.308275598390748,0.501995663692502,"KCNIP3"
"ENSG00000115042.10",625.840820196652,0.0104705589945653,0.0592878067913283,0.176605605119075,0.859818191046908,0.924849025411111,"FAHD2A"
"ENSG00000115053.17",24282.0558504661,0.133849428549414,0.0660571030704524,2.02626852114085,0.0427372752296139,0.140598034013788,"NCL"
"ENSG00000115073.8",3248.89454474446,0.0601846456607344,0.0624618646834228,0.963542250391818,0.335275471903895,0.528648774662174,"ACTR1B"
"ENSG00000115084.15",5870.51067945435,-0.0879744541289662,0.0693180774147075,-1.26914157763845,0.20439057348721,0.385559352384225,"SLC35F5"
"ENSG00000115085.14",453.521416446422,-0.21057339422816,0.134496345714423,-1.56564398169801,0.117431987406109,0.27098360619599,"ZAP70"
"ENSG00000115091.12",12469.3412512013,0.138333607485741,0.0609270121175117,2.27048073880487,0.023178430647447,0.0936163401122712,"ACTR3"
"ENSG00000115107.20",3416.79680284402,-0.0584581570132841,0.11251482615009,-0.519559590620561,0.60337056897801,0.756895868612845,"STEAP3"
"ENSG00000115109.14",2497.37107814561,-0.220868045084179,0.0929723582523296,-2.37563130844478,0.017518957880203,0.0782792463703661,"EPB41L5"
"ENSG00000115112.8",3137.35854401295,-0.383123669073863,0.157812142399558,-2.42771983985775,0.0151940752516838,0.0709874189382976,"TFCP2L1"
"ENSG00000115128.7",2838.99882894225,0.154532799593151,0.0675960419669941,2.28612201389849,0.022247121461936,0.091215937787221,"SF3B6"
"ENSG00000115129.14",1462.40059676482,0.462194975261955,0.100804843780889,4.58504728469784,4.53883706348527e-06,0.00022486830707532,"TP53I3"
"ENSG00000115137.12",294.912504146133,-0.27812374907404,0.0670599180658883,-4.14739172214281,3.36284420983833e-05,0.000981237267994281,"DNAJC27"
"ENSG00000115138.11",62.9306754150004,-0.20865141373217,0.195678078163236,-1.06629938156951,0.286288328992346,0.478748171035319,"POMC"
"ENSG00000115145.10",2091.36732393769,-0.104966665342473,0.0524496933791013,-2.00128272597866,0.0453619302236661,0.14645410618081,"STAM2"
"ENSG00000115155.19",24.0529761404887,-0.144606418507953,0.165070176664491,-0.876029949382491,0.381013752493459,0.572339247463511,"OTOF"
"ENSG00000115159.16",3214.22150373853,0.0751192744238201,0.0618973346188372,1.21361081032654,0.224896377000467,0.409913231111166,"GPD2"
"ENSG00000115163.15",296.24764917977,0.275821220948747,0.166352617927108,1.65805157974493,0.0973070558919947,0.240383157365302,"CENPA"
"ENSG00000115165.10",1093.61627236004,-0.178190812723723,0.112236035140731,-1.5876435095047,0.112366973677468,0.26347262866392,"CYTIP"
"ENSG00000115170.15",2381.1552965903,0.0423631093518949,0.0592818356290221,0.714605222702578,0.474853016644693,0.655171217702104,"ACVR1"
"ENSG00000115183.15",2754.40720043271,-0.132278711168935,0.0688170426285506,-1.92217953745742,0.0545831706739717,0.164978698771946,"TANC1"
"ENSG00000115194.11",39.5758964055921,-0.198075499961981,0.210409094543049,-0.94138278762212,0.346508731015907,0.540207348083399,"SLC30A3"
"ENSG00000115204.15",2228.44354969186,0.123339934304774,0.0611043516878174,2.0185130992784,0.0435378513105091,0.14239713144615,"MPV17"
"ENSG00000115207.13",2446.52438376942,0.0436969939495653,0.0543965260929267,0.803304863161975,0.421798547770894,0.609608397765948,"GTF3C2"
"ENSG00000115211.16",1427.95044080891,0.0412312261466793,0.0531095763925014,0.776342591060486,0.437546731691307,0.623117603652951,"EIF2B4"
"ENSG00000115216.14",5160.64552643084,0.207892599251548,0.0544325271892289,3.81927149053417,0.000133846385999251,0.00271882106715866,"NRBP1"
"ENSG00000115221.12",7025.84617866496,0.113783877088322,0.141320149600146,0.805149707315368,0.420733294442063,0.608567532972355,"ITGB6"
"ENSG00000115226.10",551.240473697222,0.333337181773677,0.156917865274625,2.12427808134082,0.0336468974358793,0.119565178389661,"FNDC4"
"ENSG00000115232.14",1220.43337839421,-0.204804795909159,0.115216868555054,-1.77755912374321,0.0754762922936228,0.203845508180364,"ITGA4"
"ENSG00000115233.12",3573.4314995815,0.102756189575526,0.0799207807291314,1.2857255476994,0.198538861861641,0.378982311162947,"PSMD14"
"ENSG00000115234.11",5683.49280400345,0.144048626853832,0.0610116325435173,2.36100266209214,0.0182255997830108,0.0803118291756593,"SNX17"
"ENSG00000115239.24",905.105667744142,-0.0749768258496978,0.0589051422048911,-1.27284007886619,0.20307479589023,0.383980803961295,"ASB3"
"ENSG00000115241.11",6372.38316867337,0.212442074089463,0.0699492034186029,3.0370906844804,0.00238873579735226,0.0202413288117202,"PPM1G"
"ENSG00000115252.18",314.473295586003,-0.185446630888268,0.125352263213779,-1.47940393044202,0.139032390289106,0.301688416209034,"PDE1A"
"ENSG00000115255.12",856.340046842989,0.249591818887401,0.174244989230891,1.43241891769219,0.152023967699007,0.320029797904008,"REEP6"
"ENSG00000115257.15",177.836701493422,0.0282268222617443,0.128795931425371,0.219159269624134,0.826525982320303,0.905003273347032,"PCSK4"
"ENSG00000115263.15",1.68343085457921,-0.90800730089305,0.50299378333806,-1.80520581162488,0.071042481863823,0.195942121505448,"GCG"
"ENSG00000115266.12",125.263182754871,0.0332121498321099,0.0907752053493596,0.365872483618063,0.714460229780123,0.835142350609846,"APC2"
"ENSG00000115267.8",1833.32792445015,0.0813986244909196,0.0981080987668629,0.829683028353749,0.40671801950009,0.596356162389522,"IFIH1"
"ENSG00000115268.10",10203.3146435425,0.23657360631676,0.0986153029120525,2.39895431369047,0.0164419659673589,0.0748463360105318,"RPS15"
"ENSG00000115271.11",1741.87949288615,-0.0914025048574856,0.0784954898464435,-1.16443002058196,0.244249787493359,0.433169216192619,"GCA"
"ENSG00000115274.15",12.7952715257346,-0.140155318575759,0.117400670444666,-1.19382042747208,0.232548219227992,0.419221372407757,"INO80B"
"ENSG00000115275.14",3657.88563064064,0.0762970451564702,0.0623891355693118,1.22292197928768,0.221359166100793,0.405847064839462,"MOGS"
"ENSG00000115282.21",1053.23050533242,-0.0642526806227676,0.0481353144621459,-1.33483454591943,0.181930504157115,0.358976606110521,"TTC31"
"ENSG00000115286.20",207.820868226879,0.123039219948306,0.0692856299172754,1.77582595547173,0.075761608228727,0.204191131772476,"NDUFS7"
"ENSG00000115289.14",758.820928859358,0.0683332209623752,0.0631428457777658,1.08220052676874,0.279163434488552,0.471654674512746,"PCGF1"
"ENSG00000115290.10",374.445665473664,-0.338833420406838,0.166358899745862,-2.03676160953491,0.0416739371889137,0.138211580833359,"GRB14"
"ENSG00000115295.20",1828.55940345228,0.00334975598124413,0.0883329322673678,0.037921938005013,0.969749921629204,0.984836169380505,"CLIP4"
"ENSG00000115297.11",9.46554413600198,0.615493442491517,0.242557769416641,2.5375127911664,0.0111643288192935,0.0577636623413166,"TLX2"
"ENSG00000115306.16",21151.09345262,0.0674803911975171,0.104019900446418,0.648725781392929,0.516515637116092,0.69056120418063,"SPTBN1"
"ENSG00000115307.17",6865.09512040518,0.143447516178969,0.0703266686694887,2.03973142611266,0.0413770830675028,0.137674118185726,"AUP1"
"ENSG00000115310.18",12727.1051527196,0.196170013694845,0.0635198159570158,3.08832780352503,0.00201286307088044,0.0179326331867333,"RTN4"
"ENSG00000115317.12",752.168730196732,0.0906353519672361,0.0619894810778574,1.46210857699228,0.143711458751576,0.30870285800479,"HTRA2"
"ENSG00000115318.12",287.195720252304,-0.0728706905868993,0.0883513282786705,-0.824783192359673,0.409494690577698,0.598777983847176,"LOXL3"
"ENSG00000115325.13",773.540567965985,0.0393993902391766,0.0789840162849187,0.498827384227353,0.617900994070111,0.767632292084637,"DOK1"
"ENSG00000115339.14",3078.46287494161,0.331171722083942,0.124158735905533,2.66732517586129,0.0076457655832387,0.0446503770963423,"GALNT3"
"ENSG00000115350.12",1506.62408566181,0.142187405831373,0.0888050223797331,1.60111896851256,0.109350571688191,0.258929298815368,"POLE4"
"ENSG00000115353.11",106.048914862207,0.237270847160746,0.196661106866542,1.20649604256404,0.227626284073733,0.413462920817655,"TACR1"
"ENSG00000115355.17",1942.94154953927,-0.0202884166699121,0.102237214808308,-0.198444536150093,0.842697275422292,0.914499181545499,"CCDC88A"
"ENSG00000115361.8",291.945003585548,-0.22716439537611,0.233417749235256,-0.973209604326859,0.330449138392023,0.524062457223151,"ACADL"
"ENSG00000115363.14",1370.6767552856,0.0884358896114741,0.132630913251867,0.66678187945169,0.504911468932063,0.680822746996871,"EVA1A"
"ENSG00000115364.14",2032.22757445404,0.0905618126383179,0.057640828496516,1.57114002349553,0.116150127714233,0.269195001878869,"MRPL19"
"ENSG00000115365.12",2368.71837825923,0.023325125977934,0.0676965956335375,0.344553899049815,0.730429768883659,0.845615073907909,"LANCL1"
"ENSG00000115368.10",1856.89732943935,0.0268212973918641,0.0554572037713287,0.483639555691603,0.628641697113955,0.775518931687842,"WDR75"
"ENSG00000115380.20",6449.36914075062,0.127032916502198,0.142784968884963,0.889679897640657,0.373637791056838,0.56561283033944,"EFEMP1"
"ENSG00000115386.6",11.545200590387,-1.45625042331007,0.438878170253412,-3.31811997500175,0.000906255491635434,0.0102660646760866,"REG1A"
"ENSG00000115392.12",585.138580940472,0.0555045520730726,0.0583800413859697,0.950745336169149,0.341733667892189,0.535001363920561,"FANCL"
"ENSG00000115414.21",163059.739999193,0.225078781914052,0.133243326571648,1.68923118106798,0.0911751357361242,0.230608052424431,"FN1"
"ENSG00000115415.20",17457.6866015597,0.0722058627911049,0.0987023783260797,0.731551397399573,0.464442422624814,0.646288082620267,"STAT1"
"ENSG00000115419.13",10403.6011813228,-0.169968258016952,0.139948273642849,-1.21450771483409,0.22455390561247,0.40937866496309,"GLS"
"ENSG00000115421.13",996.306485036,-0.0805274368101322,0.0494480759248517,-1.62852518129347,0.103413574261305,0.249836603141955,"PAPOLG"
"ENSG00000115423.19",222.974417499014,-1.1416990910652,0.198623502275938,-5.74805638800537,9.02751355868465e-09,2.14680720649491e-06,"DNAH6"
"ENSG00000115425.14",550.376491032421,0.0826069539193253,0.0924469770765417,0.893560357857139,0.371557164553851,0.56374482429437,"PECR"
"ENSG00000115446.12",1653.33860413743,0.0397105501234104,0.0537511589376231,0.738785003119534,0.460037559736807,0.642450942798554,"UNC50"
"ENSG00000115457.10",9702.14040296554,-0.0443109162132245,0.201486280360623,-0.219920265210695,0.82593325330149,0.90471185204669,"IGFBP2"
"ENSG00000115459.18",777.871299702671,-0.0408767820945115,0.0536342257779674,-0.76213987433568,0.445976526607099,0.630644601611032,"ELMOD3"
"ENSG00000115461.5",21569.7498181841,0.198939838058258,0.146616508931968,1.35687201603312,0.174821879916546,0.35018018458947,"IGFBP5"
"ENSG00000115464.15",3351.5133075266,-0.162973031447167,0.0960645028896798,-1.69649586001944,0.0897920135387885,0.228341392204926,"USP34"
"ENSG00000115468.12",700.911119961857,0.085809471773044,0.194754894023049,0.440602390011768,0.659500872290367,0.79741283970086,"EFHD1"
"ENSG00000115474.7",4.57182011647901,-0.524399777508299,0.349611613043245,-1.49994953812771,0.133627474433172,0.294782633600822,"KCNJ13"
"ENSG00000115484.15",5242.77402828072,0.209995492895956,0.0743981049515047,2.82259196027693,0.00476371579678085,0.0323142603957264,"CCT4"
"ENSG00000115486.12",4417.70460734192,-0.174023296468865,0.0837756926699776,-2.07725285130623,0.0377782282158378,0.129438154985066,"GGCX"
"ENSG00000115504.15",1426.7798237839,0.210694970800161,0.077159691125647,2.73063522840008,0.00632123938131179,0.0393300959025363,"EHBP1"
"ENSG00000115507.10",258.622199539157,0.0686907993563787,0.172383936718018,0.398475639112138,0.690279611906219,0.818814816705132,"OTX1"
"ENSG00000115514.12",1327.28934257811,0.12483786596105,0.0736376087333544,1.69530037854834,0.0900184530456735,0.228672696265039,"TXNDC9"
"ENSG00000115520.8",1768.90296677679,0.0375746527825888,0.0530035552908473,0.708908158639637,0.478381471835671,0.658456852233545,"COQ10B"
"ENSG00000115523.17",868.593650443266,-0.334857043952974,0.184854716709926,-1.81146064278377,0.0700695760798195,0.194143341912902,"GNLY"
"ENSG00000115524.17",13543.8644504583,-0.103864012896668,0.0376703624663574,-2.75718113913629,0.00583020444897154,0.0372062481732048,"SF3B1"
"ENSG00000115525.18",3951.54694151937,-0.24657642233852,0.13059710846582,-1.88806953871459,0.0590166155981765,0.173587788948678,"ST3GAL5"
"ENSG00000115526.11",593.196302747173,0.0321386551778284,0.105360987777028,0.30503373075661,0.760340462338364,0.864933714170607,"CHST10"
"ENSG00000115539.14",1013.66164560691,0.138136371664656,0.0693274394142416,1.99252089550388,0.0463139348586231,0.148248229328732,"PDCL3"
"ENSG00000115540.15",1149.31592497963,0.0831688022649078,0.0665166439990059,1.2503457370181,0.211173277523,0.393650163973866,"MOB4"
"ENSG00000115541.11",941.413124174206,0.0661886477144146,0.0955406544156735,0.692779928285234,0.488447670261747,0.667072290016587,"HSPE1"
"ENSG00000115548.17",2955.60557856483,-0.0201287431875321,0.0522609658066329,-0.385158270170686,0.700120158403552,0.82500959117192,"KDM3A"
"ENSG00000115556.14",14.7541728010845,0.0900471961456869,0.137589328036654,0.654463521485461,0.512813221470384,0.687359070972795,"PLCD4"
"ENSG00000115561.16",3814.99493541178,0.0513576966796992,0.0542338721418796,0.946967174782282,0.343655505809949,0.536974832446174,"CHMP3"
"ENSG00000115568.16",1158.2967374262,0.0177400352440192,0.0529736144441227,0.334884365172621,0.737712316600629,0.850349899822897,"ZNF142"
"ENSG00000115590.14",242.255981334567,0.815827688363857,0.173723540703056,4.69612629964953,2.65141634853176e-06,0.000152195869813221,"IL1R2"
"ENSG00000115594.12",7291.58456990387,-0.105957080318683,0.0963950262398932,-1.09919655040078,0.27168234308274,0.463688353019555,"IL1R1"
"ENSG00000115596.4",10.8318013966659,-0.102613497176028,0.181711331864515,-0.564706097980378,0.572273685843319,0.733021999953125,"WNT6"
"ENSG00000115598.10",143.490514044562,0.0338614431854592,0.138176369031511,0.245059581625981,0.806410298010341,0.89332957307762,"IL1RL2"
"ENSG00000115602.17",626.409106863327,0.00454564857150754,0.249236052645948,0.0182383267719492,0.985448727372476,0.992898634504443,"IL1RL1"
"ENSG00000115604.11",312.928326815682,0.0906195097470375,0.140431217027865,0.645294626543444,0.51873627425779,0.692168120671099,"IL18R1"
"ENSG00000115607.9",89.3333885235658,-0.256610832231677,0.137459483493939,-1.86681068274923,0.0619280301530801,0.179461134878967,"IL18RAP"
"ENSG00000115616.3",106.381738216696,0.0536435791653878,0.250432461507786,0.214203777107865,0.830388150736441,0.907616756406789,"SLC9A2"
"ENSG00000115641.19",3018.87218844901,0.284175729629574,0.145573762677397,1.95210815742484,0.0509253649515558,0.157577427078674,"FHL2"
"ENSG00000115648.14",8259.01100990532,-0.0429914149789549,0.129647803930943,-0.331601567288054,0.740190135961224,0.851731593562957,"MLPH"
"ENSG00000115649.16",3191.53523624405,0.0159828306618365,0.0590689715286713,0.270579125524112,0.786714752529211,0.881710572138795,"CNPPD1"
"ENSG00000115652.15",3324.33565417633,0.0898094027730821,0.0628692293875967,1.42851127090163,0.153144752851793,0.32149872354466,"UXS1"
"ENSG00000115657.14",40.5835786845876,-0.126351588720315,0.147308456146057,-0.857734796942255,0.391038921060777,0.581926461598269,"ABCB6"
"ENSG00000115661.14",1450.57974289525,0.141402418750893,0.0686648697157365,2.05931241603284,0.0394643198306792,0.133486256828585,"STK16"
"ENSG00000115665.9",16.9225600466106,0.0577487448567478,0.317238984138388,0.182035461415916,0.85555489662244,0.92275653975806,"SLC5A7"
"ENSG00000115677.17",30971.416802687,0.0945347326283902,0.0601622771256271,1.57132903116331,0.116106241191921,0.269149497841709,"HDLBP"
"ENSG00000115685.15",2663.78339716677,0.111686890067244,0.0541356794653502,2.06309205260332,0.039103883115398,0.13263120418841,"PPP1R7"
"ENSG00000115687.14",829.618309910751,-0.213450455621271,0.0818392654730926,-2.60816680584028,0.00910285838889549,0.0504513841087893,"PASK"
"ENSG00000115694.15",3912.54912756688,0.094694148843743,0.0578385783064049,1.63721432332054,0.101585695260838,0.24690176935425,"STK25"
"ENSG00000115705.22",23.618357164241,0.121528866905845,0.199539770058022,0.609045840187681,0.542494054922249,0.71037382774932,"TPO"
"ENSG00000115718.18",162.403728417416,-0.506979259757309,0.221212288223637,-2.29182232066951,0.0219158981297048,0.0903077379772697,"PROC"
"ENSG00000115738.10",2224.72332438602,-0.204273701500573,0.109092267384443,-1.87248561605845,0.0611394500539633,0.178100945896106,"ID2"
"ENSG00000115750.17",667.376710190418,0.0186755939713481,0.0660732419936401,0.282649880766342,0.777445239426175,0.876010571503558,"TAF1B"
"ENSG00000115756.13",4051.2598534727,0.27576826924856,0.098023938855894,2.81327472112674,0.0049039734668708,0.0329767700732235,"HPCAL1"
"ENSG00000115758.13",11882.3679333423,-0.366424648014276,0.174876552099659,-2.09533321428625,0.0361413818659118,0.12564933081044,"ODC1"
"ENSG00000115760.14",4851.36722584054,-0.157789287260624,0.0865854786991938,-1.82235277359612,0.0684014754795821,0.191178768560502,"BIRC6"
"ENSG00000115761.16",1171.17412346345,0.105246668114465,0.0569518136867043,1.84799502072812,0.0646030631575991,0.184383178886065,"NOL10"
"ENSG00000115762.16",6954.34306165453,0.0826815771937957,0.0542496224831294,1.52409497816336,0.127484986999933,0.286297313469731,"PLEKHB2"
"ENSG00000115806.13",6902.66573657683,0.0871781559554257,0.0645589411223606,1.35036533189406,0.176898825481177,0.352643110996038,"GORASP2"
"ENSG00000115808.12",2170.53398038769,0.038652637224572,0.0615492319410982,0.627995443737821,0.53000692475165,0.700385827806489,"STRN"
"ENSG00000115816.15",1508.5003535807,0.0184468571237294,0.0596406643126478,0.309299994162161,0.757093335410058,0.862684249976283,"CEBPZ"
"ENSG00000115825.11",2210.3457540032,-0.143201728111134,0.0768789586888915,-1.86269078761372,0.0625057827457449,0.180439833423565,"PRKD3"
"ENSG00000115827.14",873.389553327032,-0.0619442817852211,0.0535351182683672,-1.15707751825072,0.247240690891611,0.43656404754216,"DCAF17"
"ENSG00000115828.17",2239.97118308719,-0.364045896298529,0.206855878911737,-1.75990113606519,0.0784245706826932,0.209046375639624,"QPCT"
"ENSG00000115839.18",3098.89584584699,0.0212837628795449,0.0385407394208644,0.552240647153301,0.580783489089817,0.739440590710383,"RAB3GAP1"
"ENSG00000115840.14",961.328313411788,-0.103928582626356,0.0463209874440223,-2.24366077584056,0.024854235649345,0.0981813084330378,"SLC25A12"
"ENSG00000115841.21",471.701817172417,-0.114624521069056,0.113747442428067,-1.007710754829,0.313593340403942,0.507755232081921,"RMDN2"
"ENSG00000115844.11",3.08094144845633,-0.0718500834239508,0.303725503642737,-0.236562562452661,0.812996166685769,0.897729347962328,"DLX2"
"ENSG00000115850.10",47.8216325173981,-0.143879438723453,0.275761558327584,-0.52175306665672,0.601842271262769,0.755690542604238,"LCT"
"ENSG00000115866.11",4158.94133334753,0.0930788101389596,0.0565220391378979,1.64677020784536,0.0996052871382586,0.24379935485179,"DARS1"
"ENSG00000115875.19",5227.98932055547,-0.0402463005475697,0.0460300800307918,-0.874347829085826,0.381928859661385,0.57323764875604,"SRSF7"
"ENSG00000115884.11",27838.349353041,0.0561808135897494,0.104545715666375,0.537380353003017,0.591004911668283,0.747607092209821,"SDC1"
"ENSG00000115896.16",253.269195917408,-0.0991426087495722,0.125183213988814,-0.791980055396492,0.428372305711885,0.615302870337437,"PLCL1"
"ENSG00000115902.11",2087.97807195771,-0.0226945742970471,0.0932793470729953,-0.243296881991333,0.807775419650508,0.894134085615692,"SLC1A4"
"ENSG00000115904.14",2658.51051568358,-0.0623143385395145,0.0582129690505568,-1.07045456632517,0.284414749134958,0.477002828326391,"SOS1"
"ENSG00000115919.15",1738.94832544667,0.454331804526475,0.195744639304472,2.32104340706762,0.0202845012536555,0.085974780424946,"KYNU"
"ENSG00000115935.18",3351.65921739525,-0.0488730597293679,0.0887539690958144,-0.550657736518881,0.581868321804529,0.740390743245034,"WIPF1"
"ENSG00000115942.9",1229.9758055051,-0.0404398627915225,0.0514486383386091,-0.786023966764051,0.431853446311403,0.617893250097516,"ORC2"
"ENSG00000115944.15",4660.92763660545,0.120554312035248,0.0771604293316902,1.56238518991412,0.118197273897426,0.272290467746125,"COX7A2L"
"ENSG00000115946.8",1152.37897077105,0.160139561204834,0.0727024483935798,2.20267081430198,0.0276179587706921,0.104844321704978,"PNO1"
"ENSG00000115947.14",1511.02735763963,-0.121306994632304,0.0606924930428646,-1.99871497363982,0.0456392019510946,0.14680984063279,"ORC4"
"ENSG00000115956.10",2004.51814354058,-0.0123691081064428,0.123658363453887,-0.100026458065291,0.920323320280895,0.957937602386262,"PLEK"
"ENSG00000115963.13",1889.98276510237,0.195984955468005,0.121341129564371,1.61515684064929,0.106276734313101,0.2541861577217,"RND3"
"ENSG00000115966.17",2490.05256621008,-0.062022065272317,0.0484611995774791,-1.27982934415722,0.200605161247143,0.381207056700979,"ATF2"
"ENSG00000115970.18",1991.65476252507,-0.0930507904794488,0.0537862978717965,-1.7300092060852,0.0836286304328016,0.218098699122612,"THADA"
"ENSG00000115977.20",2132.7513345236,-0.0803237495764584,0.0790127581487191,-1.01659214864101,0.309347490755107,0.503156285588439,"AAK1"
"ENSG00000115993.13",2831.90629754006,-0.12657531395574,0.0622346564592946,-2.03383968285466,0.0419677620574841,0.138937122163018,"TRAK2"
"ENSG00000115998.8",399.368786181111,0.00475544809024157,0.0340053058133402,0.139844297132479,0.888783013106268,0.940843534392806,"C2orf42"
"ENSG00000116001.17",3591.91223748503,-0.266101928751578,0.0747635517848371,-3.55924675057434,0.000371919976266284,0.00555559705189459,"TIA1"
"ENSG00000116005.12",6310.7536330404,0.0489700850659551,0.0820413312604646,0.596895300375917,0.550577285170411,0.716121748438428,"PCYOX1"
"ENSG00000116014.10",89.4428093662342,-0.196269663324329,0.255411007638483,-0.768446376446453,0.442222036974958,0.627253675741619,"KISS1R"
"ENSG00000116016.14",27885.5841058392,-0.0862479515498777,0.149396573460744,-0.577308766539687,0.563730892656372,0.726833421470397,"EPAS1"
"ENSG00000116017.11",866.685243252928,0.122022334227151,0.107983199265146,1.13001221539596,0.258471077300683,0.449455634418241,"ARID3A"
"ENSG00000116030.17",4815.15106385564,0.0550016739432693,0.0574551569177644,0.957297428009696,0.33841715316175,0.531916227549826,"SUMO1"
"ENSG00000116031.9",546.352094598478,-0.756882959945082,0.254695949118015,-2.97171180996826,0.00296144521224946,0.0234304646985317,"CD207"
"ENSG00000116032.5",82.8476697216008,-0.395935815809255,0.19164136764687,-2.06602478718911,0.0388261391630908,0.131888445174654,"GRIN3B"
"ENSG00000116035.4",47.4501120972513,0.155646329038717,0.167396989422806,0.929803633717632,0.352472764595101,0.546036748018459,"VAX2"
"ENSG00000116039.13",7.69420530834632,-0.0242322279135794,0.196395468520436,-0.123384862675984,0.901802343313482,0.947820708748654,"ATP6V1B1"
"ENSG00000116044.16",5905.2261696898,-0.131781258407604,0.0638486910080361,-2.063961787267,0.0390213396295009,0.132443415259963,"NFE2L2"
"ENSG00000116062.17",2836.86438954847,0.0522274025169314,0.067622617296551,0.772336307065642,0.439915266916179,0.62523947819535,"MSH6"
"ENSG00000116095.11",1243.94141411381,-0.100322452552394,0.0609883396813148,-1.64494480545975,0.099981193902607,0.244324272504367,"PLEKHA3"
"ENSG00000116096.6",1867.14884896269,0.248835965692912,0.0925520870252011,2.68860458678967,0.00717513550490738,0.0428410664212485,"SPR"
"ENSG00000116106.12",1173.98776392554,-0.0469650837089764,0.134857450516595,-0.348257241472891,0.72764700258507,0.843625562650256,"EPHA4"
"ENSG00000116117.18",805.493560421525,-0.218581294835764,0.104590238440706,-2.08988236468819,0.0366283681289011,0.126790212114317,"PARD3B"
"ENSG00000116120.11",2084.83463989395,0.11830210888607,0.0659942948970123,1.79261115026211,0.0730351222522814,0.199717316233692,"FARSB"
"ENSG00000116127.19",1278.57873294655,-0.217057401961207,0.09005769680114,-2.4102037879172,0.0159436121369172,0.0733062669347304,"ALMS1"
"ENSG00000116128.11",2019.31444622398,0.0256013012624638,0.0873249623991927,0.293172771669014,0.769390095210626,0.871061462911802,"BCL9"
"ENSG00000116132.12",2428.40560820546,0.136974338837047,0.134866196511213,1.01563136190068,0.309804964533926,0.503555957829811,"PRRX1"
"ENSG00000116133.13",28513.2715760405,-0.00340585199249075,0.101688836681543,-0.0334928798837258,0.973281543677814,0.986742753286939,"DHCR24"
"ENSG00000116138.13",1312.09781466601,-0.0769194826452742,0.046283302685471,-1.6619272649577,0.0965273591434179,0.239238097815962,"DNAJC16"
"ENSG00000116141.17",437.915149561888,0.0679648549859472,0.153847356317929,0.441768104519757,0.658657021339811,0.796875796319575,"MARK1"
"ENSG00000116147.17",63.6237057134189,-0.299636129837808,0.256478167404955,-1.16827148630048,0.24269727307773,0.431307799326192,"TNR"
"ENSG00000116151.14",289.73405167287,-0.0587586134973478,0.0751246227110528,-0.782148533688448,0.434127286693749,0.620024870485821,"MORN1"
"ENSG00000116157.6",603.889001053272,0.123678462104583,0.113418377477337,1.09046227653271,0.275509561844782,0.467972843606613,"GPX7"
"ENSG00000116161.18",3408.00964838183,0.183630785075466,0.0771911728676604,2.37890911944413,0.0173639563491043,0.0777118159336912,"CACYBP"
"ENSG00000116171.19",6526.40339742082,0.0803232990618548,0.0575597811979066,1.39547610137156,0.162872316628468,0.334283969634236,"SCP2"
"ENSG00000116176.6",11.4910678893277,0.0997899436158891,0.177525459170684,0.562116240014592,0.574036824271134,0.734334431482564,"TPSG1"
"ENSG00000116183.11",42.0046036926777,-0.586291796426231,0.235378719808028,-2.49084452878495,0.0127439871486253,0.062992805880795,"PAPPA2"
"ENSG00000116191.17",1584.24548266916,0.0416423317547676,0.104034405227279,0.400274617457498,0.688954261071482,0.817812018382137,"RALGPS2"
"ENSG00000116194.13",203.146159412579,-0.059978265153255,0.189439448576928,-0.316609162472825,0.751540182555142,0.858989006196374,"ANGPTL1"
"ENSG00000116198.14",1720.78709896669,-0.0676675647631158,0.045431447349863,-1.48944329776718,0.136370674188669,0.298221352990281,"CEP104"
"ENSG00000116199.12",3228.12821322898,0.0629507318192524,0.055431871965712,1.13564145656476,0.25610665114832,0.446650536232636,"FAM20B"
"ENSG00000116205.14",535.187999344213,-0.0523572314819269,0.0477390313438922,-1.09673845505509,0.272755740936108,0.464993439653124,"TCEANC2"
"ENSG00000116209.12",15604.5994679778,0.054972940769117,0.0668982567111096,0.821739511188007,0.411225166708735,0.600294623371506,"TMEM59"
"ENSG00000116212.15",1481.93198889532,0.190245648000062,0.0739939418076788,2.57109762437766,0.0101376745016498,0.054184397831744,"LRRC42"
"ENSG00000116213.16",1097.35839220886,-0.026475700496554,0.0598796382388589,-0.442148638088675,0.658381650296101,0.796710794781859,"WRAP73"
"ENSG00000116221.15",2895.82783575028,0.165132000954325,0.0702352145536976,2.35112830513353,0.018716578766973,0.081657850463744,"MRPL37"
"ENSG00000116237.16",5067.3834187738,0.118577135752543,0.055310578855652,2.14384188713704,0.0320455578269624,0.115615214971278,"ICMT"
"ENSG00000116251.11",4479.86464637176,0.0500332496690457,0.0590911835820812,0.846712599681584,0.397155334088451,0.587618312715874,"RPL22"
"ENSG00000116254.18",13.1183946085258,-0.278564023165203,0.172732650303759,-1.6126888730957,0.10681211914418,0.255079627175972,"CHD5"
"ENSG00000116260.17",26092.3087792046,0.237030561635662,0.0985165100205577,2.40599836094681,0.0161283370749741,0.0738434871250828,"QSOX1"
"ENSG00000116266.11",1835.32527595706,-0.00926964106786868,0.0482426566286609,-0.192146156859065,0.847627720513764,0.91739738734327,"STXBP3"
"ENSG00000116273.6",1292.26760017962,0.0633676325148147,0.0590689198686326,1.07277452602388,0.283372292968631,0.475855631484143,"PHF13"
"ENSG00000116285.13",15721.7419637368,0.0907335743819066,0.125961058222395,0.720330359734744,0.471321616429441,0.652091416810783,"ERRFI1"
"ENSG00000116288.13",7563.9545370636,0.124578653747677,0.0690484289076355,1.80422140979229,0.0711966042974784,0.196204664090386,"PARK7"
"ENSG00000116299.17",4883.39252033463,-0.791847990817586,0.208617347412776,-3.79569580688232,0.000147229937205263,0.00287828907773036,"ELAPOR1"
"ENSG00000116329.11",83.6915672276576,0.0269211287552385,0.219764604602229,0.122499839334753,0.902503173226849,0.948185116167802,"OPRD1"
"ENSG00000116337.19",1608.4033937934,0.071402375627206,0.0596647791384476,1.19672571755478,0.231413479646654,0.418003362639072,"AMPD2"
"ENSG00000116350.17",4325.59309561991,-0.0495882279678525,0.0442646783840278,-1.1202663111576,0.262600293627422,0.454058978942708,"SRSF4"
"ENSG00000116353.16",798.560864064798,0.12887749657454,0.0543641934371082,2.37063199923371,0.0177577018141802,0.0789539485175615,"MECR"
"ENSG00000116396.15",485.840439443873,-0.0257700564550125,0.105748746319642,-0.243691366109613,0.807469860668025,0.893957637377645,"KCNC4"
"ENSG00000116406.19",3471.28768911215,-0.0315467997313098,0.0841007872247983,-0.375107068225014,0.707580840523507,0.830454010771288,"EDEM3"
"ENSG00000116455.14",845.323418484426,0.00696299253000683,0.0599318007419913,0.116181934195216,0.907508354208092,0.950863119957513,"WDR77"
"ENSG00000116459.11",5325.48886449315,0.0938319699526009,0.0692022452301675,1.35590932982759,0.175128018644556,0.350519245204593,"ATP5PB"
"ENSG00000116473.14",3840.04258781388,0.0685350923248405,0.0646433401170592,1.06020345175132,0.289052051118047,0.481425939617515,"RAP1A"
"ENSG00000116478.12",5768.0314463455,0.0291606486786837,0.0654982449563518,0.445212672463459,0.656166069583235,0.795171148204952,"HDAC1"
"ENSG00000116489.13",8272.64984725161,0.142209009794463,0.057511108444228,2.47272246425874,0.0134088229469976,0.0652886575892994,"CAPZA1"
"ENSG00000116497.18",1322.35764743966,-0.141666393140123,0.0596403743251974,-2.37534379592702,0.0175326114977378,0.0783087247912776,"S100PBP"
"ENSG00000116514.17",2685.17084909018,0.0438098616544111,0.0679639288159124,0.644604607439261,0.519183448318317,0.69256952231561,"RNF19B"
"ENSG00000116521.11",3956.17330173981,0.14120048253538,0.0719529367662659,1.96240054793121,0.049715869031096,0.155125625834328,"SCAMP3"
"ENSG00000116525.14",404.843936906491,-0.0363213685627689,0.0673525779073192,-0.539272136142273,0.589699092168496,0.746453790729538,"TRIM62"
"ENSG00000116539.14",4365.65301306328,-0.232639940528064,0.0868430787495791,-2.67885413412052,0.00738745677810338,0.0437028638830266,"ASH1L"
"ENSG00000116544.12",44.3695415759737,-0.00408764513826356,0.17574516480406,-0.0232589337113252,0.981443728995134,0.990721861906223,"DLGAP3"
"ENSG00000116560.11",12303.2453283437,-0.0435625624187235,0.0484031596726139,-0.899994188672167,0.368123343318844,0.560732509910522,"SFPQ"
"ENSG00000116574.6",2761.1730013656,0.192280916504221,0.108729604217386,1.76843204652699,0.0769887030855534,0.206442082138155,"RHOU"
"ENSG00000116580.18",2418.27797184787,-0.129421301022744,0.0662542961388582,-1.95340239901572,0.0507719321933334,0.157271114487593,"GON4L"
"ENSG00000116584.20",5158.98273869771,-0.0872970357910447,0.0768310739634345,-1.13622042863271,0.255864322869064,0.446414993254363,"ARHGEF2"
"ENSG00000116586.12",2174.18307833282,0.271395747659259,0.0833176735374115,3.25736108722954,0.00112453283965544,0.0119422876652787,"LAMTOR2"
"ENSG00000116604.18",4085.17314713532,-0.0369105095713954,0.0683917412890363,-0.539692496136407,0.589409115771365,0.746371533838571,"MEF2D"
"ENSG00000116641.18",1559.60698412968,0.0819717499411827,0.0717485405353045,1.14248665310269,0.253251790767382,0.4435070154131,"DOCK7"
"ENSG00000116649.10",2854.91650668346,0.25007729558677,0.094611976065812,2.64318858970683,0.00821292760438747,0.0469816149025553,"SRM"
"ENSG00000116652.6",16.5350160838711,-0.55880694776029,0.174919471473212,-3.19465261959626,0.00139999240506419,0.0138773386581106,"DLEU2L"
"ENSG00000116661.11",908.437824642026,-0.156743381330999,0.167254045097497,-0.93715749140554,0.348677552079044,0.542352912603607,"FBXO2"
"ENSG00000116663.11",1065.51441739224,0.106083459416265,0.0954558729238677,1.11133507207957,0.266424148373916,0.458087033457266,"FBXO6"
"ENSG00000116667.15",2007.24703484969,-0.229867250314556,0.115298548271869,-1.99366994433043,0.0461881360459266,0.147973596360377,"C1orf21"
"ENSG00000116668.13",368.166451845357,-0.0806300198502936,0.0664484464963006,-1.21342219572857,0.224968444506637,0.409999694709846,"SWT1"
"ENSG00000116670.15",1347.48885414817,0.0207866312559071,0.0946413470501542,0.219635834693809,0.826154780736829,0.904775365627344,"MAD2L2"
"ENSG00000116675.16",342.337801093879,0.156779812141973,0.14194847294489,1.10448396442307,0.269383255815256,0.461156763464485,"DNAJC6"
"ENSG00000116678.20",1258.18221853413,-0.275887888189056,0.155927671671627,-1.76933244260875,0.0768384124065249,0.206191749794588,"LEPR"
"ENSG00000116679.16",6753.85426263752,-0.0579410936104434,0.0595385935261459,-0.973168665547987,0.330469481411986,0.524069755389599,"IVNS1ABP"
"ENSG00000116685.16",3126.26152282375,0.12102993153036,0.0614995302064986,1.96798139959728,0.0490701779079866,0.153756362309287,"KIAA2013"
"ENSG00000116688.18",5342.35225696379,0.0219258834695964,0.0511591188874085,0.428582116862706,0.668227362089691,0.804341934489753,"MFN2"
"ENSG00000116690.13",426.244082784479,-0.697100583813631,0.228963954274046,-3.04458658579627,0.00233000349854327,0.0198294495084359,"PRG4"
"ENSG00000116691.11",1234.65457075331,0.0266136120335914,0.0754549721213672,0.35270852649424,0.724306966467614,0.841672370737609,"MIIP"
"ENSG00000116698.21",4977.51118549273,0.0857707640524876,0.0549864624633891,1.5598523747476,0.118794771207821,0.273100008135755,"SMG7"
"ENSG00000116701.15",2425.39777948574,0.171878008775089,0.124155417739289,1.38437783791289,0.166242791312969,0.338354541584962,"NCF2"
"ENSG00000116703.14",5.83729755172719,-0.87741817172179,0.231282011175332,-3.79371559103501,0.000148409656232218,0.00289048495316438,"PDC"
"ENSG00000116704.8",1040.55213077347,0.0781086391414844,0.0654016129355108,1.1942922450323,0.23236367008787,0.419011296240361,"SLC35D1"
"ENSG00000116711.10",2708.21895585626,-0.284238907247501,0.196078044428549,-1.44962128766578,0.147164156369095,0.313209043624426,"PLA2G4A"
"ENSG00000116717.13",1937.20610622565,0.457277619839379,0.115512435755587,3.95868736424997,7.53628082397474e-05,0.00180118734725478,"GADD45A"
"ENSG00000116729.14",3764.47308001543,0.311699726863423,0.11798532810609,2.64185159177714,0.00824541768746212,0.047078492723148,"WLS"
"ENSG00000116731.22",2446.6428621338,-0.214876284328847,0.057097074056202,-3.76335018704004,0.000167652177679542,0.0031677888487429,"PRDM2"
"ENSG00000116741.8",3161.75716032877,0.385384698187246,0.138445037635272,2.78366566812258,0.00537484056840819,0.0351678133550947,"RGS2"
"ENSG00000116745.7",3.24353281236909,1.6937971280577,0.293147801317689,5.77796292670163,7.56104628229551e-09,1.94089302359799e-06,"RPE65"
"ENSG00000116747.13",2244.77213604769,-0.15994723102351,0.100628948558893,-1.58947532806526,0.111953119845669,0.262871515552708,"RO60"
"ENSG00000116748.21",48.1495766016439,-0.329960527705872,0.170816483217925,-1.93166678935143,0.0534006463929924,0.162559554937852,"AMPD1"
"ENSG00000116750.14",2029.82677847001,0.101320598347578,0.0621700845354352,1.6297323560792,0.103158075772243,0.249472831883908,"UCHL5"
"ENSG00000116752.6",1558.40911797769,0.0937206548438005,0.0626664989205078,1.49554636780786,0.134771908208223,0.296286393289513,"BCAS2"
"ENSG00000116754.13",6426.15071423865,-0.182885887998573,0.0577994161316,-3.16414767204865,0.00155537855250959,0.0149576020071352,"SRSF11"
"ENSG00000116761.12",323.515601513494,0.157074751774197,0.118049812122344,1.33058027751377,0.183327155564472,0.360706281555935,"CTH"
"ENSG00000116771.6",159.844808064085,0.342994921396952,0.138501628839198,2.47646850272911,0.013268933227777,0.0648792177929769,"AGMAT"
"ENSG00000116774.12",2445.91491223245,-0.317145595948657,0.138587304882661,-2.2884173713976,0.0221132269673147,0.0908235461908226,"OLFML3"
"ENSG00000116785.14",56.1844290436522,0.217698636547731,0.202650664692271,1.07425572414633,0.282708083289898,0.475175999775676,"CFHR3"
"ENSG00000116786.13",3234.20776622559,0.0392309663110204,0.0569532125939145,0.688827978690921,0.490931526485361,0.669064771839909,"PLEKHM2"
"ENSG00000116791.14",2388.37717034376,-0.0146995810226865,0.101868100942733,-0.144300137988733,0.88526346934905,0.938991865841657,"CRYZ"
"ENSG00000116793.16",887.921929137328,-0.0294754687482561,0.0503422544080448,-0.585501565133442,0.558210514521137,0.722261189225146,"PHTF1"
"ENSG00000116809.12",1146.33787658036,0.0173861968540217,0.0671763187612225,0.258814373497017,0.795778467206548,0.887483598881145,"ZBTB17"
"ENSG00000116815.16",788.533236306973,0.104774783057012,0.0811537169331825,1.2910657332341,0.196680885040679,0.376803815494264,"CD58"
"ENSG00000116819.8",113.81308770212,-0.519874301684779,0.141658018827407,-3.66992497839592,0.000242621663935832,0.00414874322414775,"TFAP2E"
"ENSG00000116824.5",955.970971952955,-0.191261381424346,0.122890650548315,-1.55635421060083,0.119623887164197,0.274229709795331,"CD2"
"ENSG00000116830.12",947.667508189733,-0.0208145599045183,0.070818829843568,-0.29391279057414,0.768824544097231,0.870598807749026,"TTF2"
"ENSG00000116833.14",210.421697304794,0.122102140691585,0.131583299523051,0.927945576180018,0.353435801272961,0.546994148929931,"NR5A2"
"ENSG00000116852.15",689.945704436012,0.0174581930934632,0.105376616139877,0.165674261833281,0.868413302186356,0.929573015909926,"KIF21B"
"ENSG00000116857.17",6173.16522419273,0.10737861388114,0.0910929120849437,1.17878121824682,0.238485305008506,0.426051258834954,"TMEM9"
"ENSG00000116863.11",1855.84763736699,0.132077705417721,0.0689327718221735,1.91603647911393,0.0553604525745274,0.166368720449617,"ADPRS"
"ENSG00000116871.15",5214.68927405312,0.196290411126448,0.0792587256736876,2.47657793458081,0.0132648661407694,0.0648751624849536,"MAP7D1"
"ENSG00000116874.12",692.107011599217,0.0300480124862989,0.0602066281559183,0.499081470041521,0.617721991001966,0.767569588405145,"WARS2"
"ENSG00000116882.15",1.58611863060485,-0.120606903718681,0.268388700737092,-0.449373998933082,0.653161884655686,0.792844080793949,"HAO2"
"ENSG00000116885.18",462.186038540869,-0.303313749780774,0.0934962501965018,-3.24412742910327,0.00117811027861519,0.012330344390423,"OSCP1"
"ENSG00000116898.12",3062.35505947613,0.117323236900204,0.0871226318775119,1.34664477383043,0.178094666662009,0.354021913241584,"MRPS15"
"ENSG00000116903.7",1121.8153888612,-0.0262634043055342,0.0614170774728892,-0.427623804097931,0.668925032461975,0.804761381615302,"EXOC8"
"ENSG00000116906.13",2883.0906604857,0.156811725435329,0.0509797645771077,3.07596017235718,0.00209825870564171,0.0184514862881483,"GNPAT"
"ENSG00000116918.15",2054.07218669494,-0.00101843805511112,0.0664410999794142,-0.0153284345898348,0.987770157623846,0.993856519788316,"TSNAX"
"ENSG00000116922.14",751.462265533037,-0.0215997757469382,0.0579277418900084,-0.372874464672752,0.709241877909841,0.831553382210605,"C1orf109"
"ENSG00000116954.8",1039.86059133802,0.12903272485197,0.0581456403371569,2.21912982819994,0.0264778932875932,0.102135152499576,"RRAGC"
"ENSG00000116962.15",4144.16985685041,0.202880967760249,0.10989986770667,1.84605288426508,0.0648845270586473,0.184853718925513,"NID1"
"ENSG00000116977.19",2819.35148348285,-0.0409965718131792,0.0596862732647852,-0.686867676112175,0.492166117909151,0.670034208282534,"LGALS8"
"ENSG00000116981.3",9.28755031889767,-0.728999880863056,0.271079267962602,-2.68924985057739,0.00716127971529066,0.0427964647277516,"NT5C1A"
"ENSG00000116983.13",117.915420040515,-0.224091472400687,0.218824012212777,-1.02407167355467,0.305801422647137,0.499086309161825,"HPCAL4"
"ENSG00000116984.14",2450.29251923371,-0.0595782877972949,0.0638758490349278,-0.932720092138689,0.350964508194143,0.544485618420671,"MTR"
"ENSG00000116985.12",376.699794587847,0.0126914005924661,0.108532744935613,0.116936143096678,0.906910656568597,0.950506091076569,"BMP8B"
"ENSG00000116990.11",672.405614023463,-0.412549043297541,0.153578490142099,-2.68624234367604,0.00722606562871418,0.0430185321691277,"MYCL"
"ENSG00000116991.11",2649.32791925653,-0.258501673927235,0.127958204148908,-2.02020398493879,0.0433622331170445,0.142106391098116,"SIPA1L2"
"ENSG00000117000.9",1373.72124240761,-0.124443090412043,0.066901815076597,-1.86008541426814,0.0628734424435329,0.181076602013195,"RLF"
"ENSG00000117009.12",190.593984281964,-0.0565353127514056,0.123018080572004,-0.459569133972259,0.645825518409469,0.787570747753066,"KMO"
"ENSG00000117010.17",151.279910723628,-0.11872640785476,0.0736795954298513,-1.61138789052929,0.107095204925567,0.25548299352156,"ZNF684"
"ENSG00000117013.17",117.985741696657,-0.173960246509311,0.163171258571381,-1.06612063933557,0.286369110775855,0.478788381793007,"KCNQ4"
"ENSG00000117016.10",433.962554547003,0.045747063050733,0.117073467110722,0.390755174333974,0.695978211489858,0.822585691940337,"RIMS3"
"ENSG00000117020.18",1342.6021887059,-0.0886084240084015,0.121138059395667,-0.731466431363115,0.464494301288787,0.646288082620267,"AKT3"
"ENSG00000117036.12",2035.71854154042,-0.0269026510876653,0.0606454170355439,-0.443605673812052,0.657327702906402,0.795865449012227,"ETV3"
"ENSG00000117054.14",2131.74382170887,0.00385956524813374,0.0641720640706261,0.0601440097654644,0.952040938658907,0.974790840532999,"ACADM"
"ENSG00000117069.15",588.71130901765,-0.0139356512630857,0.156089219552771,-0.0892800367829012,0.928859359044139,0.962510960212161,"ST6GALNAC5"
"ENSG00000117090.15",232.911919110093,-0.320306626407476,0.117085472425776,-2.73566497850984,0.00622543711845247,0.0388974708192908,"SLAMF1"
"ENSG00000117091.10",422.640402553161,-0.140641061489836,0.135444701576717,-1.0383651767299,0.29910007546899,0.492098540940708,"CD48"
"ENSG00000117114.20",2317.88133579718,-0.0615216910453189,0.135284733958318,-0.454757083413966,0.649284008607786,0.790075308085371,"ADGRL2"
"ENSG00000117115.13",658.209523166606,0.0248540655714649,0.153332137378453,0.162092996265488,0.871232621432913,0.931110287152221,"PADI2"
"ENSG00000117118.10",2889.9906040273,0.0718308698977407,0.0636796571745908,1.12800340147563,0.2593184826199,0.450401827333617,"SDHB"
"ENSG00000117122.14",877.967712385253,0.346151658940973,0.140222855564973,2.46858229741714,0.0135649456202446,0.0657855403546694,"MFAP2"
"ENSG00000117133.11",1302.43200115573,0.13618193058613,0.0592639531717619,2.29788806344795,0.0215681608347445,0.0893231469923059,"RPF1"
"ENSG00000117139.18",5426.64151994452,-0.0169634485392609,0.0754882630175241,-0.224716371276458,0.822199927876386,0.902802768840634,"KDM5B"
"ENSG00000117143.13",3509.92429531366,0.124082568976134,0.077757924899045,1.59575463384901,0.110543585549911,0.260655375638884,"UAP1"
"ENSG00000117148.8",10.3853758623001,1.59606983319943,0.443824011659343,3.59617729386056,0.000322927749891161,0.00504675391529784,"ACTL8"
"ENSG00000117151.13",297.485599492106,0.12983166374177,0.0745567686023428,1.74137997361772,0.0816169961941673,0.214906252316704,"CTBS"
"ENSG00000117152.14",259.3916648389,0.244143057493267,0.155493984203246,1.570112559301,0.116388927225968,0.269335966784885,"RGS4"
"ENSG00000117153.16",2337.08539254479,0.0607733018377681,0.053771350114762,1.13021714552568,0.258384736855808,0.449352436488739,"KLHL12"
"ENSG00000117154.12",96.3269089427382,0.31658813689737,0.160295545939494,1.97502765932668,0.0482650092368962,0.152196092405585,"IGSF21"
"ENSG00000117155.17",890.708317320221,0.0200751622096771,0.0975363107836212,0.205822447541744,0.836929605994142,0.91109335922124,"SSX2IP"
"ENSG00000117174.11",1289.58507719517,0.148033426124189,0.0817173656689527,1.81152959242337,0.0700589125686286,0.194142640796611,"ZNHIT6"
"ENSG00000117215.15",458.219623655925,-0.234296218666457,0.212657792532341,-1.10175233118168,0.270569359330808,0.462545092693226,"PLA2G2D"
"ENSG00000117222.14",1511.09167408803,0.0498960834665282,0.0482981235662655,1.033085341257,0.301563962662004,0.494457966456838,"RBBP5"
"ENSG00000117226.12",2207.74539453368,0.339338099281792,0.133893013595706,2.53439735329607,0.0112640922578672,0.0581239032146887,"GBP3"
"ENSG00000117228.10",4242.2721361676,0.15502011676049,0.131078089976951,1.18265468155471,0.236946031629041,0.424527824991612,"GBP1"
"ENSG00000117242.7",149.786061519186,-0.098698161433981,0.0597988854796728,-1.65050168815489,0.0988403683268689,0.242622751803174,"PINK1-AS"
"ENSG00000117245.13",116.255886880645,0.0587497442945535,0.137355424178358,0.427720598920549,0.668854550952493,0.804761381615302,"KIF17"
"ENSG00000117262.19",202.254721969807,0.0216577972122319,0.0678766351438286,0.319075881801443,0.749668972058681,0.857996212967347,"GPR89A"
"ENSG00000117266.16",1498.34398475811,0.0379385339380134,0.0953720241332813,0.397795205489136,0.690781151723037,0.819081732470798,"CDK18"
"ENSG00000117280.13",1286.75128357515,-0.016057628525223,0.0724862367137761,-0.221526585641757,0.824682438416823,0.904034396130099,"RAB29"
"ENSG00000117281.16",36.9959739157825,-0.244932546581015,0.135630907862466,-1.80587559606534,0.0709377738136461,0.195750626073578,"CD160"
"ENSG00000117298.16",10895.1155405017,0.122754174935406,0.092100281957756,1.33283169525702,0.18258704188264,0.359685839400975,"ECE1"
"ENSG00000117305.15",2076.91169717712,0.0890858749137404,0.0670695966754479,1.3282601853837,0.184092167869483,0.361634443289988,"HMGCL"
"ENSG00000117308.15",3297.3826294825,0.160505509983167,0.0982048489992501,1.63439495726319,0.102175946413089,0.247914114165196,"GALE"
"ENSG00000117318.9",2327.16175477903,0.254171687228378,0.120063734914258,2.11697301778836,0.0342621378362141,0.120936599533614,"ID3"
"ENSG00000117322.18",483.585518304233,-0.571274297142105,0.212349719179151,-2.69025219035088,0.00713980403916302,0.0427681712622984,"CR2"
"ENSG00000117335.20",21616.9676596665,-0.0315143626281232,0.0743457407867135,-0.423889281277499,0.671646561602241,0.806416710859512,"CD46"
"ENSG00000117360.13",2501.97140836464,-0.133604237908479,0.0652411832712399,-2.04785123766104,0.0405745780594041,0.135856994394141,"PRPF3"
"ENSG00000117362.13",10370.1104282075,0.132575061974839,0.0611858384510878,2.16676056634935,0.0302531157108122,0.111270103994705,"APH1A"
"ENSG00000117385.16",1962.3041630404,0.161660696556996,0.0817688122681108,1.97704591852121,0.0480364400209874,0.151762876980331,"P3H1"
"ENSG00000117394.24",8343.39245118941,0.594927572980379,0.169707772194651,3.50560003992044,0.000455579256811991,0.00635691542206271,"SLC2A1"
"ENSG00000117395.13",2730.32920257208,0.140934928881303,0.073607926121546,1.91467055665422,0.0555345307668789,0.166688706529183,"EBNA1BP2"
"ENSG00000117399.14",1663.60035596497,0.319272478254468,0.168716087778191,1.89236534855059,0.0584423195633693,0.17249292067582,"CDC20"
"ENSG00000117400.18",41.1698681759019,-0.250549057047963,0.0911191621362003,-2.74968569918866,0.00596524516921709,0.0378287442702371,"MPL"
"ENSG00000117407.17",114.169505560789,-0.108593207946201,0.184650716416331,-0.588100658658462,0.556464731058954,0.721179504501762,"ARTN"
"ENSG00000117408.11",1708.69264857896,0.049508398535859,0.0547828340539161,0.903721017556957,0.366143351568286,0.558892788215256,"IPO13"
"ENSG00000117410.14",6318.31314115068,0.1566875170717,0.0907962816269556,1.7257041176583,0.0844006568864368,0.219390308379149,"ATP6V0B"
"ENSG00000117411.17",2830.18280912169,0.205264257426553,0.0845115278706154,2.428831457654,0.0151475721369621,0.0708496936156055,"B4GALT2"
"ENSG00000117419.16",2214.82860574473,0.019803775111211,0.0615146188347547,0.321936077738032,0.747501120890724,0.856586664790484,"ERI3"
"ENSG00000117425.14",67.6898194034646,-0.306116527056021,0.102323577073323,-2.99165193215114,0.00277472428342483,0.0224166211036309,"PTCH2"
"ENSG00000117448.14",5779.86861958604,-0.0289707474585587,0.068534902594672,-0.422715235037206,0.672503038706712,0.806983764999832,"AKR1A1"
"ENSG00000117450.15",11569.3241963679,0.0974747316207623,0.098963431200725,0.984957073922152,0.324645156700047,0.518215045405124,"PRDX1"
"ENSG00000117461.15",1659.2185398917,-0.147625092778982,0.108340482237822,-1.36260324607865,0.173007585262502,0.34778055404809,"PIK3R3"
"ENSG00000117472.10",5551.71244647827,0.137385020523406,0.188883885203153,0.727351729215238,0.467010516729634,0.648621054603307,"TSPAN1"
"ENSG00000117475.14",1378.74713329702,0.120012371693158,0.0616789457336709,1.94575912842884,0.0516836803115427,0.159162405754527,"BLZF1"
"ENSG00000117477.12",103.811549442685,-0.842493983858011,0.170599896447713,-4.93842025347434,7.87579728788929e-07,6.25307481871253e-05,"CCDC181"
"ENSG00000117479.15",1597.21737128838,-0.167852062737588,0.0964181657593636,-1.74087591706013,0.081705330971739,0.214985820283103,"SLC19A2"
"ENSG00000117480.16",998.372370428192,-0.169199711021096,0.0995211467509163,-1.70013827759213,0.0891049188140878,0.227236312683066,"FAAH"
"ENSG00000117481.10",1293.30881701125,-0.0734356243890895,0.0464499419492554,-1.58096267309257,0.113886572707656,0.265855116053569,"NSUN4"
"ENSG00000117500.13",4978.82920377999,0.00100710429832535,0.0706690430338865,0.0142509966894901,0.988629734632956,0.994169552614426,"TMED5"
"ENSG00000117501.14",33.2517433454538,-1.14553774653558,0.275021831137285,-4.16526114235546,3.109963768151e-05,0.00091790801181783,"MROH9"
"ENSG00000117505.13",3250.49694793523,0.103007442149554,0.0567136227448533,1.81627336015847,0.0693284496328975,0.192932569589681,"DR1"
"ENSG00000117507.6",14.7127204795338,-1.710899912655,0.247891687306451,-6.90180429705145,5.13461415050305e-12,5.89471410043786e-09,"FMO6P"
"ENSG00000117519.16",8723.76166745594,0.0349448058601319,0.085662060822198,0.407937954384077,0.683319227112933,0.814410647536009,"CNN3"
"ENSG00000117523.16",11080.0324346957,-0.028772585231524,0.0702025580294585,-0.409850951862045,0.681915287132708,0.813436247026486,"PRRC2C"
"ENSG00000117525.14",6619.93627921848,0.276783239454371,0.155423679179718,1.7808305717324,0.0749401334667574,0.202919311080411,"F3"
"ENSG00000117528.14",3225.44712767993,-0.0621874379193778,0.0682817519897651,-0.910747543922119,0.362428407096195,0.555498515751236,"ABCD3"
"ENSG00000117533.15",1132.49478624115,-0.0388929265032694,0.0538983933200701,-0.721597140610626,0.47054219766441,0.651355926441363,"VAMP4"
"ENSG00000117543.21",813.686010940339,0.0806990709100435,0.0704027684650961,1.14624854489994,0.251692326728338,0.441891717226523,"DPH5"
"ENSG00000117560.8",81.8580105391415,-0.242907156058349,0.158786254835523,-1.5297744525177,0.126072567332658,0.28408351838959,"FASLG"
"ENSG00000117569.19",785.223580624826,-0.272093526716609,0.0953018714070513,-2.85507013345466,0.00430273261830246,0.0302153294792541,"PTBP2"
"ENSG00000117586.11",254.481538350188,-0.0772526901621209,0.132650437490758,-0.582377952334329,0.560312128979113,0.72422050276037,"TNFSF4"
"ENSG00000117592.9",11167.8945127901,0.204520686784124,0.0670938695254786,3.04827681322596,0.00230157808280834,0.0197135166223149,"PRDX6"
"ENSG00000117593.12",1592.33493244564,0.178473807248734,0.0891254772050506,2.00250043921919,0.0452309359165945,0.146155098152708,"DARS2"
"ENSG00000117594.10",357.48518487487,0.106167358667794,0.131637558611505,0.806512668478764,0.419947306378239,0.608056373455213,"HSD11B1"
"ENSG00000117595.12",3286.88955807909,0.0983563303079049,0.0982210157592593,1.00137765372919,0.31664426336424,0.510731502777682,"IRF6"
"ENSG00000117597.18",1499.74753031215,0.0353169828784252,0.0668445706317918,0.528344823590327,0.597260026240353,0.752348772365496,"UTP25"
"ENSG00000117598.13",4.82685769267636,0.0723390775201355,0.274745832574128,0.263294539692856,0.792323567955738,0.88510648417778,"PLPPR5"
"ENSG00000117600.12",171.563464994717,-0.159244039531197,0.137218658456442,-1.16051301858301,0.245839996439162,0.43491954946857,"PLPPR4"
"ENSG00000117601.14",6.0906156071885,-0.0227438181095717,0.163128984940702,-0.139422298973044,0.889116452414212,0.941099829917542,"SERPINC1"
"ENSG00000117602.13",1461.10336744201,-0.106845793824796,0.0595660390614942,-1.79373675853268,0.072855195254198,0.199323528276606,"RCAN3"
"ENSG00000117614.10",2247.84454102964,0.0301352741555416,0.0467886442648936,0.644072394680447,0.519528490239545,0.692836452054683,"SYF2"
"ENSG00000117616.18",2167.46342749922,-0.298719501141374,0.102680784892536,-2.90920547066336,0.00362348628502577,0.0268918254318687,"RSRP1"
"ENSG00000117620.15",1879.95444052255,0.00242525777004269,0.0871112050300799,0.0278409392822111,0.977789013781034,0.988897889845134,"SLC35A3"
"ENSG00000117625.14",1894.341362843,-0.122927576806688,0.065937783193139,-1.86429647546112,0.0622800815087072,0.180084310723414,"RCOR3"
"ENSG00000117632.23",6612.26067706009,0.159405541981604,0.121752840950876,1.3092552152103,0.190447914389294,0.369336716438413,"STMN1"
"ENSG00000117640.18",1179.58051463134,0.0144546944880222,0.0517672254053439,0.279224825646732,0.780072292894382,0.877901052879447,"MTFR1L"
"ENSG00000117643.14",726.91329407807,-0.071359028859403,0.105564965979729,-0.675972641085355,0.499058015538868,0.675714283270386,"MAN1C1"
"ENSG00000117650.13",707.827724133425,0.426101279591389,0.160743955163971,2.6508074854618,0.00802995972887828,0.0462883314720937,"NEK2"
"ENSG00000117676.14",4185.07360974023,0.019097564485564,0.0692131095067734,0.275924093306269,0.782606368209549,0.879385528259493,"RPS6KA1"
"ENSG00000117682.17",1786.89474067813,0.0178465564137723,0.0463391585468259,0.38512905657832,0.700141801248654,0.82500959117192,"DHDDS"
"ENSG00000117691.10",2812.49125895538,0.157564828965061,0.0863217542712411,1.82532005165186,0.0679527460035763,0.19031751431274,"NENF"
"ENSG00000117697.15",1627.06347624041,0.0124401899256875,0.0679797663437088,0.1829984213654,0.85479925727049,0.922251334250646,"NSL1"
"ENSG00000117707.16",492.602567493043,-0.246445747457239,0.198337413865508,-1.24255803609678,0.214030741693723,0.396976686627527,"PROX1"
"ENSG00000117713.20",6024.21997140176,-0.0175634524047537,0.0623539967078437,-0.281673242006384,0.778194073835647,0.876587335911835,"ARID1A"
"ENSG00000117724.13",2498.30230149588,0.356749915676543,0.156650980739052,2.27735513683642,0.0227650268532017,0.0925642451176898,"CENPF"
"ENSG00000117748.10",2245.28241808779,-0.0378752275550302,0.0635863645482408,-0.595650149589785,0.551408966990058,0.716831657087076,"RPA2"
"ENSG00000117751.18",1876.59595018061,0.0476374035630808,0.0478145912415241,0.996294275997292,0.31910718413536,0.51284937084519,"PPP1R8"
"ENSG00000117758.14",3263.02173241713,0.0442480431614969,0.0642731067296461,0.688437908371517,0.491177058662789,0.669289805347695,"STX12"
"ENSG00000117791.16",853.842553285275,0.0318207087728801,0.117121623807981,0.271689443317911,0.785860819087436,0.881020448189312,"MTARC2"
"ENSG00000117834.13",128.108135395233,-0.329142908328365,0.208391153145349,-1.57944760783005,0.114233424799974,0.266403293069876,"SLC5A9"
"ENSG00000117859.19",4815.09591726404,-0.0823280390314026,0.0484303769858142,-1.69992562840296,0.0891449155616163,0.227320900259872,"OSBPL9"
"ENSG00000117862.13",265.721370363449,0.148944967401111,0.0717257854992746,2.07658886360495,0.0378395216183725,0.12961763554152,"TXNDC12"
"ENSG00000117868.17",8685.91285488971,0.132771128474613,0.0624831436536062,2.12491114740751,0.033594027632263,0.11944104677071,"ESYT2"
"ENSG00000117877.11",191.606496663506,0.328850454615995,0.0918087146218462,3.58190892847708,0.000341092707967263,0.00525254372171789,"POLR1G"
"ENSG00000117899.11",3025.15012050154,0.187559284836382,0.050644724161255,3.70343185677515,0.000212702335188881,0.0037687593642594,"MESD"
"ENSG00000117906.14",3176.89626135798,-0.0239593996320919,0.073609736390995,-0.325492262393469,0.744808537804833,0.854672531813311,"RCN2"
"ENSG00000117971.12",26.0510421390524,0.396679052980471,0.201131976920001,1.97223265566692,0.0485830534110117,0.152862640038048,"CHRNB4"
"ENSG00000117983.17",25713.2191374632,-0.244529571973726,0.304955625287322,-0.801852963831496,0.422638017167262,0.610212390196872,"MUC5B"
"ENSG00000117984.15",32663.9932683926,0.153931095483115,0.108265927241653,1.42178707008657,0.155088074291072,0.324127260349821,"CTSD"
"ENSG00000118004.18",116.748429871141,-0.24758639684247,0.193429549715397,-1.27998228402411,0.200551366597198,0.381191861619121,"COLEC11"
"ENSG00000118007.13",1217.27515404613,-0.0519088173636588,0.0779311155027262,-0.666085902002043,0.505356195140403,0.681029095519507,"STAG1"
"ENSG00000118017.4",4.90850257847441,-0.082550857364096,0.178969007766484,-0.461257836730074,0.644613631104981,0.786622366474212,"A4GNT"
"ENSG00000118046.16",2032.95242276646,0.152747409026449,0.0795137988019359,1.92101762622276,0.0547294853749759,0.165225204349754,"STK11"
"ENSG00000118058.23",3461.38094257311,-0.139157978346774,0.0733081691098676,-1.89826018077489,0.0576618166173412,0.170960163816915,"KMT2A"
"ENSG00000118094.12",22.0651039155116,-0.572881939275753,0.198552589531686,-2.88529069616758,0.00391052391815104,0.0283151528505878,"TREH"
"ENSG00000118096.10",999.887697873368,-0.0564929017409031,0.0725842312332053,-0.778308191477533,0.436387347544646,0.621972000590945,"IFT46"
"ENSG00000118113.12",25.2052571382359,0.46948589266263,0.232606124514294,2.01837287665131,0.043552442004901,0.142421319287808,"MMP8"
"ENSG00000118137.10",10.9486072532466,-0.150023791752786,0.204997542559958,-0.731832147250775,0.464271024976674,0.646167603133163,"APOA1"
"ENSG00000118156.12",41.8993157589828,-0.462457960052553,0.162500151312592,-2.84589248881959,0.00442871444650383,0.0308269266291975,"ZNF541"
"ENSG00000118160.14",29.0938722577572,-0.337135535684126,0.232100320521505,-1.45254230983662,0.146350873696728,0.312357179177201,"SLC8A2"
"ENSG00000118162.14",221.191601072899,0.051541044267041,0.0834307881709442,0.617770075016393,0.536726912135555,0.705195395796758,"KPTN"
"ENSG00000118181.11",19265.7446992215,0.0929417847837757,0.0737726739754921,1.25984026029274,0.207726992915505,0.38951589834615,"RPS25"
"ENSG00000118193.12",466.334573060807,0.322489587656629,0.160319893799406,2.01153818165655,0.0442686415591895,0.144050747750552,"KIF14"
"ENSG00000118194.20",49.9503608673323,0.800117881129617,0.205418535058573,3.89506176208233,9.81737111418488e-05,0.00217764972196151,"TNNT2"
"ENSG00000118197.14",869.011486032801,0.065492859421459,0.0517306054546699,1.26603697841597,0.205499843590385,0.386821184635874,"DDX59"
"ENSG00000118200.14",2857.54298269701,0.088050069627689,0.0645098865232562,1.36490814622572,0.172281921571009,0.346719580176727,"CAMSAP2"
"ENSG00000118217.6",4168.93433963095,0.0132403345484975,0.0526823998049801,0.251323679208058,0.80156386919394,0.890855451230933,"ATF6"
"ENSG00000118242.16",1257.34335351503,-0.0940918308906772,0.076385670681533,-1.23179949918833,0.218023990453936,0.401919862357857,"MREG"
"ENSG00000118246.14",1957.20383172995,0.0096411603112074,0.0472104933274338,0.204216470358402,0.838184341080108,0.911950041424184,"FASTKD2"
"ENSG00000118257.17",4393.363747256,0.125606389606964,0.113476384318992,1.10689453458328,0.268339529146623,0.46012710877001,"NRP2"
"ENSG00000118260.15",2420.31545511831,-0.0804532851182787,0.0495864743606454,-1.62248448101265,0.104699653334955,0.25184347651764,"CREB1"
"ENSG00000118263.15",2061.37062435277,-0.0102651432624442,0.0765803823611875,-0.134044032504684,0.893367755693238,0.943739455841318,"KLF7"
"ENSG00000118271.12",15.3237065145999,-0.120401141956149,0.385816171122098,-0.312068676660123,0.754988331014684,0.861110877165874,"TTR"
"ENSG00000118276.11",265.873457074831,0.340604976704457,0.146167922459832,2.33023067559887,0.0197939625035265,0.0847262012895229,"B4GALT6"
"ENSG00000118292.9",352.027580751515,0.134254504096006,0.102362222191709,1.31156300851468,0.18966762110561,0.36837032490194,"C1orf54"
"ENSG00000118298.12",49.4837593525451,0.289221256146048,0.12235564994414,2.3637752427296,0.0180897834966542,0.0799818276167472,"CA14"
"ENSG00000118307.20",107.709518229293,-0.545574341704539,0.173407639280631,-3.14619554229453,0.00165409375827232,0.0156492593049617,"CFAP94"
"ENSG00000118308.15",365.025359399591,-0.702346551145451,0.135499230418408,-5.1833988206182,2.17878447752191e-07,2.47570892867361e-05,"IRAG2"
"ENSG00000118322.14",612.596655378412,0.0263952157637778,0.237544454907673,0.111116951873437,0.911523606335192,0.952881042003189,"ATP10B"
"ENSG00000118363.12",2270.14661736553,-0.0198776508567292,0.0587522231738624,-0.338330190466262,0.735114375057049,0.848648111542506,"SPCS2"
"ENSG00000118369.13",430.707675052803,-0.00371770997763458,0.0702482526602106,-0.0529224548205785,0.957793693105029,0.978570331470156,"USP35"
"ENSG00000118402.6",115.287270545413,-0.0443035196379497,0.197848645721922,-0.223926322448619,0.822814633406471,0.902951091111539,"ELOVL4"
"ENSG00000118407.15",361.136412713584,-0.270025636347369,0.15936689736502,-1.69436464417633,0.0901960136068579,0.228983977505957,"FILIP1"
"ENSG00000118412.13",838.080694178816,-0.122887580443363,0.0734635796348597,-1.6727687522737,0.094372828573458,0.235829361382282,"CASP8AP2"
"ENSG00000118418.14",2662.27026202511,-0.306979416473341,0.0870515402997172,-3.52640993388991,0.00042123441150086,0.0060034919786379,"HMGN3"
"ENSG00000118420.17",172.151115012942,-0.167228868050709,0.0779980687065263,-2.14401293293454,0.0320318505394825,0.115590331672555,"UBE3D"
"ENSG00000118432.12",298.000862012541,-0.072812576653006,0.179792411134145,-0.404981368199571,0.685491206478625,0.815976929360824,"CNR1"
"ENSG00000118454.13",1383.11913495932,-0.0224522972676343,0.057740519732956,-0.388848201773623,0.697388441443042,0.823303266357973,"ANKRD13C"
"ENSG00000118473.22",290.858254305428,-0.244570657717731,0.123134230233831,-1.98621177274015,0.0470098141891545,0.149661743388483,"SGIP1"
"ENSG00000118482.12",3845.12939881455,-0.131986807853671,0.0709408345975087,-1.86051952450959,0.0628120587303548,0.180963158757757,"PHF3"
"ENSG00000118492.17",51.021973967023,-1.27875305384761,0.274494402562282,-4.65857606534421,3.18404153888228e-06,0.000174066165770127,"ADGB"
"ENSG00000118495.20",845.969513779925,-0.116244861057378,0.12129643312392,-0.958353498644263,0.337884535313032,0.531273724103938,"PLAGL1"
"ENSG00000118496.5",897.922810506765,-0.0181130831768868,0.0606103093949993,-0.298844921890157,0.765058373532666,0.867964186759203,"FBXO30"
"ENSG00000118503.15",3391.03606854577,0.162819685565099,0.119223878090121,1.36566339036568,0.172044640091299,0.346367672646769,"TNFAIP3"
"ENSG00000118507.17",267.293903816617,0.0120304551277426,0.0981306996458026,0.12259624328743,0.902426829425625,0.948168889273127,"AKAP7"
"ENSG00000118508.5",1164.66405374934,0.226379069510643,0.104883837373801,2.15837897600789,0.0308983789495186,0.11291983867907,"RAB32"
"ENSG00000118513.19",284.318056229787,-0.306360312320818,0.128492201564226,-2.38427164132358,0.0171129652394977,0.0768571363440709,"MYB"
"ENSG00000118514.14",23.5014266965607,0.103415670617078,0.141648036112491,0.730088982913607,0.465335795133543,0.647081473034043,"ALDH8A1"
"ENSG00000118515.11",5985.87721229709,-0.133633054942617,0.120059532796138,-1.11305659642644,0.265684123117985,0.457293155713544,"SGK1"
"ENSG00000118518.16",1447.96334869341,-0.0962400723850856,0.0475093033678528,-2.02571003072646,0.0427945081846709,0.140716796147383,"RNF146"
"ENSG00000118520.15",12.8419070345204,-0.428932768822669,0.166832333913442,-2.5710409892438,0.010139332547135,0.054184397831744,"ARG1"
"ENSG00000118523.6",10981.9353439181,-0.158453208991337,0.135281350076378,-1.17128642567417,0.24148366584873,0.429655605338914,"CCN2"
"ENSG00000118526.7",263.82424126026,-0.167190077307132,0.207397899602559,-0.806131969646372,0.420166759666586,0.608200518677376,"TCF21"
"ENSG00000118557.16",46.3590764401456,-0.167606651802201,0.130811877356073,-1.28128007326102,0.200095309464246,0.380697522037504,"PMFBP1"
"ENSG00000118564.15",4877.51531148494,0.087733058993578,0.0687080970444698,1.27689548637615,0.201639147879862,0.382395274038697,"FBXL5"
"ENSG00000118579.13",2627.1273733542,0.00242709656353683,0.061403554585296,0.0395269716863921,0.96847025001947,0.984069662713637,"MED28"
"ENSG00000118596.12",1072.79968049909,-0.00296181651976811,0.150378258033008,-0.019695776227957,0.984286060209272,0.992483972455851,"SLC16A7"
"ENSG00000118600.12",429.107020753493,0.124570526726194,0.0666203328685593,1.86985746486691,0.0615036138695722,0.178739509127066,"RXYLT1"
"ENSG00000118620.13",506.199267453336,-0.220036114584558,0.0767554238171993,-2.86671747274297,0.00414753090797924,0.0294861726498725,"ZNF430"
"ENSG00000118640.11",8896.81559653012,0.0626557634277102,0.0977823720216597,0.640767473035236,0.521673768908274,0.694417847677549,"VAMP8"
"ENSG00000118655.7",564.866903812428,0.132108649786881,0.0623952468860851,2.11728707521699,0.0342354911524124,0.120888953165694,"DCLRE1B"
"ENSG00000118680.14",18765.4286520572,0.209678219319412,0.0814183335114875,2.57531946769493,0.0100147538758741,0.0538123306632466,"MYL12B"
"ENSG00000118689.15",2628.02400108628,-0.0833937105539318,0.0784626888634088,-1.06284543344044,0.287852051919981,0.480397932957638,"FOXO3"
"ENSG00000118690.13",174.545968880564,-0.409116036071283,0.0936209610463353,-4.36991920931897,1.24292513349743e-05,0.000468107539248076,"ARMC2"
"ENSG00000118705.17",19613.1242786068,0.0209456432138672,0.0712042128166377,0.294162976954827,0.768633369779659,0.87044153815008,"RPN2"
"ENSG00000118707.11",1374.49540708094,-0.110912599856788,0.0769720562788814,-1.44094630205713,0.14959985372648,0.316612289753715,"TGIF2"
"ENSG00000118729.12",73.1506022365289,0.242923438425147,0.217939557908449,1.11463674037181,0.265006119449564,0.45669282751873,"CASQ2"
"ENSG00000118733.17",3.34056985750874,1.1708807067561,0.45117573529846,2.59517659118247,0.00945423303699044,0.0516851515496943,"OLFM3"
"ENSG00000118762.8",1660.83897121947,-0.0711365341066958,0.0809054365289747,-0.879255302963721,0.379262864927409,0.570909190307376,"PKD2"
"ENSG00000118777.12",294.300152380323,0.127604809954638,0.143116027463646,0.891617886662288,0.372597779589774,0.564708671906772,"ABCG2"
"ENSG00000118785.14",25952.2470714921,0.359006386884583,0.215030153813524,1.66956299159752,0.095005857685029,0.236860118309695,"SPP1"
"ENSG00000118804.8",101.811917633347,0.191740642585331,0.104632295695529,1.83251873917857,0.0668741724821953,0.188521746354761,"STBD1"
"ENSG00000118816.11",16880.3519279387,0.057014201809717,0.0547890385023963,1.04061329361024,0.298055058991723,0.490831828610151,"CCNI"
"ENSG00000118849.10",1455.16686920167,0.112584497071378,0.154312346924955,0.729588392082002,0.465641819721526,0.647290735030846,"RARRES1"
"ENSG00000118855.21",3987.38729143703,0.00667478316804626,0.0611543786345049,0.109146447353161,0.913086335259612,0.953855769055484,"MFSD1"
"ENSG00000118873.16",2574.61885410292,-0.0215327960561129,0.0568557657786115,-0.378726691325531,0.704890830509153,0.828318876893309,"RAB3GAP2"
"ENSG00000118894.15",304.351564429319,0.22038868991495,0.072115538713683,3.05604996989552,0.00224273875198168,0.0193188877800067,"EEF2KMT"
"ENSG00000118898.16",6591.46495931278,0.0727913522328611,0.11483837064113,0.633859152010559,0.526172745595059,0.697628806746202,"PPL"
"ENSG00000118900.15",3281.77247438754,0.0509461376293297,0.0548040982232474,0.92960452376751,0.352575884351408,0.546145671507535,"UBN1"
"ENSG00000118922.17",621.569463691567,-0.0868777117440347,0.116938465421685,-0.742935281652191,0.457520863821285,0.640537806054388,"KLF12"
"ENSG00000118939.18",55.746822172345,0.0139388620733076,0.0895154500690462,0.155714595218547,0.876257992187283,0.933872957965722,"UCHL3"
"ENSG00000118946.12",1168.67658283178,0.017535328540569,0.127567668315126,0.137459034661134,0.890667970922112,0.942023278350273,"PCDH17"
"ENSG00000118960.13",2112.68270377771,0.1405563223153,0.0702569636536068,2.00060342784377,0.0454351438984238,0.146576768004867,"HS1BP3"
"ENSG00000118961.15",864.356228265943,0.0123485763496731,0.0606756967466287,0.203517668717322,0.838730437014057,0.912155336040945,"LDAH"
"ENSG00000118965.16",853.067081911522,-0.238865797307551,0.0710855265198132,-3.36025923984643,0.000778693674982673,0.00922039414319024,"WDR35"
"ENSG00000118971.9",2197.9684875998,-0.274210414169154,0.13196017123587,-2.07797861734372,0.0377113286250145,0.129222237949013,"CCND2"
"ENSG00000118976.5",5.45836219884349,-0.618169107333951,0.228001131929203,-2.71125455432344,0.00670291457841047,0.0408986040028207,"OTUD4P1"
"ENSG00000118985.16",4580.6554100029,-0.0561175526435148,0.0858787983133831,-0.653450604172807,0.513465824207021,0.687892546993052,"ELL2"
"ENSG00000118997.14",263.882496382268,-1.23072730510432,0.192741460479097,-6.38537916048318,1.70973309050836e-10,9.98634101443768e-08,"DNAH7"
"ENSG00000119004.16",1459.51851189935,-0.179237997628166,0.0503604025902305,-3.55910573405416,0.000372119707617966,0.00555559705189459,"CYP20A1"
"ENSG00000119013.9",1478.32054793393,0.0958089025162353,0.0738597358713685,1.29717364117159,0.19457144795344,0.374146626806812,"NDUFB3"
"ENSG00000119041.11",1662.06244844002,0.00160067326140641,0.0508874732765712,0.0314551530728755,0.974906557093894,0.987568701875744,"GTF3C3"
"ENSG00000119042.17",289.330256632449,0.262790353778387,0.126393431149699,2.07914565961217,0.0376039644666466,0.129084137736213,"SATB2"
"ENSG00000119048.8",2900.52572280791,0.0425719867286992,0.0581253131670947,0.732417330919426,0.463913883825382,0.645912331979236,"UBE2B"
"ENSG00000119121.22",42.5210440209368,-0.123385213460571,0.186863484765177,-0.660296010296623,0.509063889920518,0.684225437510045,"TRPM6"
"ENSG00000119125.17",89.7552010825341,0.866005737663289,0.289685513058881,2.98946857410596,0.00279463193720074,0.0225337081824229,"GDA"
"ENSG00000119138.4",3245.06065771955,0.0115993877176473,0.117956072637996,0.0983365032273114,0.921665093251705,0.958735683985072,"KLF9"
"ENSG00000119139.21",98.3861582644736,-0.338799896328478,0.146087757560501,-2.31915324039502,0.0203867288306156,0.0863094010224303,"TJP2"
"ENSG00000119147.10",145.181712009004,-0.457956407023665,0.248862220271888,-1.84020059984732,0.0657387919622623,0.186346666734747,"ECRG4"
"ENSG00000119185.13",1898.05601035236,0.130832610676265,0.0612401788104607,2.13638518400141,0.0326480306910971,0.117019200391267,"ITGB1BP1"
"ENSG00000119203.14",2093.56503974889,0.0954609721217234,0.0614685047682183,1.55300625062675,0.12042164132099,0.275394814157145,"CPSF3"
"ENSG00000119227.8",224.801496688053,0.0346894884083257,0.0988520155366824,0.350923430544043,0.725645792931518,0.842503456442048,"PIGZ"
"ENSG00000119231.11",1730.58408767057,-0.0261531706381898,0.0613548486650758,-0.426260861320918,0.669917773809224,0.805299409424845,"SENP5"
"ENSG00000119242.9",2072.38644734455,-0.045620032290008,0.0722826277782658,-0.631134114685925,0.52795283678138,0.699030972159972,"CCDC92"
"ENSG00000119280.17",5603.08458906789,-0.0600202102712069,0.0881269278482592,-0.681065501052666,0.49583004523222,0.673046439696744,"C1orf198"
"ENSG00000119283.15",14.6313600845936,-0.385992260490341,0.180289314181176,-2.14096027955628,0.032277241344913,0.116073255141088,"TRIM67"
"ENSG00000119285.11",2104.09601160559,0.0987858954420199,0.0800670534072461,1.23378957059359,0.217281326730279,0.401097617694265,"HEATR1"
"ENSG00000119314.16",7529.94763391185,0.031217917000749,0.0633879358582583,0.492489881206343,0.622373073469645,0.771001552931159,"PTBP3"
"ENSG00000119318.13",8530.8197671741,0.139953847651972,0.0539285120548271,2.59517354214568,0.00945431691159217,0.0516851515496943,"RAD23B"
"ENSG00000119321.9",2785.60246082634,-0.0105619299016879,0.0517974610590261,-0.203908255071654,0.838425193996408,0.912063061059383,"FKBP15"
"ENSG00000119326.15",1991.95922876948,0.101376264603506,0.0999102999912468,1.01467280763233,0.310261820400082,0.504003258676747,"CTNNAL1"
"ENSG00000119328.12",871.187441020301,-0.00771306621243609,0.0569219125986277,-0.135502583457149,0.892214521793473,0.942940069648597,"ABITRAM"
"ENSG00000119333.11",3426.45148774028,0.137298669577744,0.0939556027763946,1.46131433911931,0.143929196530198,0.30894014706202,"DYNC2I2"
"ENSG00000119335.17",12728.3608633265,0.104159808405324,0.0578580500822783,1.8002647558499,0.0718188431535511,0.197396577653032,"SET"
"ENSG00000119383.20",5639.82992303276,0.118978259686271,0.0628459225825859,1.89317388936285,0.0583347485241563,0.17225177672858,"PTPA"
"ENSG00000119392.15",1613.8014012429,-0.0210699363866464,0.050976588979089,-0.413325740474503,0.679367973332243,0.811764631811017,"GLE1"
"ENSG00000119396.11",6154.7705651534,-0.00796438063912588,0.0512124777949569,-0.155516408930914,0.876414218860884,0.93391973266882,"RAB14"
"ENSG00000119397.17",1190.84009213785,-0.267117419546706,0.0778052610436477,-3.43315369634011,0.000596603797506987,0.00759278678532114,"CNTRL"
"ENSG00000119401.11",804.794048288585,0.0413180683917419,0.0479974571810715,0.860838694763945,0.389326890086442,0.580338488992518,"TRIM32"
"ENSG00000119402.17",3323.12374165523,-0.0720031005581305,0.0539186744149564,-1.33540190554384,0.181744841439698,0.358737831626956,"FBXW2"
"ENSG00000119403.15",1414.18412748615,0.20289584483551,0.0809681641937591,2.50587186773772,0.01221498761937,0.0612217580964823,"PHF19"
"ENSG00000119408.17",3576.14674272953,0.139166355543317,0.0682640166605012,2.03864879846487,0.0414850912531117,0.137862860138264,"NEK6"
"ENSG00000119411.11",1453.22136081527,-0.0170128711254315,0.10060585949652,-0.169104177535703,0.86571469905656,0.928342173984284,"BSPRY"
"ENSG00000119414.12",3064.03384210474,-0.0355597937568691,0.0467366187122485,-0.760855079735363,0.446743631504411,0.631461141363521,"PPP6C"
"ENSG00000119421.7",1564.88229510785,0.197181205164314,0.0713629408001556,2.76307566579269,0.0057259490817234,0.0367664460516523,"NDUFA8"
"ENSG00000119431.9",1223.64165351212,0.170620402412297,0.0910985217975956,1.87292174500245,0.0610791919497894,0.17797212826749,"HDHD3"
"ENSG00000119440.8",3.84137230531942,-0.263596590229184,0.226591126537322,-1.16331382546777,0.244702198331222,0.433613366156823,"LCN1P1"
"ENSG00000119446.14",1345.65838499681,-2.53497715912755e-05,0.043424994705045,-0.000583759923598342,0.999534226996199,0.999774463553687,"RBM18"
"ENSG00000119457.8",257.37060102336,-0.166362058131841,0.22302991148207,-0.745918146253737,0.455716862723218,0.638909399530219,"SLC46A2"
"ENSG00000119471.15",2351.35702205501,-0.0577795355131452,0.0794576757732754,-0.727173743138591,0.467119528779917,0.648692796971242,"HSDL2"
"ENSG00000119487.17",2821.88652210015,0.114726762768198,0.046000263889598,2.49404575251016,0.0126296264000505,0.0626177441156936,"MAPKAP1"
"ENSG00000119508.18",967.224404972329,-0.23074384086851,0.19431933608514,-1.18744663046508,0.235051496100377,0.422267123104891,"NR4A3"
"ENSG00000119509.13",580.215942546327,0.00370747569100812,0.0619677091129426,0.059829155282324,0.952291704605901,0.974862659045875,"INVS"
"ENSG00000119514.7",879.938193082255,0.0821078925524222,0.105294291223706,0.779794342107094,0.435511937184919,0.62128284020471,"GALNT12"
"ENSG00000119522.16",1185.24706560306,0.150465372543999,0.0804419277215243,1.87048442032472,0.0614165785064332,0.178559858288708,"DENND1A"
"ENSG00000119523.10",1806.35664792977,0.0295386119914961,0.0473231744736661,0.624189148763327,0.532503372365689,0.702124149551322,"ALG2"
"ENSG00000119535.18",3050.71654500305,-0.432637675579843,0.167015816751089,-2.59039942441274,0.00958646295174816,0.0521421517811716,"CSF3R"
"ENSG00000119537.18",2907.4168241769,0.094079992677939,0.053990342935027,1.74253371183726,0.0814150978115635,0.21459075011794,"KDSR"
"ENSG00000119541.10",2730.68757072591,0.0343108215629858,0.05411594599959,0.634024240530615,0.526065002523615,0.697628806746202,"VPS4B"
"ENSG00000119547.6",190.377489171539,0.57461380852533,0.24413218096294,2.35369956659896,0.0185876272967798,0.0812436097476698,"ONECUT2"
"ENSG00000119559.17",946.066437119552,0.123369279164891,0.0728051325028996,1.69451348996552,0.0901677504926062,0.228958110370334,"C19orf25"
"ENSG00000119574.13",643.927711012851,0.188916573954004,0.0759448597471497,2.48754918480304,0.0128626666197503,0.0634236907244291,"ZBTB45"
"ENSG00000119596.18",3515.08933654437,-0.0324377115969401,0.0620811208175978,-0.522505250706509,0.601318591560561,0.75528936349603,"YLPM1"
"ENSG00000119599.17",641.502033194909,-0.0583066699450087,0.0673258904480157,-0.86603637259026,0.38647021575344,0.577709810213689,"DCAF4"
"ENSG00000119608.14",21.5047426459312,-0.389731380835255,0.161540755440159,-2.41258857415476,0.0158396882485284,0.0729897219180978,"PROX2"
"ENSG00000119616.11",1958.16076293426,0.0644180496001477,0.0487338196754884,1.32183461155104,0.186223230158572,0.364276598795188,"FCF1"
"ENSG00000119630.14",532.32114704128,0.102582443290556,0.135442737754408,0.757386073194746,0.448818597287593,0.632969778434186,"PGF"
"ENSG00000119632.4",858.60267099697,0.149360136195941,0.117513282440631,1.27100641811618,0.203726365356757,0.384831879819718,"IFI27L2"
"ENSG00000119636.16",317.477481371911,-0.264061756861896,0.0930488933211441,-2.83788175696542,0.00454140028560713,0.0313296393926064,"BBOF1"
"ENSG00000119638.14",3546.98283042864,0.00792017836145299,0.0476726990900571,0.166136562699989,0.868049481094269,0.929572902964213,"NEK9"
"ENSG00000119640.9",239.475361954918,-0.263411927920831,0.0851609518656199,-3.09310690111218,0.00198072771257346,0.0177891469475878,"ACYP1"
"ENSG00000119650.13",823.183249636087,0.0867494611137578,0.0662181409811709,1.31005582199031,0.190176952063248,0.368993604816231,"IFT43"
"ENSG00000119655.11",17554.5330293656,-0.149479751503576,0.125886570276299,-1.18741618883963,0.235063497495472,0.422267123104891,"NPC2"
"ENSG00000119661.15",939.531728198643,-0.228327354318997,0.0674513415121024,-3.38506765322124,0.000711607134166031,0.0086585901918558,"DNAL1"
"ENSG00000119669.5",3014.14273647728,-0.0122836393585989,0.0709029743743941,-0.173245755442313,0.862458259717729,0.926640941065039,"IRF2BPL"
"ENSG00000119673.14",769.494911835416,0.0440765532020888,0.0778582860802334,0.566112554245898,0.571317269550361,0.732430802704426,"ACOT2"
"ENSG00000119681.12",10921.4363044993,-0.119048853272893,0.116844551325148,-1.0188652523609,0.30826694204584,0.501995663692502,"LTBP2"
"ENSG00000119682.17",2368.46899056246,0.00703476807467165,0.0577019041784278,0.121915700613943,0.902965781093098,0.948375633769706,"AREL1"
"ENSG00000119684.16",948.932744925274,-0.142419963426834,0.0680266025218244,-2.09359218522111,0.0362963243083596,0.125975714190876,"MLH3"
"ENSG00000119685.20",1090.30075688735,-0.0361503112643383,0.0580263463922344,-0.622998232905738,0.53328568307173,0.702729508281171,"TTLL5"
"ENSG00000119686.10",753.565787143287,0.0134535500830172,0.105131278633902,0.127969052196791,0.898173464407339,0.945725328141736,"FLVCR2"
"ENSG00000119688.21",1530.92630745985,0.00495168471957968,0.0532743794965168,0.0929468304722992,0.925945801410516,0.961251594111868,"ABCD4"
"ENSG00000119689.15",4605.91486025316,0.0634814850499228,0.0546881070289457,1.16079141331995,0.245726735779057,0.434809493077341,"DLST"
"ENSG00000119698.12",105.892906738655,-0.777080885331493,0.187931654513186,-4.13491216976952,3.55090413788688e-05,0.00102221005471501,"PPP4R4"
"ENSG00000119699.8",1037.3020180089,0.0359232934300339,0.0978072488355647,0.36728661584612,0.713405236530267,0.834553778629732,"TGFB3"
"ENSG00000119703.15",208.195512753774,-0.20901910905728,0.0941541715227948,-2.21996652593004,0.026421039969906,0.101998571859703,"ZC2HC1C"
"ENSG00000119705.10",1176.48872602894,0.0710981990523363,0.0774202584785833,0.918341018869166,0.358440358841979,0.551483657605527,"SLIRP"
"ENSG00000119707.14",4494.77445745934,-0.164081986268409,0.057284814914782,-2.86431904358076,0.00417906856264528,0.0296344472111074,"RBM25"
"ENSG00000119711.13",1564.79524369021,-0.11658961514298,0.0872463657493229,-1.33632632306963,0.181442636303215,0.358310138452326,"ALDH6A1"
"ENSG00000119714.11",722.271891106909,-0.192286828571244,0.122425555143615,-1.57064289678471,0.11626561998612,0.269251715070904,"GPR68"
"ENSG00000119715.15",14.6616821183389,-0.581665915901375,0.185895479586286,-3.12899440694246,0.0017540564704258,0.0163350495300381,"ESRRB"
"ENSG00000119718.11",1019.78996545214,0.105222823982375,0.0635708233809333,1.65520624692639,0.0978826685011836,0.241143087347189,"EIF2B2"
"ENSG00000119720.18",761.357639514071,-0.0725463512882079,0.0570243125003789,-1.27220036695271,0.203301937292012,0.384248163398407,"NRDE2"
"ENSG00000119723.17",258.236963725115,-0.0764809698138104,0.0566736687736043,-1.34949742038637,0.177177248351107,0.352965661162842,"COQ6"
"ENSG00000119725.20",32.2943218507992,-0.535876194173286,0.145220741950194,-3.69008026661285,0.000224183304295332,0.00390566967551254,"ZNF410"
"ENSG00000119729.12",2524.19791508242,-0.00828214143371052,0.0616538412727844,-0.134332934700153,0.893139311128407,0.943617894306869,"RHOQ"
"ENSG00000119737.6",50.7574051680352,-0.337690637344955,0.102076048409238,-3.30822600019843,0.000938890087989754,0.0105211941095398,"GPR75"
"ENSG00000119760.16",2122.28231015731,-0.0115542323676665,0.0459636711378065,-0.25137749186798,0.801522268001019,0.890838954049672,"SUPT7L"
"ENSG00000119771.15",439.579677793748,-0.122992940504366,0.126964212474114,-0.96872132790523,0.332684248268792,0.526211041449361,"KLHL29"
"ENSG00000119772.17",2265.0204302914,-0.0383253428916605,0.0773420146489264,-0.495530703016055,0.620225554769349,0.769199828457289,"DNMT3A"
"ENSG00000119777.20",5747.35401438476,0.109099431429473,0.0652536221902283,1.67192912466107,0.0945382988679736,0.236071247531618,"TMEM214"
"ENSG00000119778.15",933.131971077914,-0.193288288145897,0.0876372685230468,-2.20554897937133,0.0274155947816709,0.104397506241126,"ATAD2B"
"ENSG00000119782.14",97.6432670945822,0.0999971769560287,0.132081292229273,0.757088117993643,0.448997072152711,0.633118817352301,"FKBP1B"
"ENSG00000119787.14",4201.66390929982,-0.190636910160408,0.0690864488706053,-2.75939657164112,0.00579082145023326,0.0370472364609177,"ATL2"
"ENSG00000119801.13",5655.51247532137,0.0164895979517183,0.0659101324430967,0.250183049866491,0.802445792779626,0.891419011645382,"YPEL5"
"ENSG00000119812.19",1933.9472988835,0.167888558940777,0.0522321461645592,3.21427648046163,0.00130773686552444,0.0132496906463497,"FAM98A"
"ENSG00000119820.11",3176.35950892306,-0.0275016984572474,0.049839012886582,-0.551810657242202,0.581078084883985,0.739627388561902,"YIPF4"
"ENSG00000119844.15",3007.07919819064,-0.0112525221465874,0.0451719556533567,-0.249104161726752,0.803280210321244,0.891869807317588,"AFTPH"
"ENSG00000119862.13",1150.01326413277,-0.265560748736997,0.123876630493179,-2.14375179305203,0.0320527798182473,0.115615731147227,"LGALSL"
"ENSG00000119865.9",406.734392251591,0.034425406482771,0.110982920152658,0.310186526317911,0.756419116013803,0.862152058522682,"CNRIP1"
"ENSG00000119866.22",492.050468883376,-0.371586204833733,0.147597519205163,-2.51756402705672,0.0118169489678849,0.0598906503254367,"BCL11A"
"ENSG00000119878.6",1291.02984006614,-0.0479649578662266,0.0691431207895471,-0.693705423164495,0.487866964308513,0.666520570344213,"CRIPT"
"ENSG00000119888.11",19371.3914123838,0.050019554887765,0.102424579880541,0.488354991996093,0.625298415941119,0.773416805807768,"EPCAM"
"ENSG00000119899.13",1516.07910459387,0.0725004796588617,0.0652556795196143,1.11102175615335,0.266558984740622,0.458091734340316,"SLC17A5"
"ENSG00000119900.9",2006.58140127939,0.0320997022423265,0.100248715539997,0.320200633688115,0.748816242851919,0.857331379114445,"OGFRL1"
"ENSG00000119906.13",1596.94565084752,-0.0616774165625818,0.0644856338720702,-0.956452047675309,0.338843899866043,0.532299570280301,"SLF2"
"ENSG00000119912.18",2421.40334144198,-0.0444260728824137,0.0673045234858028,-0.660075587516565,0.509205323956476,0.684332654522381,"IDE"
"ENSG00000119915.5",44.2262557694336,0.290173699694855,0.192321926801318,1.50879155861737,0.131352058641317,0.291626975849102,"ELOVL3"
"ENSG00000119917.14",2416.99721706086,0.155359898219001,0.117053031802927,1.32726077937536,0.184422433027402,0.362048237678005,"IFIT3"
"ENSG00000119919.11",5.4028465870511,0.268589367896299,0.267723682888352,1.00323350179038,0.3157482122497,0.509830992309484,"NKX2-3"
"ENSG00000119922.10",1138.84508896087,0.108408440595117,0.114246853411147,0.948896511004819,0.342673249248108,0.536018628416522,"IFIT2"
"ENSG00000119927.14",1036.33797373612,-0.125428806040347,0.0983967708729623,-1.27472482000741,0.202406658624473,0.383317684049179,"GPAM"
"ENSG00000119929.13",636.100485532087,0.105281592558263,0.0592812671909041,1.77596730885026,0.0757383055758652,0.204174526926095,"CUTC"
"ENSG00000119938.9",473.158265143152,-0.339396858847251,0.143639040953847,-2.36284548123865,0.018135229231384,0.0801041313534432,"PPP1R3C"
"ENSG00000119943.13",536.195327545441,-0.0689141867179722,0.108711288824454,-0.633919323955896,0.526133473780152,0.697628806746202,"PYROXD2"
"ENSG00000119946.11",97.8922123417196,0.727750630666129,0.227391473934357,3.20043059695464,0.00137222412754397,0.0136782808018926,"CNNM1"
"ENSG00000119950.21",1901.96085008999,-0.0196666174264707,0.066359795085134,-0.296363444179417,0.766952539317378,0.869312483502186,"MXI1"
"ENSG00000119953.14",1607.68269302313,0.100737050672775,0.048769066373935,2.06559317540298,0.0388669093801225,0.132013468066968,"SMNDC1"
"ENSG00000119965.13",455.832842065282,-0.051505609266125,0.0517155986672369,-0.995939534559716,0.319279524844069,0.513019943080771,"C10orf88"
"ENSG00000119969.15",743.199212537043,-0.0722764400166152,0.127213033077799,-0.568152792744225,0.569931222971348,0.731231269273771,"HELLS"
"ENSG00000119973.6",3.35840760418866,-2.50579955449375,0.52597536446808,-4.7641006095939,1.89697843477112e-06,0.000119751545965459,"PRLHR"
"ENSG00000119977.21",2436.73198641806,0.0603034080031549,0.0534127604195556,1.12900751673333,0.258894662777304,0.449937119577082,"TCTN3"
"ENSG00000119979.18",732.963312578433,0.120004778789353,0.0570142487595103,2.10482083690238,0.0353069066636544,0.123560348516182,"DENND10"
"ENSG00000119986.7",1228.8074898181,0.376723564596636,0.13308597287739,2.83067821838524,0.00464494256059144,0.0317870652969724,"AVPI1"
"ENSG00000120008.16",2640.87799554439,-0.112076808045405,0.0455066965602701,-2.46286407313632,0.013783215821522,0.0664664838276264,"WDR11"
"ENSG00000120029.13",1531.65160604972,-0.0335725988875379,0.0409994900732336,-0.818854059588798,0.4128696834176,0.601982586056853,"ARMH3"
"ENSG00000120049.20",56.8935368886912,-0.206219083351112,0.106388462495455,-1.9383594659987,0.0525793820481088,0.161027078146232,"KCNIP2"
"ENSG00000120051.15",64.5811186264737,-0.810609765206246,0.190350786792156,-4.2585049364222,2.05798675981384e-05,0.000681756748203803,"CFAP58"
"ENSG00000120053.12",2528.53948176771,0.0581896243965827,0.103190442014636,0.56390517629849,0.572818667082174,0.733353273723008,"GOT1"
"ENSG00000120054.12",3.71231952734356,-0.738655001270872,0.671642900972789,-1.09977340667344,0.271430861896,0.463351673337616,"CPN1"
"ENSG00000120057.5",92.739027596367,-0.276798025011195,0.262676461354576,-1.05376029349488,0.291992676703745,0.484466868608481,"SFRP5"
"ENSG00000120063.10",4294.21388609946,0.046151691553595,0.0637644977832049,0.723783502702518,0.469198659011404,0.650307270907401,"GNA13"
"ENSG00000120068.7",141.453981779368,-0.612505113832361,0.295098942284235,-2.07559237281984,0.0379316674592795,0.129830266754579,"HOXB8"
"ENSG00000120071.15",3146.6544571233,-0.222113650327445,0.067174352964511,-3.30652459644516,0.0009446105701219,0.0105604162898148,"KANSL1"
"ENSG00000120075.5",268.94291184488,0.736935491998451,0.170135026182405,4.33147429153341,1.48114243700986e-05,0.000529142156987693,"HOXB5"
"ENSG00000120093.11",721.005033244769,0.041989741527263,0.164855699915664,0.254706034117983,0.798950155377411,0.889060817384096,"HOXB3"
"ENSG00000120094.9",3.37019160497908,-0.995981548596129,0.39277066197426,-2.53578397019225,0.0112195922697456,0.0579751490666832,"HOXB1"
"ENSG00000120129.6",17850.0427931455,-0.111285410012226,0.148642306655375,-0.748679245608318,0.454050555800788,0.637324725084347,"DUSP1"
"ENSG00000120137.7",2996.60137204097,-0.091816956464254,0.073282859861223,-1.25291175369151,0.210237823883401,0.392565780737525,"PANK3"
"ENSG00000120149.9",104.67703498557,0.539283350238085,0.174374672539505,3.09267018188039,0.00198364460685722,0.0178097388827705,"MSX2"
"ENSG00000120156.22",996.779011324384,-0.184037994043878,0.183459563827906,-1.00315290303706,0.315787092776486,0.509869043637611,"TEK"
"ENSG00000120158.12",738.886494357653,0.135843436450206,0.0741911004896017,1.83099368460298,0.0671014857138318,0.188842905396503,"RCL1"
"ENSG00000120159.13",915.350401005981,-0.0183183972440897,0.0628363818785986,-0.291525334470741,0.770649570789117,0.871775888018826,"CAAP1"
"ENSG00000120162.10",792.218246646715,0.265592834428361,0.109740288294832,2.42019442954998,0.0155122105219751,0.0719286942768966,"MOB3B"
"ENSG00000120210.8",13.5590742610504,-0.311797035909983,0.23160858009195,-1.346224029292,0.178230277826611,0.354152231553647,"INSL6"
"ENSG00000120211.4",41.2062288047321,2.81517484391385,0.480355705255031,5.86060457514335,4.61184992926388e-09,1.40278142162126e-06,"INSL4"
"ENSG00000120215.10",20.0984743823683,-0.561472441960012,0.144825979923837,-3.87687652626474,0.000105806018190631,0.00228888873529609,"MLANA"
"ENSG00000120217.14",901.248344672311,0.166881992767803,0.157115227708589,1.06216307102536,0.288161661450309,0.480617871904538,"CD274"
"ENSG00000120251.21",6.46328604106647,-0.554287081391409,0.253361490446782,-2.18773216250808,0.0286891178389885,0.107440584950894,"GRIA2"
"ENSG00000120253.14",1486.38762457413,-0.0312420380049836,0.054428717087222,-0.573999162150344,0.565968368245625,0.728300162293129,"NUP43"
"ENSG00000120254.16",1525.37690904204,0.192170085360854,0.0673989424407146,2.85123294820079,0.00435500512459577,0.0304795429079603,"MTHFD1L"
"ENSG00000120256.11",89.6072947165052,-0.160321837537079,0.0936915696531816,-1.71116609669944,0.0870504553618761,0.223935312189997,"LRP11"
"ENSG00000120262.10",418.78616959311,-0.782773541985617,0.173324248221575,-4.5162379183375,6.29479381743482e-06,0.000283599956138253,"CCDC170"
"ENSG00000120265.18",1973.96538609169,0.059628240316121,0.0567900961309236,1.04997604122124,0.293729128281045,0.486281644349122,"PCMT1"
"ENSG00000120278.16",1503.01531659397,-0.102247954066423,0.101707901110295,-1.00530984269887,0.314747677087562,0.508832398430427,"PLEKHG1"
"ENSG00000120279.6",514.279613511317,-0.0243769707678171,0.135517749594811,-0.179880280189885,0.857246556799924,0.923365673931213,"MYCT1"
"ENSG00000120280.6",191.154587324719,-0.190607289045726,0.110094258541898,-1.73130998446379,0.0833964916051647,0.217685242160634,"CXorf21"
"ENSG00000120306.11",3019.73280696144,0.346210232568451,0.104297857792582,3.31943761737621,0.000901989552462118,0.010245628853675,"CYSTM1"
"ENSG00000120314.18",1353.59769943156,0.0603230690086372,0.0493614417436168,1.22206862032019,0.221681678496476,0.406300474659134,"WDR55"
"ENSG00000120318.16",1002.95234379764,-0.0137827602163148,0.0987680604653719,-0.139546733542946,0.889018129144906,0.941025675567398,"ARAP3"
"ENSG00000120322.4",101.41288079008,0.47089246198651,0.194401828329274,2.42226354573642,0.0154241599402715,0.0716601391140749,"PCDHB8"
"ENSG00000120324.9",124.287207000806,0.0381385531010486,0.114214384589377,0.333920751209789,0.738439360484334,0.850690179475023,"PCDHB10"
"ENSG00000120327.6",282.768195599643,-0.00127080623270598,0.106331215205024,-0.011951393861677,0.990464394362568,0.995328662424765,"PCDHB14"
"ENSG00000120328.6",106.273613787542,-0.020650805555622,0.115215393401239,-0.179236514722519,0.857751993344347,0.92364115125213,"PCDHB12"
"ENSG00000120329.7",3.7269881802815,-0.485001403270856,0.221046976713389,-2.19411009588117,0.0282274956460969,0.106297705298666,"SLC25A2"
"ENSG00000120332.16",37.8841550101108,-0.00289309509180873,0.158822994708845,-0.0182158452377275,0.985466662062096,0.992898634504443,"TNN"
"ENSG00000120333.4",1199.4013446451,-0.0442761405742941,0.0500895777844602,-0.883939185209708,0.37672904276437,0.568328425427259,"MRPS14"
"ENSG00000120334.15",431.800358303008,0.157060986314683,0.0961992186145729,1.63266384671954,0.102539715073177,0.248515304209892,"CENPL"
"ENSG00000120337.8",37.563062832064,-0.243407734209364,0.158901184595461,-1.53181824810837,0.125567291698874,0.283194136467322,"TNFSF18"
"ENSG00000120341.18",9.98065868305734,0.0937035377444195,0.1587474756929,0.590267891413219,0.555011062226389,0.719855985613119,"SEC16B"
"ENSG00000120370.13",766.867251732231,-0.175107400256306,0.0725384923799239,-2.41399282658334,0.0157787730077602,0.072821108571608,"GORAB"
"ENSG00000120436.4",5.55218140106057,-0.554182148302915,0.186641201720722,-2.96923799886457,0.00298539274401837,0.0235516053804808,"GPR31"
"ENSG00000120437.9",809.949728196593,0.196846762033348,0.0928625897950402,2.1197638625825,0.0340259642717055,0.120323902754136,"ACAT2"
"ENSG00000120438.12",5584.64650321491,0.110803932189115,0.064175362515912,1.7265805418963,0.0842430229789905,0.219117419065588,"TCP1"
"ENSG00000120440.15",17.357723468596,-0.227430784265703,0.208552637476977,-1.09051981800427,0.275484228304576,0.467972843606613,"TTLL2"
"ENSG00000120451.11",4038.01847979141,-0.0176264786559461,0.0533523115340823,-0.330378912349206,0.741113673341093,0.852381853958787,"SNX19"
"ENSG00000120457.12",417.266722777102,-0.153589560365559,0.172462124311851,-0.890569804694239,0.373160004290103,0.565249375441576,"KCNJ5"
"ENSG00000120458.13",545.565119891597,-0.411650597328691,0.0864940147044461,-4.75929575861774,1.94269594056315e-06,0.000120663657810572,"MSANTD2"
"ENSG00000120471.15",13.1426013912403,-0.854368876629702,0.214201063848599,-3.98863040770696,6.64558667620529e-05,0.00163285252554172,"TP53AIP1"
"ENSG00000120498.14",12.423785993733,-0.0032471908887819,0.184221596155763,-0.0176265484424331,0.985936777370627,0.993065684304481,"TEX11"
"ENSG00000120500.18",17.5259543621499,-0.143065924582638,0.140036264494326,-1.021634825088,0.306953768649448,0.500574289850093,"ARR3"
"ENSG00000120509.11",1775.33871938598,0.156190347084238,0.081570799060279,1.9147826046036,0.0555202338114348,0.166668181455284,"PDZD11"
"ENSG00000120519.15",617.500245243848,-0.00383398321538719,0.0604654035648453,-0.0634078826791503,0.949441710414216,0.973313670664553,"SLC10A7"
"ENSG00000120526.12",1366.9924146592,0.123173923549686,0.0851613045597165,1.44636022412403,0.148076192110713,0.314425146254542,"NUDCD1"
"ENSG00000120533.13",2487.60749720206,0.0782845964158975,0.0602215889669571,1.29994239206892,0.19362071429064,0.373120062333729,"ENY2"
"ENSG00000120539.15",671.005150521368,0.137687187046538,0.0768229008481722,1.79226748178456,0.0730901296000486,0.199814357766206,"MASTL"
"ENSG00000120549.18",4447.21244945132,-0.0647902438583702,0.0740323516562407,-0.875161228961292,0.381486185603512,0.572831480123477,"KIAA1217"
"ENSG00000120555.13",9.80686856104307,-0.346601568807474,0.135828133704326,-2.5517656714769,0.0107178576294065,0.0562024939448467,"SEPTIN7P9"
"ENSG00000120594.17",4669.11447020498,-0.139433057818288,0.113089053523291,-1.23294919777158,0.217594718564105,0.401328511725376,"PLXDC2"
"ENSG00000120616.16",1175.57449419176,-0.194134053301495,0.0576195361184715,-3.36924012894404,0.000753757307482236,0.00903342046004538,"EPC1"
"ENSG00000120645.12",104.898855972731,0.165191299075039,0.175380139347224,0.94190425261316,0.346241662690118,0.540002045999067,"IQSEC3"
"ENSG00000120647.10",403.10878343666,-0.105641915770754,0.0862646911166937,-1.22462521343579,0.22071646358763,0.405207638378977,"CCDC77"
"ENSG00000120656.12",1051.10033824553,0.123301639424984,0.0582930227370438,2.11520407821687,0.0344125575175926,0.121250637891122,"TAF12"
"ENSG00000120658.13",94.2363484531458,0.404335416086523,0.114890335275107,3.51931618197765,0.000432660739573531,0.00611659193317263,"ENOX1"
"ENSG00000120659.15",119.236008266056,-0.460696319499196,0.224826863830517,-2.04911598040386,0.0404507752160539,0.135553866056174,"TNFSF11"
"ENSG00000120662.16",352.14955186453,-0.0279386493144367,0.0696483824928896,-0.401138523458013,0.688318139490184,0.817390822090814,"MTRF1"
"ENSG00000120664.11",9.79810732673355,-0.453284772664501,0.131727116170733,-3.44108932041748,0.000579377241129317,0.00743887405904693,"SPART-AS1"
"ENSG00000120669.16",22.9044395669169,-0.496280314055088,0.280023709696015,-1.77227962087151,0.0763481523932218,0.205352681937682,"SOHLH2"
"ENSG00000120675.6",1910.19935033599,0.0965114075934881,0.0957818376341075,1.00761699689003,0.313638366027837,0.507775655883138,"DNAJC15"
"ENSG00000120685.20",2288.29072377255,-0.0912840579301164,0.0722826771000539,-1.26287599729823,0.206633747256904,0.388252698988889,"PROSER1"
"ENSG00000120686.12",3713.331655999,0.0120325481188667,0.0539068886992056,0.223209842178185,0.823372192220719,0.903332577460107,"UFM1"
"ENSG00000120688.9",664.298547984095,0.0174655573486325,0.0533338218914017,0.327476200452986,0.743307740786536,0.853755075346932,"WBP4"
"ENSG00000120690.16",3532.93497466179,0.0439034888419169,0.0579115305797909,0.758113080458587,0.448383289692482,0.632553719109085,"ELF1"
"ENSG00000120693.14",548.072544363697,-0.547537840425553,0.160261052603116,-3.41653715317547,0.000634230088855137,0.00794410171115653,"SMAD9"
"ENSG00000120694.20",5160.68820025059,0.0508751192464118,0.0772737467118998,0.658375210355592,0.510297060515375,0.685353665370153,"HSPH1"
"ENSG00000120696.9",458.541257470029,-0.00467646701040205,0.0707338518608803,-0.0661135635536963,0.947287412324159,0.972211521705356,"KBTBD7"
"ENSG00000120697.9",1695.64439898102,0.039047288073008,0.0809319404381949,0.482470676738897,0.629471624233736,0.776012692942819,"ALG5"
"ENSG00000120699.13",852.337501097866,-0.0195370714272171,0.0650792154696021,-0.300204470601566,0.764021195214514,0.867283495934973,"EXOSC8"
"ENSG00000120705.13",5730.15472367413,0.0866530004580716,0.0557263596548108,1.55497328364587,0.119952432281633,0.274680261912952,"ETF1"
"ENSG00000120708.17",17530.1611584384,0.63420254216906,0.161363450991016,3.93027379046555,8.48491881034395e-05,0.00195629087224918,"TGFBI"
"ENSG00000120709.11",1375.89510329224,0.0283442113944896,0.0531490717406607,0.533296452152435,0.593828383211213,0.749566254512744,"FAM53C"
"ENSG00000120725.13",2275.02211785581,0.202284608823416,0.0785897593819298,2.57393088379817,0.0100550357433555,0.0539504117652757,"SIL1"
"ENSG00000120727.13",1500.51970083146,0.0426281517021008,0.0541113186667063,0.787786229433162,0.430821757200872,0.617014751823849,"PAIP2"
"ENSG00000120729.10",6.61015988761231,-0.801274154765844,0.219008033678713,-3.65865188279496,0.000253545463363044,0.00427190744521549,"MYOT"
"ENSG00000120733.14",4441.76355461925,-0.020350544230719,0.0500399097388488,-0.406686269757991,0.684238426112736,0.815156012329898,"KDM3B"
"ENSG00000120738.8",12712.8090239882,-0.301288248769066,0.158995977489351,-1.8949425861371,0.0581000084230789,0.171808996330513,"EGR1"
"ENSG00000120742.11",10905.7620445199,-0.0201636850137746,0.0599096419632228,-0.336568277709833,0.736442373066688,0.849503704750511,"SERP1"
"ENSG00000120756.13",2563.22342475437,0.332027143652074,0.092507317808338,3.58919868739451,0.000331695970055617,0.00515072478127876,"PLS1"
"ENSG00000120784.16",475.705704434012,-0.109778319925723,0.0840891343591036,-1.30549946509038,0.191722829173319,0.370798501204892,"ZFP30"
"ENSG00000120798.17",968.618648852063,-0.170543651493085,0.0547434115147178,-3.11532742980831,0.00183740826189197,0.0168985727246324,"NR2C1"
"ENSG00000120800.5",1972.28265288175,-0.0231792351712632,0.104164015749048,-0.222526320673991,0.823904185925176,0.903648231329497,"UTP20"
"ENSG00000120802.14",4872.29604740635,0.0482401928446316,0.0838197614046778,0.575522908156828,0.564937702199716,0.727522673613192,"TMPO"
"ENSG00000120805.14",4617.80502664672,-0.0166004234259455,0.0629355402282173,-0.263768664982439,0.79195818141947,0.884757683768948,"ARL1"
"ENSG00000120820.12",480.534170124943,0.0435662945774816,0.122712715950505,0.355026732478595,0.722569564447073,0.840870279642039,"GLT8D2"
"ENSG00000120832.10",346.170568807169,-0.158079520734508,0.0790533516362148,-1.99965614945656,0.0455374063119559,0.146688490446161,"MTERF2"
"ENSG00000120833.14",1440.75330252209,-0.183667143151159,0.164337428186932,-1.11762210944569,0.263728421893205,0.455339436295725,"SOCS2"
"ENSG00000120837.8",1453.78647603768,0.00102936405658642,0.055736234570885,0.0184684893859717,0.985265115103958,0.992898634504443,"NFYB"
"ENSG00000120860.11",825.323304389712,-0.0329724177998499,0.0561901254524038,-0.586800928710853,0.557337413010702,0.721580186325697,"WASHC3"
"ENSG00000120868.14",973.352557272784,-0.112300856048473,0.0625904910429649,-1.7942159292437,0.072778710606905,0.199214036128929,"APAF1"
"ENSG00000120875.9",4520.7715654455,0.0526635717657448,0.191021328437525,0.27569472056608,0.782782550922372,0.879456626006789,"DUSP4"
"ENSG00000120885.22",17010.2882359035,-0.0973898171452108,0.166312138365544,-0.585584540625375,0.55815473964051,0.722217090822057,"CLU"
"ENSG00000120889.13",4099.16691175715,0.0914690350684291,0.0885043287018097,1.03349786852356,0.301370967488312,0.494214541453472,"TNFRSF10B"
"ENSG00000120896.13",2972.78307227181,0.0168183748924912,0.101464947246028,0.165755518028416,0.868349353243261,0.929573015909926,"SORBS3"
"ENSG00000120899.18",2562.34542086112,-0.0695602071628474,0.0838457868860041,-0.829620780557773,0.406753223884598,0.596381515954988,"PTK2B"
"ENSG00000120903.13",7.88516617657802,-0.517845026562294,0.309387251633893,-1.67377622648484,0.0941745862757727,0.235510741446654,"CHRNA2"
"ENSG00000120907.18",28.0824262163325,-0.0304785971620829,0.282973427106451,-0.107708336693457,0.914227056264322,0.954658011611457,"ADRA1A"
"ENSG00000120910.15",612.070497916293,-0.0402633477120307,0.0662244310240696,-0.607983293920589,0.5431985540364,0.711072600933192,"PPP3CC"
"ENSG00000120913.23",985.566741650689,0.0846279500885219,0.121842825961873,0.694566540298433,0.487326987176782,0.666060896755885,"PDLIM2"
"ENSG00000120915.14",632.344459421475,-0.188745915866958,0.114652722154684,-1.64624016176702,0.0997143236666131,0.243976554555196,"EPHX2"
"ENSG00000120925.16",1351.46533168161,-0.0174197460906254,0.0665630798596852,-0.26170282576086,0.793550561801658,0.886031217857087,"RNF170"
"ENSG00000120937.9",1.37377464026054,-1.0835830183621,0.417208943202232,-2.59721905778242,0.00939819663319754,0.0514713210246826,"NPPB"
"ENSG00000120942.14",1062.37374945491,0.0927609078420358,0.0487611783635541,1.90235164438456,0.0571251982192872,0.169946316175027,"UBIAD1"
"ENSG00000120948.18",3214.19455969489,0.0255483914971901,0.0401420453608407,0.636449669356238,0.524483375860969,0.696570330003958,"TARDBP"
"ENSG00000120949.15",87.852457848775,0.135630915402314,0.12963302233446,1.0462682498629,0.295437199968337,0.488065831317712,"TNFRSF8"
"ENSG00000120963.12",3100.65757609648,0.0951223018015316,0.065358897724377,1.45538411927736,0.145562950386662,0.311334145395294,"ZNF706"
"ENSG00000120992.18",5030.07514283744,0.044112610478325,0.102546701860112,0.430170933615208,0.667071303999835,0.803473279695615,"LYPLA1"
"ENSG00000121005.9",578.607091275885,0.439495346126568,0.19313064619739,2.27563752713476,0.0228677133146085,0.0927837906749909,"CRISPLD1"
"ENSG00000121022.14",1862.98171274147,-0.071473891524501,0.065866210913413,-1.08513744047703,0.277860786967885,0.470468350735992,"COPS5"
"ENSG00000121039.10",5555.32058807405,-0.108982638048119,0.157104868725705,-0.693693575075613,0.48787439609096,0.666520570344213,"RDH10"
"ENSG00000121053.6",13.5326016026718,-0.362826365357662,0.137287652212398,-2.6428186330722,0.00822190635220764,0.0470248974719205,"EPX"
"ENSG00000121057.13",4049.44119569819,-0.104490956813524,0.0694582713028283,-1.50437024782776,0.132486060544362,0.293138726238018,"AKAP1"
"ENSG00000121058.5",1071.94177597798,0.0316841666299709,0.050362762518014,0.629118917347671,0.52927120656042,0.699946539371035,"COIL"
"ENSG00000121060.18",2089.22969728318,0.0621763261480118,0.0716373256286041,0.867931983814669,0.385431568488266,0.576804657242767,"TRIM25"
"ENSG00000121064.13",6941.66885866788,0.00067961698972891,0.103672950522375,0.00655539353615898,0.994769590168766,0.997492857142406,"SCPEP1"
"ENSG00000121067.19",3055.65054001273,0.0227742288919267,0.0425092591153434,0.535747490449829,0.592133077086135,0.748353890423592,"SPOP"
"ENSG00000121068.14",1408.94582423861,-0.0546191253810999,0.133887520614249,-0.407947844059838,0.683311966303583,0.814410647536009,"TBX2"
"ENSG00000121073.15",3060.1320654188,0.0120827644112236,0.0600335033409472,0.201267021559648,0.840489787879827,0.913264572711589,"SLC35B1"
"ENSG00000121075.11",563.046578735538,-0.144901323422414,0.163983301655941,-0.883634625959886,0.376893480936819,0.568436659958395,"TBX4"
"ENSG00000121089.4",64.5145005508031,0.00847544263500587,0.125390811808885,0.0675922143954516,0.946110253238781,0.971842915032127,"NACA3P"
"ENSG00000121101.16",34.343780864682,-0.420722963496977,0.144871325521793,-2.90411482038719,0.00368293065676519,0.0271634493477367,"TEX14"
"ENSG00000121104.8",837.439250331255,-0.221239494211977,0.0825340340639047,-2.68058500618879,0.00734935954803895,0.0435455112000108,"FAM117A"
"ENSG00000121152.10",692.583231294344,0.247792423650596,0.145634306126112,1.70147014286606,0.0888547397277478,0.226824171887434,"NCAPH"
"ENSG00000121207.12",171.575712254524,0.248716238450171,0.182895587814755,1.35988101966726,0.173867578216896,0.348982533404179,"LRAT"
"ENSG00000121210.16",1081.8602935003,-0.0822751985507123,0.0809528951102954,-1.01633423287228,0.30947025219907,0.503257612780913,"TMEM131L"
"ENSG00000121211.8",2.62310578250595,-0.735968428326657,0.253165382992836,-2.90706580665289,0.00364836438045565,0.0270166561368193,"MND1"
"ENSG00000121236.21",285.073503920454,0.237915803361699,0.133877818555291,1.77711144332279,0.0755499057574133,0.20393101372617,"TRIM6"
"ENSG00000121270.16",19.6613138922102,0.389880469662345,0.173008539887515,2.25353309100137,0.0242255567043917,0.0964647122783536,"ABCC11"
"ENSG00000121274.14",980.493804437286,-0.0720943699302174,0.0650895783706806,-1.10761771292549,0.268026950392087,0.459804259257162,"TENT4B"
"ENSG00000121281.13",1017.51095709366,-0.176766286691156,0.111493291198795,-1.58544325663486,0.112865659644857,0.264194361706828,"ADCY7"
"ENSG00000121289.18",1228.00756065859,0.0571766730102725,0.0607382360077334,0.941362093607601,0.346519332161988,0.540207348083399,"CEP89"
"ENSG00000121297.8",422.365949532882,-0.0184060823872397,0.116308854709416,-0.158251772259516,0.874258409329834,0.932899409003128,"TSHZ3"
"ENSG00000121310.17",2618.693978391,-0.256294736708844,0.0922151682740398,-2.77931214035419,0.00544741520349883,0.0354913491917977,"ECHDC2"
"ENSG00000121316.11",1889.28303328016,0.552671967449196,0.133578203255258,4.13744124401105,3.51200341423751e-05,0.00101321602833804,"PLBD1"
"ENSG00000121318.2",4.51103650403613,-0.375590729549038,0.179707241411324,-2.09001444014916,0.036616502570868,0.126762318819997,"TAS2R10"
"ENSG00000121335.12",1.00148144391902,-0.813747737304034,0.592307089677746,-1.37386121403133,0.169484772765857,0.342747770132642,"PRB2"
"ENSG00000121350.16",512.719699680611,-0.112046793449268,0.0733977908758119,-1.52656901675487,0.12686821631952,0.285374199440968,"PYROXD1"
"ENSG00000121351.8",1.29420195502699,-0.0569285981315045,0.469911193686149,-0.121147567660469,0.903574153063763,0.948643061129377,"IAPP"
"ENSG00000121361.5",551.355231156711,-0.0691231580605501,0.132940694559416,-0.519954843696535,0.603095048730764,0.756713650881447,"KCNJ8"
"ENSG00000121380.12",141.369465652824,0.337502702582775,0.143885627494909,2.34563179421598,0.018994861798055,0.0824360545901918,"BCL2L14"
"ENSG00000121388.6",1.23644913425908,-0.390539701748986,0.751732323624176,-0.519519634151364,0.603398424703666,0.75690229281712,"AL139327.1"
"ENSG00000121390.19",1446.62446818802,0.0389975771625761,0.052391928315564,0.744343230271811,0.456668854060371,0.639705312333569,"PSPC1"
"ENSG00000121406.9",351.700100621988,-0.0794643120005041,0.0890452481812731,-0.892403734320952,0.372176570249993,0.564273170605812,"ZNF549"
"ENSG00000121410.12",7.44633132327656,-0.22150677798218,0.1378398811046,-1.60698613642949,0.108057409331132,0.257188685220288,"A1BG"
"ENSG00000121413.13",831.234975547255,-0.133567653303006,0.0956511740518924,-1.39640369945217,0.162592961701008,0.33388068055953,"ZSCAN18"
"ENSG00000121417.14",565.103394935908,-0.259223202359527,0.0804554749311935,-3.22194608360981,0.00127323092082523,0.0130069582838399,"ZNF211"
"ENSG00000121440.15",561.979245295521,-0.0371244572219917,0.118301859628358,-0.313811273454341,0.753664381626438,0.860561028780119,"PDZRN3"
"ENSG00000121454.6",74.6200234173246,-0.399220760262441,0.139103208471239,-2.86996083447624,0.00410522643993578,0.029291749649546,"LHX4"
"ENSG00000121481.11",1221.60399616257,0.058908477444238,0.0659477820453257,0.893259418546486,0.371718264773096,0.563815693940057,"RNF2"
"ENSG00000121486.12",1347.54146626529,0.0107631978228649,0.0531415025942698,0.202538454831451,0.839495798692674,0.912512116813321,"TRMT1L"
"ENSG00000121542.12",631.090752682975,0.0262351363119944,0.0540723844818062,0.485185489107138,0.627544774423081,0.775072272401975,"SEC22A"
"ENSG00000121552.4",538.334762056229,-0.252036820270716,0.172497367485353,-1.4611053139238,0.143986542144505,0.308974795205737,"CSTA"
"ENSG00000121570.12",5.2553142559828,-0.621147071790042,0.19129313124292,-3.24709553215091,0.00116589248321125,0.0122486773251979,"DPPA4"
"ENSG00000121577.14",64.294932950962,0.0451326111881696,0.0783629707950768,0.575943085493705,0.564653651922926,0.727431568837595,"POPDC2"
"ENSG00000121578.13",1350.81045868177,0.382587757473755,0.0938666760855342,4.07586348455686,4.58439095875859e-05,0.00122988016269097,"B4GALT4"
"ENSG00000121579.13",5981.54765114638,0.0924228960515785,0.0620576995893702,1.4893058663652,0.136406843652538,0.298246079051945,"NAA50"
"ENSG00000121594.12",114.464598710409,-0.155037787860859,0.128688358214288,-1.20475379445508,0.228298362176123,0.414276850271416,"CD80"
"ENSG00000121621.7",338.228906899162,0.21354116880844,0.106914225732845,1.99731296134559,0.0457911962209597,0.14715690552345,"KIF18A"
"ENSG00000121644.19",3756.98172180815,0.0647135495933479,0.0584173583715171,1.10777945797872,0.267957073715895,0.459708072514855,"DESI2"
"ENSG00000121653.11",505.063498510755,-0.163727763156198,0.117676520752957,-1.39133755917137,0.164123089455952,0.335714755026982,"MAPK8IP1"
"ENSG00000121671.12",2342.57502335109,-0.256792834724408,0.0969435455590611,-2.64889047789119,0.00807564977425844,0.0464155017419394,"CRY2"
"ENSG00000121680.16",1104.45656001388,0.0743392274082518,0.0724276927255228,1.02639231778338,0.304706697671117,0.49794336060298,"PEX16"
"ENSG00000121690.11",127.37009552539,-0.229981390560587,0.154153607215546,-1.49189756058717,0.135726002286859,0.297568066553652,"DEPDC7"
"ENSG00000121691.7",5318.96080844218,-0.0322546082421774,0.11700451872871,-0.275669765515329,0.782801719733433,0.879456626006789,"CAT"
"ENSG00000121716.20",218.479030870521,-0.0175937763726692,0.161477506358553,-0.108954966976039,0.91323820876174,0.953930158992661,"PILRB"
"ENSG00000121741.16",3481.02456300869,-0.107159150441733,0.0695741272596491,-1.54021551778604,0.123507828587041,0.280086243249668,"ZMYM2"
"ENSG00000121742.19",172.55268337449,-0.0969131285193144,0.299374461286241,-0.323718757114198,0.746150968783591,0.855515521703761,"GJB6"
"ENSG00000121743.4",22.2261105692526,0.812736004617641,0.241336792932909,3.36764235051213,0.000758138763172292,0.0090713006327325,"GJA3"
"ENSG00000121749.15",2188.48166066218,-0.0374999570708539,0.0581922186358937,-0.64441531788794,0.519306154160088,0.692650927064293,"TBC1D15"
"ENSG00000121753.12",316.786192280755,0.242164868454502,0.144842568520319,1.67191779963866,0.0945405323443085,0.236071247531618,"ADGRB2"
"ENSG00000121764.11",5.42789786684988,-0.334395969137009,0.171159689547372,-1.95370749982844,0.0507358188490938,0.157203128612646,"HCRTR1"
"ENSG00000121766.16",1197.92121399943,0.0897621469781957,0.0652119821027473,1.37646708601446,0.168677070657874,0.341550037307663,"ZCCHC17"
"ENSG00000121769.8",894.810823102193,-0.450554754455757,0.180365238077522,-2.49801324943838,0.0124891525822846,0.0621248105366802,"FABP3"
"ENSG00000121774.18",7477.73288449644,0.0831177342307268,0.0379917232518764,2.18778531522972,0.0286852440472362,0.107438162905235,"KHDRBS1"
"ENSG00000121775.18",716.091778536179,0.0690573186190896,0.0579326937156206,1.19202671565865,0.233250770069522,0.420126481709835,"TMEM39B"
"ENSG00000121797.10",395.119895249801,0.0321333682028055,0.129224483417418,0.248663158505414,0.803621349069756,0.892070071171626,"CCRL2"
"ENSG00000121807.6",378.712076107133,-0.12385152992453,0.130085043517114,-0.952081242977295,0.34105578088784,0.534370096598025,"CCR2"
"ENSG00000121851.13",671.014905844662,0.117005251154285,0.0701075546001351,1.6689392722601,0.095129415538186,0.237043906257977,"POLR3GL"
"ENSG00000121858.11",7108.60441720669,-0.0563387730358664,0.128477828428447,-0.438509692489418,0.661016845564328,0.798781671785894,"TNFSF10"
"ENSG00000121864.10",1378.6576207379,0.0357926368969011,0.0571560277539266,0.626226809375187,0.531166185003774,0.701043316257896,"ZNF639"
"ENSG00000121871.4",14.2168986463644,-0.431521946560046,0.243775510987737,-1.77016118153786,0.0767002939079801,0.205927137549159,"SLITRK3"
"ENSG00000121879.6",1396.46249351788,-0.0240377388457988,0.0714477559552833,-0.336437982192796,0.736540611404746,0.849576509346247,"PIK3CA"
"ENSG00000121892.15",6842.41702662717,0.0115247755128518,0.0510135146824746,0.225916124081744,0.821266656797897,0.902511610171533,"PDS5A"
"ENSG00000121895.8",320.721571257767,0.491954403629758,0.171429463179614,2.86971909323613,0.00410836600995591,0.0293078700598804,"TMEM156"
"ENSG00000121897.15",473.792792461775,0.0382829755711927,0.0724290561241851,0.528558255757933,0.597111924836969,0.752245631960202,"LIAS"
"ENSG00000121898.13",1036.67496370756,-0.251870207485236,0.160152285934279,-1.57269192890943,0.115790169615929,0.268641262510322,"CPXM2"
"ENSG00000121900.19",1833.24313999272,0.205966978492893,0.104597257959734,1.96914319276116,0.0489366500709063,0.153543293828167,"TMEM54"
"ENSG00000121903.14",146.33243712793,-0.0488486336468263,0.0731637473179416,-0.667661723702435,0.504349548046351,0.680443712894889,"ZSCAN20"
"ENSG00000121904.17",165.555341750235,-0.062290548563961,0.167332624613887,-0.37225585092981,0.709702366146854,0.831976087187578,"CSMD2"
"ENSG00000121905.10",20.8540534848628,-0.159014789193585,0.160192306984989,-0.99264934868867,0.320880866772247,0.514625931381855,"HPCA"
"ENSG00000121931.16",806.855519618352,0.193628747637419,0.082079014874172,2.35905301658717,0.018321638029455,0.0805469820301923,"LRIF1"
"ENSG00000121933.19",134.215575355856,0.0816873814855796,0.145431046805996,0.561691490776036,0.574326232900853,0.734575752602418,"TMIGD3"
"ENSG00000121940.16",1031.51531067017,-0.0697267776013002,0.0558765292783444,-1.24787238044013,0.212077796708177,0.394651281974475,"CLCC1"
"ENSG00000121957.15",822.652558771589,0.0651119185183083,0.0987785353538729,0.65917072251624,0.509786145198414,0.684851604738173,"GPSM2"
"ENSG00000121964.14",829.685794044382,0.0663673051416809,0.0598643829713786,1.10862756529891,0.267590881517719,0.459352933225565,"GTDC1"
"ENSG00000121966.7",4096.46964514738,-0.172165741431852,0.105073730284678,-1.63852316811634,0.101312605114994,0.246402261822885,"CXCR4"
"ENSG00000121988.18",226.602552850566,-0.181924944063219,0.0848770061493422,-2.14339492303864,0.0320814004229649,0.115658371702666,"ZRANB3"
"ENSG00000121989.15",588.502222002816,-0.177590539030401,0.0691216964044363,-2.56924451030983,0.0101920515725715,0.0544049980768997,"ACVR2A"
"ENSG00000122008.15",903.097201881908,-0.12827021604749,0.0860130343320444,-1.49128811747666,0.135885867281283,0.297705586744198,"POLK"
"ENSG00000122012.14",19.4947426670615,-0.354606254838397,0.203494168780576,-1.74258681201211,0.0814058153131568,0.214590323159964,"SV2C"
"ENSG00000122025.15",60.4564518053838,-0.305019004157517,0.125384467722622,-2.43266976921165,0.0149879634299859,0.0703204997850226,"FLT3"
"ENSG00000122026.10",8868.77662925353,0.0233184602335004,0.085081464301244,0.274072154552228,0.784029172244032,0.880137715812104,"RPL21"
"ENSG00000122033.14",895.460094072284,0.0290281177535407,0.0519166796402024,0.559128934182885,0.576073729214987,0.735860947672274,"MTIF3"
"ENSG00000122034.17",4184.03896975464,0.182913484139371,0.0768975645562264,2.37866420341085,0.0173754962549166,0.0777530103245883,"GTF3A"
"ENSG00000122035.7",472.859358404343,-0.263086316243845,0.135201190185463,-1.94588757601139,0.0516682456567357,0.159129593214588,"RASL11A"
"ENSG00000122042.10",3751.16884653739,0.0174745378659053,0.088216210376133,0.198087605343712,0.842976522191454,0.914692852022567,"UBL3"
"ENSG00000122068.13",3165.87005575849,0.108739841425843,0.0576776778724658,1.88530199961038,0.0593890763480159,0.174375211116897,"FYTTD1"
"ENSG00000122085.17",1094.74465444775,-0.070805024217308,0.0466629952719786,-1.51736989459455,0.129173320421674,0.288570580205247,"MTERF4"
"ENSG00000122121.11",48.6088435079669,0.081691253431249,0.154900346790272,0.527379409562298,0.597930139314949,0.752708743079086,"XPNPEP2"
"ENSG00000122122.10",1121.31547360381,-0.134737413897864,0.113281088290924,-1.18940783435834,0.234279219431657,0.421317887567556,"SASH3"
"ENSG00000122126.17",2279.08103044462,-0.00705754931022515,0.0561195861919584,-0.125759111731235,0.899922608845651,0.946728707817432,"OCRL"
"ENSG00000122133.17",3605.42065589465,-0.273869364471828,0.369689393788289,-0.740809363410261,0.458809037051449,0.641463779303171,"PAEP"
"ENSG00000122136.14",14.1894103090346,-0.00516627292870867,0.305735493175075,-0.0168978513912687,0.986518106864629,0.993307169128322,"OBP2A"
"ENSG00000122140.11",930.474102777991,0.227726822525111,0.0798656177040558,2.85137496048624,0.00435306033245197,0.0304756017419407,"MRPS2"
"ENSG00000122145.15",1.07311307064245,-0.550372548853138,0.479786325966565,-1.14712012215932,0.251331978563363,0.441437300569981,"TBX22"
"ENSG00000122176.12",3567.82082635081,0.114419121563347,0.119703688198969,0.955852933897595,0.33914654059211,0.532578924387205,"FMOD"
"ENSG00000122188.13",303.520324168697,-0.429451642813759,0.147102040595715,-2.91941322550402,0.00350691013822102,0.0263423022482412,"LAX1"
"ENSG00000122194.19",4.30427258292805,-1.29725603268119,0.309099357205713,-4.19689010164405,2.7060516069657e-05,0.000827296383385757,"PLG"
"ENSG00000122203.15",4390.9489650145,0.131398518268985,0.0563032216828205,2.3337655349317,0.0196080023985366,0.0842225808095058,"KIAA1191"
"ENSG00000122218.16",14953.8068813455,0.0859271391976711,0.0558513215799337,1.5384978683932,0.123926929320282,0.280654326770978,"COPA"
"ENSG00000122223.13",114.620963262561,0.0632296958191207,0.140091939832026,0.451344280726892,0.65174143509142,0.791858095930667,"CD244"
"ENSG00000122224.18",255.38976461407,-0.33139729766154,0.125272015847813,-2.64542160847909,0.00815891892179623,0.0467449471112308,"LY9"
"ENSG00000122254.7",372.128785245603,-0.38992461217517,0.174387649446283,-2.23596460766151,0.025354089600634,0.0994244646730161,"HS3ST2"
"ENSG00000122257.20",2641.37568886289,-0.0440181031319911,0.0501077184094883,-0.878469515859176,0.37968897383727,0.571300716941398,"RBBP6"
"ENSG00000122299.12",2485.20500982778,-0.13580905959889,0.052105097501938,-2.60644478390697,0.00914875732929281,0.0506130903562887,"ZC3H7A"
"ENSG00000122335.17",491.167473170985,-0.0502341364283485,0.065638759552582,-0.765312092592287,0.444085724957488,0.62895929046708,"SERAC1"
"ENSG00000122359.18",13084.0778347981,0.109285317378923,0.0635638599387147,1.71929957501465,0.0855598373175211,0.221349262865198,"ANXA11"
"ENSG00000122367.20",88.3282078864799,0.0563042350964349,0.157611928131303,0.357233337374878,0.720917130603846,0.840006090686797,"LDB3"
"ENSG00000122375.12",2.06495224158614,-0.389553442964845,0.28223680402276,-1.38023616131024,0.167513943419915,0.340027080846558,"OPN4"
"ENSG00000122376.12",1151.69719381178,0.0259789697436876,0.0496650272309781,0.523083771259537,0.600915958486499,0.754840590321876,"SHLD2"
"ENSG00000122378.14",3180.85752010139,0.0631656976027258,0.0667751580453712,0.945946059158812,0.344176099377161,0.537550258676812,"PRXL2A"
"ENSG00000122386.11",424.417813507946,0.233912167220773,0.0873619596522125,2.67750595513169,0.00741725339925169,0.0437919165492616,"ZNF205"
"ENSG00000122390.19",2598.49586357518,0.111989724276309,0.0602265151369589,1.85947541579713,0.0629597807642282,0.181262537269409,"NAA60"
"ENSG00000122406.14",37167.1815614416,0.0558862360445081,0.0880690763170894,0.634572751090199,0.525707104577069,0.697429122048804,"RPL5"
"ENSG00000122417.15",1809.20510129747,-0.127110134202913,0.0773070424230433,-1.64422451330288,0.100129835234628,0.24452597406781,"ODF2L"
"ENSG00000122420.10",222.229361734061,0.618498581271917,0.217469817271891,2.84406631242367,0.00445417767513412,0.0309653241466361,"PTGFR"
"ENSG00000122432.18",25.4733670971165,-0.326796310812693,0.152195250049956,-2.14721754263308,0.031775966748982,0.115123255753233,"SPATA1"
"ENSG00000122435.10",487.162460478107,-0.237271632100865,0.0697211480006202,-3.40315153873764,0.000666133234379925,0.00822915538857546,"TRMT13"
"ENSG00000122477.13",33.2615844356445,-0.287251054027169,0.112465704553705,-2.55412132229164,0.0106456156003337,0.0559293798614343,"LRRC39"
"ENSG00000122481.17",74.9183260391309,-0.174248543247294,0.0857153833181851,-2.03287363950137,0.0420652908679049,0.139080827779951,"RWDD3"
"ENSG00000122482.21",2221.51965826543,-0.133741154758158,0.0691243417922903,-1.93479100546133,0.0530159472963186,0.16184333449593,"ZNF644"
"ENSG00000122483.17",208.126905144201,-0.177141341400183,0.110578190803588,-1.60195550418098,0.109165449313193,0.258716208996594,"CCDC18"
"ENSG00000122484.9",921.515413123153,-0.0446939444991928,0.0665911004033103,-0.671169934548356,0.502112279405208,0.678289957296067,"RPAP2"
"ENSG00000122490.19",2202.69457411077,0.109533200502776,0.0770297528171485,1.42195965191247,0.155037964410867,0.324083565588686,"SLC66A2"
"ENSG00000122507.21",806.953895135812,-0.0985342411744246,0.0742171003933744,-1.32764875819941,0.184294168938692,0.36192310757871,"BBS9"
"ENSG00000122512.16",590.862978427664,0.0102631609052756,0.0671996949223266,0.1527263020634,0.878614118043995,0.935144281796505,"PMS2"
"ENSG00000122515.15",6613.69301767725,0.0884834337408267,0.0843668200174852,1.04879422648013,0.294272835295797,0.486891238718962,"ZMIZ2"
"ENSG00000122543.11",5.48478933629747,-0.215732803786173,0.153731626852685,-1.40330788272279,0.160525048601323,0.331351010173219,"OCM"
"ENSG00000122545.20",7655.04118312536,0.120708746423644,0.0514936111857783,2.34414995654805,0.0190705022118427,0.0826280882533678,"SEPTIN7"
"ENSG00000122547.11",495.267125037252,0.181943134814388,0.102097568269798,1.78205159924664,0.07474081764317,0.202518600292509,"EEPD1"
"ENSG00000122548.5",4.34531722074607,-0.238833672616889,0.240441059459192,-0.993314840460618,0.32055654757709,0.514366498401369,"KIAA0087"
"ENSG00000122550.18",1583.10594813912,0.0376240145921576,0.0708475686755199,0.53105583290338,0.595380089337497,0.750839405562521,"KLHL7"
"ENSG00000122557.11",1886.33059817364,0.122318779951938,0.0428877545054732,2.85206771402144,0.00434358467833981,0.0304316003148079,"HERPUD2"
"ENSG00000122565.19",9265.21552400837,0.135621418034615,0.0718369217929826,1.88790686807885,0.0590384543596238,0.173636683833477,"CBX3"
"ENSG00000122566.22",29336.1351396728,0.0362425594735375,0.0511634303734698,0.708368442244455,0.478716484497754,0.658697384570504,"HNRNPA2B1"
"ENSG00000122574.11",177.033545850046,0.048854453546791,0.161106296471516,0.303243601378601,0.761704223247558,0.865745551842857,"WIPF3"
"ENSG00000122584.13",9.98184583276633,1.04891401451712,0.333087753633904,3.14906208070916,0.00163795395323838,0.015537761826242,"NXPH1"
"ENSG00000122585.8",10.3194461694712,1.0613793471491,0.483467186193952,2.19534929661867,0.0281385512371492,0.106118802258542,"NPY"
"ENSG00000122591.12",2270.56108701009,-0.0252529001773948,0.119644161257837,-0.211066715767049,0.832835212108861,0.908803104449043,"FAM126A"
"ENSG00000122592.8",17.6914575190492,0.572756666193053,0.168094918077186,3.40734076166451,0.000655991730890735,0.00813115053731561,"HOXA7"
"ENSG00000122641.11",2810.62319720967,0.0644916644217121,0.142561545494049,0.452377702543946,0.650996907313991,0.791464711096673,"INHBA"
"ENSG00000122642.11",5945.21942766585,0.158261633304049,0.0736803191536451,2.14794988840951,0.0317177365795765,0.114958331214723,"FKBP9"
"ENSG00000122643.22",1513.89319513643,0.146649428074668,0.07697568931932,1.90513952354904,0.0567619369583023,0.169243701160018,"NT5C3A"
"ENSG00000122644.13",1187.95711881439,0.233604082214635,0.0892173374697667,2.6183709225104,0.008835070991689,0.0494363056346726,"ARL4A"
"ENSG00000122674.12",375.430902806656,0.115259889291507,0.0741435365695037,1.55455073529518,0.120053104520947,0.274872980456356,"CCZ1"
"ENSG00000122678.17",1013.50369773937,0.158678484398444,0.0704288287534633,2.2530331287192,0.0242570602142327,0.0965328884847902,"POLM"
"ENSG00000122679.8",1150.39433627951,0.100775675621423,0.184131456742708,0.547302874827299,0.584170669125246,0.74232038500713,"RAMP3"
"ENSG00000122687.19",5.03191130415987,0.201511133563905,0.129735755760849,1.5532428387388,0.120365130540204,0.27535424206139,"MRM2"
"ENSG00000122691.13",152.132257891248,0.314653572121447,0.208298351954564,1.51059079041625,0.130892741839013,0.291062418938515,"TWIST1"
"ENSG00000122692.9",3036.68730409814,0.0254845068339649,0.048340770702614,0.527184537266528,0.598065445460663,0.752821445264333,"SMU1"
"ENSG00000122694.16",2252.73606371011,0.228774719618605,0.13681447730028,1.67215286081524,0.0944941831742964,0.236053312445649,"GLIPR2"
"ENSG00000122696.14",368.657740643744,-0.0872977005009539,0.0633860777615196,-1.37723777182425,0.168438747360428,0.341228829929303,"SLC25A51"
"ENSG00000122705.17",5422.7362811466,0.147839544718996,0.0662142286762777,2.23274585651048,0.0255657085907304,0.0998661429204725,"CLTA"
"ENSG00000122707.12",613.899848685616,0.0472330877432293,0.110526356364541,0.427346827461168,0.669126730144655,0.804900683842396,"RECK"
"ENSG00000122711.9",22.5165159535605,-1.07259733103104,0.314897843883566,-3.40617553236609,0.000658798072959834,0.00815063702826152,"SPINK4"
"ENSG00000122728.6",6.44284743372748,-0.565597158721306,0.266143716807576,-2.12515690960398,0.0335735222329529,0.119393641924984,"TAF1L"
"ENSG00000122729.19",3620.32864973777,0.160842995430435,0.0843907488272334,1.90593160584125,0.0566590798103285,0.169035500634559,"ACO1"
"ENSG00000122733.12",18.6716126060371,0.0644588012035765,0.130665142073614,0.493312907946495,0.621791509237758,0.770481789379659,"PHF24"
"ENSG00000122735.16",139.48483776921,-1.1204357619069,0.242721698251557,-4.61613349765575,3.90955510420861e-06,0.000202427399820245,"DNAI1"
"ENSG00000122741.16",1790.03552095694,-0.0530692710050416,0.0657070432918618,-0.807664876492997,0.419283528297671,0.607529282830424,"DCAF10"
"ENSG00000122756.15",32.2651103170897,-0.360648519254532,0.248403936571183,-1.45186313966157,0.146539663456534,0.312588141772991,"CNTFR"
"ENSG00000122778.10",897.693883983841,0.151250065783636,0.128828095953309,1.17404565102362,0.240376740830242,0.428258298949069,"KIAA1549"
"ENSG00000122779.18",2318.05440455818,-0.205346652513261,0.0750576671104198,-2.73585178461741,0.00622190431082519,0.0388912752410858,"TRIM24"
"ENSG00000122783.17",729.359255262325,0.122846615118213,0.0524590433845008,2.34176239581427,0.0191929292691634,0.082953419986792,"CYREN"
"ENSG00000122786.20",9673.72542115614,0.0932104973851704,0.101895026338791,0.914769844361735,0.360312468900222,0.553417744376042,"CALD1"
"ENSG00000122787.15",3.99752448853708,-0.300273089497996,0.201122513411494,-1.49298596365312,0.135440861135637,0.297109612557736,"AKR1D1"
"ENSG00000122824.11",18.6246530752067,-0.369950167135124,0.195640125981685,-1.8909728527253,0.058627968199905,0.172858512183892,"NUDT10"
"ENSG00000122852.15",184272.369668206,-0.147014089047949,0.275727811132291,-0.533185566026974,0.593905132140682,0.749566254512744,"SFTPA1"
"ENSG00000122859.5",4.28389012399358,-1.12506716489578,0.299948302462808,-3.75087025216716,0.000176221876456043,0.00327470223611519,"NEUROG3"
"ENSG00000122861.16",6959.79118837942,0.278323346996824,0.180877392748791,1.53874037416809,0.123867691524846,0.280627425622103,"PLAU"
"ENSG00000122862.5",8299.36448727143,0.2501306217749,0.125929621535733,1.98627311608273,0.0470030060708137,0.149661743388483,"SRGN"
"ENSG00000122863.6",1464.34809029383,0.0503042810990439,0.141067811707702,0.356596451664511,0.721393934235545,0.840238184036664,"CHST3"
"ENSG00000122870.12",982.359252696104,0.0427867307709653,0.135091749446043,0.316723493080935,0.751453420949913,0.858989006196374,"BICC1"
"ENSG00000122872.8",2.10722992893049,-1.8978131933505,0.520326928014132,-3.64734764082585,0.000264961328568846,0.0043931063306985,"ARL4AP1"
"ENSG00000122873.12",1026.76635037241,0.191210539035138,0.066482248605012,2.87611419660561,0.0040260402662843,0.0289438476755351,"CISD1"
"ENSG00000122877.16",819.357983259742,-0.185493790243583,0.139021464009728,-1.33428166337396,0.182111564719436,0.359099395323922,"EGR2"
"ENSG00000122882.11",1429.54211290792,-0.0165449755363896,0.0443916135948191,-0.372704981787833,0.709368028266866,0.831642713046297,"ECD"
"ENSG00000122884.12",5192.11305316065,0.213135217748184,0.0940177307358539,2.26696832693181,0.0233921606396986,0.0941711250516913,"P4HA1"
"ENSG00000122912.15",1448.71649633636,-0.227813182700552,0.0767874906747323,-2.96680072103875,0.00300915927120563,0.0236962755833409,"SLC25A16"
"ENSG00000122952.17",1405.36237053891,0.212214596303036,0.131187726689559,1.61764062582789,0.10574006849573,0.253412330868725,"ZWINT"
"ENSG00000122958.15",3433.10496126883,0.0901649101555042,0.0555686274541674,1.6225865976242,0.104677807434741,0.251809121598616,"VPS26A"
"ENSG00000122965.11",1274.84219366753,0.0411624816807623,0.0548130597520235,0.75096121010181,0.452676000780328,0.635931562259144,"RBM19"
"ENSG00000122966.17",5460.46519375428,-0.475600123664217,0.180115782200617,-2.64052443296991,0.00827778236823529,0.0472308840421007,"CIT"
"ENSG00000122970.16",845.829764027766,-0.226365947282131,0.0800329116365,-2.82841074569745,0.00467797434616896,0.0319591991442199,"IFT81"
"ENSG00000122971.9",1153.72312230968,0.0465483656680356,0.0969105958165396,0.480322768380826,0.630997901497202,0.776969657799332,"ACADS"
"ENSG00000122986.14",292.669701773276,-0.0751123827109364,0.0951126550469432,-0.78972017628847,0.429691205551989,0.616273205462448,"HVCN1"
"ENSG00000123009.4",18.9421058387553,0.347813050205001,0.122086566866791,2.8489051591114,0.00438699558217336,0.030644940820849,"NME2P1"
"ENSG00000123064.13",2673.46712488869,0.140668577308831,0.0787576864361789,1.7860933157657,0.0740841502574944,0.201471741255237,"DDX54"
"ENSG00000123066.9",4443.69166562823,-0.345513523675546,0.0862598732584722,-4.00549537836946,6.18876439421544e-05,0.0015503576597187,"MED13L"
"ENSG00000123080.12",641.082651200259,0.13809106925206,0.100588805550206,1.37282740854434,0.169806007883419,0.343209775404485,"CDKN2C"
"ENSG00000123091.5",4575.744925224,0.062700720716865,0.0601387009986036,1.04260184665979,0.297132733638737,0.489797499679878,"RNF11"
"ENSG00000123094.15",1516.49755428514,0.164153341965125,0.136559058270467,1.2020684972798,0.229336990570001,0.415568504978296,"RASSF8"
"ENSG00000123095.6",1073.7709321445,0.085350556707881,0.123404956024175,0.691629894436012,0.489169783130095,0.667620299653614,"BHLHE41"
"ENSG00000123096.12",747.393094435892,0.193326774299071,0.116983089902339,1.65260444445831,0.0984113929637011,0.241956535677096,"SSPN"
"ENSG00000123104.12",2245.8417925549,-0.273926858173162,0.109664482267631,-2.49786305017749,0.0124944452582449,0.0621418532988866,"ITPR2"
"ENSG00000123106.10",1172.78988953461,0.0312421597497173,0.0671536635221415,0.465233884662396,0.641763975603179,0.78454314605848,"CCDC91"
"ENSG00000123119.12",196.687329269867,-0.121406325948609,0.197935327103799,-0.613363605805155,0.539635944816224,0.707802630862721,"NECAB1"
"ENSG00000123124.14",2891.20956728388,0.0494324954303824,0.0657174004287826,0.752197973563364,0.451932012105387,0.635365687667748,"WWP1"
"ENSG00000123130.17",2025.18526261231,0.0666158414876922,0.0525934289118403,1.26661909797433,0.20529152029889,0.386603913417667,"ACOT9"
"ENSG00000123131.13",5503.20590548927,0.140532812489031,0.105055342196716,1.33770267699365,0.180993377994324,0.357812927896607,"PRDX4"
"ENSG00000123136.15",2579.20961859288,0.150283565205342,0.0845545865270617,1.77735556849117,0.0755097562462756,0.203888590000588,"DDX39A"
"ENSG00000123143.13",6280.62324991848,0.130490857853685,0.0746946205023456,1.7469913760334,0.0806388340530158,0.213139782639493,"PKN1"
"ENSG00000123144.11",3547.79339148572,0.158308205969629,0.063330881479897,2.4997000242272,0.0124298507265837,0.0619594280940488,"TRIR"
"ENSG00000123146.20",5249.69369256149,0.157066331042349,0.110315432161025,1.4237929178674,0.154506426427446,0.323483976543264,"ADGRE5"
"ENSG00000123154.12",100.665746693267,0.0156983367814237,0.0699529512715877,0.224412787395859,0.822436121514355,0.902846030451035,"WDR83"
"ENSG00000123159.16",5577.7662977182,0.212584787079228,0.083375063249766,2.54974063938506,0.0107803084630505,0.0563795159828846,"GIPC1"
"ENSG00000123178.15",738.735194550865,0.124818208313416,0.0818713097335466,1.52456591594348,0.127367404173943,0.286097697749527,"SPRYD7"
"ENSG00000123179.14",1304.98456026121,0.184381479581138,0.0848896045892945,2.17201482411417,0.0298545447890273,0.110267068966173,"EBPL"
"ENSG00000123191.16",509.132307410434,-0.0277925438593022,0.137625780218507,-0.201942861396871,0.839961393744495,0.91292878956436,"ATP7B"
"ENSG00000123200.17",2971.81452122988,-0.0258755899925595,0.0626425619145387,-0.413067237381841,0.679557352395764,0.81188465448303,"ZC3H13"
"ENSG00000123201.14",147.755132316052,-0.111276454366295,0.197373185011835,-0.563787093771742,0.572899036294711,0.733427963368446,"GUCY1B2"
"ENSG00000123213.23",1704.72692786414,0.211977728442131,0.0779349240477726,2.71993244405028,0.00652952546466401,0.0402249454629996,"NLN"
"ENSG00000123219.13",329.554538744362,0.125772692991738,0.129070432747177,0.974450075937233,0.329833116019123,0.52345952577103,"CENPK"
"ENSG00000123240.17",3752.50233828194,0.11724265271474,0.0731719925533345,1.60228864383162,0.109091795725242,0.258596878254216,"OPTN"
"ENSG00000123243.15",1104.98880944935,0.0192188457719158,0.176920000118603,0.108630147857969,0.91349584771538,0.95410394208772,"ITIH5"
"ENSG00000123268.9",1211.21660029092,0.0389859866059696,0.0680055407787308,0.5732766206921,0.56645741261365,0.728683846765822,"ATF1"
"ENSG00000123297.20",24.3393791563134,-0.132837932212137,0.1071680282733,-1.23952949729907,0.215149471898716,0.3984109181939,"TSFM"
"ENSG00000123329.20",628.142490909441,-0.174820570871327,0.105594468224762,-1.65558455675172,0.097805979738077,0.241007659197676,"ARHGAP9"
"ENSG00000123338.13",2558.10527496614,-0.071784257506487,0.118294086216841,-0.606828792564503,0.543964538100156,0.711599660784616,"NCKAP1L"
"ENSG00000123342.16",1212.94875990884,-0.240635049929126,0.156555465181163,-1.53705940351982,0.124278763140401,0.281202450811021,"MMP19"
"ENSG00000123349.15",123.136661634896,-0.273069353771662,0.104395788769709,-2.61571234807217,0.00890415354692259,0.0496555784126899,"PFDN5"
"ENSG00000123352.18",1525.78264289663,0.0369477724202867,0.0798718160496497,0.462588360296194,0.643659453409842,0.785945206519219,"SPATS2"
"ENSG00000123353.10",717.358871249196,0.221639608082893,0.0769418466023703,2.88061201894867,0.00396903883756048,0.0286391872602733,"ORMDL2"
"ENSG00000123358.20",6147.36607759636,-0.31883353332826,0.180188126659288,-1.76944807207598,0.0768191293166852,0.206170034045981,"NR4A1"
"ENSG00000123360.12",208.130848176639,0.0542065749525168,0.131023487692868,0.413716471046644,0.679081762979869,0.811655686048781,"PDE1B"
"ENSG00000123364.5",81.8793439664836,0.348395747553878,0.412885726535721,0.843806712518402,0.398777423923082,0.588932829769042,"HOXC13"
"ENSG00000123374.11",1142.02888107845,0.130141801338589,0.0710351424652459,1.83207630508042,0.0669400530210365,0.188627607721487,"CDK2"
"ENSG00000123384.14",19451.4567158386,-0.00305145595330365,0.103110427427698,-0.0295940578409819,0.97639080439555,0.988124046794127,"LRP1"
"ENSG00000123388.4",119.628136006582,0.133030425277579,0.437566994999687,0.304022988017354,0.761110377687699,0.865223580587562,"HOXC11"
"ENSG00000123395.14",879.218828529141,0.18043261146988,0.0826984978144142,2.18181244204452,0.0291233779367179,0.108517584963307,"ATG101"
"ENSG00000123405.14",212.14404827495,0.122105069468723,0.155735344632909,0.78405496039799,0.433007861792009,0.618957139781089,"NFE2"
"ENSG00000123407.4",30.5055697909824,0.363914433236159,0.577405459824699,0.630258039725921,0.528525771347678,0.699427955540116,"HOXC12"
"ENSG00000123411.15",723.61320815696,-0.302052859950802,0.0763254727286268,-3.95743189203351,7.57598787721841e-05,0.00180432060786529,"IKZF4"
"ENSG00000123415.15",1471.85545198303,0.202388531998955,0.0789731401949849,2.56275148106379,0.0103846351170408,0.0550380104525841,"SMUG1"
"ENSG00000123416.15",4767.77965118989,0.249941616122786,0.0880098389156934,2.83992811715302,0.00451237006915805,0.031225663108845,"TUBA1B"
"ENSG00000123427.17",668.03258104471,0.0206238802156727,0.087643252616887,0.235316234848396,0.813963295286391,0.898149269875506,"EEF1AKMT3"
"ENSG00000123444.14",230.455528311267,-0.0620577723849508,0.0597113626865839,-1.03929586585861,0.298667156949074,0.491620965900599,"KBTBD4"
"ENSG00000123453.18",225.777208014977,-0.0797282246339163,0.109022141743539,-0.731303048709751,0.464594068725446,0.646347011410984,"SARDH"
"ENSG00000123454.12",31.0894199985269,-0.248325993360384,0.14831755121428,-1.67428595825195,0.0940744128182807,0.235348619323641,"DBH"
"ENSG00000123472.12",2060.43901636472,0.0111774672421463,0.0499400256037882,0.223817811605175,0.822899069875288,0.902951091111539,"ATPAF1"
"ENSG00000123473.16",592.330581450732,0.149170107186836,0.121815799634026,1.22455467710257,0.220743053351433,0.405214310789071,"STIL"
"ENSG00000123485.12",730.606513642739,0.342459352721693,0.164764222824514,2.07848127980087,0.0376650533543161,0.129209955829495,"HJURP"
"ENSG00000123496.8",70.4185008109145,0.524217009030195,0.211755217723033,2.47558012816406,0.0133019909129931,0.0649549990416952,"IL13RA2"
"ENSG00000123500.10",2909.40590675409,0.123981522043293,0.199426672720134,0.621689768736617,0.53414588048601,0.703203716992397,"COL10A1"
"ENSG00000123505.19",4375.10231141625,-0.0383016693013031,0.0585768363936952,-0.653870568288759,0.513195197114321,0.687751386608988,"AMD1"
"ENSG00000123545.6",497.458853945452,0.103629072884357,0.071900131179583,1.44129184723635,0.149502249581805,0.31650632044557,"NDUFAF4"
"ENSG00000123552.18",483.290043146645,-0.211463406453088,0.0856706648207392,-2.4683292337647,0.0135745403385962,0.0658162469381532,"USP45"
"ENSG00000123560.14",9.58422670422753,0.245595276708126,0.268943073623624,0.913186844335047,0.361144281770452,0.554209567779842,"PLP1"
"ENSG00000123562.18",10326.6196867324,0.0792118338454753,0.0660698371929329,1.19891068619052,0.230562676089263,0.417027968366388,"MORF4L2"
"ENSG00000123569.8",1.17874098499193,-1.52226856960855,0.690255729291827,-2.20536897414866,0.0274282133558386,0.104397794358744,"H2BW1"
"ENSG00000123570.4",56.0492424275227,-0.100005970001581,0.12396468306622,-0.806729525926024,0.419822329335538,0.607966281451417,"RAB9B"
"ENSG00000123572.17",405.379882084358,0.333983127365522,0.236013492229458,1.41510184104566,0.157038638496735,0.32695187239521,"NRK"
"ENSG00000123575.9",2503.92841691151,-0.0685140866388989,0.0536036736571344,-1.27816028201978,0.201192917313398,0.381708829232922,"FAM199X"
"ENSG00000123584.7",0.847263226095164,-0.319929533716729,0.946488588826062,-0.33801731737045,0.735350137703477,0.8488319858041,"MAGEA9"
"ENSG00000123595.8",1146.24042776305,0.0913788372134605,0.0603474226440783,1.51421275689604,0.129971887220198,0.289776541088826,"RAB9A"
"ENSG00000123600.20",692.357346710315,0.0650190000644439,0.0707212423607172,0.919370162260601,0.357901990531055,0.55098635765978,"METTL8"
"ENSG00000123607.15",853.865158781337,-0.191058587584869,0.0618140444802635,-3.09086048633934,0.00199577382513411,0.0178760554103282,"TTC21B"
"ENSG00000123609.11",1408.03076865453,0.269213111657648,0.0771496146234909,3.4894939264632,0.000483936055133682,0.00661259993906854,"NMI"
"ENSG00000123610.5",311.747005004436,0.49455875187317,0.147389533796708,3.35545366847626,0.000792349276116954,0.00931815063573358,"TNFAIP6"
"ENSG00000123612.16",90.4446748164985,0.315033311060618,0.16868934233203,1.86753535644557,0.0618268641625171,0.1792807008002,"ACVR1C"
"ENSG00000123636.18",1957.1487438042,-0.263122737462602,0.085534045601262,-3.07623397926497,0.00209633270584898,0.0184414330911729,"BAZ2B"
"ENSG00000123643.13",816.856939954063,0.050930742061339,0.0808981025642705,0.62956658372644,0.52897819245236,0.699724354945687,"SLC36A1"
"ENSG00000123684.13",4909.61179775177,0.191099221263537,0.0872935978252985,2.1891550586102,0.0285855718521945,0.107245824168933,"LPGAT1"
"ENSG00000123685.9",240.949590276623,0.179500284840123,0.127852911020577,1.40395931079921,0.160330966354657,0.33115570834702,"BATF3"
"ENSG00000123689.6",1684.58812782938,0.939816445241981,0.183631343250505,5.11795224391464,3.08870780860739e-07,3.18507354127746e-05,"G0S2"
"ENSG00000123700.5",438.011893613057,-0.169648231425759,0.143887013067997,-1.17903782842158,0.238383113057239,0.426045305733214,"KCNJ2"
"ENSG00000123728.10",1802.01786781104,0.0409742841397117,0.0583791983867478,0.701864452955781,0.482763699068265,0.662383754374153,"RAP2C"
"ENSG00000123737.13",895.134343931165,-0.0139864914408993,0.0461667533632741,-0.302955924382276,0.761923451233781,0.865913447878924,"EXOSC9"
"ENSG00000123739.11",1121.36904956364,0.00263231524053076,0.0587291932206751,0.0448212395944181,0.964249795355794,0.98230811857054,"PLA2G12A"
"ENSG00000123810.9",246.967229993702,0.0824773676520106,0.0794084820886787,1.03864682314296,0.29896902090946,0.491923278300813,"B9D2"
"ENSG00000123815.13",1639.79307850883,0.114827364215082,0.0618561870642254,1.85636020687561,0.0634022327007052,0.182174034116215,"COQ8B"
"ENSG00000123836.15",2514.09930718054,0.29444944276237,0.109875332834885,2.67985029182894,0.00736550934150359,0.0436179122210386,"PFKFB2"
"ENSG00000123838.11",12377.436549632,-0.550560549190344,0.224125066909296,-2.45648805277617,0.0140302467259416,0.067167372681869,"C4BPA"
"ENSG00000123843.13",481.757319394937,-0.0370333265653936,0.230680473266577,-0.160539494483339,0.872456112962698,0.93172184862752,"C4BPB"
"ENSG00000123870.10",93.0217310860757,-0.201248626267903,0.099396876061859,-2.02469769917776,0.0428984150368795,0.140974921707909,"ZNF137P"
"ENSG00000123892.12",601.636822516462,0.169876330281853,0.122572002882835,1.38593093272886,0.165767994344048,0.337758204611778,"RAB38"
"ENSG00000123901.9",10.6678453248489,-0.035168710686576,0.166838439872623,-0.210795010510925,0.833047232104965,0.908945088928345,"GPR83"
"ENSG00000123908.12",3267.49861628774,-0.118708789243421,0.0917129609830909,-1.29435128874868,0.195544108062617,0.375273806186805,"AGO2"
"ENSG00000123933.17",3700.91378188903,0.0275059459237254,0.0724211236616658,0.379805566842992,0.70408974972375,0.827815801022453,"MXD4"
"ENSG00000123965.13",28.658708885427,0.0964881054584071,0.11319149944644,0.85243243468175,0.393974124507125,0.584752375160078,"PMS2P5"
"ENSG00000123975.5",1334.06411804527,0.13467222553402,0.129453546903728,1.04031313745442,0.298194442565314,0.491025096110443,"CKS2"
"ENSG00000123977.10",136.908975786558,-0.294979421737038,0.203347278478293,-1.4506189802217,0.146885987141648,0.312937554867018,"DAW1"
"ENSG00000123983.14",4995.26775362185,0.179883062421514,0.0723463322378286,2.48641578442667,0.0129037106566612,0.0635507749840564,"ACSL3"
"ENSG00000123989.14",6835.09503631606,0.304026521538186,0.108881812397038,2.79226176387982,0.00523409946505735,0.0346100263027914,"CHPF"
"ENSG00000123992.20",3087.03108977362,0.149882038064416,0.053349762811999,2.80942276336991,0.00496304262011681,0.0332530847155462,"DNPEP"
"ENSG00000123999.5",212.846934735039,1.71662383987452,0.290742796183761,5.9042695551072,3.54212606511793e-09,1.13392310659588e-06,"INHA"
"ENSG00000124003.13",3.61310387297475,0.156814041420174,0.260163456960514,0.602751990045914,0.546673689594582,0.713573557110971,"MOGAT1"
"ENSG00000124006.15",3159.86438995481,0.280150397473937,0.125041709079167,2.24045560107121,0.0250613600969758,0.0987534455803782,"OBSL1"
"ENSG00000124019.10",98.451112246352,0.0632279753545354,0.13829251311739,0.457204615992943,0.647523980835802,0.78868866225091,"FAM124B"
"ENSG00000124067.17",2449.21551357683,0.00849890143592504,0.0800858093597847,0.106122439216963,0.915485207753873,0.955147362499026,"SLC12A4"
"ENSG00000124074.12",652.075135886923,-0.0453563913933823,0.100277658203383,-0.452308043546355,0.651047082142892,0.791464711096673,"ENKD1"
"ENSG00000124089.4",0.283967719534016,-0.259639114538682,0.938795028605625,-0.276566350084234,0.782113105895545,0.879083944229737,"MC3R"
"ENSG00000124091.9",13.8178706552434,-0.624087203303916,0.159214395121764,-3.91979131551911,8.86256758887928e-05,0.00201958564501409,"GCNT7"
"ENSG00000124092.12",2.9249921427359,0.237041164740481,0.290205914106979,0.816803356574945,0.414040813727619,0.603109065953518,"CTCFL"
"ENSG00000124097.7",21.211281194916,-0.518426684404742,0.153120873466922,-3.3857348947055,0.000709879263236041,0.00864132004055485,"HMGB1P1"
"ENSG00000124098.10",3657.28210229276,-0.0451766144535514,0.0707560384010953,-0.638484226568174,0.5231585186358,0.695448854499569,"FAM210B"
"ENSG00000124102.5",234.489641921342,1.56230476134595,0.247199924063121,6.32000502130829,2.61554803647557e-10,1.33968370428279e-07,"PI3"
"ENSG00000124104.19",1225.95546532707,0.0162120558056609,0.122051722504456,0.132829389647238,0.894328310726578,0.944184951609956,"SNX21"
"ENSG00000124107.5",15671.1362754085,-0.12604849050087,0.198609813862698,-0.634653887687589,0.525654174288568,0.697417514814518,"SLPI"
"ENSG00000124116.19",468.766576326061,0.299880398842602,0.212894118386701,1.40858940169451,0.158956614505172,0.329256676831997,"WFDC3"
"ENSG00000124120.11",1233.73574898149,0.0501013470077647,0.0692291934629848,0.723702595705563,0.46924833923587,0.650321981358691,"TTPAL"
"ENSG00000124126.14",2543.26002611791,-0.0181281598111509,0.106396963583151,-0.170382304162124,0.864709487895352,0.927862232656866,"PREX1"
"ENSG00000124134.9",74.8389919244898,0.121296185723312,0.193428987164087,0.62708380735311,0.530604300819905,0.700750338649381,"KCNS1"
"ENSG00000124140.14",32.435957846623,0.19807322279269,0.136337005875274,1.45282068885901,0.146273546134281,0.312212153574087,"SLC12A5"
"ENSG00000124143.10",432.228019186436,0.010345849281951,0.215217017120058,0.0480717065053438,0.96165909506537,0.980669285358031,"ARHGAP40"
"ENSG00000124145.6",25662.5640721174,0.147644425185833,0.0981900613542028,1.50365956747122,0.132669044964353,0.293294087813236,"SDC4"
"ENSG00000124151.19",3483.36853623257,-0.00719756285731485,0.0681744656024798,-0.105575640288599,0.915919052946064,0.955316197673349,"NCOA3"
"ENSG00000124155.18",8281.30507830225,0.0859027443921262,0.0821595013664838,1.04556068334623,0.295763909585409,0.488460134025846,"PIGT"
"ENSG00000124159.15",9.56257851250312,0.242550114296308,0.181168607269207,1.33880873707823,0.180632945737132,0.357433144869321,"MATN4"
"ENSG00000124160.12",1978.93717539683,-0.0181646736818605,0.0523404300172794,-0.347048613774548,0.728554797216497,0.84417829198931,"NCOA5"
"ENSG00000124164.16",3036.28851229649,-0.0738049669650625,0.0578024052191325,-1.27684940938467,0.201655417844514,0.382395274038697,"VAPB"
"ENSG00000124171.9",1006.82927221905,-0.0953169821197551,0.106316416776961,-0.896540581495695,0.36996411642001,0.562429923651662,"PARD6B"
"ENSG00000124172.10",9863.62782613939,0.0914594637650271,0.0758541627874815,1.20572768064511,0.22792250827903,0.413785138540123,"ATP5F1E"
"ENSG00000124177.15",3060.11195813849,-0.213683619620157,0.0789903492855812,-2.70518641267943,0.0068266068691722,0.0414665613018336,"CHD6"
"ENSG00000124181.14",3291.08850059867,-0.102428316275232,0.0710243639017872,-1.44215746045779,0.149257958157488,0.316143351246944,"PLCG1"
"ENSG00000124191.18",414.431962049191,0.0476798534008334,0.143027194405436,0.333362152554544,0.738860928686568,0.850966786548653,"TOX2"
"ENSG00000124193.16",5667.18996620346,-0.134708326634341,0.0467956888493173,-2.87864822479916,0.00399383549023583,0.0287557882734476,"SRSF6"
"ENSG00000124194.17",9.27759723319378,-0.931602243433159,0.24147770044575,-3.85792245707778,0.00011435491340907,0.00242602992062781,"GDAP1L1"
"ENSG00000124198.9",3410.62074177773,-0.0279125077468263,0.0675132286174001,-0.413437607983578,0.679286025597818,0.811695845604341,"ARFGEF2"
"ENSG00000124201.15",4627.76620679743,0.0229032462887206,0.0682238290984284,0.335707429374529,0.737091502824109,0.849958000953279,"ZNFX1"
"ENSG00000124203.6",161.706313512771,-0.467923591514425,0.147773579351317,-3.16649020459864,0.00154290542378541,0.0148634115376411,"ZNF831"
"ENSG00000124205.18",14.099603754786,-0.341717505342851,0.360727972399792,-0.947299714711696,0.343486076175074,0.536831605084636,"EDN3"
"ENSG00000124207.17",4440.74256569059,0.0953775524334084,0.0769326523514245,1.23975385636945,0.215066450311064,0.398331735283752,"CSE1L"
"ENSG00000124209.4",3092.10857889931,-0.0254642005576425,0.0592693346352781,-0.429635336963707,0.667460927795346,0.803797173880144,"RAB22A"
"ENSG00000124212.6",1527.19513364038,0.0451253562462345,0.154523014238338,0.292030002577045,0.770263684579719,0.871531954752279,"PTGIS"
"ENSG00000124214.20",7451.40891999958,0.0752348611430042,0.0516007554998708,1.45801859709578,0.144835417052388,0.310278747441901,"STAU1"
"ENSG00000124215.17",463.504037309701,-0.94903936066761,0.184440690273894,-5.14549885525958,2.66810828893438e-07,2.90291925697687e-05,"CDH26"
"ENSG00000124216.4",302.373868711295,0.388130887532238,0.130916009220316,2.96473204342076,0.00302946676094457,0.0237789955570456,"SNAI1"
"ENSG00000124217.5",543.122268640064,0.133417950118265,0.0598102342953841,2.23068763548652,0.0257018272283435,0.100151092452392,"MOCS3"
"ENSG00000124222.22",3095.48763443489,-0.190307591506465,0.0691367072357598,-2.75262735405529,0.00591191471825808,0.0376195291886403,"STX16"
"ENSG00000124224.17",414.571975033392,-0.259606569613823,0.113275583673621,-2.29181400964416,0.0219163779116232,0.0903077379772697,"PPP4R1L"
"ENSG00000124225.16",6160.1677649774,0.30788534594154,0.119913273522935,2.56756684974205,0.0102415039936929,0.0545290888312837,"PMEPA1"
"ENSG00000124226.11",3853.75378520268,0.00755195859116857,0.04968190157736,0.152006230667507,0.87918202139908,0.93539610398399,"RNF114"
"ENSG00000124228.14",2391.73361573399,0.021459998321305,0.0637345724608257,0.336708908410664,0.736336347189701,0.84941083146761,"DDX27"
"ENSG00000124232.11",3.05548320681642,0.0870586422176937,0.232582790346193,0.3743124849784,0.70817184445846,0.830796194987684,"RBPJL"
"ENSG00000124237.6",445.677837331671,-0.994625246023784,0.318251516883401,-3.12528045667788,0.00177635611599611,0.0164919755074898,"C20orf85"
"ENSG00000124243.17",737.388414734464,-0.0220293244552195,0.105699541772374,-0.208414569125191,0.834905281572931,0.910167044512364,"BCAS4"
"ENSG00000124249.7",89.5097369294963,0.118584211187622,0.166619262742525,0.711707693550828,0.476645802521509,0.656800989336062,"KCNK15"
"ENSG00000124251.11",33.2498834443565,-0.255465916262186,0.100193024622253,-2.54973754136419,0.0107804042515557,0.0563795159828846,"TP53TG5"
"ENSG00000124253.11",31.4927662751424,-0.0528002759904247,0.363349606520825,-0.145315352054464,0.88446189419433,0.938620102110539,"PCK1"
"ENSG00000124256.15",260.373221514446,-0.0634447655181178,0.132336901297126,-0.479418551411221,0.631640898484112,0.777391609671788,"ZBP1"
"ENSG00000124257.6",12.2700265148751,-0.105553975943599,0.0930200903157632,-1.13474385571213,0.256482656342814,0.447118917039549,"NEURL2"
"ENSG00000124260.12",43.2284790130613,0.373768525927973,0.623908654000534,0.599075719708887,0.549122392112996,0.715178455417805,"MAGEA10"
"ENSG00000124275.15",2269.82851164229,-0.217250179574112,0.0807670627531502,-2.68983632892653,0.00714870706965166,0.0427883595689283,"MTRR"
"ENSG00000124279.12",504.639192624048,-0.122745405671482,0.0725838627921446,-1.69108395378437,0.0908207694186565,0.230043812861787,"FASTKD3"
"ENSG00000124299.15",2852.78036411184,0.237658817957842,0.0769777666095998,3.08736961885569,0.00201936334707287,0.0179761133460153,"PEPD"
"ENSG00000124302.13",12.8078937223797,-0.364964282024467,0.225857839587401,-1.61590265226652,0.106115362105001,0.253909641408782,"CHST8"
"ENSG00000124313.18",1059.80994392889,0.108716126932308,0.0752388819319238,1.44494607230707,0.148473033799917,0.315108861751809,"IQSEC2"
"ENSG00000124333.16",2299.59806108227,0.0723062341388959,0.0577098927425556,1.25292615707076,0.210232581540367,0.392565780737525,"VAMP7"
"ENSG00000124334.17",17.9763344425099,-0.0816759276796384,0.14055607354797,-0.581091415105327,0.561178844279949,0.724946735317877,"IL9R"
"ENSG00000124343.14",55.3762688004795,-0.319340259201214,0.220718664565527,-1.44682036668634,0.147947241009112,0.314233333009018,"XG"
"ENSG00000124356.16",2131.05122742957,0.0961805210067255,0.0495241733877279,1.94209240513157,0.0521259147823649,0.16005054697494,"STAMBP"
"ENSG00000124357.13",2752.39761338353,0.00760805269587175,0.0508921442269565,0.149493655876302,0.881164114995829,0.936653296295496,"NAGK"
"ENSG00000124370.11",431.540656327443,0.0974664859357026,0.0726747454815256,1.3411328142935,0.179877335012446,0.356297960171904,"MCEE"
"ENSG00000124374.9",608.952421644003,-0.492369074220407,0.104669831541924,-4.70402089090205,2.55087129237861e-06,0.000149047728989581,"PAIP2B"
"ENSG00000124380.11",877.003600145616,0.10119192458673,0.0472095566966521,2.1434627153342,0.0320759618666065,0.115658371702666,"SNRNP27"
"ENSG00000124383.9",1751.94127396455,0.0556852121962815,0.0488647798337785,1.13957767508017,0.254462290623538,0.444928110475648,"MPHOSPH10"
"ENSG00000124391.5",27.1156671703086,0.328649832190364,0.252610910897597,1.3010120228876,0.193254339423874,0.372705597082722,"IL17C"
"ENSG00000124406.16",2578.44342848312,-0.458750763510536,0.131742478377387,-3.48217802762452,0.000497352919731142,0.00674200763705575,"ATP8A1"
"ENSG00000124422.12",6212.6843841573,0.00722746502732923,0.0696431586663125,0.103778535691622,0.917345100516001,0.95626894433577,"USP22"
"ENSG00000124429.18",620.270509081898,0.277770722413165,0.207517801186272,1.3385392521764,0.180720713738373,0.357500577688155,"POF1B"
"ENSG00000124440.16",738.302455517846,0.206010526188319,0.211784191815178,0.972737976440196,0.330683545632683,0.524234430967521,"HIF3A"
"ENSG00000124444.16",415.272902013625,0.156814475418745,0.0515140911581384,3.04410835740758,0.00233371067817788,0.0198457802320756,"ZNF576"
"ENSG00000124459.12",544.298772026531,0.0121453240939514,0.0582623020013406,0.208459392724852,0.834870286039446,0.910158696522849,"ZNF45"
"ENSG00000124466.9",943.044534858371,0.996676061152797,0.218292231345666,4.56578804939037,4.97621363939384e-06,0.000240105914052666,"LYPD3"
"ENSG00000124467.19",0.819649101219435,0.161100979230006,0.581185302632011,0.277193828715951,0.781631278014197,0.878942484511321,"PSG8"
"ENSG00000124469.12",18.3682576223148,-0.273107320472953,0.276529468795961,-0.987624652309541,0.323336508238623,0.516909276006795,"CEACAM8"
"ENSG00000124479.11",33.7653401794564,0.074664130900151,0.277611080830051,0.268952271922672,0.787966411217734,0.882489512183269,"NDP"
"ENSG00000124486.13",7024.8383459345,-0.0601402957857751,0.0607866435807238,-0.989366943840379,0.322483641617714,0.51615498262782,"USP9X"
"ENSG00000124490.14",27.9837395558108,-0.397965656943334,0.300666534648993,-1.32361141358127,0.185632132600193,0.363626478385777,"CRISP2"
"ENSG00000124491.16",3060.6666489209,0.364373429009788,0.172681371598952,2.11009112121275,0.0348505079190999,0.12230188259203,"F13A1"
"ENSG00000124493.14",36.1352286370064,-0.704000254939577,0.239126792343884,-2.94404590986679,0.00323951940857634,0.0249602683799426,"GRM4"
"ENSG00000124496.12",805.200837593778,0.220681254777181,0.0997494906357987,2.21235470347336,0.0269421660761015,0.103244191433201,"TRERF1"
"ENSG00000124507.11",120.156935310156,-0.20570151062644,0.181181590870846,-1.13533339473254,0.256235655136289,0.446781903553602,"PACSIN1"
"ENSG00000124508.17",1004.91636456972,-0.105643488747122,0.0648137417788599,-1.62995509667642,0.103110987629741,0.249409627372636,"BTN2A2"
"ENSG00000124523.16",729.666061186775,-0.0289632766554084,0.0485699025692919,-0.596321489714503,0.550960477616711,0.716474313765974,"SIRT5"
"ENSG00000124532.15",1716.83054192636,0.00827166153551663,0.0690975369345846,0.119709933269365,0.904712931338946,0.949368602394151,"MRS2"
"ENSG00000124535.16",2652.77309584831,0.0626672498549813,0.0578036041888095,1.0841408720862,0.278302343197938,0.470970517708287,"WRNIP1"
"ENSG00000124541.7",1883.93674482523,0.167638123113149,0.0601156035899641,2.78859585701863,0.00529370789442049,0.0348570115836424,"RRP36"
"ENSG00000124549.14",149.922779073213,-0.144892862753681,0.0743092664777453,-1.94986264326905,0.0511924927039491,0.158117790109711,"BTN2A3P"
"ENSG00000124557.12",7.85860223516971,-0.331588260795767,0.173685116163624,-1.90913457710094,0.0562447332589101,0.168183573234138,"BTN1A1"
"ENSG00000124562.10",3288.16512312951,0.0651629621972062,0.0809387063905643,0.805090235600835,0.420767610052883,0.608567532972355,"SNRPC"
"ENSG00000124564.17",4.28857818117657,-0.62874623166069,0.248149374169439,-2.53374095246106,0.0112852123989782,0.0581972784287861,"SLC17A3"
"ENSG00000124568.12",2.21233507447174,-1.62367332445154,0.396529250478047,-4.09471261576307,4.22692363413671e-05,0.0011620724075253,"SLC17A1"
"ENSG00000124570.21",5686.36991446953,0.145907701133467,0.0723249299266765,2.01739153126576,0.0436546703459164,0.142671536254697,"SERPINB6"
"ENSG00000124571.18",2492.53825951085,0.046826269030334,0.0723907687721861,0.646854147628911,0.517726343967329,0.691319262411434,"XPO5"
"ENSG00000124574.15",1522.56815190074,-0.0976374075800735,0.0666020342596429,-1.46598236323295,0.142653091725809,0.307199260715465,"ABCC10"
"ENSG00000124575.7",34.0617837371174,-0.811688619686342,0.298465390796385,-2.71954017020379,0.00653727541226442,0.0402525449048492,"H1-3"
"ENSG00000124587.14",1755.04679618212,0.289373994715885,0.104647076058123,2.76523726812167,0.00568814056082076,0.0366154802187559,"PEX6"
"ENSG00000124588.21",1412.9604474373,0.208280048909455,0.0781495577276203,2.66514686667053,0.00769547064870989,0.044846018607999,"NQO2"
"ENSG00000124593.16",35.7175166882352,-0.18520359956397,0.129353785956793,-1.43176017767144,0.152212467581036,0.320187633990992,"AL365205.1"
"ENSG00000124596.17",1181.76871479831,-0.0181828412829418,0.0541916702227586,-0.335528342422368,0.737226568401326,0.850054863953222,"OARD1"
"ENSG00000124602.10",578.505460273583,0.104468039371248,0.152572554070116,0.684710562839752,0.493526582246997,0.671227603364078,"UNC5CL"
"ENSG00000124608.5",978.757445053683,0.00572487780724655,0.0637408362593291,0.0898149152602097,0.928434295430797,0.962340068423958,"AARS2"
"ENSG00000124610.5",4.59045914105072,-2.53437781533825,0.651901032233566,-3.88767265278731,0.000101209993710484,0.00222063810667116,"H1-1"
"ENSG00000124613.8",285.295463804436,-0.182059625545525,0.103368792111579,-1.76126296754057,0.0781939048676593,0.208581818344602,"ZNF391"
"ENSG00000124614.16",75.0843014903904,-0.164532831144099,0.122545596923958,-1.3426254004556,0.17939330131558,0.355571898594963,"RPS10"
"ENSG00000124615.20",652.090711050026,-0.160197344445562,0.113970223963496,-1.40560699869181,0.159840856671854,0.330574086294946,"MOCS1"
"ENSG00000124635.9",124.413928736071,-0.0283895617764334,0.196037326453517,-0.144817123810169,0.884855261904788,0.938768243032284,"H2BC11"
"ENSG00000124641.16",1080.4680422622,-0.0215695845409433,0.0707613082575299,-0.304821731990068,0.760501928991859,0.865076109090751,"MED20"
"ENSG00000124657.1",8.42064995732716,-0.0374288561162189,0.231837337183543,-0.161444470381347,0.871743343726435,0.931378918344896,"OR2B6"
"ENSG00000124659.7",1127.00388638449,0.0655015432910538,0.0687754039448154,0.95239779825374,0.340895275667085,0.534216352684598,"TBCC"
"ENSG00000124664.11",1658.86721630014,0.497519528434168,0.197464687658757,2.51953670467877,0.0117509388099117,0.0596924024715272,"SPDEF"
"ENSG00000124678.20",25.5824442823671,0.0107065334555601,0.246094420573639,0.0435057951765157,0.965298345018983,0.982833658543594,"TCP11"
"ENSG00000124688.14",1069.84281327879,0.111894273511777,0.0631747404194194,1.77118691377134,0.0765296246601772,0.205665768205423,"MAD2L1BP"
"ENSG00000124701.5",32.7709625757416,0.164061058204422,0.204421230530344,0.802563695457596,0.4222269591209,0.609856926247814,"APOBEC2"
"ENSG00000124702.18",3933.94390837351,0.104753941161252,0.0715875284864491,1.46329875295362,0.143385648829342,0.30826155278802,"KLHDC3"
"ENSG00000124713.6",37.0572308998405,-0.270948961452165,0.150932213508931,-1.79516986568366,0.0726266400690688,0.19891072127505,"GNMT"
"ENSG00000124721.18",23.6040151121104,-0.77817267692423,0.181788561368089,-4.28064709389813,1.86350668094675e-05,0.000633078856415919,"DNAH8"
"ENSG00000124731.13",4216.70153378666,0.402741308112504,0.167893357018453,2.39879239574821,0.0164492377512915,0.0748659565897128,"TREM1"
"ENSG00000124733.5",2135.06883664195,0.161421406234292,0.0735109389266136,2.1958827977349,0.0281003333008371,0.106034727029896,"MEA1"
"ENSG00000124743.6",65.5449778285106,0.277132607731895,0.16160004435269,1.7149290326125,0.0863582389996315,0.222718318927077,"KLHL31"
"ENSG00000124749.17",600.858634625932,-0.232672538290969,0.166230483003296,-1.39969838315609,0.161603658189682,0.332711062526069,"COL21A1"
"ENSG00000124762.14",6204.47845495069,0.263196710176491,0.102337055473905,2.57186127700931,0.0101153414321721,0.0541419219074247,"CDKN1A"
"ENSG00000124766.7",10238.3816899458,-0.0656414445414053,0.0965765318853822,-0.679683182445494,0.496705086895623,0.673679164786571,"SOX4"
"ENSG00000124767.7",7191.67867513557,0.0364320746739237,0.0731735295521797,0.497885982771189,0.618564407654602,0.76810290187452,"GLO1"
"ENSG00000124772.12",431.095141738018,-0.188875590970372,0.129215229433699,-1.46171307978279,0.143819851452407,0.308855983642198,"CPNE5"
"ENSG00000124780.14",105.380259357247,-0.467522644300663,0.183125318998973,-2.55302023148031,0.0106793292801433,0.0560445948492766,"KCNK17"
"ENSG00000124782.20",3369.56510906715,0.00512528054212784,0.0618506751177418,0.0828653936658107,0.933958571224578,0.965419769750809,"RREB1"
"ENSG00000124783.14",9317.35134003706,-0.00886356498856563,0.0556649859887055,-0.159230525816786,0.873487254543384,0.932412426352652,"SSR1"
"ENSG00000124784.9",1092.9433495414,-0.0402848093159725,0.0595546770741522,-0.676434014843426,0.498765127141028,0.675501019103053,"RIOK1"
"ENSG00000124785.9",458.866698758818,-0.143618002907386,0.160944166254878,-0.892346745143571,0.372207106156154,0.564293769820439,"NRN1"
"ENSG00000124786.12",1227.87840713887,0.0779529907223271,0.0499218576169659,1.56150020138343,0.118405776367353,0.272601031228704,"SLC35B3"
"ENSG00000124787.14",226.887193187296,0.19637111683178,0.0973877658101496,2.01638383628793,0.0437598543897431,0.14291994954573,"RPP40"
"ENSG00000124788.19",2732.05668326633,-0.152873892557372,0.0791966992954225,-1.93030636273257,0.0535688891467403,0.162933402737295,"ATXN1"
"ENSG00000124789.12",2971.1410886326,0.0476518061352007,0.0632203030673598,0.753742133827305,0.45100407665134,0.63468081511341,"NUP153"
"ENSG00000124795.17",6530.12286474993,0.00100321396097308,0.0636686761866118,0.01575679001135,0.987428420728757,0.993666255934062,"DEK"
"ENSG00000124802.12",262.538929903858,0.0170220132311083,0.0810625480326196,0.209986160615857,0.833678474465316,0.909281718644809,"EEF1E1"
"ENSG00000124813.23",893.462646645468,-0.189438416626469,0.114302293135867,-1.6573457227257,0.097449598216422,0.240578387817733,"RUNX2"
"ENSG00000124831.19",7493.63269228423,0.108603474395814,0.0682177294166087,1.59201244785747,0.11138190764196,0.262023630457138,"LRRFIP1"
"ENSG00000124835.2",2.37456140777799,-0.334343964464026,0.443646484055635,-0.753626990137712,0.451073232958292,0.634729959273824,"AC105760.1"
"ENSG00000124839.13",1459.90432116663,-0.0437104103949954,0.101979900563941,-0.42861789581359,0.668201319860478,0.804339668165265,"RAB17"
"ENSG00000124875.10",288.306137261102,-0.746358449373001,0.250164019679489,-2.98347640211905,0.0028499401140619,0.0228125291275491,"CXCL6"
"ENSG00000124882.4",1682.41241662656,0.135704847181255,0.296217759589631,0.458125290560753,0.64686243012433,0.788200083670509,"EREG"
"ENSG00000124915.10",2.39344043346185,0.767230489360996,0.291479831174183,2.63219066056928,0.00848362394153324,0.048043084178511,"MYRF-AS1"
"ENSG00000124920.14",1906.97215059375,0.251220842192015,0.185441246466866,1.35471933552227,0.175506995079873,0.350933069500349,"MYRF"
"ENSG00000124935.4",1.50169349946395,0.0897605803088792,0.575302135496083,0.156023374103207,0.876014596974948,0.933829951619726,"SCGB1D2"
"ENSG00000124939.6",75.4564378593429,-0.0434438640768277,0.265531381227235,-0.163611034884233,0.870037357191348,0.930490001059156,"SCGB2A1"
"ENSG00000124942.14",40152.7662286897,0.0476023617058632,0.139146300032759,0.342102964251699,0.732273406752967,0.846840868971831,"AHNAK"
"ENSG00000125037.12",2845.00194866382,0.0881484826528554,0.0658463231462367,1.33870014969687,0.180668307536546,0.357436019916127,"EMC3"
"ENSG00000125046.15",16.716381379447,0.525184728670624,0.180077167274976,2.9164426374426,0.0035404781947515,0.0264869033738627,"SSUH2"
"ENSG00000125084.12",13.1264256054055,0.23107933386847,0.182166472989185,1.26850638362081,0.204617172502389,0.385806216754069,"WNT1"
"ENSG00000125089.17",1299.96507217964,0.0835187788356819,0.0777267197087001,1.07451824994917,0.282590469731355,0.475071188648834,"SH3TC1"
"ENSG00000125107.18",6477.26666926542,-0.0545169171306696,0.0696585903888847,-0.782630208655052,0.433844296676303,0.619707332240573,"CNOT1"
"ENSG00000125122.15",148.419399913292,0.0577848080386052,0.0925644878536088,0.62426541083436,0.532453295731774,0.702113734743265,"LRRC29"
"ENSG00000125124.13",1396.38126709462,-0.0299078236957457,0.05711854041834,-0.523609732964091,0.600550010528303,0.75460867680098,"BBS2"
"ENSG00000125144.14",246.385457059454,0.323256952286119,0.199895911544719,1.61712638236626,0.105851003089193,0.25357566897456,"MT1G"
"ENSG00000125148.7",7513.98089429741,0.666784586207337,0.158362210782788,4.2105031428357,2.5480257879515e-05,0.000790600396628791,"MT2A"
"ENSG00000125149.12",816.068206766724,-0.0269339557439643,0.0449834265788902,-0.598752869498026,0.549337695460131,0.715233689335636,"C16orf70"
"ENSG00000125166.13",3965.99869376655,0.205455514932052,0.0683279996134437,3.00690077412463,0.00263925896784953,0.0216329754697512,"GOT2"
"ENSG00000125170.11",2592.89452510749,-0.112905782014156,0.124998257302969,-0.903258848965365,0.366388531255114,0.559074871394813,"DOK4"
"ENSG00000125207.7",10.0414806050908,-0.668074264741514,0.316112987891675,-2.11340340426142,0.0345662548438571,0.121603131425161,"PIWIL1"
"ENSG00000125245.13",79.6746697029573,-0.430687978557202,0.185110496426487,-2.32665346845008,0.0199837162978321,0.0851933297961255,"GPR18"
"ENSG00000125246.15",139.248777468739,0.0159421177096715,0.0925790855363179,0.172199991146138,0.863280304841489,0.927122276106039,"CLYBL"
"ENSG00000125247.16",1242.42824057036,0.0394818670733658,0.0890808036753803,0.443214087035426,0.657610890520044,0.796110664269802,"TMTC4"
"ENSG00000125249.7",2293.63249635416,-0.00739215907956063,0.0721252259862883,-0.102490619314884,0.918367258342707,0.956880453541256,"RAP2A"
"ENSG00000125255.7",13.1564645490343,0.23175834778364,0.432137020355073,0.536307552621185,0.591746011681116,0.748091891661264,"SLC10A2"
"ENSG00000125257.16",2001.12423983501,-0.494640880637997,0.120546572802287,-4.1033176567307,4.07267458289162e-05,0.00113276152788814,"ABCC4"
"ENSG00000125266.8",1395.46630407914,0.372117955212672,0.122263278236253,3.04357907444308,0.00233781992457656,0.0198705740998027,"EFNB2"
"ENSG00000125285.6",202.132511297509,-0.256517167231305,0.264381257349764,-0.970254736673502,0.331919532968262,0.525493224171969,"SOX21"
"ENSG00000125304.10",11779.7429232552,0.00691467846442207,0.0595991099965877,0.116019827558129,0.907636827792103,0.950907952284048,"TM9SF2"
"ENSG00000125319.15",282.54945191926,0.0999724938286895,0.132558700486449,0.754175270742858,0.450743984587033,0.634436168736961,"HROB"
"ENSG00000125337.19",44.4291342505634,0.0683657666412079,0.173287485140065,0.394522239075426,0.693195511473518,0.820833623683591,"KIF25"
"ENSG00000125347.14",2933.38376417082,0.128501819403084,0.100816313999437,1.27461334684187,0.202446131032849,0.383348824961702,"IRF1"
"ENSG00000125351.12",718.557142083811,-0.130558962382073,0.0712925720154064,-1.83131227687871,0.0670539462496652,0.188759844400502,"UPF3B"
"ENSG00000125352.6",650.338045426408,0.0848792173589526,0.0663748898874441,1.27878505716375,0.200972757371776,0.381513628188991,"RNF113A"
"ENSG00000125354.24",2074.56879726272,0.0182446861703262,0.0763355673652415,0.239006360993311,0.81110065031004,0.896261152083384,"SEPTIN6"
"ENSG00000125355.16",170.694932486339,0.197828267366276,0.15563765142675,1.27108232200088,0.203699363662425,0.384809009333657,"TMEM255A"
"ENSG00000125356.7",3067.20019443762,0.0621304690898771,0.080708869687439,0.769809679289148,0.441412797206533,0.626532923661199,"NDUFA1"
"ENSG00000125363.14",1.32992640007709,-1.76674840954223,0.67560091783041,-2.61507698245271,0.00892073466744034,0.0496901487841879,"AMELX"
"ENSG00000125375.16",652.439922491202,-0.13688814559028,0.0687926397987372,-1.98986615415204,0.0466056816289177,0.148852931549459,"DMAC2L"
"ENSG00000125378.16",722.682810452469,-0.0713376906967012,0.163757976387225,-0.435628799711197,0.663106071941953,0.800373471190832,"BMP4"
"ENSG00000125384.7",307.206645756157,0.114847180248699,0.142867886046551,0.803869808861583,0.421472167897438,0.609268936902844,"PTGER2"
"ENSG00000125386.16",1465.58696655502,-0.00359033643220512,0.0508158070361395,-0.070653929192775,0.943673188329031,0.970544352755211,"FAM193A"
"ENSG00000125388.20",169.507008386161,0.143341360284805,0.0615659256301689,2.32825802288537,0.0198984068350389,0.0849984165715872,"GRK4"
"ENSG00000125398.8",1550.34550107884,0.275660100346979,0.179052424247787,1.53954966823291,0.123670162145527,0.280339804474095,"SOX9"
"ENSG00000125409.13",31.2321942142137,-0.99218950243371,0.177176578246688,-5.60000374909745,2.1434716936553e-08,4.29895199378711e-06,"TEKT3"
"ENSG00000125414.19",13.0048850712527,-0.377993450230982,0.250656301253924,-1.50801495250686,0.131550700157552,0.291922779467133,"MYH2"
"ENSG00000125430.9",302.585874375916,-0.204521957745297,0.125388816109113,-1.63110207187315,0.102868783592836,0.249022788639299,"HS3ST3B1"
"ENSG00000125434.11",358.294165786588,-0.200137366351321,0.0951646971927957,-2.10306313428245,0.0354602510150026,0.124023336174229,"SLC25A35"
"ENSG00000125445.11",2637.58155983481,0.16441641553564,0.0733688522919845,2.2409566239542,0.0250288848384672,0.0986488295166436,"MRPS7"
"ENSG00000125447.18",2278.06847752455,-0.0582665440780837,0.0573838747667706,-1.0153818353135,0.30992384842278,0.503639076131222,"GGA3"
"ENSG00000125449.7",986.372140411204,0.0477156287258515,0.0752864975163065,0.633787336374847,0.526219618740271,0.697628806746202,"ARMC7"
"ENSG00000125450.11",2032.29698100077,0.00807984588811437,0.0627597850331036,0.128742408595768,0.897561477415028,0.945613171145895,"NUP85"
"ENSG00000125454.12",384.130557473205,0.0386966862874958,0.0668833583894626,0.578569725254592,0.562879537558595,0.726241995192152,"SLC25A19"
"ENSG00000125457.15",1143.77900307069,0.130088154650184,0.0712374901055792,1.82611928715321,0.0678322955853453,0.190144027694106,"MIF4GD"
"ENSG00000125458.7",579.807838004418,0.0997409661169478,0.0879787737059713,1.13369352533017,0.256923126495249,0.447746108166161,"NT5C"
"ENSG00000125459.17",549.978631794923,-0.0132127048473203,0.0850963488855233,-0.15526758809705,0.876610366650352,0.934009310874329,"MSTO1"
"ENSG00000125462.19",205.792391811537,0.720675813335575,0.261326896761064,2.75775598404822,0.00581996249324571,0.0371693863970131,"MIR9-1HG"
"ENSG00000125482.13",691.315669423813,-0.00968556271177628,0.0475290455533927,-0.203781973717436,0.838523880147057,0.912140611048028,"TTF1"
"ENSG00000125484.12",2009.54636695844,-0.00187065975452531,0.0592873018157137,-0.0315524521648833,0.974828962166266,0.987568701875744,"GTF3C4"
"ENSG00000125485.17",730.178164378771,-0.0259036854078312,0.0502497562767154,-0.51549872730098,0.606204558716464,0.75932220272339,"DDX31"
"ENSG00000125498.20",7.69684952704491,-1.03874170066563,0.273253179527133,-3.80138925542672,0.000143887047818043,0.00283965366192866,"KIR2DL1"
"ENSG00000125503.13",2641.42086242607,-0.0712544220336069,0.0750551764849234,-0.949360528756068,0.342437278232718,0.535731478605284,"PPP1R12C"
"ENSG00000125505.17",4177.61539805978,0.162166714325656,0.0790568122133389,2.05126806641331,0.0402408485024874,0.135096970466504,"MBOAT7"
"ENSG00000125508.3",71.8173398593375,-0.0355288999955013,0.196836489234117,-0.180499561507842,0.856760398607764,0.923170559610598,"SRMS"
"ENSG00000125510.18",14.2404180091713,-0.0859336106859536,0.125988956860963,-0.682072562762677,0.495193068820905,0.67253254631045,"OPRL1"
"ENSG00000125520.14",2916.78471018736,0.126082849489325,0.0893176925186519,1.41162233297726,0.158061192968092,0.328157352050804,"SLC2A4RG"
"ENSG00000125531.7",54.0750867992674,-0.126165792263688,0.164104485251539,-0.768813796102536,0.442003857672704,0.627051066707744,"FNDC11"
"ENSG00000125534.10",10223.2937207455,0.0757737808023935,0.108901331992842,0.695802148750337,0.486552743401308,0.665412441918327,"PPDPF"
"ENSG00000125538.12",471.296096108078,0.423628609915619,0.158825836408409,2.66725250434879,0.00764741916422024,0.0446519688239889,"IL1B"
"ENSG00000125571.9",215.620057496999,-0.322613892369061,0.320016765233892,-1.00811559711027,0.313398970760517,0.507588632687775,"IL37"
"ENSG00000125611.15",766.144146144724,0.241786054524877,0.0900994494168253,2.68354641554253,0.00728458626374963,0.0432232633183063,"CHCHD5"
"ENSG00000125618.17",194.099692936141,0.276665304807895,0.155767312994258,1.77614481170445,0.0757090518257564,0.204151773109098,"PAX8"
"ENSG00000125629.15",1820.34372917965,-0.0737618011069943,0.0668848399521079,-1.1028179354217,0.27010623771962,0.461993281986754,"INSIG2"
"ENSG00000125630.16",1476.44484168532,0.0929207626915942,0.0580139563967145,1.60169670305155,0.109222694590428,0.258796610276786,"POLR1B"
"ENSG00000125631.7",5.95443189220086,-0.633491147784537,0.206302019367558,-3.0706977552938,0.00213559211616481,0.0186761934130484,"HTR5BP"
"ENSG00000125633.11",1645.79759115751,-0.122331499304312,0.0569081934306002,-2.1496289361829,0.0315845776714163,0.114630796521989,"CCDC93"
"ENSG00000125637.16",3316.63090464495,0.0118900889026661,0.0655258495068909,0.181456463245329,0.856009303114494,0.92288419468458,"PSD4"
"ENSG00000125648.15",3232.71889013022,-0.0238337829682223,0.0815173289367362,-0.292376888191702,0.76999847714273,0.871408581947388,"SLC25A23"
"ENSG00000125650.4",109.308747521317,0.112189048275118,0.0662305202999199,1.69391766465186,0.0902809297590138,0.229112203252294,"PSPN"
"ENSG00000125651.14",3190.50421987636,0.129590167839464,0.0586048092565812,2.21125483528319,0.0270181950344868,0.103404617459842,"GTF2F1"
"ENSG00000125652.8",1299.63939934491,0.232361529470995,0.102118853200261,2.27540284863286,0.0228817746533009,0.0927837906749909,"ALKBH7"
"ENSG00000125656.11",1658.70160409225,0.221500669047711,0.0759522210925646,2.91631588729661,0.00354191697031057,0.0264869033738627,"CLPP"
"ENSG00000125657.5",247.833367885531,0.532489140552998,0.136595607866924,3.89828888987242,9.68748039415946e-05,0.00215735976429934,"TNFSF9"
"ENSG00000125675.18",17.4826619438434,0.0884499344675726,0.171552075930984,0.515586500411433,0.606143240820046,0.759316097956669,"GRIA3"
"ENSG00000125676.20",3295.76791934801,-0.188192779372389,0.0603178474635163,-3.12001815857602,0.00180839891592639,0.0167195293273916,"THOC2"
"ENSG00000125686.12",2487.35131243031,-0.0558053373949743,0.0700523988370984,-0.796622789816882,0.425670137618601,0.61307474873404,"MED1"
"ENSG00000125691.14",28532.1301133584,0.104980965497227,0.0753345423863791,1.39353027405139,0.163459496823625,0.33495765542863,"RPL23"
"ENSG00000125703.15",613.640619880592,0.0600817162646889,0.0539380526085232,1.11390221483812,0.265321139149641,0.457046447234904,"ATG4C"
"ENSG00000125726.11",60.5315973389136,0.38080308555379,0.176288697606613,2.16011060677043,0.0307641081099165,0.112565056742878,"CD70"
"ENSG00000125730.17",48794.5211401192,-0.118547745777462,0.153766639335697,-0.770958813235509,0.440731344720468,0.626072819037357,"C3"
"ENSG00000125731.13",1374.31091023286,0.312831658370782,0.0979014544674069,3.19537293978537,0.00139650258095832,0.0138580507981655,"SH2D3A"
"ENSG00000125733.18",2528.59753552679,0.270320182663009,0.0760960764333425,3.55235375242769,0.000381801190459723,0.00564946979287802,"TRIP10"
"ENSG00000125734.15",2972.9492439219,0.0240100420468019,0.063202816993104,0.379888795928537,0.704027964540708,0.827815801022453,"GPR108"
"ENSG00000125735.11",196.546585545782,-0.0104620228440361,0.145216741261975,-0.0720441923783591,0.942566738768955,0.969971103523078,"TNFSF14"
"ENSG00000125740.14",8606.72016814004,-0.387932343175103,0.260629185565163,-1.48844551823269,0.136633440034969,0.298486687603952,"FOSB"
"ENSG00000125741.5",1318.08943768657,0.160074395827153,0.0615456449901256,2.60090532567877,0.00929781095169043,0.051081191421556,"OPA3"
"ENSG00000125743.10",5930.94480199911,0.245529193123704,0.0967254691125272,2.53841305063162,0.0111356469854959,0.0577114218918467,"SNRPD2"
"ENSG00000125744.12",369.808799702652,0.392258214463998,0.104811258362233,3.74251984560985,0.000182184139641135,0.00336594464982635,"RTN2"
"ENSG00000125746.18",1959.6945185329,0.186898879843298,0.0864092125543755,2.16295085116863,0.0305449600183044,0.112046425064941,"EML2"
"ENSG00000125753.14",6127.6607554749,0.354116258515359,0.0736645376697145,4.80714696266866,1.53099447833496e-06,0.000102352207163064,"VASP"
"ENSG00000125755.19",4381.25510814148,0.171879011735696,0.0656587521996271,2.61776238471788,0.00885084133632262,0.0494414531225149,"SYMPK"
"ENSG00000125772.14",4571.58047420348,-0.230130158219634,0.104281140179597,-2.20682433873752,0.0273263339839801,0.104238053287326,"GPCPD1"
"ENSG00000125775.15",838.774682187844,0.734831646683861,0.178307708848084,4.12114345157073,3.76996579572276e-05,0.00106785891157941,"SDCBP2"
"ENSG00000125779.22",1054.29791713679,-0.0845286951809892,0.0467297537508437,-1.80888381376209,0.0704690555559056,0.194860985599897,"PANK2"
"ENSG00000125787.11",10.6634181797713,-0.776085214834586,0.251288246027697,-3.08842624795529,0.00201219631776716,0.0179326331867333,"GNRH2"
"ENSG00000125788.6",1.88573979927612,-0.658775088226539,0.568734728543705,-1.15831697127656,0.246734708096499,0.435960027445162,"DEFB126"
"ENSG00000125798.15",1320.79346791716,-0.231902430831558,0.186324839823481,-1.24461360627631,0.213273816488533,0.396124137927628,"FOXA2"
"ENSG00000125804.14",8.83821146589649,-0.523954401932827,0.196472452257258,-2.66680848084885,0.00765752952140408,0.0446953243962318,"FAM182A"
"ENSG00000125810.10",5765.66229784382,-0.0694396849542371,0.138424761509854,-0.501642077593854,0.615919315329875,0.766228300025316,"CD93"
"ENSG00000125812.16",965.127712361335,-0.082924865901958,0.051868954524531,-1.59873794762413,0.10987884199623,0.259649108281672,"GZF1"
"ENSG00000125813.13",4.56795654668374,0.657038380459299,0.361030366071746,1.81989783188689,0.068774565167593,0.19196106624117,"PAX1"
"ENSG00000125814.17",622.979199386583,-0.328137568771546,0.074154765723517,-4.4250368208969,9.6425834938433e-06,0.000389156307185001,"NAPB"
"ENSG00000125816.5",3.16768247174142,-0.586707402309885,0.557251790073454,-1.05285871263428,0.292405751189938,0.484934728486507,"NKX2-4"
"ENSG00000125817.8",4505.2735691556,0.16409988504505,0.0729120707678689,2.25065456675202,0.0244074244543794,0.0968760589365348,"CENPB"
"ENSG00000125818.18",5495.08142698656,0.0613868659367619,0.0541721375669205,1.13318153378993,0.257138027275777,0.447979923709704,"PSMF1"
"ENSG00000125820.6",1.27498481035115,-1.03377445354291,0.570783192378362,-1.8111508316062,0.0701175068377809,0.194227652479427,"NKX2-2"
"ENSG00000125821.13",550.220249134497,-0.00350155917551137,0.0677657592132068,-0.0516715110428358,0.958790437798807,0.979282221278423,"DTD1"
"ENSG00000125823.12",6.92454358058817,0.162343083348886,0.376651584089386,0.43101659519467,0.666456303928739,0.803052107372404,"CSTL1"
"ENSG00000125826.21",4557.23321875077,0.255736335131005,0.0745604961015225,3.42991729538375,0.000603765248376212,0.00764884186232467,"RBCK1"
"ENSG00000125827.9",3835.39643304798,-0.166784658591912,0.0842090324369356,-1.98060295630183,0.0476358171550497,0.15095557400943,"TMX4"
"ENSG00000125834.13",2315.76020232879,-0.032020134135712,0.0635675884406029,-0.503717931121948,0.614459605998599,0.765384752413625,"STK35"
"ENSG00000125835.19",4995.43805272674,0.119073403990388,0.10164348576016,1.17148091783625,0.241405523616274,0.429539527430742,"SNRPB"
"ENSG00000125841.13",1867.1580038696,0.136909464933305,0.085642245777302,1.59862067710502,0.109904912492699,0.259692281875047,"NRSN2"
"ENSG00000125843.11",586.147212560602,0.00630369194104212,0.0517114944740308,0.121901175070618,0.902977284997857,0.948375633769706,"AP5S1"
"ENSG00000125844.16",17329.7366240318,-0.0578226983904227,0.0897033183293727,-0.644599324387414,0.51918687282262,0.69256952231561,"RRBP1"
"ENSG00000125845.7",1546.25034814144,-0.0295287248166632,0.160799485986987,-0.183636935375855,0.854298285595103,0.922039511859103,"BMP2"
"ENSG00000125846.15",621.034969182145,-0.0932727960732108,0.0646597585017164,-1.44251692605278,0.149156600154483,0.315995589496863,"ZNF133"
"ENSG00000125848.10",2581.92940373933,-0.0965928938534088,0.168229919766441,-0.574171907039554,0.565851477766175,0.728242036772557,"FLRT3"
"ENSG00000125850.11",424.755747182329,0.0384303545259911,0.10230634129527,0.375640004709736,0.707184545777422,0.830252312665481,"OVOL2"
"ENSG00000125851.10",483.207488033201,-1.31512358492391,0.346651967177576,-3.79378659129382,0.000148367204242633,0.00289048495316438,"PCSK2"
"ENSG00000125861.16",0.4881942521869,0.161011788026537,0.673958232666733,0.238904697980232,0.811179482571682,0.89627633456986,"GFRA4"
"ENSG00000125863.20",852.774876025043,0.0552726165702531,0.0655443083658709,0.843286289050746,0.399068349107428,0.589135444609506,"MKKS"
"ENSG00000125864.14",145.977118544543,0.113365397959768,0.102124146862563,1.11007436970156,0.266966980689861,0.458576601388274,"BFSP1"
"ENSG00000125868.16",21622.7900770756,0.0388425730238735,0.0812473051530488,0.478078293805612,0.632594480732763,0.778018767899368,"DSTN"
"ENSG00000125869.10",228.980007300938,0.0512541207311527,0.144077884049874,0.355738988458566,0.722036043939676,0.840506040688918,"LAMP5"
"ENSG00000125870.11",2347.45329394723,0.0980399948412732,0.0657586087024573,1.49090737738813,0.135985814213622,0.297805729565116,"SNRPB2"
"ENSG00000125871.14",937.675482400203,0.0287694750950159,0.0670200642762292,0.429266599572927,0.667729220693755,0.804027095844484,"MGME1"
"ENSG00000125872.8",1251.81288010829,-0.149672237097731,0.215758509153127,-0.69370259224171,0.48786874001569,0.666520570344213,"LRRN4"
"ENSG00000125875.14",2299.75946123275,-0.0666484042220327,0.0468789795643478,-1.42171192379622,0.155109897184657,0.324152520680986,"TBC1D20"
"ENSG00000125877.13",1984.61171572776,0.108641628982988,0.0773151984980139,1.40517816798697,0.159968304451818,0.330776023856555,"ITPA"
"ENSG00000125878.6",14.847159522148,-0.178333760656331,0.174681633879634,-1.02090733121499,0.30729834542202,0.50075296432555,"TCF15"
"ENSG00000125879.5",1.28762323380936,0.616418198346644,0.396810157370766,1.55343351700215,0.120319600768974,0.275274908493778,"OTOR"
"ENSG00000125885.13",313.771312973489,-0.113042050000586,0.0895589910532463,-1.26220772109165,0.206874051129017,0.388404848044259,"MCM8"
"ENSG00000125888.15",1.16570997913065,-0.220416264749884,0.43858991021885,-0.50255662434163,0.615276031959817,0.765839923124676,"BANF2"
"ENSG00000125895.5",37.3676783393175,-0.0894331895492937,0.141028870200252,-0.634148096218201,0.525984176976674,0.697628806746202,"TMEM74B"
"ENSG00000125898.13",874.37657502972,0.0030709403522399,0.0839352636451681,0.0365870102609332,0.970814300906886,0.985377762778361,"FAM110A"
"ENSG00000125900.13",4.38931814604039,-0.122234870562014,0.185896637873731,-0.657542126421035,0.510832393109589,0.685952874211979,"SIRPD"
"ENSG00000125901.6",1842.85435055269,0.0720658535889271,0.0949412098124061,0.759057670860964,0.447818058893005,0.632228251832958,"MRPS26"
"ENSG00000125910.6",330.959505753085,0.141158237475122,0.136700197005834,1.03261180720243,0.30178560043372,0.494699556634163,"S1PR4"
"ENSG00000125912.11",3893.59461737561,0.179059495990945,0.0761471414649155,2.3514933396869,0.0186982243657101,0.0815884644570887,"NCLN"
"ENSG00000125944.21",6245.30230849341,0.0283567111932055,0.0458454019160887,0.618529012900947,0.536226679061113,0.704895643129158,"HNRNPR"
"ENSG00000125945.15",866.913646795157,-0.0355781519575932,0.0642987024026833,-0.553326126782124,0.580040113739469,0.738819936748342,"ZNF436"
"ENSG00000125952.20",2458.44304445992,0.101664703022944,0.0446603688096148,2.27639640542012,0.0228222946318477,0.0926952122945109,"MAX"
"ENSG00000125962.14",575.687587403464,-0.101377413806524,0.0545352726007029,-1.85893292491248,0.0630366464752611,0.181383989201054,"ARMCX5"
"ENSG00000125965.9",48.2766453104727,0.0290099024941825,0.20429263615134,0.142001704225365,0.887078659551859,0.93986919811794,"GDF5"
"ENSG00000125966.10",755.663054477165,0.110168490106311,0.149562647234228,0.736604306914801,0.461363015060335,0.643734917245871,"MMP24"
"ENSG00000125967.17",2051.96807093184,-0.0692584009503597,0.107418565080552,-0.644752617002687,0.519087512416437,0.69252576841837,"NECAB3"
"ENSG00000125968.9",2933.24711302504,0.195830549029118,0.151255258615691,1.2947024177631,0.195422905589062,0.375095741466823,"ID1"
"ENSG00000125970.12",8775.82290430521,0.0740481523087326,0.0612153555571031,1.20963362272165,0.226419510454165,0.411967688356679,"RALY"
"ENSG00000125971.17",349.461784589722,0.193361777313339,0.070101459431889,2.75831314897531,0.00581005102304315,0.0371274527274809,"DYNLRB1"
"ENSG00000125977.7",4254.79604790248,0.140012738917682,0.0539938830723595,2.59312223812548,0.00951089597380942,0.0518667091983681,"EIF2S2"
"ENSG00000125991.20",12021.7812505575,0.0388136586851153,0.0656614359405603,0.591118030380133,0.554441339745103,0.719397307928357,"ERGIC3"
"ENSG00000125995.16",2586.28780870693,0.151377033279209,0.108457232758128,1.39573018257617,0.162795761699869,0.334214669437857,"ROMO1"
"ENSG00000125997.5",7.32047855323607,-0.464851100146506,0.191521183218833,-2.4271524033734,0.0152178616631775,0.0710637402837767,"BPIFB9P"
"ENSG00000125998.8",2.40875715292885,-1.05168014580689,0.429027530374267,-2.45131156242922,0.0142336691426552,0.067852455149831,"FAM83C"
"ENSG00000125999.11",5715.28748054897,-1.37417430409562,0.264600046213321,-5.19340160276372,2.06486096915537e-07,2.4335103083541e-05,"BPIFB1"
"ENSG00000126001.16",2092.41780645598,0.0121123093439768,0.082727588490839,0.146411971688478,0.88359617711094,0.938120018003525,"CEP250"
"ENSG00000126003.7",1957.81289563262,-0.15658241283013,0.0769915629084836,-2.03376067344227,0.0419757314164242,0.138943927823326,"PLAGL2"
"ENSG00000126005.17",1850.87507463857,-0.00746350675913081,0.0897370610272016,-0.0831708401601032,0.933715698567395,0.965225750410874,"MMP24OS"
"ENSG00000126010.6",8.06691926919499,-0.57451149763849,0.188281482920779,-3.05134359856417,0.00227819703140178,0.019548457156304,"GRPR"
"ENSG00000126012.12",5663.13675157544,-0.0399294033429834,0.0629482634380343,-0.634320967127069,0.52587137576842,0.697580068687367,"KDM5C"
"ENSG00000126016.16",1209.71270901081,-0.267535858300771,0.165048082781856,-1.62095707984911,0.10502684385953,0.252211390119399,"AMOT"
"ENSG00000126062.4",1527.96442884384,0.158018261807868,0.0639168262780735,2.47224824837831,0.0134266243885236,0.0653467639229,"TMEM115"
"ENSG00000126067.12",5675.26054964066,0.185296060779546,0.0637860653744558,2.90496144717135,0.00367298338868095,0.0271192258842473,"PSMB2"
"ENSG00000126070.20",1303.84138074833,-0.260684884488494,0.0858978895790281,-3.03482292482468,0.00240676947942455,0.020363043526933,"AGO3"
"ENSG00000126088.14",2569.12308206214,0.0955926234956378,0.0736895569313793,1.29723433653774,0.194550569725138,0.374146626806812,"UROD"
"ENSG00000126091.21",150.838525362765,-0.583802924150673,0.158674785044128,-3.67924194123419,0.000233928264565505,0.0040323707229653,"ST3GAL3"
"ENSG00000126106.14",685.107274082756,0.143977902079854,0.0740433560943994,1.94450805142184,0.0518342154526246,0.159475254803808,"TMEM53"
"ENSG00000126107.15",2486.55901186036,0.0265543845143753,0.0601884955263806,0.441187045500025,0.659077590840204,0.797140325841026,"HECTD3"
"ENSG00000126214.21",986.898038281056,-0.0828050839743504,0.0821865723245459,-1.00752570197674,0.313682212914081,0.507775655883138,"KLC1"
"ENSG00000126215.14",596.525838540746,0.0257242896180458,0.0852366703151935,0.301798387043052,0.762805760528157,0.866435542467467,"XRCC3"
"ENSG00000126216.15",1263.63453453354,0.065114116415541,0.0600995509284694,1.08343765318713,0.278614210346075,0.471168939150295,"TUBGCP3"
"ENSG00000126217.21",1522.19848625962,-0.208539155308717,0.116916700309291,-1.78365584007288,0.0744796059649397,0.202041026757169,"MCF2L"
"ENSG00000126218.12",174.562922153548,0.0769911489225185,0.165032989201707,0.46651975035378,0.640843513850548,0.783813366508221,"F10"
"ENSG00000126226.22",1545.57166609936,-0.04427900682049,0.0548435073477582,-0.807370078279649,0.419453300492451,0.607669759074677,"PCID2"
"ENSG00000126231.15",8.26862037310013,0.0377530795106948,0.172426965086997,0.218951133841778,0.826688113656078,0.905091498173298,"PROZ"
"ENSG00000126233.2",1.73483785830915,-0.251124471884062,0.317061707550776,-0.792036584373235,0.428339344765185,0.615302870337437,"SLURP1"
"ENSG00000126243.9",679.07821771676,0.209106360471445,0.0857190151685376,2.43943960462341,0.0147100613266487,0.0693993162495098,"LRFN3"
"ENSG00000126246.10",52.6279548678202,-0.118222823052061,0.105755085054364,-1.11789256271969,0.263612881838837,0.455210771528029,"IGFLR1"
"ENSG00000126247.11",15486.3381301028,0.259237261415998,0.0780522951085404,3.32132784891847,0.000895902317178667,0.0101973592635314,"CAPNS1"
"ENSG00000126249.8",187.484793510588,0.168192113199342,0.0951798762646524,1.76709741386588,0.0772119155575712,0.206805695582082,"PDCD2L"
"ENSG00000126254.12",3259.43795343804,0.22511326476431,0.0821969051491522,2.73870730723774,0.00616812594001846,0.0386369552062154,"RBM42"
"ENSG00000126259.20",57.0148287984714,-0.834259225348517,0.28222898984297,-2.95596574190587,0.00311691709309142,0.0243024638829725,"KIRREL2"
"ENSG00000126261.13",5110.38356446787,0.110318818603308,0.0739750833865687,1.49129698207732,0.135883540937589,0.297705586744198,"UBA2"
"ENSG00000126262.5",105.093489498096,-0.0773512646483139,0.198605062131952,-0.389472774852648,0.696926446459214,0.823045036963308,"FFAR2"
"ENSG00000126264.10",49.9295086713926,0.187224040867814,0.125913157964441,1.48692991181023,0.13703332315779,0.299093942290602,"HCST"
"ENSG00000126267.11",6253.24154018073,0.225280967873259,0.0900050299954382,2.50298197650372,0.0123151815408491,0.0615529718171156,"COX6B1"
"ENSG00000126337.13",3.97598990677944,-0.20678178060311,0.186000618987584,-1.11172630353941,0.266255846747047,0.457945751188172,"KRT36"
"ENSG00000126351.13",1777.20833050653,-0.0481837545837298,0.0885144179932079,-0.544360519745237,0.586193408223697,0.743556203245555,"THRA"
"ENSG00000126353.3",361.284534588559,-0.207546470050355,0.136529581223952,-1.52015752329828,0.128471390161178,0.287639407709219,"CCR7"
"ENSG00000126368.6",710.286463571688,0.137100050348654,0.119783016608054,1.14457002529218,0.252387314997731,0.442660726859846,"NR1D1"
"ENSG00000126391.14",2170.66496003268,0.0959582212660906,0.0590992268010052,1.62367980869182,0.10444416249553,0.251501482855756,"FRMD8"
"ENSG00000126432.14",11736.3083686036,0.0923658671385068,0.0960046535308221,0.962097812361282,0.336000472917769,0.529286195639994,"PRDX5"
"ENSG00000126453.9",747.26527191542,0.162178093043602,0.0972098292805655,1.66833019092674,0.0952501978141169,0.237309349384524,"BCL2L12"
"ENSG00000126456.16",2595.89395231994,0.0825458417358308,0.0698625630583261,1.18154614034008,0.237385835194822,0.424999280014047,"IRF3"
"ENSG00000126457.22",4961.85663312047,0.140469983219338,0.0751772169362767,1.86851800244755,0.0616899032129995,0.179005125190119,"PRMT1"
"ENSG00000126458.4",2553.44452524537,0.427656987216748,0.113296087162548,3.77468452730569,0.000160210280817707,0.00306544878118616,"RRAS"
"ENSG00000126460.11",455.379496866339,0.0985679822076803,0.0927845441981088,1.06233191162984,0.288085032198427,0.480545867878263,"PRRG2"
"ENSG00000126461.15",3579.18127247432,0.197954753078846,0.0833867858392571,2.3739343240839,0.0175996806380688,0.0784595846415734,"SCAF1"
"ENSG00000126464.14",2149.11776417153,0.138894132522396,0.0842210150160784,1.64916241505615,0.0991143656012783,0.243037521919863,"PRR12"
"ENSG00000126467.11",18.9253740869636,0.0627713636212539,0.182677877926527,0.343617762225706,0.731133764923657,0.846106449150242,"TSKS"
"ENSG00000126500.3",26.1056772694101,0.253371825906776,0.161607670592372,1.56782054328266,0.116923019175555,0.270158795017818,"FLRT1"
"ENSG00000126522.17",1110.05064972051,0.113875189310336,0.0827133809793201,1.37674446337536,0.168591266641734,0.341438593606864,"ASL"
"ENSG00000126524.10",3325.01449836069,0.159800900599751,0.0645783155927369,2.47452878157329,0.0133412070646909,0.0650987552110149,"SBDS"
"ENSG00000126545.14",0.706521594136631,-1.23219016569819,0.555540953900329,-2.21800059392068,0.026554791921431,0.102289562355687,"CSN1S1"
"ENSG00000126561.17",1642.92261384803,-0.00823092167071576,0.0813835295575068,-0.10113743794928,0.919441359211901,0.957577900880161,"STAT5A"
"ENSG00000126562.17",59.4252984454303,-0.160001167315525,0.185354837474629,-0.863215492487081,0.388018997251738,0.579079951660851,"WNK4"
"ENSG00000126581.13",2282.12472463343,0.0300605531965464,0.0474352585064853,0.633717495024014,0.526265205341389,0.697628806746202,"BECN1"
"ENSG00000126583.11",15.2307232828013,0.672627207862676,0.226628835669695,2.96796833410472,0.00299775212005246,0.0236278791034343,"PRKCG"
"ENSG00000126602.11",1937.26351169737,0.190580035707433,0.0729121425047141,2.6138312379877,0.0089533248948756,0.0497966999206638,"TRAP1"
"ENSG00000126603.9",1432.09682199957,0.0836095228476543,0.0958313748045223,0.872465025344798,0.382954740128594,0.574337229744641,"GLIS2"
"ENSG00000126653.18",1463.22081040152,-0.0189224307260091,0.0508930611132436,-0.371807674997271,0.710036048894993,0.832191391299196,"NSRP1"
"ENSG00000126698.11",4091.16218412503,0.0832667036781816,0.055166006817956,1.50938428356716,0.131200607063981,0.291495616348423,"DNAJC8"
"ENSG00000126705.15",1933.63657830977,0.084326201191046,0.0927240959859721,0.909431365109274,0.363122471811603,0.556066255187144,"AHDC1"
"ENSG00000126709.15",10205.4147433686,0.180733961381049,0.15249163197411,1.18520576533493,0.2359361009943,0.423245072585438,"IFI6"
"ENSG00000126733.21",8.93867112693837,-0.539413285722576,0.280945717862884,-1.91999112791546,0.0548590200779236,0.165467824326492,"DACH2"
"ENSG00000126746.17",843.112863153129,0.0593711318929674,0.0687204777199808,0.863951093804824,0.387614757206199,0.578723383231843,"ZNF384"
"ENSG00000126749.16",1834.7599022667,0.116302883414919,0.0879989131775794,1.32163999776024,0.186288057725727,0.364292998875925,"EMG1"
"ENSG00000126752.8",5.9025056163255,-0.470270590510367,0.676925082337799,-0.694715859672774,0.487233386940066,0.666014992256348,"SSX1"
"ENSG00000126756.12",1405.00639593595,0.0792369662412553,0.0791150242575855,1.00154132523897,0.316565171538956,0.510630051165042,"UXT"
"ENSG00000126759.14",25.9159422993832,-0.0215271417315677,0.140154247618154,-0.153596070739274,0.877928235270807,0.934845030924038,"CFP"
"ENSG00000126767.18",1583.91415431675,0.146851515294965,0.0541305023535231,2.71291617313814,0.00666939755523869,0.0407869678189863,"ELK1"
"ENSG00000126768.12",1830.54946945477,0.191728470220077,0.0953512541859469,2.01075981492789,0.0443508326049901,0.144259289550438,"TIMM17B"
"ENSG00000126773.13",2021.04184211245,-0.0672650347400764,0.0637535366057695,-1.05507926808862,0.291389072911751,0.483802932597792,"PCNX4"
"ENSG00000126775.9",1328.59531779794,-0.0962532043659393,0.0524330220597523,-1.83573634676731,0.0663966596072882,0.187636362643702,"ATG14"
"ENSG00000126777.18",10022.9731419153,-0.0525795357673197,0.06617100814348,-0.794600796368561,0.426845754955319,0.614183409098774,"KTN1"
"ENSG00000126778.12",1261.80315294396,-0.314132282813822,0.168577682873428,-1.86342745646635,0.0624021500858262,0.180322478955895,"SIX1"
"ENSG00000126785.13",629.439238622338,-0.00960009334070894,0.117650692953696,-0.0815982728166954,0.934966174808717,0.965892849409086,"RHOJ"
"ENSG00000126787.13",774.908992454119,0.361599875439675,0.158673674166704,2.27889016460143,0.0226735952304425,0.0923164982276046,"DLGAP5"
"ENSG00000126790.12",328.048532402558,0.0690431074798815,0.0893801023906119,0.772466193629394,0.43983836211687,0.62523947819535,"L3HYPDH"
"ENSG00000126803.9",689.52567076209,0.42457558820421,0.140177867220263,3.02883469854103,0.00245498970012903,0.020651262842838,"HSPA2"
"ENSG00000126804.13",1627.39824707273,-0.0442820923760788,0.0514117748394794,-0.86132199314921,0.389060725941888,0.580149538620652,"ZBTB1"
"ENSG00000126814.7",899.889291891418,0.0349120699362174,0.0620199941859849,0.562916369058717,0.573491833232038,0.733932869644215,"TRMT5"
"ENSG00000126821.8",1624.99896133517,0.168672373236998,0.078334397292459,2.15323509297282,0.0313002069795899,0.113950551227063,"SGPP1"
"ENSG00000126822.17",1551.94904815918,0.290243401457147,0.10023491763964,2.89563166501137,0.00378396254658012,0.02766347498096,"PLEKHG3"
"ENSG00000126838.10",127.674951394921,-1.45416358271525,0.236576079643605,-6.14670589226902,7.91086158825162e-10,3.33387740326153e-07,"PZP"
"ENSG00000126856.15",2.01707954915628,-0.542511607874611,0.246099017080708,-2.20444443179834,0.0274931038315177,0.104549161149368,"PRDM7"
"ENSG00000126858.18",2032.150320083,-0.0500519030001333,0.0493181027776321,-1.0148789223667,0.310163546685046,0.503868203366119,"RHOT1"
"ENSG00000126860.12",457.559306796639,-0.0514508394437726,0.129751719847796,-0.396533005528764,0.691711864208141,0.819572336918809,"EVI2A"
"ENSG00000126861.5",224.814903084456,-0.69132287727331,0.210093862667093,-3.29054294350689,0.000999942377863862,0.0110234775126543,"OMG"
"ENSG00000126870.16",1153.68008189003,-0.0804557486482969,0.0712566524083158,-1.12909806914965,0.258856465760759,0.449914294678828,"DYNC2I1"
"ENSG00000126878.13",1277.8069452522,-0.0213918352968381,0.128448140221608,-0.166540638579363,0.867731504729222,0.9294504995232,"AIF1L"
"ENSG00000126882.13",560.396011775554,-0.0325434282260002,0.101764100726903,-0.319792814887979,0.749125394722837,0.857536673630839,"FAM78A"
"ENSG00000126883.17",2795.05555555189,-0.0258455822031412,0.0473253747930642,-0.546125251329844,0.584979843287597,0.742869714143679,"NUP214"
"ENSG00000126890.13",29.2700893441524,-1.39228442330953,0.712805700330636,-1.95324535517003,0.0507905291250221,0.157299449875289,"CTAG2"
"ENSG00000126895.15",42.4896991384616,-0.508927356978705,0.180439481344142,-2.82048780670155,0.00479506957689937,0.0324740137151568,"AVPR2"
"ENSG00000126903.16",1936.94043309082,0.19948850257908,0.0795808526161333,2.50673995089414,0.0121850321576247,0.0611326515406571,"SLC10A3"
"ENSG00000126934.14",4439.64003554125,0.185464500418463,0.066971039728495,2.76932389239212,0.00561727625081786,0.0362855991886843,"MAP2K2"
"ENSG00000126945.9",3927.91641203854,-0.0339693438615075,0.0457761432574725,-0.742075269872422,0.458041732356265,0.640840846103993,"HNRNPH2"
"ENSG00000126947.13",611.121244026831,0.0297464442022767,0.102829354634111,0.289279693606177,0.772367350495215,0.87274609472665,"ARMCX1"
"ENSG00000126950.8",104.399326591146,-0.357026083871706,0.195007664987225,-1.83083102859108,0.0671257674928782,0.188895121049818,"TMEM35A"
"ENSG00000126953.8",365.975591334771,0.0798724401768354,0.0816579215182534,0.978134621746172,0.328007746377877,0.521715915279383,"TIMM8A"
"ENSG00000126970.16",266.466856117621,0.214832906691207,0.118357004193152,1.81512626274835,0.0695045080596519,0.193204774720714,"ZC4H2"
"ENSG00000127022.15",36804.9618210673,0.0604154657935187,0.0598709563874423,1.00909471702026,0.312929211391038,0.50703736951889,"CANX"
"ENSG00000127054.21",3539.31595805642,-0.0111710660373313,0.061412840140913,-0.181901146595713,0.855660304657136,0.922791568881799,"INTS11"
"ENSG00000127074.15",76.1452999024571,-0.428299986593758,0.179373789503778,-2.38775123042565,0.0169518120789508,0.0764055221382481,"RGS13"
"ENSG00000127080.10",159.465528261368,0.147252627633346,0.0706486773328909,2.08429418911134,0.0371334155946156,0.1280134905985,"IPPK"
"ENSG00000127081.14",378.066445687622,-0.274653524822851,0.103667605874518,-2.64936691173613,0.00806427274709075,0.046392238364513,"ZNF484"
"ENSG00000127083.7",240.859134096994,-0.22912898019242,0.187611871246565,-1.22129254758773,0.221975274057733,0.406592363512549,"OMD"
"ENSG00000127084.19",776.246221973395,-0.175869310216896,0.105702327861995,-1.66381681249736,0.0961490431212769,0.238620208172693,"FGD3"
"ENSG00000127124.16",806.094986734859,0.00540755865647023,0.0996772312561042,0.0542506908380752,0.956735434668069,0.977973375081487,"HIVEP3"
"ENSG00000127125.9",2864.09387478448,0.164662808543294,0.0718567565696996,2.29154245757773,0.0219320591970677,0.0903469496223676,"PPCS"
"ENSG00000127129.10",346.288183700769,0.491959654822436,0.224443674184367,2.19190697447913,0.0283862243774293,0.106694410683732,"EDN2"
"ENSG00000127152.18",373.592860441571,-0.343182205941884,0.137202298288437,-2.5012861316683,0.0123743156670379,0.0617565719536341,"BCL11B"
"ENSG00000127184.13",8277.63970215591,0.180004110746913,0.0765691655711924,2.35086943163236,0.0187296048059236,0.0816976135456406,"COX7C"
"ENSG00000127191.18",1392.94870584103,0.0736952634198332,0.0933334895462937,0.789590786523418,0.429766790717532,0.616276987655458,"TRAF2"
"ENSG00000127220.6",496.507761047714,0.130832526193961,0.0764855235756372,1.71055279584482,0.0871636993028062,0.224122724813742,"ABHD8"
"ENSG00000127241.18",178.263383869848,-0.269456624992251,0.192489128718754,-1.3998537308876,0.161557123959407,0.332635827333366,"MASP1"
"ENSG00000127249.15",3419.86453589949,-0.582791868648614,0.209940175246124,-2.77599019799509,0.00550338676128551,0.0357371280365669,"ATP13A4"
"ENSG00000127252.7",72.9277118855373,0.0281983216073951,0.203469361336115,0.138587556486275,0.889776076899967,0.941498694642467,"PLAAT1"
"ENSG00000127311.10",141.992385819785,-0.227083807514008,0.120827008869757,-1.87941263826855,0.0601881719771333,0.176100255702144,"HELB"
"ENSG00000127314.18",2703.2723367345,0.279482818769861,0.0824073939581313,3.39147745543146,0.000695168820153024,0.00852092834962291,"RAP1B"
"ENSG00000127324.9",2701.7928421631,-0.165630846998759,0.224634796684985,-0.737333883454532,0.460919331681701,0.643299581307227,"TSPAN8"
"ENSG00000127325.19",5.9474343981795,0.842078428750028,0.290106677864808,2.90265096600928,0.00370018771821966,0.0272424479660962,"BEST3"
"ENSG00000127328.22",1429.16455645051,0.0382754323662758,0.11388343500528,0.336093061861905,0.736800690255643,0.849704829955392,"RAB3IP"
"ENSG00000127329.16",2369.10614495307,-0.195578777263585,0.158671882882084,-1.23259883043632,0.21772547350597,0.401480708359692,"PTPRB"
"ENSG00000127334.11",1915.80117402907,0.0329630633633382,0.0950305820524105,0.34686795188899,0.728690524264613,0.844233242525707,"DYRK2"
"ENSG00000127337.7",819.479136352542,0.137108847762351,0.103594248334557,1.32351795554864,0.185663189139663,0.363626478385777,"YEATS4"
"ENSG00000127362.2",3.61737375833859,-0.825918379081688,0.345380497587786,-2.39132893967692,0.0167875048124802,0.0758765134023762,"TAS2R3"
"ENSG00000127364.4",55.3571349661083,-0.699023251964235,0.174221774062944,-4.0122611293792,6.01399214389362e-05,0.00151684727611099,"TAS2R4"
"ENSG00000127366.5",26.2416039104526,-0.0623756471756838,0.136357835826517,-0.457440870908527,0.647354193281913,0.788613337316275,"TAS2R5"
"ENSG00000127377.10",48.6231995175913,-0.526312907938408,0.209126556006627,-2.5167196265678,0.0118453048421186,0.0599791319941385,"CRYGN"
"ENSG00000127399.15",517.805059812695,0.236314304975273,0.103297662542128,2.28770234640012,0.022154860973188,0.0909496653983166,"LRRC61"
"ENSG00000127415.13",717.459954586738,0.0986487597517208,0.101622968981284,0.970732903600648,0.331681302297104,0.52536588788132,"IDUA"
"ENSG00000127418.15",1850.94180104398,0.0900756667796454,0.0986851346592761,0.912758209132956,0.361369722084501,0.554388251564037,"FGFRL1"
"ENSG00000127419.17",1086.60470526839,-0.0566268345036611,0.0774187146333703,-0.73143599414983,0.464512886463232,0.646288082620267,"TMEM175"
"ENSG00000127423.11",128.585055786479,0.294317733910297,0.139313020201063,2.11263623088154,0.0346319151899341,0.121791523441267,"AUNIP"
"ENSG00000127445.14",1498.98862587767,0.0903091553408358,0.0655079850052453,1.37859766765234,0.168018836070621,0.340668661337198,"PIN1"
"ENSG00000127452.9",736.194692019022,0.0114146488536877,0.0468343702031632,0.24372376107914,0.807444769520184,0.893957637377645,"FBXL12"
"ENSG00000127463.15",3649.45825542253,0.109880655458801,0.0600860903052801,1.82872033944177,0.0674415138868028,0.189419928743039,"EMC1"
"ENSG00000127472.11",112.908446553058,0.00991809083523474,0.120684968625032,0.0821816581487478,0.934502258779198,0.965568739940159,"PLA2G5"
"ENSG00000127481.15",7200.3916961186,-0.0220606721955696,0.0647708507561591,-0.340595683675991,0.733407979297416,0.847559854724179,"UBR4"
"ENSG00000127483.19",7785.20837355907,-0.0376867286507593,0.0465085321596938,-0.810318599635793,0.417757088119794,0.606135567627138,"HP1BP3"
"ENSG00000127507.18",551.730804054998,0.254444719701626,0.130474390049257,1.95015067405618,0.0511581629291768,0.158055745954072,"ADGRE2"
"ENSG00000127511.10",2224.81010641053,-0.0321152842439287,0.0577094070808199,-0.556499986197266,0.577869103873715,0.737252582536443,"SIN3B"
"ENSG00000127526.15",2917.89214831125,0.0483448748684963,0.0477498510935002,1.01246126974995,0.311317555952272,0.505274479126359,"SLC35E1"
"ENSG00000127527.14",1523.89802966637,0.0467847218828016,0.0438377790379644,1.06722381720764,0.285870779981906,0.478386322087841,"EPS15L1"
"ENSG00000127528.6",1354.73009272382,-0.0789546007000332,0.136838880872514,-0.576989523712863,0.563946532602873,0.726914395057782,"KLF2"
"ENSG00000127530.4",8.89324327318017,0.176035899563354,0.140920923062604,1.24918213518336,0.211598464592015,0.394244092095918,"OR7C1"
"ENSG00000127533.4",339.888898526593,-0.0942863242971556,0.14921488234354,-0.631882844501252,0.527463434239604,0.698636081991637,"F2RL3"
"ENSG00000127540.12",591.072291237728,0.103130139431693,0.0820160462817513,1.25743856363678,0.208594872441107,0.390709447120333,"UQCR11"
"ENSG00000127554.13",283.603822760802,0.204913125102023,0.0810101345795806,2.52947518437617,0.0114233251760257,0.0586094567861647,"GFER"
"ENSG00000127561.15",177.971059212278,0.0349409961434925,0.178122449553113,0.196162787066734,0.844482753771559,0.9155004322625,"SYNGR3"
"ENSG00000127564.17",465.318113062528,0.366050863278835,0.150535397336757,2.4316597275786,0.0150298197584992,0.0704672284494737,"PKMYT1"
"ENSG00000127578.7",60.2193589838312,0.0561304245771456,0.149241847045315,0.376103791854723,0.706839735444773,0.829993838823505,"WFIKKN1"
"ENSG00000127580.17",601.36464225043,0.207151149460937,0.0768344433691841,2.69607145412104,0.00701626141853788,0.0422551610445132,"WDR24"
"ENSG00000127585.12",542.233677346497,0.0751702389786985,0.184965070969377,0.406402347128252,0.684446995395555,0.815316963673269,"FBXL16"
"ENSG00000127586.17",760.77475183896,-0.00311890308974029,0.119591668211265,-0.0260796018350591,0.979193846906342,0.989627246222234,"CHTF18"
"ENSG00000127588.5",4.25855284837919,0.0913641519679058,0.215869491934215,0.423237907076506,0.672121692271925,0.806696258005307,"GNG13"
"ENSG00000127589.4",53.6076723243824,0.064611285592418,0.103352904229579,0.625152104568792,0.531871233277571,0.701596298169902,"TUBBP1"
"ENSG00000127603.30",16080.7336590362,-0.186928595699015,0.0979279593592146,-1.9088378530725,0.0562830120881504,0.168267809038325,"MACF1"
"ENSG00000127616.19",7300.73300903547,-0.0307749015373694,0.0862395217810737,-0.356853805561377,0.721201253537511,0.840119342828454,"SMARCA4"
"ENSG00000127663.15",1900.14239407941,0.0692150945018453,0.0572429819426357,1.20914550837353,0.226606948204044,0.412218616902919,"KDM4B"
"ENSG00000127666.10",1211.90712423812,0.258502918612952,0.0889698020078833,2.9055130255325,0.00366651588012604,0.0271009074651787,"TICAM1"
"ENSG00000127720.8",238.943329252085,-0.169548063661035,0.0727863048833425,-2.32939512361256,0.0198381431694336,0.0848389596069302,"METTL25"
"ENSG00000127743.6",7.09985702442742,0.537002630023317,0.145814853390604,3.68277042795367,0.000230712914429348,0.00399069024268616,"IL17B"
"ENSG00000127774.7",22.7475651141009,0.304685655214616,0.104422338565212,2.91782064451985,0.00352487033958924,0.0264071800665942,"EMC6"
"ENSG00000127804.13",1514.08551512344,-0.0734155893874269,0.0503955470931679,-1.45678722867521,0.145175122346642,0.310764183648606,"METTL16"
"ENSG00000127824.14",4267.97746186475,0.406028681934936,0.11352491850684,3.57655999471582,0.000348145443673278,0.00531990222764548,"TUBA4A"
"ENSG00000127831.11",1095.2156881035,-0.23763999958649,0.338919388698632,-0.701169680787428,0.483197128725534,0.662551066669766,"VIL1"
"ENSG00000127837.10",5018.09505921157,0.144597129903244,0.0640565399767796,2.2573359403374,0.0239870912217907,0.0958281581499393,"AAMP"
"ENSG00000127838.14",5497.00843860646,0.011986372034805,0.0943947614064411,0.126981326677596,0.898955178051836,0.94617542571057,"PNKD"
"ENSG00000127863.16",1621.41394916073,-0.37678445992054,0.135969599065935,-2.77109340991605,0.00558683971461059,0.0361591474763862,"TNFRSF19"
"ENSG00000127870.17",1642.03516329314,-0.0460349575344043,0.0526596144742215,-0.874198529443086,0.382010146747599,0.573307961398657,"RNF6"
"ENSG00000127884.5",5031.26481590763,0.204871984078238,0.0745066912545978,2.74971255102669,0.00596475640726696,0.0378287442702371,"ECHS1"
"ENSG00000127903.14",53.5760066666773,-0.186502248333609,0.141536509725494,-1.31769709946448,0.187605065926416,0.365772748880778,"ZNF835"
"ENSG00000127914.18",3898.41754532479,-0.241845404715078,0.089624656399423,-2.69842490259896,0.00696684547100668,0.0420498887357189,"AKAP9"
"ENSG00000127920.6",2356.67111306219,0.154306191024391,0.16203157947594,0.952321711134737,0.340933850230587,0.534251655639977,"GNG11"
"ENSG00000127922.9",4041.52111236901,0.0957407689741166,0.0847493173221477,1.12969368956907,0.258605317182495,0.449595134462496,"SEM1"
"ENSG00000127928.13",38.4017671595052,-0.358377019298124,0.319225428318941,-1.12264558993736,0.261588044826193,0.453077243595799,"GNGT1"
"ENSG00000127946.17",4242.9890539817,-0.123703842767011,0.0934882612037481,-1.32320187769255,0.185768251751882,0.363703758046187,"HIP1"
"ENSG00000127947.16",5631.7291618068,0.094448599409826,0.0536089310191197,1.76180717679561,0.0781018817705604,0.208353040848339,"PTPN12"
"ENSG00000127948.16",7044.94311338694,-0.0103623090819033,0.0832914502148752,-0.124410237247288,0.900990468170927,0.947403059087066,"POR"
"ENSG00000127951.8",2730.66205311047,0.398530408392057,0.153057464776951,2.60379595972553,0.00921976269010739,0.050836959132452,"FGL2"
"ENSG00000127952.17",1698.94790033337,0.162104691823889,0.079911000850512,2.02856540524546,0.0425025751819201,0.140047331307568,"STYXL1"
"ENSG00000127954.13",7242.62393809963,-0.309331753261749,0.1590919984876,-1.94435770624794,0.0518523303172206,0.159475254803808,"STEAP4"
"ENSG00000127955.17",1247.04303129416,0.055596109626125,0.107874861885037,0.51537595186332,0.606290333734416,0.759385428728035,"GNAI1"
"ENSG00000127957.18",118.804111729986,-0.226252472018049,0.0848355805848066,-2.66695259770014,0.00765424668703865,0.0446839970106221,"PMS2P3"
"ENSG00000127980.16",883.838707582152,-0.0762841502378712,0.0717967402303614,-1.06250158423783,0.28800803918221,0.480474846613646,"PEX1"
"ENSG00000127989.14",490.123365190154,-0.112470769830408,0.0700663904543172,-1.60520285262501,0.108449169904759,0.257752585211247,"MTERF1"
"ENSG00000127990.19",1519.65172060688,-0.112421372129495,0.115375217876716,-0.974397918360797,0.329859002659932,0.523475655443878,"SGCE"
"ENSG00000127993.16",593.637108065111,-0.0159989329744249,0.0527191538319343,-0.303474767926447,0.761528073638581,0.865633997598049,"RBM48"
"ENSG00000127995.17",1837.41750211031,-0.202419609726233,0.0724923710143492,-2.79228844213367,0.00523366790245871,0.0346100263027914,"CASD1"
"ENSG00000128000.17",594.913281184004,-0.270963343099936,0.0968359583788173,-2.79816865177233,0.00513932700022023,0.0341319796166631,"ZNF780B"
"ENSG00000128011.5",135.391419387444,0.224651266943324,0.13801143138759,1.62777289304692,0.103573050286671,0.250073070069921,"LRFN1"
"ENSG00000128016.7",14645.6447330352,-0.211074981708836,0.15597253773568,-1.35328298669177,0.175965242283831,0.35147653055889,"ZFP36"
"ENSG00000128039.12",2487.73267299184,0.319722001668312,0.122173449095979,2.61695158836957,0.00887189231223854,0.049525806631683,"SRD5A3"
"ENSG00000128040.11",44.912149889055,0.569701790723732,0.210177800215423,2.71057071745833,0.0067167523856229,0.0409486975232637,"SPINK2"
"ENSG00000128045.7",8.45065827940426,0.0316289667587904,0.171045107236184,0.184915939835194,0.853294968417453,0.92143457505505,"RASL11B"
"ENSG00000128050.9",5722.23022576557,0.359985002395189,0.095516640002307,3.76881978246402,0.00016402125443084,0.00310977199531091,"PAICS"
"ENSG00000128052.10",3322.26461050107,0.164579459693428,0.137123262484257,1.20023004639583,0.230050009170835,0.416366129672444,"KDR"
"ENSG00000128059.8",880.653662299865,0.313987851952453,0.0955260423874077,3.28693457935868,0.00101284360528992,0.0111032605040887,"PPAT"
"ENSG00000128159.12",2125.14767414729,-0.153232477779129,0.086288374617296,-1.77581833542169,0.0757628645897153,0.204191131772476,"TUBGCP6"
"ENSG00000128165.9",663.425205467309,0.151959205026264,0.15037288370758,1.01054925116532,0.312232215592768,0.506265385171677,"ADM2"
"ENSG00000128185.10",1470.13449786403,0.158002374334142,0.0930991320030239,1.69714121855626,0.0896699650840668,0.228118143771975,"DGCR6L"
"ENSG00000128191.16",1230.20944537253,-0.0234658500998508,0.0557297377209393,-0.421065145099974,0.673707512374977,0.807892725063183,"DGCR8"
"ENSG00000128203.7",195.870324819463,0.310088349231639,0.11403841958127,2.7191568453003,0.00654485655143521,0.0402788873650282,"ASPHD2"
"ENSG00000128218.8",72.7471690048277,-0.159143828261325,0.178076667001733,-0.893681530212917,0.371492310241141,0.563672112152872,"VPREB3"
"ENSG00000128228.5",1406.40949976998,0.0896457758525556,0.104637661425289,0.856725720275796,0.391596485330136,0.582469811289649,"SDF2L1"
"ENSG00000128242.13",179.585344563512,0.379085807314352,0.171940569911824,2.20474904502619,0.0274717094543308,0.104506618689518,"GAL3ST1"
"ENSG00000128245.15",6547.20716823651,0.121516652353058,0.0577826618079129,2.10299506030055,0.0354662012935838,0.12403111761211,"YWHAH"
"ENSG00000128253.15",7.14971210070026,-0.148978493610154,0.176017581224294,-0.846384165569886,0.397338468946121,0.587767848910557,"RFPL2"
"ENSG00000128254.16",13.9555229233988,0.0898601406843457,0.10332702377934,0.869667366750506,0.384482210875265,0.57591208909218,"C22orf24"
"ENSG00000128262.8",42.7702660794071,-0.351573286151206,0.13292152395599,-2.64496881835037,0.00816984452077796,0.0467833907172791,"POM121L9P"
"ENSG00000128266.9",151.544966016588,-0.0832805651102283,0.171874897466623,-0.484541758789419,0.628001435798917,0.775311614263463,"GNAZ"
"ENSG00000128268.12",633.791391073946,0.0155191370316823,0.204603092060704,0.075849963338178,0.9395384655863,0.968366304759816,"MGAT3"
"ENSG00000128271.22",8.20707176760219,-0.0706966969776835,0.145431802503471,-0.48611579971304,0.626885065401892,0.774573556593995,"ADORA2A"
"ENSG00000128272.15",11965.672817042,0.0953198398509306,0.0744971453697465,1.27950996481592,0.200717532819639,0.38126826154871,"ATF4"
"ENSG00000128274.17",1023.94088753596,0.203145528353117,0.121159263534255,1.67668176932821,0.0936047274237874,0.234543457647612,"A4GALT"
"ENSG00000128283.7",5622.75928452604,0.182583600613002,0.121401449499633,1.50396557343868,0.132590231241311,0.293294087813236,"CDC42EP1"
"ENSG00000128284.19",1929.5973989541,-0.00868069230242921,0.117933416206465,-0.0736067230277805,0.941323321451091,0.969314966396181,"APOL3"
"ENSG00000128285.4",44.3338047308547,0.0081568109448168,0.176234935923897,0.046283734278084,0.963084103580991,0.981599848783773,"MCHR1"
"ENSG00000128294.16",1909.62666824325,0.0524122208549251,0.0664375121285192,0.788894995850189,0.430173380725928,0.616520119005955,"TPST2"
"ENSG00000128298.17",227.286966351459,0.849090410617973,0.194975290011738,4.35486163691233,1.33150993947628e-05,0.000492008439677956,"BAIAP2L2"
"ENSG00000128309.16",2847.12958750302,0.0579215076465417,0.096701546215672,0.5989718873508,0.549191631615526,0.715178455417805,"MPST"
"ENSG00000128310.3",1.92593272354746,-0.604882909653576,0.339247626278971,-1.78301294629006,0.0745841959107379,0.202209416486661,"GALR3"
"ENSG00000128311.14",2315.30564688072,0.127221545702449,0.122410023803487,1.03930660046832,0.298662166089298,0.491620965900599,"TST"
"ENSG00000128313.2",1.44117682552385,0.48179523065136,0.281547050431935,1.71124233023295,0.0870363873978714,0.223933728410922,"APOL5"
"ENSG00000128322.7",12.4937339078491,-0.91264821761512,0.248949827673693,-3.66599256622648,0.000246381082071239,0.00419793519211759,"IGLL1"
"ENSG00000128335.14",2594.41867815639,0.140474391832297,0.0871372784898278,1.6121044203681,0.106939219006878,0.25529924168914,"APOL2"
"ENSG00000128340.15",3350.68245630558,0.220334449178277,0.107022189097566,2.05877352197881,0.0395159392891623,0.133571264139841,"RAC2"
"ENSG00000128342.5",1820.60948015992,0.112750115342478,0.164348704202352,0.68604200982112,0.492686617547126,0.670441247363544,"LIF"
"ENSG00000128346.11",78.1793378629123,-0.190452347740233,0.101219694701582,-1.88157401878881,0.0598938765879706,0.175547744805291,"C22orf23"
"ENSG00000128383.13",96.6680277150156,0.157331627972057,0.175853172819301,0.894676083744728,0.370960267038308,0.563301262052742,"APOBEC3A"
"ENSG00000128394.17",465.929575227736,0.0918746277750549,0.0960671731149589,0.956358189754507,0.338891300491778,0.532303645370484,"APOBEC3F"
"ENSG00000128408.9",140.324726857334,0.0518307126097425,0.144458926621847,0.358792037444808,0.719750669809457,0.839116820743295,"RIBC2"
"ENSG00000128422.17",5008.26087576854,0.101255694768648,0.2554521534819,0.396378317381545,0.691825959185647,0.819678350860063,"KRT17"
"ENSG00000128438.10",43.5864056893976,-0.404251608245468,0.207712239401441,-1.94620985942085,0.0516295360747619,0.159039798717344,"TBC1D27P"
"ENSG00000128463.13",1629.70880733138,0.199761135096255,0.0698345542341763,2.86049130386651,0.00422985153479664,0.029897208470636,"EMC4"
"ENSG00000128482.16",39.3715592699625,-0.00467020705591413,0.127783530442112,-0.0365478011114257,0.970845564372565,0.985377762778361,"RNF112"
"ENSG00000128487.17",1364.53078930174,0.136439840330652,0.0909830251997049,1.49961863799506,0.133713216975597,0.294874089737601,"SPECC1"
"ENSG00000128510.12",27.6594162055111,0.284337933238013,0.258586220120969,1.09958656383545,0.271512298791956,0.463443166556298,"CPA4"
"ENSG00000128512.23",1643.06461171528,-0.267144914068278,0.111808211544063,-2.38931390082202,0.0168798732149721,0.0761699131127769,"DOCK4"
"ENSG00000128513.16",1129.92794564994,-0.00477106856825609,0.0722751300160447,-0.0660125905992412,0.947367801471614,0.972211521705356,"POT1"
"ENSG00000128524.5",2712.03867785171,0.127626466706363,0.0917147381818919,1.3915589711792,0.164055990413956,0.335684020257941,"ATP6V1F"
"ENSG00000128534.8",1901.16241679693,-0.0536004875029162,0.0641974806826123,-0.834931323363188,0.403756377213677,0.593424910231986,"LSM8"
"ENSG00000128536.16",794.834948394466,-1.02508573626869,0.228679734239227,-4.48262606076112,7.37300615086072e-06,0.000318378072348386,"CDHR3"
"ENSG00000128563.13",1230.66789378754,-0.0309056806194008,0.0627337090557642,-0.492648706486151,0.622260826545903,0.770919871178981,"PRKRIP1"
"ENSG00000128564.7",69.5584923440289,-0.52946091322498,0.247585827857054,-2.13849442759975,0.03247663591546,0.116588811681411,"VGF"
"ENSG00000128567.17",4135.00289443225,-0.000846199509034865,0.100846907062358,-0.00839093169720739,0.993305083710454,0.996838165846938,"PODXL"
"ENSG00000128573.26",453.807693332822,-0.449585622742884,0.160404542777392,-2.80282350461118,0.00506573831659713,0.0337442228440312,"FOXP2"
"ENSG00000128578.10",617.121520997052,0.603464771173634,0.189045589356399,3.19216530376675,0.00141210493014677,0.013962937166432,"STRIP2"
"ENSG00000128581.17",927.556097819516,0.0775366832147744,0.079304556229779,0.977707800168728,0.328218862806156,0.521842913056607,"IFT22"
"ENSG00000128585.18",2092.12343386464,-0.128554860355775,0.0834860922722597,-1.53983564036678,0.123600421988752,0.280219873971503,"MKLN1"
"ENSG00000128590.5",2837.57212030894,-0.0849666515189466,0.0840597846130153,-1.0107883562884,0.312117737184315,0.50615861574842,"DNAJB9"
"ENSG00000128591.16",1594.93191013002,1.13492320268904,0.195602376852814,5.80219535646564,6.54522399048918e-09,1.75733985738191e-06,"FLNC"
"ENSG00000128594.8",508.311183062426,-0.158895611368616,0.169106999749286,-0.939615814863909,0.347414661178412,0.541197656495081,"LRRC4"
"ENSG00000128595.17",13434.6079012892,0.149735711744326,0.0823062420878986,1.81925098201442,0.0688731480270805,0.192139577448097,"CALU"
"ENSG00000128596.17",69.2290800884796,-0.0765455404897413,0.124513547592341,-0.614756723022239,0.538715393477575,0.706982994798727,"CCDC136"
"ENSG00000128602.11",606.973384534989,0.126956345479444,0.136857491296654,0.927653607242084,0.353587280731013,0.547152281542069,"SMO"
"ENSG00000128604.20",957.846077439267,-0.0213647838117102,0.09719953497692,-0.219803354170195,0.826024307265979,0.904747973898538,"IRF5"
"ENSG00000128606.13",219.93994933072,0.0316687367166142,0.144097733862731,0.219772621454145,0.826048243252151,0.904747973898538,"LRRC17"
"ENSG00000128607.14",2959.73610888437,-0.0561292267812328,0.0559726844181527,-1.00279676354114,0.31595893072723,0.50999314658939,"KLHDC10"
"ENSG00000128609.16",2918.01222038425,0.0240398957097445,0.0547762185308347,0.438874686032076,0.660752339841758,0.798548992680109,"NDUFA5"
"ENSG00000128610.12",138.671193300379,-0.806481565066708,0.273116202407479,-2.95288803065396,0.00314816130325346,0.0244772849764636,"FEZF1"
"ENSG00000128617.2",2.14218519819176,-0.0723317538092771,0.268656051411436,-0.269235527840406,0.787748442038588,0.88230475629237,"OPN1SW"
"ENSG00000128626.12",1488.60461532858,0.293056927940008,0.104004409357007,2.81773561093989,0.00483636161740028,0.0326474021346528,"MRPS12"
"ENSG00000128641.19",7935.48528616089,0.00797320969607252,0.0747100311075822,0.106722077047339,0.915009467680398,0.954905968512428,"MYO1B"
"ENSG00000128645.15",85.8699731030391,-0.555106806557193,0.23211950066996,-2.39146993231936,0.0167810584196209,0.0758665283276285,"HOXD1"
"ENSG00000128652.11",46.2463629841289,-0.0815839112047142,0.201151743371871,-0.405583913105288,0.685048350850875,0.815712258400508,"HOXD3"
"ENSG00000128654.14",1731.22581446814,0.0511954423175944,0.0643975999171202,0.794989912411068,0.426619370105513,0.614096532012748,"MTX2"
"ENSG00000128655.18",24.483746213858,0.358615317721692,0.196417160606444,1.82578404358588,0.0678827977525568,0.190227306942796,"PDE11A"
"ENSG00000128656.15",862.033007232858,0.0695793525258528,0.103694498261057,0.671003319295522,0.50221841498118,0.678393219863205,"CHN1"
"ENSG00000128683.14",187.369509418582,-0.355911183719126,0.221100139571715,-1.60972844435353,0.107457152442876,0.256107880040136,"GAD1"
"ENSG00000128692.8",22.6422672693446,0.27889258545638,0.142835294645443,1.95254671577266,0.0508733302764497,0.157497283326561,"EIF2S2P4"
"ENSG00000128694.12",346.73079719659,-0.10391808859201,0.0595384906394194,-1.74539339973136,0.0809164137904686,0.213662704482865,"OSGEPL1"
"ENSG00000128699.14",1726.74102460945,-0.158861027073216,0.0480373461916648,-3.30703170902436,0.000942902180975746,0.0105480339167644,"ORMDL1"
"ENSG00000128708.13",1968.10451814388,0.0701423730826308,0.0570081024198533,1.23039305125518,0.218549954196005,0.402555110652702,"HAT1"
"ENSG00000128709.13",94.3187453147523,0.66575009293082,0.211414034497416,3.14903452135272,0.00163810843150541,0.015537761826242,"HOXD9"
"ENSG00000128710.6",38.0066891490604,0.205940546317796,0.281999906757408,0.730285866707602,0.465215465432326,0.646992776827022,"HOXD10"
"ENSG00000128713.14",4.833709910713,0.543707436130768,0.548116876585623,0.991955291575179,0.321219335246043,0.515067925075688,"HOXD11"
"ENSG00000128714.6",14.5573365440917,0.288296770759011,0.572794809208365,0.503315962582576,0.614742145342048,0.765536197676185,"HOXD13"
"ENSG00000128731.18",2726.54422372579,-0.0736403989857637,0.0688709022019972,-1.06925271241224,0.284955812188624,0.477540567912636,"HERC2"
"ENSG00000128739.23",127.755808404154,-0.0434219671014175,0.10727046740841,-0.404789576762982,0.685632191131136,0.816050051781632,"SNRPN"
"ENSG00000128789.21",2115.86209976059,0.110592620405424,0.0534867734290881,2.06766296254616,0.03867172698225,0.131491599261764,"PSMG2"
"ENSG00000128791.12",2686.49112000829,0.136141521011075,0.082732637993469,1.64556001492207,0.0998543770770821,0.244139808770456,"TWSG1"
"ENSG00000128805.15",246.634963958564,0.253853092243724,0.109306194618769,2.32240353009356,0.0202112174599971,0.0857843017460077,"ARHGAP22"
"ENSG00000128815.19",1243.68758054844,-0.182072932851323,0.144536076345281,-1.259705794257,0.207775514379297,0.38954106319574,"WDFY4"
"ENSG00000128829.12",2783.90746265963,0.0706644920502435,0.0504172404615053,1.40159380805852,0.161036577068668,0.331954105649629,"EIF2AK4"
"ENSG00000128833.13",2678.77352141718,-0.123041848010782,0.0925539885930486,-1.32940621880474,0.183713987250371,0.361043580055576,"MYO5C"
"ENSG00000128849.11",2241.12914409996,-0.389638240234723,0.144493409720937,-2.69658139417734,0.00700552744504121,0.0422171703779414,"CGNL1"
"ENSG00000128872.10",652.738464835789,-0.114289699133716,0.100291676237956,-1.13957312731066,0.254464186212321,0.444928110475648,"TMOD2"
"ENSG00000128881.17",513.826447191971,-0.239980804287132,0.0853293441128249,-2.81240652652648,0.00491723130003961,0.0330325628878569,"TTBK2"
"ENSG00000128886.12",6.61546984189455,0.127652854306268,0.138750419117564,0.920017792509203,0.357563461427003,0.55059249439384,"ELL3"
"ENSG00000128891.16",353.605957452021,-0.00930553124011052,0.0598002856322243,-0.155610147037426,0.876340326202835,0.933900914832143,"CCDC32"
"ENSG00000128908.17",1713.12015918338,-0.050405728503995,0.0525797559110013,-0.958652767223071,0.337733700400203,0.531136895957674,"INO80"
"ENSG00000128915.12",1614.64339527935,-0.0638083938421556,0.0582882518756325,-1.0947041949088,0.27364625022897,0.466105832849335,"ICE2"
"ENSG00000128917.8",1181.38026188602,0.032860234003902,0.104850312554271,0.313401392932362,0.753975726084781,0.860632441362553,"DLL4"
"ENSG00000128918.15",584.564709974597,-0.428485169522728,0.223133511452299,-1.92030845897537,0.0548189485271319,0.165390779638768,"ALDH1A2"
"ENSG00000128923.11",1597.52366491868,-0.0475667622459836,0.0838654939751334,-0.567179181703591,0.570592450609909,0.731797621563069,"MINDY2"
"ENSG00000128928.10",3296.4566244181,-0.0705427041560335,0.084701998058018,-0.832834003605372,0.404938354458105,0.594506003217961,"IVD"
"ENSG00000128944.13",752.028501711966,0.241323047506527,0.106070222961938,2.27512529688112,0.022898414542371,0.0927994342869157,"KNSTRN"
"ENSG00000128951.14",1809.99326208083,0.145855292316371,0.0636422086244205,2.29180123488681,0.0219171153953185,0.0903077379772697,"DUT"
"ENSG00000128965.13",244.005042184214,0.41061740151787,0.135253898314469,3.03590067742946,0.00239818349081232,0.0203063524582463,"CHAC1"
"ENSG00000128973.13",857.685758410241,0.125896764348755,0.0638598581997661,1.97145386629149,0.048671984912622,0.153030162781748,"CLN6"
"ENSG00000128989.11",7509.34495295025,0.0187445701748348,0.0566098910397826,0.331118287467857,0.740555138665212,0.85192958061598,"ARPP19"
"ENSG00000129003.19",4839.39871763857,-0.413115061027454,0.104305364979158,-3.96063099064942,7.47519733938837e-05,0.00178804786132047,"VPS13C"
"ENSG00000129007.14",5.42674512631983,-0.385211902837153,0.167626126821294,-2.29804213783348,0.0215593909614522,0.0893231469923059,"CALML4"
"ENSG00000129009.13",3528.11505883477,0.255610592314296,0.132656076529913,1.92686681982983,0.0539962294813237,0.163784299209339,"ISLR"
"ENSG00000129028.9",109.228394332413,0.103809978321538,0.0900939529155754,1.15224135429839,0.249221908481033,0.438989144401333,"THAP10"
"ENSG00000129038.16",1165.44009537774,0.206982734530954,0.114409916308053,1.80913282004022,0.0704303713570842,0.194819761452161,"LOXL1"
"ENSG00000129048.7",88.0125965188723,0.10048669883545,0.190887353755941,0.526418837383681,0.598597230271145,0.7532636953327,"ACKR4"
"ENSG00000129055.13",2136.85116102599,0.0932069693549379,0.0548788072346687,1.69841463493135,0.0894295318453962,0.227741842402038,"ANAPC13"
"ENSG00000129071.10",1892.37913381624,-0.0842497223674299,0.0512604911435544,-1.64356057634113,0.10026700297196,0.244717346964698,"MBD4"
"ENSG00000129083.13",7222.89104045737,-0.0216153892971873,0.0544060083395598,-0.397297834501678,0.691147844076357,0.819253931457049,"COPB1"
"ENSG00000129084.18",668.668164677549,-0.0062703785248427,0.0642931923425729,-0.097527876535237,0.922307197473885,0.959034715644264,"PSMA1"
"ENSG00000129103.19",7573.71059763727,0.156307957181225,0.0923159797219838,1.69318418817585,0.0904204133330158,0.229326336641738,"SUMF2"
"ENSG00000129116.19",7493.89366196422,0.0605841785085459,0.0999026958107329,0.606431868698754,0.544228011642018,0.711714146671263,"PALLD"
"ENSG00000129128.13",6988.45289594601,0.0018789733966586,0.0606714590478051,0.0309696424999124,0.975293749830175,0.987799177998628,"SPCS3"
"ENSG00000129151.9",52.9435362694933,-0.32409911585763,0.216729071561071,-1.49541136093643,0.134807117351747,0.296314413316534,"BBOX1"
"ENSG00000129158.11",483.680149019477,0.00886748786812389,0.0681054871640146,0.130202252966326,0.896406412146,0.945095579433123,"SERGEF"
"ENSG00000129159.9",13.463801091535,-1.32539424294301,0.215932686658659,-6.13799727800435,8.35682941832737e-10,3.43486323239967e-07,"KCNC1"
"ENSG00000129167.9",41.1801176117138,-0.63402666719388,0.177405618783397,-3.57388154637872,0.000351728095705727,0.00535685429566823,"TPH1"
"ENSG00000129170.10",2.24489741587811,-1.08293587737814,0.309027176159245,-3.50433865020366,0.000457742857204756,0.00637641545812466,"CSRP3"
"ENSG00000129173.13",318.71743648793,0.158984656251157,0.135506382189878,1.17326323440899,0.240690260981233,0.428577847769712,"E2F8"
"ENSG00000129187.14",3434.55752000053,0.172077461063927,0.0538860713787674,3.19335695961926,0.00140628989714693,0.0139137026881761,"DCTD"
"ENSG00000129194.8",121.815947810741,0.41913017699085,0.187868022151093,2.23098200636703,0.0256823209353091,0.100133682035279,"SOX15"
"ENSG00000129195.16",302.566341418342,0.104057302761273,0.167008491574509,0.623065939822878,0.533241190933479,0.702729508281171,"PIMREG"
"ENSG00000129197.14",1017.89749889426,-0.188015600233441,0.0699701545047669,-2.68708282215716,0.00720790779162257,0.0429827823941412,"RPAIN"
"ENSG00000129204.17",38.0059040013704,-0.499189142000443,0.138818938339259,-3.59597291243128,0.000323181429952692,0.00504675391529784,"USP6"
"ENSG00000129214.15",11.3804939246225,0.0760272760991784,0.107010275647145,0.710467061592013,0.477414549708073,0.657560921869555,"SHBG"
"ENSG00000129219.14",1375.8117628557,0.0132437272205929,0.059858802519972,0.221249451426532,0.824898206520585,0.904134819791223,"PLD2"
"ENSG00000129235.11",3303.54209455274,0.263623809167614,0.115637271963303,2.27974773783381,0.0226226542399934,0.0922438861428768,"TXNDC17"
"ENSG00000129244.9",112.646203092775,-0.31891451315439,0.143730005954518,-2.21884436055271,0.0264973148808423,0.102198228026863,"ATP1B2"
"ENSG00000129245.12",1632.74771209794,-0.00664106323411242,0.0619201683322155,-0.10725202164312,0.914589046093464,0.954836037713699,"FXR2"
"ENSG00000129250.12",6429.54732008033,0.0243249280368042,0.0887746599666437,0.274007560783044,0.784078811286929,0.880148887830869,"KIF1C"
"ENSG00000129255.16",2777.35218816926,0.145505079533522,0.0792225610104527,1.83666215378122,0.0662597856211518,0.187360883530237,"MPDU1"
"ENSG00000129292.21",2240.04020457228,-0.120726174433114,0.0769616836636462,-1.56865298010808,0.116728820302519,0.269815224528734,"PHF20L1"
"ENSG00000129295.9",300.491089447365,-0.265436912701652,0.135961617891008,-1.95229298399815,0.0509034299619434,0.157546517962534,"LRRC6"
"ENSG00000129315.11",1819.14606162845,-0.126089152153728,0.0600010083459184,-2.10145055274401,0.0356014342680685,0.124340883062734,"CCNT1"
"ENSG00000129317.15",1146.01200453771,-0.139220199373161,0.0864374982209765,-1.61064586826942,0.107256930389996,0.255758844253985,"PUS7L"
"ENSG00000129347.21",1299.90293341083,-0.050005352513696,0.0637249725969771,-0.78470575154187,0.432626109809862,0.61857079982391,"KRI1"
"ENSG00000129351.17",11179.8310387599,-0.0107360348367522,0.0515699908449679,-0.20818376464381,0.835085484812915,0.910248866152082,"ILF3"
"ENSG00000129353.15",9647.35510391296,0.0153903132132403,0.0777798684522394,0.197870136829695,0.843146669554954,0.914778142132995,"SLC44A2"
"ENSG00000129354.12",3229.75147788063,0.0679256731483562,0.0909889402529255,0.746526698294766,0.455349309872056,0.638609232637026,"AP1M2"
"ENSG00000129355.7",380.849279105576,0.0926146797187372,0.0920150443490929,1.0065167101085,0.314167077551723,0.508239286342541,"CDKN2D"
"ENSG00000129422.14",7007.50948287758,-0.475121069436544,0.105142986192693,-4.51880897281917,6.21884712877861e-06,0.00028207639980712,"MTUS1"
"ENSG00000129437.11",84.2799120138287,-0.0778134158558604,0.276558567358026,-0.281363244679833,0.77843180632719,0.876706813979606,"KLK14"
"ENSG00000129450.8",255.492136731608,0.134142039119974,0.11872080196254,1.129894988094,0.258520476088134,0.449518055591072,"SIGLEC9"
"ENSG00000129451.12",418.922972264988,-0.0450979713959705,0.24366823556824,-0.185079402289761,0.85316675708908,0.921326008555521,"KLK10"
"ENSG00000129455.15",42.6955264445854,1.67143446476633,0.462947800122266,3.61041669130926,0.00030570548273146,0.00486280584643024,"KLK8"
"ENSG00000129460.16",1346.06255579913,-0.0197385772497577,0.0648883560118298,-0.304192900898262,0.760980933000273,0.865218844422447,"NGDN"
"ENSG00000129465.16",403.930820622689,0.0424816563788958,0.0828077933370752,0.513015196600773,0.607940690566829,0.760422640081205,"RIPK3"
"ENSG00000129467.14",465.437876788064,-0.150023769399887,0.120275445716517,-1.24733496937924,0.212274700347272,0.39488526561221,"ADCY4"
"ENSG00000129472.15",1227.14732849273,-0.134686549970949,0.0523485911510482,-2.57287821905884,0.0100856689158286,0.0540450949967295,"RAB2B"
"ENSG00000129473.11",1997.5877592032,-0.0938799172807489,0.0671660301238601,-1.39772913640461,0.162194421294956,0.333391298893188,"BCL2L2"
"ENSG00000129474.16",1608.97834871533,0.053649250646407,0.0990089560507522,0.541862603004382,0.587913160853906,0.745000828989712,"AJUBA"
"ENSG00000129480.13",216.484653224359,0.0288453582771949,0.0901735120015717,0.319887266636483,0.749053790866824,0.857512621277549,"DTD2"
"ENSG00000129484.14",897.781644914282,-0.0366075074025721,0.0711840750968261,-0.514265407716232,0.607066443406503,0.759928459203069,"PARP2"
"ENSG00000129493.15",1429.01129477739,-0.0321989087239832,0.0777406334850819,-0.41418377083539,0.678739526388289,0.811392281940585,"HEATR5A"
"ENSG00000129514.8",3525.79003646902,-0.14630124066737,0.129515602953879,-1.12960320865331,0.25864345837213,0.449614487238061,"FOXA1"
"ENSG00000129515.20",3861.26193431776,-0.0325531181467043,0.0780361533953293,-0.417154315408026,0.676565538406993,0.810102372601475,"SNX6"
"ENSG00000129518.9",1904.8999615055,-0.0780965354492614,0.0807233000633382,-0.96745964780905,0.333314304183065,0.526874614431999,"EAPP"
"ENSG00000129521.15",3477.65945398669,0.49140673478317,0.190536815227218,2.57906449311205,0.0099068288938,0.0533961557975204,"EGLN3"
"ENSG00000129534.14",1335.90670859712,-0.163643133377484,0.0795955664115962,-2.05593277056752,0.0397889968525049,0.134146336426374,"MIS18BP1"
"ENSG00000129535.13",81.76137231363,-0.0500103660431496,0.0787485112597748,-0.635064272874645,0.525386497077965,0.697241306143289,"NRL"
"ENSG00000129538.14",25688.3565017223,-0.115052527789926,0.155212206091835,-0.741259535489447,0.458536091447125,0.641268675651059,"RNASE1"
"ENSG00000129559.13",1357.2593423177,0.103807439490925,0.0758899358685101,1.36786832539674,0.171353295979291,0.345539992915719,"NEDD8"
"ENSG00000129562.11",6048.14910450077,0.0891712689298375,0.0750935072895321,1.18746975801819,0.235042378516458,0.422267123104891,"DAD1"
"ENSG00000129566.13",2257.22267026462,-0.0487905722786077,0.0673854270607589,-0.724052282619136,0.469033637971695,0.650226718934031,"TEP1"
"ENSG00000129595.14",295.785398692029,-0.346593926851271,0.119929525562053,-2.88997997137859,0.00385266371730353,0.0279875045036409,"EPB41L4A"
"ENSG00000129596.5",133.619917357994,-0.274609769221747,0.182122813893184,-1.5078274014743,0.131598707141213,0.291990386994496,"CDO1"
"ENSG00000129625.13",7425.84524439868,0.0163548430851665,0.0587542426674848,0.278360205878671,0.780735863870934,0.87844302257641,"REEP5"
"ENSG00000129636.13",2854.9584382935,0.053182491909287,0.0603920736767967,0.88062039720488,0.378523314799405,0.570079468000388,"ITFG1"
"ENSG00000129646.14",128.51427304239,-0.0345855417846653,0.106533458797996,-0.324644878471888,0.745449857256328,0.854973447163498,"QRICH2"
"ENSG00000129654.8",1778.18769690603,-0.147464460060063,0.182416352965922,-0.808394958359963,0.418863253347523,0.607184843196721,"FOXJ1"
"ENSG00000129657.16",4443.13333491311,0.0228633572632255,0.0847969035687123,0.269624907290383,0.78744883652986,0.882109922315673,"SEC14L1"
"ENSG00000129667.13",2313.87223301747,0.325065022049893,0.0925348926783386,3.51289132824582,0.000443258731334466,0.00622938494821375,"RHBDF2"
"ENSG00000129673.10",14.8195872703395,0.255325163855376,0.16271159652181,1.56918848633602,0.116604026218489,0.269702504160911,"AANAT"
"ENSG00000129675.16",1356.16444904905,-0.268797760883715,0.109179476557099,-2.46198067036106,0.013817211318849,0.066572563884,"ARHGEF6"
"ENSG00000129680.16",414.350076378378,0.0175025011859107,0.101453298389884,0.172517813256784,0.863030458355438,0.927072565849182,"MAP7D3"
"ENSG00000129682.16",382.296421003445,0.224747297957984,0.165683499873898,1.35648569790619,0.174944682872314,0.350306843268712,"FGF13"
"ENSG00000129691.16",2185.57501019328,0.0276236952039605,0.0744463131228009,0.371055248342448,0.710596382026673,0.832642992532081,"ASH2L"
"ENSG00000129696.13",339.119032747434,0.0502944556592659,0.0609674297962674,0.824939739584448,0.40940580337787,0.598777983847176,"TTI2"
"ENSG00000129744.3",3.05224062362036,-0.0689182663076777,0.252347974535127,-0.273108062129836,0.784770149552295,0.880479631631885,"ART1"
"ENSG00000129749.3",36.2246192305168,-0.241632455434049,0.110700994964876,-2.18274872335804,0.0290543196768726,0.10836942247391,"CHRNA10"
"ENSG00000129757.14",818.324794284643,0.266705337119643,0.1248427140575,2.13633081540349,0.0326524588444172,0.117019200391267,"CDKN1C"
"ENSG00000129810.15",144.901341411004,0.234034099031596,0.146246520049186,1.60027123348224,0.109538425565767,0.259102152920859,"SGO1"
"ENSG00000129824.16",3733.12391867561,0.0607700965050325,0.420920386993666,0.144374324415764,0.885204890526677,0.938960788261183,"RPS4Y1"
"ENSG00000129910.8",197.337869790092,-0.422011318850082,0.198513566534817,-2.12585631408756,0.0335152253412853,0.119237272631696,"CDH15"
"ENSG00000129911.9",794.455969061664,0.259008344770131,0.0848148982631231,3.05380717390716,0.00225957265146362,0.0194287066852216,"KLF16"
"ENSG00000129925.11",5309.32682082527,0.151409282815073,0.0866605416601311,1.74715366318476,0.080610686940888,0.213082302526636,"PGAP6"
"ENSG00000129932.10",496.024650649511,0.173574224920402,0.0902234783525478,1.92382546195084,0.0543764647445564,0.164532912909253,"DOHH"
"ENSG00000129933.21",2523.11806880223,-0.0947794273762425,0.0479949749658213,-1.97477813966437,0.0482933308617681,0.152255542406623,"MAU2"
"ENSG00000129946.10",952.366948690083,-0.0206496609624901,0.126702888995613,-0.162977033327196,0.870536517633082,0.930814538380647,"SHC2"
"ENSG00000129951.19",82.2644492951288,-0.50207386890065,0.22713098372122,-2.21050365157091,0.0270702273755952,0.103532346928856,"PLPPR3"
"ENSG00000129968.17",1309.55676515024,0.0963634714377266,0.0692518768350529,1.39149256080452,0.164076113947601,0.335684020257941,"ABHD17A"
"ENSG00000129988.6",33.248966282626,0.246603579831937,0.286088934988026,0.861982235846551,0.38869729330922,0.57976340603664,"LBP"
"ENSG00000129990.15",47.2260659561817,-0.331727731947604,0.262976121748622,-1.26143670285282,0.207151551714786,0.388664207205079,"SYT5"
"ENSG00000129991.13",52.2749862682509,0.396627375578838,0.264064830442137,1.50200757486237,0.133095152565472,0.293978432585567,"TNNI3"
"ENSG00000129993.15",292.56590771062,-0.418053169433939,0.142828920605121,-2.92695042196482,0.00342303442580562,0.0259537884623882,"CBFA2T3"
"ENSG00000130005.13",560.913218295986,0.233770155418358,0.125499214768156,1.86272205647038,0.062501381033343,0.180439833423565,"GAMT"
"ENSG00000130021.15",1133.20693137769,0.177026577525017,0.0785765405308723,2.25291895429609,0.0242642595260039,0.0965339285142828,"PUDP"
"ENSG00000130023.16",685.326087297428,-0.0910485877701061,0.0557033619066135,-1.63452590029932,0.102148472399656,0.247873840495754,"ERMARD"
"ENSG00000130024.15",2698.40771188457,-0.187590796148779,0.0610262932546494,-3.07393397409874,0.00211256181396996,0.0185283246766337,"PHF10"
"ENSG00000130032.17",58.7874437007739,-0.0691605575660723,0.167241648004211,-0.413536690121176,0.679213446859765,0.811667382853631,"PRRG3"
"ENSG00000130035.9",9.40709589838268,-0.770444934257295,0.207783656334348,-3.70791884140089,0.000208969602420548,0.00371940722522872,"GALNT8"
"ENSG00000130037.5",42.9730339449953,0.0833118565123204,0.185497578313665,0.44912638358785,0.653340488875069,0.792971682352796,"KCNA5"
"ENSG00000130038.10",343.759285520395,-0.146367581825323,0.135063846063271,-1.08369179533624,0.278501474645673,0.471044948040149,"CRACR2A"
"ENSG00000130045.16",15.8925938565836,0.541243540754319,0.169919690442339,3.18529029416979,0.00144608868232322,0.0141974185477082,"NXNL2"
"ENSG00000130052.13",696.286439222606,-0.0353102267032704,0.132442433135282,-0.266608109405564,0.789770911176236,0.883470295873611,"STARD8"
"ENSG00000130054.5",137.152460524143,0.411655901482785,0.198687735804858,2.07187373601708,0.0382772178867793,0.130623556283779,"FAM155B"
"ENSG00000130055.14",6.51250695301774,0.515653361834622,0.153450201796516,3.36039546248632,0.000778309785545906,0.00922039414319024,"GDPD2"
"ENSG00000130066.16",25087.5338313237,-0.0844692196386026,0.087966563416325,-0.960242350708072,0.336933256754118,0.530303924602413,"SAT1"
"ENSG00000130119.17",1858.24377926585,-0.099363326883535,0.0612885079098082,-1.62123912413984,0.104966365038235,0.252175291616247,"GNL3L"
"ENSG00000130147.16",3709.58929137043,0.019629655977105,0.091840410005089,0.21373658911167,0.83075247662202,0.907809094471884,"SH3BP4"
"ENSG00000130150.12",924.063124198216,0.0261192340123677,0.0607061616294624,0.430256720426404,0.667008906078827,0.803427189221505,"MOSPD2"
"ENSG00000130158.14",2338.4755242814,-0.0429105569215434,0.0729043118714416,-0.588587366371571,0.556138110846258,0.720879147143989,"DOCK6"
"ENSG00000130159.14",1204.35071320094,0.126323287897576,0.0798794974224283,1.58142316831987,0.113781313534374,0.265685460087656,"ECSIT"
"ENSG00000130164.14",5952.8627556965,0.135927463878055,0.136844835798811,0.993296262037209,0.320565598634247,0.514366498401369,"LDLR"
"ENSG00000130165.10",1825.56414634871,0.105124362756408,0.0662831460553375,1.58598933533788,0.112741728802068,0.264052787689572,"ELOF1"
"ENSG00000130173.13",5.19724575750405,0.291361656884122,0.171974664247341,1.69421268045085,0.0902248761150291,0.229022323917175,"ANGPTL8"
"ENSG00000130175.10",12107.9701814542,0.0933940202773135,0.0728255532188678,1.28243475194249,0.199690179928888,0.380355352384587,"PRKCSH"
"ENSG00000130176.8",766.353529513295,0.22133771018543,0.14625535553186,1.51336482264551,0.130187015292103,0.290095462159159,"CNN1"
"ENSG00000130177.16",2447.10804777525,0.0436988220815008,0.0470152724272696,0.929460148276303,0.352650668874195,0.546210687082046,"CDC16"
"ENSG00000130182.8",3.22378132072444,0.200563559154038,0.278530210279293,0.720078295826241,0.471476789979715,0.65221576302799,"ZSCAN10"
"ENSG00000130193.8",1804.85364950553,0.0683721231865978,0.107628884310559,0.635258124476254,0.525260079985412,0.697174496546983,"THEM6"
"ENSG00000130202.10",6451.53013017847,0.266518709726643,0.0817444892324028,3.2603874858025,0.00111260100376473,0.0118533840698685,"NECTIN2"
"ENSG00000130203.10",14113.2970436601,0.125181067902441,0.152070378220066,0.823178513578023,0.410406485655442,0.599546429439518,"APOE"
"ENSG00000130204.13",2829.84506810198,0.339492510992694,0.0843358148269969,4.02548444796692,5.68581383624389e-05,0.00145619890549688,"TOMM40"
"ENSG00000130208.9",2110.06021349357,0.033216867452734,0.157870705306344,0.210405517529535,0.833351186675534,0.909157553428862,"APOC1"
"ENSG00000130222.11",845.925491403179,-0.0892430685606451,0.151483463064769,-0.589127464840752,0.555775770633499,0.720567106651392,"GADD45G"
"ENSG00000130224.15",258.858877647466,-0.176179891510529,0.150611086074187,-1.16976708755521,0.242094711889781,0.430466740170181,"LRCH2"
"ENSG00000130226.17",41.4223873911927,0.0832291364823161,0.221064188908829,0.376493076029792,0.706550362017382,0.829683309912694,"DPP6"
"ENSG00000130227.17",3387.94392743362,-0.00216204237858758,0.0524889198184363,-0.0411904528816039,0.967144064711663,0.983329587614762,"XPO7"
"ENSG00000130234.12",79.1299224466269,0.0929052687367328,0.185031618960035,0.50210482542878,0.615593786042966,0.765990623878674,"ACE2"
"ENSG00000130244.12",597.106970689626,0.0422366858663962,0.071484971979413,0.590847064730751,0.554622896901862,0.719520714902922,"FAM98C"
"ENSG00000130254.12",2175.24196113451,0.00272629992919311,0.0567298520264157,0.0480575892904434,0.961670345969693,0.980669285358031,"SAFB2"
"ENSG00000130255.13",14925.2850742519,0.250368021621782,0.102285204814532,2.44774424684155,0.0143753655052425,0.0683127381909845,"RPL36"
"ENSG00000130270.16",225.471824508413,0.456856488080951,0.165008627522863,2.7686824315756,0.00562834657030895,0.0363359593494853,"ATP8B3"
"ENSG00000130287.14",2.50015254955983,0.0711114362723971,0.207659813632719,0.342441972899819,0.732018305881967,0.846659213400324,"NCAN"
"ENSG00000130294.17",1487.63022975332,-0.370647283915505,0.352576283461579,-1.05125415775703,0.293141875459841,0.485693381114613,"KIF1A"
"ENSG00000130299.17",741.371831831802,0.00424634860593616,0.0788465940992404,0.053855827945992,0.957050029750539,0.978174821651768,"GTPBP3"
"ENSG00000130300.9",3668.03068322173,0.167563098553283,0.104177502001401,1.60843843761036,0.107739189006882,0.256688193760278,"PLVAP"
"ENSG00000130303.13",6472.12246944248,0.107074502716512,0.116021641097853,0.922883883586893,0.356067720212239,0.54949330346213,"BST2"
"ENSG00000130304.17",1274.234423992,-0.00384525327569626,0.0875671925490951,-0.0439120310216683,0.964974525183993,0.982624158646602,"SLC27A1"
"ENSG00000130305.17",1339.42039634926,0.151444494867929,0.0809602665107961,1.87060272149344,0.061400167115322,0.178559858288708,"NSUN5"
"ENSG00000130307.12",133.921101049252,-0.223262177288369,0.140335913153786,-1.59091263434264,0.111629238792014,0.262406571414977,"USHBP1"
"ENSG00000130309.11",5862.7168281799,0.27153308818703,0.0712277312036735,3.8121821880103,0.000137745282741899,0.00277096900200969,"COLGALT1"
"ENSG00000130311.11",1860.81686128566,0.169673644764522,0.0681364214858359,2.49020481358555,0.0127669499423866,0.0630669989627669,"DDA1"
"ENSG00000130312.7",1277.50414543731,0.282240354017373,0.0874574112506154,3.22717480407227,0.00125019058990776,0.0128504462209939,"MRPL34"
"ENSG00000130313.7",2003.64986826347,0.284485748669837,0.0808862578187965,3.51710854651168,0.000436275332110425,0.00615506784438144,"PGLS"
"ENSG00000130332.15",1495.89837190892,0.156674134540058,0.0893506758311869,1.7534745325941,0.0795205872784382,0.210988118605438,"LSM7"
"ENSG00000130338.13",1818.41848869351,-0.174390309521512,0.0794853622705357,-2.19399276218882,0.0282359298873495,0.106317441047221,"TULP4"
"ENSG00000130340.16",2881.23798551726,0.214690362624398,0.0659925685273569,3.25325059192686,0.00114092832742458,0.012062536298808,"SNX9"
"ENSG00000130347.13",263.399089007514,0.0472667618706457,0.0663487575002562,0.712398598729798,0.476217983017285,0.656481971657151,"RTN4IP1"
"ENSG00000130348.11",784.310819721668,-0.0257845510894004,0.0566854410178039,-0.454870785627335,0.649202201538888,0.790010193933776,"QRSL1"
"ENSG00000130349.10",446.604944105783,0.00279396082897616,0.0573816339266138,0.0486908552055071,0.961165663721916,0.980394866491843,"MTRES1"
"ENSG00000130363.12",966.287560664963,0.0237831446838481,0.0648463980183103,0.366761229777676,0.713797129481243,0.834679818987509,"RSPH3"
"ENSG00000130377.13",9.83492664682332,-0.210133112665908,0.146375936814756,-1.43557142819068,0.151124329748821,0.318805114074737,"ACSBG2"
"ENSG00000130382.9",3431.27691868795,-0.00377971866801667,0.0694905736445069,-0.0543918184839369,0.956622997111163,0.977918491857712,"MLLT1"
"ENSG00000130396.20",6273.95174442062,-0.0660798078755087,0.0729984987519267,-0.905221463527215,0.365348073222222,0.558062644603938,"AFDN"
"ENSG00000130402.13",22578.2393085955,0.246704316062583,0.0824403184324946,2.99252017402861,0.00276684379599036,0.0223801094509007,"ACTN4"
"ENSG00000130413.15",430.567842738346,-0.608227618181034,0.139071719215839,-4.3734816942693,1.22280502795458e-05,0.000463677081955489,"STK33"
"ENSG00000130414.13",3523.97255009184,0.062993498012675,0.0442088576771665,1.42490671151656,0.154184169328011,0.322947691062439,"NDUFA10"
"ENSG00000130427.3",2.97108313356726,-0.110199879114845,0.198007661029489,-0.556543512215082,0.577839357438841,0.737252582536443,"EPO"
"ENSG00000130429.15",89.2925761782034,-0.108276867912934,0.0816593066662398,-1.32595869758589,0.184853378531305,0.362488133551817,"ARPC1B"
"ENSG00000130433.7",65.4897167913296,-0.357114070456269,0.274972254495542,-1.29872765203683,0.194037410860797,0.37350922890764,"CACNG6"
"ENSG00000130449.6",1148.97749353468,-0.0286284781456506,0.071796225578627,-0.398746283873912,0.690080160542786,0.818658736635939,"ZSWIM6"
"ENSG00000130475.14",570.692513192,0.155039159866478,0.118016063015054,1.31371235326417,0.18894302221105,0.36741312063971,"FCHO1"
"ENSG00000130477.15",98.9390508267021,0.108634249989223,0.20966987433895,0.518120451646795,0.604374231770091,0.75755548730551,"UNC13A"
"ENSG00000130479.11",1654.02887020925,0.177951961866109,0.0780659650844528,2.27950761479216,0.0226369078320868,0.092257384313094,"MAP1S"
"ENSG00000130487.9",356.195662052922,0.0373486407970219,0.173436134982821,0.215345209351681,0.829498184379197,0.907085207910856,"KLHDC7B"
"ENSG00000130508.11",6292.30794556008,0.393145075180379,0.133074410414395,2.95432513250384,0.00313353681863187,0.0243749629211941,"PXDN"
"ENSG00000130511.16",1382.32700581651,0.0594873250642002,0.0829288993136272,0.717329248989863,0.473170963774897,0.653608866357882,"SSBP4"
"ENSG00000130513.6",3865.323743029,-0.423949122115863,0.183121538135899,-2.31512429630883,0.020606130723152,0.0868578820856822,"GDF15"
"ENSG00000130517.14",1573.01693012737,-0.179809115244699,0.0666553827393856,-2.69759332037339,0.00698427058376042,0.0421168847210896,"PGPEP1"
"ENSG00000130518.17",436.934849616054,-0.334118513664249,0.181977311802675,-1.83604489128044,0.0663510176414808,0.187545145157884,"IQCN"
"ENSG00000130520.11",3678.55970107158,0.2067856944757,0.079794075702278,2.59149182011011,0.00955608133316816,0.052010890277124,"LSM4"
"ENSG00000130522.6",7267.89899216281,-0.000586169222474305,0.113854469040795,-0.00514840767703441,0.995892183148818,0.997990502169389,"JUND"
"ENSG00000130528.12",55.6640695618186,-0.2067678544763,0.157950276258565,-1.30906928037163,0.190510883987102,0.369340177055994,"HRC"
"ENSG00000130529.16",2320.02126285639,0.084847845874455,0.112309861806157,0.755479924112982,0.449961073657892,0.633722329900259,"TRPM4"
"ENSG00000130540.14",51.4447974909604,0.199806764815052,0.311218192309924,0.642015054878527,0.520863408040876,0.693838492534106,"SULT4A1"
"ENSG00000130544.12",390.259906563139,-0.284534908382655,0.0737791940895603,-3.85657381994792,0.000114987383672491,0.00243528941768972,"ZNF557"
"ENSG00000130545.16",1097.07874971134,0.139983643934839,0.103555945085252,1.35176830088893,0.176449447696804,0.352074278294892,"CRB3"
"ENSG00000130558.20",517.839866817662,-0.296485644682546,0.157048636261224,-1.88785876618114,0.0590449133919498,0.173640341096916,"OLFM1"
"ENSG00000130559.19",1828.49158131458,-0.0389962476065023,0.0645521773480688,-0.604104295293286,0.545774304013029,0.712958640175225,"CAMSAP1"
"ENSG00000130560.9",1556.99086933284,0.079663943703145,0.0605884822294598,1.31483643048596,0.188564880951685,0.36687065109423,"UBAC1"
"ENSG00000130561.17",2.45938090388721,0.123212733452078,0.187541883597234,0.656987821006907,0.51118874754517,0.686263567622319,"SAG"
"ENSG00000130584.12",342.364446488529,-0.015707696062337,0.0930683583373682,-0.168775901315432,0.8659729143386,0.928499444046085,"ZBTB46"
"ENSG00000130589.16",3325.89477811263,0.0269159839026643,0.0972613231939546,0.276738820928742,0.781980660755205,0.879068143521173,"HELZ2"
"ENSG00000130590.14",524.643823517621,-0.123697404833157,0.107998097192562,-1.14536652078788,0.252057360764829,0.442369304794068,"SAMD10"
"ENSG00000130592.17",2377.19341254001,0.0482000372489291,0.108564087771732,0.443977730004741,0.657058684983879,0.795796448872021,"LSP1"
"ENSG00000130595.19",29.7071422823785,-0.814295461201205,0.222502228142049,-3.65971823293987,0.000252492731449777,0.0042627994463273,"TNNT3"
"ENSG00000130598.16",107.527484081676,0.388660627664179,0.176087226661162,2.20720511665542,0.0272997324740326,0.104170772866243,"TNNI2"
"ENSG00000130600.19",1381.5511605813,-0.357414366082147,0.258713653538704,-1.38150561902477,0.167123551330167,0.339395168624816,"H19"
"ENSG00000130612.16",12.142740956613,-0.16022619291582,0.191762902469631,-0.835543219529621,0.403411923198669,0.59318051228042,"CYP2G1P"
"ENSG00000130635.16",15148.7813240644,0.238539963233795,0.146812706371683,1.62479099479229,0.104207100499327,0.251174596013374,"COL5A1"
"ENSG00000130638.17",4108.60301975879,0.0797325863786664,0.0528458748915484,1.50877597432715,0.131356042527577,0.291626975849102,"ATXN10"
"ENSG00000130640.13",3293.30438377796,0.120896064634049,0.0554478557144127,2.18035599531081,0.0292310833450178,0.108845817895725,"TUBGCP2"
"ENSG00000130643.9",28.9422660702078,-0.784078681838559,0.276476861276012,-2.83596492748013,0.00456874629178807,0.0314466136639446,"CALY"
"ENSG00000130649.10",96.5938584994094,-0.51404641787379,0.181010570224223,-2.8398696122388,0.00451319769560455,0.031225663108845,"CYP2E1"
"ENSG00000130653.16",597.206337078785,-0.185854994622661,0.160096463275571,-1.16089381876445,0.245685082889721,0.434761000565934,"PNPLA7"
"ENSG00000130669.17",3088.53171628229,0.199599720251476,0.0869247672540244,2.29623531424797,0.0216624303907012,0.0896020990182152,"PAK4"
"ENSG00000130675.15",110.034763626839,-0.102387948688436,0.202858715993071,-0.504725410427685,0.613751711108349,0.764930229510933,"MNX1"
"ENSG00000130684.14",109.836545510742,-0.273933582347446,0.0992046666538705,-2.76129734202134,0.00575722345064764,0.0368961001621582,"ZNF337"
"ENSG00000130695.16",975.432209560728,-0.0457697175856167,0.079917877371038,-0.572709374813845,0.566841488828113,0.728899507671272,"CEP85"
"ENSG00000130699.18",1198.9089472135,-0.140234209718519,0.068430355249814,-2.0492982859226,0.0404329561739154,0.135507792419787,"TAF4"
"ENSG00000130700.7",46.5797226305387,0.00598769140558379,0.177668169534431,0.0337015427201968,0.97311514876,0.986688675123091,"GATA5"
"ENSG00000130701.4",204.233727438556,-0.0715821537435676,0.139172931352076,-0.514339628030692,0.607014560312273,0.759892301427956,"RBBP8NL"
"ENSG00000130702.15",9060.44880111561,0.0337434445083706,0.123863965617683,0.272423414994824,0.785296470729464,0.880696936560069,"LAMA5"
"ENSG00000130703.17",2930.17587671506,-0.183254108599965,0.062647070760236,-2.92518239681658,0.00344254381376234,0.0260364859590163,"OSBPL2"
"ENSG00000130706.13",2091.14785227231,0.0913620641110764,0.0797765890044827,1.14522399680366,0.252116380290258,0.442449562437591,"ADRM1"
"ENSG00000130707.18",6257.02611232836,0.00365878622034341,0.137460285782045,0.0266170421480481,0.978765180406685,0.989404255390307,"ASS1"
"ENSG00000130711.5",5.89958106817058,0.313160111031149,0.177813564789905,1.76117109738597,0.0782094483614827,0.208606566599811,"PRDM12"
"ENSG00000130713.16",999.014497428941,0.0370438323493638,0.0603227820938326,0.614093565706929,0.539153499852917,0.707390639235593,"EXOSC2"
"ENSG00000130714.18",1281.74170955289,-0.142144981275868,0.0536675114341485,-2.64862255538499,0.00808205395428204,0.0464204538479504,"POMT1"
"ENSG00000130717.13",1223.88338881481,0.0813126999665269,0.057534211745689,1.41329302165367,0.157569584983573,0.327524766988705,"UCK1"
"ENSG00000130720.13",155.951955776391,1.02587133641893,0.211437899042043,4.85188010790317,1.2229654917983e-06,8.63159023362859e-05,"FIBCD1"
"ENSG00000130723.21",6067.35132039396,-0.106165466257199,0.074144198812962,-1.43187825827095,0.152178665480402,0.320187633990992,"PRRC2B"
"ENSG00000130724.9",4550.39280145107,0.241054024318295,0.0724655137143748,3.3264654035079,0.000879549375641899,0.0100593738795073,"CHMP2A"
"ENSG00000130725.8",2613.07192626418,0.290364798686977,0.0727844750870096,3.98937820654561,6.62467232656211e-05,0.00162891592147882,"UBE2M"
"ENSG00000130726.12",12016.7283513831,0.177718064445407,0.0766869046506779,2.31744996430542,0.0204792332854286,0.0865467268052517,"TRIM28"
"ENSG00000130731.16",2223.46135025195,0.233755130021709,0.0959570093250927,2.43604017742748,0.0148490351179693,0.069895224965722,"METTL26"
"ENSG00000130733.11",2123.78405252815,0.0881369740389753,0.0880868220063695,1.00056934773515,0.317035055331421,0.510961178390289,"YIPF2"
"ENSG00000130734.10",605.09555966457,0.0101648596833133,0.0783058316967733,0.129809740386579,0.896716956410031,0.945178168484746,"ATG4D"
"ENSG00000130741.11",10437.2409627112,0.109441599881119,0.0594704768718085,1.84026773683059,0.0657289395846378,0.186346666734747,"EIF2S3"
"ENSG00000130748.7",210.494523613853,0.254150838039913,0.101256294203644,2.50997570115267,0.0120739469477349,0.0607309133903821,"TMEM160"
"ENSG00000130749.10",2021.60656629261,0.0463412056495459,0.0521612015579673,0.888422894132267,0.374313314891304,0.566172059092098,"ZC3H4"
"ENSG00000130751.10",54.3155137723872,0.446438470161784,0.128895606578458,3.46356623016504,0.000533065349555421,0.00703767681504287,"NPAS1"
"ENSG00000130755.13",1224.3736025558,0.10950764240962,0.12022857005535,0.910828785198107,0.362385593121967,0.555498515751236,"GMFG"
"ENSG00000130758.8",618.745013210943,0.137191710621458,0.0879601638103683,1.55970276405154,0.118830138667398,0.273162452989967,"MAP3K10"
"ENSG00000130762.15",1606.98010335256,0.105307396743797,0.10854407853189,0.970180945548843,0.331956306773592,0.525526453704859,"ARHGEF16"
"ENSG00000130764.10",2241.11804047439,0.0376321930550121,0.0461837664350392,0.814835946911011,0.415166221604808,0.604061227859841,"LRRC47"
"ENSG00000130766.5",1066.58780612968,0.0813589014971208,0.0807631085965922,1.00737704269786,0.313753619241312,0.507792486772689,"SESN2"
"ENSG00000130768.15",1525.82341114967,-0.110426192403287,0.131412062404173,-0.840304842516345,0.400737486979932,0.59090098536557,"SMPDL3B"
"ENSG00000130770.18",3203.68325397075,0.076562160744429,0.0757493065182367,1.01073084710018,0.312145268824383,0.506173709754526,"ATP5IF1"
"ENSG00000130772.14",697.140254908144,0.0137895990025515,0.0678151448135553,0.203340994706468,0.838868515627763,0.91224724778034,"MED18"
"ENSG00000130775.16",2447.17798739711,-0.0465753693665051,0.0958523249466045,-0.48590756032731,0.627032707823521,0.774698480037425,"THEMIS2"
"ENSG00000130779.21",4750.42205742685,0.0833508553085528,0.070768722787665,1.17779227920559,0.238879427410107,0.426389276043572,"CLIP1"
"ENSG00000130783.14",15.6595099009112,-0.0537991767246215,0.114265422335473,-0.470826393715782,0.637764714750255,0.781417244688133,"CCDC62"
"ENSG00000130787.14",2606.8971697536,-0.0779197479385279,0.0874531817061539,-0.890988142665195,0.372935531453525,0.56499179663111,"HIP1R"
"ENSG00000130803.15",1276.23323438764,-0.032837859708423,0.0395848547412649,-0.829556150276623,0.406789777612872,0.596382582503207,"ZNF317"
"ENSG00000130810.20",108.322291843422,0.00565930321529719,0.0737321144113936,0.0767549291170561,0.938818506265611,0.96810024558945,"PPAN"
"ENSG00000130811.12",4240.45038061352,0.133839380227381,0.0651874392978846,2.05314676675334,0.0400583454338042,0.13476163295584,"EIF3G"
"ENSG00000130812.10",22.077509277293,-0.0966924548457916,0.109181839164832,-0.885609324640656,0.375828085095123,0.567457797599635,"ANGPTL6"
"ENSG00000130813.18",677.335347291675,-0.0388808208391092,0.0672583119807234,-0.578082019814185,0.563208745585386,0.726525970272938,"SHFL"
"ENSG00000130816.17",4236.85105782716,-0.0474280805763384,0.0742337320029255,-0.638902009863512,0.522886680429562,0.695289267835775,"DNMT1"
"ENSG00000130818.12",787.670710138807,-0.0978824182832621,0.0676355737582106,-1.44720319270419,0.147840022624386,0.314045675571599,"ZNF426"
"ENSG00000130821.17",1849.87430637446,0.163161489821669,0.146851917403942,1.11106135150326,0.266541942181978,0.458091734340316,"SLC6A8"
"ENSG00000130822.16",62.2782600321667,0.0115984212413834,0.225290948672751,0.0514819672504059,0.958941470844466,0.979282221278423,"PNCK"
"ENSG00000130826.18",3419.22612932563,0.0244417726242947,0.078363060044527,0.311904264718689,0.755113281305387,0.86122219055384,"DKC1"
"ENSG00000130827.6",3072.99992891515,-0.116834847121904,0.0969464208212924,-1.20514863913618,0.228145925784027,0.414090514481143,"PLXNA3"
"ENSG00000130829.18",95.199165834561,-0.111394712766084,0.257101842503062,-0.433270768041101,0.664818072125598,0.801781096853413,"DUSP9"
"ENSG00000130830.15",1345.03032901477,0.0565648866684487,0.101924646007503,0.554967702946793,0.578916751683769,0.738038499475693,"MPP1"
"ENSG00000130844.19",1318.88432949064,-0.0521967890012721,0.106238039494319,-0.491319204022618,0.623200699347895,0.771596165243193,"ZNF331"
"ENSG00000130856.17",669.702699858765,-0.197937790846022,0.0799401532761886,-2.47607469755729,0.0132835783080411,0.0649317534296893,"ZNF236"
"ENSG00000130876.11",91.3415263715032,-0.385445708106682,0.286549192101056,-1.34512927878278,0.178583489539388,0.35460011434573,"SLC7A10"
"ENSG00000130881.14",910.501838810246,0.157731717462999,0.110937166027254,1.42181131095641,0.155081035107289,0.324127260349821,"LRP3"
"ENSG00000130921.8",1015.16974200538,-0.012468074241185,0.0585578033255986,-0.212919090763342,0.831390071516158,0.908059499081014,"C12orf65"
"ENSG00000130935.10",2374.5977677548,0.0692106216956575,0.0598168022419552,1.15704315679907,0.247254728635298,0.43656404754216,"NOL11"
"ENSG00000130939.20",2682.30194070091,-0.018791339953419,0.0527686742254357,-0.35610786568447,0.721759786891301,0.840404480814737,"UBE4B"
"ENSG00000130940.15",765.126595543626,-0.311266300332334,0.105527420010793,-2.94962484916716,0.00318159996258651,0.0246463404471451,"CASZ1"
"ENSG00000130943.7",21.1458028570587,0.0141926279231333,0.135409018026205,0.1048130185863,0.91652417961438,0.95572379483064,"PKDREJ"
"ENSG00000130956.14",469.93620406214,-0.0665809465322131,0.0688310947597009,-0.967309132081316,0.333389519880396,0.526968489074587,"HABP4"
"ENSG00000130957.5",4.3518500563811,-0.53339506737189,0.195815928459998,-2.72396158763383,0.0064504008250317,0.0399021171809328,"FBP2"
"ENSG00000130958.13",198.780497722453,0.0880254301023747,0.0693736675816999,1.2688593982538,0.204491215572666,0.385642123035049,"SLC35D2"
"ENSG00000130962.18",391.614539517775,0.183291247400701,0.113394842688384,1.61639844507211,0.106008194343121,0.253707915625443,"PRRG1"
"ENSG00000130985.17",15139.6166313399,0.122442143591929,0.061923144359925,1.97732438908852,0.0480049745601968,0.151677860684505,"UBA1"
"ENSG00000130988.13",288.772801122827,-0.111310352159229,0.14467093312362,-0.769403706438495,0.441653688965759,0.626794674399463,"RGN"
"ENSG00000130997.16",19.4763253853242,-0.106721833953119,0.127167914700605,-0.839219815818927,0.401345969459831,0.5914749838974,"POLN"
"ENSG00000131002.12",569.853200976529,-0.0979478476302639,0.468649984343868,-0.209000001925521,0.834448237113533,0.90990715178242,"TXLNGY"
"ENSG00000131013.4",1244.80637883835,-0.0386262057279876,0.0462937546240143,-0.834371850840344,0.404071474495969,0.593704558912321,"PPIL4"
"ENSG00000131015.5",117.112831678515,0.133939771460411,0.148929673742682,0.899349122941272,0.368466729710661,0.5609988947847,"ULBP2"
"ENSG00000131016.17",3078.83927602673,-0.0120023864198474,0.180237393269358,-0.0665920994646781,0.946906435499396,0.972194651280766,"AKAP12"
"ENSG00000131018.24",5469.54551557142,-0.246516830235788,0.132145204584678,-1.86549962982441,0.0621114040359221,0.179738812520735,"SYNE1"
"ENSG00000131019.11",220.477365763102,0.131792820596451,0.103180954415142,1.27729794072452,0.201497080377421,0.382160322263044,"ULBP3"
"ENSG00000131023.13",1610.89833343551,-0.0970921048336043,0.0561811097531314,-1.72819841509437,0.083952657795701,0.218618368086998,"LATS1"
"ENSG00000131037.15",1662.39726199342,0.283602559503599,0.139572784567885,2.03193309054934,0.0421604300353374,0.139223090375569,"EPS8L1"
"ENSG00000131042.15",644.094418633283,0.1483189843836,0.123324614237482,1.20267138316757,0.229103512102751,0.415239981949855,"LILRB2"
"ENSG00000131043.12",2100.37947703904,0.0701706443982533,0.0486105364935733,1.4435274625601,0.148871942048801,0.315643084053957,"AAR2"
"ENSG00000131044.17",60.9698354750203,-0.880580434565782,0.191759214606203,-4.59211535870202,4.38775703253622e-06,0.000220667061758653,"TTLL9"
"ENSG00000131050.11",111.249698586408,-0.214216602483438,0.294954899610555,-0.726269008469701,0.467673874407877,0.649058581043873,"BPIFA2"
"ENSG00000131051.24",8529.77768035197,-0.229575551109251,0.0542516511410759,-4.23167859927919,2.31953702778207e-05,0.000743103752284724,"RBM39"
"ENSG00000131055.5",246.929943130351,0.229560651762899,0.158224200178102,1.45085676846209,0.146819748169605,0.312856494867554,"COX4I2"
"ENSG00000131061.14",474.495672191273,0.0621848112108021,0.0808115096085295,0.769504387580932,0.441593940865268,0.626736596181574,"ZNF341"
"ENSG00000131067.17",1324.53457127418,-0.157185308112706,0.097866504375995,-1.60611957191005,0.108247640350773,0.257467223471689,"GGT7"
"ENSG00000131069.20",3279.79265557626,-0.0675952328553051,0.0916249102424709,-0.73773859833996,0.460673311979366,0.643122969461968,"ACSS2"
"ENSG00000131080.15",157.097370911626,-0.256112973031854,0.171454431710491,-1.49376700547649,0.135236528196974,0.296817834614138,"EDA2R"
"ENSG00000131089.17",966.704676630598,-0.159566253686865,0.0741974036805916,-2.15056384417133,0.0315106416863517,0.114478807689187,"ARHGEF9"
"ENSG00000131094.4",24.0208532860558,0.46462784314538,0.216772968806441,2.14338460050456,0.0320822286053245,0.115658371702666,"C1QL1"
"ENSG00000131095.13",47.0296973877424,-0.706453103621881,0.205916002197829,-3.43078292158747,0.000601842008441091,0.00764027695353646,"GFAP"
"ENSG00000131096.10",7.49630948909785,0.0709271054562947,0.146435659584243,0.48435678616581,0.628132681471627,0.775311614263463,"PYY"
"ENSG00000131097.7",134.523674348673,0.307844970703208,0.174076166478122,1.76844985118568,0.0769857288795918,0.206442082138155,"HIGD1B"
"ENSG00000131100.13",5159.64239423989,0.126729302018776,0.059699286515335,2.12279424790484,0.0337710970702477,0.119857723662023,"ATP6V1E1"
"ENSG00000131115.16",332.97363117836,-0.0437458702847416,0.0584155697192599,-0.748873468066484,0.453933473182585,0.637214113195928,"ZNF227"
"ENSG00000131116.12",430.197726992004,0.212812493782018,0.0923627636767573,2.30409404515872,0.0212173649529185,0.0884313634673903,"ZNF428"
"ENSG00000131126.19",8.62233610867952,-0.228554295531359,0.316609830552575,-0.721879971738295,0.470368275934216,0.65135187508077,"TEX101"
"ENSG00000131127.14",837.547236015623,-0.310123712928459,0.0931263360044348,-3.33013974600795,0.000868024073717931,0.0099720929904386,"ZNF141"
"ENSG00000131142.13",9.2802591346198,0.216622425243513,0.21298840369907,1.01706206291671,0.309123906068763,0.502940048123312,"CCL25"
"ENSG00000131143.10",10562.534945757,0.210444619046645,0.0839726593635375,2.50610878161641,0.0122068058240767,0.0612056491966197,"COX4I1"
"ENSG00000131148.9",1043.04517532578,0.17616012555489,0.0615403144162623,2.86251585202071,0.00420292235814782,0.0297682094056867,"EMC8"
"ENSG00000131149.19",5641.08624331144,-0.20042203721022,0.0852839820092898,-2.35005486948755,0.0187706438264836,0.0817865521417509,"GSE1"
"ENSG00000131153.9",578.532993917483,0.102513590604433,0.149503995336896,0.685691311281858,0.492907786985789,0.670605163341011,"GINS2"
"ENSG00000131165.16",4745.54068173103,0.218352503733312,0.0697717719245296,3.12952498855122,0.00175089179847113,0.0163284147469185,"CHMP1A"
"ENSG00000131171.13",5239.25061097538,0.0266528696206211,0.0786365371094935,0.33893747868767,0.734656829844768,0.848325812847595,"SH3BGRL"
"ENSG00000131174.7",3577.72904967745,0.0927772726565369,0.0949502384827965,0.97711468806207,0.328512376914604,0.522159962027018,"COX7B"
"ENSG00000131183.11",5.70561974500218,0.324350275315592,0.213541443666152,1.5189101925464,0.128785103083662,0.288089930589555,"SLC34A1"
"ENSG00000131187.10",157.250885175642,0.598276551594581,0.163490529362551,3.65939577006239,0.000252810643024578,0.00426600341521404,"F12"
"ENSG00000131188.12",134.467567049324,0.425991313364042,0.12511775349472,3.40472316250481,0.000662311594555482,0.00819106237649913,"PRR7"
"ENSG00000131196.18",815.947725560757,-0.139036713952062,0.104821641201632,-1.32641229767253,0.184703167585697,0.362364322830325,"NFATC1"
"ENSG00000131203.13",1979.58580345317,0.0204287824039168,0.182317494861902,0.112050587462222,0.91078329609425,0.952385913758019,"IDO1"
"ENSG00000131236.18",18088.0686801422,0.139716839393824,0.0551597493997021,2.53294913255313,0.0113107365273047,0.0582652562592537,"CAP1"
"ENSG00000131238.18",10299.2643364883,0.0290936366568851,0.0723154565937183,0.402315604813761,0.687451771708941,0.817083711238648,"PPT1"
"ENSG00000131242.18",1813.06868500124,-0.109545825404413,0.0765109162721376,-1.4317672659255,0.152210438315289,0.320187633990992,"RAB11FIP4"
"ENSG00000131263.13",3056.11327704132,-0.0209625445225599,0.0636305652041437,-0.32944143204302,0.741822055701333,0.852806620332898,"RLIM"
"ENSG00000131269.19",1057.67354726642,-0.0507055063661772,0.0463951214946725,-1.09290599383385,0.274435076354172,0.46699550202195,"ABCB7"
"ENSG00000131323.16",1629.74324934699,0.0320205776978515,0.06327342119467,0.506066798558836,0.612809757282871,0.764257367760437,"TRAF3"
"ENSG00000131351.15",355.439180431506,0.106255996944872,0.0717523651650296,1.48087100265594,0.138640951443957,0.301172725853039,"HAUS8"
"ENSG00000131355.15",65.2839668302791,-0.181852544274007,0.194578785508841,-0.934595946821467,0.349996568636151,0.543591890259534,"ADGRE3"
"ENSG00000131368.8",1825.85241505267,-0.0963880349798411,0.0927397683641479,-1.03933875057104,0.298647218822189,0.491620965900599,"MRPS25"
"ENSG00000131370.16",449.311206073184,-0.162020424581396,0.1175923519718,-1.37781430394598,0.168260628563893,0.341017903864229,"SH3BP5"
"ENSG00000131373.15",597.815507951691,-0.0555882060895739,0.0602174530958684,-0.9231244968311,0.355942329930383,0.549440518923236,"HACL1"
"ENSG00000131374.14",2709.76748082525,-0.0339415869799559,0.0646018003598126,-0.525396920688146,0.599307293714928,0.753787409741383,"TBC1D5"
"ENSG00000131375.10",1423.39453379062,-0.107428867375264,0.0554804914411096,-1.93633590086879,0.0528265745132811,0.161546353014666,"CAPN7"
"ENSG00000131378.14",2851.49829480553,-0.0491703009522165,0.105924929647011,-0.464199514845787,0.642504808770259,0.785150809564038,"RFTN1"
"ENSG00000131379.10",6.33289250434469,-0.176793526120055,0.157815368190518,-1.12025544880158,0.262604921140835,0.454058978942708,"C3orf20"
"ENSG00000131381.12",1732.68049904018,-0.131897155333293,0.056179230169145,-2.34779214553449,0.0188850566818193,0.0821131242141585,"RBSN"
"ENSG00000131386.19",255.543617600026,-0.250858648546118,0.163632270622142,-1.5330634207564,0.125260229370395,0.282788961580562,"GALNT15"
"ENSG00000131389.17",4665.87142984164,-0.108823171124315,0.0741786092077143,-1.46704248416939,0.14236449865731,0.306858814825704,"SLC6A6"
"ENSG00000131398.15",649.372410490093,-0.274423995277355,0.117722211837075,-2.33111484226233,0.019747304866856,0.0845767742186252,"KCNC3"
"ENSG00000131400.8",35467.5630141977,-0.294852939933118,0.204064180426878,-1.44490296786198,0.148485142586332,0.315114472981052,"NAPSA"
"ENSG00000131401.11",695.293032134503,-0.143602619703625,0.133678493461809,-1.07423876485152,0.28271568232384,0.475175999775676,"NAPSB"
"ENSG00000131408.15",3884.90541627178,0.15413445973082,0.0719487840687419,2.14228025846212,0.0321709364582859,0.115803544978453,"NR1H2"
"ENSG00000131409.13",93.4527445454149,-0.0882995950715519,0.149315320656804,-0.591363261875221,0.554277050504395,0.719296271387364,"LRRC4B"
"ENSG00000131435.13",1023.99436401682,0.263079530653505,0.161899907468825,1.62495170483135,0.104172849801501,0.251138789894378,"PDLIM4"
"ENSG00000131437.16",842.248652140668,-0.192929726358911,0.0662575779715938,-2.91181374667248,0.00359336830238728,0.0267525445722791,"KIF3A"
"ENSG00000131446.17",8783.32851363627,0.142880306056327,0.0695187903199782,2.05527606850872,0.0398523474519256,0.134305517128956,"MGAT1"
"ENSG00000131459.13",959.630896529089,0.514861071307753,0.141861126648319,3.62933161093609,0.000284156019240894,0.00460584534984765,"GFPT2"
"ENSG00000131462.8",1733.79989012404,0.157652790819868,0.0983521728008216,1.60294161613632,0.108947544591666,0.258426557802381,"TUBG1"
"ENSG00000131467.11",5269.32450202751,0.121503652169341,0.0622474885976915,1.95194464719091,0.050944776743121,0.157615876973211,"PSME3"
"ENSG00000131469.15",29419.834981234,0.167831095350702,0.106556374153406,1.57504510344055,0.115246034008094,0.267842337411379,"RPL27"
"ENSG00000131470.15",150.784104526671,0.0386226288937481,0.0922865227610433,0.41850779223477,0.675575890552317,0.809412268754796,"PSMC3IP"
"ENSG00000131471.7",3631.25333282321,-0.0512751743694589,0.163729088676831,-0.313170828615959,0.754150879877796,0.860644347025352,"AOC3"
"ENSG00000131473.17",7767.13147381773,0.0542955189980801,0.0717820765796189,0.756393818418681,0.449413113115588,0.633338054015109,"ACLY"
"ENSG00000131475.7",2342.01114503912,0.0995343307249243,0.0696174376812146,1.4297327514509,0.152793736496848,0.321106038959068,"VPS25"
"ENSG00000131477.11",944.488611426036,0.114931592958612,0.166667044456897,0.689587994634028,0.490453319232882,0.668686774938382,"RAMP2"
"ENSG00000131480.9",72.5056399674153,-0.230861099817671,0.134213223191669,-1.72010696358868,0.0854130001762599,0.221108162496045,"AOC2"
"ENSG00000131482.10",1.42340827377459,-1.06090928801749,0.387055392413342,-2.74097534568007,0.00612571037435967,0.0384871250223734,"G6PC"
"ENSG00000131495.9",992.03481538279,0.162509158747222,0.0923137584475098,1.76040019906269,0.0783399756272885,0.208921243876908,"NDUFA2"
"ENSG00000131503.21",125.806494801854,-0.468858620965969,0.126861793943859,-3.69582209418744,0.00021917641597279,0.0038510627395646,"ANKHD1"
"ENSG00000131504.17",9032.43426977851,0.135516729654908,0.0571093867372533,2.37293267179331,0.0176474804527494,0.0785793188061235,"DIAPH1"
"ENSG00000131507.11",6357.9161464844,0.113706863017992,0.0578490964420138,1.9655771656169,0.0493474739239954,0.154364432164724,"NDFIP1"
"ENSG00000131508.16",3709.43613976391,0.084659999710335,0.0475959984989542,1.77872095092606,0.0752855225871659,0.203580320296825,"UBE2D2"
"ENSG00000131558.15",3438.47053997609,-0.0135000931445444,0.0487379583475589,-0.276993407238623,0.781785168427167,0.879027692417283,"EXOC4"
"ENSG00000131584.19",1852.76269708161,-0.0577057829081794,0.0910030652191334,-0.634108123382713,0.52601026169213,0.697628806746202,"ACAP3"
"ENSG00000131591.18",566.37531588807,0.11788107923292,0.0843855603705475,1.39693424698834,0.162433344874532,0.333635224314133,"C1orf159"
"ENSG00000131620.17",1326.7431563848,0.871506392468593,0.159736390344244,5.45590388383279,4.87243454192944e-08,8.11089816022284e-06,"ANO1"
"ENSG00000131626.19",2498.43117768054,-0.0131145594333174,0.0472157174830619,-0.277758342611698,0.781197871055361,0.878751924892595,"PPFIA1"
"ENSG00000131634.14",994.956783698525,0.107300508887759,0.120640033399517,0.889427048916823,0.373773613346319,0.565741267009411,"TMEM204"
"ENSG00000131650.14",64.8006793335321,0.137863912011697,0.197691524856251,0.697368853378729,0.485571988439587,0.664480587410874,"KREMEN2"
"ENSG00000131652.14",1148.00534552516,0.10763384634157,0.0750088995386095,1.43494767959057,0.151302007420195,0.319011510550817,"THOC6"
"ENSG00000131653.13",4065.81221461156,0.239834376028181,0.0730609525956801,3.28266149711223,0.00102832064633462,0.0112028400780166,"TRAF7"
"ENSG00000131668.14",769.830145698794,0.983466293658616,0.361338813219679,2.72172890837694,0.00649413913870175,0.0400610291541222,"BARX1"
"ENSG00000131669.10",2865.86487405241,0.132089424962035,0.0867430979955455,1.52276582246138,0.127817303511008,0.286772793705236,"NINJ1"
"ENSG00000131686.15",8.70929801842213,-1.21137052253834,0.30501439051312,-3.9715192470115,7.14157295632294e-05,0.0017312349979562,"CA6"
"ENSG00000131697.18",747.598978340463,-0.15770671366095,0.064875173637405,-2.43092549612879,0.0150603110519147,0.0705505749052195,"NPHP4"
"ENSG00000131711.15",2949.49933608225,0.503441313891855,0.15911761062215,3.16395722587462,0.0015563966791532,0.0149630709324422,"MAP1B"
"ENSG00000131724.11",8017.39704443096,0.0354759094560766,0.0635773681311988,0.557995879648056,0.576847197774647,0.736469449909438,"IL13RA1"
"ENSG00000131725.14",1042.01049864879,-0.0729745504059817,0.0658239598265964,-1.10863203305031,0.267588953362169,0.459352933225565,"WDR44"
"ENSG00000131730.16",91.2210922042828,-0.204957953483537,0.155742272544365,-1.31600720944374,0.188171622910799,0.366338012196625,"CKMT2"
"ENSG00000131732.12",891.424058066679,0.0696555571274121,0.0561203992092068,1.24118071341133,0.214538997933278,0.397670802494223,"ZCCHC9"
"ENSG00000131737.5",1.71451086703631,0.248940160339746,0.45223846691311,0.550462153383284,0.58200242854517,0.740441241681163,"KRT34"
"ENSG00000131746.13",1653.2864946312,1.07274288355093,0.254543237359352,4.21438375138007,2.50461114826909e-05,0.000780037595503487,"TNS4"
"ENSG00000131747.15",5505.31828776626,0.134846685907824,0.156154493619428,0.863546624770632,0.387836996072985,0.578947097263054,"TOP2A"
"ENSG00000131748.16",2776.77613987125,-0.0800089707232294,0.0796370022233133,-1.00467079987357,0.315055393107963,0.509073976884594,"STARD3"
"ENSG00000131759.18",2348.25982563863,0.158150205392723,0.087155388319583,1.81457748559177,0.0695888650319561,0.193390825000744,"RARA"
"ENSG00000131771.14",2739.96826112883,0.128915367835694,0.230562127501512,0.559135054974928,0.576069552246,0.735860947672274,"PPP1R1B"
"ENSG00000131773.14",714.284501133435,-0.25663893864178,0.14152656800798,-1.81336227009553,0.0697759648260263,0.193619869724362,"KHDRBS3"
"ENSG00000131778.19",31.3138752860987,-0.255227309160419,0.146632730876936,-1.74058893695857,0.0817556582299918,0.215067251062825,"CHD1L"
"ENSG00000131779.11",1714.13125627308,0.0337844653462481,0.0611391343555284,0.552583311857002,0.580548771845216,0.739241576571666,"PEX11B"
"ENSG00000131781.13",2441.51027394047,-0.308810855629192,0.161328268633797,-1.91417696504368,0.0555975479843561,0.16674092145032,"FMO5"
"ENSG00000131788.16",2203.68022393102,-0.0103845357951222,0.0779831155563313,-0.133163899916526,0.894063760224151,0.944055336794883,"PIAS3"
"ENSG00000131791.8",1201.5873493001,-0.055328505483318,0.0715059083135258,-0.773761312711726,0.439071954544581,0.624408294504836,"PRKAB2"
"ENSG00000131797.12",646.185418558448,-0.556689161390576,0.112970190089975,-4.92775271907751,8.31807976216161e-07,6.44032161678247e-05,"CLUHP3"
"ENSG00000131828.14",2186.5571144614,0.150398513710127,0.0567441987120827,2.65046501886901,0.0080381050732378,0.0462997633569734,"PDHA1"
"ENSG00000131831.18",580.492541129539,-0.205066253304009,0.141181427149808,-1.45250163172251,0.146362175799794,0.312361276852727,"RAI2"
"ENSG00000131844.16",3335.76036895584,0.0754337724753809,0.0653516605433763,1.15427476284727,0.248387539789009,0.437913914541172,"MCCC2"
"ENSG00000131845.15",535.319163375233,-0.11067257067913,0.0671858662112521,-1.64725971279649,0.0995046748800445,0.243642652113063,"ZNF304"
"ENSG00000131848.9",175.619816728627,-0.0476225255563477,0.0708776708805355,-0.671897439133061,0.501648990803374,0.67795412424667,"ZSCAN5A"
"ENSG00000131849.12",196.288420440696,-0.0989791294891508,0.0899127314370249,-1.10083553137829,0.270968244518279,0.462965501629224,"ZNF132"
"ENSG00000131871.15",3240.76095961665,0.0281648459848997,0.070264192627758,0.400842092274653,0.68853638641964,0.817508110460295,"SELENOS"
"ENSG00000131873.7",2478.133791926,0.0608021893958822,0.0815111119696361,0.745937430206224,0.455705213053987,0.638909399530219,"CHSY1"
"ENSG00000131876.17",1341.77600652255,0.0964465369104705,0.0710775652850051,1.35691953605532,0.174806778678716,0.350171003763568,"SNRPA1"
"ENSG00000131885.17",2.10652881246879,0.333861515115852,0.266525743707386,1.25264265459622,0.210335784250862,0.392682625753599,"KRT17P1"
"ENSG00000131899.11",1476.28162832839,0.0656444895862291,0.075478845756222,0.869707120300231,0.384460480092088,0.57591208909218,"LLGL1"
"ENSG00000131910.5",179.816652617135,-0.117355536803216,0.260870987712624,-0.449860438035734,0.652811075437664,0.79272127273393,"NR0B2"
"ENSG00000131914.11",3.5231472919981,-1.87557622631435,0.340436278546279,-5.5093312449642,3.60199525242962e-08,6.31164357574418e-06,"LIN28A"
"ENSG00000131931.8",400.681377089613,0.0471982197027932,0.0592466049299284,0.796640073445813,0.425660096810719,0.61307474873404,"THAP1"
"ENSG00000131941.8",1615.5845980013,0.429226439578241,0.1273645099446,3.3700631342667,0.000751509634280802,0.00902095745747845,"RHPN2"
"ENSG00000131943.18",1151.97190086498,0.0649266089012157,0.0597211538802458,1.08716266653869,0.276964926818602,0.469583514494316,"C19orf12"
"ENSG00000131944.10",217.904120117065,0.219506031432791,0.1008505484674,2.17654772104433,0.0295143294301852,0.109508589069336,"FAAP24"
"ENSG00000131951.11",12.1326146359799,-0.538459300408046,0.26217121591579,-2.05384598964136,0.0399906001677457,0.134635155363005,"LRRC9"
"ENSG00000131966.14",2634.69722143908,0.0112769890176396,0.0585614211417927,0.192566860533235,0.847298200579361,0.917219931454679,"ACTR10"
"ENSG00000131969.15",32.0139267868242,-0.234304065044325,0.154119879323593,-1.52027153195712,0.128442745790347,0.287613958541702,"ABHD12B"
"ENSG00000131979.20",1014.89259608277,-0.0486280358753626,0.0924070971769212,-0.52623702465472,0.598723532199394,0.753369402562349,"GCH1"
"ENSG00000131981.16",17048.2957508229,0.239796303729624,0.103818761486511,2.30975885568411,0.0209015083480142,0.0875807988818302,"LGALS3"
"ENSG00000131982.5",1.12339826592662,-0.63473185635651,0.704796408512261,-0.900588948369291,0.367806912813856,0.560404354414521,"UBE2L2"
"ENSG00000132000.13",608.083605290296,-0.204807602106741,0.173188578310349,-1.18256991370257,0.23697964214836,0.424539974030483,"PODNL1"
"ENSG00000132002.9",6591.60529982932,0.102207048090898,0.08833251634858,1.15707162340498,0.247243099083547,0.43656404754216,"DNAJB1"
"ENSG00000132003.9",403.541326427731,-0.0357603578851792,0.0842269728044824,-0.424571330233966,0.671149196487224,0.805993947215278,"ZSWIM4"
"ENSG00000132004.13",335.471101863585,-0.0183627814963572,0.0784592486181766,-0.234042280798788,0.814952154702594,0.898685107698104,"FBXW9"
"ENSG00000132005.9",986.703346346714,0.0529221179183067,0.0670489955556295,0.789305156322559,0.429933673650509,0.61638884664742,"RFX1"
"ENSG00000132010.16",15.8294358186249,-0.366541342147018,0.112834067890931,-3.24849887093788,0.00116015669245342,0.0122076791282717,"ZNF20"
"ENSG00000132016.11",109.562470227394,-0.221971574347023,0.129772569604785,-1.71046604858812,0.0871797264855403,0.22414662397738,"C19orf57"
"ENSG00000132017.10",1199.2093368954,-0.0187220910530395,0.069817227371416,-0.268158615830461,0.788577228485675,0.882849083880438,"DCAF15"
"ENSG00000132024.17",2010.9022687282,-0.0498017964932752,0.0691268770792422,-0.720440421982117,0.471253869632408,0.652075724576613,"CC2D1A"
"ENSG00000132026.14",21.4353843484592,-0.140766031595084,0.282758379043294,-0.497831512796766,0.618602802630027,0.76810290187452,"RTBDN"
"ENSG00000132031.13",489.882914189893,0.417946473005731,0.166982674643728,2.50293315697246,0.0123168803726196,0.0615529718171156,"MATN3"
"ENSG00000132109.10",1272.76312183662,0.103806074161714,0.0714371542074025,1.45311043410737,0.146193094493136,0.312060440787329,"TRIM21"
"ENSG00000132122.12",572.751196642919,-0.361042924152414,0.104403831653858,-3.45813863756859,0.000543921407926037,0.00714372333772034,"SPATA6"
"ENSG00000132128.16",4227.62754207618,0.0319137687724577,0.0496570489265838,0.642683555755419,0.52042945339343,0.693499748726031,"LRRC41"
"ENSG00000132141.14",93.5732650263774,-0.0509849477291977,0.0977060719510862,-0.52181964448148,0.601795910674509,0.755660830281603,"CCT6B"
"ENSG00000132153.15",3328.38326504302,0.0512616967608107,0.048875940501762,1.04881248799627,0.294264428752985,0.486891238718962,"DHX30"
"ENSG00000132155.13",1894.55560629682,-0.0381971363083138,0.0483793592413215,-0.789533737265562,0.42980011943568,0.616276987655458,"RAF1"
"ENSG00000132164.10",86.1508716049635,-0.130238339302108,0.304178172864984,-0.428164644673296,0.668531254794571,0.804591369911999,"SLC6A11"
"ENSG00000132170.23",964.608363082211,0.480162402612041,0.1543173780992,3.11152514724153,0.00186123620799834,0.0170611610883504,"PPARG"
"ENSG00000132182.12",4285.15011830592,-0.0210592048123705,0.103259037108535,-0.203945392113576,0.838396172683768,0.9120612918952,"NUP210"
"ENSG00000132185.18",196.473404795801,-0.48567070281326,0.187314059695848,-2.59281499531786,0.00951939629445256,0.0518960636697575,"FCRLA"
"ENSG00000132196.15",630.763605301138,-0.102672630936085,0.0827566975608548,-1.24065645394544,0.214732687346536,0.397901450427351,"HSD17B7"
"ENSG00000132199.20",1773.60423094012,-0.112255548624067,0.0795835202112251,-1.41053761288928,0.158380998340715,0.328541426819309,"ENOSF1"
"ENSG00000132204.14",31.6510754240806,0.615865300659973,0.364350987318527,1.69030775844053,0.0909690915802151,0.230304687178544,"LINC00470"
"ENSG00000132205.11",1635.57439851685,0.0802570251509055,0.106537380908661,0.753322678541474,0.451256034052858,0.634874372114681,"EMILIN2"
"ENSG00000132254.13",2694.90535907925,0.0259764288845695,0.0659607074026362,0.393816711606876,0.693716365356555,0.821110470738425,"ARFIP2"
"ENSG00000132256.19",1145.67701054367,-0.0693052900021918,0.0607276274254097,-1.14124810964034,0.253766689090072,0.444198442685372,"TRIM5"
"ENSG00000132259.13",51.3192628520164,-1.00481884412408,0.229851619117306,-4.37159785074765,1.233405503647e-05,0.000465575617153283,"CNGA4"
"ENSG00000132274.16",3957.61432718478,-0.23764642409032,0.10360350577099,-2.29380678116842,0.0218015997459141,0.0899988419517319,"TRIM22"
"ENSG00000132275.11",873.564223888954,-0.00321143701974073,0.0443939335838379,-0.0723395464309541,0.942331693618397,0.969855426986492,"RRP8"
"ENSG00000132286.12",1391.18601863589,-0.132178353644551,0.0592397542551049,-2.23124412493931,0.0256649625989948,0.100078420251954,"TIMM10B"
"ENSG00000132294.15",5361.12518979263,0.0518908458617405,0.0695358793792409,0.746245626358353,0.455519050767901,0.6387127593167,"EFR3A"
"ENSG00000132300.19",2614.1844012821,-0.0927645608952588,0.055073451917828,-1.68437890970894,0.0921084640437784,0.2321046846359,"PTCD3"
"ENSG00000132305.21",3717.99243435441,0.0847758825862952,0.0500657014835864,1.69329261498689,0.0903997831355514,0.229303701314098,"IMMT"
"ENSG00000132313.15",1366.94727549717,0.0832047899516439,0.0551407020897434,1.50895412641328,0.131310506247119,0.291623019444023,"MRPL35"
"ENSG00000132321.17",281.912196592829,-0.413544359492709,0.16901596632642,-2.44677688434495,0.0144140036500652,0.0684279799688609,"IQCA1"
"ENSG00000132323.9",1125.24266227155,0.0172898738422503,0.0471741824340536,0.366511361726732,0.713983536124373,0.834710180985618,"ILKAP"
"ENSG00000132326.12",1676.25888617627,-0.194857621359392,0.0854161024814686,-2.28127502541652,0.0225321776091995,0.0919656478047174,"PER2"
"ENSG00000132329.11",1433.40720182976,0.127518708584416,0.16437916972247,0.77575953692741,0.437890979251205,0.623349883776863,"RAMP1"
"ENSG00000132330.18",85.4119565914112,-0.145549113102149,0.0973787200074463,-1.4946706332864,0.13500042208993,0.296449617421303,"SCLY"
"ENSG00000132334.17",3103.31632933576,-0.183520148575513,0.0965352739108974,-1.90106829494163,0.0572930677565854,0.170339177069119,"PTPRE"
"ENSG00000132341.12",11385.3877964756,0.134878100931037,0.0840687868038576,1.60437786792051,0.108630786435072,0.257965553373487,"RAN"
"ENSG00000132356.11",4410.82393187727,-0.16048634069345,0.0632392729908492,-2.53776384678983,0.0111563237174846,0.0577557900056314,"PRKAA1"
"ENSG00000132357.14",899.051907411945,0.0299325979017038,0.0953898221196774,0.313792365228965,0.753678743397498,0.860561028780119,"CARD6"
"ENSG00000132359.15",1292.74452222342,0.0102338085778405,0.116033130756796,0.0881972977122409,0.929719865062236,0.963002476977738,"RAP1GAP2"
"ENSG00000132361.18",3458.45602437409,0.0798938596391041,0.0850002742022467,0.93992472834861,0.347256172078909,0.541077349980022,"CLUH"
"ENSG00000132376.20",1971.67921848235,0.038471866995316,0.0788160522543795,0.488122227578054,0.625463267765487,0.773477028962052,"INPP5K"
"ENSG00000132382.15",2572.80883308771,0.0925393181157134,0.0771305135275728,1.19977572925963,0.230226452664835,0.416572243944042,"MYBBP1A"
"ENSG00000132383.12",3504.91382946755,0.0519273996428204,0.0531907127330514,0.976249367129724,0.328940904542835,0.522516796361687,"RPA1"
"ENSG00000132386.11",6561.88209638773,-0.0620498163205869,0.124725112536314,-0.497492566322767,0.618841743733374,0.768212113450699,"SERPINF1"
"ENSG00000132388.12",2045.33365632045,0.0977367893327286,0.0515262789778709,1.89683383453138,0.0578498722662193,0.171336695788563,"UBE2G1"
"ENSG00000132394.11",813.82885813901,0.0913797890842043,0.0603594832077371,1.51392596867845,0.13004461690786,0.28991398357529,"EEFSEC"
"ENSG00000132405.19",1142.63887161102,0.0350299876061744,0.075144134589061,0.466170617277611,0.641093379378448,0.784011235661426,"TBC1D14"
"ENSG00000132406.12",1116.74301100728,0.0819339416109718,0.0692588398364272,1.18301059914489,0.236804946799456,0.424347225027951,"TMEM128"
"ENSG00000132423.12",256.752030725914,-0.0367799969091326,0.0848906378174692,-0.433263288564476,0.664823505233392,0.801781096853413,"COQ3"
"ENSG00000132424.16",3365.26543029498,-0.29340750843726,0.0799407691918022,-3.67031129927317,0.000242255255469359,0.00414460648527306,"PNISR"
"ENSG00000132429.10",115.084365049636,0.839728358263066,0.283195284070674,2.96519188523458,0.00302494187876847,0.0237646703715006,"POPDC3"
"ENSG00000132432.14",3083.59412002199,0.340255816030497,0.0929113684993055,3.66215482051629,0.000250102626219947,0.00423533404615498,"SEC61G"
"ENSG00000132434.9",1014.33683293812,0.385953787864181,0.0747587918713682,5.1626541601724,2.43472715387719e-07,2.69300236325692e-05,"LANCL2"
"ENSG00000132436.11",795.685896972311,0.0959297173583886,0.0967446444019513,0.991576515179726,0.321404150165523,0.515265005607972,"FIGNL1"
"ENSG00000132437.18",339.189078451384,-0.517350352017045,0.286788827712554,-1.8039417927939,0.0712404323572605,0.196276072674197,"DDC"
"ENSG00000132446.7",0.834351687589092,0.632872574954398,0.777855889233526,0.813611600444409,0.415867490171786,0.604605954161104,"FTHL17"
"ENSG00000132463.14",4716.04487803569,0.11238112584501,0.0495072469181037,2.26999344219068,0.0232079809347567,0.0936902278720571,"GRSF1"
"ENSG00000132464.13",53.9902197969804,-0.862782050675006,0.250680256787219,-3.44176307194127,0.000577936203969145,0.00742904634700569,"ENAM"
"ENSG00000132465.12",22687.8165240574,-0.153229239526329,0.176600405810172,-0.867660744171991,0.385580082023786,0.576971763181688,"JCHAIN"
"ENSG00000132466.19",4829.40168085078,0.0281256458120166,0.0611932673301111,0.459619939237611,0.645789044577318,0.787555115791672,"ANKRD17"
"ENSG00000132467.4",1429.03741741764,0.0881836990498814,0.0496096027068735,1.77755301873569,0.0754772957648271,0.203845508180364,"UTP3"
"ENSG00000132470.14",10018.1882686057,0.573129140471914,0.158719460777659,3.61095695300262,0.000305069298592309,0.00485500581167961,"ITGB4"
"ENSG00000132471.12",6753.20831471815,0.154096044001473,0.0727789736427716,2.11731543175971,0.0342330860700824,0.120888953165694,"WBP2"
"ENSG00000132475.10",26436.8725658442,0.144442634211853,0.053676534599662,2.69098285291992,0.00712418564685968,0.0426976620595678,"H3-3B"
"ENSG00000132478.10",1414.5478594672,-0.03199848451579,0.0517456021128999,-0.618380755256743,0.536324380572094,0.704956674262178,"UNK"
"ENSG00000132481.7",1951.53930479976,0.315262826927906,0.101334223200337,3.11111899782004,0.00186379815447652,0.0170746304764161,"TRIM47"
"ENSG00000132485.14",3114.57062995829,-0.193286035913595,0.0642344585658514,-3.00907083563946,0.00262048010878433,0.0215203858563781,"ZRANB2"
"ENSG00000132507.18",10457.966534926,0.339318185951923,0.0883552501685722,3.84038509657933,0.000122841459193808,0.0025402240378506,"EIF5A"
"ENSG00000132510.10",2863.94962643974,-0.113549864480465,0.096899270976873,-1.17183404308136,0.241263691962208,0.429356002592355,"KDM6B"
"ENSG00000132514.14",431.499402080113,0.119558310324074,0.149615626780058,0.799103094356784,0.424230635550126,0.611848490269033,"CLEC10A"
"ENSG00000132517.15",143.128085481362,-0.155100312812879,0.163584829701238,-0.948133840382053,0.343061322601417,0.536499629544318,"SLC52A1"
"ENSG00000132518.7",47.6863919744507,-0.00967864587879717,0.139021895567396,-0.069619579270555,0.944496452747133,0.971127869095439,"GUCY2D"
"ENSG00000132522.16",20.3812476248328,-0.355667185193189,0.107206497754377,-3.31758981631939,0.000907977178546859,0.0102750796075325,"GPS2"
"ENSG00000132530.17",518.982581950052,-0.0419492916346974,0.120626598490854,-0.347761539822232,0.728019275640634,0.843815514627232,"XAF1"
"ENSG00000132535.21",549.16242852151,-0.0743629254168535,0.0860300916593907,-0.864382729141686,0.387377677232951,0.57857274272651,"DLG4"
"ENSG00000132541.11",771.752467346143,0.185548817015357,0.0869351236656735,2.13433660862923,0.0328152366068312,0.117437135585427,"RIDA"
"ENSG00000132549.18",2190.48402269353,-0.216504436406485,0.0952339694193655,-2.27339506823559,0.0230023830791721,0.0930972939283829,"VPS13B"
"ENSG00000132554.20",117.665880070863,-0.909793955166001,0.202917573119584,-4.48356414468764,7.34065229533503e-06,0.000317709327436163,"RGS22"
"ENSG00000132561.14",1233.03003023424,-0.00427661442542096,0.159156388924937,-0.0268705168187622,0.97856300919327,0.989289999546688,"MATN2"
"ENSG00000132563.16",97.1206027333913,-0.330391789127136,0.138145555701778,-2.39162083390052,0.0167741613830562,0.0758573967571433,"REEP2"
"ENSG00000132570.15",681.915232513365,-0.00348246371975138,0.0647668229693754,-0.0537692534555545,0.957119006256739,0.978199895543166,"PCBD2"
"ENSG00000132581.10",2247.32137607652,0.0594494358102501,0.0657519710717052,0.904146823909173,0.365917552607327,0.558701815132114,"SDF2"
"ENSG00000132589.16",6832.34984297455,0.101284388921746,0.0664613508977879,1.52395922673184,0.127518896826714,0.28633483725985,"FLOT2"
"ENSG00000132591.12",2003.82561864662,0.120774623028214,0.0675343781911761,1.78834285978506,0.0737207090005333,0.200800422543955,"ERAL1"
"ENSG00000132600.17",1285.77633818564,-0.0521082869347509,0.0602412701479181,-0.864993165097661,0.387042540232659,0.578272965322253,"PRMT7"
"ENSG00000132603.15",1568.76508655791,0.165828277272741,0.0705795551256314,2.34952284663125,0.0187974904836623,0.0818606737308789,"NIP7"
"ENSG00000132604.11",1315.51281202645,-0.00711659834540383,0.0456597754145158,-0.155861439982935,0.876142240218993,0.933862699546105,"TERF2"
"ENSG00000132612.16",1885.79238091918,0.0415661842341034,0.0514883660423979,0.807292742595013,0.419497844254886,0.60769967211644,"VPS4A"
"ENSG00000132613.15",687.899486338697,0.0297439794069022,0.0899256123909771,0.330762044494974,0.740824232716641,0.852107831398692,"MTSS2"
"ENSG00000132622.11",440.82393731204,-0.101496292072186,0.160851669882652,-0.630993089137538,0.528045043138758,0.699070682840609,"HSPA12B"
"ENSG00000132623.16",636.386530570052,0.122037822710403,0.0818633901856966,1.4907496798456,0.136027227539429,0.297805729565116,"ANKEF1"
"ENSG00000132635.17",1255.28466324805,-0.098655248842754,0.083074534467905,-1.18755102841856,0.235010341242,0.422267123104891,"PCED1A"
"ENSG00000132639.13",136.521907837589,-0.562676622128476,0.190645650617251,-2.95142648314663,0.00316309834556819,0.0245590096126403,"SNAP25"
"ENSG00000132640.15",1502.43654616541,0.0010006719559696,0.0853134920743313,0.0117293517313503,0.990641545931573,0.995395579774562,"BTBD3"
"ENSG00000132646.11",4068.97527531069,-0.0136348168236543,0.0987330470516438,-0.138097802415866,0.89016312255474,0.941728657108832,"PCNA"
"ENSG00000132661.4",909.155403982366,0.15312279833618,0.0946889995537732,1.61711285426796,0.105853922668682,0.25357566897456,"NXT1"
"ENSG00000132664.12",571.896859929764,-0.0940250055714036,0.0557991182741885,-1.68506256871979,0.0919765004645258,0.231859894750167,"POLR3F"
"ENSG00000132669.13",3418.36745778331,-0.0176791096484729,0.0683699772736335,-0.25858001353016,0.795959305781008,0.887619265361483,"RIN2"
"ENSG00000132670.20",3626.84379412264,-0.0770555894351982,0.0494997372062889,-1.55668683884262,0.119544854909433,0.274154385840288,"PTPRA"
"ENSG00000132671.6",2.97426803827037,-0.35616130147592,0.361003916656279,-0.986585699054978,0.323845783842553,0.517350498814864,"SSTR4"
"ENSG00000132676.16",5104.86641297862,0.107552121160824,0.0646569550698967,1.66342694369934,0.0962270034467188,0.238742501360132,"DAP3"
"ENSG00000132677.13",48.2640561139647,-0.0691127586305908,0.221903171930697,-0.311454577369338,0.755455068795869,0.861466146233075,"RHBG"
"ENSG00000132680.11",2380.39384229491,-0.137523706025848,0.0875698656589477,-1.57044555214293,0.11631149202332,0.269276710555215,"KHDC4"
"ENSG00000132681.17",7.24069542323281,-0.544432946802177,0.151534221399877,-3.59280525397295,0.000327137080706906,0.0050989582527973,"ATP1A4"
"ENSG00000132688.11",2875.21962248474,0.17630066285587,0.136590276651458,1.29072630334986,0.196798600433362,0.37691892757096,"NES"
"ENSG00000132692.19",78.2066358304523,0.311434722132422,0.19628618005614,1.58663601300585,0.112595106090536,0.263856068944473,"BCAN"
"ENSG00000132693.12",2.19351838605487,0.675213897022121,0.24419127946109,2.76510241689328,0.00569049263762019,0.0366235397997852,"CRP"
"ENSG00000132694.19",3337.86835118432,-0.0283186779821765,0.0589876465021847,-0.480078112306578,0.631171851142019,0.777015398612308,"ARHGEF11"
"ENSG00000132698.15",5271.50418316715,0.150794131869571,0.109025961182039,1.38310298056251,0.16663329191794,0.338792194676273,"RAB25"
"ENSG00000132702.13",4.94413897203526,-0.119697599758422,0.181875978675525,-0.658127591285531,0.510456147758405,0.685515571268628,"HAPLN2"
"ENSG00000132703.4",0.743558064022919,-0.328088890280827,0.696563757752661,-0.471010566698657,0.637633189088494,0.781403429968057,"APCS"
"ENSG00000132704.16",186.046242824668,-0.2615226733967,0.182185404783222,-1.43547543617931,0.151151663161425,0.318842572491498,"FCRL2"
"ENSG00000132716.19",1911.05284557575,-0.139412368923363,0.0685612694712294,-2.03339830196501,0.0420122987663611,0.138995872287435,"DCAF8"
"ENSG00000132718.9",965.577853261124,-0.161937225011762,0.106173245688932,-1.52521686570842,0.127205015242853,0.285899991391366,"SYT11"
"ENSG00000132740.10",896.598783077998,-0.0701316176681621,0.0609384186336019,-1.15086047916398,0.249789638875769,0.439547909465696,"IGHMBP2"
"ENSG00000132744.8",135.473755524365,-0.0764034525765513,0.181972788460661,-0.419861965202936,0.674586294537036,0.808546693452192,"ACY3"
"ENSG00000132746.15",565.521667944091,0.374843168697147,0.213573242776536,1.75510360672544,0.0792415875183413,0.210465909313772,"ALDH3B2"
"ENSG00000132749.11",244.586847339536,0.232313383012576,0.183070242447392,1.26898495302607,0.20444643076355,0.385600873475873,"TESMIN"
"ENSG00000132763.15",402.353683026125,-0.0519411749165652,0.0697577816321219,-0.744593272625622,0.45651763606461,0.639529315274225,"MMACHC"
"ENSG00000132768.14",1072.9674266083,0.0317436184235729,0.0740390079503534,0.428741811949432,0.668111128787659,0.804294500365198,"DPH2"
"ENSG00000132773.12",415.678612797363,0.0285614265205394,0.0587765690949077,0.485932182846887,0.627015249595791,0.774698480037425,"TOE1"
"ENSG00000132780.17",4703.89005845494,-0.0183882300166583,0.0762292834771564,-0.241222653262492,0.809382554454521,0.895271383948116,"NASP"
"ENSG00000132781.19",29.1470765081384,-0.373331624131717,0.104616262840628,-3.56858115549825,0.000358919680565014,0.00544149040302869,"MUTYH"
"ENSG00000132792.19",2083.11308183464,0.117921019315892,0.0575269153326318,2.04984082031949,0.040379966741893,0.135398351569931,"CTNNBL1"
"ENSG00000132793.12",860.761612596652,-0.127477362622099,0.0911268921433381,-1.39889948646096,0.161843126612779,0.332957005148566,"LPIN3"
"ENSG00000132801.7",276.2979467342,-0.117407151494617,0.0662569418186383,-1.77199774502103,0.0763949315448721,0.205395821361821,"ZSWIM3"
"ENSG00000132819.17",1720.06603103595,-0.0674418433722572,0.103757297277849,-0.649996146214724,0.515694710947096,0.689934659897998,"RBM38"
"ENSG00000132821.12",3216.94249218508,0.124728545971178,0.198972796033032,0.626862307098867,0.530749496852194,0.700866373104081,"VSTM2L"
"ENSG00000132823.11",1717.02570924049,0.0213865268661473,0.0717555107802244,0.29804716925019,0.765667162799625,0.868382110410081,"OSER1"
"ENSG00000132824.14",8424.30438177112,0.0281098443527602,0.0520187740538031,0.540378831759591,0.588935803137835,0.745898721568378,"SERINC3"
"ENSG00000132825.7",594.73755650388,-0.0516936868156935,0.0698882386880496,-0.73966217758658,0.45950500334966,0.642057333131332,"PPP1R3D"
"ENSG00000132837.15",136.063318470787,0.142152742376546,0.176957520644505,0.803315631111947,0.421792325536326,0.609608397765948,"DMGDH"
"ENSG00000132840.10",812.587575585331,0.344332794533737,0.244158972886195,1.4102811396337,0.158456685289474,0.328609594078887,"BHMT2"
"ENSG00000132842.14",2586.40971993626,0.0969306522474213,0.04992999177881,1.9413312278685,0.0522181140871456,0.160274515746597,"AP3B1"
"ENSG00000132846.6",539.591872544437,-0.170830154430381,0.103995540283053,-1.64266807947167,0.100451626609741,0.245013549239918,"ZBED3"
"ENSG00000132849.21",3300.17683279174,-0.212151821417002,0.0754307758876651,-2.81253664595665,0.00491524223805539,0.0330325312538511,"PATJ"
"ENSG00000132854.19",230.335867320269,-0.549441593899389,0.190282730659559,-2.88750109899575,0.00388315249402289,0.0281537012159199,"KANK4"
"ENSG00000132855.5",8.50145729263445,-0.816157034743074,0.241768441973498,-3.37577984984715,0.000736067916377588,0.00888539127627231,"ANGPTL3"
"ENSG00000132872.12",31.317355926928,-0.5477761529215,0.38804246866304,-1.41163969708987,0.158056077529364,0.328157352050804,"SYT4"
"ENSG00000132874.15",224.754949571161,-1.20501758921044,0.337593882540285,-3.56942957657606,0.000357759371488892,0.00543131908571804,"SLC14A2"
"ENSG00000132879.14",885.159589339192,-0.133265843972649,0.0877453725959812,-1.51877916783446,0.128818091286678,0.288117990153839,"FBXO44"
"ENSG00000132881.12",168.012099287303,0.0232371592105722,0.0797981634377915,0.29119917313244,0.770898994929783,0.87182568936683,"CPLANE2"
"ENSG00000132906.18",867.906104645184,0.160441122541185,0.0721516694608202,2.22366472931452,0.0261710099580786,0.101331664435245,"CASP9"
"ENSG00000132911.5",9.00986435230405,-0.260364467919854,0.262143258866085,-0.993214431857125,0.320605466741228,0.514377056581566,"NMUR2"
"ENSG00000132912.13",3275.24412303896,-0.00726641929459193,0.0552117099530046,-0.131610111347339,0.89529268740208,0.94454257241185,"DCTN4"
"ENSG00000132915.11",25.4035228090936,0.113913670804718,0.16317831144451,0.698093207340582,0.485118905811289,0.664186094719781,"PDE6A"
"ENSG00000132932.17",229.708558205019,-0.480010183583124,0.170220547600989,-2.81993090933009,0.0048033990424649,0.0325039764879642,"ATP8A2"
"ENSG00000132938.21",34.1419279990063,0.264203040164158,0.192743561044582,1.37074898239038,0.170453219690563,0.344141846158758,"MTUS2"
"ENSG00000132950.19",608.903580239906,-0.136705774721151,0.0534745090537492,-2.55646619558008,0.0105741344729924,0.0557297228129392,"ZMYM5"
"ENSG00000132952.12",899.984406425645,-0.163321479521939,0.0458878818810759,-3.55914182191296,0.000372068584368123,0.00555559705189459,"USPL1"
"ENSG00000132953.16",1409.879287189,-0.0628374582989185,0.069961730518383,-0.898169010876703,0.369095451837241,0.561724944140486,"XPO4"
"ENSG00000132958.17",12.1002196233942,-0.162152511930001,0.194307780382809,-0.834513736972045,0.403991549702935,0.593613322634823,"TPTE2"
"ENSG00000132963.8",3825.89771922765,0.0836399777583721,0.0789888504395784,1.05888333977403,0.289652912580218,0.482026113092732,"POMP"
"ENSG00000132964.12",697.61976060685,-0.0306779699088257,0.0701573009097321,-0.437274089952483,0.661912583561179,0.799428848744915,"CDK8"
"ENSG00000132965.10",2446.82968897124,0.159032504032317,0.14695613838893,1.08217666696865,0.279174034314761,0.471654674512746,"ALOX5AP"
"ENSG00000132967.9",495.174698343164,0.0557704881146139,0.0874443927490727,0.637782324987387,0.523615386765248,0.695833914963294,"HMGB1P5"
"ENSG00000132970.14",268.096162135511,-0.322764212673127,0.140238568942539,-2.30153669640893,0.0213613136347898,0.0887304602311996,"WASF3"
"ENSG00000132972.19",3.74274023061027,-0.21031464338333,0.211098902918552,-0.996284871572616,0.319111752213046,0.51284937084519,"RNF17"
"ENSG00000132975.8",16.3008896946292,-0.0039753014241318,0.355472480436051,-0.011183148184229,0.991077324705485,0.995660661366972,"GPR12"
"ENSG00000133019.12",165.693831486186,0.0481833360420151,0.209672168426673,0.229803203751698,0.818244695111813,0.9009429527331,"CHRM3"
"ENSG00000133020.4",3.41711469466826,-0.831354548451069,0.280592979397197,-2.96284871502161,0.00304806336538931,0.0238830721637812,"MYH8"
"ENSG00000133026.13",5535.01833728878,-0.15830629661581,0.110779500965342,-1.4290215720085,0.152998033311945,0.321370783121325,"MYH10"
"ENSG00000133027.18",377.800906756242,-0.0057654428060987,0.100217672285468,-0.0575292029301571,0.954123644049584,0.976232781626442,"PEMT"
"ENSG00000133028.12",1192.80276388145,0.0401112766058332,0.0475640822703706,0.843310218366602,0.399054969429448,0.589135444609506,"SCO1"
"ENSG00000133030.22",7763.62760050202,0.106559501402583,0.0764311541235547,1.39418935412547,0.163260431882393,0.33464230323065,"MPRIP"
"ENSG00000133048.13",6595.39782083261,-0.720210197721115,0.175704586689511,-4.09898347727146,4.14968654927161e-05,0.00114842489014879,"CHI3L1"
"ENSG00000133055.9",104.321942573764,-0.409236277957528,0.258998159198064,-1.58007407938592,0.114089902577741,0.266143156286487,"MYBPH"
"ENSG00000133056.13",1805.81512362256,0.0514082599026861,0.0921462159361463,0.557898763182093,0.576913516147693,0.736471690686547,"PIK3C2B"
"ENSG00000133059.17",1348.14899012895,-0.0673278592040371,0.0628897570858684,-1.07056955415027,0.284363019187623,0.476990024073636,"DSTYK"
"ENSG00000133063.16",3584.18227196935,-0.0763601888074155,0.224523446072129,-0.340098952440291,0.733782010639548,0.847860481355516,"CHIT1"
"ENSG00000133065.11",2351.40136548742,-0.190230054678487,0.0875399680548416,-2.17306515989717,0.0297754134496889,0.110109168052926,"SLC41A1"
"ENSG00000133067.17",263.245548874422,-0.362424248105586,0.195904140471698,-1.85000810719437,0.0643123811121031,0.183799472375568,"LGR6"
"ENSG00000133069.17",199.775980169609,-0.0516854137075783,0.110962908407919,-0.465790005409497,0.641365819800184,0.784229184611706,"TMCC2"
"ENSG00000133083.15",1009.04615941192,-0.0209269203815948,0.154121812418584,-0.135781691463365,0.891993865098919,0.942835276683245,"DCLK1"
"ENSG00000133101.10",78.7186054530808,0.149447051292262,0.233810981003794,0.639178924149149,0.522706541153716,0.695231308407386,"CCNA1"
"ENSG00000133103.17",1349.226260746,0.0521158282440648,0.0674975303265505,0.772114594295974,0.440046559104811,0.625340195162902,"COG6"
"ENSG00000133104.14",2157.90181446967,0.0829840855948215,0.0713329301468847,1.16333487807027,0.244693659953218,0.433613366156823,"SPART"
"ENSG00000133105.8",7.52034639848985,-0.280781778710731,0.332852997922708,-0.843560912664309,0.398914814124415,0.588987134979119,"RXFP2"
"ENSG00000133106.15",1366.51409564223,0.244424345481894,0.11093355445491,2.20334006859253,0.0275707888542866,0.10472495987744,"EPSTI1"
"ENSG00000133107.15",49.6165622127054,0.0391395902318503,0.118482553216819,0.330340536806513,0.741142666509242,0.852385753630378,"TRPC4"
"ENSG00000133110.15",12984.3027214037,0.239256249687935,0.146673796175811,1.63121331775683,0.102845316154555,0.24898408309581,"POSTN"
"ENSG00000133111.4",223.61441074701,-0.201327409283393,0.0622660509266288,-3.23334154466656,0.00122351189320389,0.0126622261300706,"RFXAP"
"ENSG00000133112.17",70262.9079238403,0.159901134699053,0.0972383785765252,1.64442411566142,0.10008862714428,0.244506280254084,"TPT1"
"ENSG00000133114.18",1017.30444832408,-0.0773530004549533,0.0528876133493485,-1.46259200512602,0.143579052198364,0.308498056459511,"GPALPP1"
"ENSG00000133115.12",94.0461963378476,-1.01924163125735,0.281695039376006,-3.61824487046385,0.0002966076960064,0.00475256226356898,"STOML3"
"ENSG00000133116.8",266.691567931592,-0.678716117805804,0.200434265406065,-3.38622798068372,0.000708604886579773,0.00863211946172718,"KL"
"ENSG00000133119.13",690.597438567572,0.106024604302585,0.0956611936773287,1.10833453176648,0.267717367384681,0.459431876737709,"RFC3"
"ENSG00000133121.21",864.225540976619,-0.0250711910193759,0.117857858255851,-0.212723965889065,0.831542272495335,0.908154877859021,"STARD13"
"ENSG00000133124.11",2.90319468198109,-0.162306701913641,0.353697047953916,-0.458886221563229,0.646315873698928,0.78785128819048,"IRS4"
"ENSG00000133131.15",1293.84642911171,0.196631629123647,0.0728817868801341,2.69795291170673,0.00697673084910495,0.0420866642796251,"MORC4"
"ENSG00000133134.12",541.525955605642,0.0343503061071236,0.157349184925556,0.218306222071473,0.827190526861083,0.905492674780892,"BEX2"
"ENSG00000133135.14",1150.77025106669,0.436212165463116,0.17986592708473,2.4252073337805,0.015299646190739,0.0712805934268506,"RNF128"
"ENSG00000133138.20",727.926376762473,-0.11774203708955,0.0796982140607864,-1.47734850118156,0.139582243156881,0.302723706691554,"TBC1D8B"
"ENSG00000133142.18",2738.93459920996,0.0455990015167093,0.0680237872556278,0.670339058678871,0.502641673557068,0.678795561167338,"TCEAL4"
"ENSG00000133169.6",35.6445223193075,-0.645890959041595,0.285884982591191,-2.25926858132735,0.023866683041899,0.0955646600713206,"BEX1"
"ENSG00000133193.12",804.73585337473,0.132993213020202,0.053705748306681,2.4763310672213,0.0132740426456415,0.0648946698680386,"FAM104A"
"ENSG00000133195.11",2944.36321904948,0.231351138577436,0.0841580828670052,2.74900675842438,0.00597761536872338,0.0378639171367784,"SLC39A11"
"ENSG00000133216.17",1752.87480107398,0.343524190191541,0.151825544414862,2.26262445832477,0.0236588490989892,0.0949462467517658,"EPHB2"
"ENSG00000133226.17",3973.62976710035,-0.0837163886180868,0.0473249746004196,-1.76896848492645,0.0768991340124555,0.206284978541349,"SRRM1"
"ENSG00000133243.10",3228.41435523286,0.123703401005783,0.0712034217110071,1.73732382564222,0.0823300283709334,0.215912850299605,"BTBD2"
"ENSG00000133246.12",321.438224083018,-0.0130821020777337,0.1521277693482,-0.0859941753815539,0.931471047447311,0.963747454243997,"PRAM1"
"ENSG00000133247.14",486.285368738605,-0.0326858348928286,0.0961558971766719,-0.339925432059287,0.733912683841272,0.847878235239345,"KMT5C"
"ENSG00000133250.14",400.29587984279,0.0715058207117407,0.0803563236096959,0.889859285487678,0.373541448138866,0.565593091553513,"ZNF414"
"ENSG00000133256.13",303.242255069085,-0.13398402012392,0.126891478532906,-1.05589454605634,0.291016396145777,0.483449372630177,"PDE6B"
"ENSG00000133265.11",1739.13499267405,0.180115860425352,0.0902262908929135,1.99626803499133,0.0459047554251782,0.147368388657726,"HSPBP1"
"ENSG00000133275.16",2632.26438104759,0.083961796148551,0.0654765447543017,1.28231867554427,0.199730879282456,0.380355352384587,"CSNK1G2"
"ENSG00000133302.13",601.402414490429,0.345858605839059,0.117488396430785,2.94376820474191,0.00324242743352753,0.024976894156509,"SLF1"
"ENSG00000133313.15",9481.3306600544,0.136681588592734,0.0645008360453841,2.11906692955983,0.0340848110577697,0.120470256137168,"CNDP2"
"ENSG00000133315.12",723.718958813945,-0.0268345238528162,0.10371508155541,-0.258733093108352,0.795841184140503,0.887517268827955,"MACROD1"
"ENSG00000133316.15",883.064235034617,0.082613559878009,0.0594241489059431,1.3902354749543,0.164457384355244,0.336236778269413,"WDR74"
"ENSG00000133317.16",26.6229465302774,0.296501720557274,0.18513279919307,1.60156234794496,0.10925242250307,0.258823455021162,"LGALS12"
"ENSG00000133318.14",8573.90870116791,0.0726412620999688,0.057301651448061,1.26769927679679,0.204905363169929,0.386138804325377,"RTN3"
"ENSG00000133321.11",3892.53722104358,0.127819019556564,0.142588418050679,0.896419367743697,0.370028827083825,0.562461883603839,"PLAAT4"
"ENSG00000133328.4",61.2015134641538,0.127187239928624,0.207131754124248,0.61404027821022,0.539188711301562,0.707408959858248,"PLAAT2"
"ENSG00000133392.18",4834.54920610637,-0.136584004456314,0.166938472513087,-0.818169726847157,0.41326027874079,0.602375527525856,"MYH11"
"ENSG00000133393.13",1948.66871653723,0.06786393076764,0.0673564009224209,1.00753499056168,0.313677751632084,0.507775655883138,"CEP20"
"ENSG00000133398.4",1323.68607577371,0.112947139429701,0.0804816799131023,1.4033894365979,0.160500741251573,0.331337057396705,"MED10"
"ENSG00000133401.16",1597.58154137553,-0.240403115812396,0.167430220878819,-1.43584064185397,0.151047692127762,0.318713544530399,"PDZD2"
"ENSG00000133422.14",2299.86788736753,0.0425202599725058,0.0638564281327567,0.665872821513078,0.505492393774901,0.681128357245231,"MORC2"
"ENSG00000133424.22",983.967726994176,-0.362119604740069,0.118809592830517,-3.04789871013729,0.00230447589511434,0.0197278789238366,"LARGE1"
"ENSG00000133433.11",64.9215526295845,-0.202069757203588,0.161114973536796,-1.25419601150503,0.209770769234615,0.39199768467664,"GSTT2B"
"ENSG00000133454.16",17.0043764416645,-0.537355582482046,0.28742392530981,-1.86955759477169,0.0615452785966798,0.178798164076724,"MYO18B"
"ENSG00000133460.19",418.903584048588,-0.205174277530702,0.0855457387541457,-2.39841610486716,0.0164661480015918,0.0749224361646844,"SLC2A11"
"ENSG00000133466.14",1289.75027674315,0.476270800349351,0.12873864171597,3.6995170525422,0.000216010126838345,0.003811001777571,"C1QTNF6"
"ENSG00000133475.17",37.6616780297432,-0.694519086063487,0.199824906202266,-3.47563824381574,0.000509639245422517,0.00684170137010155,"GGT2"
"ENSG00000133477.17",439.121316184284,-0.174523195463893,0.2310485861719,-0.755352795511364,0.450037328498283,0.633751240921399,"FAM83F"
"ENSG00000133488.15",181.945470205083,-0.410039343399136,0.189034758898559,-2.16912141337548,0.0300734673872459,0.11084201812505,"SEC14L4"
"ENSG00000133519.12",104.349739440971,0.597123897884727,0.186544979295986,3.20096472249348,0.00136968300252062,0.0136611312770877,"ZDHHC8P1"
"ENSG00000133561.15",1390.86525506052,0.012677361933004,0.134371498691104,0.0943456168643839,0.924834614473301,0.960552763052866,"GIMAP6"
"ENSG00000133574.10",1680.98524209041,-0.00894834889407121,0.116170443401223,-0.0770277588006263,0.938601462235721,0.967966374940801,"GIMAP4"
"ENSG00000133597.11",1156.9365487321,0.166176845837749,0.0709944619941042,2.340701530375,0.0192475473845373,0.0831463079114311,"ADCK2"
"ENSG00000133606.11",5866.70607547395,0.000954673130739144,0.0453553752752045,0.0210487318194688,0.983206781902647,0.991791932214468,"MKRN1"
"ENSG00000133612.19",3885.8567162748,-0.0204577119290718,0.0698523771158372,-0.29287066201264,0.769621014402976,0.871204394019866,"AGAP3"
"ENSG00000133619.17",371.547320765317,-0.064695956308268,0.0787126823600485,-0.821925442869994,0.411119331458513,0.600192760458157,"KRBA1"
"ENSG00000133624.13",445.793982183748,-0.284785111946852,0.0887935488040254,-3.20727255282246,0.00133999975181159,0.013498520949187,"ZNF767P"
"ENSG00000133627.18",320.584458466095,-0.0295396631833524,0.0763931920320741,-0.386679262871356,0.698993670061095,0.824296344039883,"ACTR3B"
"ENSG00000133636.11",500.448434290875,-1.99752112235086,0.370758669757405,-5.38765856414869,7.13814921526729e-08,1.08022909919952e-05,"NTS"
"ENSG00000133639.6",7689.2516061925,-0.0203449031866253,0.0811493887298638,-0.250709259860859,0.80203890095612,0.891147888730354,"BTG1"
"ENSG00000133640.20",210.045828804321,-0.87230064314588,0.202122180812299,-4.31570963483687,1.59090989464087e-05,0.000556367259687801,"LRRIQ1"
"ENSG00000133641.18",708.895250941896,0.0468535426607556,0.0752520273761432,0.622621666078984,0.533533170071224,0.702841761214785,"C12orf29"
"ENSG00000133657.16",5988.39691386987,-0.0314139410974017,0.0901812270355616,-0.348342356053927,0.727583087805098,0.843580837273033,"ATP13A3"
"ENSG00000133661.17",10739.6431596138,-0.265956642538816,0.236416814934028,-1.12494808211096,0.260611035292488,0.451784597656486,"SFTPD"
"ENSG00000133665.13",92.5164664655033,-0.818873603168339,0.219306449057845,-3.73392395292648,0.000188519437814555,0.00344099651489034,"DYDC2"
"ENSG00000133678.14",905.29541185363,0.00473480314354173,0.0739115601217708,0.0640603869779105,0.948922143640413,0.973189538065157,"TMEM254"
"ENSG00000133687.16",902.263646215538,-0.575806636386331,0.171486050080506,-3.35774621968384,0.000785807230877865,0.00927068750447086,"TMTC1"
"ENSG00000133703.13",3194.50674301025,0.110745590647122,0.0882101121154031,1.2554750015762,0.209306377407501,0.391463244931629,"KRAS"
"ENSG00000133704.10",2805.52368023307,0.00506634408596499,0.0632019924483921,0.0801611450794362,0.936109092410711,0.96659367967093,"IPO8"
"ENSG00000133706.19",4331.27454221714,-0.0114917196915808,0.0550284030826964,-0.208832512808179,0.834578989325849,0.909992519114268,"LARS1"
"ENSG00000133710.16",1086.50498850403,-0.911809190451341,0.238042238682711,-3.83045124889243,0.000127908474276237,0.00261736744565382,"SPINK5"
"ENSG00000133731.10",1158.46663096368,-0.00573690402994954,0.0802667676215165,-0.0714729669568965,0.943021338764832,0.970100073931956,"IMPA1"
"ENSG00000133739.16",1015.31272922515,-0.0516032057078732,0.0747440090118694,-0.69039922249392,0.489943165549977,0.668249295384737,"LRRCC1"
"ENSG00000133740.11",529.575781834201,-0.0946623142097003,0.0972529654150762,-0.97336172532818,0.330373554558343,0.524007855815059,"E2F5"
"ENSG00000133742.14",16.8110970941231,-0.811484701417121,0.285391815369425,-2.84340565396627,0.00446342217352107,0.0310101657811012,"CA1"
"ENSG00000133773.12",1048.41126927359,0.0273009234743667,0.070535657367836,0.387051379304445,0.698718171322055,0.824090409445415,"CCDC59"
"ENSG00000133789.15",3950.98404641115,-0.126793925983421,0.0698227409022703,-1.81594025592453,0.0693795372501847,0.192959073389039,"SWAP70"
"ENSG00000133794.20",751.046952687907,-0.288540812340216,0.0745271836397707,-3.87161835787175,0.000108115137490577,0.00232524371606833,"ARNTL"
"ENSG00000133800.9",687.077803323395,0.00118388711901987,0.195187463395194,0.00606538503255648,0.995160552600204,0.997647704839464,"LYVE1"
"ENSG00000133805.15",1046.36631238934,0.0220756885438061,0.0805908481466004,0.27392302043588,0.784143780210619,0.880162465006309,"AMPD3"
"ENSG00000133812.16",1062.20806891154,-0.159920493906344,0.0971640136610755,-1.64588192562911,0.0997880708312433,0.244067311356493,"SBF2"
"ENSG00000133816.17",6287.40250784953,-0.124490830065478,0.105590443923435,-1.17899712738918,0.23839931969666,0.426045305733214,"MICAL2"
"ENSG00000133818.14",1326.3110170776,-0.00586946051633768,0.0735290324787725,-0.0798250747829732,0.936376381164156,0.96671976116653,"RRAS2"
"ENSG00000133835.17",5525.94516430304,-0.0976271843852165,0.0767915327877269,-1.27132746073822,0.20361217694152,0.384703490546168,"HSD17B4"
"ENSG00000133858.17",1773.12056904014,-0.0701790977720323,0.0781683399621115,-0.897794398679163,0.369295171445894,0.561900468120659,"ZFC3H1"
"ENSG00000133863.9",36.856204362385,0.79732027250661,0.353405388426518,2.25610672224482,0.0240639482462496,0.0959934134869863,"TEX15"
"ENSG00000133872.14",10820.9901237073,-0.0326749499034225,0.0640332781017262,-0.510280761380256,0.609854779016645,0.761750700308943,"SARAF"
"ENSG00000133874.2",516.950623626927,0.0099053999255248,0.0954859060482452,0.103736774729037,0.917378242067106,0.95626894433577,"RNF122"
"ENSG00000133878.9",38.5988915182411,-0.115747148403803,0.179999844690523,-0.643040268189169,0.52019797121795,0.693435673813835,"DUSP26"
"ENSG00000133884.10",2339.34821574622,0.0300022572402181,0.0487024160924108,0.61603221456796,0.537873258473745,0.706171070500125,"DPF2"
"ENSG00000133895.17",1964.59102705218,0.0507637828118168,0.0740613106918011,0.685429171285737,0.493073141364577,0.670802717205413,"MEN1"
"ENSG00000133935.7",2568.82962417548,0.132617595299473,0.0768601347213367,1.72544057826973,0.0844481038024301,0.219427980948592,"ERG28"
"ENSG00000133937.5",12.699391235472,0.144165561241391,0.263735987938045,0.546628324668599,0.584634105445908,0.742725044083859,"GSC"
"ENSG00000133943.21",1711.38251847852,0.0320107350924186,0.0778273518903843,0.411304436228333,0.68084931707404,0.81268239069894,"DGLUCY"
"ENSG00000133958.13",27.9809155472034,-0.417073875831037,0.137384393160365,-3.03581699665258,0.00239884913400063,0.0203063524582463,"UNC79"
"ENSG00000133961.20",4021.40539747801,-0.0183028281657049,0.0508680969087154,-0.359809571774426,0.718989544710749,0.838640609328205,"NUMB"
"ENSG00000133962.8",199.149680166055,-0.116051843409172,0.186740174546012,-0.62146157724929,0.534295967560244,0.703345682178767,"CATSPERB"
"ENSG00000133983.16",171.675059651521,0.0571447051512656,0.0801954919936142,0.712567548757178,0.476113398496399,0.656474918253152,"COX16"
"ENSG00000133985.3",1942.81131847543,0.179341688440289,0.119457322168023,1.50130343779208,0.133277096226209,0.294256707376387,"TTC9"
"ENSG00000133997.12",754.788340818428,0.0297603395206571,0.054994316010633,0.541153007792715,0.588402124412263,0.745421306242675,"MED6"
"ENSG00000134001.15",3457.02728706664,0.13506988723846,0.0631449615124115,2.13904457304818,0.0324320586538503,0.116479021441493,"EIF2S1"
"ENSG00000134007.5",5.40536702905262,-0.816465717423107,0.223665602238455,-3.65038570639331,0.000261846806699121,0.00435013260251189,"ADAM20"
"ENSG00000134013.16",2605.10086529757,0.836966895474351,0.150601743142149,5.55748478079938,2.7368983950624e-08,5.20012703769821e-06,"LOXL2"
"ENSG00000134014.17",1482.07277671305,-0.0221517880749577,0.064058395591169,-0.345806164368117,0.729488392156216,0.844936579462041,"ELP3"
"ENSG00000134020.8",1543.34962656215,-0.0673848188947788,0.271805628414909,-0.247915465502858,0.80419981364175,0.892265951130562,"PEBP4"
"ENSG00000134028.14",581.421670300637,-0.486353886995392,0.202009162724313,-2.4075833018482,0.0160584982214694,0.0736514094623751,"ADAMDEC1"
"ENSG00000134030.14",1496.4091004803,-0.122250515037489,0.0914782055405076,-1.33638951830286,0.181421990516276,0.358310138452326,"CTIF"
"ENSG00000134042.14",31.9270457546669,0.110989787811655,0.145763010077943,0.761440009727471,0.446394297667625,0.63109503321384,"MRO"
"ENSG00000134046.12",3240.25371814738,0.042428358815253,0.0473149500207281,0.896722046555382,0.369867253390179,0.562359705307542,"MBD2"
"ENSG00000134049.6",1877.46550967866,0.00208224508767165,0.0823160325567629,0.0252957415827322,0.979819070570524,0.990078800428083,"IER3IP1"
"ENSG00000134056.12",901.490235371888,0.0711632164886278,0.0742641826740683,0.958244121543086,0.337939673465447,0.531285146559244,"MRPS36"
"ENSG00000134057.15",1903.77505801441,0.378457410196289,0.144040243944075,2.62744216361665,0.00860294650467889,0.0485207348772276,"CCNB1"
"ENSG00000134058.12",1079.8966857111,0.15793740636054,0.0663469414029718,2.38047757772697,0.01729021325592,0.0774650881347523,"CDK7"
"ENSG00000134061.5",441.933145384125,-0.175717140291221,0.120813472204624,-1.45444988116562,0.145821619138463,0.311573485511059,"CD180"
"ENSG00000134070.5",676.850623832419,0.27526891402515,0.111416962599901,2.47061944251381,0.0134879267896734,0.0655265645131472,"IRAK2"
"ENSG00000134072.11",68.6216396067282,0.0925085587031489,0.0842340269404139,1.0982326509047,0.272102912185446,0.464213284929032,"CAMK1"
"ENSG00000134077.16",1213.09000128866,0.0537686002287235,0.0476363077769101,1.1287314810487,0.259011124845484,0.450065625233856,"THUMPD3"
"ENSG00000134086.8",1668.81890708936,-0.0865137110433885,0.0501419295097901,-1.72537658381289,0.0844596284467839,0.219440799896892,"VHL"
"ENSG00000134107.5",12976.3027384402,0.0854586561966936,0.100819829956255,0.84763737683126,0.396639951922048,0.58719080080665,"BHLHE40"
"ENSG00000134108.14",4694.66029943377,0.0470241994180332,0.0522731421661697,0.899586240072372,0.368340482517569,0.56090928438263,"ARL8B"
"ENSG00000134109.11",5887.13996530223,-0.0909306630698612,0.079521005690412,-1.14347979229373,0.252839440083105,0.442989316114071,"EDEM1"
"ENSG00000134115.13",154.663091959641,-0.240972956816336,0.267582837081984,-0.900554607478451,0.367825178617906,0.560406538153302,"CNTN6"
"ENSG00000134121.10",1595.77992711018,-0.248963982519188,0.19442679461791,-1.28050242770527,0.200368491481316,0.38099652675124,"CHL1"
"ENSG00000134138.20",576.253471167738,0.0542048774658285,0.0996255427998725,0.544086144400891,0.586382194614106,0.743682998944323,"MEIS2"
"ENSG00000134146.12",357.579224043371,0.0379667102096715,0.0797698466784292,0.475953155115418,0.634107751784847,0.778995806419147,"DPH6"
"ENSG00000134152.11",1287.63467349769,-0.0245845843303558,0.0979474449679183,-0.25099770941864,0.801815880134779,0.891052059588045,"KATNBL1"
"ENSG00000134153.10",2614.82237166532,0.232444073911278,0.0694072566100214,3.34898806355814,0.000811072898707754,0.00948807098266945,"EMC7"
"ENSG00000134160.14",2.49222141437462,0.29702414240722,0.268778973650837,1.10508697303486,0.269121904728616,0.460851536576989,"TRPM1"
"ENSG00000134183.12",17.4272264166159,-0.0673379058809591,0.14476611921816,-0.465149623714662,0.641824311393617,0.784578767212928,"GNAT2"
"ENSG00000134184.13",226.030610094379,0.524809152940678,0.396685804024853,1.3229844567561,0.185840546837742,0.363759734603383,"GSTM1"
"ENSG00000134186.12",2434.57312033994,-0.134549629483228,0.0475123782452763,-2.83188580433994,0.00462743717246033,0.0317259608284023,"PRPF38B"
"ENSG00000134193.15",10.8529537225406,0.576999155474261,0.277639063119282,2.07823477356414,0.0376877407589045,0.129215042122753,"REG4"
"ENSG00000134198.10",307.72862519709,0.174852354017756,0.12535370223386,1.39487187774918,0.163054478882633,0.334477681173106,"TSPAN2"
"ENSG00000134201.12",193.272777576765,-0.102422578833083,0.159867437194908,-0.640671925629299,0.521735857999083,0.694472729904185,"GSTM5"
"ENSG00000134202.11",1056.37555848567,-0.0538283218016203,0.145610661103988,-0.369672944230222,0.711626193294313,0.833380381066783,"GSTM3"
"ENSG00000134207.17",10.4183920699523,-0.226730065966954,0.214439563552907,-1.05731452820745,0.29036806495409,0.48273842120087,"SYT6"
"ENSG00000134215.16",655.834349532572,-0.0681123283575794,0.147630548006267,-0.461370151892195,0.644533062245719,0.786621117950883,"VAV3"
"ENSG00000134216.19",359.244115046177,-0.809814750569018,0.26561939389921,-3.04877870053534,0.00229773673382235,0.0196907462237188,"CHIA"
"ENSG00000134222.16",355.688333054559,0.10450921602622,0.11277547950176,0.926701588749084,0.354081492423632,0.547484447671372,"PSRC1"
"ENSG00000134240.12",97.3514336787479,-0.173005611577561,0.332258649580796,-0.520695583985065,0.602578851179938,0.756244635567464,"HMGCS2"
"ENSG00000134242.16",542.624819605076,-0.255338842070172,0.130686675860712,-1.95382459909161,0.0507219640768549,0.15717482781187,"PTPN22"
"ENSG00000134243.12",6670.76536851522,-0.0785646184624632,0.0804138963770982,-0.977003005724746,0.328567664324847,0.52222290773701,"SORT1"
"ENSG00000134245.18",224.869091079942,-0.118568536206792,0.130805225419271,-0.906451067430546,0.364697153491689,0.557503206354691,"WNT2B"
"ENSG00000134247.10",4241.97923388637,0.171621731984286,0.0992959615984385,1.72838581974098,0.0839190760716015,0.218597583722841,"PTGFRN"
"ENSG00000134248.14",2123.6468442264,0.154066005325663,0.0829240869720115,1.85791620928746,0.0631809141682314,0.181647856252412,"LAMTOR5"
"ENSG00000134250.20",8252.95874612382,0.0283062028301302,0.0877259766638141,0.322666146409586,0.74694809311679,0.856134639175726,"NOTCH2"
"ENSG00000134253.10",267.958955298834,-0.134304290334308,0.105979536147822,-1.26726625928026,0.205060100734402,0.386344985988878,"TRIM45"
"ENSG00000134255.14",1066.53273120224,-0.091529052882899,0.0663456434907758,-1.37957894546044,0.167716323747855,0.340349845577065,"CEPT1"
"ENSG00000134256.12",236.206012295588,-0.0475748177814477,0.147790215329559,-0.321907764159894,0.747522571075683,0.856586664790484,"CD101"
"ENSG00000134258.17",453.55625349573,0.0197004352701616,0.254083076641666,0.0775354090109085,0.93819762372866,0.967851310868645,"VTCN1"
"ENSG00000134259.5",97.2304509010288,-0.18669584742031,0.216084189295185,-0.863995871374332,0.387590158572728,0.578723383231843,"NGF"
"ENSG00000134262.13",624.476665467023,-0.151513049356023,0.0625552135901707,-2.42206909161333,0.0154324161043434,0.0716884930043123,"AP4B1"
"ENSG00000134265.13",1858.91891702377,-0.019536221999702,0.0617568372832983,-0.316341037836558,0.751743665528677,0.859146677300685,"NAPG"
"ENSG00000134278.15",1286.29964085022,0.115315657823814,0.0990736569719235,1.16393864270593,0.244448877996037,0.43343558004353,"SPIRE1"
"ENSG00000134283.18",2154.38428047361,-0.0034106190358172,0.0515765143251139,-0.0661273659231462,0.947276423673673,0.972211521705356,"PPHLN1"
"ENSG00000134285.11",1552.0824281041,0.0977375643100037,0.107329321568123,0.910632461679811,0.362489060607601,0.555498515751236,"FKBP11"
"ENSG00000134287.10",8951.46297783931,0.119594246929021,0.0549374557533349,2.17691637315697,0.0294868075623892,0.109430864360119,"ARF3"
"ENSG00000134291.12",3526.47508936352,-0.00846700850742372,0.100346093851253,-0.08437805780437,0.932755852398283,0.964579066901529,"TMEM106C"
"ENSG00000134294.14",10043.2124393621,0.0365704239874202,0.0823601741244371,0.444030435537525,0.657020579459404,0.795796448872021,"SLC38A2"
"ENSG00000134297.6",155.050535788075,0.202847045648928,0.0765904385342038,2.64846434530258,0.00808583780134948,0.0464221069012465,"PLEKHA8P1"
"ENSG00000134308.14",12356.5834930615,0.0616567136015344,0.0644552607594257,0.956581555563996,0.338778502090342,0.532226909687324,"YWHAQ"
"ENSG00000134313.16",4546.6347216327,-0.090872363989635,0.0651400473075362,-1.39503067230843,0.163006590382012,0.334441265396458,"KIDINS220"
"ENSG00000134317.18",899.740213792394,0.0236468320357658,0.134655026480566,0.175610466640684,0.860599978956934,0.925331194271192,"GRHL1"
"ENSG00000134318.14",3288.10422127873,-0.0598753771307648,0.0709664106240142,-0.843714323498611,0.398829061563888,0.588933473716247,"ROCK2"
"ENSG00000134321.12",1047.0478932808,0.189428354041934,0.129493756833989,1.4628377357588,0.143511784698785,0.308433144921351,"RSAD2"
"ENSG00000134323.12",133.705228435377,-0.996521331588941,0.253207070813115,-3.93559835587863,8.29896669038113e-05,0.00192273833001294,"MYCN"
"ENSG00000134324.12",1974.29476368598,-0.05978329254203,0.0839630847632214,-0.712018772423868,0.476453151474618,0.656644234468041,"LPIN1"
"ENSG00000134326.11",813.214373036712,0.215103912513182,0.110421274620341,1.94802960980815,0.0514114202947324,0.158617404862619,"CMPK2"
"ENSG00000134330.19",1449.59135396208,0.0768850250501274,0.0734803269647103,1.04633482492603,0.295406472245421,0.488039285453891,"IAH1"
"ENSG00000134333.14",38123.5173940201,0.409489617398035,0.0892810435702254,4.58652364514473,4.50687381490923e-06,0.000224631095562393,"LDHA"
"ENSG00000134339.9",182.189002565557,-0.0456327221409393,0.246057727171062,-0.185455350927528,0.85287189752954,0.921128047624802,"SAA2"
"ENSG00000134343.14",70.4911120360281,0.228011504258712,0.187147136492081,1.21835422402181,0.22308939252474,0.407725219998481,"ANO3"
"ENSG00000134352.20",11181.1358418471,-0.199725487978653,0.0957700340939381,-2.08546952988184,0.0370267011998534,0.127836768956416,"IL6ST"
"ENSG00000134363.12",363.51432789236,-0.207475258656154,0.19143961264302,-1.08376346876044,0.278469686422415,0.471044948040149,"FST"
"ENSG00000134365.13",2.25489060800929,0.00222461331100823,0.42578150939383,0.00522477670337383,0.995831250301368,0.997985708635218,"CFHR4"
"ENSG00000134369.15",2574.83439082144,-0.0584459513420127,0.107044460276649,-0.545996973509543,0.585068017598464,0.742921908154608,"NAV1"
"ENSG00000134371.14",2701.75920082785,0.0312875925372999,0.060325792089109,0.518643708665841,0.604009222984261,0.757326067141754,"CDC73"
"ENSG00000134375.11",2750.38828006848,0.164205635672081,0.0637187179374895,2.57703922783212,0.00996506408827833,0.0536232226751334,"TIMM17A"
"ENSG00000134376.16",10.8756632758397,-0.302222790368053,0.187518606295305,-1.61169494771154,0.107028337644684,0.255414984245178,"CRB1"
"ENSG00000134398.15",811.14806202998,0.282401293833511,0.274350381003732,1.02934536777505,0.303317411567564,0.496501626595158,"ERN2"
"ENSG00000134419.15",3394.40121024186,0.122038117811896,0.102103592248429,1.19523823916953,0.231993962258617,0.418723570718646,"RPS15A"
"ENSG00000134438.10",2.42396253513341,-0.364805022357551,0.385324055897385,-0.946748630858131,0.343766883353503,0.537098448894278,"RAX"
"ENSG00000134440.12",6149.72674415305,0.0584596957157926,0.0589921133951535,0.990974765121659,0.321697902532398,0.515562157938343,"NARS1"
"ENSG00000134443.10",90.9514032289878,-1.12313264268493,0.244898938657987,-4.58610661540447,4.51588060163001e-06,0.000224631095562393,"GRP"
"ENSG00000134444.15",1461.33537425899,-0.210352377448877,0.065708910962151,-3.20127627088573,0.0013682028026208,0.0136611312770877,"RELCH"
"ENSG00000134452.20",2352.6432733828,0.0231638825511113,0.0463438757978882,0.499826183121414,0.617197472562177,0.767101782730898,"FBH1"
"ENSG00000134453.16",3202.55157779066,0.0336534919841034,0.0510530858067322,0.659186246087119,0.509776177894965,0.684851604738173,"RBM17"
"ENSG00000134460.18",464.545513914746,0.250915646382346,0.147739531686519,1.69836497732206,0.0894388979410005,0.227741842402038,"IL2RA"
"ENSG00000134461.16",246.524008611264,0.0532713472964848,0.0696524786565463,0.764816246657406,0.444380971963527,0.629200606783395,"ANKRD16"
"ENSG00000134463.15",838.799381282903,0.0358491258224563,0.122904348137585,0.291683137054885,0.770528903520028,0.871736237038472,"ECHDC3"
"ENSG00000134470.21",1040.53357815883,0.218825922068937,0.0948736207056639,2.30649911367695,0.0210827595980896,0.088085716666231,"IL15RA"
"ENSG00000134480.16",900.851566852242,-0.0873384335064487,0.0755611902730511,-1.15586365422301,0.247736931308854,0.437067757620988,"CCNH"
"ENSG00000134489.7",8.59399865041295,0.308929965767108,0.178892919666393,1.72689878583912,0.0841858425364216,0.2190542599113,"HRH4"
"ENSG00000134490.14",819.305911279607,-0.0819094286550811,0.0705926758821864,-1.16031057941169,0.245922378716195,0.435028388736631,"TMEM241"
"ENSG00000134504.14",713.182266914317,0.135462078741492,0.110679414747787,1.22391394145135,0.220984693783942,0.405491810524072,"KCTD1"
"ENSG00000134508.12",1385.70817430656,-0.281381132348748,0.120974719235782,-2.32594986891709,0.0200212252024256,0.0852750247378734,"CABLES1"
"ENSG00000134516.18",1835.83033822977,-0.160146222590483,0.115750466480188,-1.38354710318073,0.166497174856607,0.338598157870686,"DOCK2"
"ENSG00000134531.10",8462.62615280854,0.171133548912566,0.128676694247035,1.32994983989892,0.18353479857339,0.360901544439423,"EMP1"
"ENSG00000134532.19",146.01881708775,-0.398713538998261,0.151828740483844,-2.6260742052371,0.0086375984720031,0.0486255606913086,"SOX5"
"ENSG00000134533.6",552.120356107093,0.108240036738222,0.13919176349893,0.777632483541699,0.436785705366762,0.622273374503642,"RERG"
"ENSG00000134538.3",12.0380976956224,1.18432981516363,0.438086997067939,2.70341238861276,0.00686315381349939,0.041612635205397,"SLCO1B1"
"ENSG00000134539.17",298.341959288515,0.0477448031162648,0.150164128379532,0.317950789123168,0.750522265858558,0.85845802718346,"KLRD1"
"ENSG00000134545.14",46.0120159294619,0.0241030434868875,0.169020751158035,0.142604049039819,0.886602899496854,0.939655875583474,"KLRC1"
"ENSG00000134548.11",92.0197170973398,0.886066792813774,0.263121850995758,3.36751504848626,0.000758488868205462,0.0090713006327325,"SPX"
"ENSG00000134551.13",16.116620418175,-0.818924179991229,0.165035939451123,-4.96209603020295,6.97364998298204e-07,5.6627738752054e-05,"PRH2"
"ENSG00000134569.10",735.554973554752,0.00167060693409929,0.168732992005243,0.00990089083495527,0.99210036112863,0.99625314931685,"LRP4"
"ENSG00000134571.11",16.4147292513239,-0.252392153956796,0.14428086382024,-1.74931135892873,0.0802372135587685,0.212364858177286,"MYBPC3"
"ENSG00000134574.12",1093.75986034656,-0.0104411208349457,0.0666911412490664,-0.156559336658403,0.875592151898946,0.933611629297067,"DDB2"
"ENSG00000134575.13",2601.9370879106,0.0363784809853326,0.0625812173720102,0.581300308830411,0.561038072505033,0.724851979762091,"ACP2"
"ENSG00000134590.14",3339.45045000352,0.201121800414952,0.076359210508151,2.63389051663234,0.00844127019645791,0.0478796048807795,"RTL8C"
"ENSG00000134594.5",49.6374345389027,-0.0442549288669364,0.107161490467469,-0.412974181992838,0.679625529615684,0.81191393461288,"RAB33A"
"ENSG00000134595.9",2.51128550449766,-1.25135844415541,0.481083529580626,-2.60112510034641,0.00929185630796464,0.0510647522474566,"SOX3"
"ENSG00000134597.16",997.852591346763,-0.00184522376804456,0.0552818759198647,-0.0333784579003678,0.973372788194317,0.986769594024341,"RBMX2"
"ENSG00000134602.16",1416.22568267294,-0.0204633539104735,0.096067387684268,-0.213010412833622,0.83131884079899,0.908011488032571,"STK26"
"ENSG00000134612.12",2.64579618411137,-0.0739660701871373,0.291987552051541,-0.25331925853497,0.800021515183142,0.889883943235855,"FOLH1B"
"ENSG00000134627.12",115.190953566804,0.26997971687175,0.11004183576484,2.45342796214977,0.0141501878525092,0.067589986251591,"PIWIL4"
"ENSG00000134644.16",4900.70910287588,-0.04344742654817,0.040286448535632,-1.07846256315551,0.280827379999145,0.473396757585394,"PUM1"
"ENSG00000134668.12",452.982047643336,0.319146000379097,0.159019256607867,2.00696448459757,0.0447534447303842,0.14509459883228,"SPOCD1"
"ENSG00000134684.11",5356.97571899403,0.145986647093517,0.0597118527708482,2.44485207407245,0.0144911564496114,0.0686767361817671,"YARS1"
"ENSG00000134686.18",7007.95936938603,0.186311470413542,0.066244906374622,2.81246484612614,0.0049163397113592,0.0330325628878569,"PHC2"
"ENSG00000134690.11",890.275208290824,0.258060297308923,0.145947994277991,1.76816611002813,0.0770331379942617,0.206511334507042,"CDCA8"
"ENSG00000134697.13",2950.82233703931,0.046142918568955,0.0550422302382889,0.838318475999119,0.40185186193258,0.591775214053494,"GNL2"
"ENSG00000134698.11",1626.46763982296,-0.206548219791433,0.0618293899232095,-3.34061552358774,0.000835928955648623,0.00971200925781385,"AGO4"
"ENSG00000134709.12",1837.66138035188,-0.169913259121664,0.0914087130609154,-1.85883001118759,0.0630512371047538,0.181400348853143,"HOOK1"
"ENSG00000134716.11",339.782298587823,0.10654576273943,0.117070638519544,0.910098074861384,0.362770789755312,0.555783346524485,"CYP2J2"
"ENSG00000134717.18",2611.35921814209,-0.0158473081832726,0.0659865460146921,-0.240159686184274,0.810206464940627,0.895587630308718,"BTF3L4"
"ENSG00000134744.14",1644.21836978817,-0.212317435844027,0.0747366520134352,-2.84087432503477,0.00449900383543017,0.031179295314941,"TUT4"
"ENSG00000134748.13",2110.25804450259,-0.0122108060773513,0.0456105674607581,-0.26771879319101,0.788915782828198,0.883017613929563,"PRPF38A"
"ENSG00000134755.17",2670.35416382339,0.256836361434884,0.124687314221233,2.05984356178511,0.0394134985890629,0.133380118776751,"DSC2"
"ENSG00000134757.5",47.8847385782369,0.51480657011546,0.350971681963962,1.46680372397771,0.142429456378794,0.306978953273721,"DSG3"
"ENSG00000134758.14",1216.47246255339,-0.141453524994053,0.0704077009924084,-2.00906325586891,0.044530425791427,0.144625057640618,"RNF138"
"ENSG00000134759.14",2817.45324880221,-0.0933718706323505,0.0555947557145607,-1.6795086053035,0.093052963181133,0.233687921769128,"ELP2"
"ENSG00000134760.6",7.78647865354018,-0.191537292622336,0.341107918619639,-0.561515233646377,0.574446348351752,0.734674334498881,"DSG1"
"ENSG00000134762.17",137.0538861501,-0.456290494412138,0.254663900076041,-1.79173606575527,0.073175254423622,0.199899120199715,"DSC3"
"ENSG00000134765.10",2.68689068144692,0.577676222210083,0.263190943622349,2.19489399695678,0.0281712025465138,0.106217117705859,"DSC1"
"ENSG00000134769.21",607.528315252024,0.0572335477166593,0.149127821124367,0.383788533119711,0.701135187694622,0.825654138508667,"DTNA"
"ENSG00000134775.15",406.964555235293,0.440627932124885,0.183471326724587,2.40161740796872,0.0163227701177015,0.0744940350279144,"FHOD3"
"ENSG00000134779.15",3252.07229539222,-0.118052984304763,0.0754997834168108,-1.56362017163717,0.117906794835182,0.271772361054183,"TPGS2"
"ENSG00000134780.10",470.853762346144,0.0749493979832256,0.106835773271555,0.701538405050147,0.482967075888927,0.662419708793186,"DAGLA"
"ENSG00000134802.18",2011.72477450315,-0.281165757284402,0.103616177525255,-2.71353145811495,0.00665702473007993,0.0407337482702722,"SLC43A3"
"ENSG00000134809.9",997.352076268207,0.0840696337346703,0.0913498000270806,0.920304518562142,0.357413648462719,0.550533151236587,"TIMM10"
"ENSG00000134812.8",1.52721407524662,0.468000714826067,0.444895619443026,1.05193374439597,0.29282994868637,0.485396439214106,"CBLIF"
"ENSG00000134815.19",1166.42936780427,0.0915123601733718,0.0822626228610863,1.11244155596528,0.265948345592289,0.457582339524758,"DHX34"
"ENSG00000134817.11",731.949748213398,0.145776248434368,0.141235646790743,1.03214911919759,0.302002266414557,0.494859801936207,"APLNR"
"ENSG00000134824.14",4434.18857239233,0.146471088733514,0.138283944461252,1.05920531341623,0.289506285735115,0.481878450703888,"FADS2"
"ENSG00000134825.16",2133.36116463825,0.0433560805918815,0.0744163422026686,0.582615045413059,0.560152474757538,0.724042254226141,"TMEM258"
"ENSG00000134827.8",665.213267209448,1.23511375309574,0.31789273066268,3.88531612698729,0.000102196817570365,0.00223550502455334,"TCN1"
"ENSG00000134830.6",337.272805258452,0.0586815649836378,0.13439721186916,0.436627844934508,0.662381265456133,0.799791806144817,"C5AR2"
"ENSG00000134851.13",6325.19155428141,0.167684465904302,0.0703531666415854,2.38346721134205,0.0171504122163513,0.0769837769878637,"TMEM165"
"ENSG00000134852.15",2094.70380370207,0.0714550184178332,0.0804421005746842,0.88827887272154,0.374390761360315,0.566208549296147,"CLOCK"
"ENSG00000134853.12",2120.86820938462,-0.0192938403510242,0.119236540729959,-0.161811473503915,0.871454317568007,0.931227647797909,"PDGFRA"
"ENSG00000134864.10",181.538506054243,0.249438767738148,0.0753114977955573,3.31209410301839,0.000926003919710818,0.0104259210344715,"GGACT"
"ENSG00000134871.19",20733.2721823663,0.254028140482407,0.11025804864134,2.30394192181596,0.0212259040124335,0.0884440045931085,"COL4A2"
"ENSG00000134873.10",802.157784187215,-0.253198803373409,0.255798049809547,-0.989838677667506,0.322252976561181,0.516030622827001,"CLDN10"
"ENSG00000134874.18",458.809420465207,-0.0391538633871249,0.108543969607595,-0.360718919058083,0.718309580255199,0.838079371709434,"DZIP1"
"ENSG00000134882.16",3369.00735680128,0.167534377089236,0.0600318055296257,2.79076025801952,0.00525844056345215,0.0347084182551571,"UBAC2"
"ENSG00000134884.15",4188.60543624992,-0.313859549318114,0.0870670673504913,-3.60480212402999,0.000312390851739084,0.00492677812740375,"ARGLU1"
"ENSG00000134897.14",450.628812539776,0.054673802009716,0.0831509464912555,0.657524710382771,0.510843587637395,0.685952874211979,"BIVM"
"ENSG00000134899.23",84.6894926844888,-0.0693847160133965,0.0906097829738981,-0.765753031693985,0.443823265829587,0.628748052817516,"ERCC5"
"ENSG00000134900.12",2241.73903645516,-0.0944930431420285,0.0585945997517703,-1.61265788216556,0.106818855677993,0.255079627175972,"TPP2"
"ENSG00000134901.13",277.343403920645,0.253247229074151,0.105964537218956,2.38992436262769,0.0168518429546515,0.0760949962687119,"POGLUT2"
"ENSG00000134905.17",1794.41096686324,0.0942392410614389,0.0544838437885902,1.72967313809776,0.0836886906031875,0.218152801147191,"CARS2"
"ENSG00000134909.18",2321.66683181083,0.0212899988878906,0.0864296240512268,0.246327565595703,0.80542867296185,0.892855752303096,"ARHGAP32"
"ENSG00000134910.14",8435.02564249432,0.0465649715661711,0.0661361771285336,0.70407715697981,0.481384724887132,0.661196486887548,"STT3A"
"ENSG00000134917.10",470.943617533008,-0.158892661531094,0.240234813802723,-0.66140564315368,0.508352207914384,0.683821012448225,"ADAMTS8"
"ENSG00000134940.14",12.721779889766,-0.0377204982212876,0.16505477656428,-0.22853321186132,0.819231739828285,0.901523180872053,"ACRV1"
"ENSG00000134954.14",6053.54113761628,0.0458531645058918,0.107736847279545,0.425603362857988,0.670396889443934,0.805613558572709,"ETS1"
"ENSG00000134955.12",868.649786712036,0.241347194985269,0.128584455992331,1.87695466860833,0.0605243071275193,0.17680404994266,"SLC37A2"
"ENSG00000134962.7",163.862038220103,-0.542077349571592,0.22223751942018,-2.4391801662738,0.0147206270107776,0.0694183902365183,"KLB"
"ENSG00000134970.14",4889.89541726336,0.124786302942104,0.0681174785258977,1.83192780535265,0.0669621773090315,0.188673981816993,"TMED7"
"ENSG00000134982.17",1420.68387188003,-0.0973354894074599,0.0782326602670058,-1.24417972078741,0.213433425599935,0.396278679567776,"APC"
"ENSG00000134986.14",156.082986400165,-0.224917699041312,0.115759647918017,-1.94297151975274,0.052019599524302,0.159842042174673,"NREP"
"ENSG00000134987.11",1692.84383073712,0.0937011102413705,0.059834374609607,1.56600801550495,0.117346740666875,0.270922495836241,"WDR36"
"ENSG00000134996.12",2135.822255674,0.130592049093705,0.0609557816895853,2.14240627343176,0.0321608035130316,0.115792108939046,"OSTF1"
"ENSG00000135002.12",1739.93888156842,0.0978268379743535,0.0882631672913747,1.10835403913625,0.267708945888967,0.459431876737709,"RFK"
"ENSG00000135018.14",5678.79143333663,0.1255941186895,0.0459693639952654,2.73212652457919,0.00629269701732036,0.0392074142990535,"UBQLN1"
"ENSG00000135040.16",1182.52919107341,-0.0468362422418093,0.0542146829705937,-0.863903276299033,0.387641026884538,0.578732408433494,"NAA35"
"ENSG00000135045.7",233.340815514938,0.188567923879024,0.0885688432773933,2.12905483352016,0.0332497240124844,0.118571450465686,"C9orf40"
"ENSG00000135046.14",20552.0829408409,0.0904979143027766,0.15733472335459,0.575193526090351,0.565160420663275,0.727692022548691,"ANXA1"
"ENSG00000135047.16",8324.01946787108,0.556248364373611,0.113780736521733,4.88877450944749,1.01465636528711e-06,7.5572604853476e-05,"CTSL"
"ENSG00000135048.14",5449.83933358866,-0.00378619666554968,0.0849391606749744,-0.0445753953236933,0.964445754847851,0.982356131559368,"CEMIP2"
"ENSG00000135049.16",975.593196687431,-0.0592461519324874,0.0819178013224861,-0.723239039329838,0.469533037996001,0.650445780135682,"AGTPBP1"
"ENSG00000135052.16",12037.4024738264,0.166179371871501,0.119439714212372,1.39132425899833,0.164127120739583,0.335714755026982,"GOLM1"
"ENSG00000135063.19",974.320173921721,-0.435700659947401,0.194775897747816,-2.23693313693012,0.0252907104009125,0.0992343690486247,"FAM189A2"
"ENSG00000135069.14",1300.83102374305,0.220895364025169,0.166930960695409,1.32327378399401,0.185744346614911,0.363678342263599,"PSAT1"
"ENSG00000135070.15",1229.3523740887,0.120732022552081,0.0552740704097971,2.18424338314484,0.0289443686140526,0.108061772800574,"ISCA1"
"ENSG00000135074.16",1600.16002761172,0.331339642882854,0.125242200527286,2.64559103471411,0.00815483411493925,0.0467317468377098,"ADAM19"
"ENSG00000135077.9",1299.86523505695,0.0680160745063667,0.115524258922664,0.588760102342652,0.556022213539347,0.720802412404232,"HAVCR2"
"ENSG00000135083.16",1848.43801398892,-0.123563792555391,0.120697646056254,-1.02374649873288,0.305955026467128,0.499248183902862,"CCNJL"
"ENSG00000135090.14",2262.11462698088,0.0111988039935785,0.0592560343149908,0.188990102409627,0.850100574137151,0.919147779122765,"TAOK3"
"ENSG00000135093.13",679.020356585104,-0.0976617371463388,0.0440636096636052,-2.21638077070666,0.0266654355086996,0.102573350016307,"USP30"
"ENSG00000135094.11",456.008094748204,-0.23811110853339,0.151239620484653,-1.57439636366683,0.115395843981988,0.268062645387407,"SDS"
"ENSG00000135097.7",177.823371952878,-0.630414044017051,0.234706074812245,-2.68597242112866,0.00723190578342242,0.0430257039398647,"MSI1"
"ENSG00000135100.18",81.4302448888372,-0.104530387212614,0.303700457064285,-0.344189100744382,0.730704078482283,0.84581499495552,"HNF1A"
"ENSG00000135108.15",2646.85432922022,-0.0558078839593017,0.0538178737213785,-1.0369767532665,0.299746691282349,0.492712450334711,"FBXO21"
"ENSG00000135111.16",691.234039166318,0.162420817755239,0.145393897566633,1.11710890535005,0.263947763294241,0.455600004321608,"TBX3"
"ENSG00000135114.12",736.363755912999,0.439209109923978,0.146371830360772,3.00063959603041,0.00269413231384843,0.0219788647696534,"OASL"
"ENSG00000135116.9",35.0750913495262,0.148528546281769,0.217938767774857,0.681515031943317,0.495545658511939,0.672833018427434,"HRK"
"ENSG00000135119.15",303.045274437789,0.343501733076737,0.158152379077104,2.17196690357259,0.0298581593873914,0.110268186409808,"RNFT2"
"ENSG00000135124.15",2141.48656344106,0.00599063016075838,0.0684584816806452,0.0875074937931623,0.930268129097956,0.963115746328311,"P2RX4"
"ENSG00000135127.11",975.193544817455,0.134334321551192,0.143587684914938,0.935556009770424,0.34950183280084,0.543203609515819,"BICDL1"
"ENSG00000135144.7",172.605375262468,0.0505504165041602,0.121114296077702,0.417377783971341,0.676402102008374,0.809935807155978,"DTX1"
"ENSG00000135148.12",2726.92020791913,-0.0843207247435633,0.0544329920317866,-1.54907385385546,0.12136396734814,0.276789324902153,"TRAFD1"
"ENSG00000135164.19",2133.73578955651,-0.286917352954222,0.0810446163632676,-3.54023951039719,0.000399764055969297,0.00579927874308749,"DMTF1"
"ENSG00000135185.12",1275.25756646531,-0.135212794429926,0.100260396467344,-1.34861619536849,0.177460275986278,0.353360345000668,"TMEM243"
"ENSG00000135205.15",375.227982722436,-0.60570937216043,0.137885960756742,-4.39282845647369,1.11885409483907e-05,0.000432636578158852,"CCDC146"
"ENSG00000135211.6",768.93048534808,0.0859975859599453,0.0643060846562627,1.33731646732391,0.181119357990305,0.357964577945049,"TMEM60"
"ENSG00000135218.19",1991.3105691168,0.233174455041565,0.196738988251499,1.18519698161449,0.235939573087218,0.423245072585438,"CD36"
"ENSG00000135220.11",1.66076929462213,-1.27556817806042,0.488829318938856,-2.60943468126954,0.00906919582808207,0.0502899294977242,"UGT2A3"
"ENSG00000135226.18",3.05463306537993,0.207934816189608,0.467158667713935,0.445105336923636,0.656243632170749,0.795198580667713,"UGT2B28"
"ENSG00000135241.17",2197.71112690304,0.0350537838514073,0.0596962441340224,0.587202500926339,0.557067712933125,0.721564069331649,"PNPLA8"
"ENSG00000135245.10",1123.28821448716,0.204578632278885,0.154529719439331,1.32387888246444,0.185543272673182,0.363495704542881,"HILPDA"
"ENSG00000135248.15",2.92704549120937,-0.431936832917042,0.260365274308371,-1.65896482956274,0.0971228795936764,0.240162921727712,"FAM71F1"
"ENSG00000135249.8",753.380927631946,-0.0740481354404625,0.0636193330109084,-1.16392505133252,0.244454386401867,0.43343558004353,"RINT1"
"ENSG00000135250.17",2189.3549492329,-0.0612460487002998,0.0570258102412461,-1.07400576057052,0.282820099705945,0.475311942428573,"SRPK2"
"ENSG00000135253.15",229.724014531113,0.145806840160516,0.186894533947939,0.780155722484274,0.435299220917528,0.621059222712975,"KCP"
"ENSG00000135269.18",5520.04221037172,0.236495090901918,0.0837429752429851,2.82405885646783,0.00474196761616077,0.0321995365785928,"TES"
"ENSG00000135272.12",3210.27585054583,0.136510585586787,0.0999516445800982,1.36576627788641,0.172012333977194,0.346323574933644,"MDFIC"
"ENSG00000135297.16",745.239934758726,-0.100005009855227,0.0448903390003838,-2.22776241129236,0.0258963626697462,0.100658992948583,"MTO1"
"ENSG00000135298.14",71.5308303535176,-0.891003129881317,0.207311515680325,-4.29789501541846,1.72427792476459e-05,0.000593812373695256,"ADGRB3"
"ENSG00000135299.17",500.385052601556,-0.213289356334993,0.0835491906387946,-2.55285963519503,0.0106842544126177,0.0560616047532359,"ANKRD6"
"ENSG00000135312.7",16.6481360559336,0.152373491071985,0.192342856993484,0.792197295255665,0.428245645437583,0.615302870337437,"HTR1B"
"ENSG00000135314.12",102.711367767227,-0.12549078106002,0.103188905084327,-1.21612668491315,0.223936666663952,0.408752287172439,"KHDC1"
"ENSG00000135315.12",398.367375568021,-0.237111319609654,0.0734127762841264,-3.22983725192427,0.00123860702740092,0.012778724438568,"CEP162"
"ENSG00000135316.19",6365.98973297107,0.0440138672715261,0.0508755227036255,0.865128551659866,0.386968235279546,0.578246564504575,"SYNCRIP"
"ENSG00000135317.13",2475.42540342888,0.0162115129986943,0.0530350781497751,0.305675291981502,0.759851887547578,0.864555172144544,"SNX14"
"ENSG00000135318.12",3756.85967118099,0.450008028189968,0.172800442872702,2.60420645172465,0.00920872678578885,0.0508079564064765,"NT5E"
"ENSG00000135324.6",59.1106404403454,-0.000330603807800983,0.209681787335303,-0.00157669300706748,0.998741981513766,0.999234409753473,"MRAP2"
"ENSG00000135333.14",101.790407860344,-0.680777278510945,0.257659471602847,-2.64215894830479,0.00823793852250481,0.0470506508089087,"EPHA7"
"ENSG00000135334.9",1815.94020403757,0.0849752155973672,0.057886781409816,1.46795543866527,0.142116327632247,0.306482633492707,"AKIRIN2"
"ENSG00000135336.15",1034.08400131764,0.00721313145112908,0.0570136017211197,0.12651597572123,0.899323503859712,0.946427405929997,"ORC3"
"ENSG00000135338.14",442.723596995604,-0.357319984014316,0.103675169496135,-3.44653387837128,0.000567827364646456,0.00735876856799318,"LCA5"
"ENSG00000135341.18",2062.50629492819,0.07714080535131,0.0496279961673611,1.55438081947067,0.120093605651435,0.274927897473233,"MAP3K7"
"ENSG00000135346.9",110.304785830005,3.16608714701728,0.455641175324729,6.94864142767793,3.68820647552072e-12,4.38540922105398e-09,"CGA"
"ENSG00000135362.14",790.977990745496,-0.257027884340497,0.116343678235366,-2.20921229446197,0.027159878142419,0.103791761133558,"PRR5L"
"ENSG00000135363.12",675.47863468117,-0.0112930379504021,0.120269176661607,-0.0938980232830275,0.925190164093021,0.960772181320928,"LMO2"
"ENSG00000135365.16",1761.13381881109,-0.0726158647513895,0.0511212913071787,-1.4204622554437,0.155473149593089,0.324707833222678,"PHF21A"
"ENSG00000135372.9",2644.77767915059,0.0814069227953909,0.0559233016428681,1.45568878095331,0.145478672680255,0.311193873653541,"NAT10"
"ENSG00000135373.13",7302.40795896003,-0.170553352173947,0.117148226030258,-1.45587652458258,0.14542675629539,0.311160527043474,"EHF"
"ENSG00000135374.11",573.74811057932,-1.08313317694098,0.207135692035521,-5.22909966069602,1.70337528931935e-07,2.1319726882447e-05,"ELF5"
"ENSG00000135378.4",1948.43246302694,-0.0201728768706721,0.0868654617081713,-0.232231274363611,0.816358388228336,0.899550533503872,"PRRG4"
"ENSG00000135387.21",11565.565151645,0.00804220857565304,0.0501299006449574,0.160427379112749,0.872544423515898,0.931734604275925,"CAPRIN1"
"ENSG00000135390.21",9474.79681627679,0.214277118761516,0.0852080165722186,2.51475304063561,0.0119115789403049,0.0601778752138953,"ATP5MC2"
"ENSG00000135392.18",675.130911761127,0.0468951579616975,0.0619967035572069,0.75641373284348,0.449401176869687,0.633338054015109,"DNAJC14"
"ENSG00000135404.12",40596.0555939489,0.179280373852389,0.0852406171594854,2.10322707444685,0.0354459246650423,0.123986254451907,"CD63"
"ENSG00000135406.14",6.00974525512373,-0.229252456702062,0.230482206956369,-0.994664446030146,0.319899492005323,0.51370468141358,"PRPH"
"ENSG00000135407.10",380.320519411383,-0.341453780512048,0.135985982572893,-2.51094836432142,0.0120407307748745,0.0606279566981092,"AVIL"
"ENSG00000135409.11",17.9145171926883,0.637574793383861,0.179795484732772,3.54611126264645,0.000390961098746061,0.0057315138091381,"AMHR2"
"ENSG00000135414.10",617.553938418911,0.0174263914897662,0.0907084685059063,0.192114273086107,0.847652694852152,0.91739738734327,"GDF11"
"ENSG00000135423.13",11.3098655117385,-0.261772760953072,0.13129347338093,-1.99379873357127,0.0461740540426526,0.147947046333747,"GLS2"
"ENSG00000135424.18",481.114307368209,0.011542843107028,0.106673919284892,0.108206796791639,0.913831653555543,0.954364855918463,"ITGA7"
"ENSG00000135426.16",200.670929114041,-0.324322520911337,0.117501186938078,-2.7601637852582,0.00577723896971087,0.0369674451313826,"TESPA1"
"ENSG00000135436.8",23.8713827361304,-0.123392778475224,0.124103194669619,-0.994275601073077,0.320088710807632,0.513799404508871,"FAM186B"
"ENSG00000135437.10",22.6192783070001,-0.0927618831944994,0.123298991963001,-0.752332859479786,0.451850911828423,0.635335434052863,"RDH5"
"ENSG00000135439.11",254.208550319742,-0.0794832411915163,0.100737022087226,-0.789017181019047,0.430101964830903,0.616444303031351,"AGAP2"
"ENSG00000135441.7",214.333717474347,0.220123932646043,0.0878910436436963,2.50450925965118,0.0122621395534646,0.061391170026297,"BLOC1S1"
"ENSG00000135443.8",1.74443505635851,0.601455887562823,0.254651387739704,2.36187948120515,0.0181825521373425,0.0802215356889141,"KRT85"
"ENSG00000135446.17",2856.46396965801,0.195834363442293,0.108275062032011,1.80867468248963,0.0705015584657805,0.194907030580867,"CDK4"
"ENSG00000135447.17",28.2042804366767,0.13509703464188,0.185763078019017,0.727254501177296,0.467070064738717,0.648653220929634,"PPP1R1A"
"ENSG00000135451.13",559.769054805857,0.161349740525351,0.168934950750815,0.955099816871802,0.339527221579823,0.532900235152605,"TROAP"
"ENSG00000135452.10",2163.95481656152,0.127966863425143,0.103797935465976,1.23284594101671,0.217633247482691,0.401377338158721,"TSPAN31"
"ENSG00000135454.14",245.50786989431,0.377700022154201,0.210271679561104,1.79624770650316,0.0724551305430131,0.198669795846527,"B4GALNT1"
"ENSG00000135457.10",1839.70572155766,-0.0606006379581948,0.0462172185942807,-1.31121343519564,0.189785664515723,0.368470616323884,"TFCP2"
"ENSG00000135469.14",304.968390084574,-0.23891171448365,0.0675451665536018,-3.53706603556979,0.000404598490578489,0.00584902194825429,"COQ10A"
"ENSG00000135472.9",220.264752204439,-0.891941630252152,0.201374289660827,-4.42927263333587,9.45514349835012e-06,0.000385299990808532,"FAIM2"
"ENSG00000135473.15",1160.4997718775,-0.243483544979567,0.0806595137517567,-3.01865872547818,0.00253896362480765,0.0211271472033794,"PAN2"
"ENSG00000135476.12",678.257375376116,0.226867237964232,0.152725484106126,1.4854576450816,0.137422635231243,0.299640565508795,"ESPL1"
"ENSG00000135477.11",94.4179909837151,0.0926876496932968,0.178367779423129,0.519643457989239,0.60331210256915,0.756851043024782,"KRT87P"
"ENSG00000135480.16",23329.0101631268,0.421183874952488,0.134594699316447,3.1292753510466,0.00175238011530974,0.016328683279331,"KRT7"
"ENSG00000135482.7",290.452985862247,-0.00164753140783863,0.0460628156572268,-0.0357670581863388,0.971468100010605,0.985799245745164,"ZC3H10"
"ENSG00000135486.19",20936.514897164,0.061469343716562,0.0541364779242091,1.13545147511478,0.256186202456186,0.446742470059386,"HNRNPA1"
"ENSG00000135503.13",3005.26345542169,-0.213574636234206,0.0886548591127747,-2.4090573079872,0.0159937863302997,0.0734456728682298,"ACVR1B"
"ENSG00000135506.16",12177.1988405373,0.09896092447377,0.0857852324453699,1.15358927932952,0.248668595681095,0.438293374768951,"OS9"
"ENSG00000135519.8",79.4983617118008,-0.521333476238254,0.192796860613173,-2.70405583669879,0.00684987777186868,0.0415624167411744,"KCNH3"
"ENSG00000135521.9",576.751390093201,0.0075579842402871,0.0575961780289173,0.131223711345785,0.895598339202007,0.944597209245784,"LTV1"
"ENSG00000135525.18",2084.63072303155,-0.00286435654886796,0.0853167688450917,-0.0335731953711084,0.973217497209573,0.986742753286939,"MAP7"
"ENSG00000135535.17",15267.4518128861,0.0185679116805767,0.0591910221584726,0.313694729428133,0.75375290417299,0.860615776900146,"CD164"
"ENSG00000135537.17",205.266299528191,-0.0490541956380365,0.0584668429208276,-0.83900879861878,0.401464372202185,0.591570918992979,"AFG1L"
"ENSG00000135540.11",1279.96430235418,-0.226987687809903,0.123108820211163,-1.84379711722167,0.0652127130105261,0.185482290440429,"NHSL1"
"ENSG00000135541.21",868.19465968201,-0.152510430951694,0.0845899553372468,-1.80293783515619,0.0713979781662148,0.196531798766402,"AHI1"
"ENSG00000135547.9",114.298383292517,-0.107308064510101,0.124448512613206,-0.862268758837014,0.388539640179398,0.579580189098646,"HEY2"
"ENSG00000135549.15",771.577819929527,0.321274322723094,0.179953663516577,1.78531693350882,0.074209923711458,0.201572243626138,"PKIB"
"ENSG00000135587.9",515.586406360195,-0.0071345398919606,0.0679567548287775,-0.104986471321896,0.9163865437116,0.955684037081516,"SMPD2"
"ENSG00000135596.18",2285.34125965359,-0.153369440484459,0.0853620738078152,-1.79669300009927,0.07238437084286,0.198514335297927,"MICAL1"
"ENSG00000135597.19",1581.51214865545,-0.0930334551309274,0.055310346153377,-1.68202626815864,0.0925637463283517,0.232952211543564,"REPS1"
"ENSG00000135604.10",849.04165559965,0.142083538202658,0.166027657959506,0.855782343429262,0.392118183385176,0.58285519597476,"STX11"
"ENSG00000135605.13",272.241387649597,0.143763772712114,0.0702218990018672,2.04727833846092,0.0406307635020428,0.135924438230859,"TEC"
"ENSG00000135617.4",688.268310597691,0.0920414038920497,0.0943878349123151,0.975140535616214,0.329490553808014,0.523040528676403,"PRADC1"
"ENSG00000135622.13",755.40296196823,0.0717701538193976,0.0775516836084142,0.925449332367695,0.3547322277969,0.548286910865468,"SEMA4F"
"ENSG00000135624.16",9875.38675052817,0.169743654782329,0.0696918462632952,2.43563148178108,0.0148658208849787,0.0699544557913209,"CCT7"
"ENSG00000135625.8",25.3797189172946,-0.0413355384111471,0.249125088105619,-0.165922825057356,0.868217684670617,0.929573015909926,"EGR4"
"ENSG00000135631.17",2081.72008696178,0.219015164779752,0.0707702775188502,3.09473372803174,0.00196989657756648,0.017715766276856,"RAB11FIP5"
"ENSG00000135632.12",1527.02328467431,0.127705056277972,0.0612774679230022,2.08404590800715,0.0371559916048664,0.128030886824758,"SMYD5"
"ENSG00000135636.14",1959.03967354663,0.297809533043113,0.109144089565543,2.72859056526622,0.00636056219360527,0.0395521473873179,"DYSF"
"ENSG00000135637.14",361.844034926868,-0.0184094591351589,0.0679205909924998,-0.271043859691853,0.78635729921407,0.88139896854641,"CCDC142"
"ENSG00000135638.14",6.65523278129638,-0.35572410745603,0.25601456743982,-1.38946822836419,0.164690415668134,0.336506567376898,"EMX1"
"ENSG00000135643.5",919.436968353149,0.072516659805062,0.18003480019318,0.402792458609394,0.687100909457293,0.816812489415185,"KCNMB4"
"ENSG00000135655.16",2417.66134006231,-0.0140855288113801,0.0573996735347297,-0.245393883692696,0.806151464369132,0.893270342249934,"USP15"
"ENSG00000135677.11",13779.441635734,0.0163220655193424,0.0758378963836241,0.215223078403674,0.829593398554303,0.907138733473525,"GNS"
"ENSG00000135678.12",8852.77076907777,0.021408977157905,0.145706780556888,0.146931920917341,0.883185756105077,0.937833807865478,"CPM"
"ENSG00000135679.25",3928.23936152262,-0.0435429649574557,0.105216818105921,-0.413840351203372,0.678991030356179,0.811581729400248,"MDM2"
"ENSG00000135686.13",2188.23280870862,0.0172159911578292,0.0597708171095264,0.288033391383657,0.773321178638956,0.873280941965669,"KLHL36"
"ENSG00000135697.10",79.349108733153,-0.0081144357591115,0.194003320737629,-0.041826272500178,0.966637190908848,0.983144497981557,"BCO1"
"ENSG00000135698.10",721.477429783449,0.0340166977009737,0.0696524100841241,0.488377899054596,0.62528219338139,0.773416805807768,"MPHOSPH6"
"ENSG00000135702.14",2.37406693699884,-0.61307250592206,0.235252336803171,-2.60602089761599,0.00916008727313188,0.0506252964117496,"CHST5"
"ENSG00000135709.12",1290.652541184,-0.0319685194815052,0.0854449150149598,-0.374141860588288,0.708298776298449,0.830833318918605,"KIAA0513"
"ENSG00000135720.13",4402.89040386397,-0.155970679651299,0.0618993330123804,-2.51974733912081,0.0117439098775404,0.0596840960684884,"DYNC1LI2"
"ENSG00000135722.9",284.056358563083,-0.0935753361573884,0.108311566599885,-0.863945920965817,0.387617598975366,0.578723383231843,"FBXL8"
"ENSG00000135723.14",2603.35092809631,-0.0118273304044906,0.0936638156435787,-0.126274274897122,0.899514818896865,0.946509066546566,"FHOD1"
"ENSG00000135736.6",385.930479395463,0.245865583429171,0.0889501853779583,2.76408174288185,0.00570832371286057,0.0367028237489894,"CCDC102A"
"ENSG00000135740.17",220.758950870628,-0.0713646877435777,0.128679167397746,-0.554593950106859,0.579172428058551,0.738251374377019,"SLC9A5"
"ENSG00000135744.8",861.958522239808,0.00776008204759258,0.220902571941014,0.0351289800721049,0.971976892912543,0.986105152844262,"AGT"
"ENSG00000135747.11",5.82674395240762,-0.362821799188233,0.246843737912555,-1.4698440489374,0.14160399600616,0.305654942883369,"ZNF670-ZNF695"
"ENSG00000135749.19",767.268169958026,-0.00204661803877392,0.091166930520144,-0.022449127409436,0.982089692205516,0.991136647235033,"PCNX2"
"ENSG00000135750.15",1822.07356812229,0.312031832953837,0.136901016538008,2.27925139523859,0.0226521255119822,0.0923019108382269,"KCNK1"
"ENSG00000135763.10",851.327605728873,0.114596814112013,0.0734653827388978,1.55987500288809,0.118789422710916,0.273100008135755,"URB2"
"ENSG00000135766.9",203.349320851835,0.280661423915665,0.0951671892959512,2.94914062285547,0.00318658944332745,0.0246713698151499,"EGLN1"
"ENSG00000135773.13",345.785560371404,-0.412111270047409,0.201696291141517,-2.04322681252605,0.0410299906862431,0.136871953486513,"CAPN9"
"ENSG00000135775.14",1301.81338874527,0.0225783842022659,0.060299526595199,0.37443717185109,0.70807909183682,0.830716653905253,"COG2"
"ENSG00000135776.5",1196.26825942059,0.0561995223341887,0.0575127619276668,0.977166118449853,0.328486918758601,0.522144425219867,"ABCB10"
"ENSG00000135778.12",1786.95680942695,0.0854991521286514,0.078166706119377,1.09380523209045,0.274040408936707,0.466646562895725,"NTPCR"
"ENSG00000135801.10",1611.22082690463,0.0747987375047086,0.0476658498684938,1.56923117307406,0.116594083035495,0.269702504160911,"TAF5L"
"ENSG00000135821.19",36789.7403928091,0.106868257712123,0.0810612979725138,1.31836351483491,0.187381988286669,0.365466229409962,"GLUL"
"ENSG00000135823.14",2759.1764811106,-0.0148666529866837,0.0539048679931985,-0.275794256440058,0.78270609539294,0.879456626006789,"STX6"
"ENSG00000135824.12",5.58012865608787,-0.0207535328176037,0.18389051222901,-0.112858094558778,0.910143059699798,0.952218810315884,"RGS8"
"ENSG00000135828.11",859.584025440346,0.123615664824507,0.0703728701416184,1.75658125888204,0.0789892097012501,0.21004694557378,"RNASEL"
"ENSG00000135829.17",8440.30662305757,-0.0265971905552505,0.0471833952175271,-0.563698106773173,0.572959606073147,0.73344909893084,"DHX9"
"ENSG00000135835.12",167.192560055786,-0.0295731580803547,0.107172922705748,-0.275938710391898,0.782595141107611,0.879385528259493,"KIAA1614"
"ENSG00000135837.16",3155.21247547962,-0.132637943207284,0.0825167980917397,-1.60740535593517,0.107965475946165,0.257051348975084,"CEP350"
"ENSG00000135838.13",1279.18853145429,-0.175236687463809,0.107279581546282,-1.63345796970889,0.102372713526509,0.248237054001316,"NPL"
"ENSG00000135842.17",3839.36688239109,-0.208361905312627,0.115110346597355,-1.8101057938906,0.0702793826682576,0.194530386363011,"NIBAN1"
"ENSG00000135845.10",1678.89778929611,0.0238193522852151,0.0589451203159085,0.404093708818617,0.6861438110567,0.816457175006156,"PIGC"
"ENSG00000135862.6",11621.7478672103,0.209570726002894,0.0773565955761798,2.70915135861313,0.00674555586778528,0.0410791643508643,"LAMC1"
"ENSG00000135870.12",1840.76036820851,-0.190912677382739,0.0817570212434234,-2.33512271459005,0.0195370110265823,0.0839935056957651,"RC3H1"
"ENSG00000135898.10",27.8939506864114,-0.247578943222877,0.123995688654796,-1.99667380300727,0.0458606297326586,0.147292875331797,"GPR55"
"ENSG00000135899.19",1690.9392175665,0.0598250208373022,0.0645393413259579,0.926954313573702,0.353950255421063,0.547484447671372,"SP110"
"ENSG00000135900.4",1175.81208948071,0.181956793738378,0.0619376819963253,2.93773980352015,0.00330614372538545,0.0253037800113237,"MRPL44"
"ENSG00000135902.10",4.25199227924249,-0.312762859175602,0.298157132411949,-1.04898667573537,0.294184250913666,0.486807542653216,"CHRND"
"ENSG00000135903.20",3.05671090438284,0.241801174793135,0.401693418717049,0.601954534294868,0.547204401993445,0.713975286760573,"PAX3"
"ENSG00000135905.20",1331.42188673202,-0.172244997997816,0.114373830136446,-1.50598259927406,0.132071640661559,0.292571770080863,"DOCK10"
"ENSG00000135912.11",1230.11691316815,-0.0391659033845577,0.0684690416763707,-0.572023536851608,0.567306029143453,0.72922006940804,"TTLL4"
"ENSG00000135913.11",461.877911051462,-0.152980156122754,0.0996699008729231,-1.53486814758449,0.124816219037249,0.282035182598556,"USP37"
"ENSG00000135914.6",84.4985626051624,-0.327372223404324,0.202950342020943,-1.6130656403158,0.106730247747934,0.2549687513552,"HTR2B"
"ENSG00000135916.16",6321.76184656449,0.180952669534196,0.103333649994955,1.75114950011956,0.0799201615654442,0.211744543927927,"ITM2C"
"ENSG00000135917.16",273.526059371476,0.104769034226026,0.200618419681708,0.52223038339275,0.601509933686835,0.755444197149489,"SLC19A3"
"ENSG00000135919.14",1481.20363624206,0.220990403024214,0.145397314755986,1.51990704501725,0.128534339596654,0.287722300019592,"SERPINE2"
"ENSG00000135924.16",4249.02673677288,0.0552517008526099,0.068466179662158,0.806992607521639,0.419670742218536,0.607857316505663,"DNAJB2"
"ENSG00000135925.9",266.051092177346,0.094370211727336,0.195017815945761,0.483905592264364,0.62845287139186,0.775474646871843,"WNT10A"
"ENSG00000135926.15",11421.4723491811,0.24245701704663,0.0855099692466029,2.83542397667582,0.00457649057995099,0.0314840626567808,"TMBIM1"
"ENSG00000135929.9",3475.36833674402,-0.123515587739976,0.140813673655279,-0.877156206025493,0.380401799402743,0.571954549013474,"CYP27A1"
"ENSG00000135930.14",3085.03984838588,0.0631396085759173,0.0515729782059777,1.22427695223928,0.220847768367609,0.405329920190894,"EIF4E2"
"ENSG00000135931.18",1553.08344244306,-0.174518760850783,0.111804671685907,-1.56092548029708,0.118541334524981,0.272781078956331,"ARMC9"
"ENSG00000135932.11",5633.08680356408,0.211856645223757,0.0602007630119767,3.51916877169163,0.000432901222691528,0.0061173940607254,"CAB39"
"ENSG00000135940.7",4089.24317436692,0.258414520340739,0.0943507051129093,2.73887216880356,0.00616503390280231,0.0386248539190811,"COX5B"
"ENSG00000135945.10",1541.63263125729,-0.237406075687855,0.0560483355569779,-4.23573819505329,2.27802074346864e-05,0.000735617309527657,"REV1"
"ENSG00000135951.16",263.381883566756,-0.392624425173228,0.101103310480683,-3.8833983111586,0.000103006622030223,0.0022429035103023,"TSGA10"
"ENSG00000135953.11",931.897869162356,0.0179678121360299,0.0696069257038087,0.258132534289569,0.796304623460799,0.887766461135197,"MFSD9"
"ENSG00000135956.9",5550.24724625763,0.14038801425809,0.0515204097506733,2.72490096521903,0.00643207770767682,0.0398405884877552,"TMEM127"
"ENSG00000135960.10",58.2982786060915,0.0665763458776368,0.2539236668308,0.262190392524535,0.793174660032395,0.885700619032652,"EDAR"
"ENSG00000135966.13",1527.00749962173,0.0566987601437844,0.0465754002638003,1.21735422181336,0.223469472503417,0.408139181965893,"TGFBRAP1"
"ENSG00000135968.21",2380.39502768584,-0.0892908944917883,0.0780197340313891,-1.14446550735311,0.252430634672359,0.442671184565222,"GCC2"
"ENSG00000135972.9",484.545894964814,0.125040205738119,0.0502788073320757,2.48693659163924,0.0128848362017907,0.0634953895302275,"MRPS9"
"ENSG00000135974.10",993.963664431342,-0.0300460563471945,0.0499455690909184,-0.601576013529853,0.547456399414566,0.714148293467104,"C2orf49"
"ENSG00000135976.20",222.076710134322,-0.786378990023553,0.159799845569313,-4.92102471827774,8.60922553045947e-07,6.60636207117557e-05,"ANKRD36"
"ENSG00000135999.12",1496.28832919235,-0.0815874499018062,0.04974748268205,-1.64003172629366,0.100998570519341,0.245871995342237,"EPC2"
"ENSG00000136002.20",497.420304580829,0.295801855064612,0.172990961406124,1.70992664969454,0.0872794377100886,0.224299059797914,"ARHGEF4"
"ENSG00000136003.16",3507.87389146519,-0.041830524982376,0.0516655165034778,-0.809641087775833,0.418146486146441,0.606515530138695,"ISCU"
"ENSG00000136010.14",702.002660673217,-0.226469765682306,0.149837243866937,-1.51143841035559,0.130676789339237,0.290788886283786,"ALDH1L2"
"ENSG00000136011.15",64.4554918073982,-0.112248941794539,0.15858190339365,-0.707829452115364,0.479051174199519,0.658942767419624,"STAB2"
"ENSG00000136014.12",298.676940386979,-0.355758941494956,0.157486740057117,-2.25897711366639,0.0238848085403547,0.0955880431222537,"USP44"
"ENSG00000136021.19",3190.41085228674,-0.0592418758972968,0.0551027428175082,-1.07511664334926,0.282322508911515,0.474811239098357,"SCYL2"
"ENSG00000136026.14",6785.56786234381,0.163051969779039,0.0887017591741028,1.83820446513357,0.0660322820927147,0.186881044135754,"CKAP4"
"ENSG00000136040.9",1565.60065108904,-0.25546673685499,0.101889603288111,-2.5072895429047,0.0121661007286957,0.0610836965104005,"PLXNC1"
"ENSG00000136044.12",1702.38834452963,-0.10842747174547,0.0612818191245919,-1.7693252794116,0.0768396071156536,0.206191749794588,"APPL2"
"ENSG00000136045.12",2045.0283931922,0.0823995214554779,0.0532756106862974,1.54666498223119,0.121944051294599,0.277693796152606,"PWP1"
"ENSG00000136048.14",6584.27877649156,-0.309503515010825,0.132836540208243,-2.32995766470301,0.0198083887749126,0.084733481624459,"DRAM1"
"ENSG00000136051.15",2783.1834759902,-0.0365995571438781,0.0632082748641032,-0.579031103483943,0.562568186263054,0.72607732515512,"WASHC4"
"ENSG00000136052.9",1610.69924880256,0.0336676222850952,0.102716050284355,0.327773723696455,0.743082756190586,0.85361445731327,"SLC41A2"
"ENSG00000136059.14",729.556556632211,0.357805066276209,0.152650219688649,2.34395382467187,0.0190805334725953,0.0826500391495077,"VILL"
"ENSG00000136068.15",12838.927955176,0.191563115256415,0.0848534452444738,2.2575761621051,0.0239720962148602,0.0958201485637094,"FLNB"
"ENSG00000136098.17",393.04328140355,-0.0176081952207094,0.0791038559789674,-0.222595915240733,0.823850015861682,0.903648231329497,"NEK3"
"ENSG00000136099.13",14.0490783569368,0.378306617471519,0.398755329946204,0.948718647905112,0.342763727081645,0.536109779466749,"PCDH8"
"ENSG00000136100.14",2165.20509300713,-0.0314532627191009,0.0603339782721722,-0.521319223758333,0.60214441146322,0.755823504043499,"VPS36"
"ENSG00000136104.21",1438.07686517632,-0.0949672465673292,0.0701900943738081,-1.35300069638839,0.176055407905008,0.351593347452548,"RNASEH2B"
"ENSG00000136108.15",1252.6556437828,0.130488192144705,0.0987825151802553,1.32096446326148,0.186513213636025,0.364497794176109,"CKAP2"
"ENSG00000136110.13",161.51953725583,-0.592726240405283,0.435995759011343,-1.35947707782603,0.173995461245306,0.349176063365882,"CNMD"
"ENSG00000136111.14",1358.83235663759,-0.138716170152131,0.0878784239948763,-1.57850088618133,0.114450584708367,0.2666855624787,"TBC1D4"
"ENSG00000136114.17",273.155191728483,-0.166903262783583,0.137088486866822,-1.217485629889,0.223419500617161,0.408092688541567,"THSD1"
"ENSG00000136122.18",207.96290114531,0.242482806345229,0.0959683648118029,2.52669519607577,0.0115141384094063,0.0589119732694582,"BORA"
"ENSG00000136141.15",1098.37637215344,0.0336700550337123,0.0776209815882246,0.43377517708202,0.664451708965224,0.801594040894996,"LRCH1"
"ENSG00000136143.16",1358.73026736269,0.0474734736604596,0.0589948637088684,0.804705201027919,0.420989817547713,0.608783129723147,"SUCLA2"
"ENSG00000136144.12",1360.01687701747,-0.0875544134718413,0.0551878962804579,-1.58647854643527,0.112630794994725,0.263867219601673,"RCBTB1"
"ENSG00000136146.15",1105.15612328963,-0.0174846930313646,0.0494346840078972,-0.353692824830669,0.723569100426583,0.841268055023714,"MED4"
"ENSG00000136147.18",1287.65185931605,-0.104494269976096,0.0562304426074987,-1.85832202505483,0.0631232979197815,0.181542029727371,"PHF11"
"ENSG00000136149.6",194.528405761405,0.24415314797542,0.110739139972964,2.20475929319144,0.027470989928704,0.104506618689518,"RPL13AP25"
"ENSG00000136152.15",1406.74109003173,-0.0942148101798302,0.0572587766637362,-1.64542129031373,0.0998829620065647,0.244173834648987,"COG3"
"ENSG00000136153.20",11468.085872034,0.0480434958390821,0.111448373973238,0.431082968071105,0.666408044309244,0.8030230199858,"LMO7"
"ENSG00000136155.17",2894.87552618139,0.411437485945469,0.179487691389856,2.29228802688095,0.0218890282696677,0.0902255067700936,"SCEL"
"ENSG00000136156.15",29082.6138834887,0.0218925863052538,0.0790372132689309,0.276990867969527,0.781787118218985,0.879027692417283,"ITM2B"
"ENSG00000136158.12",1468.68125183205,0.146598643615681,0.0946673554389119,1.5485659542933,0.121486095489255,0.276935061768145,"SPRY2"
"ENSG00000136159.4",880.778547399843,0.079930421667493,0.0714841409365496,1.11815600803597,0.263500369227645,0.455134515833773,"NUDT15"
"ENSG00000136160.17",1531.71365679119,0.0375555232268682,0.199646161364135,0.188110419806022,0.850790093087101,0.919475250572903,"EDNRB"
"ENSG00000136161.13",602.216326949717,-0.186897739758005,0.0810022524177409,-2.30731534222216,0.0210372468400194,0.0879669755142886,"RCBTB2"
"ENSG00000136167.15",9974.56458999546,-0.0396017232957919,0.113343091081345,-0.349396887961791,0.72679136933759,0.843044563422632,"LCP1"
"ENSG00000136169.16",707.43985018978,-0.293663572060968,0.0638586270668461,-4.59865151428274,4.25234398590146e-06,0.000215812939516185,"SETDB2"
"ENSG00000136193.17",4820.75172572457,0.159989267335242,0.0929463068644988,1.72130849231569,0.0851948592756737,0.220728773163591,"SCRN1"
"ENSG00000136197.13",14.6814603074753,0.0480125395804903,0.10776183199906,0.445543089699041,0.655927327427963,0.795055466998914,"C7orf25"
"ENSG00000136205.17",8135.08180428783,0.0712385658831965,0.0884905940252328,0.805041108243471,0.4207959581338,0.608582095314883,"TNS3"
"ENSG00000136206.4",24.7920783325154,-0.721624468743589,0.154141261012257,-4.68157885827992,2.84673847287703e-06,0.000160910804715611,"SPDYE1"
"ENSG00000136213.10",1474.67069940193,0.0880582297034221,0.0672878072234276,1.30868032912749,0.190642657682699,0.369466558136684,"CHST12"
"ENSG00000136231.14",599.336201774579,0.354034692631839,0.231808496093909,1.52727228983193,0.126693316981734,0.285115628110915,"IGF2BP3"
"ENSG00000136235.17",14244.7431615075,-0.0740227523621965,0.132728381386434,-0.557701010055129,0.577048567853179,0.736559367002871,"GPNMB"
"ENSG00000136237.19",2575.48550906309,-0.206734076838184,0.10907060142449,-1.89541520939817,0.0580374152805957,0.171678335578576,"RAPGEF5"
"ENSG00000136238.18",15780.5324626386,0.305401677708228,0.0592210135845999,5.15698160538823,2.50962446247782e-07,2.76665321951239e-05,"RAC1"
"ENSG00000136240.10",15733.1092713484,0.219816319955693,0.0717668921036002,3.06292098644001,0.00219187926156516,0.0190086575293797,"KDELR2"
"ENSG00000136243.17",594.242478577559,-0.0535538632014583,0.072140730351622,-0.742352661810198,0.457873692817031,0.640803030906834,"NUP42"
"ENSG00000136244.12",464.432177539742,0.0455173339046642,0.202068987953559,0.225256405575335,0.821779811461021,0.902626612878882,"IL6"
"ENSG00000136247.15",1490.02433049687,0.188279631850079,0.0633976172633432,2.96982189516677,0.00297972450717151,0.0235215054831374,"ZDHHC4"
"ENSG00000136250.12",633.308682986112,-0.0995820796986929,0.12639434408585,-0.787868163080578,0.43077382523904,0.617014751823849,"AOAH"
"ENSG00000136261.15",3425.44165410792,0.300965693135383,0.0851821626498584,3.53320089292054,0.000410560367595816,0.00591210480898248,"BZW2"
"ENSG00000136267.14",10.3520709912725,-0.0164870885013405,0.228932449356341,-0.072017263379198,0.942588169334,0.969971103523078,"DGKB"
"ENSG00000136270.14",2826.19864756291,0.261044502665618,0.0793339507736309,3.29045131523166,0.00100026809136241,0.0110234775126543,"TBRG4"
"ENSG00000136271.10",3553.74876713452,0.24585840787215,0.0648199864094583,3.79294136717491,0.0001488733177703,0.00289511645357863,"DDX56"
"ENSG00000136273.13",786.866295989112,0.107119330276685,0.054169111208701,1.97749839136144,0.047985322167241,0.151630156692668,"HUS1"
"ENSG00000136274.9",172.726432603126,0.182375061840635,0.144205834273876,1.26468573729318,0.205984004742114,0.387360227625351,"NACAD"
"ENSG00000136279.21",6695.65820901989,0.20057790777937,0.0537543118712519,3.7313826704689,0.000190431698011956,0.00346400167458061,"DBNL"
"ENSG00000136280.17",3017.15077873759,0.313891039960217,0.0768878346643843,4.08245389313345,4.45626549658417e-05,0.00120326396737856,"CCM2"
"ENSG00000136286.16",2198.39166355751,0.102182336502335,0.154768428314953,0.660227267375197,0.509107996532447,0.684229473944565,"MYO1G"
"ENSG00000136295.15",6740.76627950943,0.354960898691073,0.106420949803564,3.33544193456526,0.000851639372544662,0.00984539915702726,"TTYH3"
"ENSG00000136319.12",832.195786654457,-0.0361650110181375,0.0715360863676671,-0.505549196978204,0.613173153436207,0.764554653284582,"TTC5"
"ENSG00000136327.7",73.1667495470018,-0.123407669133106,0.187858360663634,-0.656918695005922,0.511233196693259,0.686263567622319,"NKX2-8"
"ENSG00000136352.19",5861.3350384694,-0.185998283056633,0.156665564386206,-1.187231436502,0.235136344101463,0.422334608554704,"NKX2-1"
"ENSG00000136367.14",225.944399184981,-0.118584599034623,0.11818705419507,-1.00336369192261,0.315685415673823,0.509754318751993,"ZFHX2"
"ENSG00000136371.11",37.4749626390803,0.281762615306461,0.0928598450170473,3.03427832832087,0.00241111873699322,0.0203791256945202,"MTHFS"
"ENSG00000136378.15",521.093116009053,0.187636291307654,0.120259093423834,1.56026696996925,0.118696805427072,0.272964785356962,"ADAMTS7"
"ENSG00000136379.12",2626.29570016523,-0.0509072422225828,0.115449050481016,-0.440949856326048,0.659249298946961,0.797201156404041,"ABHD17C"
"ENSG00000136381.13",2556.2364755022,-0.0339409779235685,0.0580139599296901,-0.585048460141373,0.558515132691148,0.722486859878245,"IREB2"
"ENSG00000136383.7",2160.03562949103,-0.153561783618236,0.147984273032479,-1.03768988738778,0.299414454487776,0.492388512386344,"ALPK3"
"ENSG00000136404.16",124.959790968248,-0.226363313761532,0.123783082803684,-1.82870961551779,0.0674431212362953,0.189419928743039,"TM6SF1"
"ENSG00000136425.14",231.536874446027,0.227262645931893,0.142650183881083,1.59314653335004,0.111127322357839,0.261599036957589,"CIB2"
"ENSG00000136436.15",4970.14038839571,0.0175011606553036,0.0496372952481231,0.35258086823265,0.724402682553193,0.841740140661854,"CALCOCO2"
"ENSG00000136444.10",1410.86848733202,-0.0354570046656523,0.0541314533015315,-0.655016677053619,0.512457016751015,0.687121685811178,"RSAD1"
"ENSG00000136448.13",5328.14483243299,0.102103457921932,0.0505182160724477,2.02112160444277,0.0432671784174011,0.141934591688889,"NMT1"
"ENSG00000136449.15",80.7061943883432,-0.592023832269019,0.158625161561648,-3.73221893954658,0.000189800420158797,0.00345490726536186,"MYCBPAP"
"ENSG00000136450.13",2801.44363739762,-0.0157163552535837,0.0526694741442768,-0.298395902160178,0.765401016294349,0.868209694702168,"SRSF1"
"ENSG00000136451.9",3203.66954319582,-0.068845663043786,0.0549385829825108,-1.25313867424834,0.210155243468764,0.392455604712002,"VEZF1"
"ENSG00000136457.10",74.4683440340271,-0.674714977023597,0.16893410829014,-3.99395352337487,6.49806062972516e-05,0.0016072803309468,"CHAD"
"ENSG00000136463.8",987.314441940474,0.209999761118111,0.070817156183556,2.96537975308974,0.00302309501769365,0.0237646703715006,"TACO1"
"ENSG00000136478.8",2291.2974702518,-0.00252506224949969,0.0565785035129457,-0.0446293573127457,0.964402742215269,0.982342374072907,"TEX2"
"ENSG00000136485.15",6520.03759072201,-0.00784311410648768,0.0513748219720648,-0.152664550560436,0.878662817556277,0.935144281796505,"DCAF7"
"ENSG00000136487.18",1.75406812213595,-0.42737988921187,0.569069233897607,-0.751015630004643,0.452643249344879,0.635931562259144,"GH2"
"ENSG00000136490.9",1371.99549942994,-0.0778189265890309,0.107624848360255,-0.723057247231107,0.469644713876045,0.650520910833436,"LIMD2"
"ENSG00000136492.9",361.657462134078,0.115297716477624,0.132752745389557,0.86851474249582,0.38511260523125,0.576592291532852,"BRIP1"
"ENSG00000136504.13",2328.58967128921,-0.114762696275099,0.0529385665359376,-2.16784669069556,0.0301703530243528,0.111100714881073,"KAT7"
"ENSG00000136514.3",341.086698388219,0.114248132307638,0.119295495425674,0.957690245553482,0.338218976936381,0.531674035560835,"RTP4"
"ENSG00000136518.17",1982.15628236442,0.0731394051971867,0.079315938037394,0.922127469042914,0.356462090327376,0.549888442835202,"ACTL6A"
"ENSG00000136521.13",3227.50838779534,0.114627068852762,0.0766442844782627,1.49557230044037,0.134765145916096,0.296286393289513,"NDUFB5"
"ENSG00000136522.14",1395.14389435876,0.135543682529147,0.074247206094705,1.82557283510784,0.0679146307517755,0.190278700801049,"MRPL47"
"ENSG00000136527.18",5360.66404455609,-0.00165140675761497,0.0471411524469848,-0.0350311070454238,0.972054936254206,0.986154279571908,"TRA2B"
"ENSG00000136531.18",46.5608567535154,-0.28014434966833,0.211613332075941,-1.3238501890221,0.185552803853851,0.363495704542881,"SCN2A"
"ENSG00000136535.15",4.83798099332791,-0.499123484257341,0.327652886543164,-1.52333003845393,0.127676155606417,0.286591305865995,"TBR1"
"ENSG00000136536.15",3905.85553214474,-0.0636522127481091,0.0490361118704993,-1.2980681036908,0.19426393361767,0.373819182245347,"MARCHF7"
"ENSG00000136541.15",60.0130973043461,-0.401715936981583,0.137750886079606,-2.91624938622487,0.00354267205490075,0.0264869033738627,"ERMN"
"ENSG00000136542.9",2379.03553241165,0.25306263574738,0.151893192101762,1.6660564719572,0.0957021671384262,0.23810225484385,"GALNT5"
"ENSG00000136546.16",1131.08916585641,-0.20890746226533,0.193555281136881,-1.07931677729626,0.280446536280103,0.472946334331551,"SCN7A"
"ENSG00000136560.14",2239.8143156761,0.0242944020195232,0.0561647859582227,0.432555766127092,0.665337530614387,0.802081413866271,"TANK"
"ENSG00000136573.14",130.56742045606,-0.546498201925273,0.188015704763574,-2.90666251849804,0.00365307081393855,0.0270390588280249,"BLK"
"ENSG00000136574.18",12.4750633114102,1.1422521957737,0.345668913406334,3.30446896285113,0.000951565114495488,0.0106282212832591,"GATA4"
"ENSG00000136603.14",4465.61444098487,-0.0561722960302026,0.0849172806484831,-0.661494287160808,0.508295377079408,0.683786112816215,"SKIL"
"ENSG00000136628.18",7771.38255495648,0.0674028246143555,0.0670158483420713,1.00577439936758,0.314524104817214,0.50859734425623,"EPRS1"
"ENSG00000136630.13",178.953932412941,0.167058888112944,0.103049631870706,1.62114978074399,0.104985519970598,0.252192489914839,"HLX"
"ENSG00000136631.15",2011.43352566289,-0.00544390689945029,0.0524708828021539,-0.103751006438695,0.917366947748743,0.95626894433577,"VPS45"
"ENSG00000136634.7",39.4778860260719,-0.103927908845711,0.135520122260636,-0.766881752407471,0.443151823847887,0.628117572964694,"IL10"
"ENSG00000136636.13",2304.4200357664,0.216578097811068,0.0912260348653249,2.3740821151637,0.0175926375213237,0.0784496799182699,"KCTD3"
"ENSG00000136643.12",1386.28551090437,0.0394320164577832,0.0609588302568621,0.646863076138906,0.517720564883618,0.691319262411434,"RPS6KC1"
"ENSG00000136682.15",455.375942531185,-0.0996325592052991,0.0469109408044364,-2.12386614927741,0.033681337685853,0.119649250488167,"CBWD2"
"ENSG00000136688.11",26.1353236697924,-0.0840259759642651,0.2683821836982,-0.313083285955947,0.754217387102745,0.860644347025352,"IL36G"
"ENSG00000136689.19",1095.47224327395,0.452577139261483,0.151402590742665,2.9892298212434,0.0027968167569324,0.0225433417861972,"IL1RN"
"ENSG00000136695.15",147.385963291114,0.501101198116296,0.324466510994057,1.54438495541832,0.122495102488331,0.278421158025774,"IL36RN"
"ENSG00000136696.11",2.14495163672337,0.481396608148931,0.385735058757424,1.24799806815503,0.212031764659557,0.394587676959789,"IL36B"
"ENSG00000136699.19",2879.07289629007,0.12349942162171,0.0660222911812442,1.87057158138726,0.0614044866905817,0.178559858288708,"SMPD4"
"ENSG00000136709.12",3535.40207386231,-0.0408222344273736,0.0406663091498448,-1.00383426184447,0.315458506969264,0.50953619602793,"WDR33"
"ENSG00000136710.10",2085.30385404498,0.0573472311382656,0.0572895002041903,1.00100770531894,0.316823083204634,0.51087281005143,"CCDC115"
"ENSG00000136715.19",1532.19166583186,0.0500620360979741,0.0534090134505944,0.937333099108517,0.348587242203126,0.542295019848424,"SAP130"
"ENSG00000136717.15",2148.15171193737,0.126949015313343,0.0789783492319979,1.60739008282424,0.107968824199308,0.257051348975084,"BIN1"
"ENSG00000136718.10",2436.35447444488,0.142003232438961,0.0668888886680207,2.12297192054937,0.0337562049066912,0.119825709559491,"IMP4"
"ENSG00000136720.7",1913.09227812333,-0.169664741094186,0.0964586238368438,-1.75893802280621,0.0785880360448343,0.209364766267158,"HS6ST1"
"ENSG00000136731.13",5567.01949318537,0.0517027168249821,0.0684536394054392,0.755295368866448,0.450071776803661,0.633751240921399,"UGGT1"
"ENSG00000136732.16",1070.37509141719,0.130077144067684,0.120351744419954,1.08080813198514,0.279782470385857,0.47246353739692,"GYPC"
"ENSG00000136738.15",1321.40763010515,0.142232013656512,0.0584895410269362,2.43175123550738,0.0150260234145062,0.0704593517660784,"STAM"
"ENSG00000136754.18",3392.27175037915,0.0337028368248168,0.0471013773963231,0.715538242995156,0.474276518691963,0.654674245897903,"ABI1"
"ENSG00000136758.19",7312.34266327674,0.103038317823084,0.0490767052191702,2.09953617226193,0.0357696626254651,0.12476473313668,"YME1L1"
"ENSG00000136770.11",1669.46686945825,0.195915751685078,0.0681437113468489,2.87503788409578,0.0040397902322859,0.0290176345638607,"DNAJC1"
"ENSG00000136783.10",990.283841184109,0.145420085661072,0.0813065544977551,1.78854074630708,0.0736888079049091,0.200729952673714,"NIPSNAP3A"
"ENSG00000136802.12",4093.44713462425,0.337114914709357,0.0859911387731449,3.92034481132651,8.84223619103005e-05,0.00201771466420811,"LRRC8A"
"ENSG00000136807.14",2705.07583635815,0.0444489005850081,0.0499790779184475,0.889350152828687,0.373814925536218,0.56577807500465,"CDK9"
"ENSG00000136810.13",9060.86652573589,0.303102985030558,0.104995246240084,2.88682579340284,0.00389149628546859,0.0281957749362581,"TXN"
"ENSG00000136811.16",1754.73617971428,-0.0381505884039793,0.0636946913753317,-0.598960252105949,0.549199390723004,0.715178455417805,"ODF2"
"ENSG00000136813.14",5226.05883312812,0.00857759725749646,0.0557641541689687,0.153819194163796,0.877752299195824,0.934717480076976,"ECPAS"
"ENSG00000136816.16",1397.88356825197,0.119855187101696,0.049803603944618,2.40655650613108,0.0161037125651472,0.0737977842300681,"TOR1B"
"ENSG00000136819.15",2177.08153378601,0.0765921832273908,0.0499751876671674,1.53260421426511,0.125373402513301,0.282944498164356,"C9orf78"
"ENSG00000136824.19",1270.03968450289,0.156927616741781,0.0846780945499783,1.85322564915723,0.0638500228061153,0.183018408031338,"SMC2"
"ENSG00000136826.15",2206.35781802975,0.0562484531106222,0.158962181140351,0.353848020372589,0.723452783595174,0.841226412448982,"KLF4"
"ENSG00000136827.12",1955.7800693222,0.132743914007627,0.0491642202666708,2.70001056230757,0.006933727470983,0.0419405016557582,"TOR1A"
"ENSG00000136828.19",688.168371582234,-0.245803437696065,0.0826615754813901,-2.97361181739639,0.00294317149573208,0.0233636167399638,"RALGPS1"
"ENSG00000136830.12",17604.4218763464,0.171764752664613,0.0863507339127161,1.98915220382763,0.0466844056797211,0.148990022842691,"NIBAN2"
"ENSG00000136840.19",1915.03000192883,-0.0921534315044315,0.1113935772974,-0.827277781540306,0.408079634104219,0.597502877673624,"ST6GALNAC4"
"ENSG00000136842.14",191.753638708531,0.0198351128290124,0.151090096741851,0.131280032621213,0.895553786737253,0.944597209245784,"TMOD1"
"ENSG00000136848.17",3175.03760083943,-0.0556734124294995,0.0877991568821765,-0.634099624717483,0.526015807675259,0.697628806746202,"DAB2IP"
"ENSG00000136854.24",3380.28417966271,-0.344629351189296,0.113681134139633,-3.03154392149178,0.00243306520170485,0.0205229388802532,"STXBP1"
"ENSG00000136856.18",737.708016894377,0.0259745862074195,0.0648084566592565,0.400790075035826,0.688574686694028,0.817513623996301,"SLC2A8"
"ENSG00000136859.10",2708.03337634054,0.145638044958728,0.113882623116312,1.27884343522702,0.200952194936111,0.381513628188991,"ANGPTL2"
"ENSG00000136861.18",2873.30469772405,-0.0798519378397162,0.0755721393655853,-1.05663196132939,0.290679587882399,0.483068579633061,"CDK5RAP2"
"ENSG00000136866.14",126.95538891151,0.0209144991041227,0.118169964393328,0.1769865905562,0.859518922487272,0.924676494857943,"ZFP37"
"ENSG00000136867.11",21.5190747088308,-0.0317734809423598,0.121548906924265,-0.261404908907633,0.793780271851945,0.886139107090729,"SLC31A2"
"ENSG00000136868.11",3318.38169391423,0.0686744072535853,0.0606405971299536,1.13248237161015,0.257431691573005,0.448250631601019,"SLC31A1"
"ENSG00000136869.16",1337.04825488044,-0.0237657490835908,0.132008623136852,-0.180031792763667,0.857127608948271,0.923357045290884,"TLR4"
"ENSG00000136870.10",995.188505012859,-0.206274371322568,0.0656615785294623,-3.14147749631108,0.001680977262243,0.0158192583220269,"ZNF189"
"ENSG00000136872.20",38.6974393391293,-0.473039207346157,0.206280705701252,-2.29318202949742,0.0218375273051374,0.090091300690203,"ALDOB"
"ENSG00000136874.11",1653.43769807895,-0.0698717893659761,0.0588045858609833,-1.18820306856945,0.234753415049582,0.42191996584138,"STX17"
"ENSG00000136875.13",1745.04959002064,0.11857252542451,0.0595569503161921,1.99090995752805,0.0464907872928785,0.148628555919128,"PRPF4"
"ENSG00000136877.15",2921.9486973676,0.0429064367957883,0.0758000277716101,0.566047771447629,0.57136130633861,0.732430802704426,"FPGS"
"ENSG00000136878.14",1409.08546954822,-0.0881780607747726,0.0614674617150542,-1.43454859391366,0.151415772278228,0.319177238600674,"USP20"
"ENSG00000136881.12",119.718859407865,-0.599676982844211,0.225541929206491,-2.65882705248649,0.00784132033927296,0.0454572658985573,"BAAT"
"ENSG00000136883.14",444.625159960945,-0.544607559639903,0.189157865318748,-2.87911665064622,0.00398790797872622,0.0287317507759645,"KIF12"
"ENSG00000136888.8",5352.71818307111,0.0641678220659426,0.0671119638418398,0.956130895188292,0.339006107629756,0.532408620280082,"ATP6V1G1"
"ENSG00000136891.14",1056.18260660657,0.0302430019179631,0.0563697773361812,0.536510934531428,0.591605480871448,0.747999440781297,"TEX10"
"ENSG00000136895.19",201.618968502542,0.0227353161666257,0.0900477189288693,0.252480756170901,0.800669486747831,0.89018831932862,"GARNL3"
"ENSG00000136897.8",1079.96277065934,0.00888013452549125,0.0612749872369803,0.144922666260989,0.884771930269446,0.938739662655301,"MRPL50"
"ENSG00000136908.18",2606.76913275528,0.00403014939526253,0.0783450806833885,0.0514410012742133,0.958974113711958,0.979282221278423,"DPM2"
"ENSG00000136918.8",153.011882562624,-1.03976327604794,0.259113733822055,-4.01276790971642,6.00109094480146e-05,0.00151474087054795,"WDR38"
"ENSG00000136925.15",442.296130928372,-0.137951218356948,0.0577343092589245,-2.3894148925948,0.0168752332046301,0.0761592976930662,"TSTD2"
"ENSG00000136928.7",159.267440848462,-0.0870951254050649,0.236055561979154,-0.368960276448628,0.712157333813305,0.833784959632397,"GABBR2"
"ENSG00000136929.13",3.62821565084741,-0.751587944617023,0.238587433570227,-3.15015729609161,0.00163182579154705,0.0155061679222852,"HEMGN"
"ENSG00000136930.13",4324.86651875095,0.200524029981365,0.0621730667301703,3.22525557331174,0.00125860257603477,0.0129169715055257,"PSMB7"
"ENSG00000136931.10",4.84058862251209,0.3007153264246,0.249732735354096,1.20414861110705,0.228532144109217,0.414497748628686,"NR5A1"
"ENSG00000136932.14",493.444834001904,-0.0653706935610389,0.0540864995663412,-1.20863235900221,0.226804118815193,0.412416616233739,"TRMO"
"ENSG00000136933.17",881.67056573473,0.128797657955581,0.062265274123814,2.06853113180659,0.0385901062951566,0.13132785534955,"RABEPK"
"ENSG00000136935.14",1227.42559931188,-0.0849583762452187,0.0467902809188651,-1.81572699664996,0.0694122606839295,0.192996692412733,"GOLGA1"
"ENSG00000136936.11",479.215481457407,-0.0338212407287319,0.051173197153195,-0.660917093522274,0.508665483268742,0.683965415456814,"XPA"
"ENSG00000136937.13",1855.49689918377,0.0577280257033435,0.0579397541755763,0.99634571331471,0.319082199880764,0.51284937084519,"NCBP1"
"ENSG00000136938.9",6234.67223321818,0.167660274620756,0.0663619425386167,2.526452183391,0.0115221072180255,0.0589346313734406,"ANP32B"
"ENSG00000136940.14",1185.71783392071,0.0103091896101463,0.0471792632773839,0.21851103417056,0.827030962006679,0.905373579303327,"PDCL"
"ENSG00000136942.15",18102.0385787482,0.234685010914733,0.111196357349707,2.11054585337413,0.0348113659524394,0.122254219233274,"RPL35"
"ENSG00000136943.11",435.40247429442,0.567016773875013,0.190197175558755,2.98120501636919,0.00287116507046328,0.0229231891345165,"CTSV"
"ENSG00000136944.19",60.8139230900485,-0.751364909176248,0.261512507788082,-2.87315094613035,0.0040639989073127,0.0291244694634396,"LMX1B"
"ENSG00000136950.13",2568.15235469129,0.196668386818267,0.0645733973800767,3.04565649009736,0.00232172922658331,0.0198077134811609,"ARPC5L"
"ENSG00000136960.13",3015.20611141952,-0.133397384587543,0.120559950285939,-1.10648174846752,0.268518059548788,0.460338401470535,"ENPP2"
"ENSG00000136982.6",370.247036126802,0.076590403931583,0.127745855480069,0.599552945524189,0.548804214552643,0.715036931675386,"DSCC1"
"ENSG00000136986.10",4573.52784467321,0.157027801802078,0.0574170677346761,2.73486278553448,0.00624062843166908,0.0389664745640582,"DERL1"
"ENSG00000136997.21",2865.53076495901,0.25693193281213,0.119287569257829,2.15388690045981,0.0312490425026519,0.113826517728752,"MYC"
"ENSG00000136999.5",299.883364652799,0.510879921905735,0.138657068964256,3.68448522474849,0.00022916531794616,0.00397582122479495,"CCN3"
"ENSG00000137033.11",1619.70582127449,-0.228647067438029,0.170977652646154,-1.33729211917083,0.181127302437819,0.357964577945049,"IL33"
"ENSG00000137038.8",1270.91405121791,0.196113296012244,0.0907011452918842,2.16219205811718,0.0306033754541932,0.11219208363948,"DMAC1"
"ENSG00000137040.10",1230.14268453049,-0.0382154032173909,0.0750871556216452,-0.50894727468375,0.610789181935663,0.762386595266527,"RANBP6"
"ENSG00000137054.16",814.944550085748,0.0606915998479818,0.0655460259813593,0.925938665835239,0.354477855698151,0.547944621123528,"POLR1E"
"ENSG00000137055.15",1574.29959350206,0.0142655496306091,0.0603914325742698,0.236218102842074,0.813263432919295,0.897923309417725,"PLAA"
"ENSG00000137070.18",387.412382180521,-0.13030773771307,0.0905817587399103,-1.43856488906586,0.150273840237717,0.317514454477599,"IL11RA"
"ENSG00000137073.23",1997.8362422868,0.0454748374881606,0.0613744879270396,0.74094039761635,0.458729579792243,0.641429207576654,"UBAP2"
"ENSG00000137074.20",1266.07826360266,0.0110603155266248,0.0531323996665982,0.208165179740186,0.835099995565903,0.910248866152082,"APTX"
"ENSG00000137075.18",1976.89426829253,-0.13606218056849,0.0652521994559299,-2.08517385931771,0.0370535218267041,0.127889581399177,"RNF38"
"ENSG00000137076.21",17813.3645141572,0.084866959309723,0.0726549199218715,1.16808275889621,0.242773384124949,0.431373980769169,"TLN1"
"ENSG00000137077.8",2216.00717310439,0.231389539161831,0.157841053609303,1.46596550055082,0.142657685821279,0.307199260715465,"CCL21"
"ENSG00000137078.9",192.108570458361,-0.239995760447599,0.139976636724077,-1.71454155539314,0.0864293119737402,0.22278500182268,"SIT1"
"ENSG00000137090.12",4.25579307767432,-0.288667291663033,0.359829717369474,-0.802233050047472,0.422418161721901,0.609974317236609,"DMRT1"
"ENSG00000137094.15",509.743625038592,0.10427990062397,0.0858215867809601,1.21507775066104,0.224336438599357,0.409116621948313,"DNAJB5"
"ENSG00000137098.14",93.4111044212262,-0.72624018322703,0.153871848230722,-4.71977292518171,2.36108063274504e-06,0.000141126494624741,"SPAG8"
"ENSG00000137100.16",1656.54442926964,0.0797319256319255,0.073028563838321,1.09179095741832,0.274924994537463,0.467590183557383,"DCTN3"
"ENSG00000137101.13",264.65283218915,-0.0845588753610967,0.114812298738852,-0.736496667081207,0.461428495149688,0.643772320706474,"CD72"
"ENSG00000137103.20",998.625286837025,-0.129861209744113,0.084169705094755,-1.5428497652204,0.122867231673292,0.278976795796287,"TMEM8B"
"ENSG00000137106.18",2849.56680766937,0.100961767426346,0.0629508830292456,1.60381812880117,0.108754147345566,0.258164123178318,"GRHPR"
"ENSG00000137124.8",1871.43675156193,0.208061745579511,0.0932358039047724,2.23156488029017,0.0256437349543908,0.100030095821504,"ALDH1B1"
"ENSG00000137133.11",7.45900594013848,-0.344865218591807,0.1291121425115,-2.67105178400312,0.00756139807329519,0.0443262518510245,"HINT2"
"ENSG00000137135.18",255.510183470849,0.123306798885954,0.122340808058301,1.00789590033763,0.313504439978966,0.507639444282746,"ARHGEF39"
"ENSG00000137142.5",566.022204481778,-0.299230606343982,0.184393060284362,-1.62278670294057,0.104635009216263,0.251778936241474,"IGFBPL1"
"ENSG00000137145.20",2195.46434671546,-0.117963517745842,0.0791364483009447,-1.49063447094876,0.136057488976289,0.297834307350094,"DENND4C"
"ENSG00000137154.13",67431.9292864315,-0.00311563034317855,0.104766708699807,-0.0297387441282126,0.976275412230138,0.988124046794127,"RPS6"
"ENSG00000137161.17",3470.94742246151,0.103878408061615,0.0650602767867965,1.59664872625775,0.110344030940049,0.260378752717205,"CNPY3"
"ENSG00000137166.16",4591.35758371376,-0.109752547101701,0.100217380926251,-1.09514483503083,0.273453189017844,0.465893995430666,"FOXP4"
"ENSG00000137168.8",1624.33300259486,0.0355178420253295,0.0837448913355098,0.424119506980232,0.671478659862399,0.806302352405643,"PPIL1"
"ENSG00000137171.15",1190.023326957,-0.0746159285645452,0.0708969857167825,-1.05245558482019,0.292590577917777,0.485120423835486,"KLC4"
"ENSG00000137177.20",2864.31930488838,-0.0825675816050745,0.0797877811282965,-1.03483992708493,0.300743673098334,0.493704476638351,"KIF13A"
"ENSG00000137185.13",612.455513868231,-0.128559014638226,0.0644696416067109,-1.99410158695288,0.0461409538587857,0.147893595534856,"ZSCAN9"
"ENSG00000137193.14",2739.74424232131,0.115342863159187,0.0844357123256569,1.3660435849031,0.171925283707425,0.346245122875266,"PIM1"
"ENSG00000137198.10",433.858134264148,-0.0800336213757644,0.128469803468897,-0.622976133026782,0.533300205936144,0.702729508281171,"GMPR"
"ENSG00000137200.13",2619.96239350824,-0.0671685115210555,0.0431854127594531,-1.55535184751366,0.119862295514559,0.274511618942439,"CMTR1"
"ENSG00000137203.15",621.274874255425,0.579341525247743,0.197863008764608,2.92799310424401,0.00341157611484355,0.025908212498058,"TFAP2A"
"ENSG00000137207.12",6176.9645706908,0.111765092794978,0.0689322640760934,1.62137562566641,0.1049371049139,0.252158974010298,"YIPF3"
"ENSG00000137210.14",2232.23303033032,0.038069940810905,0.0868137020484691,0.438524563664502,0.661006067803886,0.798781671785894,"TMEM14B"
"ENSG00000137216.19",4804.48614909451,-0.0204953579384156,0.0866432645960214,-0.236548773109788,0.813006865419522,0.897729347962328,"TMEM63B"
"ENSG00000137218.10",335.310335645366,-0.243519607611091,0.0898057565449195,-2.71162581308789,0.00669541269547777,0.040873818844036,"FRS3"
"ENSG00000137221.14",1558.03979018797,-0.0120263494871397,0.0600052085983381,-0.200421759511603,0.841150743091747,0.913508648177755,"TJAP1"
"ENSG00000137225.13",16.4929450895666,-0.108417706254042,0.131637557459723,-0.823607702438679,0.410162498008577,0.59940040585548,"CAPN11"
"ENSG00000137251.16",39.7033740216647,1.0723248500862,0.444206548209957,2.41402305843397,0.0157774638454173,0.072821108571608,"TINAG"
"ENSG00000137252.9",2.44294858335701,-0.813162311488021,0.223898967558894,-3.63182698140012,0.00028142178537455,0.00456597246611837,"HCRTR2"
"ENSG00000137261.14",355.355669671263,0.38326189276565,0.224613043827284,1.70632072935336,0.0879483806265648,0.225287792275158,"KIAA0319"
"ENSG00000137265.15",701.956157000322,-0.399384617279289,0.157248826482243,-2.5398257412394,0.0110907712675993,0.0575596333300364,"IRF4"
"ENSG00000137266.15",1901.9431114165,-0.370674954275388,0.124473331966537,-2.97794674906783,0.00290186396796867,0.0230962842662158,"SLC22A23"
"ENSG00000137267.6",813.534345153345,0.0561258566435022,0.122491052079055,0.458203727463122,0.646806082177794,0.788160269890392,"TUBB2A"
"ENSG00000137269.15",992.89081556075,0.219138431435267,0.0726074745486834,3.01812496299309,0.00254344000638517,0.0211467535223091,"LRRC1"
"ENSG00000137270.11",15.1176916200553,-0.290591266247851,0.217069298748806,-1.33870274572603,0.18066746207205,0.357436019916127,"GCM1"
"ENSG00000137273.6",348.221746512785,0.136946192369698,0.137958099088436,0.992665115528381,0.320873180519011,0.514625931381855,"FOXF2"
"ENSG00000137274.13",591.629013763999,-0.093299254980958,0.0872792724581143,-1.06897379358579,0.285081478223195,0.477589911795629,"BPHL"
"ENSG00000137275.15",2256.7879684923,-5.64564352000843e-06,0.0405505642033023,-0.000139224783450699,0.999888914695162,0.999961475558523,"RIPK1"
"ENSG00000137285.10",680.538202453764,-0.156803569018797,0.258108728741293,-0.607509749025049,0.543512674780945,0.711148260227235,"TUBB2B"
"ENSG00000137288.10",1877.59349772243,-0.123197818323571,0.108994997416619,-1.1303070897159,0.258346848198435,0.449310014996108,"UQCC2"
"ENSG00000137309.20",12688.7368657107,0.568921480552411,0.148150174088699,3.8401674790594,0.000122950404066177,0.00254089869806035,"HMGA1"
"ENSG00000137310.12",1140.17871015778,0.0670843647751371,0.100084106551801,0.670279898441376,0.50267937886585,0.678795561167338,"TCF19"
"ENSG00000137312.15",10147.4233106678,0.0745023236000362,0.0781185557208035,0.953708410410304,0.340231261733821,0.53352077615193,"FLOT1"
"ENSG00000137331.12",1581.86040242054,0.401892031082342,0.136464566127016,2.94502846041571,0.00322924957180318,0.0248868995356582,"IER3"
"ENSG00000137337.15",1842.70708582827,-0.088497719241246,0.0760877047318062,-1.16310144396105,0.244788346341327,0.433704348610601,"MDC1"
"ENSG00000137338.5",234.788693175204,-0.208989448963504,0.102365656969832,-2.04159730079292,0.0411914932782872,0.137207442292548,"PGBD1"
"ENSG00000137343.18",629.232881081947,-0.177017561900735,0.0903160600467762,-1.95997878792603,0.0499982696552492,0.155743720329562,"ATAT1"
"ENSG00000137364.5",1769.76152195564,0.0647797677723514,0.064731994136944,1.00073802199429,0.316953480225322,0.510945207907429,"TPMT"
"ENSG00000137392.10",2.0338454163903,0.156360317965276,0.393224605316596,0.397636149547117,0.690898409618449,0.819121996077122,"CLPS"
"ENSG00000137393.10",1988.49697955991,-0.0852003928322807,0.12287283121865,-0.693403024796169,0.488056664552502,0.666705650954516,"RNF144B"
"ENSG00000137404.14",736.344896218811,0.280632932235545,0.0963062994071053,2.91396236760438,0.00356872923819542,0.0266398436159732,"NRM"
"ENSG00000137409.19",9183.43094603935,0.0969588016927383,0.0570283551458394,1.7001858364104,0.0890959755524254,0.227230911143473,"MTCH1"
"ENSG00000137411.19",19.5015876367561,-0.214920592310492,0.134288940917683,-1.60043404052338,0.109502328554534,0.259070028858235,"VARS2"
"ENSG00000137413.16",1639.07869539839,-0.0516186413963227,0.0547362088752567,-0.943043781383566,0.345658509390382,0.539269388619212,"TAF8"
"ENSG00000137414.6",2642.85779206187,-0.129304705127946,0.0663129788755372,-1.94991549649184,0.0511861917966066,0.158112997168716,"FAM8A1"
"ENSG00000137434.11",59.7582366537191,0.411308384490652,0.152178339679231,2.7028050467473,0.00687570609211438,0.0416659779622796,"C6orf52"
"ENSG00000137440.5",566.888682968035,0.760415966463497,0.243730782859207,3.119901218644,0.00180911697375239,0.0167215245439029,"FGFBP1"
"ENSG00000137441.8",42.3289544431236,0.579690511105648,0.227421273972384,2.54897222665299,0.0108040904078689,0.0564679092541884,"FGFBP2"
"ENSG00000137449.17",1167.63676369827,0.0275224462234689,0.084090035586671,0.327297354929785,0.74344299283041,0.853822055272787,"CPEB2"
"ENSG00000137460.9",1205.01285149842,-0.0861327064940566,0.109745354487309,-0.784841480502186,0.432546516201617,0.618483557975453,"FHDC1"
"ENSG00000137462.9",2433.92282148769,-0.240963117844669,0.127957908005662,-1.88314361808733,0.0596809074656333,0.175077667834464,"TLR2"
"ENSG00000137463.5",11.1590843012635,-0.478165912108057,0.183403600965315,-2.60717842829317,0.00912917750180898,0.0505524359839894,"MGARP"
"ENSG00000137473.18",71.3734301443545,-1.01899304949654,0.272671450347776,-3.73707275989793,0.000186175062597555,0.00341693845593185,"TTC29"
"ENSG00000137474.22",780.79000612085,0.0404207009376835,0.115838021425049,0.348941568928965,0.727133176733652,0.843206020654597,"MYO7A"
"ENSG00000137478.15",1898.93834945198,-0.222118997345019,0.0565039840009652,-3.93103249748239,8.45818369716869e-05,0.00195283155221801,"FCHSD2"
"ENSG00000137486.17",3079.90284719636,-0.152971284804602,0.108540831509862,-1.40934321836942,0.158733705232202,0.328920572868064,"ARRB1"
"ENSG00000137491.15",4622.67431281171,0.00762775906270403,0.132878328631268,0.0574040864396386,0.954223307864015,0.976244747978509,"SLCO2B1"
"ENSG00000137492.8",2047.82600879556,-0.0522574960303835,0.0641925137827136,-0.814074616352787,0.41560220648896,0.604378683244689,"THAP12"
"ENSG00000137494.14",559.34150541623,-0.12132609277562,0.0608376441086527,-1.9942602076921,0.0461236254723749,0.147869342999528,"ANKRD42"
"ENSG00000137496.18",1095.91981012313,-0.000921484011509683,0.102155226742579,-0.00902042940819594,0.992802836246833,0.996650328009311,"IL18BP"
"ENSG00000137497.18",8434.92572157229,-0.0982642271518073,0.0687513901136093,-1.42926894989947,0.152926946797257,0.321264313460442,"NUMA1"
"ENSG00000137500.9",1347.23625308369,0.244100319355488,0.0806349296273998,3.02722803236059,0.00246807695919643,0.0207080862405561,"CCDC90B"
"ENSG00000137501.17",2120.25071052009,-0.0192020826229276,0.116737409852556,-0.164489538076787,0.869345781980804,0.930108911867309,"SYTL2"
"ENSG00000137502.10",786.521755387817,-0.252923832507211,0.088844128133091,-2.84682665947629,0.00441573993693205,0.0307783705893221,"RAB30"
"ENSG00000137504.14",3110.70328944709,-0.25494428736494,0.0670198503710278,-3.8040115869186,0.000142371516108188,0.00283063677786416,"CREBZF"
"ENSG00000137507.11",2143.06159634328,0.0197744154428208,0.145283818232579,0.136108863900897,0.891735220362114,0.942642981156243,"LRRC32"
"ENSG00000137509.11",4413.46930885184,0.0198426394229141,0.0735353241816045,0.269838198767034,0.787284734108154,0.882091271710877,"PRCP"
"ENSG00000137513.10",844.027698143967,-0.0989963218000729,0.0693815683892241,-1.42683891555626,0.153626331222005,0.322181975076771,"NARS2"
"ENSG00000137522.18",1127.48632861271,0.0819097743951997,0.0475071704918656,1.72415602838785,0.0846796797388993,0.219789551535603,"RNF121"
"ENSG00000137547.9",2416.63864734506,0.183309439809163,0.0943638587219157,1.94258100815233,0.0520668034251607,0.159942801848485,"MRPL15"
"ENSG00000137558.9",312.925411828257,0.235525546681722,0.173687776365391,1.35602833780451,0.175090151894018,0.350485595659423,"PI15"
"ENSG00000137561.5",22.6216222630537,-0.194687845486515,0.238463896093648,-0.816424828562133,0.414257200936703,0.603265899343262,"TTPA"
"ENSG00000137563.13",1426.41682263379,-0.218180671962999,0.16371580824014,-1.33267931978181,0.18263706262333,0.35975243911481,"GGH"
"ENSG00000137571.11",194.474056017373,0.204714037960512,0.181600302350887,1.12727806787989,0.259624932286241,0.45062668545144,"SLCO5A1"
"ENSG00000137573.14",8737.56440775453,0.0828180620538741,0.165176039735032,0.501392709176992,0.616094769906408,0.766319094368537,"SULF1"
"ENSG00000137574.11",1361.38709364256,-0.0738394900906249,0.0616362453783809,-1.19798812593676,0.230921639643425,0.417421769391277,"TGS1"
"ENSG00000137575.12",10969.7225561859,0.203806795291478,0.0732801583660764,2.78120025714664,0.00541583177441827,0.0353339775163056,"SDCBP"
"ENSG00000137601.17",635.581071560363,-0.0545200140113655,0.073934651272244,-0.737408144533075,0.460874184059518,0.64326852848252,"NEK1"
"ENSG00000137628.17",2226.26193765929,0.157951850291488,0.115149939355643,1.3717058921208,0.170155013428985,0.3437273746794,"DDX60"
"ENSG00000137634.10",7.64823400771457,-0.353464791138887,0.217952984755223,-1.62174788079114,0.104857342145404,0.252023076383875,"NXPE4"
"ENSG00000137642.13",6377.58298026081,-0.301297327520971,0.127390305978628,-2.36515114086875,0.0180227140965497,0.0797957473768642,"SORL1"
"ENSG00000137648.19",4974.27048162031,0.198999370112363,0.204789411537777,0.971726851588972,0.331186454721482,0.524806789007249,"TMPRSS4"
"ENSG00000137656.12",964.854623012667,-0.0339173023493013,0.0471194813254205,-0.719814849298929,0.471639000910027,0.652358839106669,"BUD13"
"ENSG00000137672.13",1093.23495327287,0.429558983898475,0.164827074890658,2.60611907469348,0.00915746201028116,0.0506191902221967,"TRPC6"
"ENSG00000137673.9",4378.57264133772,0.298914907275059,0.215045835539029,1.39000556102752,0.164527188691346,0.336276241211921,"MMP7"
"ENSG00000137674.4",1.58220687888017,0.185073583177643,0.389286452039608,0.475417477818654,0.634489439318608,0.779150264175194,"MMP20"
"ENSG00000137691.13",207.257666440554,-0.282241192774346,0.139244281117886,-2.02694997962177,0.0426675284320346,0.140424083045446,"CFAP300"
"ENSG00000137692.12",1245.21694707286,0.0816936202452206,0.0689237974391405,1.18527451011903,0.235908928304393,0.423245072585438,"DCUN1D5"
"ENSG00000137693.14",5687.80228833682,0.0302140482812805,0.0763867466332597,0.395540451884162,0.69244407404011,0.82011883874128,"YAP1"
"ENSG00000137699.17",1977.3836534943,0.618464936062077,0.27163527670148,2.27682112416406,0.0227969095387527,0.0926313876317552,"TRIM29"
"ENSG00000137700.18",1168.46088077598,-0.0300113458369039,0.0709687404892722,-0.422881195720818,0.672381943097115,0.806921347831168,"SLC37A4"
"ENSG00000137707.13",6.80744564366517,-0.497565734174855,0.242741064709582,-2.04977981278177,0.0403859224190377,0.135404684299801,"BTG4"
"ENSG00000137709.10",310.659795323926,0.0221978361169581,0.146776393267733,0.151235737728392,0.879789759875797,0.935748373629942,"POU2F3"
"ENSG00000137710.17",5318.17208226345,0.165920971165608,0.0897629098744847,1.84843574475933,0.0645393317486997,0.184248668488206,"RDX"
"ENSG00000137713.16",1892.57036211713,-0.0179327751675176,0.0841450879326643,-0.213117314487424,0.831235459851962,0.907950202258903,"PPP2R1B"
"ENSG00000137714.3",1376.827400551,0.283207638036693,0.0763251005609935,3.71054392270829,0.000206814408433667,0.00369041890821467,"FDX1"
"ENSG00000137720.8",659.801444380287,0.12113530421401,0.0891414847870395,1.35891055105717,0.174174935016989,0.349409864516788,"C11orf1"
"ENSG00000137726.17",315.586446515657,-0.0674429408722941,0.131425809318973,-0.513163595657294,0.607836888772654,0.760407076913838,"FXYD6"
"ENSG00000137727.12",426.961561810093,-0.118109287286607,0.154291311863453,-0.765495385709943,0.443976613073752,0.628885014425818,"ARHGAP20"
"ENSG00000137731.14",15.0312760955443,0.455708835460649,0.174120674670077,2.61720118144571,0.0088654072841012,0.0495062067610838,"FXYD2"
"ENSG00000137745.12",1265.66991325936,-0.689286782933479,0.272551050455481,-2.52901899215416,0.011438183756938,0.0586495382442225,"MMP13"
"ENSG00000137747.16",1392.09296491721,0.0799533335605584,0.12876003173432,0.620948383466786,0.534633585312258,0.703576291782539,"TMPRSS13"
"ENSG00000137752.24",1307.50484676155,-0.0455776201993109,0.108451049793494,-0.420259834147269,0.674295648625429,0.808312823056033,"CASP1"
"ENSG00000137757.11",28.8665067049884,0.121750729398079,0.153634862898283,0.792468109784993,0.428087779325259,0.615223073946779,"CASP5"
"ENSG00000137760.15",446.945508380715,0.0388377921710637,0.0725511836694298,0.535315762014623,0.592431528857209,0.748560586369238,"ALKBH8"
"ENSG00000137764.20",646.229706550757,-0.00475074064268186,0.0541239168388052,-0.0877752557493348,0.930055304891813,0.963090767495976,"MAP2K5"
"ENSG00000137766.17",15.2224724910363,-0.709437649190919,0.237722190149121,-2.9843139538042,0.00284214983535121,0.0227734523389525,"UNC13C"
"ENSG00000137767.14",2177.28745587283,0.415511038535533,0.0988371730696156,4.20399557808953,2.62244062152372e-05,0.00080766804451794,"SQOR"
"ENSG00000137770.14",1673.69315954017,0.0150595824967361,0.0633332066227284,0.237783357259092,0.812049127483506,0.896909783409361,"CTDSPL2"
"ENSG00000137776.17",3506.21412563191,-0.0792067339100393,0.0505336938731839,-1.56740439574458,0.117020197150134,0.270345806933552,"SLTM"
"ENSG00000137801.11",19911.6489549573,0.110395120541641,0.137843985413684,0.800870057625901,0.423206875937652,0.61080329319267,"THBS1"
"ENSG00000137802.14",689.150965327182,-0.0753852218496074,0.0734211911193594,-1.02675018888014,0.304538109777909,0.497765589318863,"MAPKBP1"
"ENSG00000137804.14",7.31239618200353,0.184376525465576,0.114981410456185,1.60353334277313,0.108816953862404,0.258239564112981,"NUSAP1"
"ENSG00000137806.10",598.82042793259,0.0396427656112723,0.0630721429278738,0.62853050128019,0.529656472048682,0.700184027295821,"NDUFAF1"
"ENSG00000137807.16",851.479316026849,0.240425840511146,0.140757730048159,1.70808267815122,0.0876210025130502,0.224795101846881,"KIF23"
"ENSG00000137809.17",2097.69754571985,0.190400693383257,0.174671846095449,1.09004798219865,0.275692008384709,0.468129445358909,"ITGA11"
"ENSG00000137812.20",501.588278015166,0.249762919133965,0.137027582538851,1.82272002837932,0.0683458052774387,0.191068678738917,"KNL1"
"ENSG00000137814.12",816.762059193762,0.0634424383597965,0.0577560130049661,1.09845598854515,0.272005425750988,0.464070751231302,"HAUS2"
"ENSG00000137815.14",2915.34085871755,0.0659573516048454,0.0455164657558529,1.44908772044464,0.147313086828896,0.31334619216678,"RTF1"
"ENSG00000137817.17",1717.32467276105,-0.0968474029777039,0.0672503218210767,-1.44010318992037,0.14983820675256,0.3169152796781,"PARP6"
"ENSG00000137818.12",49759.4686097131,0.238714543850212,0.100027284177257,2.38649430316621,0.0170098709052616,0.0765210419929702,"RPLP1"
"ENSG00000137819.14",517.503133738341,0.107355288219728,0.150720369974156,0.712281214796221,0.47629065417835,0.656501811275972,"PAQR5"
"ENSG00000137821.12",214.271037045045,-0.412929870004282,0.117178318355154,-3.52394432520136,0.000425173575953363,0.00603895216050142,"LRRC49"
"ENSG00000137822.13",503.994998446358,0.00840647148834058,0.0636770984236354,0.132017188226973,0.894970696502655,0.94449733657523,"TUBGCP4"
"ENSG00000137824.16",2469.06165528,0.0289938282724073,0.0671210815740376,0.431963067228376,0.665768256135174,0.802409750664488,"RMDN3"
"ENSG00000137825.11",640.739001561129,0.429328371607754,0.245468074200241,1.749019187145,0.0802877028373399,0.212464707937649,"ITPKA"
"ENSG00000137831.15",2138.5380855725,0.0174967768787591,0.0962577721264306,0.181770017030706,0.855763215441074,0.922831229245879,"UACA"
"ENSG00000137834.15",849.616184614535,-0.197284094913627,0.153932862442618,-1.28162428595888,0.199974476566562,0.380616867615513,"SMAD6"
"ENSG00000137841.12",1476.5320521585,-0.112032721403625,0.107231133817678,-1.04477792423712,0.296125620100695,0.488790791770572,"PLCB2"
"ENSG00000137842.7",1447.80364941595,-0.0862745548196982,0.0813621898867671,-1.0603765082991,0.288973345098991,0.481425939617515,"TMEM62"
"ENSG00000137843.12",775.110164321712,0.0653508418542351,0.099494229043083,0.656830476327797,0.511289925676434,0.686300289129896,"PAK6"
"ENSG00000137845.15",5777.43965122151,0.0949961897485521,0.060746946666577,1.56380188571386,0.117864101321543,0.27172976423365,"ADAM10"
"ENSG00000137857.17",2740.69977938112,-0.235390964427868,0.203532520210589,-1.15652753763534,0.247465442457399,0.436851148232083,"DUOX1"
"ENSG00000137860.12",79.3050953895425,0.420172188811245,0.316463163028549,1.32771278903428,0.184273006977401,0.3619042721389,"SLC28A2"
"ENSG00000137868.19",627.744253111651,0.498669174800665,0.217736323476259,2.29024338630866,0.0220072116409626,0.0905668846925301,"STRA6"
"ENSG00000137869.15",29.7717361342508,0.438574495158848,0.160088251693287,2.73957951642268,0.00615178318265769,0.0385999467584287,"CYP19A1"
"ENSG00000137871.20",718.964252965417,-0.231138804544,0.0698899357175465,-3.30718296090764,0.000942393189626085,0.010546250911671,"ZNF280D"
"ENSG00000137872.17",357.840519878328,0.0889491054441337,0.173735055568176,0.511981333607303,0.608664073642318,0.760975600515227,"SEMA6D"
"ENSG00000137875.4",29.6935773665064,0.343874614216962,0.225769625798348,1.52312169097584,0.12772826302792,0.286688940941722,"BCL2L10"
"ENSG00000137876.11",3904.13198808176,0.206714372147304,0.0850037124833805,2.43182757679813,0.0150228569275882,0.0704544267770379,"RSL24D1"
"ENSG00000137877.10",273.551032221396,-0.182008484487339,0.137762356168054,-1.32117720362818,0.186442285509504,0.364444751730151,"SPTBN5"
"ENSG00000137878.17",156.173209837177,-0.0556653059356778,0.173235590145627,-0.321327193152884,0.74796245102515,0.856828389020587,"GCOM1"
"ENSG00000137880.6",19.3541485689681,0.192024166857955,0.106660669628325,1.80032778274401,0.0718088964932651,0.197385534259435,"GCHFR"
"ENSG00000137936.18",1277.15315050757,0.685414072465174,0.111019976861629,6.1737904460154,6.66718970832329e-10,2.9596099594561e-07,"BCAR3"
"ENSG00000137941.17",410.855411298576,-0.307058093804432,0.169727763258507,-1.8091211944905,0.0704321770485854,0.194819761452161,"TTLL7"
"ENSG00000137942.17",3894.79896836479,-0.0648658382457222,0.069395106214204,-0.934732170385312,0.349926343410662,0.543572808488096,"FNBP1L"
"ENSG00000137944.18",908.941816352404,0.00619803073674948,0.0623661397087981,0.099381343236723,0.920835495364127,0.958252622359825,"KYAT3"
"ENSG00000137947.12",1304.76607238659,0.120452516982307,0.0627637797732557,1.91914058422646,0.0549665444963044,0.165566015191845,"GTF2B"
"ENSG00000137948.18",252.056793541374,-0.0261580110317503,0.364508735044577,-0.0717623708758348,0.942791019269686,0.969971103523078,"BRDT"
"ENSG00000137955.16",2115.24224226222,-0.0763512642025089,0.0651346097599036,-1.17220728709286,0.241113843456481,0.429158149703108,"RABGGTB"
"ENSG00000137959.16",2273.34827878828,0.218999688733602,0.170196788723867,1.28674395313601,0.198183547776691,0.378614401375836,"IFI44L"
"ENSG00000137960.6",190.089371916414,0.427332469431955,0.185260029327359,2.30666307774813,0.02107361011118,0.0880747804960476,"GIPC2"
"ENSG00000137962.13",3103.73548192234,-0.0481663086708168,0.11335320469188,-0.42492233723558,0.670893290567042,0.805919188989664,"ARHGAP29"
"ENSG00000137965.11",1828.5653482492,0.1990820716394,0.136703899677974,1.4563013352828,0.145309336579818,0.310957969735961,"IFI44"
"ENSG00000137968.16",567.019012520241,-0.307309237588488,0.230677324113845,-1.33220392931567,0.182793185725661,0.359975785803575,"SLC44A5"
"ENSG00000137970.7",326.463959036149,0.202402763658751,0.109322589727512,1.85142671942956,0.064108188086113,0.183458303760612,"RPL7P9"
"ENSG00000137975.8",86.7999993580129,-1.73860369792236,0.244541034222777,-7.10966036210711,1.16328866151532e-12,1.93646847039147e-09,"CLCA2"
"ENSG00000137976.7",46.1863879571375,0.218713235450094,0.226982504766949,0.963568692990919,0.335262209073894,0.528648774662174,"DNASE2B"
"ENSG00000137992.14",1367.29521954832,-0.0627642087070002,0.0582954824876319,-1.07665647540213,0.281633763738939,0.474036041261906,"DBT"
"ENSG00000137996.13",1481.09497285804,0.0917702721535211,0.0526595882234851,1.74270774325184,0.0813846783989807,0.214590323159964,"RTCA"
"ENSG00000138002.16",1269.43451685965,-0.263773959346846,0.0802661404333262,-3.28624196856646,0.00101533750046624,0.0111118772268482,"IFT172"
"ENSG00000138018.18",2674.14570687611,0.157785670055385,0.097505447285233,1.61822415514708,0.105614299009406,0.253220283517223,"SELENOI"
"ENSG00000138028.16",275.900550211418,0.237544285864814,0.217324873836214,1.0930377258327,0.274377236130131,0.466944810227494,"CGREF1"
"ENSG00000138029.14",4951.75379781653,0.0784815818258822,0.0451708684165643,1.73743796780986,0.0823098944255759,0.215898180686286,"HADHB"
"ENSG00000138030.13",176.404283805289,0.0618124558391103,0.0981879923661274,0.629531721237577,0.529001008269124,0.699724354945687,"KHK"
"ENSG00000138031.14",1108.50429054584,0.215994360512077,0.088013625024633,2.454101401364,0.0141237148372062,0.0674925847674906,"ADCY3"
"ENSG00000138032.21",1205.23056915615,0.00904340551141612,0.055382772403882,0.163289144239053,0.870290780831123,0.93064145198852,"PPM1B"
"ENSG00000138035.15",1780.0718180296,0.0238961067335806,0.070757712044457,0.337717346182232,0.735576201649864,0.848972313695325,"PNPT1"
"ENSG00000138036.18",780.444467201298,-0.0472718611979303,0.0613826468399344,-0.770117673830515,0.441230092965883,0.626407124860907,"DYNC2LI1"
"ENSG00000138039.15",13.9008165956336,-0.9302051683882,0.306896892602428,-3.03100223824436,0.00243743441042301,0.0205545855689497,"LHCGR"
"ENSG00000138050.15",534.227565254157,-0.0140101531372048,0.0566416232302727,-0.247347309949919,0.804639447932829,0.892451821873371,"THUMPD2"
"ENSG00000138061.12",3408.61584434793,0.0537700326644995,0.12959488356775,0.414908607378697,0.678208808535311,0.811078194711236,"CYP1B1"
"ENSG00000138069.18",8901.29611518407,0.138019146442184,0.0460891644043046,2.99461160179535,0.00274794507987379,0.0222868052482919,"RAB1A"
"ENSG00000138071.14",14757.1584553332,0.148851448017501,0.0469501434929029,3.17041518818791,0.00152221262708983,0.0147279933140661,"ACTR2"
"ENSG00000138073.14",2941.80805606662,0.100687007336817,0.068000702156432,1.48067599515652,0.138692933656215,0.301201266643158,"PREB"
"ENSG00000138074.15",1563.63387596726,0.182416137193643,0.0839127975859372,2.17387743516507,0.029714341095731,0.109944382985127,"SLC5A6"
"ENSG00000138075.14",5.05836971645654,-0.283283360603939,0.165209417869123,-1.71469256570079,0.0864016073058718,0.222748080535418,"ABCG5"
"ENSG00000138078.16",2141.08848831271,-0.0695957499654303,0.0579647736292955,-1.20065594339277,0.229884690576898,0.416180043685517,"PREPL"
"ENSG00000138079.14",4.79573706050536,-0.280821751246263,0.214328693144707,-1.31023871384622,0.190115092868897,0.368938085036383,"SLC3A1"
"ENSG00000138080.14",4255.65942692919,0.225352971517004,0.119946871904726,1.87877322633308,0.0602754642956507,0.176309802321129,"EMILIN1"
"ENSG00000138081.21",1302.3709675807,-0.0805726692794542,0.057471952508021,-1.40194765904654,0.160930877168923,0.331823645646556,"FBXO11"
"ENSG00000138083.5",22.3635681761276,0.411374414307798,0.305615451927131,1.34605240577261,0.178285616269403,0.354198772076456,"SIX3"
"ENSG00000138085.17",4947.38313907077,0.157529739699198,0.0788541924491926,1.99773448698618,0.0457454532215085,0.147050629922147,"ATRAID"
"ENSG00000138092.11",404.773440092013,0.172554964252841,0.0893356355722802,1.93153564249542,0.0534168459638918,0.162574920255585,"CENPO"
"ENSG00000138095.19",6905.91171132094,0.0550997991882344,0.0625450856038365,0.880961288265541,0.378338773119006,0.569853093261448,"LRPPRC"
"ENSG00000138100.14",85.4240879269213,-0.253088331923172,0.246891455572373,-1.02509959826853,0.305316195078452,0.49862154429863,"TRIM54"
"ENSG00000138101.19",787.785733642946,0.00481569078426763,0.0708798971426007,0.067941559996611,0.94583215507452,0.971780951083076,"DTNB"
"ENSG00000138107.13",5147.72534850808,0.140204824787366,0.0522631419681174,2.68267118101886,0.00730367625751247,0.0433056622691652,"ACTR1A"
"ENSG00000138109.11",24.3594567405263,-0.119070060279593,0.22871093319313,-0.520613766107309,0.602635857593266,0.756287670355182,"CYP2C9"
"ENSG00000138111.14",680.712798393089,-0.0458820600826215,0.0868218882963198,-0.528461900368117,0.597178784144841,0.752274897292149,"MFSD13A"
"ENSG00000138115.14",25.1365612153845,-0.421428233521595,0.184600020320882,-2.28292625747844,0.0224347125010316,0.0916685045012516,"CYP2C8"
"ENSG00000138119.17",12018.8632228196,0.244111835559272,0.0986146687250262,2.47541099833682,0.0133082927182442,0.0649762413064238,"MYOF"
"ENSG00000138131.4",859.543426318132,0.037341971421783,0.171726514777714,0.217450237490227,0.82785748382381,0.905924818176762,"LOXL4"
"ENSG00000138134.12",364.999682688366,0.0723267542711538,0.0939445969773894,0.769887322935255,0.441366734437579,0.626494252382447,"STAMBPL1"
"ENSG00000138135.7",658.020913925021,0.0411472169521916,0.183335785614187,0.224436363115612,0.822417778610098,0.902846030451035,"CH25H"
"ENSG00000138136.6",6.5973397092456,0.256660376651427,0.172767349376352,1.48558380722925,0.137389240748467,0.29958737177356,"LBX1"
"ENSG00000138138.13",2478.38659739699,0.0116423047432304,0.0497608047937731,0.233965362728364,0.815011868946763,0.898721189482133,"ATAD1"
"ENSG00000138152.10",38.0466561919666,-0.223229362508062,0.192702576906826,-1.15841399783666,0.246695129514788,0.435945910134599,"BTBD16"
"ENSG00000138160.7",1204.29549122677,0.258440553586492,0.131714749325488,1.96212311005387,0.0497481529731449,0.155190323325923,"KIF11"
"ENSG00000138162.19",5558.65407235351,0.150624742073819,0.136915341846104,1.10013048970892,0.271275271038834,0.463276101497609,"TACC2"
"ENSG00000138166.6",2296.19478126711,0.292938960507141,0.121200594676732,2.41697626392404,0.0156500376211595,0.0723853185140044,"DUSP5"
"ENSG00000138172.11",718.690641137939,0.199921058168195,0.0891108772281415,2.24350903488872,0.0248640079003593,0.098196609137208,"CALHM2"
"ENSG00000138175.9",1289.15333802957,-0.120298673654466,0.0828925563996118,-1.4512602684676,0.146707400332818,0.312751779908758,"ARL3"
"ENSG00000138180.16",1084.7424868295,0.311474515372452,0.151359939632332,2.05783984936208,0.0396055093765525,0.133751785463088,"CEP55"
"ENSG00000138182.15",691.817538780166,0.135582644903629,0.101043122148966,1.34182952802806,0.179651275699204,0.356019638205571,"KIF20B"
"ENSG00000138185.20",1722.19287059648,-0.0794369199392821,0.0805517839780929,-0.986159660484813,0.324054771040849,0.517570424191076,"ENTPD1"
"ENSG00000138190.17",1097.67001786762,-0.0595935525140767,0.0619676632531915,-0.961687909233974,0.336206397617345,0.529560467231597,"EXOC6"
"ENSG00000138193.16",905.906810463938,-0.01259457480252,0.118888842900347,-0.105935716887049,0.915633355522126,0.955167830343041,"PLCE1"
"ENSG00000138207.14",381.167130760598,0.436403286056631,0.217634624723911,2.00521073616043,0.0449405228019892,0.145531059784712,"RBP4"
"ENSG00000138231.13",766.0934191246,0.0949237044620598,0.0476859222470196,1.99060225721004,0.0465246319123745,0.148693920539376,"DBR1"
"ENSG00000138246.17",2745.27701577817,0.0538604531710416,0.0635185048850253,0.847949007435459,0.396466369850331,0.58701213428031,"DNAJC13"
"ENSG00000138271.6",10.7650984712573,0.27648422762699,0.308769557777169,0.895438752503319,0.370552592743562,0.562964655937365,"GPR87"
"ENSG00000138279.16",5437.2002724924,0.0559756012412751,0.0532711526333704,1.05076760074102,0.293365339566671,0.485896833500482,"ANXA7"
"ENSG00000138286.15",867.844018297914,-0.0487343075065598,0.0534158877140353,-0.912356034733738,0.361581325580012,0.554624605967996,"FAM149B1"
"ENSG00000138303.18",1133.26283262543,0.0570582175929642,0.0566359192743506,1.00745636910329,0.31371551462292,0.507779016852261,"ASCC1"
"ENSG00000138308.6",147.107149553528,-0.190437584345827,0.263867214133493,-0.721717493289949,0.470468184688183,0.65135187508077,"PLA2G12B"
"ENSG00000138311.18",93.8658130064425,0.439699382046777,0.160955749485052,2.73180289274234,0.00629888122970302,0.0392272077778718,"ZNF365"
"ENSG00000138315.13",50.7988045621304,-0.198381903486719,0.184776664552464,-1.07363072045492,0.282988223207327,0.475519042043696,"OIT3"
"ENSG00000138316.11",338.803440982603,0.156426123803641,0.147609793136473,1.05972727472775,0.289268690697012,0.481698085553947,"ADAMTS14"
"ENSG00000138326.21",38395.0890567973,0.0653222001368544,0.0867855447248912,0.752685258172023,0.451639070639237,0.635144866891616,"RPS24"
"ENSG00000138336.9",179.253259789607,-0.202937625588221,0.15438230033356,-1.31451354947913,0.188673441421294,0.367038967233794,"TET1"
"ENSG00000138346.15",409.852777886042,-0.148157891037148,0.121068213112127,-1.22375549476337,0.221044477966636,0.405545866231717,"DNA2"
"ENSG00000138347.16",8.55025167652472,0.845504871099742,0.284425327645042,2.9726778487003,0.00295214123631256,0.0233957720020362,"MYPN"
"ENSG00000138356.14",573.099281495438,-0.251802647624099,0.173489493608417,-1.45139998040713,0.146668515206862,0.312697709848502,"AOX1"
"ENSG00000138363.15",4192.24950249243,0.168180032418825,0.0752914622836786,2.23371983114323,0.0255015133165887,0.0997558316119359,"ATIC"
"ENSG00000138375.13",1158.52286978241,0.125783567758534,0.0414411610710284,3.03523271326655,0.0024035015623402,0.0203405636794591,"SMARCAL1"
"ENSG00000138376.11",667.513864107524,0.0599363060111652,0.0900929706451254,0.665271725218754,0.505876711860893,0.681454718510407,"BARD1"
"ENSG00000138378.19",291.552606192999,-0.114106160583922,0.112270727039553,-1.01634828234187,0.309463564174732,0.503257612780913,"STAT4"
"ENSG00000138379.5",9.43611103806606,0.321703248125922,0.175783900979771,1.83010643371114,0.0672340250875762,0.189043986972079,"MSTN"
"ENSG00000138380.18",417.048175799582,-0.300829201674408,0.0821352598100886,-3.6626072939926,0.000249661127255943,0.00423293023319956,"CARF"
"ENSG00000138381.10",729.557720481992,0.00744101850683094,0.0538458457365033,0.138191134432986,0.890089361571307,0.941710471424733,"ASNSD1"
"ENSG00000138382.15",945.453133509343,0.1685410700016,0.0673003582922281,2.50431163040425,0.0122689917249175,0.061414624373343,"METTL5"
"ENSG00000138385.16",3077.31305328316,0.0464731169683685,0.0595018559983146,0.781036426320631,0.434781070842269,0.62053983037579,"SSB"
"ENSG00000138386.17",1478.57402399531,0.000693715706270506,0.067680505307338,0.0102498600316344,0.991821938127979,0.996116218802188,"NAB1"
"ENSG00000138395.17",42.2200130681786,-0.243029395337957,0.148825693066268,-1.63298010129033,0.102473181788233,0.248390217784903,"CDK15"
"ENSG00000138398.17",3435.86528311465,-0.0866968625774051,0.0437213533933499,-1.98294096244953,0.0473740244375321,0.150383618954878,"PPIG"
"ENSG00000138399.18",842.643691630964,-0.0985750312149187,0.0592041843554893,-1.66500108544742,0.0959125392688539,0.238299714169996,"FASTKD1"
"ENSG00000138400.13",90.634038612055,-0.74834137605938,0.175104544657898,-4.27368334454949,1.92270042897356e-05,0.00064860986150149,"MDH1B"
"ENSG00000138411.13",1300.69782555508,-0.105061229775149,0.116440711198139,-0.902272312613869,0.366912229665885,0.559629538629689,"HECW2"
"ENSG00000138413.14",7559.57817747548,0.160245267623642,0.0956944073506177,1.67455206694069,0.0940221505863476,0.235253228578932,"IDH1"
"ENSG00000138430.16",3844.56937792381,0.0830368912615262,0.0779920144977614,1.06468452951564,0.287018713218112,0.479415714387448,"OLA1"
"ENSG00000138433.16",2070.58551561794,0.0395472279996105,0.0529176068154158,0.747335912932663,0.454860819558606,0.638169172264856,"CIR1"
"ENSG00000138434.17",6051.26729313216,0.114301178325168,0.0883180422002962,1.29419963891347,0.195596471485309,0.375318331161518,"ITPRID2"
"ENSG00000138435.16",99.6458810437187,-0.306461111675496,0.206064553415496,-1.48720925843838,0.136959551539525,0.299022516191581,"CHRNA1"
"ENSG00000138439.12",946.447192803483,-0.174623084513453,0.070727482038776,-2.4689566131835,0.0135507647044627,0.0657454982957852,"FAM117B"
"ENSG00000138442.10",1279.27929985451,0.0128900435482289,0.0716474963351037,0.179909197216615,0.857223854683137,0.923365673931213,"WDR12"
"ENSG00000138443.17",2365.7773750521,-0.153553016848239,0.0624131045643054,-2.46026884770698,0.0138832972370581,0.0667697076465886,"ABI2"
"ENSG00000138448.12",9732.87435265745,0.125957489216752,0.102889941473342,1.22419633457937,0.220878171592936,0.405363373950919,"ITGAV"
"ENSG00000138449.11",9305.13008252419,0.00605408527282332,0.12785043731607,0.0473528710571125,0.962231990300437,0.98112181958448,"SLC40A1"
"ENSG00000138459.9",1472.91812072158,-0.00691104787805266,0.0590993839391798,-0.116939423347711,0.906908057140707,0.950506091076569,"SLC35A5"
"ENSG00000138463.9",902.877191080746,-0.061213452618814,0.0648938551982779,-0.943285807751462,0.345534733151456,0.53915207718102,"SLC49A4"
"ENSG00000138468.16",902.136573179585,-0.302793369773182,0.0686796616796996,-4.40877782982268,1.03955599494544e-05,0.000413126003673332,"SENP7"
"ENSG00000138495.7",1189.83281581352,0.16363215574731,0.0762074803405715,2.14719283482458,0.0317779329099875,0.115123255753233,"COX17"
"ENSG00000138496.16",4861.13817436875,0.0509665957053353,0.0647989956519777,0.786533729304488,0.431554866748385,0.61766555769254,"PARP9"
"ENSG00000138587.6",174.191332479585,-0.252676599084035,0.116321192120883,-2.17223185626784,0.0298381789812251,0.110243312931076,"MNS1"
"ENSG00000138592.14",1769.65325388806,-0.103304352451441,0.0571942114031083,-1.80620293412818,0.0708866467891729,0.195674416014587,"USP8"
"ENSG00000138593.9",3805.53338328064,-0.199210253825663,0.103668458269422,-1.92160910995646,0.0546549614406171,0.165105492354819,"SECISBP2L"
"ENSG00000138594.14",4247.81701647572,0.215697264611538,0.0654357727467931,3.29632027799517,0.000979602687892982,0.0108604436523547,"TMOD3"
"ENSG00000138600.10",3383.75204885233,-0.0433802293636195,0.0559477666999645,-0.775370169755982,0.438120956643064,0.623535288740971,"SPPL2A"
"ENSG00000138604.10",1830.53727606646,-0.062269083229856,0.0800393163504101,-0.777981198105735,0.43658009753522,0.622124660539476,"GLCE"
"ENSG00000138606.19",337.343383864659,0.0811666873536225,0.126133897950937,0.643496226408497,0.519902162564477,0.69319594306204,"SHF"
"ENSG00000138613.14",775.507477849326,-0.117974635640815,0.0887418637819851,-1.32941354410414,0.183711571820293,0.361043580055576,"APH1B"
"ENSG00000138614.15",1885.4940774619,0.0235969999927609,0.0489044177847695,0.482512645311766,0.629441817610681,0.776009560284356,"INTS14"
"ENSG00000138615.6",950.418868341296,0.362264643437256,0.203503606946089,1.78013868586234,0.0750532667869874,0.20308423367516,"CILP"
"ENSG00000138617.16",549.19120026241,-0.0415139889503359,0.0532763902869834,-0.779219251280218,0.435850571634925,0.621579485176335,"PARP16"
"ENSG00000138621.12",494.831140634027,0.0448812923634114,0.0648264928916197,0.692329483849238,0.488730438428575,0.667239501623987,"PPCDC"
"ENSG00000138622.4",55.7973184864226,-0.675463917858816,0.255617883248775,-2.64247520272842,0.008230249174953,0.0470402894045855,"HCN4"
"ENSG00000138623.10",1026.5469754637,0.408293210518655,0.148191930850231,2.75516492818555,0.005866255648273,0.0373861503250293,"SEMA7A"
"ENSG00000138629.16",1682.62555480861,0.0299847512993068,0.0739776630689519,0.405321688404229,0.685241066239847,0.815833631895809,"UBL7"
"ENSG00000138639.18",546.179467929679,-0.120846740684843,0.103870992665288,-1.16343107525945,0.244654647581824,0.433582837322564,"ARHGAP24"
"ENSG00000138640.15",2608.86811505917,0.143565588872883,0.10996507221303,1.30555626421779,0.191703501689637,0.370788629626044,"FAM13A"
"ENSG00000138641.18",17.9328714426788,-0.167223046255561,0.150926382892391,-1.10797756529281,0.267871504967842,0.459608638161944,"HERC3"
"ENSG00000138642.15",1216.26630246981,0.116425312532463,0.0985086059895229,1.18187960699439,0.237253474747244,0.424833614892067,"HERC6"
"ENSG00000138646.9",577.694402783039,0.15358092037305,0.105039474381995,1.46212575107264,0.143706753324036,0.30870285800479,"HERC5"
"ENSG00000138650.9",34.2091224615466,0.146131956582381,0.194331173835275,0.75197382745318,0.452066798351625,0.635451125924452,"PCDH10"
"ENSG00000138653.10",2.57129311742522,0.544722210393659,0.446043668843468,1.22123067413119,0.221998693345869,0.406612889781813,"NDST4"
"ENSG00000138658.16",240.359757117441,-0.146128667988865,0.104560013461077,-1.39755785363649,0.162245882117169,0.333443476023541,"ZGRF1"
"ENSG00000138660.12",1032.35080607862,0.0889343434865096,0.0551464886808579,1.61269276818671,0.106811272487624,0.255079627175972,"AP1AR"
"ENSG00000138663.9",1513.9044166877,0.0401997193137881,0.0621275230212648,0.647051698810343,0.517598484429427,0.691319262411434,"COPS4"
"ENSG00000138668.19",8869.88000825355,0.0709906500650525,0.0510255459173484,1.39127663974519,0.164141554751125,0.335714755026982,"HNRNPD"
"ENSG00000138669.9",155.177763587252,0.269258785135006,0.182651547158517,1.47416646244626,0.140436777295901,0.3039550302584,"PRKG2"
"ENSG00000138670.18",1224.71340552145,-0.0906359814378829,0.105325772964573,-0.860529943306171,0.389496984984857,0.580436109444557,"RASGEF1B"
"ENSG00000138674.17",10303.0145229043,0.0591763892416056,0.0470366780615543,1.25809031760629,0.208359094577244,0.390349408348444,"SEC31A"
"ENSG00000138675.16",10.9727756470314,1.38970732939567,0.308176309529345,4.50945542023676,6.49942500623547e-06,0.000290060799909648,"FGF5"
"ENSG00000138678.11",558.495686302774,0.742628946636173,0.147272471440991,5.04255098980755,4.59366292304019e-07,4.15865185255348e-05,"GPAT3"
"ENSG00000138684.9",16.0752428586627,-0.670090639892562,0.207989730701838,-3.22174867783817,0.00127410841913936,0.0130119299381616,"IL21"
"ENSG00000138685.17",255.584788657682,0.0750118778343177,0.165434374678058,0.453423769880317,0.650243623483012,0.790872792774629,"FGF2"
"ENSG00000138686.10",540.633637399855,0.0301980365506175,0.044639360077607,0.676489011000992,0.498730220682213,0.675490225669131,"BBS7"
"ENSG00000138688.15",3411.46666433035,-0.273514258522313,0.0952115859803225,-2.8726993223161,0.00406981255881673,0.029143998521086,"KIAA1109"
"ENSG00000138696.11",340.055359467774,0.071817625466488,0.175642515370334,0.408885202509563,0.682623908846196,0.813848504738681,"BMPR1B"
"ENSG00000138698.15",1741.66398702904,0.182821884894588,0.0632330797013485,2.89123803170841,0.00383727360375998,0.0279030958608422,"RAP1GDS1"
"ENSG00000138709.19",1074.84618509746,-0.0747676929495845,0.0633826113130612,-1.17962468570898,0.238149520307286,0.425806482177929,"LARP1B"
"ENSG00000138722.10",592.367959988112,-0.430266979105616,0.177838602984172,-2.41942397143049,0.015545109966779,0.072041111654228,"MMRN1"
"ENSG00000138735.16",1128.00361537852,-0.170468579919412,0.124013258802524,-1.37459963205113,0.169255602756633,0.342388308577991,"PDE5A"
"ENSG00000138738.11",290.113262484159,-0.0660610659046299,0.11280649174374,-0.585614044754619,0.558134908060652,0.722217090822057,"PRDM5"
"ENSG00000138741.11",32.3031144743654,0.0191281641303438,0.151804416462754,0.126005320372461,0.899727713097595,0.94664332560624,"TRPC3"
"ENSG00000138744.16",1041.75183431438,0.139756342235093,0.0807754690556298,1.73018298586225,0.0835975871873278,0.218051901459394,"NAAA"
"ENSG00000138750.15",1637.15882736177,0.0995245828798882,0.0593872494637853,1.67585776035273,0.0937660571014567,0.234769273235607,"NUP54"
"ENSG00000138755.6",4652.03854809001,-0.188705426965303,0.195262687428606,-0.966418261729084,0.333834929721576,0.527397091924667,"CXCL9"
"ENSG00000138756.18",542.906856393579,-0.0876142641437572,0.0934789927812262,-0.937261533709562,0.348624044388184,0.542295019848424,"BMP2K"
"ENSG00000138757.15",7252.54075006294,0.104424015038385,0.0584882829124891,1.78538349629149,0.0741991337462443,0.201559379880362,"G3BP2"
"ENSG00000138758.12",5659.84085620263,0.0827746709036958,0.0886655026449402,0.933561175817903,0.350530300022686,0.5440908796986,"SEPTIN11"
"ENSG00000138759.19",1018.55381124956,-0.173318490411918,0.173648346665151,-0.998100435393901,0.318230659024428,0.51197706247706,"FRAS1"
"ENSG00000138760.10",14268.5738095372,0.0569187912869756,0.0569766656807289,0.998984243934568,0.317802323980853,0.511584603630913,"SCARB2"
"ENSG00000138764.15",2771.3022918256,0.169932171163529,0.0792125998011952,2.14526693467982,0.0319315106042753,0.115474446009448,"CCNG2"
"ENSG00000138767.13",2229.42544348435,-0.113296431058104,0.0707521386129909,-1.60131457902393,0.10930726155776,0.25890485622101,"CNOT6L"
"ENSG00000138768.15",4966.48304073429,0.0565700969541551,0.053090596678162,1.06553891825865,0.286632123700516,0.479097373441535,"USO1"
"ENSG00000138769.11",829.784793937375,-0.754684133613933,0.165918308787406,-4.54852836392471,5.40223630701802e-06,0.000254841830087526,"CDKL2"
"ENSG00000138771.16",3542.82921162332,-0.0374217399979522,0.0999004869771325,-0.37459016597705,0.70796528780721,0.830641680538675,"SHROOM3"
"ENSG00000138772.13",3410.49706775803,0.494386043798374,0.151460042873914,3.2641351106043,0.00109798791769772,0.0117390211123667,"ANXA3"
"ENSG00000138777.20",2612.97419794157,0.132200512171018,0.0726107047111604,1.82067523923506,0.0686562382075628,0.191727238604629,"PPA2"
"ENSG00000138778.13",590.833842486703,0.184140378536497,0.141835483475485,1.29826735894565,0.19419547868513,0.373728159912499,"CENPE"
"ENSG00000138780.15",603.722840433723,0.0189946371925754,0.0731990187494592,0.259493057654078,0.795254837815197,0.887279467673638,"GSTCD"
"ENSG00000138785.15",475.769926773907,-0.0106190162166261,0.0473203324759893,-0.224407050014162,0.822440585453968,0.902846030451035,"INTS12"
"ENSG00000138792.10",457.027727277983,0.109772763859377,0.113258647682455,0.969221919081614,0.332434477044539,0.525958325535514,"ENPEP"
"ENSG00000138794.10",1073.67882258849,0.125306825674099,0.0756022820358683,1.65744766295082,0.0974290018769873,0.240578387817733,"CASP6"
"ENSG00000138795.10",475.028721011063,-0.337931684767257,0.107569874920986,-3.14150857770804,0.00168079885226525,0.0158192583220269,"LEF1"
"ENSG00000138796.17",2390.70728307836,0.035746614700684,0.0707540555472104,0.505223544067127,0.613401835592703,0.76474809864869,"HADH"
"ENSG00000138798.13",456.010070952408,0.144639983425439,0.181294355548916,0.797818459308912,0.424975847566712,0.612578295581181,"EGF"
"ENSG00000138801.9",3037.87777417771,0.0648405824398347,0.0642693015217704,1.00888886147099,0.313027937667613,0.507086372555851,"PAPSS1"
"ENSG00000138802.11",2070.2812489422,0.029754610766511,0.0441878914885324,0.6733657064002,0.500714660297311,0.677214678322525,"SEC24B"
"ENSG00000138814.17",3539.23211827678,0.128029179474994,0.0646570688886967,1.98012656118682,0.0476893092545239,0.151024462380944,"PPP3CA"
"ENSG00000138821.13",8152.16651107867,0.101375863672637,0.151304826319424,0.670010773209702,0.502850922571341,0.678944592633938,"SLC39A8"
"ENSG00000138823.13",36.602734181204,-0.243854999802736,0.202918407787145,-1.20173917419327,0.229464598374012,0.415736007491619,"MTTP"
"ENSG00000138829.12",131.757482040171,1.07299113505602,0.186967650486175,5.73891329471114,9.5285984855043e-09,2.1878319267441e-06,"FBN2"
"ENSG00000138834.14",2901.2408672799,-0.101702214960115,0.116089902159669,-0.876064266297982,0.380995097426885,0.572339247463511,"MAPK8IP3"
"ENSG00000138835.22",2992.21521669076,0.0491766201590993,0.0711786242150992,0.690890287658404,0.489634490103426,0.668008076015792,"RGS3"
"ENSG00000138867.17",4405.28591761411,0.0731543668253497,0.0599488241972214,1.22028026078851,0.222358650028315,0.407044287089355,"GUCD1"
"ENSG00000138892.11",1.68049283255413,-1.12238898096244,0.345098373781356,-3.25237400763167,0.00114445321272738,0.0120821029904508,"TTLL8"
"ENSG00000138942.16",1306.70515683493,-0.00185464384893988,0.0484801579332193,-0.0382557303442499,0.969483786995127,0.984656001233337,"RNF185"
"ENSG00000138944.8",221.010261813424,0.39196430142562,0.195147200727833,2.00855713002146,0.0445841215939334,0.144742970280529,"SHISAL1"
"ENSG00000138964.17",808.027608234246,-0.036677825989652,0.10659691855526,-0.344079608367275,0.730786417851146,0.845880895925953,"PARVG"
"ENSG00000139044.12",3195.66352987933,-0.0682595977719429,0.146867641679283,-0.464769482177718,0.642096544470238,0.784805618967203,"B4GALNT3"
"ENSG00000139055.7",650.018314427857,0.0251522200258559,0.151281838259854,0.166260671572832,0.867951814767151,0.929545184340609,"ERP27"
"ENSG00000139083.11",3080.29183134317,-0.0157041542056098,0.0689979230377357,-0.22760328882684,0.819954662942575,0.90189322612672,"ETV6"
"ENSG00000139112.11",3494.26928933711,0.0970467055770624,0.100877256567737,0.962027605418644,0.336035737302502,0.529316701457806,"GABARAPL1"
"ENSG00000139116.19",1470.5708544895,-0.140795585622432,0.0951916384048426,-1.47907513707916,0.139120234360835,0.301859356267941,"KIF21A"
"ENSG00000139117.14",996.854926999046,0.048550597291538,0.0888776037289958,0.546263572087043,0.584884772685579,0.742830881857823,"CPNE8"
"ENSG00000139131.13",659.950437070275,0.265640118802902,0.0774541066159566,3.42964537852118,0.000604370570236551,0.00765359809619076,"YARS2"
"ENSG00000139132.14",1342.51132984721,-0.0114817136849275,0.0957459411078016,-0.119918542259667,0.904547675872225,0.949344485619254,"FGD4"
"ENSG00000139133.7",203.183733241589,-0.127181765962327,0.102729971681049,-1.238020062511,0.215708621895453,0.399093421379627,"ALG10"
"ENSG00000139144.11",117.123598362238,-0.324234627535655,0.314072160678949,-1.03235710810769,0.301904857263107,0.494773242080266,"PIK3C2G"
"ENSG00000139146.14",3231.72567290956,-0.157356941761473,0.104730843540257,-1.5024890131911,0.132970863275444,0.293762372331079,"SINHCAF"
"ENSG00000139151.16",5.54451950446752,-0.944982249736732,0.336786157885491,-2.8058820934619,0.00501790497396264,0.0335060389687401,"PLCZ1"
"ENSG00000139154.16",1835.72350303225,-0.0666546468999709,0.0690035570244189,-0.965959579103773,0.334064407604598,0.527609408082537,"AEBP2"
"ENSG00000139155.9",16.9056885383482,-0.0756390293461515,0.139861608837577,-0.54081337956002,0.588636219835107,0.74563218059355,"SLCO1C1"
"ENSG00000139160.13",175.489088311424,-0.0264339712026755,0.0659481299543097,-0.400829731199195,0.688545487802755,0.817508110460295,"ETFBKMT"
"ENSG00000139163.16",3970.04707628672,-0.02826030771049,0.0851639392836627,-0.331834200580612,0.740014457810801,0.85167662278398,"ETNK1"
"ENSG00000139168.9",2002.71303441121,0.131673736790585,0.058950321389944,2.23363899781971,0.0255068357791587,0.0997649299336854,"ZCRB1"
"ENSG00000139173.10",214.779814576552,0.151225973590105,0.107499013286883,1.40676615502067,0.159496741613163,0.33010848057485,"TMEM117"
"ENSG00000139174.12",235.082831411982,-0.0120029885586664,0.125064298721957,-0.0959745401471564,0.923540793220217,0.959803256129193,"PRICKLE1"
"ENSG00000139178.11",3055.69450844807,0.0201708643867105,0.0622952675449102,0.323794490041621,0.746093627977989,0.855479238058658,"C1RL"
"ENSG00000139180.11",491.274614336279,0.0193395164256794,0.079348349069321,0.24372928551776,0.807440490650111,0.893957637377645,"NDUFA9"
"ENSG00000139182.15",3868.82567054737,0.0944539891231449,0.0774732183068807,1.21918246314489,0.222774946502108,0.407474249746988,"CLSTN3"
"ENSG00000139187.10",81.3025366011729,-0.15270501953581,0.114274919891501,-1.3362951352825,0.181452825948584,0.358310138452326,"KLRG1"
"ENSG00000139190.17",319.71186415654,-0.223427323428364,0.0975598345919081,-2.29015684951659,0.0220122258215916,0.0905763236037882,"VAMP1"
"ENSG00000139192.12",1784.62325154599,0.0781223274335217,0.0961520686673703,0.812487224833186,0.416512114109283,0.605120344520874,"TAPBPL"
"ENSG00000139193.4",223.07471862985,-0.193697438368737,0.138915953653216,-1.39434984445541,0.163211985945072,0.334635832495953,"CD27"
"ENSG00000139194.8",223.180631594221,-0.218063407436909,0.101250409693998,-2.15370395138101,0.03126339607909,0.113853888171204,"RBP5"
"ENSG00000139197.11",1994.4480540128,-0.0265849404719981,0.0665740760990392,-0.399328718170252,0.689651009235254,0.818382914544814,"PEX5"
"ENSG00000139200.14",41.2711622544324,-0.214285480439071,0.158892599945121,-1.34861837815658,0.177459574513124,0.353360345000668,"PIANP"
"ENSG00000139209.16",137.451181844593,-1.19472694605198,0.217906990901193,-5.4827380301613,4.18792948860603e-08,7.18704827134848e-06,"SLC38A4"
"ENSG00000139211.7",3300.20945339555,0.247693951510775,0.135753516845091,1.82458589115904,0.0680635441101573,0.190519293179791,"AMIGO2"
"ENSG00000139218.18",5282.87433139566,-0.146906873738264,0.0578943685201174,-2.53749850794584,0.0111647844041202,0.0577636623413166,"SCAF11"
"ENSG00000139219.19",53.030469235094,-1.27724635790438,0.29805005997517,-4.28534172417473,1.82458510116981e-05,0.000622396637020969,"COL2A1"
"ENSG00000139220.17",36.9960436437951,-0.515988064863745,0.153323787164307,-3.36534907209665,0.000764468773829807,0.00910281076077102,"PPFIA2"
"ENSG00000139233.7",672.927836977732,0.110735478710592,0.0629787272057921,1.75829972474273,0.0786965245115384,0.20951966337966,"LLPH"
"ENSG00000139239.7",196.059558907229,0.0204743364026528,0.120116723452858,0.170453670513984,0.864653366675148,0.927862232656866,"RPL14P1"
"ENSG00000139263.12",2788.0552689248,-0.390029240010068,0.139000105715666,-2.80596362140831,0.00501663556301707,0.0335042824071268,"LRIG3"
"ENSG00000139266.6",1506.2009012599,-0.00623933259342825,0.104317478302711,-0.0598109990285883,0.952306165303896,0.974862659045875,"MARCHF9"
"ENSG00000139269.3",16.3109419501642,-0.791642693164567,0.278891619074937,-2.83853166972312,0.0045321621671692,0.0312918446768072,"INHBE"
"ENSG00000139278.10",1026.10530294039,0.036681183727631,0.111443853540861,0.329144969077922,0.742046115716728,0.852953367302756,"GLIPR1"
"ENSG00000139287.13",2.96271554707665,-1.41084132935928,0.350815125607063,-4.0216091792448,5.78019052900912e-05,0.00147012897847441,"TPH2"
"ENSG00000139289.13",3794.91321358916,0.071360131180124,0.120990684129688,0.589798559231504,0.555325708740785,0.720123814797342,"PHLDA1"
"ENSG00000139291.14",1206.60276197672,0.0447037150548299,0.0695180369257948,0.643052034143998,0.520190336815673,0.693435673813835,"TMEM19"
"ENSG00000139292.13",116.587063132196,-0.421290052749223,0.221074419693537,-1.90564812217186,0.0566958742107531,0.169122456777941,"LGR5"
"ENSG00000139304.16",62.2258479499966,-0.577988854780209,0.278132587271001,-2.07810548361613,0.0376996447133244,0.129215042122753,"PTPRQ"
"ENSG00000139318.8",8438.60368755725,-0.0610973721975539,0.120845181686687,-0.505583849887866,0.613148821454915,0.764552948041142,"DUSP6"
"ENSG00000139323.14",1110.73837682927,0.0154460953359893,0.081781848331576,0.188869482056271,0.850195112853848,0.919220143936712,"POC1B"
"ENSG00000139324.12",1615.89435531389,-0.0118222632070568,0.0806199416695215,-0.146641922113002,0.883414662289308,0.938019126917339,"TMTC3"
"ENSG00000139329.5",27193.8342186338,-0.0734255908156672,0.123748514435341,-0.593345230451491,0.552950134646116,0.718086332204325,"LUM"
"ENSG00000139330.6",10.7352421229454,-0.124221875550748,0.194363655517984,-0.639120905704793,0.522744280880728,0.695231308407386,"KERA"
"ENSG00000139343.10",1823.3161151332,0.10189962468154,0.0884484543918415,1.15207920118205,0.249288529028222,0.438990955090268,"SNRPF"
"ENSG00000139344.8",55.7642280580276,0.199396239995095,0.169899092325688,1.17361568720369,0.240548994892971,0.428520975281913,"AMDHD1"
"ENSG00000139350.12",1084.21449928619,0.0285697660365184,0.0601778920181671,0.474755181319636,0.634961481553513,0.779461399113642,"NEDD1"
"ENSG00000139351.15",16.7320741302514,-0.356326362699797,0.171141001398584,-2.08206309293423,0.0373367071165927,0.128480722484002,"SYCP3"
"ENSG00000139352.4",1114.72926246338,-1.51917760768235,0.410643935813476,-3.69950089406019,0.00021602387940838,0.003811001777571,"ASCL1"
"ENSG00000139354.11",451.963458787159,-0.0701875892800812,0.101734630145774,-0.689908531436249,0.490251710387887,0.668516168276287,"GAS2L3"
"ENSG00000139364.10",29.2424021608714,0.178769644364051,0.197880916775926,0.90342033621405,0.366302850895662,0.559008104825324,"TMEM132B"
"ENSG00000139370.12",1471.93710427174,0.00957298383753208,0.0476769476180898,0.200788521828521,0.840863938410433,0.913373800149086,"SLC15A4"
"ENSG00000139372.15",1180.84331287913,0.014143506998895,0.0786769057008951,0.179766945241393,0.857335534694314,0.923373160675073,"TDG"
"ENSG00000139405.16",916.021783216329,0.118682431851579,0.0719318471124568,1.64992887873481,0.0989574833424692,0.242820717343811,"RITA1"
"ENSG00000139410.15",694.046092185995,0.138775822008985,0.109788244641182,1.26403170451028,0.206218647610081,0.387670097960611,"SDSL"
"ENSG00000139428.12",1126.93999175044,0.0146603685998909,0.079543795167648,0.184305621437755,0.853773704201523,0.921772154683701,"MMAB"
"ENSG00000139433.11",2993.81361832503,0.0397528140557987,0.0684511169234605,0.580747485833559,0.561410652634201,0.725161779171695,"GLTP"
"ENSG00000139436.21",755.619482516068,-0.162329414997994,0.0606705908129479,-2.67558652096314,0.00745986154411934,0.0440044596719286,"GIT2"
"ENSG00000139437.18",822.515090072207,-0.0712796506837522,0.0564463023294703,-1.26278689200404,0.206665776706196,0.388252698988889,"TCHP"
"ENSG00000139438.6",181.101499299849,0.0809123239911807,0.150995387918208,0.535859572313626,0.592055606721926,0.748352973981575,"FAM222A"
"ENSG00000139445.18",12.0510773085234,-0.331942732240236,0.306665205132882,-1.08242711166531,0.279062786744293,0.471575330806117,"FOXN4"
"ENSG00000139496.16",3001.70194863956,-0.130727954925211,0.0683509990655399,-1.91259757300489,0.0557995906254597,0.167162809731165,"NUP58"
"ENSG00000139505.11",1987.57529146567,-0.00194080428794918,0.0742084935333457,-0.0261533982909527,0.979134985930678,0.989627246222234,"MTMR6"
"ENSG00000139508.15",1118.92810557337,-0.324321459530721,0.102306063546902,-3.17010984771237,0.00152381318767466,0.0147391959492308,"SLC46A3"
"ENSG00000139514.13",2433.91465381882,0.150211989275208,0.0972877307963679,1.54399725479892,0.122588997664586,0.278581078147646,"SLC7A1"
"ENSG00000139515.6",35.5931202018708,1.48788343529334,0.468065278473982,3.17879471885682,0.00147888787613832,0.0144219724839699,"PDX1"
"ENSG00000139517.9",1863.32770086318,-0.0940408696173833,0.0890362006640355,-1.05620937232297,0.290872569787054,0.483306905520807,"LNX2"
"ENSG00000139531.13",1426.37727254097,-0.076119231504469,0.0632388535133531,-1.20367823379967,0.228713968264713,0.414759744290924,"SUOX"
"ENSG00000139537.11",180.96207206448,-0.565559938683153,0.125892741409908,-4.49239513215211,7.04266000156652e-06,0.000308921316774907,"CCDC65"
"ENSG00000139540.12",21.9437756550054,-0.59749089054149,0.208016307334833,-2.87232716606079,0.00407460891416678,0.0291482498021819,"SLC39A5"
"ENSG00000139546.11",1310.75870518974,0.130636339661308,0.080727054979399,1.61824731119754,0.10560931057902,0.253220283517223,"TARBP2"
"ENSG00000139547.7",38.7277832912009,0.394677414525552,0.151241182025735,2.6095895921945,0.00906509051449553,0.050275538647193,"RDH16"
"ENSG00000139549.4",22.9264623955548,-0.194299096801681,0.159450777692316,-1.2185522053496,0.223014198839683,0.407685519494117,"DHH"
"ENSG00000139567.13",2264.741353973,-0.123981351743742,0.144228800385285,-0.859615773081005,0.39000087739517,0.581004976334231,"ACVRL1"
"ENSG00000139572.4",143.232880430671,0.243856047596039,0.153131662396692,1.59246000323775,0.111281383205572,0.261866772057049,"GPR84"
"ENSG00000139579.13",1571.56363155451,0.1296215354719,0.0809326990874971,1.6015965973378,0.109244843746985,0.258823455021162,"NABP2"
"ENSG00000139597.18",687.627494216781,-0.156085680348128,0.102901414824221,-1.51684678597235,0.129305371517495,0.288729962034337,"N4BP2L1"
"ENSG00000139613.12",3847.04933907579,-0.00679249837979585,0.0578052661692073,-0.117506566960748,0.906458640415288,0.950293973403868,"SMARCC2"
"ENSG00000139618.16",457.46625291414,0.0639779624271315,0.120396005323084,0.531396056334643,0.595144353771363,0.750706257865803,"BRCA2"
"ENSG00000139620.13",1327.86784227397,0.00717513658508221,0.0613252307374896,0.117001379347373,0.906858960429057,0.950506091076569,"KANSL2"
"ENSG00000139624.14",1874.02373314162,-0.004388324595187,0.0423754996597528,-0.103558061389774,0.91752007081342,0.956385516197927,"CERS5"
"ENSG00000139625.13",523.416912469884,-0.139300162406841,0.0767730306616039,-1.81444136315057,0.0696098025193432,0.193400580428648,"MAP3K12"
"ENSG00000139626.16",258.377246944196,-0.151017378769292,0.109499966000669,-1.37915457223402,0.167847101017633,0.340511457813665,"ITGB7"
"ENSG00000139629.16",3049.54553184041,0.202912499592285,0.144519909975811,1.40404529470194,0.160305362126103,0.331125988668007,"GALNT6"
"ENSG00000139631.19",547.323369812477,-0.279250023409268,0.112562940120743,-2.48083448344298,0.0131075221739959,0.064250402788405,"CSAD"
"ENSG00000139636.15",1399.51177295016,-0.0747342751193962,0.0604435159876115,-1.23643163204989,0.216298164200014,0.39997860368313,"LMBR1L"
"ENSG00000139641.13",6071.14409167654,0.133735890468779,0.0536449500851768,2.49298191640472,0.0126675297650297,0.0627216044716143,"ESYT1"
"ENSG00000139644.13",49334.0386638103,0.0775942971501186,0.0555485356837302,1.3968738544596,0.1624515081838,0.333651947067443,"TMBIM6"
"ENSG00000139645.10",2737.31698586156,0.0336196878765587,0.0735530957190752,0.457080528669574,0.64761316509161,0.788747140150499,"ANKRD52"
"ENSG00000139651.11",1470.87907080237,-0.0897531971821718,0.0498799274023913,-1.79938508045762,0.0719577879655857,0.197713182696892,"ZNF740"
"ENSG00000139656.7",1.46004970845802,-0.175972344251701,0.291648245380803,-0.603371859899019,0.546261338014095,0.713357848771729,"SMIM2"
"ENSG00000139668.9",684.35742983605,-0.103630678412864,0.0746533823337359,-1.38815784594441,0.165088985286815,0.336969381837651,"WDFY2"
"ENSG00000139675.12",118.853463836412,-0.0951319616260252,0.0731152994309028,-1.30112250604853,0.193216525259401,0.372675845864158,"HNRNPA1L2"
"ENSG00000139679.15",931.61679230845,-0.176155082561668,0.0956600832012206,-1.84146905027384,0.0655528520296162,0.186073075507035,"LPAR6"
"ENSG00000139684.15",3030.61348701913,0.0530115491373365,0.0576679741441509,0.919254576289174,0.357962430802319,0.55103260178282,"ESD"
"ENSG00000139687.16",2327.65738148707,-0.0233622039656769,0.0719970635500427,-0.324488289018047,0.745568387049663,0.855053679298809,"RB1"
"ENSG00000139697.14",2395.09194594089,-0.0757365759455056,0.0640190876543193,-1.18303116649298,0.236796795770131,0.424347225027951,"SBNO1"
"ENSG00000139714.12",131.131048750468,-0.378612654121177,0.134030008869278,-2.82483495536022,0.00473049757395256,0.0321509520991421,"MORN3"
"ENSG00000139718.11",1958.17609049951,-0.026927771183547,0.061927390294722,-0.434828127834769,0.663687186515841,0.800932923759311,"SETD1B"
"ENSG00000139719.11",696.748559932573,0.0516532152281083,0.0521310956450673,0.990833102373053,0.321767082585242,0.515623386624492,"VPS33A"
"ENSG00000139722.7",2015.05754938836,0.230814779769198,0.0754711556391817,3.05831781446007,0.00222583376123135,0.019218019557229,"VPS37B"
"ENSG00000139725.8",94.6356930017465,0.464375476444851,0.132273050486451,3.51073385498446,0.000446871556409395,0.0062642925168581,"RHOF"
"ENSG00000139726.11",3322.57660367173,0.0619939280497214,0.057234526893715,1.08315611946692,0.278739133003344,0.471212651319201,"DENR"
"ENSG00000139734.19",383.912430198692,0.469168200701526,0.117804908077853,3.98258619574211,6.81693888122523e-05,0.00166879666303406,"DIAPH3"
"ENSG00000139737.22",681.438971350594,-0.279147502913611,0.113984633599984,-2.44899241325148,0.0143256465569853,0.0681737779905247,"SLAIN1"
"ENSG00000139746.16",2407.74333258408,-0.0855506441778142,0.0554452680858439,-1.54297466909817,0.12283692208654,0.278944795513756,"RBM26"
"ENSG00000139767.10",6.97894295719406,-0.692756243552507,0.260254318617491,-2.66184341236883,0.00777140219269524,0.0451778056925795,"SRRM4"
"ENSG00000139793.18",3463.69005154262,0.0398680527512125,0.0772774419403973,0.515908028916925,0.60591864616879,0.759148364388573,"MBNL2"
"ENSG00000139797.8",3.02947519361312,-2.10850796377565,0.358343582046773,-5.88403998121678,4.00371055486798e-09,1.26948129050685e-06,"RNF113B"
"ENSG00000139800.8",24.0082844941503,0.778103720339309,0.389156965652976,1.99945982987535,0.0455586240264662,0.146688490446161,"ZIC5"
"ENSG00000139826.6",1099.23453257962,-0.000117590966408979,0.062663318542309,-0.00187655185113734,0.998502729129191,0.999192560067343,"ABHD13"
"ENSG00000139832.5",1616.43863139718,0.0973413908147476,0.0862997245791814,1.12794555590308,0.259342912875618,0.450401827333617,"RAB20"
"ENSG00000139835.14",446.31167733376,-0.0391747570423246,0.0994758751926156,-0.393811634896103,0.693720113750295,0.821110470738425,"GRTP1"
"ENSG00000139842.15",3812.34991270883,0.0496056656869924,0.0470635353588326,1.05401486116114,0.291876113247362,0.484370024840217,"CUL4A"
"ENSG00000139865.16",236.322557882645,-0.726480637343139,0.177615249274439,-4.09019293281868,4.31014503259134e-05,0.00118007942903013,"TTC6"
"ENSG00000139874.6",279.137674213642,-0.599188961019504,0.233674280334437,-2.56420586879283,0.0103412186859401,0.0548728919909554,"SSTR1"
"ENSG00000139880.19",632.011419610304,0.362910723153525,0.125166233271467,2.89942993144506,0.003738418916487,0.0274389728806441,"CDH24"
"ENSG00000139890.10",44.0987996379341,-0.0179016223844159,0.123016292640676,-0.145522369436913,0.8842984554797,0.938476570026001,"REM2"
"ENSG00000139899.11",198.746341144626,0.0975634080225341,0.0920941577061068,1.05938759257543,0.289423297943042,0.481806596978682,"CBLN3"
"ENSG00000139908.15",78.8131988008535,-0.328477922484751,0.115816975732025,-2.83618114191461,0.00456565427302349,0.0314383304471088,"TSSK4"
"ENSG00000139910.20",219.111225240969,-0.302695840285153,0.2015054628762,-1.50217188142001,0.133052724680524,0.293904217276319,"NOVA1"
"ENSG00000139914.6",11.7063761159649,-0.191943715916258,0.121783300476844,-1.57610867142457,0.11500076097508,0.267488756027798,"FITM1"
"ENSG00000139915.21",8.15386757824577,0.308932008434952,0.391760537123681,0.788573577888016,0.430361278882769,0.616709768770457,"MDGA2"
"ENSG00000139921.13",3086.71814698762,0.0330980454032017,0.0722085454688994,0.4583674298973,0.64668848721929,0.788103510560117,"TMX1"
"ENSG00000139926.16",1533.57367081884,0.433993269527578,0.137926422687794,3.14655641080427,0.00165205389770578,0.0156344031882656,"FRMD6"
"ENSG00000139946.10",935.691724893937,-0.365821673679782,0.122900283225419,-2.97657307273088,0.00291489608510402,0.0231723102582063,"PELI2"
"ENSG00000139970.17",391.015570652715,-0.147621737849682,0.1463481396605,-1.00870252394145,0.313117320977699,0.507206488946165,"RTN1"
"ENSG00000139971.15",208.415297072338,-0.108101553825552,0.130497532069575,-0.828380062911214,0.407455293815751,0.596911427308272,"ARMH4"
"ENSG00000139973.16",90.3873441173689,0.255517654223374,0.253165065308233,1.00929270755535,0.312834276442967,0.506961142268045,"SYT16"
"ENSG00000139974.16",562.493265193625,-0.151548360494004,0.0771841770938561,-1.96346409588225,0.0495922724537572,0.154879777442186,"SLC38A6"
"ENSG00000139977.14",1380.70514207357,-0.045104623724303,0.0759322511758705,-0.594011411828603,0.552504480304671,0.717751352535642,"NAA30"
"ENSG00000139985.7",13.9052541434269,0.618550229713212,0.188676720992926,3.27836007779891,0.0010441211367689,0.011326792116796,"ADAM21"
"ENSG00000139988.10",13.8213885124769,-0.379631855165818,0.152567841434022,-2.48828227231615,0.0128361807463283,0.0633493871312641,"RDH12"
"ENSG00000139990.18",3124.93629279402,-0.0621794496093348,0.0491542232364891,-1.26498692310077,0.205876015614287,0.387249788287823,"DCAF5"
"ENSG00000139998.16",2419.32957142303,0.155321515281782,0.12805336223325,1.21294367108349,0.225151357382507,0.410265674639363,"RAB15"
"ENSG00000140006.11",583.364655267581,0.0467122226711311,0.0542871862979021,0.86046497998251,0.389532779818303,0.580456819385155,"WDR89"
"ENSG00000140009.18",61.7587124821629,-0.216531182464798,0.123545214027408,-1.75264727306038,0.0796625714968233,0.211263819726281,"ESR2"
"ENSG00000140015.20",9.90528157356538,-0.129423042456402,0.413148526139454,-0.313260327141327,0.754082888643004,0.860638360412448,"KCNH5"
"ENSG00000140022.13",514.317091291209,-0.0930082235420364,0.11294394882462,-0.823490098495314,0.410229345569586,0.599441667947646,"STON2"
"ENSG00000140025.16",218.368674601538,0.0323994483898998,0.0928252860647637,0.349036881688627,0.727061621074364,0.843181557571072,"EFCAB11"
"ENSG00000140030.6",277.220459373737,-0.133064489140726,0.120982494426402,-1.0998656439645,0.271390665728291,0.463351673337616,"GPR65"
"ENSG00000140043.11",85.3280514339175,-0.266976207593065,0.11693363370226,-2.28314300291777,0.0224219462038138,0.0916393143829576,"PTGR2"
"ENSG00000140044.13",1557.66199831307,0.0955623763386504,0.100379970557753,0.952006419285303,0.341093726333657,0.534376426089428,"JDP2"
"ENSG00000140057.9",268.659217192258,-0.578102105171594,0.161296155445771,-3.58410343739381,0.000338238033137471,0.00522065778268235,"AK7"
"ENSG00000140067.6",44.1270936661771,-1.21388278314203,0.279082454912264,-4.34954889415617,1.36417866141031e-05,0.000498000001911551,"FAM181A"
"ENSG00000140090.18",72.5077671604966,-0.181282256772,0.167776116193611,-1.0805009728727,0.279919153800825,0.472535976807204,"SLC24A4"
"ENSG00000140092.14",2648.74293306677,-0.102175407295872,0.142310245571831,-0.717976466735129,0.472771797279887,0.653409915182834,"FBLN5"
"ENSG00000140093.10",13.7281411583829,-1.16267887110012,0.264782004792615,-4.39107964308515,1.12789214760783e-05,0.00043512066361886,"SERPINA10"
"ENSG00000140104.14",689.785903714087,0.00129761906748902,0.0739352820043629,0.0175507421127094,0.985997252715647,0.993070542932514,"CLBA1"
"ENSG00000140105.18",13860.345227344,0.163984070219322,0.122477327176353,1.33889327926959,0.180605417883474,0.357421160173245,"WARS1"
"ENSG00000140153.18",996.846862245358,0.0432426518494649,0.0467900231564468,0.924185305591304,0.355389844904963,0.548946557781429,"WDR20"
"ENSG00000140157.15",1699.78396482695,0.115908056667674,0.0609467831101034,1.9017912144482,0.0571984553106026,0.1700730707025,"NIPA2"
"ENSG00000140199.13",1598.76920836385,-0.0610297666405933,0.0682481718548467,-0.894232987960382,0.371197245711729,0.563455519148343,"SLC12A6"
"ENSG00000140254.12",635.964173223778,-0.133645304305333,0.190676940339088,-0.700899144215692,0.483365958560116,0.662551066669766,"DUOXA1"
"ENSG00000140259.7",1439.13339079066,0.105075558287173,0.056246439748166,1.86812816522488,0.0617442085421342,0.179110389038361,"MFAP1"
"ENSG00000140262.18",3063.09554821248,-0.116597517776748,0.0589131868160036,-1.97914124287493,0.0478001061019018,0.151159663036723,"TCF12"
"ENSG00000140263.15",910.717473116475,0.125858178290601,0.105164605759595,1.19677316699414,0.231394979683446,0.418003362639072,"SORD"
"ENSG00000140264.21",9021.15161152305,0.3125178063098,0.0900066277443638,3.47216437435487,0.000516280118417711,0.00689171948274189,"SERF2"
"ENSG00000140265.12",927.766905632798,-0.0545015182288955,0.056491100687093,-0.964780603776551,0.334654712933787,0.528266054606447,"ZSCAN29"
"ENSG00000140274.14",26.5084822031561,0.0445037882605682,0.191607878456665,0.23226491843149,0.816332258444422,0.899550533503872,"DUOXA2"
"ENSG00000140279.13",262.067446038437,-0.0181713751760427,0.181469431332491,-0.100134634481489,0.920237439164985,0.957920311159864,"DUOX2"
"ENSG00000140280.14",555.504067369105,0.0565010189136709,0.0778802086605067,0.725486229241739,0.468153789969963,0.649426838727916,"LYSMD2"
"ENSG00000140284.11",541.076019444184,0.0551041732081423,0.14964663586226,0.368228613297141,0.712702776605845,0.833995766107989,"SLC27A2"
"ENSG00000140285.12",661.232546126796,0.101235264282068,0.139895218095594,0.723650641245592,0.469280242945371,0.65032360564309,"FGF7"
"ENSG00000140287.11",152.416728049861,-0.353931269007894,0.161307067488894,-2.19414607504573,0.0282249098081093,0.106297705298666,"HDC"
"ENSG00000140297.13",1813.53728435112,0.275584297608594,0.233568525255891,1.17988627665766,0.238045448702488,0.425783236491573,"GCNT3"
"ENSG00000140299.13",2891.04653261792,-0.0859299564558472,0.0660458237942966,-1.30106570740159,0.193235964587084,0.372691748870224,"BNIP2"
"ENSG00000140307.11",1740.93159678455,0.0427268006408965,0.0838752365914735,0.509409002909924,0.610465567137085,0.762222322643189,"GTF2A2"
"ENSG00000140319.11",7919.9548316323,0.158804561436046,0.0605199269318454,2.62400451366843,0.00869026334853874,0.0488229729434527,"SRP14"
"ENSG00000140320.12",1538.98788909911,0.0456345032182752,0.0710162904816584,0.642592043441938,0.520488847233187,0.693529126508193,"BAHD1"
"ENSG00000140323.6",136.79769354826,-0.241279303571736,0.149025499109928,-1.61904710947324,0.105437127411905,0.252904775426841,"DISP2"
"ENSG00000140326.13",499.851526141812,-0.0441645434073775,0.0611936661172902,-0.721717560159365,0.470468143567458,0.65135187508077,"CDAN1"
"ENSG00000140332.17",3607.52504828788,-0.042730957318745,0.0614465692133786,-0.695416487295783,0.486794331065604,0.665633467396384,"TLE3"
"ENSG00000140350.15",5273.99905438272,0.114740550118263,0.0499735257130093,2.2960267157695,0.0216743538888162,0.0896301286626659,"ANP32A"
"ENSG00000140365.16",2118.09936116251,0.135546935340867,0.0706458161896984,1.91868312451648,0.0550244484770067,0.165654638003788,"COMMD4"
"ENSG00000140367.12",2136.65347913159,0.0453466368886069,0.067559902719903,0.671206367430838,0.502089072877355,0.678289957296067,"UBE2Q2"
"ENSG00000140368.13",387.132315924054,-0.0725506743993513,0.108402864717662,-0.66926897723885,0.503323912495805,0.679335266498676,"PSTPIP1"
"ENSG00000140374.16",3299.05419940497,0.173539575244979,0.0679488525740418,2.55397359441616,0.010650133292789,0.0559442864810386,"ETFA"
"ENSG00000140379.9",559.802952163279,0.282315414489468,0.133082171113411,2.12136165293608,0.0338913797064759,0.120067544792758,"BCL2A1"
"ENSG00000140382.15",900.355577728703,-0.0494768213786841,0.0486461946055609,-1.01707485610865,0.309117820576196,0.502940048123312,"HMG20A"
"ENSG00000140386.13",791.873144043165,-0.154949749669287,0.0749770342008969,-2.06662948622517,0.0387690801726652,0.131708059815157,"SCAPER"
"ENSG00000140391.15",16016.595557328,0.0856906352914146,0.0782836426007192,1.09461737400844,0.273684300755084,0.466146796185553,"TSPAN3"
"ENSG00000140395.9",1647.94273873395,0.0114268277468911,0.0641108431958655,0.178235493050387,0.858538036547653,0.924128899152312,"WDR61"
"ENSG00000140396.13",3053.52531096693,-0.238086823678964,0.0804044732172156,-2.96111415388251,0.00306528303525824,0.0240010508214611,"NCOA2"
"ENSG00000140398.14",603.199415422848,-0.358346396909892,0.120860888572696,-2.96494921675471,0.00302732898824938,0.0237765661726319,"NEIL1"
"ENSG00000140400.17",1855.68212303903,-0.158249191741773,0.0770407097678417,-2.05409831008371,0.0399661775969819,0.134592390542223,"MAN2C1"
"ENSG00000140403.12",1279.03450009608,-0.0824826851933097,0.109309073737848,-0.75458223524174,0.450499686060172,0.634158642256197,"DNAJA4"
"ENSG00000140406.4",1355.63861743088,0.199004294004252,0.0731086212300935,2.72203593305266,0.00648810872969105,0.0400460889761966,"TLNRD1"
"ENSG00000140416.23",6117.91267193966,0.0320158313070512,0.0933462399078137,0.342979335200531,0.73161400640499,0.846397425646026,"TPM1"
"ENSG00000140443.15",3658.21675200387,-0.0378612786491127,0.104216931357642,-0.363292971265713,0.716386043316456,0.836688435421832,"IGF1R"
"ENSG00000140450.9",1139.90248321462,-0.025403597960836,0.104271521449664,-0.243629301727407,0.807517932468524,0.893976134654669,"ARRDC4"
"ENSG00000140451.13",186.358007741325,-0.0310061575076037,0.143180911772495,-0.216552312202554,0.828557253120775,0.906303401391398,"PIF1"
"ENSG00000140455.17",1085.20713005326,-0.188653920659965,0.0615575944952945,-3.06467337144544,0.00217907835309122,0.0189469980698527,"USP3"
"ENSG00000140459.18",50.9258953629641,0.284989281877662,0.186674625270186,1.52666320591339,0.126844781208773,0.285340763566464,"CYP11A1"
"ENSG00000140463.14",844.037601951,-0.0462279748246137,0.0655618948875473,-0.705104312556929,0.480745322954697,0.660672584707781,"BBS4"
"ENSG00000140464.20",4320.6763859602,0.17924820974701,0.0826957982205144,2.16756127402062,0.0301920829095748,0.111131727563633,"PML"
"ENSG00000140465.14",41.4398472185169,-0.287937843004659,0.36603169932499,-0.786647286384359,0.431488370073113,0.617633703290948,"CYP1A1"
"ENSG00000140470.15",102.099009797863,-0.156238527739592,0.1397934784214,-1.11763817242332,0.263721558670047,0.455339436295725,"ADAMTS17"
"ENSG00000140471.17",558.051995314073,-0.129376031221394,0.0574355063032721,-2.25254445461419,0.0242878867488718,0.0965842163971153,"LINS1"
"ENSG00000140474.14",1640.00251721055,-0.0552611258649028,0.0709734797196119,-0.778616549212714,0.436205627479095,0.621885014054988,"ULK3"
"ENSG00000140479.18",623.662530973164,-0.00456430077142247,0.143018308392036,-0.0319141012275924,0.974540553214866,0.987382186189365,"PCSK6"
"ENSG00000140481.15",126.866909935193,-0.730255687779665,0.21661198638493,-3.37126167377443,0.000748247486639231,0.00899978452770228,"CCDC33"
"ENSG00000140497.16",5978.44295369434,0.075034344340859,0.0634946915330382,1.18174200912239,0.237308084130086,0.42488292793455,"SCAMP2"
"ENSG00000140505.7",11.2944211401223,-0.882671331550976,0.328929947324546,-2.68346296447148,0.00728640450633675,0.0432263480451656,"CYP1A2"
"ENSG00000140511.12",864.010959520802,0.0731631869799688,0.116202067726572,0.629620353676707,0.52894300359623,0.699724354945687,"HAPLN3"
"ENSG00000140519.14",45.5403635351917,1.84571073431344,0.27173394665346,6.7923450751895,1.10325266590836e-11,1.05701670625447e-08,"RHCG"
"ENSG00000140521.17",1875.33188221171,0.0812863398861444,0.0509413043035149,1.59568627065043,0.110558855416985,0.260655375638884,"POLG"
"ENSG00000140522.12",1.9352909904153,-0.44868876955263,0.276907085150788,-1.6203585737371,0.105155273282135,0.252446965199173,"RLBP1"
"ENSG00000140525.19",1143.94123298247,0.212229468802902,0.111060525325432,1.91093521465907,0.0560129069475129,0.167656002068106,"FANCI"
"ENSG00000140526.18",9882.61149795969,0.022056808767243,0.0995317124866025,0.221605840150816,0.824620735749436,0.904017193694424,"ABHD2"
"ENSG00000140527.15",59.2832456944871,-0.667255521821258,0.162503253087309,-4.10610562646863,4.02385536457723e-05,0.00112387765648381,"WDR93"
"ENSG00000140534.14",238.214954140652,0.373278629989996,0.145610691788172,2.56353860699341,0.0103611177121513,0.0549505805861545,"TICRR"
"ENSG00000140538.16",104.514850887481,-0.199286008212861,0.182639338754958,-1.09114503792766,0.275209067843377,0.467858225883862,"NTRK3"
"ENSG00000140543.15",54.1562723704981,-0.357764974446748,0.129179927795824,-2.76950901390978,0.00561408508160821,0.0362720230199849,"DET1"
"ENSG00000140545.15",4417.74171436365,0.141161112777866,0.0948371760043689,1.48845757249629,0.136630263207432,0.298486687603952,"MFGE8"
"ENSG00000140548.10",2091.8358616216,-0.343320207836404,0.129325361861866,-2.6547013122075,0.00793786596751667,0.0459011424787489,"ZNF710"
"ENSG00000140553.18",2861.11517431391,0.13182268260384,0.0587059694060894,2.24547322763682,0.0247377690560995,0.0978373182685579,"UNC45A"
"ENSG00000140557.12",23.5063312195378,0.071309464752597,0.254929346359554,0.279722463384116,0.779690442743604,0.877589976343447,"ST8SIA2"
"ENSG00000140563.15",1742.57483624397,-0.167822096217931,0.102094776711603,-1.6437872888639,0.100220147891302,0.244656795992456,"MCTP2"
"ENSG00000140564.12",15075.0318567165,0.213424491621935,0.144778342452338,1.47414653329241,0.140442141905655,0.3039550302584,"FURIN"
"ENSG00000140575.13",17388.9257852344,0.0983463613310029,0.0601736516546642,1.63437582108879,0.102179961991254,0.247914114165196,"IQGAP1"
"ENSG00000140577.16",2027.19296292515,0.0124865424839502,0.0566680189731641,0.220345491340775,0.825602093680976,0.904545424536838,"CRTC3"
"ENSG00000140598.15",953.530194085318,-0.0233098267193439,0.0487473071511283,-0.4781767051681,0.632524441050984,0.777961365987308,"EFL1"
"ENSG00000140600.17",45.3047394957797,0.0103914323223279,0.318840564002715,0.0325913120710682,0.974000498114496,0.987015236614291,"SH3GL3"
"ENSG00000140612.14",5226.08195426554,0.0126210376438211,0.0610082577770439,0.206874251186536,0.836108066091651,0.910858160017707,"SEC11A"
"ENSG00000140632.17",4850.03736059285,0.0243360584124784,0.0438283433976965,0.555258458930424,0.578717888364723,0.737813850427553,"GLYR1"
"ENSG00000140650.12",621.812121323763,-0.0140978345172252,0.0843482010904196,-0.167138532120117,0.867261048171852,0.929072722723002,"PMM2"
"ENSG00000140675.13",42.2964389451553,-0.205636063164824,0.190744208088117,-1.07807238408952,0.281001454618361,0.473570307699777,"SLC5A2"
"ENSG00000140678.17",2273.39853924494,-0.0559872662968702,0.117486968834129,-0.476540222736656,0.633689558724351,0.778731868700459,"ITGAX"
"ENSG00000140682.19",1227.27858181671,0.293246326650985,0.100644832816278,2.91367493437334,0.00357201641703423,0.026658404521928,"TGFB1I1"
"ENSG00000140688.17",1887.30543302961,0.0617692715107192,0.0719450569585997,0.858561715313728,0.390582367779175,0.581435950139637,"RUSF1"
"ENSG00000140691.18",637.600062411003,0.00978510105242408,0.0811196443130023,0.120625541880682,0.903987637067978,0.948966117007857,"ARMC5"
"ENSG00000140694.17",2865.44891556447,0.0781947805889506,0.0561364565844579,1.39294115351413,0.163637586387914,0.335178181593012,"PARN"
"ENSG00000140718.21",2312.61324888953,-0.161575342120272,0.0695921453594864,-2.32174681906465,0.0202465723337986,0.0858873065192949,"FTO"
"ENSG00000140740.11",6348.92482740376,0.0906067007702367,0.0575156349363411,1.57534035520118,0.115177903779251,0.267724495603057,"UQCRC2"
"ENSG00000140743.8",1628.28551843595,0.165911698399692,0.0701626169193122,2.3646737491347,0.0180459602727486,0.0798729267961473,"CDR2"
"ENSG00000140749.9",1207.78021553346,-0.0665020978030656,0.124035817403693,-0.536152372718476,0.591853246657399,0.748199048487424,"IGSF6"
"ENSG00000140750.17",2186.80906312358,0.0370134662915144,0.0521741301645626,0.709421818337366,0.478062752104491,0.65816885636757,"ARHGAP17"
"ENSG00000140795.13",52.533100866242,-0.49593731350019,0.182330213069194,-2.7199952501124,0.00652828540613032,0.0402249454629996,"MYLK3"
"ENSG00000140798.16",8.61968786196716,-0.388426399839761,0.264939850351307,-1.46609277284905,0.142623014363534,0.307177384991923,"ABCC12"
"ENSG00000140807.7",696.371630545426,-0.553932268912875,0.171517084100224,-3.22960404684347,0.00123961766273197,0.0127851892333753,"NKD1"
"ENSG00000140829.12",2527.66523705663,0.0425488863370401,0.0615522840583677,0.69126413402779,0.489399566651495,0.667824402513658,"DHX38"
"ENSG00000140830.9",466.458917573522,-0.0280015467420566,0.0603968773808835,-0.463625736235818,0.642915912184714,0.785372674055679,"TXNL4B"
"ENSG00000140832.10",682.849815515531,0.126186714855234,0.101043812241233,1.24883169049457,0.211726640346433,0.394364771397843,"MARVELD3"
"ENSG00000140835.10",57.251349553552,0.100058887257248,0.204805466436205,0.488555745109544,0.625156250681031,0.773298422958334,"CHST4"
"ENSG00000140836.17",2315.66595258163,-0.172453902459837,0.088465909347813,-1.94938257834231,0.0512497534810358,0.158265285469263,"ZFHX3"
"ENSG00000140839.11",8.30372057890679,-0.429915292403259,0.174227932578676,-2.4675451636271,0.0136043058458073,0.0659231482122073,"CLEC18B"
"ENSG00000140848.17",2632.98236089744,-0.00215002025493396,0.0838676694677809,-0.0256358650309214,0.979547779305179,0.989867138616668,"CPNE2"
"ENSG00000140853.16",2510.06767212476,-0.0220994037699295,0.101322130428632,-0.218110334597591,0.827343145400383,0.905573515987553,"NLRC5"
"ENSG00000140854.13",1119.15294880161,0.0686545471379545,0.0687008232438779,0.999326411187838,0.317636595196134,0.511416731011939,"KATNB1"
"ENSG00000140859.16",2833.31051990471,-0.0361857832149613,0.0866165300632298,-0.417769947474758,0.676115325404549,0.809650655661235,"KIFC3"
"ENSG00000140873.16",41.6632457752368,-0.138951056708577,0.203554444338955,-0.682623546539711,0.494844751267768,0.672224020889416,"ADAMTS18"
"ENSG00000140876.11",57.4766964227461,-0.1844581254078,0.105673496280293,-1.74554767184513,0.080889581850457,0.213615994966865,"NUDT7"
"ENSG00000140905.11",50.5167187443058,-0.0538137038056542,0.0985099893239445,-0.546276617985318,0.584875806351417,0.742830881857823,"GCSH"
"ENSG00000140931.20",2686.28613095088,0.20101659690593,0.0977250571409111,2.05696064844538,0.0396900113007038,0.13393855051159,"CMTM3"
"ENSG00000140932.10",21.4370484714221,-0.0811549595293824,0.147085408103262,-0.551753981417429,0.581116919986136,0.739627388561902,"CMTM2"
"ENSG00000140937.14",5591.59191990419,0.140454777891071,0.128422187934999,1.09369556888536,0.274088518336275,0.466692018665657,"CDH11"
"ENSG00000140939.14",1671.00975264031,0.182718376590322,0.0966626157083775,1.8902693171636,0.0587219501818055,0.173045683892915,"NOL3"
"ENSG00000140941.14",4130.20871944965,0.0745674393295708,0.0622630813350864,1.19761884138475,0.231065437644952,0.417636352633734,"MAP1LC3B"
"ENSG00000140943.17",6978.5698427244,0.0271209690258365,0.0500604342621505,0.541764557690663,0.587980710135274,0.745000828989712,"MBTPS1"
"ENSG00000140945.17",349.818716841017,0.197390038358471,0.163008646662777,1.21091759486122,0.225926988547324,0.411341311916552,"CDH13"
"ENSG00000140948.13",2106.54006819918,-0.0681339429804564,0.0604505558056697,-1.12710201043455,0.259699353444847,0.45067347272553,"ZCCHC14"
"ENSG00000140950.16",959.699550364466,0.318795895927123,0.0783993511545894,4.06630783587118,4.77638351502864e-05,0.00127114417558632,"MEAK7"
"ENSG00000140955.11",3.6502902767467,0.014892546866321,0.245019463208734,0.06078107702666,0.95153356079916,0.97465112385053,"ADAD2"
"ENSG00000140961.14",1071.8034188619,0.108160790253406,0.172057182773891,0.628632809799901,0.529589475296095,0.700167675364661,"OSGIN1"
"ENSG00000140968.11",1318.89598132539,-0.198770815636662,0.120415536177372,-1.65070739164315,0.0987983377770153,0.242555346922068,"IRF8"
"ENSG00000140983.14",3236.65474393252,0.0244649121786322,0.0817426122086096,0.299292027959628,0.76471723674907,0.867807313487176,"RHOT2"
"ENSG00000140986.8",12.4855971448098,0.335955346801324,0.161222598386537,2.08379811616644,0.0371785347767561,0.128095307701805,"RPL3L"
"ENSG00000140987.20",626.084980591726,-0.0574552470847281,0.0399326327387346,-1.43880438489087,0.150205953690254,0.317430926508165,"ZSCAN32"
"ENSG00000140988.16",36322.394857641,0.318810863689623,0.0894776150871261,3.56302370575245,0.000366607558845656,0.00550788152375831,"RPS2"
"ENSG00000140990.15",2758.47152335605,0.265686850443104,0.0737689309429324,3.60160906559211,0.000316253692855125,0.00497356362599229,"NDUFB10"
"ENSG00000140992.19",1498.74578917069,-0.0431233626375459,0.0528376792248637,-0.816147932122906,0.414415532365969,0.603378981255561,"PDPK1"
"ENSG00000140993.11",63.8168818551197,0.00559390486260284,0.0920984816165732,0.0607382962717185,0.95156763195403,0.97465112385053,"TIGD7"
"ENSG00000140995.17",1985.37187342269,0.0784465924579918,0.0563589405218852,1.3919103469933,0.163949548192366,0.335569427515581,"DEF8"
"ENSG00000141002.20",4118.52264664566,0.0391095789218367,0.0578407555208892,0.676159544764456,0.498939354695919,0.675636050430784,"TCF25"
"ENSG00000141012.13",1326.2621225945,0.221473031708106,0.0721516226380126,3.06955025556728,0.00214381334021233,0.0187333274371888,"GALNS"
"ENSG00000141013.17",574.091055930156,-0.0376351213325687,0.0760323714533498,-0.494988129571362,0.6206084996835,0.769474109189736,"GAS8"
"ENSG00000141026.6",781.910031000275,0.0181709602646036,0.0545297622812797,0.333230138999556,0.738960569324519,0.851019251181601,"MED9"
"ENSG00000141027.21",4839.69649924335,-0.103383795825631,0.0624974732284939,-1.65420761008457,0.0980853371555163,0.241463703779844,"NCOR1"
"ENSG00000141028.6",14.7350001104524,-0.279828088273985,0.123449015341823,-2.26675026527476,0.0234054858929374,0.0941996453259346,"CDRT15P1"
"ENSG00000141030.13",2198.45611025372,0.0320896602659962,0.0713717236729593,0.449613076644161,0.652989457463129,0.792822216816308,"COPS3"
"ENSG00000141034.10",525.425102408322,-0.0225616697724462,0.0560464616148966,-0.402552973414641,0.687277110844233,0.816934444333502,"GID4"
"ENSG00000141040.15",213.012947218222,-0.13004245720151,0.0861595874357908,-1.50932079727544,0.131216822442872,0.291504510697889,"ZNF287"
"ENSG00000141052.18",116.346509075429,-0.0781031950474497,0.200105296013427,-0.390310484547141,0.696306971366405,0.822703811402574,"MYOCD"
"ENSG00000141068.14",1582.22245169143,-0.401494911712747,0.113397787695766,-3.5405885764713,0.000399235600039866,0.00579718442899853,"KSR1"
"ENSG00000141076.18",1963.08201468219,0.060426052521718,0.0629665459939139,0.959653282038982,0.337229743200063,0.530670219802415,"UTP4"
"ENSG00000141084.11",1115.38132132073,-0.165372014800285,0.074157621873592,-2.23000698542054,0.0257469791338261,0.100291818919208,"RANBP10"
"ENSG00000141096.6",6.86149001529666,-0.107709209291521,0.16079740457522,-0.669844202871662,0.502957112035676,0.679009886326874,"DPEP3"
"ENSG00000141098.13",955.622432212401,-0.0550174850205063,0.0647911218987556,-0.849151603000147,0.395796939390624,0.586359965431053,"GFOD2"
"ENSG00000141101.13",1360.90050972016,0.193314287348129,0.0702038198389017,2.75361494277279,0.00589410690658492,0.0375205547305797,"NOB1"
"ENSG00000141127.15",1261.45518652911,-0.102029983222457,0.064423130188874,-1.58374768384164,0.113251148899978,0.264891843496344,"PRPSAP2"
"ENSG00000141161.12",19.5054736599889,0.0344428346243392,0.186622952379954,0.184558406054017,0.853575412563174,0.921647733361411,"UNC45B"
"ENSG00000141179.14",1309.78982449297,0.12846240827131,0.0772021388190691,1.66397473225935,0.0961174789976595,0.238563101042371,"PCTP"
"ENSG00000141198.16",1509.59050043315,0.0299979482377807,0.0817753634597812,0.366833566597773,0.713743167931598,0.834679818987509,"TOM1L1"
"ENSG00000141219.15",847.298709108135,-0.0452938520282078,0.0524066524776386,-0.864276764243514,0.387435871310061,0.578581791671564,"C17orf80"
"ENSG00000141232.5",3304.3897929727,0.0253362596472597,0.0983979235225785,0.257487747101147,0.79680227291343,0.887994177950954,"TOB1"
"ENSG00000141252.20",2084.34116425781,-0.0900967852798262,0.0544771328880766,-1.65384594422269,0.0981588181738652,0.241591005652583,"VPS53"
"ENSG00000141258.13",2234.1642994785,-0.201860586687576,0.0931078693868898,-2.16802927633096,0.0301564591173306,0.11107412251281,"SGSM2"
"ENSG00000141279.17",4596.07709328185,0.0280092055109821,0.0607542710027756,0.461024468711055,0.644781050121765,0.786670174967725,"NPEPPS"
"ENSG00000141293.16",502.403915071497,-0.0766792340631128,0.134743503772531,-0.56907555404348,0.569304867427502,0.730681069825128,"SKAP1"
"ENSG00000141294.10",320.614085053093,-0.805825860555289,0.185896824313,-4.33480164888936,1.45891609016103e-05,0.000524532326023015,"LRRC46"
"ENSG00000141295.14",1129.02028915671,-0.0290179900313652,0.0854332074079715,-0.339657036318382,0.734114820124588,0.847994056845739,"SCRN2"
"ENSG00000141298.19",1901.32109016736,-0.141763182802923,0.0744193164542388,-1.9049245485894,0.0567898796776646,0.169270712217244,"SSH2"
"ENSG00000141314.13",46.3551789225714,-0.387989636242285,0.186143280983549,-2.08436014554065,0.0371274201908309,0.1280134905985,"RHBDL3"
"ENSG00000141316.13",8.64186422913058,0.344304619060442,0.253731268969079,1.35696566079288,0.174792121775227,0.350162711971998,"SPACA3"
"ENSG00000141337.12",219.949261726945,-0.161092365629773,0.0701524421718992,-2.29631871168559,0.0216576649873925,0.0895935189395202,"ARSG"
"ENSG00000141338.14",657.503808059472,-0.186182482374405,0.203244184348287,-0.916053184849587,0.359639000396792,0.552816900143607,"ABCA8"
"ENSG00000141349.8",2528.36719971694,0.0824321121269987,0.0763699125032658,1.07937942345389,0.280418619865994,0.472923211144245,"G6PC3"
"ENSG00000141367.12",24612.1033760671,0.0123208178379598,0.0546962715937755,0.225258824394201,0.821777929870389,0.902626612878882,"CLTC"
"ENSG00000141371.13",8.01036374133445,0.248324735906957,0.183246402209409,1.35514112644448,0.175372597766998,0.350798835238519,"C17orf64"
"ENSG00000141376.23",1134.85299905196,-0.0865705255176654,0.0631386905887653,-1.37111689695176,0.170338518451027,0.343993709498365,"BCAS3"
"ENSG00000141378.15",1061.92594380625,0.12209061492708,0.0712474979865335,1.71361266539011,0.0865998859148676,0.223135499815373,"PTRH2"
"ENSG00000141380.14",3738.81761038692,-0.014686460092049,0.0594307507906737,-0.247118871908207,0.804816228912967,0.892479914960727,"SS18"
"ENSG00000141384.13",369.827885915166,-0.074733675003579,0.102795225230704,-0.727015042146693,0.467216741094493,0.648748674198563,"TAF4B"
"ENSG00000141385.10",1663.50703317976,0.0533704346208742,0.0605073740605379,0.882048435410151,0.37775061520608,0.569302033953014,"AFG3L2"
"ENSG00000141391.14",116.661816053778,0.0217251550981059,0.0969477033413222,0.224091487981087,0.822686115679288,0.902877401414509,"PRELID3A"
"ENSG00000141401.12",3599.03450472309,0.074149638006471,0.119519424778212,0.62039821680926,0.534995646133742,0.703906398328476,"IMPA2"
"ENSG00000141404.17",233.383360242478,0.365053255701519,0.127791794913889,2.85662515302728,0.00428171166116415,0.0301058133759531,"GNAL"
"ENSG00000141424.13",3946.59979664951,-0.16547333794981,0.0876283214603301,-1.8883545318704,0.0589783710325058,0.173572282966863,"SLC39A6"
"ENSG00000141425.18",2820.5482525103,-0.137878047901545,0.0786601636857281,-1.75283194746976,0.0796308576020795,0.211213363778365,"RPRD1A"
"ENSG00000141428.17",457.610614973545,-0.0921594437396224,0.0707808783241134,-1.30203871330353,0.192903151928618,0.372240118209451,"C18orf21"
"ENSG00000141429.13",5329.1103533037,0.0113484805256615,0.072925250772639,0.155617984243112,0.876334148273651,0.933900914832143,"GALNT1"
"ENSG00000141431.12",53.846575714606,-0.580643091603549,0.162771674734502,-3.56722441143794,0.000360782493071545,0.00545108943493151,"ASXL3"
"ENSG00000141433.13",70.3129287896194,-0.381475055338057,0.229644085499321,-1.66115776292956,0.0966817659185329,0.23953021283141,"ADCYAP1"
"ENSG00000141434.12",3.89482426460348,-0.745463290040632,0.267192169555094,-2.78998928479796,0.00527097859781865,0.0347704954343524,"MEP1B"
"ENSG00000141441.16",1018.06307139986,-0.251322393574714,0.0941383933638089,-2.66971194848683,0.00759163432483246,0.044427541145482,"GAREM1"
"ENSG00000141446.11",1112.45442032541,-0.0659685802621972,0.0606733553215834,-1.08727430537751,0.276915600605939,0.469560511916752,"ESCO1"
"ENSG00000141447.18",1610.17825893963,0.00280170355732858,0.0867681198142932,0.0322895501634122,0.974241142622498,0.987168955209873,"OSBPL1A"
"ENSG00000141448.11",598.468948962401,-0.0933629555474523,0.144138391640511,-0.647731353769401,0.517158721406195,0.690921561467754,"GATA6"
"ENSG00000141449.15",211.917596361614,0.446908218355798,0.197773341086514,2.25969898622637,0.0238399392709173,0.0955003126154073,"GREB1L"
"ENSG00000141452.10",796.818096394047,-0.0172262351066868,0.0490847142858193,-0.35094907564051,0.725626553095872,0.842503456442048,"RMC1"
"ENSG00000141456.16",2874.4071507461,0.0768362107086331,0.0744161306351929,1.03252090713106,0.301828158644009,0.494720602881794,"PELP1"
"ENSG00000141458.13",3183.27991018641,0.0196299638063017,0.0683241371238622,0.287306428337548,0.773877700962568,0.873676171520745,"NPC1"
"ENSG00000141469.18",153.791690835143,-0.227141398283986,0.196551352492373,-1.15563386058511,0.247830951798416,0.4371627120236,"SLC14A1"
"ENSG00000141480.18",2666.0959500351,0.00256877973237218,0.0784307258832333,0.0327522116293626,0.973872187341793,0.98694529201176,"ARRB2"
"ENSG00000141485.17",17.8648057241436,0.425073948669411,0.243721462652153,1.74409731520482,0.0811421221463286,0.214062176911071,"SLC13A5"
"ENSG00000141497.14",288.7801362897,-0.173680805532738,0.109104023775639,-1.59188267785517,0.111411068396932,0.262041611282958,"ZMYND15"
"ENSG00000141499.17",544.046964924457,-0.0215051551714031,0.0682745778960596,-0.314980419273222,0.752776520879881,0.859908047466763,"WRAP53"
"ENSG00000141503.17",4261.84990699612,-0.0101285012969522,0.0707593488015467,-0.143140114606747,0.886179524247675,0.939464446157118,"MINK1"
"ENSG00000141504.12",1492.20305927489,-0.00495427339191251,0.0867192817417496,-0.05713000952506,0.954441631310786,0.976408100762967,"SAT2"
"ENSG00000141505.12",157.789385969755,0.110794843633248,0.120165641716935,0.922017658710126,0.356519364762796,0.549900357241037,"ASGR1"
"ENSG00000141506.14",776.212188610787,-0.0440881070399936,0.1155049585961,-0.381698825538406,0.702684771330699,0.826777074212361,"PIK3R5"
"ENSG00000141510.18",2554.20399888315,-0.10062568483728,0.0871117057981008,-1.15513390439742,0.248035596060092,0.437414540749592,"TP53"
"ENSG00000141519.15",479.849361779967,-0.309966730870891,0.120459247450747,-2.57320826279967,0.0100760555144048,0.0540059836262917,"CCDC40"
"ENSG00000141522.12",6465.49373554083,0.194264309227136,0.0770626531122003,2.52086194001515,0.0117067773676305,0.0595589454310088,"ARHGDIA"
"ENSG00000141524.17",5617.10833112604,0.013015397804637,0.0841992280768918,0.154578588211654,0.877153551210037,0.934258491624948,"TMC6"
"ENSG00000141526.17",6663.70448149649,0.532560170128934,0.124592458126156,4.274417393625,1.91637737807356e-05,0.000647795843650772,"SLC16A3"
"ENSG00000141527.18",393.799909886519,0.205821583874368,0.192570573524126,1.06881119014054,0.285154756005256,0.477596201412768,"CARD14"
"ENSG00000141540.11",356.176647835226,-0.17666365902137,0.108570397046852,-1.62718074011587,0.10369871699222,0.250267588606161,"TTYH2"
"ENSG00000141542.11",834.172143645884,-0.167898598296645,0.0956227497463392,-1.7558436537543,0.0791151082259421,0.210230608840793,"RAB40B"
"ENSG00000141543.12",4253.10511029064,0.124670285486207,0.0718184770549964,1.73590823139759,0.082580062114545,0.216312982531829,"EIF4A3"
"ENSG00000141551.14",6626.2158043183,0.00218336157832328,0.0519687314487291,0.0420129858370186,0.966488346056976,0.983137474314135,"CSNK1D"
"ENSG00000141552.18",3502.95151055045,0.166333121620373,0.101375581356737,1.64076121087831,0.100846993081666,0.24557482011907,"ANAPC11"
"ENSG00000141556.21",4536.81027341575,-0.126389360984153,0.0692639476888528,-1.82474960208619,0.0680388243064884,0.190482389643115,"TBCD"
"ENSG00000141560.15",2077.17917010056,0.108611609849805,0.063213668718717,1.71816653029736,0.0857662444990084,0.22165484469228,"FN3KRP"
"ENSG00000141562.18",3150.16785769458,0.00404837279622045,0.0796098142621616,0.0508526848572819,0.959442908706197,0.979507919400062,"NARF"
"ENSG00000141564.15",1991.77312330597,0.130821775441122,0.065500396476383,1.99726692476268,0.0457961943390042,0.14715690552345,"RPTOR"
"ENSG00000141568.21",3168.46890174386,0.0994668742275051,0.0622652580189658,1.59746987954676,0.110161006575319,0.260075903553546,"FOXK2"
"ENSG00000141569.12",1421.67218176687,0.0656265960391343,0.0618495630808649,1.06106806208689,0.288658970992397,0.481088226150098,"TRIM65"
"ENSG00000141570.11",542.655950781512,-0.0249363375442372,0.0855478897227405,-0.291489803255878,0.770676741291619,0.871777002847984,"CBX8"
"ENSG00000141574.8",1818.05745227267,0.300734556323321,0.128652516881152,2.33757227307987,0.0194094476853604,0.0836503225616446,"SECTM1"
"ENSG00000141576.16",193.643670892183,0.140842200113734,0.158080932769632,0.890949956115079,0.372956018218902,0.56499179663111,"RNF157"
"ENSG00000141577.14",910.018387200061,-0.00670869795611109,0.100019735690741,-0.0670737420948026,0.946522997581083,0.972010800692998,"CEP131"
"ENSG00000141579.7",581.494843836178,-0.533274126124287,0.186301829368112,-2.8624202345893,0.00420419068950047,0.0297682094056867,"ZNF750"
"ENSG00000141580.16",6422.80034148164,0.0443476651096211,0.0770124765635224,0.575850395786736,0.564716306550946,0.727463693402533,"WDR45B"
"ENSG00000141582.15",1908.72263272955,0.129374549848286,0.0809475253606287,1.5982520685087,0.109986889975018,0.259830662594073,"CBX4"
"ENSG00000141622.14",94.9304421242593,-0.348324313496692,0.185007038862882,-1.88276249183607,0.0597325622719918,0.175141047275708,"RNF165"
"ENSG00000141627.14",1812.47152325895,-0.0480967288442515,0.0560740595509022,-0.857735809204091,0.391038361978712,0.581926461598269,"DYM"
"ENSG00000141639.12",263.763346706715,1.11718009452109,0.28141939799463,3.96980486235853,7.19315179873755e-05,0.00174041862525705,"MAPK4"
"ENSG00000141642.9",205.103346301886,-0.0261616278212218,0.0611306384849308,-0.427962613668281,0.668678339785083,0.804710210246332,"ELAC1"
"ENSG00000141644.17",2313.4799367229,0.00474439353131831,0.0438651104639959,0.108158704745824,0.913869801569181,0.954374758583524,"MBD1"
"ENSG00000141646.14",2830.12523043787,-0.104605637964278,0.0605377212839686,-1.72794145114246,0.0839987217902747,0.218704109217456,"SMAD4"
"ENSG00000141655.17",456.370762556533,0.551581414833306,0.127652127197316,4.32097315527463,1.55342573740705e-05,0.000546341897397555,"TNFRSF11A"
"ENSG00000141664.10",1123.50787444052,0.0265447028496252,0.0785907417786116,0.337758650050677,0.735545072915345,0.848972313695325,"ZCCHC2"
"ENSG00000141665.13",74.2222046269681,-0.431210906706595,0.155320504677781,-2.7762651660266,0.00549873418522875,0.0357203650301005,"FBXO15"
"ENSG00000141668.10",7.04458009799361,-0.586342822980541,0.303392365809007,-1.93262220496892,0.0532827549743643,0.162315194561397,"CBLN2"
"ENSG00000141682.12",1074.05522780237,0.250745306742091,0.149721745522356,1.67474207482206,0.0939848483680668,0.235195246295704,"PMAIP1"
"ENSG00000141696.13",1918.32795859045,0.200868238821109,0.128089386864394,1.56818799541732,0.116837265150395,0.269998130676206,"P3H4"
"ENSG00000141698.17",1937.66261120232,0.0697488734079999,0.0843550823712542,0.826848500971512,0.408322935901482,0.597761652667666,"NT5C3B"
"ENSG00000141699.11",4405.75112231266,0.0352425718437919,0.045893555752794,0.767919836798577,0.442534811521783,0.627456730122002,"RETREG3"
"ENSG00000141736.14",13503.1377587166,-0.265571901824576,0.114080974895561,-2.32792454717102,0.019916110544546,0.0850304011746052,"ERBB2"
"ENSG00000141738.14",1992.51126267289,-0.169252032117795,0.113680773644419,-1.48883603349848,0.13653055110704,0.298359805579698,"GRB7"
"ENSG00000141741.12",1322.99803825534,-0.000210103665549564,0.0939937503669152,-0.0022352939927325,0.998216494919569,0.999110108360511,"MIEN1"
"ENSG00000141744.4",38.7554188020919,-0.281700285517975,0.211900081810919,-1.3294014948486,0.183715544931027,0.361043580055576,"PNMT"
"ENSG00000141750.7",42.8366677777234,-0.100541508124548,0.210781724495976,-0.476993479225791,0.633366765000917,0.778537186899595,"STAC2"
"ENSG00000141753.7",21563.0786179113,0.0271309207872627,0.0980192444223207,0.276791776422676,0.781939996032376,0.879068143521173,"IGFBP4"
"ENSG00000141756.19",6576.84373296512,0.186473230920202,0.14996740947581,1.24342503195857,0.213711250761796,0.396604719710841,"FKBP10"
"ENSG00000141759.15",1895.75360635338,0.0834911449436521,0.0638586312482404,1.30743712027108,0.191064297308955,0.369951549256377,"TXNL4A"
"ENSG00000141837.21",84.0378555455445,-0.0569904451937036,0.149044024990822,-0.382373229636095,0.702184544152965,0.826422158812382,"CACNA1A"
"ENSG00000141854.9",347.053128541172,-0.111949577204187,0.116920402575806,-0.957485389529032,0.338322317383104,0.531811374534263,"MISP3"
"ENSG00000141858.12",1658.46173291023,0.128650286986856,0.0726585422788901,1.77061475432646,0.0766247867357685,0.205775722505632,"SAMD1"
"ENSG00000141867.18",4570.69274864573,0.0527750203748058,0.0595614190495217,0.886060493806007,0.375584930056,0.567284108212627,"BRD4"
"ENSG00000141873.11",562.229531331167,0.169935546551057,0.0725636021594804,2.34188410571972,0.0191866717677495,0.082953419986792,"SLC39A3"
"ENSG00000141905.19",6276.07070076236,-0.018476618251643,0.0828371568494008,-0.223047469932289,0.823498561317105,0.903411677933649,"NFIC"
"ENSG00000141933.9",87.8322138322578,0.310293968428073,0.098631205400497,3.14600198961484,0.00165518879692352,0.0156551706295383,"TPGS1"
"ENSG00000141934.10",3706.54427708386,0.00144417631806196,0.127593739140382,0.0113185515824803,0.99096929526211,0.995604464577266,"PLPP2"
"ENSG00000141956.14",564.245608890941,-0.0557870041606157,0.0752649671751843,-0.74120811121551,0.458567266094284,0.641285335828832,"PRDM15"
"ENSG00000141959.17",7567.43960887483,0.198398428476184,0.0706417794613688,2.80851402652846,0.0049770714250547,0.0333282347383203,"PFKL"
"ENSG00000141965.5",70.9976914274792,-0.0869309488142965,0.0890777885390156,-0.97589927006575,0.329114383889183,0.522692609971023,"FEM1A"
"ENSG00000141968.8",1098.29028477014,-0.0685480628986614,0.0927545712901699,-0.739026249005219,0.459891058397557,0.642388796250955,"VAV1"
"ENSG00000141971.13",1315.71394788158,0.133399211389677,0.0755637236859328,1.76538694604474,0.0774987557897109,0.207259929326874,"MVB12A"
"ENSG00000141985.9",3016.94885062982,0.304783724509192,0.0763948732644961,3.9895834823099,6.61894210370879e-05,0.00162870982600722,"SH3GL1"
"ENSG00000141994.16",689.751480043162,0.084418944328653,0.080439109828214,1.04947636179637,0.293958929079939,0.486565309031441,"DUS3L"
"ENSG00000142002.17",3678.29317579345,0.202062694240198,0.0773776542894792,2.61138304198596,0.00901768273580531,0.0500626498788004,"DPP9"
"ENSG00000142025.16",9.17944565585335,-0.0895813963295109,0.464930893439082,-0.192676799054758,0.847212094641262,0.917186364481239,"DMRTC2"
"ENSG00000142039.4",2013.48217274088,0.100051952962585,0.0629591730662746,1.58915608464654,0.112025158318884,0.262905778219192,"CCDC97"
"ENSG00000142046.15",258.030883890663,-0.168586633148904,0.113540409928014,-1.48481613952063,0.137592535349769,0.299887151831767,"TMEM91"
"ENSG00000142065.14",425.800043470365,-0.169553851890976,0.0754883193646926,-2.24609387674723,0.0246979954824441,0.0977032276137135,"ZFP14"
"ENSG00000142082.15",989.640785449222,-0.0272698272383219,0.0579108230436135,-0.470893449706017,0.637716825930945,0.781417244688133,"SIRT3"
"ENSG00000142089.16",20211.7602855278,0.0894914537143406,0.0985093321723507,0.908456607519859,0.363637029600357,0.556457682858541,"IFITM3"
"ENSG00000142102.16",6352.62793640374,-0.0182003498074454,0.179217963251166,-0.101554272112436,0.919110477283008,0.95741782303895,"PGGHG"
"ENSG00000142149.9",421.281995547884,-0.0465219829392953,0.170953529647932,-0.272132333477433,0.785520268846025,0.880786419117683,"HUNK"
"ENSG00000142156.15",15222.7171096978,0.368462098327735,0.129905765731661,2.83637986545451,0.0045628140581094,0.0314339803196937,"COL6A1"
"ENSG00000142166.13",4376.29543159282,-0.0195319765617524,0.0477694334948644,-0.408880221781409,0.682627564197509,0.813848504738681,"IFNAR1"
"ENSG00000142168.15",7078.72752038616,0.235099369956274,0.0781596430745731,3.00793812136479,0.00263026687927408,0.0215954316181682,"SOD1"
"ENSG00000142173.16",21801.8572517996,0.307304799626749,0.129681579049394,2.3696873671603,0.0178031319590439,0.0790618647563085,"COL6A2"
"ENSG00000142178.9",283.567182737735,0.252115221903475,0.232538695395871,1.08418610276572,0.278282292198079,0.470970517708287,"SIK1"
"ENSG00000142185.16",678.54294590112,-0.00180840889639104,0.124548815377628,-0.0145196796204605,0.988415378851549,0.994169552614426,"TRPM2"
"ENSG00000142186.17",4333.27307868548,0.0742708018395945,0.065708109698736,1.13031408421453,0.258343901953177,0.449310014996108,"SCYL1"
"ENSG00000142188.17",2880.5835785387,-0.168274574599561,0.0798131996251424,-2.10835520176981,0.0350002763636272,0.122684039633556,"TMEM50B"
"ENSG00000142192.21",36402.8056493114,0.0577360919527657,0.0739915280482359,0.780306792895627,0.435210315394426,0.620991999620865,"APP"
"ENSG00000142197.12",2002.99869102194,-0.00415279680269587,0.0722372558587132,-0.0574882967705501,0.954156228515608,0.976236119114018,"DOP1B"
"ENSG00000142207.7",2295.41078556352,0.0840148849113818,0.0892957871304653,0.94086056701233,0.346776317752579,0.540532044896138,"URB1"
"ENSG00000142208.17",5389.54538748443,0.119414415996518,0.0642573976753789,1.8583761608241,0.0631156152039479,0.181538503411234,"AKT1"
"ENSG00000142224.17",10.5657438072205,-0.238951262075727,0.199338334198919,-1.19872207739671,0.230636030547664,0.417109314195414,"IL19"
"ENSG00000142227.11",2104.65939307439,0.471881889304183,0.117085768283677,4.03022413587364,5.57236924276168e-05,0.00143480966124721,"EMP3"
"ENSG00000142230.13",3885.81584283105,0.12997538585784,0.0628781562303371,2.0670991907223,0.0387248083530724,0.131611376531119,"SAE1"
"ENSG00000142233.14",22.353766156106,-0.0646464440264972,0.161263491854251,-0.400874638662321,0.68851242293215,0.817508110460295,"NTN5"
"ENSG00000142235.12",477.804348587428,0.0121173972415324,0.120245402147048,0.100772229334092,0.919731272375249,0.957762136035443,"LMTK3"
"ENSG00000142252.11",19.504277074301,0.145308442000748,0.101821720723845,1.42708688252131,0.153554853013704,0.322106333701965,"GEMIN7"
"ENSG00000142273.13",833.570488597912,0.537328874750994,0.15634754047521,3.43675937029653,0.000588718379066034,0.0075125339188369,"CBLC"
"ENSG00000142279.13",747.675741829707,0.0957303192685152,0.125467578732941,0.762988496592241,0.445470256302162,0.630221980088382,"WTIP"
"ENSG00000142303.14",343.459647583435,-0.116058674881382,0.11072756991966,-1.0481461389028,0.294571281478616,0.487118744065344,"ADAMTS10"
"ENSG00000142319.18",325.583659988548,-0.0606762305007944,0.292691252253846,-0.207304557391319,0.835772015174139,0.910674636460958,"SLC6A3"
"ENSG00000142327.13",4966.45968659829,0.23765150673328,0.0778890572818602,3.05115397498369,0.00227963637911223,0.0195557675778881,"RNPEPL1"
"ENSG00000142330.20",934.231636498281,-0.0775024028613535,0.0797109401164577,-0.972293172657636,0.330904719389468,0.524510132481125,"CAPN10"
"ENSG00000142347.19",1729.16239676148,-0.0240363796681777,0.104594752981499,-0.229804832298129,0.818243429581112,0.9009429527331,"MYO1F"
"ENSG00000142396.10",144.581526254171,-0.169128455736128,0.0766502627407125,-2.20649544683551,0.0273493286862901,0.10427636279806,"ERVK3-1"
"ENSG00000142405.22",104.018036810056,0.601392122706545,0.182424459457364,3.29666386018319,0.000978405224997797,0.0108507811978187,"NLRP12"
"ENSG00000142408.6",22.2755539829139,0.77896863377367,0.17964941984549,4.3360487022092,1.45066815435809e-05,0.000524398424137284,"CACNG8"
"ENSG00000142409.6",1358.71530510263,0.193680191901983,0.0819735870343001,2.36271461221944,0.0181416339874241,0.080104697658264,"ZNF787"
"ENSG00000142444.7",607.907151358525,0.0797852521899003,0.0501518422291334,1.59087380729461,0.111637978310939,0.262406571414977,"TIMM29"
"ENSG00000142449.13",262.924784796733,-0.182488061825129,0.25406245929259,-0.718280309232807,0.472584468749559,0.653205244242914,"FBN3"
"ENSG00000142453.12",1612.29186711689,0.123458468678431,0.0639658372773377,1.93006882944642,0.0535983100183624,0.162978220425732,"CARM1"
"ENSG00000142459.8",861.561924639294,0.0793980488480149,0.070019283382116,1.1339454649188,0.256817424406322,0.447631081615958,"EVI5L"
"ENSG00000142484.7",19.6241903589062,0.387990612704053,0.469655312764127,0.826117797796342,0.408737272534382,0.598203455143257,"TM4SF5"
"ENSG00000142494.13",576.499631378615,-0.527932619666538,0.16270173052811,-3.24478798076045,0.001175381016593,0.0123126282681363,"SLC47A1"
"ENSG00000142507.10",3807.33386861703,0.175023465770242,0.0809687567130603,2.16161730617274,0.0306476863817046,0.112286492049735,"PSMB6"
"ENSG00000142512.15",432.977963867205,0.0163814708692198,0.134110700235968,0.122148872837115,0.902781116708286,0.948327497903987,"SIGLEC10"
"ENSG00000142513.6",4.69363737507024,0.00510081053108915,0.165830659642333,0.030759152391305,0.975461616662782,0.987799177998628,"ACP4"
"ENSG00000142515.15",2.23313689721351,-1.21662530256477,0.472510111399933,-2.57481326475787,0.0100294217983142,0.0538563774082703,"KLK3"
"ENSG00000142528.16",460.001089472206,-0.0877048036556829,0.0624750662918831,-1.40383690424475,0.160367421828383,0.331195750367466,"ZNF473"
"ENSG00000142530.11",96.7917495059704,-0.0641493191783467,0.119732838366329,-0.535770470771587,0.592117192835715,0.748353890423592,"FAM71E1"
"ENSG00000142534.7",50153.2561093781,0.208514445713983,0.0924721544416119,2.25488902008487,0.0241402956833082,0.0961942386815536,"RPS11"
"ENSG00000142541.18",58493.8038819535,0.174166347081281,0.0952342520928607,1.82882044279043,0.0674265114713924,0.189405235101001,"RPL13A"
"ENSG00000142544.7",116.342572205445,0.255485995424086,0.0877074234173466,2.91293468066417,0.00358049488140646,0.0266917635662036,"CTU1"
"ENSG00000142546.14",1756.07293507058,0.193065102291335,0.0781893840216931,2.46919840470633,0.0135416114209739,0.0657239532407593,"NOSIP"
"ENSG00000142549.9",29.4422789193195,-0.409326308478073,0.178469454036873,-2.29353706877762,0.0218171037664943,0.0900293549452026,"IGLON5"
"ENSG00000142552.8",1899.56798315681,0.149682874531921,0.143246301761146,1.04493360520753,0.296053656840426,0.488696236659641,"RCN3"
"ENSG00000142556.19",624.194493797527,-0.202060305819056,0.100325906029969,-2.01403918304708,0.0440054198205717,0.143395560544807,"ZNF614"
"ENSG00000142583.18",424.462768939426,0.0321428126836036,0.155544253103756,0.206647381965071,0.83628525339113,0.910895928193119,"SLC2A5"
"ENSG00000142599.19",5687.39631684249,-0.13943250213117,0.0689298043289991,-2.02281877177055,0.0430918355744971,0.141470908370154,"RERE"
"ENSG00000142606.16",47.2795968178615,0.0671078606965423,0.166989672974305,0.401868328150258,0.687780932712235,0.817241535843122,"MMEL1"
"ENSG00000142609.18",126.470110483342,-1.15202981504683,0.209025825096161,-5.51142335889283,3.55943415008538e-08,6.27006566977738e-06,"CFAP74"
"ENSG00000142611.17",741.35082638477,-0.515561159113997,0.182452991121957,-2.82572050994429,0.00471744055500452,0.0321143196948037,"PRDM16"
"ENSG00000142619.4",78.2448824668572,0.344916946461213,0.399383902620129,0.863622555136573,0.387795269583859,0.57891076631044,"PADI3"
"ENSG00000142621.19",282.143287736169,-0.754562433000408,0.150200479974222,-5.02370187585225,5.06848945357625e-07,4.46415924280196e-05,"FHAD1"
"ENSG00000142623.11",149.459341819279,1.62369193486642,0.315855660132464,5.1406137036945,2.7384254562937e-07,2.9409806037544e-05,"PADI1"
"ENSG00000142627.13",3588.00317988492,0.393980022605092,0.141350577354721,2.7872544278075,0.00531567259740936,0.0349062500563215,"EPHA2"
"ENSG00000142632.17",1365.77815238567,-0.178679249428106,0.114949399523702,-1.55441655344414,0.120085087214351,0.274927300827079,"ARHGEF19"
"ENSG00000142634.13",5370.56926896995,0.403003975811441,0.0965170254072192,4.17547032879546,2.97371014022146e-05,0.000886393527975584,"EFHD2"
"ENSG00000142655.13",1010.76562871366,0.0831784165537419,0.0643253767398961,1.29308868084954,0.195980389535359,0.37580780490731,"PEX14"
"ENSG00000142657.21",12540.9225619362,0.116133236645818,0.129462398426628,0.897042215015319,0.369696391227913,0.562269270796363,"PGD"
"ENSG00000142661.19",41.6964942073427,0.194025126186175,0.207370468295688,0.935644924664571,0.349456036001884,0.54315778742347,"MYOM3"
"ENSG00000142669.15",6843.53721893236,0.378581092031007,0.0974163772327026,3.88621608383849,0.000101818882613807,0.00222870220832444,"SH3BGRL3"
"ENSG00000142675.18",1550.93012434829,-0.0639091034261502,0.0924810853617027,-0.691050534022123,0.489533784544937,0.667947936524559,"CNKSR1"
"ENSG00000142676.14",31144.8028740983,0.0287390461726647,0.0691564961593789,0.415565388194804,0.677728058191364,0.81076536979393,"RPL11"
"ENSG00000142677.4",133.401649107553,0.51900215864144,0.189353899619467,2.74091085361563,0.00612691283055585,0.0384874167674898,"IL22RA1"
"ENSG00000142686.8",764.003464726648,0.0891456230317386,0.0540355273452903,1.64975947143243,0.0989921411018665,0.242852063496017,"C1orf216"
"ENSG00000142687.18",6143.23451343661,-0.105866043974984,0.0684700198664572,-1.54616639781124,0.122064386453636,0.277899416320247,"KIAA0319L"
"ENSG00000142698.15",1.84342190439962,0.714405343727059,0.457056735662402,1.56305615470624,0.118039387244442,0.272002029314037,"C1orf94"
"ENSG00000142700.12",112.324377865162,-0.127890916743392,0.315989855988405,-0.404731083355045,0.685675191437821,0.816050051781632,"DMRTA2"
"ENSG00000142731.11",412.646609305787,0.158145567818942,0.118325314600441,1.33653198686152,0.181375452649951,0.358284854935019,"PLK4"
"ENSG00000142733.17",2325.43116475948,-0.0293550361326216,0.0888045734211079,-0.330557706678249,0.740978596995724,0.852255939673137,"MAP3K6"
"ENSG00000142748.13",1374.20867891846,-0.0887370397609935,0.252228201952618,-0.351812521653162,0.724978867257546,0.842149913096929,"FCN3"
"ENSG00000142751.15",1160.18710701701,-0.0169244048546341,0.0430111912582997,-0.393488400565244,0.693958789519853,0.821182512155126,"GPN2"
"ENSG00000142765.18",1966.13812238055,0.0255632450720377,0.112914380021779,0.226394946924449,0.820894257687726,0.902326360038011,"SYTL1"
"ENSG00000142784.16",4042.79353794246,-0.0334554412521524,0.0627309058632414,-0.533316724695288,0.593814352226325,0.749566254512744,"WDTC1"
"ENSG00000142794.19",348.814295433264,-0.133180440187389,0.0877221713149138,-1.51820729230794,0.128962149744887,0.288286153429864,"NBPF3"
"ENSG00000142798.20",13400.9628271046,0.0594316798172875,0.113890132061647,0.521833443700968,0.601786301971916,0.755660830281603,"HSPG2"
"ENSG00000142856.17",594.819414069571,-0.0117247238152009,0.0819174785242049,-0.143128475466154,0.886188716293644,0.939464446157118,"ITGB3BP"
"ENSG00000142864.15",11531.7458395834,0.182526914138764,0.0502311948983453,3.63373625708387,0.000279346417183615,0.00453672208160688,"SERBP1"
"ENSG00000142867.14",1435.42417459151,0.173102640296306,0.0775104660324511,2.23328086072704,0.0255304288460805,0.099832905223938,"BCL10"
"ENSG00000142871.18",10918.7071580862,-0.14371783028699,0.137884584016045,-1.04230528244017,0.297270164053952,0.489964659503716,"CCN1"
"ENSG00000142875.19",2188.04650374785,0.344243253851539,0.110796906109381,3.1069753293625,0.00189012171800907,0.0172546812058339,"PRKACB"
"ENSG00000142892.15",1744.25234766814,0.128534954491701,0.0629919556794568,2.04049791922271,0.0413007580708039,0.137461375432498,"PIGK"
"ENSG00000142910.16",2132.00033003003,0.140460330487351,0.136511621724216,1.02892580655962,0.303514540512885,0.496726618359902,"TINAGL1"
"ENSG00000142920.17",380.942915766458,-0.106579470733704,0.100932561063044,-1.05594735347231,0.29099226807908,0.483433412233373,"AZIN2"
"ENSG00000142937.12",43165.0949201601,0.0578675885297936,0.0945494080694281,0.61203543957992,0.540514310269384,0.708613964238862,"RPS8"
"ENSG00000142945.13",983.263028888313,0.276544679628786,0.157385132764337,1.75712073161875,0.0788972327319557,0.209902954238853,"KIF2C"
"ENSG00000142949.17",20810.3919196439,-0.0545530715710477,0.0770031848499594,-0.708452146198165,0.478664519400437,0.658683055484779,"PTPRF"
"ENSG00000142959.5",57.608837825238,-0.258417069681216,0.136127637717892,-1.8983438926396,0.0576507954904525,0.170960163816915,"BEST4"
"ENSG00000142961.15",1109.41111546792,0.0544157657336074,0.0659297360866251,0.825359981148879,0.409167247827615,0.598655468333325,"MOB3C"
"ENSG00000142973.14",6522.37244472498,-0.568168424730616,0.254129303598228,-2.23574541261434,0.0253684524763446,0.0994690717577363,"CYP4B1"
"ENSG00000143001.5",56.5290993209233,0.140635059031906,0.169720993756281,0.828625003420955,0.407316635078522,0.596787076163764,"TMEM61"
"ENSG00000143006.7",0.492707548738592,-0.743704667269809,0.785020480217235,-0.947369764243612,0.343450392629164,0.536805498418044,"DMRTB1"
"ENSG00000143013.13",2424.29226953416,0.0717302305287476,0.0919223176595812,0.780335313067153,0.435193532338791,0.620991999620865,"LMO4"
"ENSG00000143028.9",55.6904185340852,0.329404412170009,0.158680044962789,2.07590319404848,0.0379029052556911,0.129758501252208,"SYPL2"
"ENSG00000143032.8",1.18467831542944,0.285707764069914,0.524545653841773,0.544676639635445,0.585975934084409,0.743422634458968,"BARHL2"
"ENSG00000143033.18",1259.90768609196,-0.0852591863988033,0.0685392227693796,-1.24394737719281,0.213518930944105,0.396358280898918,"MTF2"
"ENSG00000143036.17",1041.56025526794,0.0236111878521665,0.0973951937606881,0.242426622305225,0.80844960789015,0.894533231545293,"SLC44A3"
"ENSG00000143061.18",2911.08575152513,-0.0600378454181872,0.0970448365590675,-0.618660894767383,0.53613977668638,0.704895643129158,"IGSF3"
"ENSG00000143067.5",407.254203830435,0.047567957482076,0.0916504090600357,0.519015222844412,0.60375012568472,0.757118801608484,"ZNF697"
"ENSG00000143079.15",1974.29942681639,0.0128399980329866,0.0622428660145885,0.206288669772647,0.836565428415219,0.911011434805845,"CTTNBP2NL"
"ENSG00000143093.15",1326.36182047929,-0.0471765128948998,0.0416430721651149,-1.13287782197828,0.257265564692589,0.448108320880526,"STRIP1"
"ENSG00000143105.7",2.14222625024059,-0.0857679177066306,0.289440859067265,-0.296322772061351,0.766983596864002,0.869312483502186,"KCNA10"
"ENSG00000143106.13",4496.11479783105,0.140925297369988,0.0734121307876515,1.91964592034008,0.0549026395205061,0.165508268512607,"PSMA5"
"ENSG00000143110.12",1146.57509665335,0.0876359916914227,0.125400728553461,0.698847548194761,0.484647309886204,0.663788172126106,"C1orf162"
"ENSG00000143119.14",3595.58679581376,-0.00710841894797823,0.111930099874762,-0.0635076619777144,0.949362258186239,0.973305341559231,"CD53"
"ENSG00000143126.8",1122.26168246062,-0.270724124893092,0.114576324681062,-2.36282779751129,0.0181360945608263,0.0801041313534432,"CELSR2"
"ENSG00000143127.13",239.16741905679,0.0421946972581017,0.152094398093438,0.277424400813103,0.781454247507457,0.878831153306347,"ITGA10"
"ENSG00000143147.14",713.181687667572,0.180257716561238,0.114545136668017,1.57368284507507,0.115560789765371,0.268296051161679,"GPR161"
"ENSG00000143149.12",3309.10727370398,0.0521163328400142,0.0632028988713222,0.824587697252943,0.409605708422792,0.598849589430881,"ALDH9A1"
"ENSG00000143153.13",23847.9379614856,-0.106720362337204,0.130808697179036,-0.815850663133948,0.414585552800831,0.60340095341631,"ATP1B1"
"ENSG00000143155.13",2625.00109095841,0.117842146720745,0.0619898277994782,1.90099167724639,0.0573031027587947,0.17035163167062,"TIPRL"
"ENSG00000143156.14",556.045585976638,-0.00877915849984677,0.0723199695393235,-0.121393282599119,0.903379537243081,0.9485072040567,"NME7"
"ENSG00000143157.12",4369.10311142255,0.061236709847561,0.0532961578190815,1.14898920210035,0.250560433161679,0.4404386748285,"POGK"
"ENSG00000143158.11",1773.54470792617,0.156822862998909,0.0816405555554118,1.92089411851772,0.0547450574065972,0.165227739664386,"MPC2"
"ENSG00000143162.9",6710.69930651986,0.144284331256459,0.0842794542889384,1.71197514831793,0.0869012483889088,0.223707048837233,"CREG1"
"ENSG00000143164.15",3308.69333937739,0.00741915100615081,0.0529451620113986,0.140128969754659,0.888558091856214,0.94071817827357,"DCAF6"
"ENSG00000143167.12",139.967802564105,0.307181491453864,0.235234695906741,1.30585112145041,0.191603191341136,0.370702292498864,"GPA33"
"ENSG00000143171.13",91.6813732843763,-0.38957498425283,0.247645973533096,-1.57311253114627,0.115692763838338,0.268490114768563,"RXRG"
"ENSG00000143178.13",203.924167531721,-0.182828872581604,0.0884584255287534,-2.0668338995269,0.0387498079919749,0.13166945881576,"TBX19"
"ENSG00000143179.16",936.1453527036,0.37686358674421,0.132343099923987,2.84762550492369,0.00440467226800049,0.0307170793113857,"UCK2"
"ENSG00000143183.18",5749.35126252842,0.0804565011296373,0.0694943644019241,1.15774137690235,0.246969593105084,0.436222540360103,"TMCO1"
"ENSG00000143184.5",53.8918417857229,0.0445493131769335,0.156898177589466,0.283937735041765,0.776458097669347,0.875317738323657,"XCL1"
"ENSG00000143185.4",37.1981941400571,0.0767186723268694,0.162508188769678,0.472091116808904,0.63686175281846,0.780930291207874,"XCL2"
"ENSG00000143190.23",1611.52219029051,-0.133476155609719,0.0741301297652604,-1.80056551947748,0.0717713879592661,0.197317613619887,"POU2F1"
"ENSG00000143194.13",18.7461352757506,0.434911698769211,0.22801871455934,1.90735089270942,0.0564751639704965,0.168615158646735,"MAEL"
"ENSG00000143195.13",101.791973022798,-0.177202083644602,0.157431101198358,-1.12558498476951,0.260341226617192,0.451504946489878,"ILDR2"
"ENSG00000143196.5",380.952267895822,0.0105548405753728,0.159411884970544,0.0662111270895713,0.947209738079196,0.972211521705356,"DPT"
"ENSG00000143198.13",3806.40721223472,0.242405942792994,0.0745522233623093,3.25149179810437,0.00114801087883662,0.0121016730803137,"MGST3"
"ENSG00000143199.18",11.5426504719096,0.0924267745418889,0.15502772724192,0.59619512061644,0.55104488489539,0.716526220622646,"ADCY10"
"ENSG00000143207.21",2382.33873776093,0.0294191908427991,0.0501998043763597,0.586041941961299,0.557847329976943,0.721987682977856,"COP1"
"ENSG00000143217.9",2687.5698367588,-0.0345140912837746,0.131293488602151,-0.262877402765647,0.792645073907823,0.885317111031037,"NECTIN4"
"ENSG00000143222.12",4173.3323788418,0.0827995555009706,0.0676828052506493,1.22334698147247,0.221198669304413,0.405705558459223,"UFC1"
"ENSG00000143224.18",734.710285647886,-0.107314540409222,0.0746002427096728,-1.43852803303692,0.150284289380034,0.317515855205577,"PPOX"
"ENSG00000143226.15",3129.68787575086,0.169093121215296,0.113466845422814,1.49024255133913,0.136160471769566,0.297903041770661,"FCGR2A"
"ENSG00000143228.13",599.967256848665,0.0426758815688238,0.164183344630031,0.259928202004834,0.794919156698715,0.887023846493173,"NUF2"
"ENSG00000143248.13",4503.91949376258,-0.00208339601904321,0.1177189236573,-0.0176980552855575,0.985879732063052,0.993063454571974,"RGS5"
"ENSG00000143252.16",2924.2447643257,0.127640548435546,0.0714709231927432,1.7859087686796,0.074114030976684,0.201492604385656,"SDHC"
"ENSG00000143256.5",2266.91393198283,0.284462527672807,0.0877003409529858,3.24357379437442,0.00118040229170155,0.0123451647089635,"PFDN2"
"ENSG00000143257.12",21.6172909996999,-0.0280544215521866,0.110965716868735,-0.25282062193473,0.800406831274806,0.890148079152076,"NR1I3"
"ENSG00000143258.16",1438.87799840097,0.00171225160444302,0.0628672992385959,0.0272359656797826,0.978271529874069,0.989094885714737,"USP21"
"ENSG00000143294.15",3011.81569307569,0.1288164584467,0.0626080310401468,2.05750694130754,0.039637487918083,0.133825259634594,"PRCC"
"ENSG00000143297.19",710.470240668413,-0.416619860145234,0.183051151176135,-2.27597508930361,0.0228475006132227,0.0927184102774284,"FCRL5"
"ENSG00000143303.12",1469.50566122459,0.0175029246152794,0.0729757682540559,0.239845705417519,0.810449873106248,0.895746091964125,"RRNAD1"
"ENSG00000143314.12",2662.82451754773,0.189535794156032,0.0920409003334251,2.05925619446815,0.0394697024930669,0.133486256828585,"MRPL24"
"ENSG00000143315.8",1548.54659576273,-0.102668608088179,0.0629974983700298,-1.62972515964257,0.103159597409238,0.249472831883908,"PIGM"
"ENSG00000143318.13",14.2049356636709,-0.386535860580451,0.134764977773362,-2.86822189983588,0.00412785911929101,0.029377020070837,"CASQ1"
"ENSG00000143319.17",2234.68239443655,0.126194865247217,0.0581528614437812,2.170054269285,0.0300027349808844,0.110691606351794,"ISG20L2"
"ENSG00000143320.9",8197.89929874159,0.174121163670133,0.229491676343641,0.758725398865463,0.4480168400213,0.632374810481584,"CRABP2"
"ENSG00000143321.19",17454.1358652421,0.156820261219015,0.0786355183969064,1.99426753222986,0.0461228254419292,0.147869342999528,"HDGF"
"ENSG00000143322.21",2284.51062833641,-0.00341593967112467,0.0824567439390125,-0.0414270502076968,0.966955448355854,0.983227895122823,"ABL2"
"ENSG00000143324.14",7382.16212714777,0.0787932199064474,0.115127119952117,0.684401902342548,0.493721415091987,0.671328040541455,"XPR1"
"ENSG00000143333.7",1742.42338142616,0.053682018642578,0.127038280884637,0.422565688615754,0.672612164689765,0.807016283466718,"RGS16"
"ENSG00000143337.19",3519.81497698175,0.026503074578428,0.052951464868318,0.500516362377074,0.61671153782167,0.766787773080691,"TOR1AIP1"
"ENSG00000143340.6",10.8685546759991,0.0204453821167399,0.176278260417404,0.115983570908448,0.907665562428957,0.950908133356848,"FAM163A"
"ENSG00000143341.12",2091.1963462776,-0.455449653621258,0.151204509445252,-3.01214332358365,0.00259410087127086,0.0214040645123224,"HMCN1"
"ENSG00000143344.16",2169.38555764987,-0.170309994453263,0.097505999251591,-1.74666170041311,0.0806960376271642,0.213255882437701,"RGL1"
"ENSG00000143353.12",885.33067766179,0.00472453280758264,0.0711892382829998,0.0663658289024125,0.947086574788553,0.972211521705356,"LYPLAL1"
"ENSG00000143355.16",166.108379793674,0.308111022750118,0.258368573714163,1.19252515242425,0.233055394357665,0.419910880200765,"LHX9"
"ENSG00000143363.17",1812.3675616638,0.043454202405626,0.06525423136496,0.665921603805143,0.505461210980604,0.681118208598119,"PRUNE1"
"ENSG00000143365.19",2268.70082151549,-0.0616338057156451,0.13005302078744,-0.473912911383889,0.635562011663818,0.779968522773545,"RORC"
"ENSG00000143367.16",2010.30554080834,0.253711210239294,0.084963202154057,2.98613051070345,0.00282532035684243,0.0226986946525954,"TUFT1"
"ENSG00000143368.10",4567.30943827867,0.208572981432441,0.0787409490904133,2.64885023411326,0.00807661143550272,0.0464155017419394,"SF3B4"
"ENSG00000143369.15",2992.6787113728,0.575327457282683,0.167055571094259,3.4439285892361,0.000573327108585749,0.00739555080116364,"ECM1"
"ENSG00000143373.18",2158.13603568324,0.00275106593514194,0.0690252288522564,0.0398559480480739,0.968207971540517,0.983954900490928,"ZNF687"
"ENSG00000143374.17",1708.20292886152,0.162913455387529,0.0702934355238605,2.31761976311755,0.0204699951598231,0.086541140002452,"TARS2"
"ENSG00000143375.15",7711.9920905036,0.0741696717860561,0.117418818684329,0.631667671478245,0.527604057038501,0.698680317846657,"CGN"
"ENSG00000143376.14",3062.18040009287,-0.0070730529154655,0.062379742723155,-0.11338701646873,0.909723732684221,0.952105631141925,"SNX27"
"ENSG00000143379.12",1452.24839839076,-0.0616907506680407,0.0656419505415895,-0.939806787565745,0.347316676563283,0.541095653384249,"SETDB1"
"ENSG00000143382.15",1272.0972655965,0.468340950117892,0.147402230666685,3.17729893231353,0.00148653726797552,0.0144838411655572,"ADAMTSL4"
"ENSG00000143384.14",27244.082239569,0.0737267178789422,0.069459534712279,1.06143408798143,0.288492672252825,0.480936685059001,"MCL1"
"ENSG00000143387.14",3729.084309303,0.0635647256256918,0.130905334735217,0.48557780898895,0.627266533184553,0.774814851382529,"CTSK"
"ENSG00000143390.18",2444.10162597503,-0.0867451861415221,0.0582194746996044,-1.4899685472791,0.136232506206902,0.298001894162049,"RFX5"
"ENSG00000143393.16",4117.37014755322,0.00936705447094902,0.0497520039537093,0.188274918125195,0.850661146178515,0.919429195624162,"PI4KB"
"ENSG00000143398.20",3686.78561591755,0.0797727313101541,0.0589667078348575,1.3528435661283,0.176105611399971,0.351651419680875,"PIP5K1A"
"ENSG00000143401.15",5245.00091318763,0.208394827005502,0.0988896448295542,2.10734730986941,0.0350874852763636,0.122926196706932,"ANP32E"
"ENSG00000143409.15",1339.59482896251,-0.0335384904573594,0.0731210434571675,-0.458670840453822,0.646470556849738,0.787953294863566,"MINDY1"
"ENSG00000143412.10",375.290748772927,0.0281109750967589,0.0942631522769471,0.298218067375556,0.765536733053482,0.868322923601443,"ANXA9"
"ENSG00000143416.21",9320.48251617473,-0.364682224063548,0.160506449217362,-2.27207209331312,0.0230821563259967,0.0933407300572584,"SELENBP1"
"ENSG00000143418.20",5062.12631640625,0.00958120273436046,0.075866476522853,0.126290334987079,0.899502106567396,0.946509066546566,"CERS2"
"ENSG00000143420.19",9638.43691105036,0.102825811685356,0.0602093557688743,1.70780454918125,0.0876726147031407,0.224858205169992,"ENSA"
"ENSG00000143429.10",70.3458519067925,0.638587809778958,0.147227423442649,4.33742433879999,1.44162136170997e-05,0.000521694565167501,"LSP1P4"
"ENSG00000143434.16",468.069348129856,-0.105226154818545,0.118969890527736,-0.88447719294163,0.376438668831647,0.568096305761843,"SEMA6C"
"ENSG00000143436.11",1151.87767606745,0.174598299405286,0.0705640429609991,2.47432392021227,0.013348860458893,0.0651101431516981,"MRPL9"
"ENSG00000143437.21",3323.42169927433,-0.0344572878192026,0.0553404016510113,-0.622642532240691,0.533519454907366,0.702841761214785,"ARNT"
"ENSG00000143442.22",4253.65858624422,-0.0615427838856855,0.0668612736720561,-0.92045485384474,0.357335114806005,0.550517123790705,"POGZ"
"ENSG00000143443.10",437.697246794225,0.131462450618585,0.0956561034855732,1.37432370573627,0.169341210014308,0.342519860571468,"C1orf56"
"ENSG00000143450.18",81.4047793328343,0.0936320211218244,0.099054837729381,0.945254399160475,0.344529012971435,0.537834877331926,"OAZ3"
"ENSG00000143452.16",238.466005051752,0.0892204235600923,0.283950447006977,0.314211245308939,0.75336060237624,0.860315378161218,"HORMAD1"
"ENSG00000143457.11",2539.60435334485,0.123571049355269,0.0750620975182637,1.64625095009105,0.0997121034364383,0.243976554555196,"GOLPH3L"
"ENSG00000143458.12",809.11791966894,-0.142301126273638,0.0766242209355768,-1.85712982835127,0.0632926853939111,0.181925641422807,"GABPB2"
"ENSG00000143469.20",43.1394480583529,-0.24338828544029,0.316354282559258,-0.769353534497198,0.441683464672429,0.626810212674304,"SYT14"
"ENSG00000143473.13",9.97420020772445,0.0383611197031039,0.169072314914499,0.22689178723615,0.820507888367679,0.902122424207428,"KCNH1"
"ENSG00000143476.18",749.830319253354,0.373371854333553,0.121131587950148,3.08236572022169,0.00205362360007141,0.0181886912788448,"DTL"
"ENSG00000143479.17",1074.89840231565,-0.16173372030428,0.103963850965341,-1.55567265739509,0.11978595161346,0.274393400788973,"DYRK3"
"ENSG00000143486.16",2567.49848993768,0.0657887825849705,0.0580937436480249,1.13245899564621,0.257441514037277,0.448250631601019,"EIF2D"
"ENSG00000143493.13",1503.63645716569,0.160881624163509,0.065515572408946,2.45562418594607,0.0140640149957394,0.0672845597432323,"INTS7"
"ENSG00000143494.15",218.161938547547,-0.192164514359956,0.121120989474446,-1.58655007025433,0.112614583422043,0.263866375245977,"VASH2"
"ENSG00000143498.18",279.183053854923,0.127077085509873,0.0721074645441678,1.76232913351203,0.0780137043219838,0.208251303559317,"TAF1A"
"ENSG00000143499.14",2080.79610917443,0.149431588902832,0.0609843808252879,2.45032558961177,0.0142727089485499,0.0679898839639537,"SMYD2"
"ENSG00000143502.15",622.177146713629,-0.270240064707059,0.163119739444441,-1.65669750103484,0.0975806485034738,0.24068987024771,"SUSD4"
"ENSG00000143507.18",1012.94355848873,-0.0607363673017654,0.0956290247927172,-0.635124821500751,0.52534700962856,0.697241306143289,"DUSP10"
"ENSG00000143512.13",498.600909576187,0.672107302582594,0.288009511068338,2.33362884471937,0.0196151648657568,0.0842349546848779,"HHIPL2"
"ENSG00000143514.17",2996.54021851191,0.0530023363190984,0.0602162160881686,0.88020038060001,0.378750767353942,0.570267243917999,"TP53BP2"
"ENSG00000143515.19",2042.4073524406,-0.188402972861579,0.0902859034496367,-2.08673741595412,0.0369118771099078,0.127612370157857,"ATP8B2"
"ENSG00000143520.6",2.36122791565748,-0.984689540191376,0.322747151155959,-3.05096276346542,0.00228108862364703,0.0195631848395365,"FLG2"
"ENSG00000143536.7",0.720002414171442,-1.08982727205663,0.485530334946568,-2.24461211507324,0.0247930443313194,0.0980130275179418,"CRNN"
"ENSG00000143537.14",10054.4338840316,0.291017306964115,0.0945869096262893,3.07671862960655,0.00209292757560374,0.0184240713311939,"ADAM15"
"ENSG00000143543.15",540.538502068257,0.173630739917425,0.0897961631200852,1.93360978781718,0.0531611229344394,0.162137230906137,"JTB"
"ENSG00000143545.10",697.577094118984,0.162496785520289,0.0684996218327018,2.37222894335327,0.0176811310714345,0.0786783270755733,"RAB13"
"ENSG00000143546.10",1859.45314162257,0.547629598373756,0.210292833515526,2.6041286772301,0.0092108168145785,0.0508079564064765,"S100A8"
"ENSG00000143549.21",20167.9771582608,0.220482156621314,0.0535220847694448,4.11946129473613,3.79759206134192e-05,0.00107103608928269,"TPM3"
"ENSG00000143552.9",101.92973477084,-0.906554786974152,0.199746781884372,-4.53852011242379,5.66503934286381e-06,0.000262682666910814,"NUP210L"
"ENSG00000143553.11",1700.48659398984,0.106374791788171,0.0706967218872358,1.50466370927132,0.132410557781833,0.293075408668587,"SNAPIN"
"ENSG00000143554.14",1742.23306426693,0.0143794539633782,0.112125781864773,0.12824395713664,0.89795591448099,0.945667808325181,"SLC27A3"
"ENSG00000143556.9",37.4193929674046,0.631095905336259,0.388740271182119,1.62343845523686,0.104495709752654,0.251591269173318,"S100A7"
"ENSG00000143569.19",8299.26223130218,0.0227928192213282,0.0587519441961631,0.387950042048425,0.698053004388724,0.823685226833734,"UBAP2L"
"ENSG00000143570.19",34.3491522981029,0.316910655928793,0.0933841371637177,3.39362407314636,0.000689743054370373,0.00846740984850767,"SLC39A1"
"ENSG00000143575.15",4281.90201360798,0.12350695917322,0.0826094308438876,1.49507093695658,0.13489592985539,0.296351444573514,"HAX1"
"ENSG00000143578.16",929.491163330028,0.128456207381119,0.102279907163492,1.25592807955706,0.209142046893893,0.391309776735887,"CREB3L4"
"ENSG00000143590.14",173.62875048966,0.17251953674436,0.143644997725241,1.2010131885995,0.22974608542988,0.415996977332734,"EFNA3"
"ENSG00000143595.13",6.42300894847647,-0.65157283052595,0.23843714761299,-2.7326817026998,0.00628210096392527,0.0391593310975406,"AQP10"
"ENSG00000143603.19",448.994366124726,-0.263704258851805,0.13165010465924,-2.00306911668905,0.0451698703169025,0.145989757543989,"KCNN3"
"ENSG00000143612.21",12425.3833821727,0.136523682591522,0.0757084761515419,1.80328134353476,0.071344041092474,0.196480863602592,"C1orf43"
"ENSG00000143614.10",2338.84264931167,-0.0594403035262137,0.0601052060601932,-0.988937688137802,0.322693629595354,0.516362540138331,"GATAD2B"
"ENSG00000143621.17",10106.1478503529,0.139525012961466,0.0761026395122281,1.83337941831895,0.0667461662011646,0.188272482532862,"ILF2"
"ENSG00000143622.11",2649.27327358964,-0.0543893386475614,0.0786349485082316,-0.691668776789087,0.489145359289109,0.667614333899575,"RIT1"
"ENSG00000143624.14",4346.19457163196,-0.0107740005762936,0.0621846892195026,-0.173258091525761,0.862448563565647,0.926640941065039,"INTS3"
"ENSG00000143627.19",1.99528699074471,-0.376280384321705,0.286923911490202,-1.31142916032132,0.189712812375787,0.368415110967515,"PKLR"
"ENSG00000143630.10",249.489664418541,-0.151934208890663,0.121561318869587,-1.24985653580857,0.211351959239612,0.393895027931281,"HCN3"
"ENSG00000143631.11",20.0625606499503,0.329124209030077,0.189571083681672,1.73615196283176,0.0825369684779775,0.216302211235619,"FLG"
"ENSG00000143632.14",18.1449622047163,0.311649254152881,0.139889877547407,2.22781847848331,0.0258926221135174,0.100658929008096,"ACTA1"
"ENSG00000143633.13",594.491279840711,0.102271108052474,0.0603700634047962,1.69406991287588,0.0902519987668824,0.229073705492553,"C1orf131"
"ENSG00000143641.10",4856.8505093635,0.393173791845245,0.0807363790834401,4.86984673215162,1.11684843840733e-06,8.13637528662917e-05,"GALNT2"
"ENSG00000143643.13",1046.84876283957,-0.15235475589426,0.070241638880298,-2.16900912796033,0.0300819909170761,0.110848890271413,"TTC13"
"ENSG00000143653.10",2924.92050822215,0.312770595974494,0.0847327444573352,3.69126006690343,0.000223145832593604,0.00389997025940899,"SCCPDH"
"ENSG00000143669.14",1954.16249638555,-0.242090304713522,0.104257075577961,-2.32205155737841,0.0202301596544872,0.0858537546688134,"LYST"
"ENSG00000143674.11",810.796961400272,0.108410917016913,0.0878905151276286,1.2334768644772,0.217397903149387,0.401232240675899,"MAP3K21"
"ENSG00000143702.16",1472.39310396026,0.0306186658430827,0.0793531277360315,0.385853295473568,0.699605321824617,0.824640112568843,"CEP170"
"ENSG00000143727.16",3812.75674868394,0.0853044358385002,0.0560587119341207,1.52169810713362,0.128084742127662,0.287140618117046,"ACP1"
"ENSG00000143740.14",1541.86686335766,0.102976978060739,0.0520277072214752,1.97927188339051,0.0477854034374162,0.151159663036723,"SNAP47"
"ENSG00000143742.14",7964.38962356833,0.0158689196975159,0.0724322110750338,0.219086501184908,0.826582665842902,0.905006572739934,"SRP9"
"ENSG00000143748.18",1103.68436346482,-0.0285301193183209,0.0585232252581585,-0.487500803184863,0.625903473787525,0.773762740069365,"NVL"
"ENSG00000143751.10",1758.95856702414,0.00656513426484334,0.0551264706192503,0.119092229034354,0.90520228726085,0.949733654971852,"SDE2"
"ENSG00000143753.13",3583.02813655423,0.20702423270101,0.0594978084461891,3.47952702977702,0.000502299696138189,0.00678145327799219,"DEGS1"
"ENSG00000143756.12",2818.74374413272,0.0946734459629458,0.0618949891660799,1.52958175190746,0.126120289157803,0.284152587597667,"FBXO28"
"ENSG00000143761.16",28037.8637708196,0.19597047043437,0.0638115569681951,3.07108116061242,0.00213285167101602,0.0186620317169872,"ARF1"
"ENSG00000143768.13",46.7912495936841,0.0646610671711611,0.220105530003446,0.293773024104159,0.768931349635089,0.870660525232154,"LEFTY2"
"ENSG00000143771.12",2984.56368601034,0.114683468973144,0.0790746169996452,1.45031962625451,0.146969408532509,0.313035155669684,"CNIH4"
"ENSG00000143772.9",2405.03324967132,-0.145493198022896,0.0884312448130996,-1.64526913909668,0.0999143210623618,0.244214631167257,"ITPKB"
"ENSG00000143774.17",9238.41250340259,0.246518459497962,0.0945551282401921,2.60714002599359,0.00913020147093168,0.0505524359839894,"GUK1"
"ENSG00000143776.18",4175.99792414327,0.0519809930070355,0.108155770700077,0.480612293459425,0.630792076549091,0.776969657799332,"CDC42BPA"
"ENSG00000143786.8",222.311187449728,0.439783043593735,0.130266137362145,3.37603503488493,0.000735385542752512,0.00888037391180972,"CNIH3"
"ENSG00000143793.13",977.849024717867,0.12441165289552,0.0826398933274514,1.5054672493653,0.132203990802284,0.292802753566485,"C1orf35"
"ENSG00000143797.12",3149.42976471674,0.394408052100127,0.107059173434542,3.6840192152359,0.000229584922562014,0.00397895410039414,"MBOAT2"
"ENSG00000143799.14",8519.62063831152,0.116358247337587,0.0691519580587777,1.68264573562307,0.0924436923278682,0.232702846565229,"PARP1"
"ENSG00000143801.18",67.1434943010649,-0.298481096895727,0.109101649788224,-2.73580736382177,0.00622274421678022,0.0388912752410858,"PSEN2"
"ENSG00000143811.19",1775.14099341273,0.0590417729433274,0.0608289137045109,0.970620209167883,0.331737438570034,0.525373672877246,"PYCR2"
"ENSG00000143815.15",3450.37554642325,0.112850150977793,0.0689682406482429,1.63626257415148,0.101784645324753,0.247297394497337,"LBR"
"ENSG00000143816.8",512.746873048684,0.122135400818395,0.125304265540173,0.974710639672823,0.329703813766418,0.52335410850221,"WNT9A"
"ENSG00000143819.12",15164.8313667141,-0.0757577856782293,0.134013039242005,-0.565301601297345,0.571868639729836,0.732728703145222,"EPHX1"
"ENSG00000143839.15",30.9265741075634,-0.22465175036295,0.181891033154703,-1.23508974833233,0.216797104330892,0.400545282713008,"REN"
"ENSG00000143842.15",1560.85200976341,0.0652958118408535,0.109845881462431,0.594431133616839,0.552223790190306,0.717470698411936,"SOX13"
"ENSG00000143845.15",342.557195962285,0.243217249742375,0.135468746469317,1.79537536207632,0.0725939152019251,0.198870173522397,"ETNK2"
"ENSG00000143847.15",241.857930423147,0.0211905260220684,0.162757830360296,0.130196660739205,0.89641083643823,0.945095579433123,"PPFIA4"
"ENSG00000143850.16",2207.39225820841,0.353255175447527,0.132729285296935,2.66147123942725,0.00777999871265202,0.0452119911224164,"PLEKHA6"
"ENSG00000143851.15",752.121090063452,-0.10854614766599,0.111848251338548,-0.970476930724979,0.33180881846697,0.525391394715194,"PTPN7"
"ENSG00000143858.12",189.916921542889,-0.152144492158764,0.21382002941474,-0.711553976375405,0.476741015267085,0.656846685615688,"SYT2"
"ENSG00000143862.8",2540.6537659849,0.155255703463039,0.0598993772773301,2.59194186183632,0.00954358980201336,0.0519683898067437,"ARL8A"
"ENSG00000143867.7",296.817625479674,0.184120615957961,0.138548294226185,1.32892733892038,0.183871943215791,0.361265777839087,"OSR1"
"ENSG00000143869.7",74.1253431623327,-0.410386226357684,0.177145637161889,-2.31666008224996,0.0205222556638149,0.0866729280904881,"GDF7"
"ENSG00000143870.13",9882.79749579382,0.0828144103764967,0.0822487317214466,1.0068776580892,0.313993569694086,0.508057344276109,"PDIA6"
"ENSG00000143878.10",16838.5255713428,-0.0913140461579527,0.117409191627654,-0.777741886236146,0.436721193738713,0.622214809686736,"RHOB"
"ENSG00000143882.12",308.082892680536,-0.14937915660253,0.206540383742282,-0.72324430649322,0.469529802567592,0.650445780135682,"ATP6V1C2"
"ENSG00000143889.16",1893.69953829377,-0.0822117275572304,0.0482313753221433,-1.70452795526,0.0882824979774668,0.225801709339297,"HNRNPLL"
"ENSG00000143891.17",2042.72568559867,0.0180597392787312,0.0875373599022565,0.206308932539164,0.836549601466696,0.911011434805845,"GALM"
"ENSG00000143919.15",244.703205414237,-0.0245694515901288,0.0737515961487967,-0.333137896304766,0.739030194480792,0.851019251181601,"CAMKMT"
"ENSG00000143921.9",4.30976798872523,-0.353018099827499,0.224141149384058,-1.57498121517443,0.115260780587296,0.267842337411379,"ABCG8"
"ENSG00000143924.19",5937.70820743511,0.00499861817994243,0.0711038459285428,0.0703002504951123,0.943954683135898,0.97075173790105,"EML4"
"ENSG00000143933.19",26212.8270682665,0.0228869442550139,0.0798984344524926,0.28645047192536,0.774533122404333,0.874238243972317,"CALM2"
"ENSG00000143942.5",194.701545644814,0.0117055028436248,0.107102408523478,0.109292620072674,0.912970399861162,0.953840507133497,"CHAC2"
"ENSG00000143947.14",20579.614384991,0.0534261256392617,0.0789741311866133,0.676501594085506,0.498722234290054,0.675490225669131,"RPS27A"
"ENSG00000143951.16",300.848089034112,-0.251949954205205,0.0809267713744437,-3.11330786989446,0.00185002920790638,0.0169911785982971,"WDPCP"
"ENSG00000143952.20",2021.31369191572,-0.0370732096185536,0.0521734772127324,-0.710575786762135,0.477347151958841,0.657544149605801,"VPS54"
"ENSG00000143970.17",2447.98992161766,-0.0649564302776585,0.061974718138789,-1.0481117498944,0.294587123381256,0.487120745938817,"ASXL2"
"ENSG00000143971.9",771.004936633402,-0.0723707574352613,0.0533225142146615,-1.35722702691619,0.174709085662841,0.350057575845836,"ETAA1"
"ENSG00000143977.14",2127.85903088459,0.0854593944862644,0.103044431687019,0.82934509984813,0.406909157600557,0.596502632579717,"SNRPG"
"ENSG00000143994.14",33.4118040205715,-0.0837111805404814,0.151092085552151,-0.554040803888352,0.579550920891568,0.73853589563052,"ABHD1"
"ENSG00000143995.20",680.326180512684,-0.171491855497874,0.0970887716273537,-1.7663407685916,0.0773386957823488,0.207029533423897,"MEIS1"
"ENSG00000144021.3",4185.4507964843,0.0939913073817138,0.041648830810842,2.2567574059545,0.0240232376031003,0.0959114581508598,"CIAO1"
"ENSG00000144026.12",838.779011870428,-0.159617979941494,0.0783180178240845,-2.03807481823688,0.04154245108179,0.137948615985042,"ZNF514"
"ENSG00000144028.15",12799.6047957244,0.0102715040315976,0.0604134383783778,0.170020186026587,0.864994261618195,0.927979965377762,"SNRNP200"
"ENSG00000144029.12",2477.51208412869,0.0854065408438791,0.0528003908556966,1.61753614811858,0.105762599364039,0.253448083252498,"MRPS5"
"ENSG00000144031.12",48.3952152236352,-0.197858227383649,0.11207655299623,-1.76538465980752,0.0774991397648232,0.207259929326874,"ANKRD53"
"ENSG00000144034.16",758.715167705888,0.093279352093786,0.0691620460165599,1.34870723852576,0.177431019594153,0.353360345000668,"TPRKB"
"ENSG00000144036.16",1318.81190757831,0.117487646507815,0.0695460606686384,1.68935012822078,0.0911523522383771,0.230608052424431,"EXOC6B"
"ENSG00000144040.13",719.890867008713,0.0553891362313156,0.0696892380689875,0.794801862756545,0.426728767268648,0.61414554376661,"SFXN5"
"ENSG00000144043.12",3805.91305241207,0.00479503938236647,0.0527516766157956,0.0908983313893511,0.927573376063662,0.961940499492208,"TEX261"
"ENSG00000144045.14",50.62695672415,0.763954434232725,0.226042822439956,3.37968897214445,0.000725679009912619,0.00878866179593337,"DQX1"
"ENSG00000144048.10",1135.69752657969,0.0799136579117973,0.058761996058127,1.35995478834223,0.173844231544179,0.348956710526972,"DUSP11"
"ENSG00000144057.15",120.665854657573,-0.0622163278412765,0.198430768021171,-0.313541737814765,0.753869115875981,0.860632441362553,"ST6GAL2"
"ENSG00000144061.14",399.526662496736,-0.39189653665843,0.0925973691755553,-4.23226426568808,2.31350346106215e-05,0.000743103752284724,"NPHP1"
"ENSG00000144063.4",1164.38677941133,-0.238509770072655,0.136617888054016,-1.74581655059953,0.0808428340975852,0.213526416153186,"MALL"
"ENSG00000144115.17",1459.07769400636,0.138971290879855,0.140443865143612,0.989514855189643,0.322411305388206,0.516134038096338,"THNSL2"
"ENSG00000144118.14",3790.49857219708,0.160140810712204,0.0756905744843003,2.11572988847403,0.0343677870449908,0.121169833113298,"RALB"
"ENSG00000144119.4",61.8671378588649,-0.548506524311084,0.374716578058638,-1.46379038566383,0.143251230174492,0.308120732087862,"C1QL2"
"ENSG00000144120.13",488.099862428366,0.0305667405362144,0.0832650081562313,0.367101874041273,0.713543029458768,0.834656316484111,"TMEM177"
"ENSG00000144130.11",9.83224138922183,-0.105295907270851,0.177914896605224,-0.591833001507975,0.553962421860527,0.719000074500118,"NT5DC4"
"ENSG00000144134.18",360.204832004672,-0.257600570454535,0.0787147535764964,-3.27258307687128,0.00106569548668506,0.0114873603613215,"RABL2A"
"ENSG00000144136.11",3744.71857634085,0.171265865638176,0.0879747437624793,1.94676174449081,0.0515633053144607,0.158924007020398,"SLC20A1"
"ENSG00000144152.13",333.007716019354,-0.106432449192302,0.132984275626062,-0.800338601622186,0.423514643679499,0.611097843281644,"FBLN7"
"ENSG00000144158.4",4.40451761776662,0.0197415227734457,0.18785262537485,0.105090481083522,0.916304012473717,0.95562790111479,"SNRPA1P1"
"ENSG00000144161.13",449.445839400996,-0.176553491963963,0.0708691314099758,-2.49126084165765,0.0127290630984099,0.0629349427301871,"ZC3H8"
"ENSG00000144182.17",180.900263053583,-0.0787656172157637,0.0605620101685543,-1.30057798604349,0.193402946277977,0.372882988352594,"LIPT1"
"ENSG00000144191.12",229.110761688162,-1.17276962546043,0.296353031230395,-3.95733973292373,7.57891039103347e-05,0.00180432060786529,"CNGA3"
"ENSG00000144199.12",330.914752908482,-0.112102163586969,0.0967236193521769,-1.15899471440164,0.246458339541972,0.435660500941625,"FAHD2B"
"ENSG00000144214.10",42.25110066002,-0.137978770407083,0.124300688706022,-1.11004027285328,0.266981672643513,0.458578178162333,"LYG1"
"ENSG00000144218.19",500.031467621124,-0.431705091247874,0.200220579944647,-2.15614744182253,0.0310721540144453,0.113417961144932,"AFF3"
"ENSG00000144224.17",7476.22778362546,-0.0447049373784642,0.0462984086104967,-0.965582591716311,0.334253089684941,0.527807252650386,"UBXN4"
"ENSG00000144227.5",5.67661331227041,-0.955719786731639,0.266006591017457,-3.59284250467657,0.000327090301301669,0.0050989582527973,"NXPH2"
"ENSG00000144228.9",1501.09555466788,-0.0680217311004653,0.0568739280295026,-1.19600902306554,0.231693037949589,0.418339189351681,"SPOPL"
"ENSG00000144229.12",51.8188888721714,-0.18270146387434,0.17671744308824,-1.03386208334348,0.301200643002196,0.494081247904617,"THSD7B"
"ENSG00000144230.16",38.4767538773408,-0.569738426452726,0.199178364358614,-2.8604433432686,0.00423049136770992,0.029897208470636,"GPR17"
"ENSG00000144231.11",1681.58188982758,0.00107214773299302,0.0529132735981981,0.0202623587634073,0.983834082973188,0.992148425650522,"POLR2D"
"ENSG00000144233.10",1622.75254217295,0.00470892124739423,0.0387612911272792,0.121485149499579,0.903306776562979,0.948483211366831,"AMMECR1L"
"ENSG00000144278.15",247.992910704936,-0.193760164571438,0.234136600276224,-0.827551798150519,0.407924375870457,0.597411715364009,"GALNT13"
"ENSG00000144283.22",3545.82208416531,-0.0932825032128871,0.0608027585300104,-1.53418209088072,0.124984862244923,0.282339599587477,"PKP4"
"ENSG00000144285.22",197.088545253119,-0.720019457190733,0.232944405687915,-3.09094977002955,0.00199517382162468,0.0178760554103282,"SCN1A"
"ENSG00000144290.17",22.032170611952,-0.28687098050082,0.181099294803051,-1.58405354815322,0.113181533928616,0.264784822506177,"SLC4A10"
"ENSG00000144306.15",947.600034118783,-0.0433872957964291,0.0544270960487929,-0.797163526004277,0.425356066073237,0.612834494883862,"SCRN3"
"ENSG00000144320.14",2194.66500679261,-0.0252853914846426,0.0633566039774572,-0.399096382969633,0.689822187324879,0.818483111189945,"LNPK"
"ENSG00000144331.20",779.851194965384,-0.350050720018847,0.223388015932379,-1.56700760583688,0.117112913819161,0.270470656454917,"ZNF385B"
"ENSG00000144339.12",10.9380405817379,-0.252906910458147,0.234237393030378,-1.07970340339874,0.280274277873503,0.472775575479685,"TMEFF2"
"ENSG00000144354.14",1100.8604107979,-0.144251026545407,0.155447457576889,-0.927972890608748,0.353421632087546,0.546994148929931,"CDCA7"
"ENSG00000144355.15",4.75706332396418,0.232513493261063,0.235739528019825,0.986315257412022,0.323978434987462,0.517498154586076,"DLX1"
"ENSG00000144357.18",2272.28714296975,-0.164868642940799,0.0622440444758039,-2.64874566441273,0.00807911070178532,0.0464155017419394,"UBR3"
"ENSG00000144362.12",97.3649151632284,-0.233659459526154,0.0942742991236325,-2.47850646144534,0.0131933721443537,0.064576145075267,"PHOSPHO2"
"ENSG00000144366.16",1692.61164059753,0.191432219418812,0.131554051568158,1.45516019565259,0.145624917583168,0.311386665452563,"GULP1"
"ENSG00000144369.13",444.79791326068,0.0947026376068906,0.143259819487961,0.661055123099951,0.508576963551366,0.683965415456814,"FAM171B"
"ENSG00000144381.18",14961.9786175247,0.189393187276827,0.0883633900789727,2.14334451301112,0.0320854450198486,0.115658371702666,"HSPD1"
"ENSG00000144395.18",114.75634802999,-0.0943930252352412,0.14440826590367,-0.653653893318043,0.51333481433205,0.687855428381105,"CCDC150"
"ENSG00000144401.14",752.685417095035,0.0303030057193583,0.064241369490991,0.471705475139472,0.637137028551916,0.781123990704778,"METTL21A"
"ENSG00000144406.19",14.8313754461457,-1.16976114957436,0.215472411213371,-5.42882099377447,5.67275448030622e-08,9.21282999574805e-06,"UNC80"
"ENSG00000144407.9",27.9583521313604,-0.315725025367283,0.246386452699826,-1.28142201775977,0.200045474614953,0.380664951209169,"PTH2R"
"ENSG00000144410.5",6.46785134930773,-0.069026937258528,0.175749116574963,-0.392758374003466,0.694497951771591,0.821495342438323,"CPO"
"ENSG00000144426.18",989.475680293805,-0.442942712184084,0.143243722140465,-3.09223123753888,0.00198658033537691,0.0178218401530684,"NBEAL1"
"ENSG00000144445.17",844.540211738696,-0.306989308800646,0.0834852852525825,-3.6771666752034,0.000235838950033108,0.00405986875049237,"KANSL1L"
"ENSG00000144451.19",685.843124456524,0.0540867117355511,0.085330804202616,0.633847439280233,0.526180390198448,0.697628806746202,"SPAG16"
"ENSG00000144452.15",611.150301689706,0.346303491658373,0.22761299372091,1.52145747919382,0.128145074033521,0.287202551494142,"ABCA12"
"ENSG00000144455.14",2211.16740241872,0.190744778550982,0.0670094983961134,2.84653344848863,0.00441980857148385,0.0307873739175389,"SUMF1"
"ENSG00000144460.12",57.7048025874261,-0.265052392477145,0.206801847044937,-1.28167323582729,0.199957297466111,0.380616867615513,"NYAP2"
"ENSG00000144468.17",1370.47866108524,0.0429781650934988,0.0438191890868701,0.980806947574862,0.326687951516627,0.520237493848239,"RHBDD1"
"ENSG00000144476.6",1318.65276592238,-0.148253425578502,0.153415386766461,-0.966353041264258,0.333867553170796,0.527423603687559,"ACKR3"
"ENSG00000144481.17",312.19589537805,-0.047582886980011,0.282891375072807,-0.168201971402503,0.866424390087506,0.928693690619359,"TRPM8"
"ENSG00000144485.11",937.446043747257,-0.330484625979459,0.190517050635244,-1.73467217174273,0.0827988880579534,0.216732713272541,"HES6"
"ENSG00000144488.15",73.2364260557077,-0.00392890241960233,0.186070319543871,-0.021115148451583,0.983153800872282,0.991791932214468,"ESPNL"
"ENSG00000144504.15",675.02267431132,-0.233419651942555,0.0799539318962886,-2.91942680499231,0.00350675735535237,0.0263423022482412,"ANKMY1"
"ENSG00000144524.18",1668.84577238245,0.0397655181458669,0.0565818791134976,0.702795997038226,0.482182892211229,0.66194398011526,"COPS7B"
"ENSG00000144535.20",1103.41421999358,0.0213526445039963,0.0469601130909065,0.454697467671369,0.649326902947524,0.790075308085371,"DIS3L2"
"ENSG00000144550.13",11.6871752722498,-0.154781244377245,0.144539334741258,-1.07085897866018,0.28423284302497,0.476843741135315,"CPNE9"
"ENSG00000144554.12",599.279993763449,0.0110928112964812,0.0927138592515505,0.119645664478105,0.904763844497678,0.949368602394151,"FANCD2"
"ENSG00000144559.10",309.566211602434,-0.0312167625365866,0.06397576288136,-0.487946702479759,0.625587593109266,0.773544577061719,"TAMM41"
"ENSG00000144560.15",1588.44186260068,0.0404038021235809,0.0552363863516797,0.731470771211164,0.464491651381043,0.646288082620267,"VGLL4"
"ENSG00000144566.11",2484.56530478525,0.0410635381513399,0.0423696679087432,0.969172999887171,0.332458880058153,0.525971939449539,"RAB5A"
"ENSG00000144567.11",5471.51263528158,0.0923038048808584,0.0494273949790988,1.86746246529664,0.061837033730959,0.1792807008002,"RETREG2"
"ENSG00000144579.8",6238.86248184729,0.0865104322905377,0.0571326366788269,1.51420339265732,0.129974261498797,0.289776541088826,"CTDSP1"
"ENSG00000144580.14",2613.87645216176,0.0578450747214707,0.0459419277416946,1.25909115191467,0.207997409965993,0.389869258529321,"CNOT9"
"ENSG00000144583.5",34.158042674773,0.853869315824426,0.21132493321316,4.04055168901033,5.33256099898912e-05,0.00138376425050152,"MARCHF4"
"ENSG00000144589.22",1047.62193745232,-0.00366022996231601,0.0667817625408661,-0.0548088253896592,0.956290769328939,0.977643606758941,"STK11IP"
"ENSG00000144591.19",2321.34956913913,0.106521972213827,0.0695617816992341,1.531328979962,0.125688106703582,0.283428212983091,"GMPPA"
"ENSG00000144596.13",52.1289591239975,0.0427798381352757,0.156001737618646,0.274226677140309,0.783910428236096,0.88012913485751,"GRIP2"
"ENSG00000144597.14",1069.06004285578,0.0240628946527987,0.047679549289287,0.504679574607584,0.613783909362367,0.764930229510933,"EAF1"
"ENSG00000144619.15",184.432816762459,-0.183014562339768,0.168219698591104,-1.08794965079938,0.276617335401214,0.469317685752057,"CNTN4"
"ENSG00000144635.9",1647.15363226485,0.0373408925236484,0.0461677040894188,0.808809821933653,0.418624545726441,0.606997386911302,"DYNC1LI1"
"ENSG00000144642.22",991.948662838851,-0.0685130951887863,0.140814068543037,-0.486550072003967,0.626577212981084,0.7742793835565,"RBMS3"
"ENSG00000144644.14",8.22822584919871,-0.206924335672457,0.244803275661592,-0.845267838484735,0.397961313519531,0.588274422414073,"GADL1"
"ENSG00000144645.14",1296.69885441511,0.14252930713307,0.081146593877128,1.75644226483353,0.0790129215051735,0.210076441117373,"OSBPL10"
"ENSG00000144647.6",733.062994289519,0.0468899078195843,0.0764568922406162,0.613285557984987,0.539687540955205,0.707812381367801,"POMGNT2"
"ENSG00000144648.16",273.374076543238,0.29072602745184,0.203732586415527,1.42699816738636,0.153580422864883,0.322108669424251,"ACKR2"
"ENSG00000144649.9",85.7019826782436,-0.135623104075834,0.140626086007706,-0.964423514342868,0.334833637866174,0.528333662774971,"GASK1A"
"ENSG00000144655.15",3286.77370140995,-0.0876401139633686,0.145854874707731,-0.600872025285304,0.547925227024457,0.714440348858765,"CSRNP1"
"ENSG00000144659.13",1446.46127439551,0.00245842989659532,0.0547315970201973,0.0449179273114961,0.96417272733794,0.982300633064757,"SLC25A38"
"ENSG00000144668.12",1449.1942757625,-0.331725793386442,0.123132720391147,-2.6940507148114,0.00705894230972177,0.0424098708742306,"ITGA9"
"ENSG00000144671.10",5.5399017648851,-0.297604674801455,0.181265627065616,-1.64181527198053,0.100628293092268,0.245275478579757,"SLC22A14"
"ENSG00000144674.16",4541.43900022359,-0.138998706834987,0.070489611130498,-1.97190344230525,0.0486206302742571,0.152940914939611,"GOLGA4"
"ENSG00000144677.15",2601.45019922235,-0.0431795276888475,0.0854643365911796,-0.505234456980549,0.613394171644505,0.76474809864869,"CTDSPL"
"ENSG00000144681.10",442.681441412817,0.208662160593635,0.177650658314243,1.17456452215637,0.240168984067271,0.428094334861957,"STAC"
"ENSG00000144711.16",3268.02360372323,-0.0256947670208965,0.072679985795886,-0.353532911977412,0.723688959494165,0.841268055023714,"IQSEC1"
"ENSG00000144712.12",212.679926547191,0.0679413808013461,0.120114762509191,0.565637223785439,0.571640417967773,0.732630303878974,"CAND2"
"ENSG00000144713.13",29354.9744632139,0.174786384839079,0.0904361839075322,1.93270411562027,0.0532726579149129,0.162312415375044,"RPL32"
"ENSG00000144724.20",2198.12135641342,-0.0278351234500369,0.113283093961325,-0.245712952186315,0.80590444513709,0.893204723590969,"PTPRG"
"ENSG00000144730.19",349.966019662877,-0.0568991427347876,0.134625830184606,-0.422646550493055,0.672553157862025,0.807010462217991,"IL17RD"
"ENSG00000144736.14",798.735915758303,0.0514134584829573,0.0485667327355882,1.05861472631621,0.289775277445024,0.482141794153937,"SHQ1"
"ENSG00000144741.18",782.420049557524,0.0724873041106626,0.0523024535390403,1.38592550073307,0.165769653181043,0.337758204611778,"SLC25A26"
"ENSG00000144744.17",2065.51852586983,-0.00829965708142055,0.0549852883411959,-0.150943231031532,0.880020497719284,0.93581584357251,"UBA3"
"ENSG00000144746.7",9230.6299126966,0.166890638049226,0.0798942556617655,2.08889408464812,0.0367172584539128,0.127058277279505,"ARL6IP5"
"ENSG00000144747.17",2216.11788338577,-0.12061617167452,0.0609175051770012,-1.97999197971189,0.0477044299001424,0.151039629308051,"TMF1"
"ENSG00000144749.14",3133.04054116648,-0.374191727606198,0.0908338950901217,-4.11951647823689,3.79668273523731e-05,0.00107103608928269,"LRIG1"
"ENSG00000144791.10",1641.37668179768,-0.31801657662686,0.0915992300195138,-3.47182587188901,0.000516931516069921,0.00689511256591181,"LIMD1"
"ENSG00000144792.9",119.236245378659,-0.439988928971165,0.123560645526403,-3.56091478072723,0.000369565022413657,0.00553810704811916,"ZNF660"
"ENSG00000144802.11",2950.86595060677,-0.154171022183501,0.122137290984823,-1.26227641812245,0.206849339174756,0.388404848044259,"NFKBIZ"
"ENSG00000144810.16",7007.06792627469,0.0356483932312529,0.123320255785073,0.289071677676231,0.772526526735872,0.872809701713244,"COL8A1"
"ENSG00000144815.16",980.767649586122,-0.154819780279536,0.095334881725383,-1.62395733311446,0.104384914958156,0.251413367120153,"NXPE3"
"ENSG00000144820.8",2.84114745552227,0.250323585566043,0.34583993536235,0.723813417625612,0.469180290754659,0.650307270907401,"ADGRG7"
"ENSG00000144821.10",54.7614683715197,0.411038487422066,0.178010942420938,2.30906303754122,0.0209400834719787,0.0876812805629989,"MYH15"
"ENSG00000144824.21",1637.81816266733,0.175762781599569,0.139931426862725,1.25606367018608,0.209092886608281,0.391239783839122,"PHLDB2"
"ENSG00000144827.9",1154.470659669,0.0946246181652929,0.0528720281003158,1.78969147893776,0.0735035230077359,0.200454848582614,"ABHD10"
"ENSG00000144834.14",15.6249666847866,-0.16495523453763,0.276051385624516,-0.597552641021701,0.550138472426318,0.715905177253238,"TAGLN3"
"ENSG00000144837.9",394.801221312138,-0.353888250280304,0.156114999003727,-2.26684336891842,0.0233997957346605,0.0941904726628041,"PLA1A"
"ENSG00000144840.10",1196.49912522694,-0.0241019315534243,0.0526805306247223,-0.45751117666445,0.647303670712119,0.78859342465671,"RABL3"
"ENSG00000144843.11",825.04800544753,0.00285477046470802,0.102296422562947,0.0279068455492797,0.977736448612412,0.988897889845134,"ADPRH"
"ENSG00000144847.13",34.9952407036606,0.225280758405667,0.211498458368988,1.06516501417062,0.286801262649017,0.479317024113937,"IGSF11"
"ENSG00000144848.11",2034.66931412659,0.0508501706455209,0.0474579721590226,1.07147794842838,0.283954580739219,0.476665146803349,"ATG3"
"ENSG00000144852.19",16.3583232374442,-0.317507657130263,0.178947158428867,-1.77430957785493,0.0760119571645682,0.204598490329871,"NR1I2"
"ENSG00000144857.14",322.977890965415,0.0449099142138477,0.119919353380692,0.374500970425335,0.708031634746199,0.830690249695359,"BOC"
"ENSG00000144867.13",3302.12128987837,0.141467624740082,0.0776922505638158,1.82087175636497,0.0686263534016274,0.191708104027553,"SRPRB"
"ENSG00000144868.14",587.372561939485,-0.242262128571306,0.155193994189092,-1.56102773072603,0.118517208053089,0.272749224886973,"TMEM108"
"ENSG00000144891.18",127.632830007362,-0.173953766328015,0.192954188928932,-0.901528841087173,0.367307206370166,0.55986910481915,"AGTR1"
"ENSG00000144893.12",43.618921055225,-0.359299894946974,0.165370427522178,-2.17269738205634,0.0298031009545097,0.110162611311035,"MED12L"
"ENSG00000144895.12",4139.01294848109,0.0184403509268743,0.0506226271422141,0.364270919307879,0.715655713304672,0.836142019816365,"EIF2A"
"ENSG00000144908.14",187.049544528251,-0.0229224603065237,0.213900694338327,-0.107164029445679,0.914658851398605,0.954836037713699,"ALDH1L1"
"ENSG00000144909.8",1266.77875042465,-0.0165038328810819,0.0632929114433136,-0.260753258220125,0.794282792208632,0.88652174062161,"OSBPL11"
"ENSG00000144935.15",282.71815010108,-0.0745713208132725,0.105833162250472,-0.704612044349452,0.481051701012232,0.66098449367727,"TRPC1"
"ENSG00000144959.11",2542.15751546217,0.367074155500327,0.097033434672326,3.78296570393397,0.000154970774357479,0.00299098086416438,"NCEH1"
"ENSG00000145002.12",5.26739734380682,0.260065087720213,0.167633467311264,1.55139121018908,0.120807960387552,0.275918187911284,"FAM86B2"
"ENSG00000145012.13",8760.99824163292,-0.144243849557959,0.107275417877677,-1.34461232975514,0.178750459545698,0.354785336387926,"LPP"
"ENSG00000145014.18",646.549580290384,0.115966822313307,0.0832418244521978,1.39313167480971,0.163579976316731,0.335088926069391,"TMEM44"
"ENSG00000145016.16",607.872345476761,-0.00924636658178457,0.0702967352335715,-0.131533371372968,0.895353389352908,0.94454257241185,"RUBCN"
"ENSG00000145020.16",12.863071240461,-0.155511098595128,0.141490977088616,-1.09908844927781,0.271729487643537,0.46371878784747,"AMT"
"ENSG00000145022.4",1681.28260218253,-0.106507170488185,0.0786186915952654,-1.35473089575811,0.175503310561409,0.350933069500349,"TCTA"
"ENSG00000145040.4",20.8815160375217,0.83995255148872,0.264123149689115,3.18015498632885,0.00147196303015946,0.0143712801064806,"UCN2"
"ENSG00000145041.15",1634.0761167942,-0.0721950747756367,0.0438556159385021,-1.64619908375873,0.0997227778553301,0.243979309460428,"DCAF1"
"ENSG00000145050.19",3633.66492236135,0.0209118095136122,0.0865975559418309,0.241482675650327,0.809181042073303,0.895089552037151,"MANF"
"ENSG00000145063.15",10.2103974175666,-0.101044512898782,0.171633048236814,-0.588724106090358,0.55604636427508,0.720805653771376,"AC062028.1"
"ENSG00000145087.13",23.3432718583103,-0.189948976120782,0.343054253037527,-0.553699522565033,0.579784502075008,0.738696040277699,"STXBP5L"
"ENSG00000145088.9",191.276061158428,-0.243119288718257,0.0946101306078315,-2.56969615363931,0.0101787748465946,0.054375472718751,"EAF2"
"ENSG00000145103.15",697.50185298315,0.0175096897210338,0.0905882215644796,0.193288811929823,0.846732787900083,0.916905991463895,"ILDR1"
"ENSG00000145107.16",26.1526156365253,0.645189069173403,0.194949246184799,3.30952328259739,0.000934549930906403,0.0104902126937515,"TM4SF19"
"ENSG00000145113.22",6026.61963745212,-0.041041618713263,0.207765873914497,-0.19753782437896,0.84340668495338,0.914911171423312,"MUC4"
"ENSG00000145147.20",1651.53383482664,-0.110601304464436,0.15128378758896,-0.731084977624576,0.464727249497322,0.646478265053038,"SLIT2"
"ENSG00000145191.15",2536.91346622663,0.0397588700436644,0.0500182632018386,0.794887057217991,0.426679203692372,0.614144499835106,"EIF2B5"
"ENSG00000145192.13",4.30296364952411,0.799999604529749,0.321567838483435,2.48780975206561,0.0128532469961838,0.0634054159496143,"AHSG"
"ENSG00000145198.14",36.1117938141431,-0.456543125023597,0.196677033341954,-2.32128336118343,0.0202715556447382,0.0859636864195987,"VWA5B2"
"ENSG00000145214.14",1272.58690461423,0.111391681919787,0.0842778145617918,1.32172010509499,0.186261371247914,0.364277374441017,"DGKQ"
"ENSG00000145216.16",587.500852486752,0.137667852170348,0.0484685713490528,2.84035300275131,0.00450636364582226,0.0312108102476306,"FIP1L1"
"ENSG00000145217.14",186.394957550644,-0.0266241696740944,0.105423512813455,-0.252544892155183,0.800619919372213,0.89018831932862,"SLC26A1"
"ENSG00000145220.14",834.691270685617,0.303183902331987,0.0730892382763037,4.148133288595,3.35197235765881e-05,0.000978922944767849,"LYAR"
"ENSG00000145241.11",902.127240066832,-0.212184471428962,0.0662731367197207,-3.20166634523914,0.00136635159756504,0.0136565427012107,"CENPC"
"ENSG00000145242.13",8.68693084869712,-0.329451234680225,0.297541718525451,-1.10724383899142,0.268188518351071,0.459934227885811,"EPHA5"
"ENSG00000145244.12",191.552873401381,0.0454597416228612,0.149315731848142,0.304453797735761,0.760782187052478,0.865102454489194,"CORIN"
"ENSG00000145246.14",1008.79492569356,0.135184319156626,0.0895503305880106,1.5095903975895,0.131147973071489,0.291417571078494,"ATP10D"
"ENSG00000145247.12",4932.54510496505,0.323216350980976,0.119711711186976,2.69995598405698,0.00693486503514099,0.0419405016557582,"OCIAD2"
"ENSG00000145248.7",57.6626053648766,-0.480983456099439,0.208486607506714,-2.30702327526697,0.0210535225958414,0.0880129241315104,"SLC10A4"
"ENSG00000145283.8",13.5531766466126,0.0659110757076686,0.154776680620482,0.425846293145963,0.670219851806264,0.805517112240928,"SLC10A6"
"ENSG00000145284.12",990.798889057263,0.173967164094129,0.146635476051225,1.18639205722193,0.235467506956808,0.422746964468994,"SCD5"
"ENSG00000145287.11",926.579105497344,0.243396645490431,0.178084488132043,1.36674815444881,0.171704258474346,0.346014186045369,"PLAC8"
"ENSG00000145293.16",2155.559688077,0.171228622608325,0.0593284794952782,2.88611176394554,0.0039003362425022,0.0282536759185435,"ENOPH1"
"ENSG00000145321.13",1.83131490093162,-0.554500266588231,0.497445548554186,-1.11469540374795,0.264980971307046,0.456673127535226,"GC"
"ENSG00000145331.14",357.254747756805,0.17243002879712,0.0744701233037287,2.31542558475241,0.0205896526972649,0.086826004718181,"TRMT10A"
"ENSG00000145332.14",1079.55018081193,-0.0504488991994861,0.0600700531795263,-0.839834435450119,0.401001222969611,0.591228630987435,"KLHL8"
"ENSG00000145335.17",101.893684051672,0.00520916264875512,0.143215311032743,0.0363729451215182,0.970984986565233,0.985459186614934,"SNCA"
"ENSG00000145348.17",1024.47207629312,-0.0654616928611205,0.0653764011665424,-1.00130462511023,0.31667955754197,0.510731502777682,"TBCK"
"ENSG00000145349.17",3287.5085790278,-0.00437941118904886,0.0847752240833973,-0.0516590930475233,0.958800332710465,0.979282221278423,"CAMK2D"
"ENSG00000145354.12",1194.53723208021,0.0643010253481504,0.0615272740189568,1.04508165481765,0.295985232022422,0.488655971919195,"CISD2"
"ENSG00000145358.6",484.966721069763,0.0513513582529924,0.203617886458223,0.252194731740958,0.800890549963022,0.890326104187774,"DDIT4L"
"ENSG00000145362.20",725.116124574554,-0.673879340536084,0.156332104810617,-4.31056270465001,1.62839644418076e-05,0.000566670770907223,"ANK2"
"ENSG00000145365.11",757.368822326605,0.0220893486515682,0.0694420898001569,0.318097406272446,0.750411051027486,0.85841917594088,"TIFA"
"ENSG00000145375.9",485.739614089345,-0.00848812514903655,0.0762346347634512,-0.111342110779102,0.911345063411482,0.95284399070937,"SPATA5"
"ENSG00000145384.4",1.93947530076866,0.158737905004191,0.333184439776567,0.476426525532346,0.633770540914532,0.778745990724027,"FABP2"
"ENSG00000145386.11",842.732019203024,0.326890488854487,0.148535297005373,2.20075965406837,0.0277530432067839,0.105128836695972,"CCNA2"
"ENSG00000145388.15",990.978494913826,-0.0562906824888185,0.0413403933283438,-1.36163877401293,0.173311912246001,0.348266145244212,"METTL14"
"ENSG00000145390.11",2125.2876476983,-0.156062753061529,0.0882135260464732,-1.76914765859502,0.0768692363299091,0.206238011534504,"USP53"
"ENSG00000145391.13",4798.57995478862,0.133136182771514,0.0689749830868812,1.93020971971555,0.0535808577227407,0.162954918805445,"SETD7"
"ENSG00000145414.9",452.201085176397,0.0639768759957592,0.0513986720235923,1.24471846211111,0.213235257151206,0.396105526873999,"NAF1"
"ENSG00000145416.13",911.365987688653,-0.184391368947092,0.109232691193751,-1.68806029524649,0.0913996551977846,0.231017971492548,"MARCHF1"
"ENSG00000145423.5",6243.74263160518,0.0080468429558187,0.175087011802345,0.0459591084054981,0.963342842212698,0.981713291882074,"SFRP2"
"ENSG00000145425.10",12687.2997515286,0.118731958530832,0.12403937673445,0.957211827861891,0.33846034827829,0.531952998877832,"RPS3A"
"ENSG00000145428.15",102.583348966029,-0.308109611776181,0.135702121136904,-2.27048486195246,0.0231781807539776,0.0936163401122712,"RNF175"
"ENSG00000145431.11",1805.02797457983,0.247335850822827,0.102143930798272,2.42144441563836,0.0154589650202534,0.0717447830269202,"PDGFC"
"ENSG00000145439.12",858.134269380784,-0.0306800967642945,0.0683984623659865,-0.448549509784758,0.653756663280211,0.793290833202903,"CBR4"
"ENSG00000145451.13",68.8017326160356,-0.385647657149745,0.258168874135577,-1.49378060558618,0.135232972303309,0.296817834614138,"GLRA3"
"ENSG00000145476.16",1234.97901595906,-0.0328347367556566,0.0901845758647057,-0.364083729848827,0.715795485977617,0.836204046270143,"CYP4V2"
"ENSG00000145491.12",135.427949220752,-0.790981716126417,0.217641706635426,-3.63432968962792,0.000278704287791052,0.00453071379561889,"ROPN1L"
"ENSG00000145494.12",2647.07850046349,0.219797106829111,0.0954386907352263,2.30301888192169,0.0212777807397302,0.0885612144227827,"NDUFS6"
"ENSG00000145495.16",8768.1692516448,-0.181080822260419,0.0712367113813201,-2.54195931773322,0.0110233003122133,0.0573211269381158,"MARCHF6"
"ENSG00000145506.14",551.438159183916,0.0390696990366532,0.134923307931183,0.289569679514383,0.772145465845944,0.87264871345089,"NKD2"
"ENSG00000145526.12",21.1968535435998,-2.06295043946113,0.397628011532706,-5.1881416289291,2.12403041404285e-07,2.45539390884475e-05,"CDH18"
"ENSG00000145536.15",276.485279051986,0.09793024984162,0.176889441421164,0.553624054973715,0.579836159878543,0.738729728717141,"ADAMTS16"
"ENSG00000145545.12",1336.54670144405,0.0919229146326678,0.108306580130832,0.848728807812295,0.396032212446947,0.586565547194528,"SRD5A1"
"ENSG00000145555.15",4909.92856017765,-0.0266799339086222,0.0860573822176506,-0.31002493012331,0.756541998249401,0.862262597915762,"MYO10"
"ENSG00000145569.6",2080.79079542902,-0.194528719707104,0.141005140789723,-1.37958601096112,0.167714147050788,0.340349845577065,"OTULINL"
"ENSG00000145592.14",31362.0061655968,0.00930798505528598,0.087604821450495,0.106249689242799,0.915384247716898,0.955117455159793,"RPL37"
"ENSG00000145604.17",1122.53784480062,-0.12816224818561,0.112130835474625,-1.14297059897153,0.253050798315772,0.443248288963381,"SKP2"
"ENSG00000145623.13",10221.8916239427,-0.0571247659101124,0.111249859256015,-0.513481691501771,0.607614414534541,0.760271598883737,"OSMR"
"ENSG00000145626.12",40.8855472206558,-4.87470147291224,0.527297647423418,-9.24468655745372,2.35931183877908e-20,1.9637142262118e-16,"UGT3A1"
"ENSG00000145632.15",2506.13165177232,0.250367136703122,0.115100790722718,2.1751991027261,0.0296151993997597,0.109711676156248,"PLK2"
"ENSG00000145642.12",4.32691819771781,-1.08919785850604,0.288453319978945,-3.7759934903351,0.000159371152967527,0.00305465964061478,"SHISAL2B"
"ENSG00000145649.8",591.713287937196,-0.090385791624532,0.15478318746217,-0.583950964613796,0.559253303116994,0.723238832341247,"GZMA"
"ENSG00000145675.15",2617.52239218916,-0.0505502248082428,0.0938974920621762,-0.538355430992448,0.590331689668271,0.747053047566525,"PIK3R1"
"ENSG00000145681.11",99.1809290758681,-0.385875446924127,0.229715742027837,-1.67979540068859,0.0929971303400821,0.2336190643939,"HAPLN1"
"ENSG00000145685.14",3176.46467234712,0.285258771573398,0.0938564269644605,3.03930994178388,0.00237120765653785,0.0201235321206002,"LHFPL2"
"ENSG00000145687.16",917.788993572555,-0.106917554626271,0.103974701147596,-1.02830355313547,0.303807060212228,0.497034322144752,"SSBP2"
"ENSG00000145692.15",19.9269112514318,-1.02374922588905,0.279363671209299,-3.66457535962885,0.000247749286784041,0.00421047320311438,"BHMT"
"ENSG00000145700.10",22.18864993259,-0.00131539357879733,0.135921936462689,-0.00967756649905006,0.992278539630392,0.9963485665143,"ANKRD31"
"ENSG00000145703.16",1106.40030668467,-0.121553225716957,0.124735847872052,-0.974485104247178,0.32981573164619,0.523456888673147,"IQGAP2"
"ENSG00000145708.11",13.4485168072295,-0.0639982944229011,0.168762841146436,-0.379220295108503,0.704524281834846,0.828121978362078,"CRHBP"
"ENSG00000145715.15",1790.02828209675,0.119455330069595,0.0841669814415342,1.41926594043977,0.155821497934669,0.325210953531779,"RASA1"
"ENSG00000145721.12",5.43081924134106,-0.395904129264499,0.218215142057306,-1.81428348890898,0.0696340922078752,0.193435780715627,"LIX1"
"ENSG00000145723.17",239.273359644788,-0.0173698447073032,0.0591674626732581,-0.293570890528551,0.769085822087793,0.870805818078114,"GIN1"
"ENSG00000145725.20",1824.90590661567,-0.0792098761965596,0.0664644806809685,-1.1917625081097,0.233354380419717,0.420204266192986,"PPIP5K2"
"ENSG00000145730.20",11443.6786694416,0.0986785978341678,0.0913197520362352,1.08058328711857,0.279882520151826,0.472531650150162,"PAM"
"ENSG00000145734.19",1845.20373497636,-0.130678668012085,0.0874283640059427,-1.4946941933307,0.134994270422769,0.296449617421303,"BDP1"
"ENSG00000145736.14",131.735299242339,-0.0719026367496093,0.116397527864693,-0.617733366581401,0.536751113442023,0.705195395796758,"GTF2H2"
"ENSG00000145740.19",2201.48540868762,0.0388179306910916,0.0516674861110627,0.751302871745103,0.452470401327132,0.635785551903167,"SLC30A5"
"ENSG00000145741.16",15480.2169554927,0.140655217188949,0.0718117220086856,1.9586665415423,0.0501518512431557,0.156035729381092,"BTF3"
"ENSG00000145743.17",1154.93892900278,0.0132345849873358,0.0677060487655213,0.195471235268353,0.84502405424738,0.915830132428075,"FBXL17"
"ENSG00000145757.16",19.4332924476972,-0.0970998879810612,0.116353396152304,-0.834525602105844,0.403984866473798,0.593613322634823,"SPATA9"
"ENSG00000145777.15",40.3227891130159,-0.0778488070100581,0.183779316519783,-0.423599393469711,0.671857997737342,0.80658330876494,"TSLP"
"ENSG00000145779.8",1416.01370627122,0.0507938396050632,0.0932735794845154,0.544568353501385,0.58605042513026,0.743460478732729,"TNFAIP8"
"ENSG00000145780.8",1795.17994370117,0.0787627797252677,0.0739208296881665,1.06550183564669,0.286648895351003,0.479097373441535,"FEM1C"
"ENSG00000145781.9",1018.32851519255,0.0758511843760008,0.0832586020519877,0.911031202861638,0.362278933237278,0.555387074045377,"COMMD10"
"ENSG00000145782.13",1876.21815376484,0.0740895380230023,0.0576937233294675,1.28418714805256,0.199076480935537,0.37973262746573,"ATG12"
"ENSG00000145794.17",60.0680825747729,0.0946191936956043,0.227332767796015,0.416214497421269,0.677253052202185,0.810575758240189,"MEGF10"
"ENSG00000145808.10",5.64832644504624,-1.19358119667833,0.349042031933004,-3.41959158920846,0.000627152162143969,0.00787321905515051,"ADAMTS19"
"ENSG00000145817.17",2932.55559651498,0.13219207951062,0.0567110316217816,2.3309764560842,0.0197546011853918,0.0845903456289711,"YIPF5"
"ENSG00000145819.18",2174.58750299451,-0.0179361571212891,0.106929031398694,-0.167738890801438,0.866788699204266,0.928769617219819,"ARHGAP26"
"ENSG00000145824.13",6241.30329566549,0.276895637303192,0.266749911770575,1.03803459751973,0.299253948139134,0.492270452858155,"CXCL14"
"ENSG00000145832.14",15.5900218473328,0.0670659657186154,0.255345630226137,0.26264779099302,0.792822060944678,0.885425677603273,"SLC25A48"
"ENSG00000145833.16",2873.41296855199,-0.0231003220095106,0.0450234356141359,-0.51307328493292,0.607900058146801,0.760420186311357,"DDX46"
"ENSG00000145850.9",37.1819030269666,0.192214898221248,0.172205591373422,1.11619429246311,0.264338977073528,0.455921483155203,"TIMD4"
"ENSG00000145860.12",9764.95743990083,-0.0372074324600976,0.101035960269963,-0.36825930451575,0.71267989385438,0.833995766107989,"RNF145"
"ENSG00000145861.9",79.740113457444,0.237360468499758,0.1433864551007,1.65538975304926,0.0978454632114044,0.24106926712775,"C1QTNF2"
"ENSG00000145864.14",141.782201067163,-0.610917926564114,0.225908476770739,-2.70427181528074,0.006845426735745,0.0415429807351728,"GABRB2"
"ENSG00000145868.17",2071.4458103529,-0.110295277685912,0.0681903368899806,-1.617461985323,0.105778595059454,0.253454637155939,"FBXO38"
"ENSG00000145879.11",3.69307231363706,-1.05028819091742,0.297340827117188,-3.53227036159243,0.000412007891289558,0.00592782140220539,"SPINK7"
"ENSG00000145882.11",496.148304137176,-0.0205854806375487,0.0746610439940706,-0.275719164055402,0.782763775186645,0.879456626006789,"PCYOX1L"
"ENSG00000145901.16",7417.35226579987,0.24188990944144,0.0664809485482762,3.6384846294091,0.000274246992527065,0.00448673470378554,"TNIP1"
"ENSG00000145907.16",7785.63499274788,0.0762391400736872,0.0559237960012165,1.36326833164238,0.1727979587615,0.347513061451266,"G3BP1"
"ENSG00000145908.12",266.533491681426,-0.0181486859728514,0.145134516359891,-0.125047345235561,0.900486068393636,0.946978954248501,"ZNF300"
"ENSG00000145911.6",354.874601184391,0.0164338410777808,0.0965216182747675,0.170260728855567,0.864805094109079,0.927904734221972,"N4BP3"
"ENSG00000145912.9",1060.37636353165,0.222305094634599,0.0831267692513935,2.67429008292503,0.00748876431390872,0.0440936191472613,"NHP2"
"ENSG00000145916.19",1611.23779440269,-0.02843063042649,0.0534558590226652,-0.531852465684547,0.594828181708648,0.750421169140811,"RMND5B"
"ENSG00000145919.11",1661.71293617249,0.0290326509020726,0.0726291069230565,0.399738508871241,0.689349125599433,0.81814132463218,"BOD1"
"ENSG00000145920.15",335.375857096764,-0.307979541384746,0.408101585714271,-0.754663917430538,0.450450661734153,0.634143256844482,"CPLX2"
"ENSG00000145934.16",58.7726773212702,-1.54704469937525,0.220030736960387,-7.03103903003231,2.05001142846738e-12,2.84379293699852e-09,"TENM2"
"ENSG00000145936.9",242.625395939279,0.164686524268727,0.116521461741223,1.4133578639313,0.157550528220281,0.327505602899464,"KCNMB1"
"ENSG00000145945.7",492.516525216123,0.0662862222199555,0.12013773382505,0.551751894342244,0.581118350103693,0.739627388561902,"FAM50B"
"ENSG00000145949.11",80.654377514686,-0.0314204407138233,0.113571271400148,-0.276658351416346,0.782042454737016,0.879083944229737,"MYLK4"
"ENSG00000145975.15",6.72712172493543,-0.415365422629841,0.217786510389332,-1.90721372911161,0.056492916359537,0.168637914853229,"FAM217A"
"ENSG00000145979.18",745.309536852269,-0.031703804408102,0.0784620048591147,-0.404065693516612,0.686164411638249,0.816457175006156,"TBC1D7"
"ENSG00000145982.13",702.926173094024,0.00927728218558277,0.0582080238992912,0.159381500420524,0.873368313126235,0.9323755762646,"FARS2"
"ENSG00000145990.11",508.198160541991,-0.0598970472163109,0.127389027689554,-0.470190002252622,0.638219276393961,0.78173114929488,"GFOD1"
"ENSG00000145996.11",1026.79814003684,-0.238273280726842,0.0703576886147031,-3.38659904010901,0.000707647288661403,0.00862676718469575,"CDKAL1"
"ENSG00000146001.5",23.3204320474031,-0.223367966553711,0.135825645945829,-1.64451981802314,0.100068874100405,0.244484701359418,"PCDHB18P"
"ENSG00000146005.4",9.79212611290436,-0.0457477415250051,0.165919448718047,-0.275722598396201,0.782761137182448,0.879456626006789,"PSD2"
"ENSG00000146006.8",22.594220280832,-0.824875611298185,0.175597980226172,-4.69752334415087,2.63335095499474e-06,0.000151944806489844,"LRRTM2"
"ENSG00000146007.11",3357.27108963479,0.0967963507413904,0.0524991298242223,1.84377057420731,0.0652165828220846,0.185482290440429,"ZMAT2"
"ENSG00000146013.11",1045.526699253,-0.235859437824447,0.278293480600213,-0.847520528744525,0.39670504956186,0.587207253634237,"GFRA3"
"ENSG00000146021.15",309.297302290094,-0.196897285104098,0.100759229757356,-1.9541364654956,0.0506850806024645,0.157104402615944,"KLHL3"
"ENSG00000146038.12",281.726328778463,0.144007959403939,0.194774002675407,0.739359244179675,0.459688883392153,0.642179506326576,"DCDC2"
"ENSG00000146039.11",2.22548767040247,-0.424117397025801,0.476289631819141,-0.890461115867516,0.373218338502427,0.565312017459568,"SLC17A4"
"ENSG00000146047.7",1.30040247845931,-1.02844921197167,0.607177183457054,-1.6938205848185,0.0902993812652608,0.229141562535391,"H2BC1"
"ENSG00000146054.18",90.7992679646561,0.607155545892628,0.169567289817285,3.58061714937392,0.0003427836109398,0.00527126778707564,"TRIM7"
"ENSG00000146063.20",1354.17704500433,0.0388235717921777,0.064543478674927,0.601510370826345,0.547500106402378,0.714148293467104,"TRIM41"
"ENSG00000146066.3",1387.63435877842,0.270108828173493,0.0719573443508262,3.75373536378142,0.000174218793391312,0.00324762950077097,"HIGD2A"
"ENSG00000146067.16",1542.99602751634,-0.150972005634162,0.0911015662601764,-1.657183425398,0.0974823964849176,0.240578387817733,"FAM193B"
"ENSG00000146070.17",734.549345634142,-0.157939346852786,0.127900324619713,-1.23486275208752,0.216881588059409,0.400610003002656,"PLA2G7"
"ENSG00000146072.6",8366.75776293726,0.135282181180602,0.110090817514612,1.2288234771501,0.21913799718108,0.40333195302663,"TNFRSF21"
"ENSG00000146083.12",2915.62676895844,0.0814246105572222,0.0660195552007666,1.2333407928849,0.217448644498349,0.401281399106676,"RNF44"
"ENSG00000146085.8",1996.10613551258,-0.0702186282257545,0.0581108213140693,-1.20835718094994,0.226909902594737,0.412502846281722,"MMUT"
"ENSG00000146090.16",15.8753446028501,0.560661428593817,0.25831800115751,2.17043112009818,0.0299742014082694,0.110598591098915,"RASGEF1C"
"ENSG00000146094.15",721.548393679319,-0.0300805054778996,0.101166585730631,-0.297336371101747,0.7662097164225,0.868760688242152,"DOK3"
"ENSG00000146109.5",1635.32300520862,0.0567424308717562,0.0655945314472193,0.865048192583158,0.387012338144793,0.578261495923576,"ABT1"
"ENSG00000146112.12",3840.66150550714,0.343329067116177,0.0937031865381127,3.66400631398519,0.000248300659531934,0.00421769074377381,"PPP1R18"
"ENSG00000146122.17",1060.94070406114,-0.156535739950405,0.143447516383169,-1.09124050312781,0.275167069944051,0.467834606253053,"DAAM2"
"ENSG00000146143.19",623.456064461001,0.0550099777694318,0.0774580522755858,0.710190563193008,0.477585972018861,0.657742606371471,"PRIM2"
"ENSG00000146147.15",8.0733025465014,-0.66282364187994,0.215155768842099,-3.08066869620577,0.00206536319055523,0.0182683678807532,"MLIP"
"ENSG00000146151.14",66.9011372380959,-0.251351185078329,0.172687752495627,-1.45552409737161,0.145524223997495,0.311271313173698,"HMGCLL1"
"ENSG00000146166.17",834.462489410712,-0.581184327249925,0.252444206960777,-2.30222881422755,0.0213222718365175,0.0886625935556975,"LGSN"
"ENSG00000146192.15",751.77739273845,-0.105912344103541,0.110939158298049,-0.954688549366826,0.339735222200292,0.533088674993122,"FGD2"
"ENSG00000146197.9",849.055499923922,-0.311036359008193,0.1930018430998,-1.61157196228099,0.107055115984617,0.25544226879351,"SCUBE3"
"ENSG00000146205.14",143.977532325298,-0.0738843168160266,0.122390263162283,-0.603678061530594,0.546057702588122,0.713132981299429,"ANO7"
"ENSG00000146215.14",11.4366921307809,-0.167261509027416,0.173836057480285,-0.962179604460861,0.335959392405418,0.529246524621632,"CRIP3"
"ENSG00000146216.13",28.7198635279465,-0.197154006923685,0.140750171565005,-1.40073724054134,0.16129266206528,0.332296819191793,"TTBK1"
"ENSG00000146221.10",52.5992169777735,-1.21820119074759,0.252259477283235,-4.82915926040631,1.37110717201924e-06,9.45098780083571e-05,"TCTE1"
"ENSG00000146223.16",4950.4047089524,0.0457354271321026,0.0534690289606681,0.855362964712631,0.392350239851688,0.583043944625168,"RPL7L1"
"ENSG00000146232.17",1206.89093449009,0.207693497792434,0.0866265573721599,2.39757303179155,0.0165040905621766,0.0750436167622955,"NFKBIE"
"ENSG00000146233.8",240.888437132238,-0.0740606291373759,0.143181340240947,-0.517250565002017,0.604981258236021,0.758145105975528,"CYP39A1"
"ENSG00000146242.9",1914.6945924558,0.377657340093708,0.110425485867218,3.42001972758197,0.000626165946453841,0.00786380341580073,"TPBG"
"ENSG00000146243.14",293.678791644127,-0.265987465796185,0.100939427502006,-2.6351196195451,0.00841076367779447,0.0477849070178859,"IRAK1BP1"
"ENSG00000146247.14",3011.11136458072,-0.291063517374874,0.0811098140022305,-3.58851171039388,0.000332571057794476,0.00515469656757518,"PHIP"
"ENSG00000146250.7",42.3392079925881,-0.0395781344587351,0.191217243242079,-0.206979944840171,0.83602552105157,0.910821613023002,"PRSS35"
"ENSG00000146263.11",590.417984316119,-0.0506846438180741,0.0896124822601811,-0.565598034333165,0.571667064383096,0.732630303878974,"MMS22L"
"ENSG00000146267.12",513.44461193758,0.0309707443118151,0.125330812843973,0.247111971980675,0.804821568704109,0.892479914960727,"FAXC"
"ENSG00000146276.12",15.0118423629679,0.171000386706016,0.346375816886912,0.493684542537928,0.621528983470678,0.770242488244529,"GABRR1"
"ENSG00000146278.11",4742.4219964303,0.0665281046105356,0.0698287082851186,0.952732855072927,0.340725442187848,0.534101047448562,"PNRC1"
"ENSG00000146281.6",1129.81931052797,-0.072376008649464,0.0807973987905375,-0.895771519044748,0.370374804084872,0.562793839463023,"PM20D2"
"ENSG00000146282.18",1559.21756450253,0.00137660023345355,0.056875881283151,0.0242035851119437,0.980690218463395,0.990514838822735,"RARS2"
"ENSG00000146285.14",130.350599931362,-0.408415999083578,0.145248983835601,-2.81183377878802,0.00492599522831797,0.0330847607698992,"SCML4"
"ENSG00000146350.14",209.184286158732,-0.318061945083504,0.102972110891096,-3.08881640214105,0.00200955584001939,0.0179326331867333,"TBC1D32"
"ENSG00000146352.13",2.42117688835765,0.869957610420376,0.534160438803958,1.62864478014939,0.103388238740276,0.249836603141955,"CLVS2"
"ENSG00000146373.16",917.290617518758,-0.102683163505476,0.112497923125761,-0.912756081645057,0.361370841254947,0.554388251564037,"RNF217"
"ENSG00000146374.14",215.209396966906,1.0560266150953,0.187626424730932,5.62834694851597,1.81944840830242e-08,3.76327578918269e-06,"RSPO3"
"ENSG00000146376.11",2778.05358637525,-0.0833286245664314,0.0919858015973749,-0.905885724963987,0.364996340776188,0.55775568795436,"ARHGAP18"
"ENSG00000146386.8",1633.00055332536,-0.0209414102935002,0.0913489252807073,-0.22924637842371,0.818677427465783,0.901300472623865,"ABRACL"
"ENSG00000146399.2",1.13416354345441,-1.35431639078938,0.455599355166731,-2.97260383587188,0.00295285311361934,0.0233958445292072,"TAAR1"
"ENSG00000146409.12",775.741186324755,0.0645645101276803,0.0805986380929503,0.801062048383762,0.4230957257229,0.610734665182907,"SLC18B1"
"ENSG00000146410.12",180.661277969696,0.171366144308764,0.126914479847602,1.35024895909859,0.176936138516808,0.352675259512669,"MTFR2"
"ENSG00000146411.6",241.598980348182,-0.575382008740886,0.1698233543702,-3.38812062024521,0.000703733088586675,0.00859478566335883,"SLC2A12"
"ENSG00000146414.16",452.793796603013,-0.39365413773853,0.124310978273963,-3.16668843898061,0.00154185413715779,0.0148575831514889,"SHPRH"
"ENSG00000146416.19",1733.80871562939,0.159003036595511,0.0696638085991481,2.28243387481768,0.0224637373036647,0.091742542449817,"AIG1"
"ENSG00000146425.11",3948.77559560294,0.0664699422501396,0.0806564131791033,0.824112300934315,0.409875751365927,0.599191770888987,"DYNLT1"
"ENSG00000146426.18",202.124304410556,-0.134620995784092,0.0900534649834866,-1.49490078820152,0.134940336555809,0.296382677460915,"TIAM2"
"ENSG00000146433.9",2820.40421574504,0.00440131690615777,0.0667716549966584,0.0659159475136273,0.947444743916027,0.972237635901747,"TMEM181"
"ENSG00000146453.13",12.4106393741142,-0.545745877144532,0.191393020340441,-2.85144085282621,0.00435215823495843,0.0304756017419407,"PNLDC1"
"ENSG00000146457.16",3267.99499606446,0.0191361057833898,0.0498463122414387,0.383902136846172,0.701050982523391,0.825623143018456,"WTAP"
"ENSG00000146463.12",2971.9407490956,-0.0696356856372104,0.0483735647914389,-1.43954008635589,0.149997560897017,0.317124537361168,"ZMYM4"
"ENSG00000146469.13",5.75150291580742,-0.439578915586062,0.183118985216765,-2.40050978365633,0.0163722530811185,0.0746379206549419,"VIP"
"ENSG00000146476.11",1578.16552282464,0.0822245084561828,0.0597050307600349,1.37717889781613,0.168456944364221,0.341228829929303,"ARMT1"
"ENSG00000146477.6",1546.55338123705,-0.270639482657474,0.175286863228512,-1.54398040830166,0.122593078903708,0.278581078147646,"SLC22A3"
"ENSG00000146521.10",39.9394344515765,-0.023207018983128,0.137194814734119,-0.169153761591521,0.865675698509631,0.928342173984284,"LINC01558"
"ENSG00000146530.14",216.006740589093,0.00158473900991199,0.206266823796903,0.00768295638019023,0.99386994803025,0.997160498219974,"VWDE"
"ENSG00000146535.14",4226.52939813625,0.255636240769798,0.070778128024039,3.61179714562348,0.000304082394009825,0.00484900657449847,"GNA12"
"ENSG00000146540.15",3505.13996554674,0.274344706648534,0.0916212799918869,2.99433392191015,0.00275044746435638,0.0222908099880275,"C7orf50"
"ENSG00000146555.19",1804.35045923452,-0.411605881721703,0.160788953927616,-2.55991392236434,0.0104698092051144,0.0553248396192608,"SDK1"
"ENSG00000146556.14",155.817317197129,-0.223879294926856,0.0864742101564497,-2.58897183937051,0.00962629663271664,0.0522775333190227,"WASH2P"
"ENSG00000146574.16",429.066087357872,0.126404941598813,0.0704047756979828,1.79540294455386,0.0725895236694866,0.198870173522397,"CCZ1B"
"ENSG00000146576.13",1308.13027462186,0.170084833450839,0.0564182461694597,3.01471323550127,0.00257222328232424,0.0213186531586808,"C7orf26"
"ENSG00000146587.18",975.382231057579,-0.053492784979051,0.0705192962596785,-0.758555286514353,0.448118628830592,0.632463198405843,"RBAK"
"ENSG00000146592.17",568.514893336877,0.0762453510586122,0.148092446638817,0.514849695505181,0.606658055468667,0.759692727954054,"CREB5"
"ENSG00000146648.19",9221.80583226468,0.572524227478999,0.149758063499496,3.82299432898935,0.000131840812956979,0.00268299277859211,"EGFR"
"ENSG00000146666.5",19.4173902660765,0.140848122312393,0.220401304083405,0.639053035090449,0.522788431004559,0.695262252673755,"LINC00525"
"ENSG00000146670.10",1053.44124067684,0.24467415601094,0.150075665193099,1.63033864081911,0.103029945108572,0.249304161821329,"CDCA5"
"ENSG00000146674.15",16394.9298772583,0.452176471088668,0.158858403785598,2.8464120267691,0.0044214944299341,0.0307873739175389,"IGFBP3"
"ENSG00000146676.10",3785.3391011753,0.0456776331032191,0.0705328483194743,0.647607947098988,0.517238555912765,0.690945040404594,"PURB"
"ENSG00000146677.7",81.9086096191977,0.0117353438526368,0.125177638349206,0.093749522737431,0.925308130020023,0.960834744331502,"AC004453.1"
"ENSG00000146678.10",23.1835964492389,1.10516716499405,0.270299729074184,4.08867285505392,4.33848197740458e-05,0.00118394328257156,"IGFBP1"
"ENSG00000146700.9",126.303763358016,0.318242858181513,0.152473831436433,2.08719657126337,0.0368703693009235,0.127527809915131,"SSC4D"
"ENSG00000146701.12",8990.77424419453,0.212398935712561,0.0775476388389624,2.73894781185582,0.00616361565768184,0.0386248539190811,"MDH2"
"ENSG00000146707.14",220.402719630767,0.141836272072944,0.0884570557093094,1.60344780792898,0.108835823260511,0.258265934697947,"POMZP3"
"ENSG00000146729.10",4410.82579647938,0.103603276145588,0.0962501190920253,1.07639634239343,0.281750037470419,0.474183803331446,"NIPSNAP2"
"ENSG00000146731.11",10262.0065143925,0.453233870408758,0.0876946135489389,5.16832051669657,2.36206975284419e-07,2.63011332044956e-05,"CCT6A"
"ENSG00000146733.14",888.281549378026,0.337868363318272,0.117914794200603,2.86536024261274,0.00416535090165519,0.0295560587316296,"PSPH"
"ENSG00000146755.11",10.9142599902919,-0.108521289544191,0.228170838574232,-0.475614194269112,0.634349261136171,0.779103818763835,"TRIM50"
"ENSG00000146757.14",591.955145698594,-0.0669397211889382,0.0833457245404677,-0.803157229216194,0.421883863126826,0.609652305008092,"ZNF92"
"ENSG00000146776.14",389.102461181294,-0.131321948352671,0.0753713435728789,-1.74233259124128,0.0814502637063609,0.214636981919889,"ATXN7L1"
"ENSG00000146802.13",1631.28264834091,-0.120468250575168,0.0628756077233071,-1.9159775139718,0.0553679579065196,0.166368720449617,"TMEM168"
"ENSG00000146826.17",715.582338257686,-0.015938910830591,0.0764317754939837,-0.208537754455876,0.834809106763551,0.910151605969116,"MAP11"
"ENSG00000146828.18",2515.76333741116,0.0105739745106005,0.0782432374755162,0.135142343949013,0.892499331615976,0.943151253689595,"SLC12A9"
"ENSG00000146830.11",3156.95360531981,-0.191820221989737,0.0867214021401626,-2.21191329078961,0.0269726567388394,0.103313467649123,"GIGYF1"
"ENSG00000146833.16",1738.76181794667,0.0044219499655192,0.059667393216661,0.0741099908531693,0.94092286557321,0.969159575643625,"TRIM4"
"ENSG00000146834.14",2469.93318407067,0.128904074029152,0.0686587708443447,1.87745968131862,0.0604551183355904,0.176679446519208,"MEPCE"
"ENSG00000146839.19",2.21162893761974,0.334973373531111,0.269230232114255,1.24418929813557,0.213429901546596,0.396278679567776,"ZAN"
"ENSG00000146842.17",1252.34786105399,0.0104252457872176,0.0606789023076633,0.171810059027732,0.863586857162473,0.927284952445017,"TMEM209"
"ENSG00000146856.14",124.198683429321,-0.0980540833585618,0.0978495200238489,-1.0020905910899,0.316299841731008,0.510325690852941,"AGBL3"
"ENSG00000146857.4",5.8572359413087,-0.567980197193631,0.444329111691996,-1.27828715753234,0.201148194349718,0.381694984275077,"STRA8"
"ENSG00000146858.8",237.53898521158,0.0263869353773663,0.103235442279503,0.255599576993389,0.798260045064557,0.888523271625882,"ZC3HAV1L"
"ENSG00000146859.6",1005.00411026663,0.11604313653905,0.072662661035121,1.59701193000572,0.110263047954841,0.260261443145021,"TMEM140"
"ENSG00000146872.18",1552.32649830296,-0.0520513436902327,0.0442590148674769,-1.1760619581364,0.239570118194422,0.427347189511728,"TLK2"
"ENSG00000146904.9",890.752044050141,0.186687776157917,0.104783614599644,1.78165046960072,0.0748062486848386,0.20262992738299,"EPHA1"
"ENSG00000146909.8",1118.71161668233,-0.0198679381492153,0.055286894719622,-0.359360717399162,0.719325257636062,0.83879709300821,"NOM1"
"ENSG00000146918.20",1400.3318150934,0.0540874564702981,0.108888515655098,0.496723241609968,0.619384230465602,0.768471311950931,"NCAPG2"
"ENSG00000146938.16",117.576063038656,0.252782206150633,0.183645149325635,1.37647091185842,0.168675886947037,0.341550037307663,"NLGN4X"
"ENSG00000146950.13",768.930153472964,-0.0525862293962493,0.107168075104601,-0.490689315310763,0.623646204672688,0.772004204951396,"SHROOM2"
"ENSG00000146955.11",213.885589997812,0.0969881469186105,0.105659386686495,0.917932139871179,0.358654394049133,0.551758913079585,"RAB19"
"ENSG00000146963.18",1218.61890556543,-0.112840172690784,0.051043965315773,-2.21064668453403,0.0270603132310554,0.103506319899073,"LUC7L2"
"ENSG00000146966.13",514.876269648256,-0.0198341573627375,0.131496462790121,-0.15083415129116,0.880106545619989,0.935847563823899,"DENND2A"
"ENSG00000147003.7",126.834514376986,0.0830861769761462,0.187221428833248,0.443785615214744,0.65719758942662,0.79583204617056,"CLTRN"
"ENSG00000147010.18",3138.81098062095,0.230996397780984,0.0789142393596311,2.92718271956317,0.00342047861730895,0.0259403176779195,"SH3KBP1"
"ENSG00000147027.4",1188.33725984464,0.107976397007748,0.127892631704501,0.844273790981412,0.398516428223622,0.588686105459626,"TMEM47"
"ENSG00000147036.12",104.210824497099,-0.268233172891323,0.190995601370907,-1.40439450419815,0.1602014065238,0.331011321752428,"LANCL3"
"ENSG00000147041.12",230.92755669476,-0.075302219472033,0.196498458639884,-0.383220407901706,0.701556347625595,0.825945595017467,"SYTL5"
"ENSG00000147044.22",2450.13177100921,0.035531057231358,0.0739580183707473,0.48042197471061,0.630927371955031,0.776969657799332,"CASK"
"ENSG00000147050.16",1689.79686939637,-0.292999547319301,0.0779706948805817,-3.75781628941557,0.000171402643051388,0.00321388632785963,"KDM6A"
"ENSG00000147059.8",10.2970352321123,-0.300170755545665,0.183693137931924,-1.63408801725031,0.102240370550363,0.248042604148746,"SPIN2A"
"ENSG00000147065.17",31945.9102069595,0.170871692477512,0.0896940404667681,1.90505067659228,0.0567734840116227,0.169262971541054,"MSN"
"ENSG00000147082.18",30.4689808013951,0.144953747445095,0.143039980924826,1.0133792419986,0.310879050570086,0.504800215352499,"CCNB3"
"ENSG00000147099.21",568.468652143554,-0.178953787913533,0.09933882601937,-1.80144858847677,0.0716322036730073,0.197029986523912,"HDAC8"
"ENSG00000147100.11",763.676529115027,0.179549521469587,0.110181546837891,1.62957887797451,0.103190531529617,0.249511392709385,"SLC16A2"
"ENSG00000147113.17",721.761784658064,0.057128065328599,0.124450634334692,0.459041977841282,0.646204021640691,0.787751181003146,"DIPK2B"
"ENSG00000147117.8",9.76257034715945,-0.773946540047203,0.180760991888483,-4.28160153339209,1.85553025011299e-05,0.000631658165818116,"ZNF157"
"ENSG00000147118.12",417.345142880484,-0.186348362704185,0.0569976555868781,-3.2694039918913,0.00107774304576071,0.0115783476032628,"ZNF182"
"ENSG00000147119.4",199.544651337553,-0.0230722818688037,0.0940095176439704,-0.245424957462097,0.806127406556553,0.893270342249934,"CHST7"
"ENSG00000147121.16",495.326014233395,-0.058288997250047,0.0520415639129201,-1.12004699450579,0.262693736453984,0.454141788750778,"KRBOX4"
"ENSG00000147123.11",3632.60949416487,0.121228535998097,0.0854627431437723,1.41849572736223,0.156046085227234,0.325414488911387,"NDUFB11"
"ENSG00000147124.12",561.236036145707,-0.118691300467978,0.0499820435824212,-2.37467882385109,0.0175642259517192,0.0783844172743735,"ZNF41"
"ENSG00000147127.8",26.8136241998533,-0.103820523552448,0.0963867954191515,-1.07712392658113,0.281424905172009,0.473901951278935,"RAB41"
"ENSG00000147130.14",2407.98971836521,-0.0444331673339012,0.0611622798922608,-0.726479905787875,0.467544621618838,0.649014471629252,"ZMYM3"
"ENSG00000147133.16",2075.34096549618,-0.173656027133567,0.064587089051237,-2.68871116014852,0.00717284539082592,0.0428410664212485,"TAF1"
"ENSG00000147138.3",228.655613469607,-0.581871513479757,0.149571036215169,-3.89026865229903,0.000100133301971832,0.00220777352486637,"GPR174"
"ENSG00000147140.17",15996.8748036661,-0.0182286757592318,0.0581805661771094,-0.313312106722051,0.754043553025847,0.860638360412448,"NONO"
"ENSG00000147144.13",1043.39718865224,0.206440925504553,0.0944388430892679,2.18597474038745,0.0288174534039993,0.107799829293958,"CCDC120"
"ENSG00000147145.12",11.6797451376391,0.015504834003865,0.16914564323179,0.0916655830302285,0.926963742990168,0.961803967194554,"LPAR4"
"ENSG00000147155.11",840.826584629365,0.220219526140915,0.0911669748267907,2.41556250560373,0.0157109256809603,0.0726275824349085,"EBP"
"ENSG00000147160.9",12.2941325159383,-0.0660357069614221,0.281302298377792,-0.234749973044072,0.81440279843353,0.898466179609235,"AWAT2"
"ENSG00000147162.14",8891.12073283466,-0.369168992214612,0.100939302378951,-3.65733647364294,0.000254849744289189,0.00428607422629937,"OGT"
"ENSG00000147164.12",2735.45815721464,0.0852495962625652,0.0530042979672234,1.60835252105936,0.107757993900351,0.25671462546865,"SNX12"
"ENSG00000147166.11",33.759746913957,-0.22948377748585,0.102707412473861,-2.23434484384712,0.0254603918434616,0.0996613458025335,"ITGB1BP2"
"ENSG00000147168.13",569.286300261615,-0.00516595792056851,0.121560921048574,-0.042496863926395,0.966102611717888,0.983081308512857,"IL2RG"
"ENSG00000147174.11",83.0851724634116,0.0757560726031547,0.13831453633404,0.547708683490779,0.583891948724981,0.742107831605299,"GCNA"
"ENSG00000147180.17",232.303519850649,-0.296958997667029,0.153112190964531,-1.93948630606312,0.0524421503937398,0.160769476340587,"ZNF711"
"ENSG00000147183.10",1.78493439646408,-0.518851149776345,0.352318978517476,-1.47267442690604,0.14083884538638,0.304516669661564,"CPXCR1"
"ENSG00000147202.18",1270.61329778228,0.0571023545238806,0.0917579127709591,0.622315316461222,0.533734551773821,0.702872397324509,"DIAPH2"
"ENSG00000147206.17",63.7176975366897,-0.66741003694949,0.229993943286056,-2.90185918556731,0.00370955245016479,0.0272932883366489,"NXF3"
"ENSG00000147223.6",2.17346313077952,0.380159553656614,0.202132147898945,1.88074760797908,0.0600062601537587,0.175768820983555,"RIPPLY1"
"ENSG00000147224.13",1938.04713376197,0.00262814608763059,0.0584222671077918,0.0449853492125107,0.964118986766945,0.982300633064757,"PRPS1"
"ENSG00000147231.14",138.984471505171,-0.159310488709129,0.150515579434011,-1.05843188664051,0.289858588606555,0.482202627912114,"RADX"
"ENSG00000147234.10",177.374425165324,0.426760804681811,0.180232161280061,2.36783935592201,0.0178923028547939,0.0793193660379034,"FRMPD3"
"ENSG00000147246.10",22.95512196516,0.91540806964335,0.47051431935719,1.94554773783286,0.0517090900524195,0.15922592814606,"HTR2C"
"ENSG00000147251.15",1444.19956124797,-0.0079937038906977,0.116403495569856,-0.0686723697734706,0.94525041199439,0.971618643345499,"DOCK11"
"ENSG00000147255.19",73.9721519548093,0.640203686540131,0.229154457637161,2.7937649266846,0.00520983351299955,0.0345107415734767,"IGSF1"
"ENSG00000147256.12",2.31336740696407,-0.492405839310961,0.482239112739121,-1.0210823350974,0.307215431616406,0.500715884114408,"ARHGAP36"
"ENSG00000147257.15",2057.57730979587,-0.267969648098764,0.198277451540505,-1.35148826060043,0.176539077924493,0.352200115133039,"GPC3"
"ENSG00000147274.14",7247.95914890999,-0.0639266583148809,0.0383436877743426,-1.66720161845406,0.0954743210363893,0.237796556464765,"RBMX"
"ENSG00000147316.13",782.492311648553,0.0265999472320976,0.0596515259582321,0.445922326458553,0.655653354164136,0.79483913338625,"MCPH1"
"ENSG00000147324.11",2544.21728318314,-0.117469822753295,0.0795355752629635,-1.4769469179661,0.139689866842567,0.302872084683675,"MFHAS1"
"ENSG00000147364.17",1264.48720966151,-0.123844038911919,0.0751025907795102,-1.64899822531431,0.0991479982882153,0.243073218483767,"FBXO25"
"ENSG00000147378.11",13.552355193323,-0.0656111828865331,0.158314471714536,-0.41443578831403,0.678554983703014,0.811229929345893,"FATE1"
"ENSG00000147381.11",150.738428095195,1.32316367136526,0.711255118409472,1.86032217852316,0.0628399575461574,0.181011481794793,"MAGEA4"
"ENSG00000147383.11",1300.07346336435,0.132766654699393,0.0728614658176186,1.82217929888652,0.0684277845488705,0.191233629731012,"NSDHL"
"ENSG00000147394.18",2273.01974234255,0.494927710007537,0.112301198396341,4.40714540071786,1.04741879285874e-05,0.000414308286355731,"ZNF185"
"ENSG00000147400.10",3023.67944795159,-0.0537071256354315,0.0788130413721507,-0.681449728374642,0.495586966100079,0.672835041844024,"CETN2"
"ENSG00000147403.18",49008.3139802043,0.00774559582956251,0.0922511855589363,0.0839620193782128,0.933086629245049,0.964819341184403,"RPL10"
"ENSG00000147408.14",1054.39098918035,0.254228182634268,0.109038646755147,2.33154198258854,0.0197247990187818,0.0845170828484301,"CSGALNACT1"
"ENSG00000147416.11",5570.50762222148,-0.0259411194446807,0.0638969875175738,-0.405983450120337,0.684754760668319,0.815458556887348,"ATP6V1B2"
"ENSG00000147419.19",1261.0323383929,0.0314872390750794,0.0566890693712239,0.55543757243372,0.578595399192179,0.737776236970394,"CCDC25"
"ENSG00000147421.18",665.019671998867,-0.219114360108476,0.092292228605772,-2.37413662470355,0.0175900404439461,0.0784494596785397,"HMBOX1"
"ENSG00000147432.7",1.58194442421885,-0.937601847097496,0.313508903807054,-2.99067055420708,0.002783656314601,0.0224669744683663,"CHRNB3"
"ENSG00000147434.9",10.6890394582329,-0.681815448830875,0.161120985651403,-4.23169859639534,2.31933076974569e-05,0.000743103752284724,"CHRNA6"
"ENSG00000147437.10",54.7237317285025,-0.18671068957927,0.126620223088865,-1.47457242630375,0.140327532613311,0.303787942459759,"GNRH1"
"ENSG00000147439.13",430.97532007887,0.0561175932279086,0.055947054159686,1.00304822248077,0.315837594964871,0.509901127396249,"BIN3"
"ENSG00000147443.13",945.146197386425,0.142869215722888,0.139401140836249,1.02487838238507,0.305420575957236,0.49868663201057,"DOK2"
"ENSG00000147454.14",3513.21620844473,0.176471699940975,0.102931768852928,1.71445319465095,0.0864455261477991,0.222809545717943,"SLC25A37"
"ENSG00000147457.14",2208.88817828234,0.0922819800533722,0.0511826469162941,1.802993506848,0.0713892344278037,0.196531798766402,"CHMP7"
"ENSG00000147459.18",2611.49610410725,0.0797097126295946,0.110472644041005,0.721533492038154,0.470581342061231,0.65138302932166,"DOCK5"
"ENSG00000147465.12",15.8450010750597,-0.267241305020312,0.127522823853635,-2.09563509452269,0.0361145735506547,0.125586222814074,"STAR"
"ENSG00000147471.12",2269.02463814835,0.0210319950403438,0.066348313462103,0.316993664840583,0.751248409287226,0.858966517015209,"PLPBP"
"ENSG00000147475.17",3301.38751941219,-0.00305068908661038,0.08183917608826,-0.0372766348884103,0.970264435199943,0.985083519345893,"ERLIN2"
"ENSG00000147481.17",1.07342282260224,-0.351309514882726,0.410572287197728,-0.855658128512551,0.39218690703245,0.582931322640804,"SNTG1"
"ENSG00000147485.13",47.7540846606774,0.220907657684889,0.133758708109032,1.65153851145764,0.0986286637408617,0.242281716367189,"PXDNL"
"ENSG00000147488.11",36.8282462707474,-0.722898930475487,0.191534208782331,-3.77425492329168,0.000160486589059705,0.00306897186074942,"ST18"
"ENSG00000147509.14",113.756237438952,0.930528463847691,0.213248660646844,4.36358409485496,1.27948723454948e-05,0.000478091677888392,"RGS20"
"ENSG00000147526.20",6090.13886352125,-0.135917004095325,0.117931930117266,-1.15250385506431,0.24911408652213,0.438892696331761,"TACC1"
"ENSG00000147533.17",531.395143466631,0.0157573475022283,0.081728127484175,0.192802013055779,0.847114026879228,0.917139842505614,"GOLGA7"
"ENSG00000147535.17",2405.1279603299,-0.282953260501441,0.0937144088155676,-3.01931436240825,0.00253347500901135,0.0211025727983525,"PLPP5"
"ENSG00000147536.12",261.641705565144,0.0611156391897496,0.138441984803718,0.441453069864601,0.658885029481575,0.79701556104095,"GINS4"
"ENSG00000147548.17",3591.23210463269,-0.163014621950022,0.0817422315936312,-1.99425216038173,0.046124504461902,0.147869342999528,"NSD3"
"ENSG00000147570.10",137.290887198847,-0.180115957653277,0.140383666980542,-1.28302644835629,0.199482810175245,0.380159198578387,"DNAJC5B"
"ENSG00000147571.5",2.02899899038091,-0.0554241746104756,0.385794881288676,-0.143662286097062,0.885767153530586,0.939296466304444,"CRH"
"ENSG00000147573.17",55.482860905111,-0.324226276267614,0.220779577564895,-1.46855193693045,0.141954359346054,0.306173003738545,"TRIM55"
"ENSG00000147576.17",65.055871172671,-0.523484207106737,0.137931751952824,-3.79524075997947,0.000147500248650081,0.00288188132529763,"ADHFE1"
"ENSG00000147586.10",219.781210835846,-0.0859003089789723,0.1096973488195,-0.783066408654196,0.433588115795937,0.619467413603146,"MRPS28"
"ENSG00000147588.7",2.05279261211485,-0.581697744435244,0.324609126750782,-1.79199442190004,0.0731338595450737,0.19987016998716,"PMP2"
"ENSG00000147592.9",989.39561440778,0.0452358829475461,0.0996548396693681,0.453925600579243,0.649882376788701,0.790491175712478,"LACTB2"
"ENSG00000147601.15",1163.40138722981,-0.113218514572282,0.0573152732465003,-1.9753637758186,0.0482268805322337,0.152120828709895,"TERF1"
"ENSG00000147604.14",24721.8895015787,-0.00642585543892552,0.0849858717922177,-0.0756108668819227,0.939728690694388,0.968366304759816,"RPL7"
"ENSG00000147606.9",25.933984830999,-0.116122927238758,0.165053140379664,-0.703548729649406,0.481713849883292,0.661539380611494,"SLC26A7"
"ENSG00000147614.4",113.121034094167,-0.0408621343493039,0.173697300921101,-0.235249103656854,0.814015395990722,0.898149269875506,"ATP6V0D2"
"ENSG00000147642.17",1381.13828658462,0.0225689434989552,0.186332337277701,0.121121990035039,0.903594411874412,0.948643061129377,"SYBU"
"ENSG00000147647.13",21.6900625494021,-0.616079053788697,0.191484049943022,-3.21739097314903,0.00129362182827817,0.0131587386278232,"DPYS"
"ENSG00000147649.10",8366.429861252,0.0901146656895027,0.0674097667435262,1.33681912937574,0.181281683441503,0.358184634232519,"MTDH"
"ENSG00000147650.11",960.560361349681,0.260083882906518,0.106055646906369,2.45233413300596,0.0141932797926433,0.0677180946025329,"LRP12"
"ENSG00000147654.15",1371.76797405335,0.108821272893331,0.0627324124451387,1.73468975050973,0.0827957727083385,0.216732713272541,"EBAG9"
"ENSG00000147655.12",98.4267027840477,0.240420514209179,0.252773562216074,0.951129984090919,0.341538395423811,0.534846556860063,"RSPO2"
"ENSG00000147669.11",2479.38374245344,0.0961558365897363,0.0798530577478634,1.20415973165798,0.228527846710697,0.414497748628686,"POLR2K"
"ENSG00000147676.14",14899.4187418506,0.101175861875418,0.105433138726265,0.959621074528565,0.337245958521427,0.530670653986854,"MAL2"
"ENSG00000147677.11",11104.3729239655,0.213583904244136,0.0656493266717607,3.25340586221137,0.00114030500804899,0.0120597759316947,"EIF3H"
"ENSG00000147679.12",1060.3146458758,0.00582224376923149,0.0659603194465025,0.0882688837484125,0.929662969568749,0.962984015614087,"UTP23"
"ENSG00000147684.10",4629.79958853512,0.0860565892022701,0.0969967617371826,0.887210950768074,0.374965337754017,0.566746310884119,"NDUFB9"
"ENSG00000147687.19",748.881563181637,0.101238070188894,0.0851444800984574,1.18901507263685,0.234433735768498,0.421527455440733,"TATDN1"
"ENSG00000147689.16",6377.20665220089,0.81090620429625,0.227129387694548,3.57023902775094,0.000356655628686734,0.00541703277639937,"FAM83A"
"ENSG00000147697.9",367.092048336855,0.478307972567422,0.193979786699214,2.4657619265717,0.0136722173213891,0.0661323741509527,"GSDMC"
"ENSG00000147724.12",15.1515338421085,-0.0794846907715449,0.247665095287557,-0.320936184726627,0.748258751770797,0.856928850837782,"FAM135B"
"ENSG00000147789.15",977.503060621386,-0.0811382545702273,0.0646772169648675,-1.25451060478223,0.209656473624895,0.391875868874557,"ZNF7"
"ENSG00000147799.11",784.772720290357,-0.085627107158163,0.110480717790569,-0.775041191536072,0.438315319783958,0.623705258860851,"ARHGAP39"
"ENSG00000147804.10",2209.44079007569,0.187685246704013,0.13031038190319,1.44029388881269,0.149784269658824,0.316861589131479,"SLC39A4"
"ENSG00000147813.16",1135.71186650971,0.137945173182351,0.123505662869227,1.11691375097847,0.264031204510632,0.455691468439468,"NAPRT"
"ENSG00000147852.16",635.586280816534,-0.0651860771448946,0.111118064627197,-0.586637981534283,0.557446868159495,0.721665769010151,"VLDLR"
"ENSG00000147853.17",3037.71963429289,-0.0462798261636091,0.0649870200894475,-0.712139533400824,0.476378375736032,0.656587496575157,"AK3"
"ENSG00000147854.17",1651.96289589688,-0.0683320742747928,0.078223173274055,-0.873552828589442,0.382361824617312,0.573628885498566,"UHRF2"
"ENSG00000147862.17",4239.51716586175,-0.142640496594005,0.101721370638551,-1.40226675769887,0.160835603197628,0.331728744861983,"NFIB"
"ENSG00000147869.5",0.961534615910586,0.0212029165246073,0.404994753677895,0.0523535584894778,0.958246978290844,0.978887320064958,"CER1"
"ENSG00000147872.10",4293.29909221561,0.237962853319243,0.120899425749189,1.96827116294917,0.0490368460815377,0.153716582608797,"PLIN2"
"ENSG00000147874.11",868.128262497549,-0.0582704809098094,0.0742102632797007,-0.785207845041409,0.43233171657354,0.618229526667935,"HAUS6"
"ENSG00000147883.12",1352.1916829394,-0.0441937429755233,0.140272102778302,-0.315057250160217,0.752718186189554,0.859876700961049,"CDKN2B"
"ENSG00000147889.18",892.433839587664,0.229494428930951,0.224987637903961,1.02003128291392,0.307713624625286,0.501233411842538,"CDKN2A"
"ENSG00000147894.17",795.889841791265,-0.25407979469332,0.0875158428666334,-2.90324341708638,0.00369319460487546,0.0272124309499185,"C9orf72"
"ENSG00000147896.3",1.59849839191051,-0.674321368490683,0.521657232553635,-1.29265219843636,0.196131377442699,0.376016129929738,"IFNK"
"ENSG00000147905.18",1031.69785558234,-0.0754321346077428,0.065133863895832,-1.1581093166587,0.24681942846179,0.436026702312341,"ZCCHC7"
"ENSG00000147912.13",195.737363744548,-0.000699289520751902,0.0726958669771388,-0.00961938484029379,0.992324959716885,0.99636512708409,"FBXO10"
"ENSG00000147955.17",2593.88224537741,0.190677458875703,0.0781199778513373,2.44082837860711,0.014653616778486,0.0692102232098359,"SIGMAR1"
"ENSG00000147996.16",174.81853350127,-0.130442907180044,0.0877914795430882,-1.4858265045644,0.13732501758946,0.299514863152167,"CBWD5"
"ENSG00000148019.14",788.630096636202,-0.019090797326959,0.0643269808804825,-0.296777449612147,0.766636422847219,0.869155704755584,"CEP78"
"ENSG00000148053.17",413.888852337454,-1.15150794313858,0.222346345524228,-5.17889304824713,2.23206383075921e-07,2.51905427516836e-05,"NTRK2"
"ENSG00000148057.16",243.489895414731,0.0798701253292611,0.0804461546097837,0.992839567244491,0.320788144234117,0.514574786123172,"IDNK"
"ENSG00000148082.10",558.525135842978,-0.234724662674827,0.157605286520977,-1.48931972940886,0.136403194813986,0.298246079051945,"SHC3"
"ENSG00000148090.12",498.30027977921,-0.0176853279696163,0.060683712327634,-0.291434510040065,0.770719024234966,0.871795211968019,"AUH"
"ENSG00000148110.16",3445.92086725355,0.104577896354565,0.0445819854490345,2.34574336026638,0.0189891775415291,0.0824316486301231,"MFSD14B"
"ENSG00000148120.17",2100.5263751684,0.0243534301069825,0.0889017101165904,0.273936576417305,0.784133362391012,0.880162465006309,"AOPEP"
"ENSG00000148123.15",275.449374287874,-1.04188201859692,0.217033202405807,-4.80056510730931,1.58218525268627e-06,0.000104931660592996,"PLPPR1"
"ENSG00000148143.13",1013.67174209437,0.0125217812448768,0.117542188168239,0.106530101574715,0.915161773687471,0.955034978885276,"ZNF462"
"ENSG00000148153.14",1359.25529329897,-0.0413968144316939,0.0477192348927422,-0.867507924733933,0.385663771600603,0.577048399977478,"INIP"
"ENSG00000148154.10",4052.05270553046,-0.0184904885013642,0.0758488520445435,-0.243780729740054,0.807400645585282,0.893957637377645,"UGCG"
"ENSG00000148158.17",3656.23202709548,-0.465404721709956,0.12137759172316,-3.83435455509333,0.000125894438512737,0.00258569003171163,"SNX30"
"ENSG00000148175.13",14060.6043348235,-0.0271024783091453,0.0956328014823375,-0.283401488705221,0.77686908732711,0.875568805835527,"STOM"
"ENSG00000148180.21",20860.4867617989,0.0412929997051674,0.0907226605573685,0.45515640140487,0.648996723855388,0.789869504122531,"GSN"
"ENSG00000148187.18",1185.02779708569,0.00171423333180293,0.0581274945500431,0.0294909206920506,0.976473060031799,0.988137312694184,"MRRF"
"ENSG00000148200.17",304.170920242807,-0.42985845350429,0.110943388635062,-3.87457476099157,0.000106811049533426,0.00230763158476078,"NR6A1"
"ENSG00000148204.12",18.5024009906329,-0.771904145388305,0.182506078185446,-4.22947089249252,2.34241582343086e-05,0.000748159878987311,"CRB2"
"ENSG00000148218.16",2334.51456265018,-0.0531174498620751,0.0608642501347828,-0.872720024389481,0.382815700416855,0.574206303567235,"ALAD"
"ENSG00000148219.17",204.797692552357,-0.196999988751568,0.105386015779108,-1.86931811868175,0.0615785688040865,0.178848058204174,"ASTN2"
"ENSG00000148225.16",282.522165225,-0.218067861321662,0.0762500584694428,-2.85990418497912,0.0042376902152846,0.0299182277974873,"WDR31"
"ENSG00000148229.13",2825.39498643191,0.075027226171917,0.0681139315113035,1.10149604504133,0.270680824847757,0.462690837957585,"POLE3"
"ENSG00000148248.14",15276.8130865306,0.0945941110804026,0.0560948878174963,1.68632320628152,0.0917335636499627,0.23144024966643,"SURF4"
"ENSG00000148288.13",356.265558832015,0.124057156648786,0.0896127324743288,1.38436975665622,0.166245264507458,0.338354541584962,"GBGT1"
"ENSG00000148290.10",1930.28356595279,0.0890529162019299,0.0732502495860316,1.21573532793684,0.224085761810646,0.408879218734213,"SURF1"
"ENSG00000148291.10",507.307629833937,0.0279320240163348,0.0815477282932037,0.342523631264205,0.731956863142939,0.84664697372122,"SURF2"
"ENSG00000148296.7",1617.43406031468,0.016560270192357,0.0654425766865834,0.253050399767527,0.800229266875393,0.890055556812964,"SURF6"
"ENSG00000148297.16",1486.8080679951,-0.0169075747023793,0.055239919094226,-0.306075298074552,0.759547315224587,0.864385874748665,"MED22"
"ENSG00000148300.12",1148.06025348627,0.139945300536682,0.0588240149694785,2.37905047129637,0.0173572992194701,0.0776924661083378,"REXO4"
"ENSG00000148303.17",42206.7603453764,0.0771395524023904,0.0908737509302203,0.848865064033991,0.395956380654947,0.586491781872364,"RPL7A"
"ENSG00000148308.18",2174.53481169117,0.0737481140430924,0.0656831852564935,1.12278528751469,0.2615286953323,0.453021584479618,"GTF3C5"
"ENSG00000148331.12",1021.66203499734,0.0598290570641516,0.0559292774317402,1.06972698042042,0.284742218200133,0.477289430597977,"ASB6"
"ENSG00000148334.16",1936.69779420173,0.0910164653258924,0.0797213337702702,1.14168267164434,0.253585946174219,0.443975436788929,"PTGES2"
"ENSG00000148335.15",563.663412597499,0.108877499658917,0.0810612039143963,1.34315177176366,0.179222834499302,0.355318634489684,"NTMT1"
"ENSG00000148337.21",3659.09415723526,0.0252902362749759,0.0620101245715191,0.407840436537222,0.683390824405151,0.814466823587639,"CIZ1"
"ENSG00000148339.12",1245.20127157711,-0.218101667018116,0.112567665172233,-1.93751613027072,0.0526822835673362,0.161253219344242,"SLC25A25"
"ENSG00000148341.18",3077.16217307447,-0.0136053402271506,0.0742754124245909,-0.183174213148443,0.854661326956005,0.922222063860319,"SH3GLB2"
"ENSG00000148343.18",927.932891737995,-0.123909093822298,0.0724618476001663,-1.70999081483555,0.0872675715660938,0.224285877732744,"MIGA2"
"ENSG00000148344.11",1812.21506707574,0.57283828168036,0.167945503641589,3.41085810134487,0.000647587839443445,0.00805986614526752,"PTGES"
"ENSG00000148346.12",6864.52542438225,-0.126864047648339,0.219196800399456,-0.578767789571504,0.562745867877302,0.726182099970504,"LCN2"
"ENSG00000148356.14",1168.0679472035,-0.0450432540012877,0.056966854326809,-0.790692316322792,0.429123560940426,0.615853649609933,"LRSAM1"
"ENSG00000148357.16",208.285397929901,-0.0727506355113668,0.170261255037047,-0.42728826059421,0.669169382292478,0.804920103224158,"HMCN2"
"ENSG00000148358.20",5557.40647313982,0.00174322877831173,0.0468229728590585,0.0372302028655679,0.970301456895504,0.985083519345893,"GPR107"
"ENSG00000148362.11",1106.26184652835,0.0723936528098821,0.0877566353266298,0.824936513808138,0.40940763485136,0.598777983847176,"PAXX"
"ENSG00000148384.14",709.241793436616,-0.0869228606170827,0.0669692575286526,-1.29795168447094,0.194303938097595,0.373820341582388,"INPP5E"
"ENSG00000148386.9",0.483506305947555,-0.706844303850534,0.934352947268678,-0.75650674182256,0.449345431818436,0.633338054015109,"LCN9"
"ENSG00000148396.18",7047.04366397984,-0.022420132214062,0.0632978716845763,-0.354200411757685,0.72318869503095,0.841225455544446,"SEC16A"
"ENSG00000148399.13",835.274557870654,-0.0966805316626155,0.0624489548720209,-1.5481529172225,0.121585484100774,0.277085736338359,"DPH7"
"ENSG00000148400.12",2668.24218923986,-0.179874973387336,0.0929006894626968,-1.93620708767251,0.0528423427607411,0.16155005670646,"NOTCH1"
"ENSG00000148408.13",41.3865105524894,-1.03788191704938,0.32408975639553,-3.20245208794171,0.001362629651525,0.0136382758327714,"CACNA1B"
"ENSG00000148411.8",1585.65593749277,0.034786543614949,0.0740304181804562,0.469895273725909,0.638429841161062,0.781874000433153,"NACC2"
"ENSG00000148426.13",755.285902067938,0.175495246459117,0.101004594074077,1.73749766600129,0.082299365638144,0.215898180686286,"PROSER2"
"ENSG00000148429.14",1596.90848176939,-0.0893761514163671,0.0610746001757498,-1.46339314803824,0.143359832506389,0.308225954383934,"USP6NL"
"ENSG00000148444.16",373.11357013745,0.0470775745797199,0.0748084404065341,0.629308328363546,0.529147220009937,0.69986089288856,"COMMD3"
"ENSG00000148450.13",1072.00064841811,0.20622601806331,0.0728512995764524,2.83078022303349,0.00464346156719964,0.0317870652969724,"MSRB2"
"ENSG00000148459.16",220.89860139901,0.147094944101205,0.0804737842038699,1.82786165154803,0.0675703176790887,0.189653088367533,"PDSS1"
"ENSG00000148468.17",764.162676517945,-0.103661177699512,0.130359993117504,-0.795191647533099,0.426502029656231,0.614035927516755,"FAM171A1"
"ENSG00000148481.14",964.044993649226,0.063791216982752,0.0669675101667571,0.952569638977233,0.340808166332266,0.534147140564907,"MINDY3"
"ENSG00000148482.12",2.63696661895697,-0.102670233401739,0.220646064614765,-0.465316404264883,0.641704889010637,0.784499719819012,"SLC39A12"
"ENSG00000148483.9",101.788021905563,0.142544698364268,0.162841685001955,0.875357549650493,0.381379389799311,0.572696947570631,"TMEM236"
"ENSG00000148484.18",3477.0592442659,0.120419379271608,0.0555782701738706,2.16666295829088,0.0302605629901392,0.111275264150446,"RSU1"
"ENSG00000148488.17",270.10621887268,-0.162823993089046,0.219049218182699,-0.743321498428002,0.45728705879437,0.64027496208432,"ST8SIA6"
"ENSG00000148498.16",2931.41918026181,0.15983540694462,0.0744730622822674,2.1462177335855,0.0318556113935547,0.1152899476009,"PARD3"
"ENSG00000148516.22",1326.48681255605,-0.148993148850945,0.110837364645091,-1.34425019331731,0.178867495593026,0.354888887412312,"ZEB1"
"ENSG00000148541.13",128.494665109466,-0.0728286342499005,0.135981607024192,-0.535577096371156,0.592250861442532,0.748433586631099,"FAM13C"
"ENSG00000148572.16",1035.13487861033,0.112522099833077,0.0499287616648587,2.25365292631067,0.0242180109407169,0.0964462007475226,"NRBF2"
"ENSG00000148584.15",10.9414000656548,-0.0821015303717239,0.318296806905502,-0.257940163364877,0.796453087486096,0.887783334728626,"A1CF"
"ENSG00000148600.15",34.3764054001341,-0.340248828709609,0.180967196093528,-1.88016853912993,0.0600851118464594,0.175891464759006,"CDHR1"
"ENSG00000148606.13",1407.59078000691,-0.0198307131856963,0.0686349678456325,-0.288930173760666,0.772634812670088,0.872828231041838,"POLR3A"
"ENSG00000148634.16",2077.96735191359,-0.0113122310637007,0.0637695069937047,-0.177392481093157,0.859200112879187,0.92457327661043,"HERC4"
"ENSG00000148655.15",413.314441804949,0.0321788163084597,0.0962180563866081,0.334436357549813,0.738050307884796,0.850503925111921,"LRMDA"
"ENSG00000148660.20",2076.92543638118,-0.0591381096815568,0.0608675815062782,-0.971586322605195,0.331256389574911,0.524892626629743,"CAMK2G"
"ENSG00000148672.9",6021.63056425193,0.150747423931484,0.057618588998891,2.61629842991097,0.00888888299794668,0.0495954233932809,"GLUD1"
"ENSG00000148677.7",466.05365618579,-0.155093862933132,0.285087679810112,-0.544021625334476,0.586426591623707,0.743710974970596,"ANKRD1"
"ENSG00000148680.16",30.314702334745,0.155683153490908,0.152420960055562,1.02140252517867,0.307063769455672,0.500644815490548,"HTR7"
"ENSG00000148688.14",935.621638514258,0.0502908719948497,0.0508513452474475,0.988978202054037,0.322673806746308,0.516355637971873,"RPP30"
"ENSG00000148690.12",876.6325472893,-0.158859191948693,0.0604459431302143,-2.62811999816884,0.00858582225976252,0.0484633637614858,"FRA10AC1"
"ENSG00000148700.15",3608.83544879612,-0.307126727519928,0.0936568164643265,-3.27927789043429,0.00104073098295503,0.0112936951158807,"ADD3"
"ENSG00000148702.15",868.240152670424,-0.598923899076705,0.246510002858136,-2.42961296552895,0.0151149538290885,0.0707269371513482,"HABP2"
"ENSG00000148704.13",6.58640628991343,2.31410165174168,0.554930638675334,4.17007368211933,3.04501173526749e-05,0.000901935726888438,"VAX1"
"ENSG00000148719.15",2526.2855742009,0.0149932451027958,0.0528154721128643,0.283879789444198,0.776502505292706,0.875317738323657,"DNAJB12"
"ENSG00000148730.7",7259.02282166963,-0.04170908570152,0.0555274231929853,-0.751143908777475,0.452566052850567,0.635884431211392,"EIF4EBP2"
"ENSG00000148734.8",87.2642510408354,-0.286872918929492,0.167747383843102,-1.71014839312076,0.0872384359307309,0.224228305986399,"NPFFR1"
"ENSG00000148735.15",1192.02718201025,-0.611452659649893,0.218223014986714,-2.80196229388143,0.00507928098200904,0.0338006199748205,"PLEKHS1"
"ENSG00000148737.17",1556.25180974958,0.00458792822956951,0.0658234373025752,0.0697005264018629,0.944432022794546,0.971091612925008,"TCF7L2"
"ENSG00000148773.14",3563.32756866242,0.326432323045931,0.153839973812891,2.121895336793,0.033846528136667,0.120005586928014,"MKI67"
"ENSG00000148795.7",7.29127252446682,-0.210638854321742,0.234551109909946,-0.898050980882653,0.369158370740287,0.561733031854135,"CYP17A1"
"ENSG00000148798.11",133.853897495295,-0.782069963280499,0.317998712121787,-2.45934946736823,0.0139189055164413,0.0668786435789984,"INA"
"ENSG00000148803.12",386.867503820153,0.163566873985029,0.120755369760294,1.35453085282847,0.175567077078218,0.350997099451457,"FUOM"
"ENSG00000148814.18",476.268681461848,-0.110249454584867,0.0662049168221818,-1.66527593231456,0.0958577179240477,0.238216839803338,"LRRC27"
"ENSG00000148824.19",141.047841417201,0.0331768548766419,0.095004899666843,0.349212040568269,0.72693012747883,0.843103115017437,"MTG1"
"ENSG00000148826.9",1.19524503381316,0.157809001771589,0.461487260033928,0.341957439431778,0.732382921911395,0.846874986773967,"NKX6-2"
"ENSG00000148832.16",15.1314346674807,-0.0562678805051741,0.0885030545203034,-0.635773316640339,0.524924181666985,0.696898176004823,"PAOX"
"ENSG00000148834.13",4466.86235064432,0.252255859774117,0.101887317098806,2.4758318008265,0.0132926184311336,0.0649473356952937,"GSTO1"
"ENSG00000148835.11",253.592069935542,0.0608479090104397,0.0628228199752418,0.968563796315091,0.332762874112928,0.526252820057083,"TAF5"
"ENSG00000148840.11",2663.87450418639,0.0262126907321402,0.0685463602111508,0.382408207399991,0.7021586035387,0.826420843059141,"PPRC1"
"ENSG00000148841.17",1625.74263835872,0.2344926337164,0.11907306069751,1.96931726070348,0.0489166702960612,0.153537447750726,"ITPRIP"
"ENSG00000148842.18",635.756657519593,0.00019961612380266,0.065628466066609,0.00304160885918105,0.997573150993211,0.998803167208498,"CNNM2"
"ENSG00000148843.15",2482.6251639784,0.064899791743007,0.0713793307712039,0.909223875340522,0.363231963902547,0.556208342112385,"PDCD11"
"ENSG00000148848.14",1450.20158811532,0.259710100042472,0.177198070454577,1.46564857831816,0.142744049735981,0.307320287936316,"ADAM12"
"ENSG00000148908.15",1407.81771068911,0.111474958494686,0.103875421073447,1.0731601118215,0.283199284084814,0.475714374525243,"RGS10"
"ENSG00000148925.11",1369.30366306654,-0.0404185940520091,0.0647998397874438,-0.623745277528309,0.532794882744487,0.702368162728208,"BTBD10"
"ENSG00000148926.10",1307.88881580824,0.274067002789646,0.166101970256787,1.64999248573602,0.0989444729681028,0.242806688179188,"ADM"
"ENSG00000148935.11",132.738083838919,-0.757683674067412,0.168768903335637,-4.48947441792981,7.13991210630109e-06,0.000312364117943604,"GAS2"
"ENSG00000148942.15",43.6056310793163,0.796287741286854,0.271732088520573,2.93041482742134,0.00338509777099906,0.0257364832358693,"SLC5A12"
"ENSG00000148943.12",1855.08255276026,-0.104404209388291,0.0675634313341677,-1.5452768950101,0.122279301678043,0.278160512094919,"LIN7C"
"ENSG00000148948.8",48.3466191852099,-0.151688406813083,0.138342454988489,-1.09647039895095,0.272872970525643,0.465121841476051,"LRRC4C"
"ENSG00000148950.11",168.329996015154,-0.119704298135373,0.0810723647152467,-1.4765117380727,0.139806566475769,0.302993101007536,"IMMP1L"
"ENSG00000148965.10",4.81319607384755,-0.451839814259239,0.281211358986575,-1.60676231531888,0.108106517892286,0.257267919565165,"SAA4"
"ENSG00000148985.20",1139.61094992048,0.0199545924049329,0.0621612194157767,0.321013528892717,0.748200138486246,0.856928850837782,"PGAP2"
"ENSG00000149016.16",537.175079684902,0.0165422612698512,0.0747653164823195,0.221255818180922,0.824893249414558,0.904134819791223,"TUT1"
"ENSG00000149021.7",3193.67290570759,-1.17888679852335,0.345612977828441,-3.41100269420016,0.000647244519516283,0.00805986614526752,"SCGB1A1"
"ENSG00000149043.16",420.014665481595,0.44128865551512,0.224156128359076,1.96866647700223,0.0489914032794348,0.153650177628796,"SYT8"
"ENSG00000149050.10",89.1609104206986,-0.308011362560713,0.137201905730144,-2.24494959396938,0.0247713686468151,0.0979585670932909,"ZNF214"
"ENSG00000149054.16",98.0446343384352,0.00803704065821153,0.149779774153396,0.0536590517887979,0.957206807710943,0.978199895543166,"ZNF215"
"ENSG00000149084.13",2066.43093155055,-0.0263890426873819,0.0670439495665562,-0.393608116138577,0.693870388170106,0.821136275311816,"HSD17B12"
"ENSG00000149089.13",697.373030736694,-0.00727389193637652,0.0666170601505856,-0.109189626800314,0.913052087729835,0.953849921766902,"APIP"
"ENSG00000149090.12",287.161202655463,-0.0999945643791366,0.134470786648036,-0.743615523279884,0.457109109218879,0.640079642211648,"PAMR1"
"ENSG00000149091.15",2658.192767628,0.0968017414001405,0.0646538666359291,1.49723050510248,0.134333290443779,0.295693106693866,"DGKZ"
"ENSG00000149100.13",3959.48709908928,0.107876205879229,0.0535963554429957,2.01275263938356,0.0441406585903524,0.143765891845882,"EIF3M"
"ENSG00000149115.14",9359.62880722139,0.0693114604975316,0.0816190559393528,0.849206839013595,0.395766208414791,0.58634052940342,"TNKS1BP1"
"ENSG00000149124.11",1.04599305446768,-0.0518470866456646,0.365269652646602,-0.141941949652813,0.887125858724485,0.939889295268402,"GLYAT"
"ENSG00000149131.17",16580.3254561396,0.116105295190228,0.119276590276755,0.973412259026114,0.330348448531548,0.524002615511022,"SERPING1"
"ENSG00000149136.9",6673.23731313173,0.0726422682398116,0.0655905698436135,1.10751085732311,0.268073120738394,0.459859769617857,"SSRP1"
"ENSG00000149150.9",637.346396181578,0.0195280168715004,0.11173316428661,0.174773685111151,0.861257466295991,0.9255897487134,"SLC43A1"
"ENSG00000149177.13",2725.50155544796,-0.0146238243567494,0.0806404365272478,-0.181346046555788,0.856095965221979,0.922932548738274,"PTPRJ"
"ENSG00000149179.14",1643.58497289329,0.0695120127149042,0.0707078694746435,0.983087359743343,0.325564444862175,0.518974943601936,"C11orf49"
"ENSG00000149182.15",3854.69363103167,-0.0422325487300235,0.0474961519169324,-0.889178323412082,0.373907250579105,0.565825862733739,"ARFGAP2"
"ENSG00000149187.18",5519.05401345438,-0.0970549955228035,0.054277439832299,-1.78812773451869,0.0737554019473776,0.200812773718846,"CELF1"
"ENSG00000149196.16",1050.63225139895,-0.0225934822988564,0.0552826253347116,-0.408690473038554,0.682766826149592,0.813927096211629,"HIKESHI"
"ENSG00000149201.10",65.3102694080245,-0.749258639771577,0.169821233417322,-4.41204332752863,1.02399614675631e-05,0.000408775823908368,"CCDC81"
"ENSG00000149212.12",3288.60212620191,-0.332652788386179,0.120902974842372,-2.75140284033437,0.00593406199609323,0.0377172061924269,"SESN3"
"ENSG00000149218.5",3557.8284367632,-0.0857714385883276,0.105090250436191,-0.816169323341812,0.41440329943346,0.603378981255561,"ENDOD1"
"ENSG00000149231.15",1248.35276429206,-0.185918675979352,0.0653445131414518,-2.84520714963309,0.0044382549453866,0.0308675207638931,"CCDC82"
"ENSG00000149243.16",241.234333681222,-0.128721405232911,0.14947095249042,-0.861180069359372,0.389138875327874,0.580214089553531,"KLHL35"
"ENSG00000149256.16",755.034444210132,-0.109459012583717,0.136900532030845,-0.799551403927743,0.423970752786783,0.611606147256396,"TENM4"
"ENSG00000149257.16",12627.0851375493,0.278464811211431,0.0868698122023319,3.20554176591113,0.00134808481101871,0.01355126437598,"SERPINH1"
"ENSG00000149260.18",2012.15614303775,0.23480244624045,0.151647394711178,1.54834474200923,0.121539317628951,0.277018450182834,"CAPN5"
"ENSG00000149262.17",1081.1478096309,-0.0357911151893165,0.048678648460146,-0.735252853591842,0.462185515488136,0.644504392341215,"INTS4"
"ENSG00000149269.10",3647.46663113238,0.212322856554971,0.0781228947304184,2.71780580184134,0.00657163965662849,0.0404118210358575,"PAK1"
"ENSG00000149273.15",56991.5802060411,0.0880490041749002,0.107631250085416,0.818061707032339,0.413321953000846,0.602396356857145,"RPS3"
"ENSG00000149289.11",796.405517886759,0.14270672379913,0.106024483958548,1.3459789519459,0.178309304694694,0.354224696055877,"ZC3H12C"
"ENSG00000149292.17",534.330725653038,-0.293036726004332,0.0773099569422864,-3.79041377843594,0.00015039653372553,0.00291962203925602,"TTC12"
"ENSG00000149294.17",213.268071462376,-0.739239001602036,0.196067189375642,-3.77033507725629,0.000163028509790049,0.00309447444494874,"NCAM1"
"ENSG00000149295.14",13.968865921655,-1.07494040714978,0.228553964339909,-4.70322363584607,2.56085653170503e-06,0.000149047728989581,"DRD2"
"ENSG00000149305.7",5.83555650417598,0.695422956466947,0.371609157572304,1.8713827210559,0.0612920521464028,0.178373801757884,"HTR3B"
"ENSG00000149308.17",1093.90807571599,-0.173212767527367,0.0678106415399877,-2.55435966381801,0.010638330428388,0.0559087505844232,"NPAT"
"ENSG00000149311.19",2690.9667068494,-0.358550146807119,0.0958903095493724,-3.73916977108628,0.000184629011357892,0.0033997120280562,"ATM"
"ENSG00000149313.11",1673.29971017009,0.0105924543629931,0.0546753141994851,0.193733762998528,0.84638435361465,0.916696920133187,"AASDHPPT"
"ENSG00000149328.15",1665.98154225054,-0.0951072188747978,0.145577637734491,-0.653309260645217,0.513556923429733,0.687983695816049,"GLB1L2"
"ENSG00000149346.15",561.236259592702,-0.0867803536558735,0.0699938115091235,-1.23982894751434,0.215038668822269,0.398313252536987,"SLX4IP"
"ENSG00000149357.10",4464.43510767729,0.0801633772931126,0.0721990265560163,1.11031105427602,0.266865011259679,0.458448752315196,"LAMTOR1"
"ENSG00000149380.12",325.429893076963,0.327775714517655,0.139039027946417,2.35743675253523,0.0184015896973085,0.0807380181221845,"P4HA3"
"ENSG00000149403.13",45.9509409510158,-0.191716713915549,0.179351677857817,-1.06894296281708,0.285095371232911,0.477589911795629,"GRIK4"
"ENSG00000149418.11",13250.5981366412,0.0869120503788518,0.106559139820672,0.815622672303056,0.414715978134061,0.60353801022937,"ST14"
"ENSG00000149428.19",9605.82368783819,-0.0570122301722649,0.0905091241032139,-0.629905887800327,0.5287561604648,0.699621606007257,"HYOU1"
"ENSG00000149435.12",786.467557927257,-0.968889554270865,0.254709337351886,-3.80390277146505,0.000142434104021603,0.00283063677786416,"GGTLC1"
"ENSG00000149451.18",133.095810198493,-0.202975499204237,0.156859252512192,-1.29399761858779,0.195666243384098,0.375421636755808,"ADAM33"
"ENSG00000149474.14",668.215102667096,0.0230031608350402,0.0607332713336649,0.37875715122708,0.704868209093764,0.828318876893309,"KAT14"
"ENSG00000149476.16",1710.29337470823,0.104853651976527,0.0755482195631395,1.38790368036265,0.165166377014811,0.337056518435753,"TKFC"
"ENSG00000149480.7",4386.75417458742,0.0714894583868931,0.0524698678018832,1.36248596350241,0.173044570947736,0.347812901507062,"MTA2"
"ENSG00000149483.12",1226.90005977997,-0.0372145895085614,0.05088339997451,-0.731369946332282,0.464553217143764,0.64631718589082,"TMEM138"
"ENSG00000149485.19",3162.44121400929,0.0246909410381146,0.0961007398594734,0.256927689362431,0.797234594884157,0.888073154555811,"FADS1"
"ENSG00000149488.13",16.6908661860771,-0.496854123994809,0.202727586511278,-2.45084614553516,0.014252085669667,0.0679134252071281,"TMC2"
"ENSG00000149489.9",145.337265951015,-0.0757274661131118,0.0935931390249459,-0.809113433976477,0.418449901676926,0.606849874832509,"ROM1"
"ENSG00000149499.12",2063.44283293495,-0.0609970989594716,0.0587168992988356,-1.03883378870248,0.298882044027206,0.491874904038282,"EML3"
"ENSG00000149503.13",1077.90270008975,0.181618111905931,0.0981308183012367,1.85077547553318,0.0642018606440257,0.183610563288004,"INCENP"
"ENSG00000149506.11",9.42341097434886,-0.162027086133309,0.188211878791142,-0.860875982823109,0.389306350704487,0.580338488992518,"ZP1"
"ENSG00000149516.14",2.30316128980647,-0.0732683714288369,0.272681910440635,-0.268695386908653,0.788164101996728,0.882649229642417,"MS4A3"
"ENSG00000149527.18",293.238986060697,-0.10353118471157,0.173211326531839,-0.597716019988679,0.550029434289161,0.715820887959856,"PLCH2"
"ENSG00000149531.15",360.357473581561,-0.052897354473687,0.0980749678418736,-0.539356327487901,0.589641009294117,0.746428276474445,"FRG1BP"
"ENSG00000149532.16",3820.18979866321,-0.0459706203878873,0.0447918078566212,-1.0263175921597,0.304741907647242,0.497976456822402,"CPSF7"
"ENSG00000149534.9",281.018097522098,-0.235186645138669,0.184007618934861,-1.27813536472055,0.201201701384932,0.381708829232922,"MS4A2"
"ENSG00000149541.10",1906.08435473399,0.0123519129449877,0.0831035917367504,0.148632720762722,0.881843452347349,0.937002235973051,"B3GAT3"
"ENSG00000149547.15",5810.84796025219,0.133290609199493,0.0582357367909999,2.28881124450875,0.0220903218636316,0.0907742638615018,"EI24"
"ENSG00000149548.15",128.996246689292,-0.155670866701708,0.0998811202811116,-1.55856148052383,0.119100205929583,0.273632127252336,"CCDC15"
"ENSG00000149554.13",756.944714451606,0.261727903286082,0.135313795984002,1.93422925861179,0.0530849465204944,0.161994236893384,"CHEK1"
"ENSG00000149557.14",446.06206946468,0.0753256244311896,0.13152589193345,0.572705672806257,0.566843995828459,0.728899507671272,"FEZ1"
"ENSG00000149564.12",2717.89085832977,-0.180153332494073,0.143261735595866,-1.25751186626885,0.208568344907281,0.390697457210269,"ESAM"
"ENSG00000149571.12",33.2608731225195,0.851264154425419,0.171617984813265,4.96022695611808,7.04108667227154e-07,5.70362283649481e-05,"KIRREL3"
"ENSG00000149573.9",8231.29416243911,-0.0199180885536788,0.118376255421487,-0.168260843213523,0.866378077206512,0.928693690619359,"MPZL2"
"ENSG00000149575.9",82.2298436648944,-0.460325751941827,0.188202748461091,-2.44590345096365,0.0144489687548544,0.0685353350556158,"SCN2B"
"ENSG00000149577.16",2898.93027396987,-0.0440966958371224,0.0804700088455689,-0.54798920081827,0.583699318020047,0.7419196500913,"SIDT2"
"ENSG00000149582.16",1035.05776865794,-0.106770060305213,0.081073176206876,-1.3169591386523,0.187852321546491,0.366025864490558,"TMEM25"
"ENSG00000149591.17",7529.56905381162,0.204171807508129,0.122408995752714,1.66794773744071,0.0953261020048719,0.237462919120703,"TAGLN"
"ENSG00000149596.7",193.80183960549,0.138534364492772,0.148370755228166,0.933703978791048,0.350456612047821,0.544052218492774,"JPH2"
"ENSG00000149599.15",40.6162514149745,-0.199290629876863,0.153300269359608,-1.300001824585,0.193600343818837,0.373120062333729,"DUSP15"
"ENSG00000149600.12",1533.40784748154,0.0976547421477126,0.076300795771792,1.27986531673651,0.200592507403494,0.381204769049862,"COMMD7"
"ENSG00000149609.6",24.6390334852505,-0.104501070203721,0.140311485646578,-0.74477915847133,0.456405236212755,0.63944014932125,"C20orf144"
"ENSG00000149633.12",202.154076185352,-0.0105434203869687,0.105318634373246,-0.100109733189315,0.920257208186017,0.957920311159864,"KIAA1755"
"ENSG00000149634.4",25.2986549532861,-0.146063622117162,0.110690260909792,-1.31957067330609,0.186978399663149,0.364949987802088,"SPATA25"
"ENSG00000149636.16",1061.84834983883,-0.0511526562643114,0.0796116684222603,-0.642527122946321,0.520530984418615,0.693529126508193,"DSN1"
"ENSG00000149639.15",2482.43172030416,0.039889986859917,0.086041158822882,0.463615174477504,0.642923480545139,0.785372674055679,"SOGA1"
"ENSG00000149646.12",8.63887035592144,0.0429439058985979,0.116514931074871,0.368569980709191,0.712448274534692,0.833873805733293,"CNBD2"
"ENSG00000149651.4",2.91710855211602,-0.259400915289109,0.392415728467283,-0.661035979119109,0.508589240291019,0.683965415456814,"SPINT4"
"ENSG00000149654.11",5.76814499045429,0.334097191001545,0.228414501406885,1.46267942246978,0.143555119378423,0.308486451266109,"CDH22"
"ENSG00000149656.8",1.16754891451772,-0.662219481744283,0.277082562562998,-2.38997169514671,0.0168496713194727,0.0760949962687119,"LINC00266-1"
"ENSG00000149657.20",2469.4092746528,-0.127976805061546,0.0690624520932901,-1.85305909626079,0.0638738887685682,0.18307105533505,"LSM14B"
"ENSG00000149658.18",3592.39216206451,-0.0830175801055656,0.0563127987435112,-1.47422223647038,0.140421764657581,0.303950446053236,"YTHDF1"
"ENSG00000149679.11",706.694523268127,-0.162477629248238,0.0939987511567439,-1.72850838174759,0.0838971196196063,0.218559217800904,"CABLES2"
"ENSG00000149716.13",714.706338596342,-0.123434113448955,0.0718182881120998,-1.71870030174332,0.0856689570769224,0.221457340202221,"LTO1"
"ENSG00000149735.7",7.22527455041142,-0.838308460229882,0.243745239212054,-3.43928136992481,0.000583260682363777,0.00746533397074577,"GPHA2"
"ENSG00000149743.14",832.384015511838,-0.0446204867021704,0.0782674997534663,-0.570102364873285,0.568608271283548,0.730209264256246,"TRPT1"
"ENSG00000149761.9",804.071133992815,0.072363484188909,0.0773116028958709,0.935997721925047,0.349274360628604,0.542951453910824,"NUDT22"
"ENSG00000149781.13",1874.26986443236,0.0730630629010501,0.115774928660142,0.631078453224766,0.527989228785508,0.699051355840131,"FERMT3"
"ENSG00000149782.13",2169.11277729933,0.159582292194733,0.0733890707518863,2.1744694483767,0.0296698974243402,0.109853191164208,"PLCB3"
"ENSG00000149792.9",3112.35015555741,0.0203685503045006,0.074565965666516,0.273161490264816,0.784729080911863,0.880463225518102,"MRPL49"
"ENSG00000149806.11",9835.03568810392,0.148454829456369,0.0918290598690009,1.61664324635522,0.10595531114772,0.25369077123632,"FAU"
"ENSG00000149809.16",1601.26152067728,0.0601625563798271,0.110198219828223,0.545948532323014,0.585101316217876,0.742935855104567,"TM7SF2"
"ENSG00000149823.9",2787.00278016048,0.00154830639382554,0.0678025548279,0.022835517006041,0.981781476931069,0.990918896242833,"VPS51"
"ENSG00000149922.11",146.770149268236,0.141669009501972,0.124232391420464,1.14035484531964,0.254138496937176,0.444633324817407,"TBX6"
"ENSG00000149923.14",5106.71142283457,0.181466362582771,0.0796894630444928,2.27716884579148,0.0227761447682247,0.0925755326295331,"PPP4C"
"ENSG00000149925.22",427.736944523103,0.569450461794205,0.11363822307515,5.01108206714587,5.41248245371599e-07,4.69265047738454e-05,"ALDOA"
"ENSG00000149926.13",11.5384900354186,0.123032039434019,0.187347356051362,0.656705501626023,0.511370296231801,0.686300289129896,"TLCD3B"
"ENSG00000149927.18",116.53421453596,-0.153317929728149,0.203362724063726,-0.753913631094484,0.450901085019537,0.634562701253559,"DOC2A"
"ENSG00000149929.16",900.721223343166,0.0574434262973101,0.072954950198994,0.787382160369183,0.431058186691484,0.617219422742722,"HIRIP3"
"ENSG00000149930.18",3485.20154992119,-0.00744754595609505,0.0615907643867188,-0.120919849432832,0.903754519959661,0.948781232712673,"TAOK2"
"ENSG00000149932.17",4934.43419448537,0.103891002050808,0.072845379972168,1.42618518965103,0.153814893531407,0.322437932901469,"TMEM219"
"ENSG00000149948.14",955.664907741958,0.945295147659133,0.323183239586762,2.92495102427909,0.00344510438445768,0.0260440191352746,"HMGA2"
"ENSG00000149968.12",119.984942846203,0.201737899863048,0.247984357956985,0.813510583994339,0.415925380550347,0.604637310918815,"MMP3"
"ENSG00000149970.16",106.782831240116,-0.354097842630653,0.183006490278572,-1.93489226579695,0.0530035174896478,0.16184333449593,"CNKSR2"
"ENSG00000149972.11",57.0863393382715,-0.339457846175388,0.233090018863597,-1.45633797547563,0.145299212456932,0.310957969735961,"CNTN5"
"ENSG00000150045.12",61.3492587556704,-0.0261636447186128,0.175801561915101,-0.148824870687144,0.881691825213223,0.936886410529199,"KLRF1"
"ENSG00000150048.10",191.68757547242,-0.131726784905532,0.138867209845898,-0.948580914470086,0.342833801698579,0.536194191757917,"CLEC1A"
"ENSG00000150051.14",112.916102315616,-0.256343757402283,0.184911303641435,-1.38630658242161,0.165653307755767,0.337653608507418,"MKX"
"ENSG00000150054.18",2317.53888913705,-0.20278530908405,0.0928915770196835,-2.18303225750037,0.0290334345815777,0.108327932032328,"MPP7"
"ENSG00000150093.20",18747.165032807,0.273984575183025,0.0822449001082222,3.33132601319355,0.00086433311839841,0.00993654782832813,"ITGB1"
"ENSG00000150175.13",3.77975039936393,-1.13999508765861,0.303440595897048,-3.75689707663701,0.000172033208777684,0.0032176975392334,"FRMPD2B"
"ENSG00000150201.15",61.9080039312559,1.25574198377648,0.287394163136184,4.36940670636178,1.24584549768395e-05,0.000468148241020224,"FXYD4"
"ENSG00000150244.12",8.66683423940382,-3.35937171543098,0.941481142580882,-3.56817737870133,0.000359473124774689,0.00544492208513363,"TRIM48"
"ENSG00000150275.19",50.9335084350375,-0.470227350614767,0.287319967880216,-1.63659822908934,0.101714445902067,0.247144872822764,"PCDH15"
"ENSG00000150276.8",1.67353385381732,-0.189053898624457,0.269723908722721,-0.700916353762342,0.483355217894328,0.662551066669766,"PPIAP26"
"ENSG00000150281.7",434.788231252129,-0.0699749763919431,0.12103636905483,-0.57813182052945,0.563175125146292,0.726524297395427,"CTF1"
"ENSG00000150316.12",2083.46726968166,0.0411937074987685,0.057779047945217,0.712952341094754,0.475875248888541,0.656228085210877,"CWC15"
"ENSG00000150337.13",316.433173144512,0.0222135578230533,0.130703636003265,0.169953633290649,0.865046601337149,0.927984420761002,"FCGR1A"
"ENSG00000150347.16",3079.67412490267,-0.196880775918084,0.0813037649549075,-2.42154562002482,0.0154546610767807,0.0717417779181901,"ARID5B"
"ENSG00000150394.14",43.7182409026558,-0.945326348765054,0.23230473267773,-4.06933745115077,4.71470194584304e-05,0.00125875358366441,"CDH8"
"ENSG00000150401.15",494.831187500116,-0.195951680973072,0.0614399030695505,-3.18932275578711,0.00142606560043857,0.0140633892284956,"DCUN1D2"
"ENSG00000150403.18",3095.55624149165,0.0807856357685229,0.0709050908490233,1.13934887891954,0.254557668995816,0.445068189994628,"TMCO3"
"ENSG00000150433.9",722.020422433781,-0.0601719806385031,0.0625012862036678,-0.962731877907691,0.335682094772097,0.528986233706084,"TMEM218"
"ENSG00000150455.13",210.509810119891,0.0214170051163003,0.0689748764919897,0.310504435898301,0.756177386717753,0.862013048901407,"TIRAP"
"ENSG00000150456.11",232.399247987648,0.0371982664579106,0.078359879246683,0.474710614864624,0.634993250981118,0.779469459867799,"EEF1AKMT1"
"ENSG00000150457.9",1437.86799007485,0.101463144051415,0.0856444780757773,1.18470152812002,0.236135478073297,0.423530667446092,"LATS2"
"ENSG00000150459.12",4532.03899657007,0.104347549199619,0.0671456762221196,1.55404718621694,0.120173161591081,0.275091107594325,"SAP18"
"ENSG00000150471.16",199.717836810902,0.366854481103128,0.194823265848065,1.8830116593427,0.0596987879039817,0.175083839472098,"ADGRL3"
"ENSG00000150477.15",387.186418139263,-0.444469790182003,0.0999115556929264,-4.44863246397704,8.64187464065779e-06,0.000359193423734606,"KIAA1328"
"ENSG00000150510.17",138.289687584157,0.0259700545409869,0.120915251416179,0.214778981450408,0.829939640854615,0.907398130208292,"FAM124A"
"ENSG00000150527.17",2664.50616245149,-0.187621511774209,0.0912199265348985,-2.05680402189789,0.0397050810665337,0.133971953374694,"MIA2"
"ENSG00000150540.14",2482.35412762039,-0.100657581364536,0.100291614339725,-1.00364902915583,0.315547813338835,0.5095568389916,"HNMT"
"ENSG00000150551.11",120.776416278615,0.56664597825041,0.182580853829125,3.10353449645232,0.00191223940754495,0.0173613816731372,"LYPD1"
"ENSG00000150556.17",262.789816584646,0.0196351048617008,0.221017726498587,0.088839502481383,0.929209463351075,0.962698572675344,"LYPD6B"
"ENSG00000150593.18",2451.26620919353,-0.244373917422624,0.0675517426902363,-3.61758124499051,0.000297369001447732,0.00476205202751291,"PDCD4"
"ENSG00000150594.7",618.071651736691,-0.54953760364441,0.199352299277536,-2.75661532691604,0.00584030133496243,0.0372596986366559,"ADRA2A"
"ENSG00000150625.16",478.014077808725,0.160203594647216,0.282116748108106,0.567862757959435,0.570128161785393,0.731427570818892,"GPM6A"
"ENSG00000150627.16",141.510363733733,-0.245351383934338,0.167549641870755,-1.46435039308289,0.143098234807207,0.307941925630946,"WDR17"
"ENSG00000150628.7",22.6487179708449,-0.53463587375123,0.22552975440965,-2.37057799823665,0.0177602961411551,0.0789549391677763,"SPATA4"
"ENSG00000150630.4",562.203310298816,0.563327934098561,0.155483966892974,3.62306124133252,0.000291136856564381,0.0046915873018383,"VEGFC"
"ENSG00000150636.17",398.856930899201,0.0453172116841746,0.106080797701009,0.427195238594474,0.66923712907121,0.8049220968261,"CCDC102B"
"ENSG00000150637.9",265.086171343344,-0.300410943095542,0.128247485230066,-2.34243145241116,0.0191585529343615,0.0828801588934119,"CD226"
"ENSG00000150656.15",7.58118414716983,0.267492086342184,0.188039313130079,1.42253277726633,0.154871643191608,0.3239059473393,"CNDP1"
"ENSG00000150667.8",23.4347752957289,-0.255216233395741,0.120684081239023,-2.11474645848502,0.0344515624084253,0.121336704460352,"FSIP1"
"ENSG00000150672.17",231.683428102757,-0.0921395478691692,0.125575025178188,-0.733741026437585,0.463106589101114,0.64538332653593,"DLG2"
"ENSG00000150676.13",1.49719333052035,-0.217284344613968,0.348527273894139,-0.623435698980521,0.532998244806197,0.702514175318567,"CCDC83"
"ENSG00000150681.10",131.438555618666,-0.119871737642659,0.139433174489353,-0.859707441085427,0.389950331941178,0.580955671961231,"RGS18"
"ENSG00000150687.12",7248.94090179718,0.0990738881136975,0.115921810982347,0.854661321058771,0.392738669247978,0.583372645645377,"PRSS23"
"ENSG00000150712.11",2486.57680879851,-0.216188774064572,0.0588154886704597,-3.67571160168143,0.000237187350554516,0.00408097078140128,"MTMR12"
"ENSG00000150722.10",138.603629286497,0.103681179172377,0.166547939256429,0.622530543669727,0.533593066201696,0.702853076744452,"PPP1R1C"
"ENSG00000150750.8",36.6046503411042,-0.823675310303643,0.34738556106706,-2.37106950494307,0.017736695316661,0.0788816186451504,"C11orf53"
"ENSG00000150753.12",8920.43932892604,0.118160392662601,0.0941935838652223,1.25444205235541,0.209681375722112,0.391900412166186,"CCT5"
"ENSG00000150756.14",681.522514999281,-0.14588223392521,0.072264667938081,-2.01872143175427,0.0435161811533953,0.14239713144615,"ATPSCKMT"
"ENSG00000150760.13",3336.02301525625,-0.170440979199149,0.0755452215885688,-2.2561450693387,0.0240615473661825,0.0959934134869863,"DOCK1"
"ENSG00000150764.14",871.733946035352,-0.144722618877272,0.09365645579222,-1.54524979247928,0.122285854634783,0.278160512094919,"DIXDC1"
"ENSG00000150768.16",1855.15594045695,0.0605898265870341,0.0640051497931182,0.946639868555526,0.343822320974191,0.537159856039124,"DLAT"
"ENSG00000150773.11",104.685461219639,-0.4392487107908,0.109439228344418,-4.0136312859264,5.9791721533643e-05,0.00151035340289801,"PIH1D2"
"ENSG00000150776.18",1519.15802735598,0.000924563683230146,0.0500446646546009,0.0184747702799352,0.985260104530516,0.992898634504443,"NKAPD1"
"ENSG00000150779.12",1371.43979907266,0.176043766442152,0.103192547214011,1.7059736501809,0.0880129856685471,0.225401256297149,"TIMM8B"
"ENSG00000150782.12",1090.18095451304,0.116371473652073,0.115232015507581,1.0098883816227,0.312548769666459,0.506655282330579,"IL18"
"ENSG00000150783.10",4.25627801947037,-0.478580990825486,0.18824889204214,-2.54227786221634,0.0110132582013512,0.0573133413517669,"TEX12"
"ENSG00000150787.8",784.552069032476,-0.00141021319872258,0.0824238655365081,-0.0171092824820009,0.986349433647246,0.993300454028861,"PTS"
"ENSG00000150867.14",2384.20764728637,0.096162550459485,0.0734550099624119,1.30913535385392,0.190488505464203,0.369336716438413,"PIP4K2A"
"ENSG00000150873.12",122.539426369669,-0.616731298512188,0.170276352462439,-3.6219433267942,0.000292398188291118,0.00470508114198946,"C2orf50"
"ENSG00000150893.11",950.971102508178,-0.611528599719029,0.189635453238792,-3.22475881632208,0.00126078835876386,0.0129274489770019,"FREM2"
"ENSG00000150907.10",1235.55535317578,-0.0644675540512167,0.102938677125667,-0.626271444818694,0.53113691266785,0.701043316257896,"FOXO1"
"ENSG00000150938.10",4384.63729128618,0.10556033002655,0.10907038924275,0.9678184038714,0.333135070818335,0.52676636963927,"CRIM1"
"ENSG00000150961.15",4230.46219295693,0.0232129796932408,0.0695746413224766,0.333641385022013,0.738650185223022,0.850835340283436,"SEC24D"
"ENSG00000150967.18",410.40669683951,-0.0513733714473826,0.102971183287556,-0.498910178626555,0.617842663049767,0.767588468576606,"ABCB9"
"ENSG00000150977.10",1277.96623953397,-0.0564199840034434,0.089819222181403,-0.628150440776419,0.529905392464564,0.700327775416984,"RILPL2"
"ENSG00000150990.8",1304.9901110879,0.0966916307000542,0.0756087278048331,1.27884218538423,0.200952635150668,0.381513628188991,"DHX37"
"ENSG00000150991.15",29300.2686623985,0.167252115479037,0.0613903954230457,2.72440199035193,0.00644180466955071,0.039878579929965,"UBC"
"ENSG00000150995.20",2054.41178993764,-0.343865224803526,0.109262403056399,-3.14715048529576,0.00164870084835907,0.0156159878646995,"ITPR1"
"ENSG00000151005.5",1.58566438738904,-0.666387826771151,0.291135003900078,-2.28893062614987,0.0220833834788973,0.0907569542232969,"TKTL2"
"ENSG00000151006.7",37.1101646062629,-0.147641622282338,0.137984200656263,-1.06998932906915,0.284624111937313,0.47725966047489,"PRSS53"
"ENSG00000151012.13",1851.30969829823,0.197148806945927,0.207781817739325,0.948826076751637,0.342709076881049,0.536049485393506,"SLC7A11"
"ENSG00000151014.6",275.689203005554,0.225977911951587,0.0894398084931864,2.52659208196764,0.0115175191027894,0.0589202156559875,"NOCT"
"ENSG00000151023.17",190.984408194632,-0.590406003095646,0.199818598727722,-2.95470995620458,0.00312963123572394,0.0243559637052261,"ENKUR"
"ENSG00000151025.11",98.7962288279285,0.18736758688592,0.25292361811212,0.740807000486843,0.45881046996505,0.641463779303171,"GPR158"
"ENSG00000151033.10",0.735922755571884,-0.235159424986218,0.666476375068293,-0.3528398511682,0.724208505862833,0.841665598956112,"LYZL2"
"ENSG00000151062.15",167.617384849649,0.0627663953032563,0.0843935360044687,0.743734630338664,0.457037034374855,0.640059478628783,"CACNA2D4"
"ENSG00000151065.14",529.238130557727,-0.0105750359888067,0.0666464409101334,-0.158673679260175,0.873925976330323,0.932641520978474,"DCP1B"
"ENSG00000151067.22",435.043747082648,-0.0934744133135641,0.121659101036466,-0.768330626457172,0.442290783817093,0.627261996364708,"CACNA1C"
"ENSG00000151079.7",8.11975726256235,-0.615441718613168,0.19816110103668,-3.10576452892866,0.00189787781345059,0.0173027776193679,"KCNA6"
"ENSG00000151090.20",490.653026336296,-0.108143066390159,0.13326607566388,-0.811482336006612,0.417088732791455,0.605588102085735,"THRB"
"ENSG00000151092.18",1195.67554666895,-0.0117736890722425,0.0428420327700889,-0.274816303311886,0.783457371964216,0.879807275097132,"NGLY1"
"ENSG00000151093.8",380.836629043418,0.0995268649595735,0.0655750775272615,1.51775443831076,0.129076314825475,0.288433910604359,"OXSM"
"ENSG00000151116.17",1332.48593506197,0.00535339940180218,0.0531707275394715,0.100683207650828,0.919801941981472,0.957795515671129,"UEVLD"
"ENSG00000151117.9",463.396006643917,0.071043974964765,0.0911885748333294,0.779088554620096,0.435927551762982,0.621636012371823,"TMEM86A"
"ENSG00000151131.11",748.296772526777,-0.0567908223294025,0.0897685858423589,-0.632635813480809,0.526971494250951,0.698148108161437,"C12orf45"
"ENSG00000151135.10",3564.11290306609,-0.0153196597197465,0.0785820035912005,-0.194951248627389,0.845431113208603,0.916152005079387,"TMEM263"
"ENSG00000151136.15",237.587632818122,0.186416744775388,0.188339739867375,0.989789753913112,0.322276893946409,0.516030622827001,"BTBD11"
"ENSG00000151148.14",2574.62190184015,0.00599178963270047,0.0421035762140549,0.142310705443123,0.886834590870167,0.939700319345655,"UBE3B"
"ENSG00000151150.22",2197.45423745263,-0.0891343071388782,0.134266408334731,-0.663861558854419,0.506778921722504,0.682231898355027,"ANK3"
"ENSG00000151151.6",848.655438109352,0.0850647552278421,0.071530100754679,1.18921620870606,0.234354597838066,0.421430680880562,"IPMK"
"ENSG00000151164.19",39.4030193691925,-0.0278483809278224,0.102134077115838,-0.272664929416627,0.785110795759623,0.88062440951503,"RAD9B"
"ENSG00000151176.8",4800.59808478277,0.0867925157984833,0.0782894670078791,1.1086103803689,0.267598298138042,0.459352933225565,"PLBD2"
"ENSG00000151208.17",1970.20479396906,0.0262416957174538,0.0985084990977384,0.266390168947932,0.789938735819684,0.883568967970595,"DLG5"
"ENSG00000151224.13",117.286015072201,0.0772707043356258,0.225872978370433,0.34209804507426,0.732277108606315,0.846840868971831,"MAT1A"
"ENSG00000151229.13",868.20063198926,-0.0571394121420832,0.119060208171527,-0.479920311072899,0.63128405812761,0.777124797457664,"SLC2A13"
"ENSG00000151233.11",1159.21040594931,-0.0229637429307102,0.0669851259339003,-0.342818537855261,0.731734978954119,0.846478549489906,"GXYLT1"
"ENSG00000151239.14",3212.51257497271,0.138310254958575,0.0869434960107721,1.59080622823631,0.111653190861974,0.262406571414977,"TWF1"
"ENSG00000151240.17",1249.86378373563,-0.0577377673356115,0.0686119545103314,-0.841511770764634,0.40006129365925,0.590182588168974,"DIP2C"
"ENSG00000151247.12",1581.13756339231,0.0743301968289607,0.0618681097834105,1.2014298980392,0.229584484282832,0.415794823218644,"EIF4E"
"ENSG00000151276.23",1364.12141248553,-0.180783798169099,0.100908593751678,-1.79155997965826,0.0732034786413636,0.199925499938555,"MAGI1"
"ENSG00000151287.17",180.95456485543,0.0937661137307277,0.0894550427811011,1.04819259837789,0.294549880009631,0.487118744065344,"TEX30"
"ENSG00000151292.17",1468.10316177251,0.0422798025786657,0.0556797833924169,0.759338488813586,0.44765009913959,0.632164472672798,"CSNK1G3"
"ENSG00000151304.6",522.37444853007,0.0413538078658837,0.0677315566051983,0.610554517548323,0.541494540998486,0.709514047315096,"SRFBP1"
"ENSG00000151320.11",474.15661094725,0.147531792082728,0.140112890329751,1.05294945907915,0.292364156419957,0.484916045928546,"AKAP6"
"ENSG00000151322.19",88.4561724873092,0.251889972409801,0.199477802276044,1.26274687978178,0.206680160519631,0.388252698988889,"NPAS3"
"ENSG00000151327.13",4151.59421757449,-0.0257778668091136,0.0941792143468837,-0.273710786269334,0.784306887960008,0.880167499944469,"FAM177A1"
"ENSG00000151332.19",3854.89258937908,-0.311371892968861,0.112893781678361,-2.75809604691933,0.00581391126515696,0.0371449909328096,"MBIP"
"ENSG00000151338.18",657.22421231277,-0.342969464461924,0.110371552971786,-3.10740816113729,0.00188735617338674,0.0172341604719047,"MIPOL1"
"ENSG00000151348.15",4203.74335321518,0.0536685038161138,0.0559096211093716,0.959915355375533,0.337097817346016,0.530490163885691,"EXT2"
"ENSG00000151353.15",1025.69081013585,0.0204362017502455,0.0573860539173304,0.356117912893707,0.721752262910495,0.840404480814737,"TMEM18"
"ENSG00000151360.10",1.65217846039999,-0.0958643701217704,0.441833745870678,-0.216969326172359,0.828232249690798,0.906007435155437,"ALLC"
"ENSG00000151364.17",97.5908512551661,0.026027604242251,0.133065480520187,0.195599971837192,0.844923282324401,0.91578053971502,"KCTD14"
"ENSG00000151365.2",3.13867474989926,-0.107029166647884,0.223141454316321,-0.479647168097065,0.631478300710592,0.77727825463232,"THRSP"
"ENSG00000151366.13",555.019048873178,0.035456654139259,0.0604565003466275,0.586482081099108,0.557551599653916,0.721745223658689,"NDUFC2"
"ENSG00000151376.17",725.168851833937,-0.117571888440553,0.0890580520838565,-1.32017134542588,0.186777816659225,0.364822167793229,"ME3"
"ENSG00000151388.11",1393.20821713151,0.0991776841476183,0.147471699314057,0.6725201147673,0.501252639062913,0.677707215143732,"ADAMTS12"
"ENSG00000151413.17",643.726696637526,0.073292647486093,0.0779378955009703,0.940398082537147,0.34701340539505,0.540806993347792,"NUBPL"
"ENSG00000151414.15",3971.49300665343,0.0285131213978423,0.0812816520656802,0.350794068196376,0.725742847664719,0.842503456442048,"NEK7"
"ENSG00000151422.13",965.753629832992,-0.0074743674224023,0.100079919338453,-0.0746839872754622,0.94046614839143,0.968836717064554,"FER"
"ENSG00000151445.16",1087.2522039302,0.0561668658558592,0.049223187776459,1.14106518478515,0.253842797962124,0.444308305165501,"VIPAS39"
"ENSG00000151458.12",2577.91177643539,0.00284456808442445,0.092048216238594,0.0309030223578823,0.975346879582754,0.987799177998628,"ANKRD50"
"ENSG00000151461.20",1894.48828554075,-0.1226278638572,0.0583213774928152,-2.10262289967872,0.0354987465427861,0.124097959151072,"UPF2"
"ENSG00000151465.14",1850.26109030879,0.143381799043048,0.0665665362832473,2.15396214147217,0.0312431409841757,0.113817949872298,"CDC123"
"ENSG00000151466.12",424.005589505191,-0.0301647130990224,0.0773157606052798,-0.390149600325636,0.6964259273916,0.822756765219423,"SCLT1"
"ENSG00000151468.11",835.742968986003,0.0291347769122922,0.119382614317364,0.244045392027024,0.807195664752028,0.893900011872405,"CCDC3"
"ENSG00000151470.13",566.889890380086,-0.037131541745701,0.0829064119761161,-0.447872979431289,0.654244870178164,0.793709669600321,"C4orf33"
"ENSG00000151474.23",578.456555848263,-0.062338186372469,0.0996006298438502,-0.625881447438638,0.531392704205475,0.701175937069151,"FRMD4A"
"ENSG00000151490.15",394.912946678396,-0.0260556972129012,0.131780547850046,-0.197720358869278,0.84326386008825,0.914815852387439,"PTPRO"
"ENSG00000151491.14",5783.85573639742,0.0940364622297859,0.100971369351582,0.931318083865445,0.35168905025494,0.545253960609934,"EPS8"
"ENSG00000151498.12",2486.52519604585,-0.383200350633144,0.115264290146782,-3.32453659450957,0.000885656095320411,0.0101083813443615,"ACAD8"
"ENSG00000151500.15",1531.48890805519,-0.0908926322680929,0.0723407393813486,-1.25645152434712,0.208952310860868,0.391040997809215,"THYN1"
"ENSG00000151502.11",2548.54276611,0.00851321645111773,0.0568072464956414,0.149861452126023,0.880873924940259,0.936454180893318,"VPS26B"
"ENSG00000151503.13",1480.22721179364,0.0284905305945022,0.0841453851877342,0.338586965059794,0.73492090356522,0.848513026855211,"NCAPD3"
"ENSG00000151532.14",885.58590260646,0.0140010250958365,0.0501164626504112,0.279369779018544,0.779961060987618,0.877805544028827,"VTI1A"
"ENSG00000151552.12",1289.92055895884,0.143879432818597,0.0804258350957435,1.78897033083106,0.0736195938467773,0.200656335484303,"QDPR"
"ENSG00000151553.15",1526.85635155852,-0.0396967259133949,0.0592796400373311,-0.669651939323452,0.503079695787517,0.6791433100257,"FAM160B1"
"ENSG00000151572.18",40.7493098287274,0.29119603315722,0.205278199761344,1.4185433889023,0.156032180420843,0.325414488911387,"ANO4"
"ENSG00000151575.14",287.586995788977,-0.409746929514749,0.136107752439234,-3.01045989057591,0.00260852397519466,0.0214645547963806,"TEX9"
"ENSG00000151576.10",1118.39663237803,0.0464488499830425,0.052095206409752,0.891614664460712,0.372599507277087,0.564708671906772,"QTRT2"
"ENSG00000151611.16",413.32156045585,0.0241795665575865,0.0510201182148677,0.473922197823139,0.635555389216985,0.779968522773545,"MMAA"
"ENSG00000151612.18",1060.01341120414,-0.014088287901267,0.0744667712325786,-0.189188918333329,0.849944752716141,0.919068844463233,"ZNF827"
"ENSG00000151617.17",1502.54648260597,0.119017490009702,0.118791488607224,1.00190250501216,0.316390682649162,0.510422784195307,"EDNRA"
"ENSG00000151623.15",793.745086156147,-0.180539007716119,0.139216032224785,-1.29682626943865,0.194690969862238,0.374305391212305,"NR3C2"
"ENSG00000151631.8",5.81053663967393,-0.880741382711812,0.233102189713629,-3.77834881685934,0.000157871647447357,0.00303290291890643,"AKR1C6P"
"ENSG00000151632.17",14673.5118140724,0.298052839597804,0.336240827306755,0.886426678119871,0.375387648565279,0.567075683274369,"AKR1C2"
"ENSG00000151640.13",96.4044526783153,-0.0380200687046718,0.161162814002167,-0.235910926103342,0.813501789715377,0.898007794595293,"DPYSL4"
"ENSG00000151650.8",66.6276373220783,-0.0286645809973749,0.125372128871065,-0.228635991551632,0.819151848209152,0.901491564161671,"VENTX"
"ENSG00000151651.16",2836.80040865458,0.301795208944297,0.134551391267747,2.24297352930189,0.0248985215294951,0.098297933983337,"ADAM8"
"ENSG00000151655.19",105.012068174117,-0.341369206760696,0.232664028640387,-1.46721953004745,0.142316345782106,0.306826440594818,"ITIH2"
"ENSG00000151657.12",605.624912135308,-0.0329229002444272,0.0490370264147242,-0.671388594528268,0.501973008827817,0.678199309427177,"KIN"
"ENSG00000151665.13",358.278068931249,-0.0868643447200119,0.0757252346191866,-1.14709905036072,0.251340686318582,0.441437300569981,"PIGF"
"ENSG00000151687.14",139.462408088169,-0.257288684153615,0.108984837377,-2.36077504307874,0.0182367893721799,0.0803118291756593,"ANKAR"
"ENSG00000151689.13",838.404853089311,0.075125893745131,0.0823263150738555,0.912538034500087,0.361485557038446,0.5545032551825,"INPP1"
"ENSG00000151690.15",3649.44058936615,-0.102766553669526,0.0679522418387543,-1.51233500012234,0.130448661446682,0.290484066988454,"MFSD6"
"ENSG00000151692.15",1248.79972109889,0.116820001759402,0.0836677307859796,1.3962372429847,0.162643065009212,0.333962968012317,"RNF144A"
"ENSG00000151693.11",738.344345546231,0.428488597693691,0.130827385425804,3.27522098144122,0.00105579351027774,0.011413088175924,"ASAP2"
"ENSG00000151694.14",1892.75410307358,0.0986232626195925,0.0722947223212015,1.36418343487668,0.172509840386987,0.34709434435269,"ADAM17"
"ENSG00000151702.17",1229.47416151089,-0.0555197037342749,0.116904078625649,-0.474916738466074,0.634846320342674,0.779441898085532,"FLI1"
"ENSG00000151704.16",29.0841547903171,-0.857352290519767,0.222523931308972,-3.85285432212387,0.000116748856505569,0.00245851972146737,"KCNJ1"
"ENSG00000151715.8",2587.27604007637,0.0596270548831717,0.139681302046481,0.426879288849484,0.669467251484204,0.804972311887969,"TMEM45B"
"ENSG00000151718.16",2004.14102862741,-0.0545729204458878,0.131580049885405,-0.414750720138927,0.678324398359628,0.811110678675021,"WWC2"
"ENSG00000151725.12",730.208851020089,0.248853592633627,0.129042388081026,1.92846394378079,0.0537974448897615,0.163374836515081,"CENPU"
"ENSG00000151726.15",6347.76903049073,0.0609682421317792,0.0934166423060738,0.652648614066223,0.513982837201126,0.688280532496867,"ACSL1"
"ENSG00000151729.11",1771.01038762019,0.0666160042886274,0.0826343042567332,0.806154355480029,0.420153853521246,0.608200518677376,"SLC25A4"
"ENSG00000151743.11",174.610272060223,0.194696837886193,0.0865210728559672,2.25028228915177,0.0244310314811309,0.0969350889168504,"AMN1"
"ENSG00000151746.15",670.188699948562,0.0961332543623182,0.0960836426749614,1.00051633853563,0.317060694754506,0.510961178390289,"BICD1"
"ENSG00000151748.15",1512.4530918916,0.0813346814877847,0.060545985399313,1.34335383182495,0.179157428787552,0.355234166977697,"SAV1"
"ENSG00000151773.13",165.364607124907,-0.0448439537289167,0.100805046688875,-0.444858220911529,0.656422216721819,0.795336809859507,"CCDC122"
"ENSG00000151778.11",77.2690578015001,-0.0527686037186914,0.122986728751492,-0.429059332290365,0.667880046776134,0.804156464406996,"SERP2"
"ENSG00000151779.13",2400.89175812704,0.00835443669634913,0.0545724469515301,0.15308891506678,0.878328157331409,0.935061533656336,"NBAS"
"ENSG00000151789.12",91.5894643881313,-0.0678092106955289,0.152874847481192,-0.443560283544167,0.657360525707723,0.795865449012227,"ZNF385D"
"ENSG00000151790.9",287.378279187881,-0.20369985252112,0.165556024775177,-1.2303983065415,0.218547987202234,0.402555110652702,"TDO2"
"ENSG00000151806.14",1233.01230395127,0.0590095326792885,0.0587097357311615,1.00510642646221,0.31484560594369,0.508916578078519,"GUF1"
"ENSG00000151812.15",3.64400758105882,-0.122935729669087,0.268610620415733,-0.457672632149904,0.647187652991452,0.788480935742833,"SLC35F4"
"ENSG00000151834.16",12.2373388450555,0.53241410521706,0.276601473198353,1.92484190001136,0.0542491403136707,0.164238831752243,"GABRA2"
"ENSG00000151835.16",869.511734502614,0.230861840755131,0.116615612132959,1.97968210716001,0.0477392603635716,0.151096415560832,"SACS"
"ENSG00000151838.12",2.28024425598328,-1.27237844900622,0.319513693433784,-3.98223448682929,6.82703737950887e-05,0.00167004081907413,"CCDC175"
"ENSG00000151846.8",46.3244397395761,0.377016195669181,0.14530384710577,2.59467456078257,0.00946805211373771,0.0517173455306986,"PABPC3"
"ENSG00000151849.15",475.895298477009,-0.0910946987253873,0.0796220674983584,-1.14408858734126,0.252586900200443,0.442785155242909,"CENPJ"
"ENSG00000151876.13",588.271375816411,-0.0773431854240419,0.0780713244926085,-0.99067341212284,0.321845077890952,0.515698728377297,"FBXO4"
"ENSG00000151881.15",813.663566321898,-0.094327428368397,0.0789074300638712,-1.19541883815053,0.231923429131409,0.418641657236608,"TMEM267"
"ENSG00000151882.11",594.349857817365,-0.199629529750455,0.160952460063887,-1.24030120242471,0.214864007838153,0.398111169493476,"CCL28"
"ENSG00000151883.19",1868.15643345384,-0.0580956366580604,0.0833440649253036,-0.6970578734086,0.485766576324919,0.664664911457567,"PARP8"
"ENSG00000151892.15",301.829932662176,-0.361677518180279,0.204057277088715,-1.77243136505755,0.0763229791219161,0.205301845673907,"GFRA1"
"ENSG00000151893.15",3025.879083569,0.0159700420711981,0.0509542713911828,0.31341910374096,0.75396227216141,0.860632441362553,"CACUL1"
"ENSG00000151914.20",8050.98546586402,-0.0530429920578806,0.139808570502461,-0.37939728492501,0.704392866439362,0.82799674124795,"DST"
"ENSG00000151917.18",136.525883720274,0.455729894705736,0.155581296698005,2.92920745859537,0.00339827527572033,0.0258189819156908,"BEND6"
"ENSG00000151923.17",3403.21631925656,-0.0487287894479253,0.0454129698067714,-1.07301481614751,0.283264468544489,0.475746554570533,"TIAL1"
"ENSG00000151929.10",4374.17645491246,0.157365873082642,0.0925917562848117,1.69956677999049,0.0892124434131493,0.22742342102251,"BAG3"
"ENSG00000151948.12",77.6085037421611,0.207464209874323,0.16959754579758,1.22327365586963,0.221226353852198,0.405733983297594,"GLT1D1"
"ENSG00000151952.16",111.156811732923,-1.11291690881223,0.294104537660983,-3.7840861540705,0.00015427437994371,0.00298099647792567,"TMEM132D"
"ENSG00000151962.8",3.61207587188718,0.799382280350465,0.302394145345624,2.64351110183302,0.00820510748199319,0.0469449464509365,"RBM46"
"ENSG00000151967.18",54.0201498306804,-0.354948743748979,0.12957115655776,-2.73941171151584,0.00615492434398599,0.0386051047822769,"SCHIP1"
"ENSG00000152034.11",2.26048719252757,-0.462679273334682,0.432060586681146,-1.07086665064437,0.284229392900388,0.476843741135315,"MCHR2"
"ENSG00000152049.6",1080.63203228253,0.338058417074504,0.204995747065114,1.6490996614048,0.0991272190071185,0.243040172501951,"KCNE4"
"ENSG00000152056.17",710.984795809957,0.40584929151518,0.0952494883154027,4.26090783995897,2.03598182377874e-05,0.000675702826504033,"AP1S3"
"ENSG00000152061.23",2869.32034012199,-0.163421596425146,0.0745573287401397,-2.191891785645,0.0283873213539332,0.106694410683732,"RABGAP1L"
"ENSG00000152076.19",66.3068997134641,-0.260221723297663,0.17259910719107,-1.50766552349308,0.131640153573295,0.292004506157354,"CCDC74B"
"ENSG00000152078.10",805.935705385378,-0.22456232149898,0.123810576613053,-1.81375717359598,0.069715118547326,0.193515544588638,"TLCD4"
"ENSG00000152082.15",786.473074145742,0.250674417726514,0.0915741977811731,2.73739135914168,0.00619285711792508,0.0387481285523547,"MZT2B"
"ENSG00000152086.9",2.39874247561726,0.0611595789272239,0.284873773402019,0.214690100098876,0.830008941591334,0.907444098660196,"TUBA3E"
"ENSG00000152092.16",25.035407629256,0.108225020986486,0.255607605951114,0.423402975759589,0.672001274130627,0.806681014521923,"ASTN1"
"ENSG00000152102.18",5124.37681249816,0.00727374907433114,0.0588731947196071,0.123549420223814,0.901672042344247,0.947790462089698,"FAM168B"
"ENSG00000152104.12",2125.59100275044,0.0428992098841738,0.100494744751,0.426880131796615,0.669466637481247,0.804972311887969,"PTPN14"
"ENSG00000152117.17",813.278336462969,-0.212336459762535,0.0930594627498129,-2.28172883754331,0.0225053544289993,0.0918674307264192,"SMPD4BP"
"ENSG00000152127.9",3864.32699316064,0.0265753254540685,0.0766981800046298,0.346492256432478,0.728972802703002,0.844475856298269,"MGAT5"
"ENSG00000152128.13",1520.27482872659,-0.253718978434579,0.157028433614947,-1.615751826556,0.106147980772601,0.253969437575437,"TMEM163"
"ENSG00000152133.16",649.423744784998,-0.0821031688535728,0.0579945175941363,-1.41570569528928,0.156861690196752,0.326726492224754,"GPATCH11"
"ENSG00000152137.8",1630.00294457448,-0.0446169532942737,0.148370778292738,-0.30071253792471,0.763633707189219,0.866976459651859,"HSPB8"
"ENSG00000152147.11",658.995217323197,0.190182939770353,0.0772745340875485,2.46113343827973,0.0138498844118076,0.0666817356069862,"GEMIN6"
"ENSG00000152154.11",170.122961542721,-0.796265788321433,0.177562263889008,-4.48443138131628,7.31086272261989e-06,0.000317709327436163,"TMEM178A"
"ENSG00000152192.8",39.1267735218361,-0.51061251797273,0.319017334227136,-1.60057922623471,0.109470146415903,0.259069489950574,"POU4F1"
"ENSG00000152193.8",387.6184800932,0.0818482966605612,0.0581908676447572,1.40654882756221,0.159561216206318,0.330139305895031,"OBI1"
"ENSG00000152207.7",118.095535164259,-0.209162582033376,0.123682524381026,-1.69112478161436,0.0908129730691445,0.230043812861787,"CYSLTR2"
"ENSG00000152208.13",5.3635783091919,0.0190321172279781,0.337949693603113,0.0563164210183582,0.955089737513792,0.976861006760059,"GRID2"
"ENSG00000152213.4",271.120819959238,0.194214645846578,0.11712456019932,1.65818890176465,0.0972793441572926,0.240368205805903,"ARL11"
"ENSG00000152217.20",725.970389893485,-0.409071730594411,0.131440905652266,-3.1122102253056,0.00185692213977328,0.0170414718257815,"SETBP1"
"ENSG00000152219.5",1028.31539546899,-0.0015200795332687,0.052414601799928,-0.0290010699512896,0.976863737256681,0.98829234242393,"ARL14EP"
"ENSG00000152223.15",1895.15998499595,-0.147534183863537,0.0695581182529094,-2.12102034340709,0.0339200904908453,0.12007459571629,"EPG5"
"ENSG00000152229.18",689.544735458146,-0.0212578134380817,0.102915798526569,-0.206555395210715,0.836357098402032,0.910909692800884,"PSTPIP2"
"ENSG00000152234.16",15615.3205046143,0.0564489990668035,0.0656046960987847,0.860441438244072,0.389545751825384,0.580456819385155,"ATP5F1A"
"ENSG00000152240.13",726.702876920963,0.0118449956489911,0.0897316519215845,0.132004653824298,0.894980610744401,0.94449733657523,"HAUS1"
"ENSG00000152242.11",1458.78275503477,-0.0521867564496959,0.0600666981158753,-0.868813470469476,0.384949164021272,0.576471415876224,"C18orf25"
"ENSG00000152253.9",225.810205158482,0.17326049861745,0.140224225187499,1.23559604901206,0.216608754066883,0.400281249582203,"SPC25"
"ENSG00000152256.14",1490.71264432378,-0.143572715646171,0.104122397970069,-1.37888406764741,0.167930501205493,0.340618385319512,"PDK1"
"ENSG00000152270.9",856.57079069899,-0.420601133907503,0.137205289420186,-3.06548774966998,0.00217315279802096,0.0189004117305412,"PDE3B"
"ENSG00000152284.5",1235.35457920482,-0.277626978737817,0.139538145902401,-1.98961349917893,0.0466335279589543,0.148888369039614,"TCF7L1"
"ENSG00000152291.14",14268.4892144803,-0.0318835125454708,0.0624124505453433,-0.510851797467993,0.609454835998202,0.761486896903406,"TGOLN2"
"ENSG00000152292.17",17.1717303975131,-0.676186945973176,0.206742705385664,-3.27066894433734,0.00107293433098217,0.011552782238483,"SH2D6"
"ENSG00000152315.5",75.7487672040555,0.274457527099724,0.123994181120353,2.21347102436466,0.0268651887573597,0.103063386877779,"KCNK13"
"ENSG00000152332.16",8061.52104212537,0.00651329829009966,0.0688906395925476,0.0945454756788794,0.924675859835023,0.960447802124214,"UHMK1"
"ENSG00000152348.16",376.255213388237,0.0555244366936155,0.0660158990444535,0.84107673298862,0.400304948711475,0.590409900859039,"ATG10"
"ENSG00000152359.15",471.519842282632,-0.037100705805605,0.0622161724876813,-0.596319322165806,0.55096192536078,0.716474313765974,"POC5"
"ENSG00000152377.14",939.653287378697,0.694742032345583,0.2286934195651,3.03787504540688,0.00238252724929976,0.020199001708922,"SPOCK1"
"ENSG00000152380.10",58.4625325531324,-0.0838234255557101,0.0884604055321855,-0.947581294155516,0.343342652714642,0.536773516752174,"FAM151B"
"ENSG00000152382.6",761.023472448108,0.00616308672598199,0.0609600821757307,0.101100367749104,0.919470786121498,0.957577900880161,"TADA1"
"ENSG00000152402.11",793.051077434033,-0.369596687031701,0.157777483438194,-2.34251858362593,0.0191540800689188,0.0828715773534131,"GUCY1A2"
"ENSG00000152404.15",763.161607406443,-0.097114997739004,0.0628068089929758,-1.54624951173471,0.122044320162152,0.277884116479178,"CWF19L2"
"ENSG00000152409.9",1351.54048340182,-0.103251256243872,0.080781028023991,-1.27816219686146,0.201192242287676,0.381708829232922,"JMY"
"ENSG00000152413.15",681.229249446442,0.110273985398051,0.0922841672280193,1.19493937812303,0.232110716211847,0.418802455630542,"HOMER1"
"ENSG00000152422.16",472.359714217567,0.23629949504325,0.0809430647705287,2.91932972532178,0.00350784973219292,0.0263423022482412,"XRCC4"
"ENSG00000152430.18",4.8908155662941,-0.533865614547673,0.293718932402651,-1.81760709185682,0.0691242069301467,0.192581775843128,"BOLL"
"ENSG00000152433.15",79.2522232008094,-0.144208613886367,0.0774191211865776,-1.86270021767399,0.0625044552505332,0.180439833423565,"ZNF547"
"ENSG00000152439.13",215.700233529965,-0.0886810765085134,0.0771361593522657,-1.14966932827864,0.250280091771566,0.440117563315557,"ZNF773"
"ENSG00000152443.13",683.401055204143,-0.123191879613009,0.056773975428073,-2.16986530684434,0.030017051215493,0.110703959779164,"ZNF776"
"ENSG00000152454.4",184.757731263743,0.0221529954758483,0.0987003197764424,0.224447048662305,0.822409464836079,0.902846030451035,"ZNF256"
"ENSG00000152455.16",419.733993053176,0.0177403888799297,0.0867517776875543,0.204495969452334,0.837965941359899,0.911831614776282,"SUV39H2"
"ENSG00000152457.18",889.276904259988,-0.107724303552102,0.0633333455035216,-1.70090972923754,0.0889599394022619,0.227040495402032,"DCLRE1C"
"ENSG00000152463.15",14.528273321924,0.811996602235658,0.223362792166531,3.63532616314298,0.000277629154455751,0.00451597352419344,"OLAH"
"ENSG00000152464.15",358.6545468064,0.159785149118913,0.0604437690132608,2.64353384521501,0.00820455626277022,0.0469449464509365,"RPP38"
"ENSG00000152465.18",520.801006639639,0.0969813624316476,0.0686520467054155,1.41265070869325,0.157758451325779,0.327774096354791,"NMT2"
"ENSG00000152467.10",12.8298469297454,-0.222401093685071,0.214913644144761,-1.03483934009916,0.300743947272264,0.493704476638351,"ZSCAN1"
"ENSG00000152475.7",105.45271629805,0.140115824845944,0.0868164342414913,1.61393204028852,0.106542167991753,0.254674640935484,"ZNF837"
"ENSG00000152484.14",1904.65968081687,-0.113736179273665,0.0683277917479098,-1.66456688214491,0.0959991972108755,0.238408270382044,"USP12"
"ENSG00000152492.15",2727.36907813397,0.097488326295192,0.0834364555299482,1.16841404247092,0.242639793349063,0.431228668124185,"CCDC50"
"ENSG00000152495.11",246.796151969173,-0.343317603722206,0.12822073052658,-2.67755145608873,0.00741624601006264,0.0437919165492616,"CAMK4"
"ENSG00000152503.10",201.386698277913,-0.137964170436303,0.155435402966845,-0.887598113447372,0.374756968824351,0.566559262966747,"TRIM36"
"ENSG00000152518.8",4282.00063919888,0.0580113769567378,0.0938091053605044,0.618398147320588,0.536312918770662,0.704956674262178,"ZFP36L2"
"ENSG00000152520.14",1771.18577776288,-0.19622870903651,0.0618757448429736,-3.17133489923221,0.0015174009570115,0.0146899767553894,"PAN3"
"ENSG00000152527.14",1215.37856334301,-0.272550668509943,0.138094413864219,-1.97365455186281,0.0484210362489569,0.152471536918237,"PLEKHH2"
"ENSG00000152556.17",1984.13786300193,0.0121703374795586,0.0703985053012013,0.172877782383129,0.862747495780446,0.926861967635314,"PFKM"
"ENSG00000152558.15",15450.795864419,0.0335116750332743,0.0710330532398848,0.471775793166351,0.63708683095135,0.781091212036947,"TMEM123"
"ENSG00000152578.13",13.6979438656508,-0.515547343907727,0.192947465203249,-2.67195707061845,0.00754102951402083,0.044269569821665,"GRIA4"
"ENSG00000152580.8",465.977903278656,-0.327481543866628,0.206368113545715,-1.58688054195972,0.11253970266314,0.263774319153374,"IGSF10"
"ENSG00000152582.14",402.560931775671,-0.468879870970355,0.134321422762658,-3.49073037886781,0.000481702109119798,0.00659157760744982,"SPEF2"
"ENSG00000152583.12",9424.50799212207,-0.119103151199265,0.133314968900931,-0.893396684417133,0.37164477760184,0.563781557186724,"SPARCL1"
"ENSG00000152591.15",2.3163128015113,-1.18822154277027,0.417231061151886,-2.84787412396824,0.00440123288895119,0.0306998211967006,"DSPP"
"ENSG00000152592.14",4.68521231928297,-0.255942411043447,0.234881733794773,-1.08966502804801,0.275860726660794,0.468296510948287,"DMP1"
"ENSG00000152595.16",8.08634244293179,0.216089517418284,0.270886480938542,0.797712446444716,0.425037379374159,0.612613810967195,"MEPE"
"ENSG00000152601.17",8897.33376300216,-0.0557108518574577,0.0734606314256425,-0.758376980653219,0.448225334426858,0.632480635446642,"MBNL1"
"ENSG00000152611.12",129.361330648035,-0.794740935144448,0.277066425049787,-2.86841299880214,0.00412536639151022,0.029377020070837,"CAPSL"
"ENSG00000152620.13",1067.59966416291,-0.125101843955488,0.0751720744839405,-1.66420635341406,0.0960711988511968,0.238498130143382,"NADK2"
"ENSG00000152642.11",3089.87735607838,-0.205241524738052,0.101677253830709,-2.01855889105518,0.0435330873974853,0.14239713144615,"GPD1L"
"ENSG00000152661.9",6681.15016724445,0.143203277181819,0.142795098339653,1.00285849337206,0.315929141574688,0.509974735051931,"GJA1"
"ENSG00000152669.9",386.561134217879,-0.0185619213551033,0.175758915362759,-0.105610126899067,0.915891689586806,0.955316197673349,"CCNO"
"ENSG00000152670.19",4.11244090629948,-0.470441789708878,0.229337556783626,-2.0513072359654,0.0402370362590437,0.135096970466504,"DDX4"
"ENSG00000152672.8",31.7854683773314,-0.597848361427402,0.197402512351568,-3.02857524104178,0.00245709882832131,0.02065762406346,"CLEC4F"
"ENSG00000152683.14",2027.88849779727,0.0625904152295843,0.0548628968940721,1.1408514455668,0.253931747780792,0.444424979047913,"SLC30A6"
"ENSG00000152684.11",1518.6623695016,0.182359380716577,0.0653064420222326,2.79236435288414,0.00523244010287844,0.0346100263027914,"PELO"
"ENSG00000152689.18",734.011139384106,-0.0893010857665105,0.0812739787671757,-1.09876601491764,0.27187013949503,0.463935036094723,"RASGRP3"
"ENSG00000152700.14",3230.39238930832,-0.0154126645227605,0.0598400306311122,-0.257564449085478,0.796743069666871,0.887957922485828,"SAR1B"
"ENSG00000152705.8",14.23879707252,0.00593010436383531,0.0944113570794981,0.0628113454490643,0.949916731348248,0.973753856049548,"CATSPER3"
"ENSG00000152749.8",1023.46123057759,0.00975734468524116,0.0737513050726475,0.132300637604038,0.894746503074449,0.944412577082966,"GPR180"
"ENSG00000152760.10",74.3714782101426,-0.78442711827998,0.169839548733919,-4.61863637843804,3.86270069781063e-06,0.000200312919520575,"TCTEX1D1"
"ENSG00000152763.17",286.308405590119,-0.581999314435334,0.154816892302542,-3.75927526886405,0.000170406267380559,0.00320165680581317,"DNAI4"
"ENSG00000152766.6",1090.10343869394,-0.0352967425122883,0.158352845598429,-0.222899325736136,0.823613861172855,0.903508395005696,"ANKRD22"
"ENSG00000152767.17",3728.53279974255,-0.0624955972738501,0.0767009256024853,-0.814795868276003,0.415189166364285,0.604063173310603,"FARP1"
"ENSG00000152778.9",1540.8776148836,0.0684932460332127,0.0817622171638715,0.837712679634598,0.402192090444564,0.59196203656812,"IFIT5"
"ENSG00000152779.14",211.524533933631,0.373702782093213,0.225658752011618,1.65605268469256,0.0977111500384591,0.240845288978339,"SLC16A12"
"ENSG00000152782.16",345.97228317852,0.046120368193613,0.0955838971374933,0.482511903937866,0.629442344138773,0.776009560284356,"PANK1"
"ENSG00000152784.16",193.819548864779,0.482877536877464,0.136499159098075,3.53758616586432,0.000403802406002622,0.00584512761001969,"PRDM8"
"ENSG00000152785.8",1430.1387026958,-0.483240870816967,0.203926725965725,-2.36967895467604,0.0178035369973349,0.0790618647563085,"BMP3"
"ENSG00000152795.17",8866.76218129844,-0.082979639043194,0.0372721381354973,-2.22631818817407,0.025992876041364,0.100895513821282,"HNRNPDL"
"ENSG00000152804.11",420.306086248207,0.0300719238942477,0.100616227010647,0.298877475211486,0.765033534183877,0.867964186759203,"HHEX"
"ENSG00000152818.18",6109.22986810999,-0.244377664540225,0.107782867799802,-2.26731455127116,0.0233710171834548,0.0941201493998744,"UTRN"
"ENSG00000152822.14",8.4999236532978,0.134841781369719,0.166840252053088,0.808208928663168,0.418970318650026,0.607287161775233,"GRM1"
"ENSG00000152894.15",3783.53956439081,-0.11758859861457,0.0703982364685123,-1.67033443610715,0.0948532135828545,0.236585858541652,"PTPRK"
"ENSG00000152904.11",804.660472448788,0.0831957463504612,0.0582856755968956,1.42737894857467,0.153470695370885,0.322000243318809,"GGPS1"
"ENSG00000152910.19",3.02750191792345,1.00954049231158,0.410800552241785,2.45749546051584,0.0139909578929646,0.0670955236154762,"CNTNAP4"
"ENSG00000152926.15",2158.66425223685,-0.19851475343178,0.152392943540833,-1.30265056123539,0.192694087671426,0.371948420614652,"ZNF117"
"ENSG00000152931.9",19.4276786991009,0.0927605814044625,0.286344479894562,0.323947510490228,0.745977773604953,0.855434781683935,"PART1"
"ENSG00000152932.8",38.1096708092956,-0.501336387931256,0.199050632614487,-2.5186375011539,0.0117809874772109,0.0597720841327007,"RAB3C"
"ENSG00000152936.10",14.5852028615863,-1.3570573695462,0.305081534221337,-4.44817931380158,8.66012217916538e-06,0.00035950305200867,"LMNTD1"
"ENSG00000152939.17",1599.78275671208,-0.00825277254213042,0.0723383940080089,-0.11408564781265,0.909169899323385,0.951866405467411,"MARVELD2"
"ENSG00000152942.19",1234.75201189848,-0.0209785204034114,0.0449043406522614,-0.467182461621445,0.640369340460272,0.783522036977208,"RAD17"
"ENSG00000152944.9",1486.44870402071,0.06560546556279,0.0813618656917235,0.806341705724475,0.420045849276084,0.608117819908347,"MED21"
"ENSG00000152952.12",6131.55568392918,0.584354002888155,0.149934104057859,3.89740550730642,9.72287400315198e-05,0.00216249046905302,"PLOD2"
"ENSG00000152953.13",226.870042843292,-0.349764341781027,0.18896652454763,-1.85093281795987,0.0641792187342097,0.183573219334945,"STK32B"
"ENSG00000152954.12",2.1439319610085,-0.654173374696207,0.396271768434724,-1.65082003514961,0.0987753278380574,0.24251673965431,"NRSN1"
"ENSG00000152969.20",9.29196692650896,-0.0975667214037931,0.181586106711321,-0.537302788031581,0.591058479920956,0.74762015014659,"JAKMIP1"
"ENSG00000152977.10",56.6306001413376,-0.745440869419716,0.472426798285824,-1.5778970882357,0.11458925405017,0.266859295557058,"ZIC1"
"ENSG00000152990.14",1546.32392191819,0.140966088242864,0.0827963138006925,1.7025647854589,0.0886495448383248,0.226456632878259,"ADGRA3"
"ENSG00000153002.12",27.4143207140106,-1.07033732427451,0.282667547826363,-3.78655891879033,0.000152747890200285,0.00295537668183776,"CPB1"
"ENSG00000153006.16",1598.18021788605,0.190472834069075,0.0698372198859997,2.72738282508951,0.00638389264896833,0.0396601862217023,"SREK1IP1"
"ENSG00000153012.12",652.686045856137,-0.297823724272804,0.179820749483993,-1.65622557534338,0.0976761457857873,0.240812494197735,"LGI2"
"ENSG00000153015.16",951.866337266793,0.13416164677093,0.0517948894400836,2.59024873344172,0.00959066070913019,0.0521479449598353,"CWC27"
"ENSG00000153029.14",2775.94947099656,-0.147951454735733,0.0772939693736976,-1.91413969206865,0.0556023090719493,0.16674092145032,"MR1"
"ENSG00000153037.15",516.694016103393,-0.0645389924352299,0.0593273068014201,-1.08784632094044,0.276662956669548,0.469371168793277,"SRP19"
"ENSG00000153044.10",399.675730306205,0.220274555081747,0.105687310355268,2.08421005645137,0.0371410644042401,0.1280134905985,"CENPH"
"ENSG00000153046.18",1495.22147843067,0.0381473630529741,0.0566418445942551,0.673483770280378,0.500639570548919,0.677167190309789,"CDYL"
"ENSG00000153048.11",1856.22464652541,0.31061729278234,0.0692823877756996,4.48335143684651,7.34797651535894e-06,0.000317709327436163,"CARHSP1"
"ENSG00000153060.8",21.0562989063897,0.407987194362556,0.168695558492983,2.41848213436827,0.0155854108820518,0.0721776442476215,"TEKT5"
"ENSG00000153064.12",631.483845669089,-0.333148146092464,0.116153902889042,-2.86816144620393,0.00412864797138877,0.029377020070837,"BANK1"
"ENSG00000153066.13",4977.83698416982,-0.106830616307866,0.0697124097001613,-1.53244761969,0.125412014043702,0.282978121555877,"TXNDC11"
"ENSG00000153071.15",3354.64218272409,0.018486281463936,0.103579100072518,0.178475015239496,0.858349941123959,0.924075815354567,"DAB2"
"ENSG00000153086.14",41.750751715746,-0.701252121697204,0.219535704981316,-3.19425089306946,0.00140194219038187,0.0138873743698548,"ACMSD"
"ENSG00000153093.20",420.056086886741,-0.422998274341808,0.140392917120678,-3.01296021919832,0.00258712828576112,0.0213830540888584,"ACOXL"
"ENSG00000153094.24",1537.1968704546,0.0144115188009486,0.0634149559870322,0.227257412334965,0.820223586754349,0.901982766609772,"BCL2L11"
"ENSG00000153107.13",941.732781404555,0.00520429388081631,0.0687849744542669,0.0756603302117454,0.939689337393419,0.968366304759816,"ANAPC1"
"ENSG00000153113.24",9635.26129001587,0.103259182503945,0.061988752392048,1.66577287845514,0.0957586600223993,0.238148432667942,"CAST"
"ENSG00000153130.17",3953.04013644291,0.0164058081749523,0.0839114587594669,0.195513323418435,0.844991108365839,0.91582423890956,"SCOC"
"ENSG00000153132.13",253.761253163089,0.440838502260008,0.202349413020957,2.17860035113792,0.0293613700824167,0.109123475569759,"CLGN"
"ENSG00000153140.9",715.220852474025,-0.0163910848503323,0.0730122805368847,-0.224497642448681,0.822370101158582,0.902846030451035,"CETN3"
"ENSG00000153147.6",5461.67208250531,-0.0137592405927474,0.0501984489521528,-0.274096926896332,0.784010135417278,0.880137715812104,"SMARCA5"
"ENSG00000153157.13",53.5170875564933,-0.279631261439231,0.206582340206557,-1.35360680472316,0.175861854807647,0.351314299128456,"SYCP2L"
"ENSG00000153162.9",712.050542741925,-0.0164349528734574,0.205672699756401,-0.0799082858003178,0.936310199790223,0.966711389989949,"BMP6"
"ENSG00000153165.19",14.7348420682443,-0.215016504327958,0.117302347227609,-1.83301109832651,0.066800920634421,0.188363679713454,"RGPD3"
"ENSG00000153179.13",2491.85088156076,0.107934856243107,0.07219094767848,1.49513006428204,0.134880501006347,0.296351444573514,"RASSF3"
"ENSG00000153187.20",23113.8763658087,0.0296366693239132,0.0494888930121532,0.59885496563108,0.549269604774319,0.715195469191263,"HNRNPU"
"ENSG00000153201.16",5371.37287798586,-0.0847325895404077,0.0599846646321806,-1.41257086390295,0.157781940946683,0.327786806251009,"RANBP2"
"ENSG00000153207.16",2361.31569759411,0.118679132975461,0.0661131435734597,1.7950913624852,0.0726391447250789,0.198928604535005,"AHCTF1"
"ENSG00000153208.17",972.078901031533,-0.299380452837015,0.086515234235048,-3.46043625130398,0.000539300909401857,0.00710524146288722,"MERTK"
"ENSG00000153214.11",2963.89685949952,0.0362938203557426,0.0576054446840548,0.630041492688775,0.528667437332573,0.699559816816906,"TMEM87B"
"ENSG00000153233.13",88.3835665095139,0.471988900047642,0.176177898836825,2.67904716291794,0.00738319937337654,0.0437028638830266,"PTPRR"
"ENSG00000153234.15",1691.93270158575,-0.0620696696936706,0.162197229648579,-0.38268020870734,0.701956890622039,0.826249564147617,"NR4A2"
"ENSG00000153237.18",63.2531182112969,-0.404862117157481,0.130405403227714,-3.10464219377867,0.00190509331635484,0.0173430151218311,"CCDC148"
"ENSG00000153246.13",565.103275075603,-0.105574201324263,0.108773943166043,-0.970583563042339,0.331755694361027,0.525373672877246,"PLA2R1"
"ENSG00000153250.20",4252.43673156629,0.0146611603047867,0.0658584265406959,0.222616316163083,0.82383413663084,0.903648231329497,"RBMS1"
"ENSG00000153253.19",114.168679593608,-1.337303021686,0.24089244080583,-5.55145282771213,2.83305168150685e-08,5.24004386846708e-06,"SCN3A"
"ENSG00000153266.13",1.0775999478448,-0.048964460290274,0.669056032679132,-0.073184393979983,0.941659384883904,0.969468300480543,"FEZF2"
"ENSG00000153283.13",614.907294935748,-0.185899564337229,0.129736205163495,-1.4329042852992,0.151885192467898,0.319862971271663,"CD96"
"ENSG00000153291.16",182.800883333548,-0.444094426914226,0.146177669770076,-3.03804560308525,0.00238117917015893,0.0201927147509173,"SLC25A27"
"ENSG00000153292.16",3674.0085229647,0.2392731764065,0.240396477612621,0.99532729756577,0.319577105455236,0.513349443786606,"ADGRF1"
"ENSG00000153294.12",301.308110829088,0.572511154353561,0.23683061768007,2.41738656919332,0.0156324054150409,0.0723248573489378,"ADGRF4"
"ENSG00000153303.17",6.91952559670447,0.208964966547074,0.270798803706953,0.771661335598835,0.440315036351091,0.625641607495919,"FRMD1"
"ENSG00000153310.19",4559.82200605859,0.0699421510018576,0.0724192977978711,0.965794382556325,0.334147079973839,0.527714943957546,"CYRIB"
"ENSG00000153317.15",2600.25652990224,0.145500536029982,0.0844346496127868,1.72323254371564,0.0848464808120258,0.220051272131187,"ASAP1"
"ENSG00000153339.15",2115.32801340338,-0.157144486635069,0.0628826961759957,-2.49901000102245,0.0124540796290904,0.0620244836337033,"TRAPPC8"
"ENSG00000153347.10",188.396164951242,-0.401306066658769,0.208215334730071,-1.92736076417724,0.0539346857657243,0.163657263324668,"FAM81B"
"ENSG00000153363.13",622.475390784125,0.10946418328624,0.0907576659018679,1.20611501186686,0.227773147352785,0.413577648362053,"LINC00467"
"ENSG00000153391.16",460.138972288207,0.0361477439243374,0.0751808920068971,0.480810255896155,0.630651360463856,0.776969657799332,"INO80C"
"ENSG00000153395.10",35568.4579682286,1.18981906341553e-05,0.135030161321657,8.81150590186476e-05,0.999929694354926,0.999961475558523,"LPCAT1"
"ENSG00000153404.14",784.469888740699,-0.462231423411887,0.202845662350828,-2.27873457117581,0.0226828483626076,0.0923407764430005,"PLEKHG4B"
"ENSG00000153406.14",1995.13959502989,0.193355308685674,0.0689162481939384,2.80565634016451,0.00502142152612944,0.0335227966451629,"NMRAL1"
"ENSG00000153443.13",1056.3230868747,0.15914037244686,0.0833527071354734,1.90924059836724,0.0562310612619226,0.168157794178855,"UBALD1"
"ENSG00000153446.16",9244.58894156929,-0.440722731097632,0.223664834345412,-1.97046054373041,0.0487856126973418,0.153271624377899,"C16orf89"
"ENSG00000153485.6",411.14722411123,0.0119921835501666,0.0660912886145177,0.181448777918553,0.856015334996192,0.92288419468458,"TMEM251"
"ENSG00000153487.13",948.280854598108,0.00984709595512775,0.0573460214451954,0.171713672665827,0.863662636244761,0.92733641269703,"ING1"
"ENSG00000153495.11",8.99573791742125,0.201841588361484,0.144397550887564,1.3978186411115,0.162167535073537,0.333391298893188,"TEX29"
"ENSG00000153531.13",341.925722910467,0.68029393914309,0.134102580879253,5.07293696126275,3.91722295753051e-07,3.75746728808989e-05,"ADPRHL1"
"ENSG00000153551.14",1328.57468923015,-0.0319433791398096,0.0866358918252179,-0.368708377865529,0.712345103440302,0.833837949823815,"CMTM7"
"ENSG00000153558.16",416.954142065926,-0.0983873628591146,0.0780598570729843,-1.26040921093571,0.207521780592006,0.389222625152572,"FBXL2"
"ENSG00000153560.12",3284.22223887589,-0.103529118276,0.0449920865244056,-2.30105172428137,0.0213887075958138,0.0888119533533837,"UBP1"
"ENSG00000153561.13",2455.9118429863,0.0564927684873855,0.0653439367271236,0.864544919038156,0.387288615688212,0.57846567438796,"RMND5A"
"ENSG00000153563.16",926.248050923869,0.0519136065988304,0.148419220764634,0.349776843803513,0.726506178604982,0.842801846903922,"CD8A"
"ENSG00000153574.9",1159.69164349366,-0.0687441790105377,0.0636619658533984,-1.07983123186681,0.280217340657375,0.472724766277221,"RPIA"
"ENSG00000153707.17",403.385678555593,-0.145192282134857,0.138612990261766,-1.04746518966705,0.294885079035249,0.487419766474061,"PTPRD"
"ENSG00000153714.6",1031.11000797463,0.0292463790259986,0.0999929009401332,0.292484553913569,0.769916168012255,0.871408581947388,"LURAP1L"
"ENSG00000153721.19",761.592887258744,-0.137051385217697,0.111862000087727,-1.22518268143083,0.220506398188367,0.405088538740875,"CNKSR3"
"ENSG00000153767.10",719.106674881665,0.0877798525724053,0.0567471639962647,1.54685884528403,0.121897286791367,0.277641662683781,"GTF2E1"
"ENSG00000153774.9",1370.33555245727,0.0208973061491526,0.0649889699559283,0.321551582727407,0.747792428535793,0.856748453946872,"CFDP1"
"ENSG00000153779.11",1.22306719768432,-0.328011064754904,0.797325306015533,-0.411389256405357,0.680787130508755,0.81268239069894,"TGIF2LX"
"ENSG00000153786.13",4045.32856957619,0.152895253565739,0.0697896794031469,2.1908003428777,0.0284662438090103,0.106894502045272,"ZDHHC7"
"ENSG00000153789.13",185.765913040082,-1.00699059142268,0.229087254738468,-4.39566396905095,1.10434663366256e-05,0.000431554598171173,"CIBAR2"
"ENSG00000153790.12",233.258581758205,0.115030893021065,0.0884242472403982,1.30089762266601,0.193293499976841,0.372759528193291,"C7orf31"
"ENSG00000153802.12",30.2591122460328,0.320514724594132,0.320448484796077,1.00020670966223,0.317210482828582,0.511051952809678,"TMPRSS11D"
"ENSG00000153814.13",541.682137165242,-0.0883448585647958,0.090296272450836,-0.978388765858495,0.327882082318119,0.521606372640344,"JAZF1"
"ENSG00000153815.16",4667.164511752,0.100667987124271,0.0843384948857962,1.19361849248776,0.232627236887003,0.419320985256037,"CMIP"
"ENSG00000153820.13",3.59449916759566,-0.398477760666732,0.327666569142023,-1.21610746470146,0.223943987325468,0.408752287172439,"SPHKAP"
"ENSG00000153822.14",67.2347855436275,-0.530184806866976,0.250763682067434,-2.11428067452129,0.0344913019537876,0.12142528454557,"KCNJ16"
"ENSG00000153823.19",864.467819956799,-0.0909364317796108,0.150981182995522,-0.60230308158539,0.546972409964801,0.713795564634609,"PID1"
"ENSG00000153827.14",8716.55261956031,0.0592667202738536,0.0538661955281207,1.10025814321551,0.271219663738471,0.463251081702257,"TRIP12"
"ENSG00000153832.12",303.400233192851,0.110552027667632,0.0880526054177925,1.25552250433799,0.209289143859652,0.391458153750826,"FBXO36"
"ENSG00000153879.9",2125.6204220905,0.22175211555614,0.0737765510489986,3.00572624232412,0.00264947413441422,0.0216878348208029,"CEBPG"
"ENSG00000153885.14",838.254218773782,0.230475544882083,0.107729496799412,2.13939126914535,0.032403993447419,0.116415900922081,"KCTD15"
"ENSG00000153896.19",233.426675850231,-0.021718255608906,0.0653690917447408,-0.332240437020502,0.739707711945314,0.851529644680175,"ZNF599"
"ENSG00000153898.13",270.872631823702,-0.16875615253745,0.119600847156486,-1.41099462545319,0.158246198769561,0.328377629994702,"MCOLN2"
"ENSG00000153902.14",110.019750482475,-0.0522294313180635,0.124944709977023,-0.418020349382284,0.675932239086535,0.809547882434276,"LGI4"
"ENSG00000153904.21",4904.42040827591,-0.0219728003261362,0.0923335212248145,-0.237972082453529,0.811902747231692,0.89683736441887,"DDAH1"
"ENSG00000153914.16",3059.01946157869,-0.191996071024733,0.0723697889136037,-2.65298647276616,0.00797830681780864,0.0460828884256251,"SREK1"
"ENSG00000153922.11",2135.986047909,-0.0123631627239649,0.0747680023815917,-0.165353658385406,0.868665626748101,0.929679976575946,"CHD1"
"ENSG00000153923.10",6.1334980106408,0.215328124508139,0.251791038317908,0.855185815772637,0.392448287380927,0.583137589564099,"CLCA3P"
"ENSG00000153930.12",104.696817830811,-0.443112336642018,0.20388940777803,-2.17329748254714,0.0297579348498479,0.110068983996888,"ANKFN1"
"ENSG00000153933.10",484.505991785907,-0.0932318340074989,0.104222934272,-0.89454240238702,0.371031753267966,0.563335203960729,"DGKE"
"ENSG00000153936.17",2191.29872564869,0.0583638866733403,0.0742622565070442,0.785915879997588,0.431916770576128,0.617928109784326,"HS2ST1"
"ENSG00000153944.12",3653.83367091918,-0.212670454497698,0.0857692750356057,-2.47956455746433,0.0131542915231667,0.0644132707281641,"MSI2"
"ENSG00000153956.16",641.057930343611,-0.156899014089487,0.147255631812424,-1.06548735799353,0.286655443455242,0.479097373441535,"CACNA2D1"
"ENSG00000153975.10",360.237910168266,0.00148742904196014,0.0480120178605222,0.0309803484261213,0.975285211833819,0.987799177998628,"ZUP1"
"ENSG00000153976.3",117.608805056773,0.0187084224076153,0.175749823630764,0.106449167465,0.915225984652393,0.955061712293044,"HS3ST3A1"
"ENSG00000153982.11",360.790838674938,-0.203451328041692,0.0965604408484415,-2.10698425001004,0.0351189448258302,0.123023466970367,"GDPD1"
"ENSG00000153989.8",1722.47154125498,0.0210641398396122,0.0517388278109837,0.407124411796983,0.683916614664276,0.814852358896596,"NUS1"
"ENSG00000153993.13",240.396780787586,0.20380460688848,0.172332010493508,1.18262768655019,0.236956734803686,0.424527824991612,"SEMA3D"
"ENSG00000154001.14",3016.57767453806,0.040655789267929,0.0546280943171423,0.744228583774178,0.456738198180098,0.639775531471306,"PPP2R5E"
"ENSG00000154016.14",38.7191912335471,-0.0253515172352931,0.108103366215271,-0.234511820703246,0.814587657433589,0.898521249674866,"GRAP"
"ENSG00000154025.16",11.9948425572984,-0.142735895990074,0.135150437705295,-1.05612603565014,0.290910636957415,0.483346034345904,"SLC5A10"
"ENSG00000154027.19",27.7839151266134,0.370441826757774,0.206937245949901,1.79011673349252,0.073435147256257,0.200350434942437,"AK5"
"ENSG00000154040.21",332.472841153019,-0.0111826299403489,0.215877943171842,-0.0518007063438036,0.958687492727813,0.979277228097661,"CABYR"
"ENSG00000154059.11",1728.16026089735,0.100580992077588,0.059241695142959,1.69780746203956,0.0895441070814071,0.227902450658305,"IMPACT"
"ENSG00000154065.17",1046.81561020257,-0.102734041878815,0.189098303064946,-0.543283785278233,0.586934426615007,0.744043249639928,"ANKRD29"
"ENSG00000154079.6",440.977823578609,-0.0231309469654233,0.0915535352137683,-0.252649413388734,0.800539142052559,0.89018831932862,"SDHAF4"
"ENSG00000154080.14",339.403323618296,-1.33330751035671,0.307161020060883,-4.34074450622816,1.42000758980399e-05,0.000514992512934034,"CHST9"
"ENSG00000154096.14",2923.00504933598,0.239600626666046,0.131846962106182,1.81726315751656,0.0691768284000914,0.192680009029051,"THY1"
"ENSG00000154099.18",287.126660845862,-0.945877365123272,0.209499223998558,-4.51494448079571,6.33333556674632e-06,0.000284555655902409,"DNAAF1"
"ENSG00000154102.11",150.747103352871,0.512104753819745,0.194971588183418,2.62656091890674,0.00862525518022103,0.0485889375152451,"C16orf74"
"ENSG00000154114.12",957.336057880767,-0.14014068575019,0.0679646885231788,-2.06196318699226,0.0392112409230378,0.132892379425897,"TBCEL"
"ENSG00000154118.13",64.6783260984575,-0.488134996664781,0.240581776851815,-2.02897743566606,0.0424605886409342,0.139936683589648,"JPH3"
"ENSG00000154122.14",3254.54149623127,-0.176403932323443,0.0944971078895555,-1.86676540968446,0.0619343549131584,0.179461134878967,"ANKH"
"ENSG00000154124.5",1665.60075338354,-0.0909639586441723,0.0814937074880063,-1.11620837299076,0.264332951282481,0.455921483155203,"OTULIN"
"ENSG00000154127.10",840.425664285322,0.23743956333389,0.129390808290757,1.83505742386534,0.0664971814861788,0.187824778418542,"UBASH3B"
"ENSG00000154133.15",1284.47225884496,-0.0549310572760742,0.165416384295485,-0.332077487426822,0.739830748901868,0.851612388866642,"ROBO4"
"ENSG00000154134.15",252.387277584087,-0.119052005709476,0.130450608166642,-0.912621316087654,0.361441739449865,0.554461587407472,"ROBO3"
"ENSG00000154143.3",0.996230527905037,0.266747602089933,0.392997211290378,0.678751895500953,0.497295078222251,0.674201540787264,"PANX3"
"ENSG00000154144.13",1223.54774181412,-0.0478301698236651,0.0443120592055359,-1.07939397719729,0.280412134689313,0.472923211144245,"TBRG1"
"ENSG00000154146.13",1434.14181052241,-0.477546915146052,0.190057233177592,-2.51264793852821,0.0119828851777844,0.0604225947068747,"NRGN"
"ENSG00000154153.13",701.59055690587,-0.0796136211686735,0.158274549755124,-0.503009620257006,0.614957508440738,0.765632561554074,"RETREG1"
"ENSG00000154162.15",10.8765259681018,-0.430330211749654,0.326287685231892,-1.31886746336693,0.18721342531569,0.365222366844755,"CDH12"
"ENSG00000154165.5",104.067715400328,-0.0940647888095357,0.205663397541931,-0.457372531689104,0.647403304232035,0.788628231963599,"GPR15"
"ENSG00000154174.8",3657.25653528526,0.0707088834372734,0.0543787701311308,1.30030310113236,0.193497105608309,0.373000934341811,"TOMM70"
"ENSG00000154175.18",1899.01317357525,-0.242084080788022,0.174322087170871,-1.3887171999652,0.164918761857287,0.336745804263394,"ABI3BP"
"ENSG00000154188.10",733.231346436118,0.0694586878767031,0.166221129324283,0.417869185217693,0.676042763469982,0.809622004467846,"ANGPT1"
"ENSG00000154198.14",40.9651899618839,-0.586440716071101,0.273282866398433,-2.14591102545046,0.0318800779978123,0.115355226255968,"CYP4Z2P"
"ENSG00000154217.15",1991.7992489575,0.126400112411613,0.116983381015765,1.08049631763147,0.27992122569597,0.472535976807204,"PITPNC1"
"ENSG00000154222.15",2318.41028078636,-0.0649929591918605,0.0572329336472438,-1.1355867164253,0.256129570835009,0.446667110251425,"CC2D1B"
"ENSG00000154227.13",7.70901213155564,-1.41104939506558,0.3137181537702,-4.49782512777115,6.86521271506698e-06,0.000303134651091147,"CERS3"
"ENSG00000154229.12",1849.98294949728,0.179293491819641,0.123384231948695,1.45313131984477,0.146187296597612,0.312060440787329,"PRKCA"
"ENSG00000154237.13",1118.0953516653,-0.019100754238182,0.0827859048530743,-0.230724714214109,0.817528672319591,0.900422855879852,"LRRK1"
"ENSG00000154240.17",574.873769058739,-0.19828967113654,0.0941616657340071,-2.10584285644095,0.0352180047566871,0.123318577236473,"CEP112"
"ENSG00000154252.12",16.8167531489824,-0.225649744424238,0.261662068528197,-0.862370865190653,0.388483467760417,0.579557931625755,"GAL3ST2"
"ENSG00000154258.17",178.211301788049,-0.303473717586533,0.149287165006263,-2.03281854520984,0.0420708587967237,0.139080827779951,"ABCA9"
"ENSG00000154262.13",399.835944971283,-0.335844394776497,0.152589114793958,-2.20097216783773,0.0277379942291314,0.105084324291132,"ABCA6"
"ENSG00000154263.17",87.5515743532015,-0.481523484318469,0.165759473380758,-2.90495302921472,0.00367308217338413,0.0271192258842473,"ABCA10"
"ENSG00000154265.16",815.613686181204,-0.447921884963103,0.111236594396767,-4.02674935700945,5.65532603371608e-05,0.00145241289374187,"ABCA5"
"ENSG00000154269.15",435.693750646006,0.173355940163322,0.229233282272202,0.756242455043991,0.449503842700284,0.633370313130682,"ENPP3"
"ENSG00000154274.15",377.97282048327,0.0345148517095681,0.17519475493473,0.197008476209387,0.843820904719544,0.915159236901478,"C4orf19"
"ENSG00000154277.13",3403.84882843356,0.448887899181526,0.248478529457163,1.80654602295895,0.0708330920830636,0.195542797240584,"UCHL1"
"ENSG00000154305.18",4009.09015882829,-0.0840587637152557,0.0635736299783608,-1.32222690042817,0.18609260595938,0.364167467830815,"MIA3"
"ENSG00000154309.9",1070.18181495971,-0.0571915801864232,0.0858223350979156,-0.666395060460343,0.505158618924894,0.68094106324428,"DISP1"
"ENSG00000154310.17",1288.41335581902,-0.238355567084156,0.129986907749465,-1.83368903231054,0.0667001675942189,0.188206515782213,"TNIK"
"ENSG00000154316.16",7.12347542932726,-0.342954643469065,0.222238308029193,-1.54318419047725,0.122786092054141,0.278867409970565,"TDH"
"ENSG00000154319.16",810.805692194751,-0.146259228118402,0.180326321673141,-0.811080860305637,0.41731923645132,0.605737861933723,"FAM167A"
"ENSG00000154328.16",850.451798359668,0.15732025358575,0.0787177222005855,1.99853665969746,0.0456585096088417,0.146827852835619,"NEIL2"
"ENSG00000154330.13",574.833047710015,-0.213970873697133,0.162452669111402,-1.31712747391305,0.187795899233343,0.366016208475336,"PGM5"
"ENSG00000154342.6",123.86638539807,-0.29408984344419,0.275167620004993,-1.06876617037591,0.285175046562822,0.477606158519847,"WNT3A"
"ENSG00000154358.22",1131.37400934141,0.0166349314260463,0.117776418052538,0.141241614417461,0.88767907202314,0.940247555783181,"OBSCN"
"ENSG00000154359.13",872.592877643951,-0.068149010468789,0.0900649621198647,-0.756665065578904,0.449250549292307,0.633338054015109,"LONRF1"
"ENSG00000154370.16",1181.56115216402,0.133060506318626,0.0697115566616698,1.90872952334728,0.0562969925483117,0.168279383454026,"TRIM11"
"ENSG00000154380.17",7630.4309470696,-0.00741389579817353,0.0781766964037006,-0.0948351124980843,0.924445796806472,0.960328681490151,"ENAH"
"ENSG00000154429.11",650.356433633796,0.090088979523072,0.0690235558691024,1.3051918057354,0.191827543737987,0.370920804603834,"CCSAP"
"ENSG00000154438.8",7.21795661941667,0.378589740895666,0.281205682524388,1.34630899879782,0.178202884913859,0.354152231553647,"ASZ1"
"ENSG00000154447.15",2262.2440347503,0.0514620904603839,0.0788486033830066,0.652669651108557,0.51396927194971,0.688280532496867,"SH3RF1"
"ENSG00000154451.14",1636.18351126947,-0.0640617504206374,0.156385970097635,-0.409638731534819,0.682070980463234,0.813563669839583,"GBP5"
"ENSG00000154473.18",3917.17805482529,0.15794646532598,0.060952347468697,2.59131062026931,0.00956111490092469,0.0520297807120768,"BUB3"
"ENSG00000154478.4",2.22196447984513,0.380627091915136,0.308604181429775,1.2333828082033,0.217432975999448,0.401274726715611,"GPR26"
"ENSG00000154479.13",79.7792284117953,-0.78991761917118,0.181891281621183,-4.34280088705024,1.40677623021912e-05,0.000510750283889698,"CCDC173"
"ENSG00000154485.5",27.3795514713455,-0.366330642498365,0.151879160134712,-2.41198754439674,0.0158658235337867,0.0730899215318057,"MMP21"
"ENSG00000154493.19",7.2608723664062,0.356042456392238,0.33103059388723,1.07555755560626,0.282125178487723,0.474662205963529,"C10orf90"
"ENSG00000154511.12",690.902119277308,0.18257613526332,0.0852113919059334,2.14262589988989,0.0321431497449541,0.11576610606434,"DIPK1A"
"ENSG00000154518.10",6511.77132829923,0.173240006474343,0.0810924534894745,2.1363271059104,0.0326527609898438,0.117019200391267,"ATP5MC3"
"ENSG00000154529.15",28.0984262980534,-0.204618468656349,0.21649552650849,-0.945139476811891,0.344587673477588,0.537887439082024,"CNTNAP3B"
"ENSG00000154545.16",1.73831712625446,0.185633873977986,0.306248093464711,0.606155198805757,0.544411699481861,0.711740459034657,"MAGED4"
"ENSG00000154548.9",101.249462430907,-0.12826066401078,0.156301759537692,-0.820596418045119,0.411876188663868,0.600902451761007,"SRSF12"
"ENSG00000154553.16",1427.8384557242,0.0970594710619158,0.129402990523492,0.750055857822664,0.453221063695862,0.636499001996012,"PDLIM3"
"ENSG00000154556.18",1867.43507885961,-0.138127854568233,0.15429072968411,-0.895244029573467,0.370656652802204,0.563055617833633,"SORBS2"
"ENSG00000154582.17",2609.02114421896,0.0282207489668375,0.083708986754619,0.337129262471694,0.736019459073967,0.849249990799304,"ELOC"
"ENSG00000154589.7",617.823864756479,0.0158255853232431,0.108371152611511,0.146031346367374,0.883896642850718,0.938289415248189,"LY96"
"ENSG00000154608.14",12.946444192744,-0.0378713748846044,0.146846237788035,-0.257898162425311,0.79648550307638,0.887789743678125,"CEP170P1"
"ENSG00000154611.15",2.8372377622738,-0.107290498180342,0.208459567103039,-0.514682533746747,0.606774880636722,0.759716613642572,"PSMA8"
"ENSG00000154620.6",21.4867728857093,-0.317902579243082,0.451347621090236,-0.704340876939119,0.481220515681979,0.661080034190226,"TMSB4Y"
"ENSG00000154639.19",2743.23715180227,0.00477758414909315,0.0973253322932738,0.0490888038758161,0.960848525864446,0.980293038821646,"CXADR"
"ENSG00000154640.15",2531.23748378528,0.0358773327115017,0.0834376639024414,0.429989659747076,0.667203162988877,0.803586827021068,"BTG3"
"ENSG00000154642.11",926.16100284848,-0.308623912926463,0.0980792050529772,-3.14668040753145,0.00165135352306211,0.0156322186077074,"C21orf91"
"ENSG00000154645.14",113.043664657222,-0.613120627455056,0.207805971289807,-2.95044759132545,0.00317313872989771,0.0245968120452816,"CHODL"
"ENSG00000154646.9",4.74695909452977,-0.374445300856994,0.382861156174761,-0.978018518771004,0.328065165034166,0.521715915279383,"TMPRSS15"
"ENSG00000154654.15",374.019255200054,0.103043335442026,0.138973590885385,0.741459832659918,0.45841467775322,0.64120661568095,"NCAM2"
"ENSG00000154655.16",396.441179172042,-0.285996482644949,0.123745178456427,-2.31117273587878,0.0208233156688078,0.0873907284207259,"L3MBTL4"
"ENSG00000154678.18",276.487091400111,-0.414199176268627,0.191635645773334,-2.16138899731911,0.0306653033060635,0.112314625189084,"PDE1C"
"ENSG00000154710.18",123.330881773785,0.0189897869129771,0.0704271823660522,0.269637180915117,0.787439393179513,0.882109922315673,"RABGEF1"
"ENSG00000154719.14",773.78998975636,0.0693996804937921,0.068377979952136,1.01494195269254,0.310133498477133,0.503862792191285,"MRPL39"
"ENSG00000154721.15",722.40192648867,-0.217785835807797,0.144487474045126,-1.50729907382683,0.131734014894792,0.292105983103991,"JAM2"
"ENSG00000154723.12",1945.60791520869,0.144046687718571,0.0778146426621088,1.85115143873447,0.0641477696841561,0.183524249900714,"ATP5PF"
"ENSG00000154727.11",1421.8115416236,-0.0688636483494677,0.0552321718442152,-1.24680319549448,0.21246966852928,0.395049294892513,"GABPA"
"ENSG00000154734.16",2738.59098418428,-0.0572564927885165,0.153927736477497,-0.371969952256699,0.709915221341438,0.83210841656529,"ADAMTS1"
"ENSG00000154736.6",361.390275826559,-0.0427216758051121,0.151268967342533,-0.282421943876786,0.777619990786403,0.876148172637033,"ADAMTS5"
"ENSG00000154743.18",364.374700847718,0.00531787475989397,0.0684881338077444,0.0776466588332217,0.938109126008885,0.967839747172767,"TSEN2"
"ENSG00000154760.14",2043.75878088854,-0.157576729121044,0.114395139174081,-1.37747748950462,0.168364669735623,0.341132283028251,"SLFN13"
"ENSG00000154764.6",224.992824962948,0.696586709881067,0.272837072434373,2.55312338483115,0.0106761668601818,0.0560368316689315,"WNT7A"
"ENSG00000154767.15",827.882572565275,-0.131672829131376,0.0706537362850792,-1.86363575452106,0.0623728730444275,0.180274334774557,"XPC"
"ENSG00000154781.16",781.265314329204,0.0122029907510381,0.0392225995013557,0.311121417401625,0.755708319846744,0.861645036562677,"CCDC174"
"ENSG00000154783.12",1196.99039916189,-0.0632470657776122,0.131570013665148,-0.480710338288623,0.63072238243892,0.776969657799332,"FGD5"
"ENSG00000154803.13",1190.3372481835,-0.0963633894373499,0.0588697448260873,-1.63689157685372,0.101653126240858,0.247031936637729,"FLCN"
"ENSG00000154813.10",1335.06791129167,0.105686016806994,0.0665026331176012,1.58920048504098,0.112015137015251,0.262905778219192,"DPH3"
"ENSG00000154814.14",541.378461831199,-0.0304938011189017,0.0678609722227352,-0.449356973826047,0.65317416417915,0.792844080793949,"OXNAD1"
"ENSG00000154822.18",430.689092378139,-0.168466767427859,0.103748085929554,-1.62380602898302,0.104417212939094,0.251472965160681,"PLCL2"
"ENSG00000154832.15",1805.36980285749,-0.0438935212223891,0.071057353045926,-0.617719621416516,0.536760175558996,0.705195395796758,"CXXC1"
"ENSG00000154839.10",273.456406281166,0.26828194199676,0.156576364947681,1.71342553575314,0.0866342817821032,0.223175111681489,"SKA1"
"ENSG00000154845.16",6248.49354152248,0.0987797319332388,0.0608664818866179,1.62289208890446,0.10461247501406,0.251753882427438,"PPP4R1"
"ENSG00000154856.13",917.451226167181,-0.21086263185847,0.128700878425654,-1.63839310529864,0.101339716497611,0.246450195862306,"APCDD1"
"ENSG00000154864.13",640.353309698992,0.0140102402394817,0.138516140644935,0.101145181884578,0.919435211967848,0.957577900880161,"PIEZO2"
"ENSG00000154874.15",68.0820828835563,-0.234508446651857,0.198593792962391,-1.18084479456147,0.237664385401793,0.425406472214081,"CCDC144B"
"ENSG00000154889.17",720.126639115654,0.0253461365931467,0.063887011761894,0.396733794462189,0.691563776622614,0.819507645823282,"MPPE1"
"ENSG00000154898.15",7.718057975688,-0.255773427952707,0.225006953376879,-1.13673566133886,0.255648806657925,0.446249447913925,"CCDC144CP"
"ENSG00000154914.17",472.112799401088,0.178061971643791,0.0944577625936858,1.88509622453934,0.0594168476862432,0.174441367726463,"USP43"
"ENSG00000154917.11",651.078544062612,0.131831708866171,0.124572929389398,1.05826931671554,0.289932677368945,0.482274725338211,"RAB6B"
"ENSG00000154920.15",141.295026864949,0.0713895497337546,0.137532371096141,0.51907452161826,0.603708774813683,0.757118801608484,"EME1"
"ENSG00000154928.18",185.026585914991,0.277482185024361,0.194753891964158,1.42478377312957,0.154219714344983,0.323001821193225,"EPHB1"
"ENSG00000154930.15",2103.74595471738,-0.340632795062096,0.111425814995599,-3.05703660391041,0.0022353697688812,0.0192603948538721,"ACSS1"
"ENSG00000154945.7",2118.34020702386,-0.0038353444834039,0.0501453476154895,-0.0764845527208827,0.939033603117388,0.968150259422585,"ANKRD40"
"ENSG00000154957.14",316.391256929503,-0.0431782762659824,0.0453582545170347,-0.951938665315403,0.341128088833229,0.534405113002292,"ZNF18"
"ENSG00000154975.14",99.6999750809823,-0.108291435002379,0.383397507347557,-0.282452110217322,0.777596862646327,0.876148172637033,"CA10"
"ENSG00000154978.13",2867.93375851874,0.328489548042909,0.0975698705537626,3.36671091371292,0.000760703864865903,0.00908397194152816,"VOPP1"
"ENSG00000154997.9",3.13802141916741,1.04260924047064,0.419915165013358,2.48290447056723,0.0130316030068444,0.0640102034386061,"SEPTIN14"
"ENSG00000155008.14",1016.24510440564,-0.0611922964919267,0.0651962328710833,-0.93858638447602,0.347943146013805,0.541764859235049,"APOOL"
"ENSG00000155011.9",269.230455916479,-0.112622392397761,0.162023157937814,-0.695100588281252,0.486992266129398,0.66573035160917,"DKK2"
"ENSG00000155016.18",489.730820367479,-0.0592959824248716,0.0904944989222779,-0.655244054954087,0.512310634092614,0.687036088811947,"CYP2U1"
"ENSG00000155026.16",5.9461703013457,-0.998858099848116,0.195807892547999,-5.10121470003188,3.37480456371503e-07,3.40476873756862e-05,"RSPH10B"
"ENSG00000155034.19",489.46352121091,0.150456003754687,0.0882522292189089,1.70484083049599,0.0882241141619722,0.225748869728077,"FBXL18"
"ENSG00000155052.14",2.33622127815424,0.633637438601685,0.471288948165409,1.34447760989994,0.178793991947755,0.354785336387926,"CNTNAP5"
"ENSG00000155066.16",3667.45689505204,0.192185234566921,0.148273471761082,1.29615387219499,0.194922477927159,0.374490972221646,"PROM2"
"ENSG00000155070.8",6.05681755645447,0.101540378689566,0.270777900765061,0.37499507309375,0.70766413084831,0.830513479110029,"UNC93B2"
"ENSG00000155085.15",313.52325590934,-0.399662469918571,0.0869626094473939,-4.59579665856667,4.31098959446274e-06,0.000218124280499161,"AK9"
"ENSG00000155090.15",3991.18127186099,0.182656438084139,0.0877731018507038,2.08100698542961,0.0374332666751686,0.1287065731092,"KLF10"
"ENSG00000155093.19",901.389651453168,0.148122053159668,0.175770008739242,0.842703793565882,0.399394125019111,0.589433423656246,"PTPRN2"
"ENSG00000155096.14",9172.72299904976,0.0723870867675061,0.0721205385786129,1.00369587074842,0.31552522799952,0.5095568389916,"AZIN1"
"ENSG00000155097.12",3502.59550766551,0.0932744570893212,0.0556845659719803,1.67505044640656,0.093924334327621,0.235096824507141,"ATP6V1C1"
"ENSG00000155099.8",302.852537545217,0.204676896628932,0.0884096581829868,2.31509657242764,0.0206076475714055,0.0868578820856822,"PIP4P2"
"ENSG00000155100.11",614.186899710723,0.0290905762009706,0.0822720773013317,0.353589907477634,0.723646239026866,0.841268055023714,"OTUD6B"
"ENSG00000155111.15",1308.46490113661,-0.0651532117786867,0.0569065460447569,-1.1449159421386,0.252243979385749,0.442541446777106,"CDK19"
"ENSG00000155115.7",1705.109132147,0.166523253846935,0.0635164095240641,2.62173594343121,0.00874831834933504,0.0490911449189974,"GTF3C6"
"ENSG00000155158.20",1498.62051862545,-0.307375075989139,0.0943920834354725,-3.25636499166017,0.00112848583585082,0.0119728103674256,"TTC39B"
"ENSG00000155189.12",1306.22245615447,0.200188670675472,0.0878560402203487,2.27859883251494,0.0226909234129812,0.0923418791331601,"AGPAT5"
"ENSG00000155229.21",3066.32302318277,0.0230319855025441,0.0467655199315315,0.492499292989039,0.622366421615925,0.771001552931159,"MMS19"
"ENSG00000155252.13",1520.90513593676,0.163770379780553,0.0626142873165752,2.61554330168348,0.00890856245634207,0.0496555784126899,"PI4K2A"
"ENSG00000155254.13",2886.69397622896,0.348578046755448,0.0906288449355617,3.84621526406181,0.00011995638383808,0.00250006061730021,"MARVELD1"
"ENSG00000155256.17",1367.10959552168,-0.0223945939679707,0.0507608727347583,-0.441178269037839,0.659083944055085,0.797140325841026,"ZFYVE27"
"ENSG00000155265.11",1155.98078226675,-0.183933230119091,0.175587419748495,-1.04753079908885,0.294854834910754,0.48741817371816,"GOLGA7B"
"ENSG00000155269.12",19.1680264410645,0.940660513578956,0.247427843629235,3.8017569073128,0.00014367365779523,0.00283876978574278,"GPR78"
"ENSG00000155275.19",478.313841356819,0.0128917441330057,0.0464538964749209,0.277516960067399,0.781383184800475,0.878831009482868,"TRMT44"
"ENSG00000155287.11",1181.7100977623,0.0292044032855961,0.0561626599327635,0.519996797170199,0.603065807420202,0.756713146890317,"SLC25A28"
"ENSG00000155304.6",2248.48336374177,0.0395532535985382,0.0830497511974764,0.476259748262076,0.63388933795155,0.77886034927096,"HSPA13"
"ENSG00000155307.19",848.00795094586,-0.175972227839349,0.115776541532838,-1.51992990557105,0.128528593358279,0.287722300019592,"SAMSN1"
"ENSG00000155313.15",2436.41408284588,0.0408194992142608,0.0675103183643431,0.604640893470004,0.545417628991464,0.712576585253416,"USP25"
"ENSG00000155324.10",1156.46479455421,-0.0989871250343532,0.0839473987049855,-1.17915654995125,0.238335844079392,0.426040697189657,"GRAMD2B"
"ENSG00000155329.12",741.859607963523,0.0166481951264053,0.0632401146771642,0.263253715009738,0.792355031793886,0.885111933750968,"ZCCHC10"
"ENSG00000155330.10",493.727956827305,0.0835041159243797,0.0594835804417555,1.4038179158725,0.160373077561568,0.331195750367466,"C16orf87"
"ENSG00000155363.18",2626.62787472876,0.055150770589499,0.068172261695228,0.808991358333641,0.41852011700481,0.606925265939592,"MOV10"
"ENSG00000155366.17",5312.53890834097,0.426741053070421,0.0938370868650128,4.54768010524772,5.42404969884304e-06,0.000255060574327092,"RHOC"
"ENSG00000155367.15",50.7440157356512,-0.0122239097664058,0.134379278262307,-0.0909657346316809,0.927519817941894,0.961940499492208,"PPM1J"
"ENSG00000155368.16",5160.91588239718,0.00176561518195717,0.0845302374551368,0.0208873798904711,0.9833354938177,0.991825878443792,"DBI"
"ENSG00000155380.12",1362.76035523859,0.596729465272889,0.17031477340197,3.50368587148052,0.00045886629797853,0.00638505422526639,"SLC16A1"
"ENSG00000155393.13",1148.62452195631,0.0345517719443454,0.0546837445029048,0.631847220018191,0.527486714715519,0.698636081991637,"HEATR3"
"ENSG00000155428.12",5.42237842384178,-0.0475736517735127,0.14490001676446,-0.328320540161464,0.742669315367562,0.853286727975023,"TRIM74"
"ENSG00000155438.12",1141.77664683733,0.068222356135574,0.0714605286468601,0.954685858436783,0.339736583420751,0.533088674993122,"NIFK"
"ENSG00000155463.14",4855.33160755653,0.0986302486577756,0.0609150320094412,1.61914465779955,0.105416142140762,0.252890879110274,"OXA1L"
"ENSG00000155465.20",1933.01665786243,0.0501434224941964,0.115398479906259,0.434524116218249,0.663907886202084,0.801141616171049,"SLC7A7"
"ENSG00000155495.9",25.5496837076997,-0.578019929402725,0.457099123072067,-1.26453957189411,0.206036426666895,0.387415043093919,"MAGEC1"
"ENSG00000155506.18",9599.81651798343,0.155560127169287,0.0649304332751012,2.39579684475845,0.0165842793861919,0.0752554931463795,"LARP1"
"ENSG00000155508.14",3831.1755188748,0.0688187933402829,0.0656392864343111,1.04843908394942,0.294436354331017,0.487040768358054,"CNOT8"
"ENSG00000155511.18",182.206697521039,-0.432567067200268,0.276673981215201,-1.5634540888173,0.117945826414673,0.271842879807803,"GRIA1"
"ENSG00000155530.3",56.5778845587279,-0.59953277686242,0.155150100612112,-3.86421133145961,0.00011144870242568,0.00237850105760138,"LRGUK"
"ENSG00000155542.12",245.018435511207,0.0716959739506845,0.0935469228878401,0.766417234660361,0.443428081149901,0.628375376935543,"SETD9"
"ENSG00000155545.20",1105.97082295639,-0.0312066715045615,0.0620873802060603,-0.502625032671541,0.615227926076865,0.765826042880322,"MIER3"
"ENSG00000155561.15",3198.4589250813,-0.0389458784663036,0.069674350803213,-0.558970094695272,0.576182129925907,0.735933079552797,"NUP205"
"ENSG00000155592.16",357.250988153977,-0.0529628179968547,0.0638853924548295,-0.829028608289482,0.407088219185541,0.596609943273506,"ZKSCAN2"
"ENSG00000155621.15",330.858576431289,0.0817215672475922,0.0536060027120476,1.5244853768816,0.127387507026672,0.286097697749527,"C9orf85"
"ENSG00000155622.7",65.8985100746418,-0.201651077965347,0.326024307992411,-0.618515469619649,0.536235603686426,0.704895643129158,"XAGE2"
"ENSG00000155629.15",1626.16445836345,0.0320813168392131,0.112420807447243,0.285368141073603,0.775362112930789,0.874758753839538,"PIK3AP1"
"ENSG00000155636.15",464.933893318048,-0.0315697303085739,0.0360410610734557,-0.875937871091843,0.381063810073429,0.572352446269364,"RBM45"
"ENSG00000155657.28",514.315825142118,-0.690192865241129,0.151089916633508,-4.56809349438783,4.92180498054681e-06,0.000238117284819502,"TTN"
"ENSG00000155659.15",3324.69691345772,0.326901121099227,0.16921725618942,1.93184270009258,0.0533789239238799,0.162518931339527,"VSIG4"
"ENSG00000155660.11",20106.4530945668,0.0661637654987362,0.0997919709157676,0.663016923020628,0.507319715698736,0.682845979169517,"PDIA4"
"ENSG00000155666.12",165.770142199519,-0.0951611706727718,0.0542993840508494,-1.75252762690009,0.0796831236556193,0.211301492303189,"KDM8"
"ENSG00000155714.14",5.53605544572224,-0.399989530508269,0.179662079061907,-2.22634365914491,0.0259911711977887,0.100895513821282,"PDZD9"
"ENSG00000155719.18",18.9417870504463,0.0354805931427348,0.127478518584654,0.278326054747596,0.780762077170644,0.87844302257641,"OTOA"
"ENSG00000155729.13",868.669684970714,-0.0296858193796573,0.0429989041197336,-0.69038548742998,0.489951800689076,0.668249295384737,"KCTD18"
"ENSG00000155744.9",1244.81255382985,-0.231361274255598,0.0765215734793838,-3.02347774275618,0.00249887409590928,0.0208987153025506,"FAM126B"
"ENSG00000155749.13",41.9473227435956,-0.891449980680808,0.172227936939473,-5.17598942727912,2.26706295523669e-07,2.5413241403601e-05,"FLACC1"
"ENSG00000155754.15",124.709498711483,-0.581566155251565,0.181236821737936,-3.20887416626901,0.00133255797897768,0.0134395484172296,"C2CD6"
"ENSG00000155755.19",962.997797421896,-0.112953711781127,0.0656000742945645,-1.72185341245089,0.0850960760878205,0.220629519600639,"TMEM237"
"ENSG00000155760.2",876.20667974846,-0.260181807212718,0.107435266049736,-2.42175420398986,0.0154457939024732,0.071720615954678,"FZD7"
"ENSG00000155761.14",277.157920000673,-0.517849887617593,0.179860304961136,-2.87917830301405,0.00398712841809527,0.0287317507759645,"SPAG17"
"ENSG00000155792.10",1124.07243256621,-0.0541655200352039,0.128313058425466,-0.422135678939236,0.672925986801723,0.807154312522322,"DEPTOR"
"ENSG00000155816.20",46.8840020960024,0.608922331041124,0.223808519128695,2.72072901161988,0.00651381352139297,0.0401526372093568,"FMN2"
"ENSG00000155827.12",2104.70700980294,-0.0174452378436661,0.0490574330867117,-0.355608452093911,0.722133813041357,0.840570625745959,"RNF20"
"ENSG00000155846.17",298.200348007247,-0.0598429229677558,0.119928066037742,-0.49899014421631,0.617786327293869,0.767575764837841,"PPARGC1B"
"ENSG00000155849.15",1196.60510503382,-0.303874901984459,0.119394007977415,-2.54514365613676,0.0109232789586552,0.0569388956271345,"ELMO1"
"ENSG00000155850.8",1931.39686542863,0.0882445449040366,0.122319833034232,0.721424667734303,0.470648274069771,0.651421509462246,"SLC26A2"
"ENSG00000155858.6",315.986230369838,0.0362435618252914,0.062537009793604,0.579553802538832,0.562215554395617,0.725835367321749,"LSM11"
"ENSG00000155868.8",451.262244944499,0.0231418102062188,0.0555088177958235,0.416903315998201,0.676749127985835,0.810234778410256,"MED7"
"ENSG00000155875.15",10.7747942512006,-0.0270683772310159,0.162808776366802,-0.166258710587149,0.867953357930992,0.929545184340609,"SAXO1"
"ENSG00000155876.6",2980.66119690114,0.089801683087797,0.0568409719317386,1.57987592463481,0.114135283710605,0.266193064839031,"RRAGA"
"ENSG00000155886.11",62.7613301876784,-0.0994591997363046,0.230256900331783,-0.431948834510459,0.665778600677495,0.802409750664488,"SLC24A2"
"ENSG00000155893.13",626.351994394526,-0.0562929395408775,0.070824471597911,-0.794823290182343,0.426716301120626,0.61414554376661,"PXYLP1"
"ENSG00000155897.10",29.3583292419812,-0.234920618470396,0.369397384374766,-0.635956366794576,0.524804861927034,0.696830512408739,"ADCY8"
"ENSG00000155903.13",1245.13222060707,-0.132215397049462,0.0775156892115359,-1.70565982698875,0.088071433408881,0.225493090377368,"RASA2"
"ENSG00000155906.19",804.83149243065,0.0322231182737858,0.0574677018320598,0.560717015758742,0.574990465504939,0.735031391800643,"RMND1"
"ENSG00000155918.8",9.64114929747392,0.54420236621363,0.335299338438802,1.6230344167916,0.104582047804822,0.251742471084226,"RAET1L"
"ENSG00000155926.14",1784.42173417129,-0.106847014551576,0.113765451917865,-0.939186833527599,0.347634827801065,0.541439292757338,"SLA"
"ENSG00000155957.18",925.626226145758,0.0481997932806284,0.101155755466298,0.476490863603774,0.633724714816719,0.778731868700459,"TMBIM4"
"ENSG00000155959.12",2322.44658140849,0.00387471394430936,0.0759024436871299,0.0510486060275075,0.959286789002058,0.979468674402598,"VBP1"
"ENSG00000155961.5",95.3959396721037,-0.308694553256714,0.144829944828361,-2.13142767970085,0.0330539245459809,0.11806290203941,"RAB39B"
"ENSG00000155962.13",1912.56346867941,-0.00413844111069657,0.126677241959217,-0.0326691759837093,0.973938404765986,0.986982355032233,"CLIC2"
"ENSG00000155966.14",197.712084117414,0.11731116066099,0.20859450082475,0.562388558649244,0.573851312637224,0.734195363601226,"AFF2"
"ENSG00000155970.12",168.240893236061,-0.357936210598478,0.115304206767,-3.1042771173282,0.00190744582108659,0.0173430151218311,"MICU3"
"ENSG00000155974.12",200.790858181605,0.0358654442094024,0.129334803392962,0.2773069836464,0.781544397593488,0.878874472373168,"GRIP1"
"ENSG00000155975.10",1500.77637692216,-0.184898777463183,0.0815713047363333,-2.26671349760604,0.0234077333307739,0.0941996453259346,"VPS37A"
"ENSG00000155980.13",93.1403984871074,0.0641335128176455,0.202369088568856,0.316913582361785,0.751309175622283,0.858974463736012,"KIF5A"
"ENSG00000156006.5",12.7146086704967,0.0534157825633464,0.18441212845574,0.28965438992895,0.772080652623401,0.87264871345089,"NAT2"
"ENSG00000156009.10",13.6781415804181,2.20456995427617,0.326211614221813,6.7580976831105,1.39815259497084e-11,1.20669848332186e-08,"MAGEA8"
"ENSG00000156011.17",1896.57037241058,-0.018312771321872,0.102141627948895,-0.179288030645395,0.857711544741285,0.923627468999955,"PSD3"
"ENSG00000156017.13",973.092933404225,0.0395784145893828,0.0595273107143541,0.664878256961792,0.506128363731867,0.68166357689256,"CARNMT1"
"ENSG00000156026.14",2505.50921627691,0.0531041194240695,0.0808585364307274,0.65675340870861,0.511339486666173,0.686300289129896,"MCU"
"ENSG00000156030.13",2387.30658679063,-0.0242351830994193,0.0637583956906328,-0.380109675547872,0.7038640038382,0.827696534324145,"MIDEAS"
"ENSG00000156042.18",180.884710827027,-0.62114026789713,0.165923296338431,-3.74353862058164,0.000181446698154049,0.00336166105823192,"CFAP70"
"ENSG00000156049.7",631.180577527031,-0.236216362954593,0.117831077097377,-2.00470341758296,0.0449947629517052,0.145650038206234,"GNA14"
"ENSG00000156050.10",233.628692702376,-0.181758521120379,0.0739785132618947,-2.45690962289182,0.0140137936868679,0.067134431452459,"FAM161B"
"ENSG00000156052.11",4484.16448966568,-0.029586723239826,0.0806810655021175,-0.366712103461865,0.713833777362289,0.834679818987509,"GNAQ"
"ENSG00000156076.10",1685.22696033119,-0.380381223762099,0.297692031614663,-1.27776756972276,0.201331392344514,0.381911346665484,"WIF1"
"ENSG00000156096.14",66.4082324148545,-2.53978949136035,0.284739742671792,-8.91968738725688,4.67606249499482e-19,1.94600185807328e-15,"UGT2B4"
"ENSG00000156097.12",7.37531311143941,-0.189346054489716,0.13862809257614,-1.36585630640283,0.17198406924334,0.346287609151408,"GPR61"
"ENSG00000156103.16",141.057799158798,-0.469260232417435,0.163459259039476,-2.87080851323391,0.00409423456325246,0.0292509337584472,"MMP16"
"ENSG00000156110.15",2596.43756289609,0.0667322520713277,0.0895231523374605,0.745418926042486,0.456018506014137,0.639197714749439,"ADK"
"ENSG00000156113.24",759.565780063352,0.201849993887942,0.144356250954799,1.3982767809005,0.162029967628214,0.333197264499451,"KCNMA1"
"ENSG00000156127.8",578.675838209839,0.456034628486775,0.123544717479819,3.69125153862827,0.000223153315837387,0.00389997025940899,"BATF"
"ENSG00000156136.10",1260.419981054,0.039594573806061,0.0830917098004781,0.476516536982287,0.633706428823688,0.778731868700459,"DCK"
"ENSG00000156140.10",171.093473960052,0.591796248342243,0.156744781409126,3.7755403594431,0.000159661169268825,0.00305669885478262,"ADAMTS3"
"ENSG00000156150.9",4.26882457149373,-0.159202147566271,0.451859163322841,-0.352326920617355,0.724593101147717,0.841873254807571,"ALX3"
"ENSG00000156162.16",1563.64132576052,-0.00212839088472702,0.0701955947126251,-0.0303208612084629,0.975811159382045,0.987848789201296,"DPY19L4"
"ENSG00000156170.13",869.447370260032,-0.0841152867413754,0.0884791584664914,-0.950679100019145,0.341767300907161,0.535008180074755,"NDUFAF6"
"ENSG00000156171.15",2055.47085722146,0.0505102770395824,0.0583100789738324,0.866235785107574,0.386360872896306,0.577624165491793,"DRAM2"
"ENSG00000156172.6",229.528885699239,-0.122977062412039,0.0767498548747656,-1.60231003189131,0.109087068398505,0.258596878254216,"C8orf37"
"ENSG00000156194.18",2.48360449129091,-0.126250517944841,0.242066195150461,-0.521553692643319,0.601981112353497,0.755750864421169,"PPEF2"
"ENSG00000156206.14",37.2748345674385,-0.882498435381646,0.208004524869407,-4.24268864312308,2.20857754057844e-05,0.000716668343649882,"CFAP161"
"ENSG00000156218.13",424.639543292445,-0.0942507789864149,0.166507023694248,-0.566046866344118,0.571361921603677,0.732430802704426,"ADAMTSL3"
"ENSG00000156219.17",7.17406155591501,-0.109586308281414,0.210962228743457,-0.51945937874347,0.60344043296509,0.756926468793111,"ART3"
"ENSG00000156222.12",10.4339213950844,0.00521451223294403,0.198150235979544,0.0263159526768484,0.979005330921763,0.989526836952496,"SLC28A1"
"ENSG00000156232.7",663.04658726853,-0.0975732892461906,0.0507781076799552,-1.92156213975473,0.0546608763512321,0.165108379274321,"WHAMM"
"ENSG00000156234.7",1474.70493360146,-0.393597750024926,0.202458496298499,-1.94409104691075,0.0518844727289396,0.159544633838052,"CXCL13"
"ENSG00000156239.12",450.120993350655,0.0347705671652656,0.0623227350583505,0.557911444879805,0.576904855933777,0.736471690686547,"N6AMT1"
"ENSG00000156253.7",845.877119705855,0.181933731703309,0.0706203157036264,2.57622370971596,0.00998859976850671,0.0537238210166226,"RWDD2B"
"ENSG00000156256.15",2023.28945388463,-0.0878048869963186,0.0443002247114917,-1.98204157130475,0.0474745880978619,0.150589538937079,"USP16"
"ENSG00000156261.13",6487.13079953097,0.157720153584913,0.0627129211255627,2.51495466570801,0.0119047690664225,0.0601525992606474,"CCT8"
"ENSG00000156265.16",286.418784313588,0.174275181210846,0.0811214623311347,2.14832396018037,0.0316880287621147,0.114897575863329,"MAP3K7CL"
"ENSG00000156269.5",5.89499411875777,0.0924413272383435,0.525169445098661,0.176021907026554,0.860276731835006,0.925043383275721,"NAA11"
"ENSG00000156273.16",2651.21083719423,0.0478898278095564,0.0761275468994856,0.62907357139443,0.529300891758595,0.699946539371035,"BACH1"
"ENSG00000156284.6",140.712606646607,0.807791841462252,0.261383285464236,3.09044949078344,0.00199853793037269,0.0178911866942453,"CLDN8"
"ENSG00000156298.13",1053.53396223985,-0.244597693441582,0.192320288612042,-1.271824700383,0.203435410754518,0.384434960282107,"TSPAN7"
"ENSG00000156299.13",751.918717165256,0.103791007754144,0.123690881770958,0.839116079278473,0.401404173900109,0.591534576914675,"TIAM1"
"ENSG00000156304.15",1783.0236529263,0.0347803430420493,0.0549700188393557,0.632714773915055,0.526919920309811,0.698107561258885,"SCAF4"
"ENSG00000156313.15",503.063616806027,-0.314639627534696,0.0939699604657767,-3.34830009478705,0.000813089157498342,0.00950164174116964,"RPGR"
"ENSG00000156345.18",344.997770329203,-0.129173540389797,0.0724668512231241,-1.78251901675807,0.0746646329096874,0.20239194417957,"CDK20"
"ENSG00000156374.16",363.438011253952,0.0484585168670968,0.0610537424904247,0.793702644431612,0.427368560405274,0.614616910651092,"PCGF6"
"ENSG00000156381.9",956.361882826442,0.217619534511024,0.0988422709281405,2.20168489116601,0.0276875747098418,0.104941077506234,"ANKRD9"
"ENSG00000156384.14",399.377713263206,0.0908910164962314,0.0773992528891366,1.17431387388739,0.240269328196543,0.428158579652492,"SFR1"
"ENSG00000156395.13",3.46213127360686,0.886175516209407,0.295695782680773,2.99691631776197,0.00272725566348623,0.0221581912459744,"SORCS3"
"ENSG00000156398.13",720.821997941027,-0.20433092087976,0.0831960751718316,-2.45601635002299,0.0140486765510581,0.0672401650969489,"SFXN2"
"ENSG00000156411.10",2451.53164786174,0.192563426419059,0.0836626388983614,2.30166570113808,0.0213540318668982,0.0887232975096272,"ATP5MPL"
"ENSG00000156413.14",262.61541783941,0.643564887972698,0.249552798457034,2.57887265521288,0.00991233203987863,0.0534171690844414,"FUT6"
"ENSG00000156414.19",100.977007929262,0.160672006085099,0.195202987469336,0.82310218797414,0.410449884684951,0.599557213531769,"TDRD9"
"ENSG00000156427.8",111.49445947317,-0.525783313116856,0.197639992258593,-2.6603083065745,0.00780691528616364,0.0453367574781521,"FGF18"
"ENSG00000156453.14",3265.82949979778,0.268873695797798,0.0938033195685971,2.86635587135245,0.00415227184554375,0.0294946845644736,"PCDH1"
"ENSG00000156463.18",670.895060635679,0.287350432296305,0.181795055866699,1.58062842207878,0.113963023219057,0.265940347096942,"SH3RF2"
"ENSG00000156466.10",16.1899608087737,-0.149454666232738,0.206160886116257,-0.724941908468798,0.468487669302506,0.649835845933186,"GDF6"
"ENSG00000156467.10",5340.2341549145,0.147201823232496,0.0736055444175269,1.99987411814379,0.0455138585737399,0.146675356182201,"UQCRB"
"ENSG00000156469.9",840.285140627511,0.0506072313217533,0.0742586982030855,0.681499037100686,0.495555775834533,0.672833018427434,"MTERF3"
"ENSG00000156471.13",3853.54585248978,0.156632100740265,0.0666794929647503,2.34902957080174,0.0188224119080389,0.0819370501640088,"PTDSS1"
"ENSG00000156475.18",83.8822048058813,0.0575577638845635,0.132134639932007,0.435599354674757,0.663127439081126,0.800373471190832,"PPP2R2B"
"ENSG00000156482.11",11494.7656818787,0.148923420602862,0.0882151261107034,1.6881846364531,0.0913757914764092,0.23099272783782,"RPL30"
"ENSG00000156486.8",16.4043481632695,-0.159098011890739,0.175773811927701,-0.905129212059069,0.365396937941497,0.558086074634658,"KCNS2"
"ENSG00000156500.15",207.339670040513,-0.184189976947163,0.0650276160893573,-2.83248853370328,0.00461872226594186,0.0316923166529271,"FAM122C"
"ENSG00000156502.14",1086.88661502951,0.0103587037774945,0.0555901456202704,0.186340648363356,0.852177632859376,0.92046685691812,"SUPV3L1"
"ENSG00000156504.16",1752.66371445174,-0.115593496072646,0.0634011179202035,-1.82320911467416,0.0682717251210102,0.190925707219974,"FAM122B"
"ENSG00000156508.19",199625.306994368,0.0339904704828953,0.0861467195228691,0.394564885014246,0.69316403285984,0.820833623683591,"EEF1A1"
"ENSG00000156509.14",36.6237238605865,0.013015170090025,0.142763765837794,0.0911657801518954,0.927360865173917,0.961940499492208,"FBXO43"
"ENSG00000156510.13",904.203787602799,0.234112568165428,0.16755777688107,1.3972050269657,0.16235192548344,0.333572235653309,"HKDC1"
"ENSG00000156515.24",6960.19378102493,0.103301367287008,0.064469736221811,1.60232340538195,0.109084112585766,0.258596878254216,"HK1"
"ENSG00000156521.14",1155.60596757628,0.144667033839963,0.0742931859315276,1.94724498654958,0.0515053706844111,0.158804251361002,"TYSND1"
"ENSG00000156531.17",1477.72718963677,-0.0643037345227623,0.0655445401907888,-0.981069274963029,0.326558580787095,0.520147106982334,"PHF6"
"ENSG00000156535.15",2149.61393350592,0.483147527269031,0.157911021108273,3.05961878960784,0.00221618880531012,0.0191546141991666,"CD109"
"ENSG00000156564.9",10.0074329066307,0.0232395197766549,0.304982852230396,0.076199430908,0.939260435444329,0.968226079117195,"LRFN2"
"ENSG00000156574.10",9.72951052182837,-0.395445640429323,0.161064656119481,-2.45519811705911,0.0140806962862656,0.0673471946830113,"NODAL"
"ENSG00000156587.16",4839.249427338,0.193621031965233,0.0966930710806215,2.00242923098176,0.0452385872845239,0.146155098152708,"UBE2L6"
"ENSG00000156599.11",5861.24455998432,0.0843748472338754,0.0441273006164843,1.91207814788372,0.0558661712288533,0.16733715148198,"ZDHHC5"
"ENSG00000156603.19",593.056681197079,0.05143347954005,0.0647280245425845,0.794609134196764,0.426840903334216,0.614183409098774,"MED19"
"ENSG00000156639.12",3807.30201781303,0.040015819678348,0.0501746078423882,0.797531289214025,0.425142538391655,0.612685937610309,"ZFAND3"
"ENSG00000156642.17",5894.26201230281,0.0593355635595761,0.0627491000664836,0.945600231664027,0.344352526044279,0.537685425832106,"NPTN"
"ENSG00000156650.14",1556.36540132497,-0.0821012583894846,0.0752591066245266,-1.09091460252238,0.275310461060764,0.467939039291329,"KAT6B"
"ENSG00000156671.15",1513.50445736915,-0.0357081445444292,0.0609723284950748,-0.58564508566068,0.558114043886379,0.722217090822057,"SAMD8"
"ENSG00000156675.16",5817.69960540443,-0.133366975655441,0.121046793001678,-1.10178033096335,0.270557183403441,0.462545092693226,"RAB11FIP1"
"ENSG00000156687.11",14.1180032403424,0.192131930512703,0.308639599294429,0.622512247138507,0.533605093196551,0.702853076744452,"UNC5D"
"ENSG00000156689.7",53.6365062287658,-0.922187072234393,0.353655732423041,-2.60758412119071,0.00911836625898838,0.0505195272079354,"GLYATL2"
"ENSG00000156697.13",1072.08148670244,0.0443373592493712,0.05810479427247,0.763058535952483,0.445428486920405,0.630217611450471,"UTP14A"
"ENSG00000156709.15",2088.55248135188,-0.0258431889466858,0.0620703733089773,-0.416353045244986,0.67715168210773,0.810512707259128,"AIFM1"
"ENSG00000156711.17",6254.10922138776,-0.00322908773331129,0.0748502152647238,-0.0431406606098717,0.965589406975105,0.982995977683894,"MAPK13"
"ENSG00000156735.11",1304.98776668166,-0.0728784881350052,0.0840565723635512,-0.867017130079967,0.385932623943958,0.577227526938611,"BAG4"
"ENSG00000156738.18",616.471350594476,-0.791984759643557,0.214724208853925,-3.68838131420169,0.000225685255946083,0.00392362361682139,"MS4A1"
"ENSG00000156755.10",2.44272411941149,-0.143297409951216,0.230607132055678,-0.621391926059851,0.534341783076693,0.70335037298748,"IGKV1OR-2"
"ENSG00000156787.17",437.51696462142,0.0284636047846338,0.0973574070762769,0.292361984972888,0.770009870675813,0.871408581947388,"TBC1D31"
"ENSG00000156795.8",641.397882059176,0.121087750458942,0.0840984620367967,1.43983311378466,0.149914620178642,0.317036616248969,"NTAQ1"
"ENSG00000156802.13",2310.09537601406,0.0536671295043393,0.117015081549649,0.458634295627686,0.646496804256092,0.787956439599432,"ATAD2"
"ENSG00000156804.7",3110.56825712883,0.238200684527435,0.132522703707262,1.7974330274276,0.0722669014191231,0.198317008650417,"FBXO32"
"ENSG00000156831.8",1044.91542841834,0.0385819425348779,0.0900102528525267,0.428639419534692,0.668185653699755,0.804339668165265,"NSMCE2"
"ENSG00000156853.13",525.077416901722,-0.0243139087146449,0.0512716312639835,-0.474217576371995,0.635344760854396,0.7797881413819,"ZNF689"
"ENSG00000156858.12",1634.90116249877,-0.00339826399262001,0.0628347243933055,-0.0540825797428351,0.95686937128446,0.978080254771838,"PRR14"
"ENSG00000156860.16",4073.90132472679,0.0743203084794414,0.0620297463543189,1.19813980948621,0.230862593073606,0.417357867265992,"FBRS"
"ENSG00000156869.14",559.639573803247,0.375714117311251,0.0997515558158463,3.76649882037796,0.000165552865816211,0.00313167702364723,"FRRS1"
"ENSG00000156873.16",1371.06676292968,-0.0660527866879326,0.0670743883396905,-0.984769124593666,0.324737489863933,0.51826303868654,"PHKG2"
"ENSG00000156875.14",46.3221371673684,0.0738927972833883,0.0994887713725741,0.742724995634615,0.457648193412559,0.6405920245232,"MFSD14A"
"ENSG00000156876.10",304.417742801346,-0.0485563203706535,0.0942795019073896,-0.515025211083001,0.606535402845551,0.759635224276302,"SASS6"
"ENSG00000156885.6",0.975932175990604,0.166514218059347,0.529374017457062,0.314549283811144,0.753103891368539,0.860110728802881,"COX6A2"
"ENSG00000156886.12",32.5732397021011,-0.44576207462079,0.169273343472481,-2.63338612847367,0.00845381779669378,0.0479313617004983,"ITGAD"
"ENSG00000156920.11",2.10295476191342,-0.888722383409341,0.36629804734509,-2.42622746654195,0.0152567044443315,0.0711855503029925,"ADGRG4"
"ENSG00000156925.12",3.77604478381834,-1.60168920596081,0.56271334873779,-2.84636788793712,0.00442210741217887,0.0307873739175389,"ZIC3"
"ENSG00000156928.5",1001.79071384173,0.247750449426067,0.0592037840933002,4.18470631937366,2.85535008017167e-05,0.00086176098000029,"MALSU1"
"ENSG00000156931.16",1540.10365247668,-0.0160272844023383,0.0580732155907516,-0.275984104535976,0.782560275028556,0.879385528259493,"VPS8"
"ENSG00000156958.15",660.011455897673,0.104658418899966,0.0678968454122861,1.54143271700554,0.123211506489933,0.279585651960833,"GALK2"
"ENSG00000156959.9",120.155365240277,0.252523039159899,0.327343468906162,0.771431426457719,0.440451253586379,0.625802158601089,"LHFPL4"
"ENSG00000156966.7",4377.321494967,0.201726873801637,0.169601836433006,1.18941444293453,0.234276620169948,0.421317887567556,"B3GNT7"
"ENSG00000156968.9",251.761096468788,-0.229359530827452,0.17802489946201,-1.28835646878934,0.197621904616549,0.377867180741083,"MPV17L"
"ENSG00000156970.13",543.311194400746,0.268473211820545,0.150568483993246,1.78306379064418,0.0745759198688428,0.202203444921686,"BUB1B"
"ENSG00000156973.14",811.839979984122,0.133317208126703,0.0585426947048912,2.27726463222686,0.0227704276110038,0.0925660848338262,"PDE6D"
"ENSG00000156976.17",13465.413743542,0.0261518203877178,0.0696650702313274,0.375393583913416,0.707367775896198,0.830388514806672,"EIF4A2"
"ENSG00000156983.16",1104.57119438302,0.053670415365743,0.0526629387979618,1.01913065603206,0.308140942010617,0.50183125678029,"BRPF1"
"ENSG00000156990.14",991.946377495659,0.18376480723886,0.0653704591846896,2.81112920929122,0.00493679561209028,0.0331243348962568,"RPUSD3"
"ENSG00000157005.4",77.2253612067769,-3.64716618401128,0.569264616356332,-6.40680288080355,1.48602741407025e-10,9.32517027536667e-08,"SST"
"ENSG00000157014.11",949.960185679612,0.0720181317269322,0.0497937196831615,1.44632962118888,0.148084771371496,0.314425146254542,"TATDN2"
"ENSG00000157017.16",33.5122992759176,-0.168551381338251,0.120451829702624,-1.3993260355976,0.161715235660579,0.332817292504647,"GHRL"
"ENSG00000157020.18",5112.50606589816,0.237809809371961,0.06260883781097,3.79834249742762,0.000145666947241479,0.00286455385381605,"SEC13"
"ENSG00000157021.9",8.70119327230501,-0.158991379375397,0.130451066731202,-1.21878174981124,0.222927040122615,0.40761807704318,"CIBAR1P1"
"ENSG00000157036.13",329.10866702822,-0.19753195642737,0.0664890275776824,-2.97089555410603,0.00296932746655008,0.0234633148303554,"EXOG"
"ENSG00000157045.9",644.638669794534,0.168713384110432,0.0615514691554327,2.74101311350326,0.00612500629100883,0.0384871250223734,"NTAN1"
"ENSG00000157060.16",0.920930579954831,0.0528463312373945,0.467390099838209,0.113066860542591,0.909977547929013,0.95219922210815,"SHCBP1L"
"ENSG00000157064.11",823.058361128223,0.11963676432785,0.22264205567228,0.537350250232826,0.591025701107214,0.747607092209821,"NMNAT2"
"ENSG00000157077.15",1038.61118925257,-0.050355447761594,0.092100370255785,-0.546745334701095,0.584553703765141,0.742665386737372,"ZFYVE9"
"ENSG00000157087.20",8.45949682292305,0.119774206644696,0.182218994231393,0.657309119446679,0.510982173896892,0.686111293226425,"ATP2B2"
"ENSG00000157103.12",124.218691580459,-0.0811844353618213,0.135447173378544,-0.599380801657108,0.548918976383412,0.715154071039639,"SLC6A1"
"ENSG00000157106.17",4813.8398820584,-0.214217619622988,0.0836565216199821,-2.5606804523393,0.0104467394664681,0.0552419468006866,"SMG1"
"ENSG00000157107.14",2967.06171950381,0.0946049872903892,0.0855806603325755,1.1054482043343,0.268965426185001,0.46070205967882,"FCHO2"
"ENSG00000157110.16",3530.32020282784,-0.182429278290156,0.106383803230805,-1.7148219254238,0.0863778804036991,0.222718318927077,"RBPMS"
"ENSG00000157111.13",73.4312254056827,0.919959235432674,0.205115146423785,4.48508679867046,7.28842587847607e-06,0.000317377817929464,"TMEM171"
"ENSG00000157131.11",12.744923658915,0.476516348509435,0.295649117796006,1.61176313347982,0.107013493443975,0.255398369835612,"C8A"
"ENSG00000157150.5",39.5983901349038,0.384051891372554,0.190705699698611,2.0138458996218,0.0440257150125304,0.143419582183187,"TIMP4"
"ENSG00000157152.17",54.5034535085838,0.14160161189326,0.216299478011104,0.654655356523748,0.512689674619437,0.687295242081938,"SYN2"
"ENSG00000157168.20",250.129060704749,-0.196437083638103,0.174202965919968,-1.12763340509569,0.25947477284485,0.450495077822465,"NRG1"
"ENSG00000157181.16",1987.280291124,-0.0332911601301724,0.071726965198732,-0.464137302309299,0.642549377791299,0.785157323453194,"ODR4"
"ENSG00000157184.7",560.185657182162,0.0455069362029967,0.0531301261785377,0.856518504211262,0.391711042037842,0.582559544278614,"CPT2"
"ENSG00000157191.20",3976.79216708236,0.101937013049902,0.0612104665053151,1.66535265731149,0.0958424187268235,0.238216839803338,"NECAP2"
"ENSG00000157193.18",713.447980642735,0.0686851030114457,0.129865561503251,0.528893897784643,0.596879055337818,0.752068061513151,"LRP8"
"ENSG00000157212.19",657.952611659361,-0.0524484922308146,0.0675900339215113,-0.775979670193984,0.4377609895864,0.62331608187067,"PAXIP1"
"ENSG00000157214.14",1917.28128062653,-0.0706659387127705,0.147681709553407,-0.478501629798748,0.632293214559189,0.777820647070613,"STEAP2"
"ENSG00000157216.15",2456.37329379745,0.00287956317799876,0.0773983924520418,0.0372044313424599,0.970322005359837,0.985083519345893,"SSBP3"
"ENSG00000157224.16",3198.8415660327,0.181608640565958,0.0875369723483715,2.0746506955165,0.038018920004231,0.130055217062753,"CLDN12"
"ENSG00000157227.13",15916.6243597197,0.400958396985162,0.120139151829572,3.33744987274386,0.000845509717909782,0.00979455638078301,"MMP14"
"ENSG00000157240.4",2644.3573523108,0.347036642102565,0.109857683487174,3.15896559154264,0.00158330182389884,0.0151604451029807,"FZD1"
"ENSG00000157259.8",2262.31623407933,0.0425053094510408,0.0548804786288273,0.774506901416015,0.438631088558139,0.624057922634659,"GATAD1"
"ENSG00000157303.11",233.104253191904,-0.0872837755213139,0.110661622595391,-0.788744765115611,0.430261198383159,0.616619434280509,"SUSD3"
"ENSG00000157306.14",33.322173478121,-0.294778773401526,0.129590394834704,-2.27469615921399,0.0229241630595186,0.0928484380462959,"ZFHX2-AS1"
"ENSG00000157315.5",61.4894522231083,-0.420836094716955,0.160894657406963,-2.61560017901963,0.00890707881736943,0.0496555784126899,"TMED6"
"ENSG00000157322.17",6.45458326357249,-0.341855576199948,0.172586152086757,-1.98078218945459,0.0476157049950994,0.150920569916398,"CLEC18A"
"ENSG00000157326.19",312.652524832554,0.0912198822046729,0.0763876907550924,1.19416991537464,0.232411508753824,0.419068260449581,"DHRS4"
"ENSG00000157330.10",55.3469875739545,-0.990898097086414,0.308818636562972,-3.20867324626102,0.00133348944196211,0.0134410729613213,"C1orf158"
"ENSG00000157335.21",1.36293942567378,-0.722162345821069,0.318745879190603,-2.26563664965605,0.023473639206777,0.094362215661824,"CLEC18C"
"ENSG00000157343.9",20.4510940546619,0.226523775885668,0.128967012232052,1.75644741988812,0.0790120419710255,0.210076441117373,"ARMC12"
"ENSG00000157349.17",691.737794394808,-0.0556112003664025,0.0569719318502371,-0.976115756660463,0.329007103921092,0.522597018647181,"DDX19B"
"ENSG00000157350.13",1229.6468303674,0.110624894765299,0.0728703940438944,1.51810479710954,0.128987982046581,0.28831130488599,"ST3GAL2"
"ENSG00000157353.17",1257.23420421429,-0.0592907016188606,0.0776592626999109,-0.763472373514159,0.445181732127832,0.630002355170106,"FCSK"
"ENSG00000157368.11",198.035170788518,-0.0236516000572751,0.135002346065708,-0.175193992893749,0.860927204313158,0.925432784135112,"IL34"
"ENSG00000157379.14",1123.05468827785,-0.0293425874340756,0.0726311644740604,-0.403994451232502,0.68621679950519,0.816461150236806,"DHRS1"
"ENSG00000157388.19",717.719298700707,-0.364465204405684,0.168754431959728,-2.15973708170616,0.0307930288292738,0.112621367550589,"CACNA1D"
"ENSG00000157399.16",1152.35029200091,-0.124142926182281,0.205372805720902,-0.604475971132173,0.545527240007516,0.712691822381503,"ARSL"
"ENSG00000157404.16",3198.70275767744,-0.401439167473887,0.18119359579471,-2.21552624811703,0.0267239647644005,0.102727278478373,"KIT"
"ENSG00000157423.18",248.734282755326,-1.25074981319268,0.231235946849846,-5.40897654638818,6.33859291720849e-08,9.90945171850351e-06,"HYDIN"
"ENSG00000157426.14",580.495727972871,0.0369589948336131,0.0640772724934304,0.576787890548906,0.56408275085336,0.72697739419196,"AASDH"
"ENSG00000157429.16",181.09250757496,-0.21030609349171,0.075753053590935,-2.77620615305304,0.00549973241054562,0.0357203650301005,"ZNF19"
"ENSG00000157445.15",81.5706541572257,-0.0810653078463686,0.141719936082022,-0.572010615355142,0.567314783042416,0.72922006940804,"CACNA2D3"
"ENSG00000157450.16",1443.67841615465,-0.057176182992583,0.0480501342090328,-1.18992764398637,0.234074832150363,0.421064047265077,"RNF111"
"ENSG00000157456.8",940.485218571802,0.098452036066947,0.14965954124164,0.657840023096064,0.510640933557772,0.685736068124351,"CCNB2"
"ENSG00000157470.12",189.272099774394,0.337454902606485,0.130180874080317,2.59220031352906,0.00953642270134726,0.0519480850303571,"FAM81A"
"ENSG00000157483.9",3148.67944394047,0.335338749896061,0.0913599192009447,3.67052371356074,0.000242054011053529,0.00414460648527306,"MYO1E"
"ENSG00000157500.12",2284.43829118134,-0.0954561952878109,0.053446179544289,-1.78602467195452,0.0740952634871664,0.201471741255237,"APPL1"
"ENSG00000157502.13",138.957723734219,0.487572059516349,0.233729274445,2.08605473436782,0.0369736653448621,0.127772912635094,"PWWP3B"
"ENSG00000157510.14",791.805098998605,0.145357269264806,0.115837352148017,1.25483936372327,0.20953707964595,0.391784678908941,"AFAP1L1"
"ENSG00000157514.16",11271.3934448797,-0.112782216858639,0.125384327131496,-0.899492140994305,0.368390580038217,0.560943679328355,"TSC22D3"
"ENSG00000157538.14",2191.6330356824,0.0198942504706892,0.0433877110827285,0.458522700880816,0.646576957111578,0.787996435797487,"VPS26C"
"ENSG00000157540.22",3278.47652250414,-0.0817701613829117,0.0561150346902537,-1.45718811071347,0.145064461583341,0.310647142181396,"DYRK1A"
"ENSG00000157542.11",39.8287502969433,-0.285497417733769,0.234179208853514,-1.21914075605386,0.222790773263961,0.407480811639677,"KCNJ6"
"ENSG00000157551.19",2754.74756377636,-0.473044313993704,0.180686278441607,-2.6180422668154,0.00884358503088048,0.0494414531225149,"KCNJ15"
"ENSG00000157554.19",999.650481337921,-0.215047269819261,0.129295299817942,-1.66322573304726,0.0962672584288532,0.238806783017049,"ERG"
"ENSG00000157557.13",8533.75702396494,-0.0032724652371528,0.103967600068157,-0.031475817802926,0.974890077185041,0.987568701875744,"ETS2"
"ENSG00000157570.12",992.939256976299,-0.143371746193094,0.140778787004819,-1.01841867829268,0.308479029390669,0.502209893667655,"TSPAN18"
"ENSG00000157578.13",116.577173383492,-0.285112266720466,0.103270309945591,-2.76083481177389,0.00576538290844696,0.0369155160975282,"LCA5L"
"ENSG00000157593.19",3580.93641974964,0.150747662211478,0.0791466452945167,1.90466268848822,0.0568239320494602,0.16933755547106,"SLC35B2"
"ENSG00000157600.12",3006.95456868033,0.079849548973035,0.0853581236283128,0.935465138862887,0.349548641006906,0.54322564090197,"TMEM164"
"ENSG00000157601.14",4827.25027624071,0.242597546659413,0.131817226022336,1.840408526108,0.0657082826575299,0.18632363976809,"MX1"
"ENSG00000157613.11",4339.11532260398,-0.236247784150616,0.161009575514357,-1.46729027386045,0.142297108402173,0.30681287675886,"CREB3L1"
"ENSG00000157617.17",1684.5367932309,-0.0541631710476938,0.0687122253360465,-0.788261052277109,0.430544024320754,0.616857774057777,"C2CD2"
"ENSG00000157625.15",1656.35128693091,-0.0535216567868953,0.0594049836030565,-0.900962403163453,0.367608309944098,0.560229948867932,"TAB3"
"ENSG00000157637.13",8053.17493692701,0.104981095061487,0.0767228807826899,1.36831534466016,0.171213389707855,0.345299696119676,"SLC38A10"
"ENSG00000157653.12",27.0277644267761,0.109032004546993,0.0965831298013767,1.12889284879479,0.258943037859501,0.44997080011777,"C9orf43"
"ENSG00000157654.19",6432.90041873826,0.0396963928903939,0.139239864941261,0.285093589448253,0.775572441229036,0.874907101475224,"PALM2AKAP2"
"ENSG00000157657.14",1233.98955741428,-0.127014141826591,0.0875438722080187,-1.45086273457021,0.146818086527311,0.312856494867554,"ZNF618"
"ENSG00000157680.15",75.2791106858995,0.452969128605609,0.181951020871311,2.4895113335252,0.0127918839995238,0.0631682281216473,"DGKI"
"ENSG00000157693.15",1179.73511133633,-0.181523822803057,0.0647807390245961,-2.80212645820751,0.00507669695192868,0.0337901782528112,"TMEM268"
"ENSG00000157703.16",58.5134609679747,-0.296963038808778,0.171262768783779,-1.73396144951794,0.0829249234757189,0.216892095001737,"SVOPL"
"ENSG00000157734.14",235.486404237448,-0.305285939323482,0.153613767035302,-1.98736054206212,0.0468824569957271,0.149392959490691,"SNX22"
"ENSG00000157741.15",1631.80080627737,-0.257921911477959,0.0945234080812295,-2.72865649592651,0.00635929079310279,0.0395516286894772,"UBN2"
"ENSG00000157764.14",1786.47016114356,-0.261220030483694,0.0853524646083271,-3.06048608768831,0.00220978026726825,0.0191169637268867,"BRAF"
"ENSG00000157765.13",86770.1724083746,-0.297126174269851,0.170144084873142,-1.74632091671824,0.0807552032490564,0.213379601727844,"SLC34A2"
"ENSG00000157766.19",176.764847893062,0.46551611407984,0.179624491455873,2.5916071372383,0.00955287915815751,0.0520104670175859,"ACAN"
"ENSG00000157778.9",1742.23706126962,0.320133134546038,0.100346727529619,3.19026980178845,0.00142140028006473,0.0140298486582257,"PSMG3"
"ENSG00000157782.9",11.4979190506138,0.0351105294794619,0.134600679428582,0.260849570956968,0.794208515269368,0.886493039624084,"CABP1"
"ENSG00000157796.18",955.541888481729,-0.22604839291698,0.0673499740582315,-3.35632486987354,0.000789857275735793,0.00929621201354258,"WDR19"
"ENSG00000157800.18",2268.84041564346,0.0609482548776193,0.0577162407499582,1.05599834787686,0.290968969666496,0.483418828639486,"SLC37A3"
"ENSG00000157823.17",858.144475333833,-0.0599099224960577,0.0612891120399777,-0.977496989301782,0.328323167544664,0.521933973980064,"AP3S2"
"ENSG00000157827.20",2929.30847084868,-0.276849578774561,0.0777390430355459,-3.56126816029845,0.000369067907850815,0.00553734919156249,"FMNL2"
"ENSG00000157833.13",382.629646314809,0.103190968245345,0.136404461923584,0.756507278355415,0.449345110258157,0.633338054015109,"GAREM2"
"ENSG00000157837.16",2827.11188030723,0.0224550891261866,0.0491080440654183,0.457258877919746,0.647484983199791,0.788670015939364,"SPPL3"
"ENSG00000157851.17",10.3391667583901,-0.548655243509561,0.404483389996765,-1.35643454608593,0.174960947858238,0.350306843268712,"DPYSL5"
"ENSG00000157856.12",192.942874976673,-1.10854702894163,0.231959900336417,-4.77904597878289,1.76128917282457e-06,0.000113640698509396,"DRC1"
"ENSG00000157869.16",739.034299042453,0.0398081449918618,0.0472494502689945,0.842510225309103,0.399502418565186,0.589540978737235,"RAB28"
"ENSG00000157870.17",1285.27985657485,0.186086156455693,0.0932484966540085,1.9955941718412,0.0459781144304242,0.147542107347674,"PRXL2B"
"ENSG00000157873.17",2553.43380208954,-0.0531393631013737,0.0972959246001939,-0.5461622706165,0.58495439849316,0.742869714143679,"TNFRSF14"
"ENSG00000157881.16",927.438257253849,0.0350565441848789,0.0520916222067455,0.672978546257278,0.500960939706609,0.677436741090664,"PANK4"
"ENSG00000157884.11",4.52251414560523,-0.348507101664816,0.250155647272079,-1.39316103979762,0.163571098254304,0.335088926069391,"CIB4"
"ENSG00000157890.17",146.879477253014,-0.448407777454163,0.238927935000805,-1.87674906014089,0.0605524951149115,0.176855357475283,"MEGF11"
"ENSG00000157895.11",654.035938786175,0.10555190523271,0.0474811675356217,2.22302674325609,0.0262139967117385,0.101481696805106,"C12orf43"
"ENSG00000157911.11",611.988081844988,0.128362744658372,0.063537154849701,2.02027844907468,0.0433545129270635,0.142095077661028,"PEX10"
"ENSG00000157916.20",4788.65978299731,0.116544359344386,0.0573985298725334,2.03044153923802,0.0423116779015112,0.13961112809636,"RER1"
"ENSG00000157927.17",166.719063385616,-0.0804421512243783,0.177952470215448,-0.452042902955979,0.65123807528663,0.791532901596006,"RADIL"
"ENSG00000157933.10",4853.97841585759,-0.01636028379424,0.0700673399459353,-0.233493719140241,0.815378046187274,0.898997314528034,"SKI"
"ENSG00000157954.15",4040.24403828505,0.202483573602703,0.0482264062138836,4.19860382514696,2.68565711521467e-05,0.000822578719625168,"WIPI2"
"ENSG00000157978.12",1822.12561286098,-0.0510792747233118,0.072127974401263,-0.708175644017773,0.478836189234964,0.658719895129684,"LDLRAP1"
"ENSG00000157985.19",2040.21793485576,0.0260580893179546,0.0777113911694535,0.335318785647958,0.737384624316558,0.850148779214294,"AGAP1"
"ENSG00000157992.12",1980.67143165571,0.293702742492965,0.134463413014117,2.18425767953793,0.0289433186659577,0.108061772800574,"KRTCAP3"
"ENSG00000157999.6",45.837110820058,-0.404148581955424,0.150126722219971,-2.69204959636201,0.00710143838172837,0.0425996735212401,"ANKRD61"
"ENSG00000158006.14",1247.64866780773,0.0691511412157325,0.0641791529891716,1.07747045566961,0.281270142809752,0.473759327358346,"PAFAH2"
"ENSG00000158008.10",42.5555012809963,0.261540302064925,0.14296579711457,1.82939071682532,0.0673410972959027,0.189245138201442,"EXTL1"
"ENSG00000158014.15",23.4929043941292,-0.29870850659262,0.217141168867353,-1.37564197591243,0.168932504252193,0.341942477144228,"SLC30A2"
"ENSG00000158019.21",1347.73401595573,0.0644720428220809,0.0508821299149692,1.26708616423531,0.205124482188476,0.386398629936683,"BABAM2"
"ENSG00000158022.7",13.6178389124723,-0.138998715614814,0.250543898033894,-0.554787870331651,0.579039764736529,0.738138794171355,"TRIM63"
"ENSG00000158023.10",1023.92623092415,0.0274175414814252,0.152853135451265,0.17937179633562,0.857645775482512,0.923586518409214,"CFAP251"
"ENSG00000158042.9",2405.92883826485,0.177989243866464,0.079512620704713,2.23850304881115,0.0251882688196356,0.0990074420085158,"MRPL17"
"ENSG00000158050.5",459.855905219582,-0.139117771396112,0.120973925969504,-1.14998145493916,0.250151509557015,0.439998637345821,"DUSP2"
"ENSG00000158055.16",163.521084148444,0.0851142428145832,0.186314839294851,0.456830186670672,0.647793106722317,0.788929871679632,"GRHL3"
"ENSG00000158062.20",1152.1539203574,-0.205440065390204,0.0917266788250139,-2.23969806845531,0.0251105310579108,0.0988414309870499,"UBXN11"
"ENSG00000158077.5",6.65567644528285,-0.154554912858558,0.172341746918239,-0.896793235662629,0.369829258133318,0.562327616506785,"NLRP14"
"ENSG00000158079.16",527.217180605796,-0.113554378811359,0.0703404307050824,-1.61435432898414,0.106450592036314,0.254510560909516,"PTPDC1"
"ENSG00000158089.15",925.468170876394,0.508747411615943,0.194088534754784,2.62121310905204,0.00876174724942437,0.0491251012420151,"GALNT14"
"ENSG00000158092.7",1368.53237145514,0.211924239577251,0.0708704648943502,2.99030406944806,0.00278699861210501,0.0224884984955919,"NCK1"
"ENSG00000158104.11",31.4471717583795,0.205143150268785,0.132488231663078,1.54838771484603,0.121528977235986,0.277013846304099,"HPD"
"ENSG00000158106.14",1582.48922820176,-0.114604275710078,0.138885189477298,-0.825172764219121,0.40927351371773,0.598767455820719,"RHPN1"
"ENSG00000158109.15",3137.85293281432,0.0779893088899658,0.064109698423561,1.21649782806191,0.22379533791472,0.408555035652507,"TPRG1L"
"ENSG00000158113.13",100.729566334134,-0.564628370396005,0.15463551914243,-3.65134979031527,0.000260865656954682,0.00434700119550972,"LRRC43"
"ENSG00000158122.12",829.150824876644,0.0106184310831879,0.0742141844631397,0.143078188623926,0.886228430653138,0.939476633182669,"PRXL2C"
"ENSG00000158125.10",962.324888965759,0.593554332878851,0.198290351168506,2.9933596333916,0.00275924399306152,0.0223349161830774,"XDH"
"ENSG00000158156.9",640.026979934293,0.0953770865008457,0.0633947626325783,1.50449473332095,0.132454028420264,0.293126294083745,"XKR8"
"ENSG00000158158.12",1985.67773885035,0.223811562644373,0.0833253277114329,2.68599678862907,0.00723137838432028,0.0430257039398647,"CNNM4"
"ENSG00000158161.16",1280.73519373503,-0.137378413257155,0.0483133315292688,-2.84348872058077,0.00446225887960227,0.0310085545561675,"EYA3"
"ENSG00000158163.15",239.099009543746,-0.322270949653764,0.115726265376223,-2.78476928816522,0.00535658214535831,0.0350857695672323,"DZIP1L"
"ENSG00000158164.7",38.5540288376457,-0.0125578932287709,0.196890064641833,-0.0637812438713718,0.949144413068443,0.973231850204431,"TMSB15A"
"ENSG00000158169.13",669.333622193901,0.0506508293458898,0.0750681590342406,0.674731204248484,0.499846555614209,0.676397544418921,"FANCC"
"ENSG00000158186.13",1096.48495991365,-0.00774763678138504,0.0902377878538398,-0.0858580087749277,0.931579292339954,0.963782989396651,"MRAS"
"ENSG00000158195.11",7147.05906111738,0.0340961147287742,0.0621076624953611,0.548984028038745,0.583016410867472,0.741335934729979,"WASF2"
"ENSG00000158201.10",1278.60921590349,0.150215242474501,0.0813615646557369,1.8462678675134,0.0648533209241011,0.184829364072151,"ABHD3"
"ENSG00000158220.14",968.536117716947,-0.456260209528641,0.158102301725896,-2.8858543142507,0.0039035280391088,0.028270645857309,"ESYT3"
"ENSG00000158234.12",565.098104881747,-0.0347226379280352,0.0579429205943837,-0.599255915508698,0.549002240685337,0.715154071039639,"FAIM"
"ENSG00000158246.8",444.800381123316,0.10544040699068,0.181518624156828,0.580879276054789,0.56132182054226,0.725075167661731,"TENT5B"
"ENSG00000158258.16",261.989677987561,-0.256079836955863,0.177217033554505,-1.44500690379236,0.148455946463526,0.3150926830046,"CLSTN2"
"ENSG00000158270.12",2459.43618410287,-0.116030497401621,0.152290903117256,-0.761900382928875,0.446119461444602,0.630775810922219,"COLEC12"
"ENSG00000158286.13",538.595759005864,-0.189841186010383,0.12619625287176,-1.50433298683836,0.132495649564153,0.29314046125328,"RNF207"
"ENSG00000158290.18",3523.01535336915,0.0485767796159256,0.0505564994197928,0.960841438260415,0.336631899626396,0.530030070194448,"CUL4B"
"ENSG00000158292.7",1169.8979148357,0.214674462979206,0.122781030654338,1.74843346594453,0.080388997194297,0.212665147682935,"GPR153"
"ENSG00000158296.14",278.381109557611,-0.249247933204469,0.160592013083366,-1.55205684528707,0.120648622573723,0.275724505172087,"SLC13A3"
"ENSG00000158301.18",401.76930839162,-0.0309053362589515,0.0788300794291318,-0.392050045905832,0.695021236379148,0.821943095438015,"GPRASP2"
"ENSG00000158315.11",373.423657509405,0.373352408367,0.139187348163406,2.68237317035944,0.00731018649095377,0.0433365453780847,"RHBDL2"
"ENSG00000158321.18",2873.93583918782,0.117367771236943,0.136735193021155,0.858358178634991,0.390694713188213,0.581522463342152,"AUTS2"
"ENSG00000158352.16",1412.20086652147,-0.207102826407229,0.142657285735596,-1.45175078398083,0.146570913053561,0.312626395559754,"SHROOM4"
"ENSG00000158373.8",900.134837643759,0.308025575575892,0.140983963549976,2.18482703862063,0.0289015307439383,0.108005237743623,"H2BC5"
"ENSG00000158402.20",196.641291546481,0.420705538358826,0.152314969677293,2.76207610617765,0.00574350885993036,0.0368436686847132,"CDC25C"
"ENSG00000158406.5",419.886095416089,-0.251168182868795,0.160217530117281,-1.56766979671287,0.116958213902573,0.270221361239303,"H4C8"
"ENSG00000158411.11",761.000728217238,-0.0187936967189425,0.0570979997330511,-0.3291480753583,0.742043767946775,0.852953367302756,"MITD1"
"ENSG00000158417.11",7185.34593532637,0.125747862123895,0.0755579865076197,1.6642563934815,0.096061202704897,0.238491097811643,"EIF5B"
"ENSG00000158423.17",152.62196369962,-0.446350259206145,0.133935635906415,-3.33257281518433,0.000860469504467804,0.00990238894305102,"RIBC1"
"ENSG00000158427.15",7.78088055080989,-0.141600414591576,0.163310352308503,-0.867063309765477,0.385907322302594,0.577227526938611,"TMSB15B"
"ENSG00000158428.4",42.1886742946177,-0.765501682302445,0.187350150712345,-4.08594110755633,4.38985130883471e-05,0.0011940467289627,"CATIP"
"ENSG00000158435.8",3373.88329862166,0.0268850173006914,0.0665455959925548,0.404008964074787,0.686206127394194,0.816461150236806,"CNOT11"
"ENSG00000158445.10",58.6162491688733,-0.376975138277395,0.187402912237926,-2.01157566750505,0.044264686516063,0.144050747750552,"KCNB1"
"ENSG00000158457.6",697.006517516431,-0.143287460459616,0.109623372063232,-1.30708860494609,0.191182620851501,0.370103674613852,"TSPAN33"
"ENSG00000158458.21",30.1883804859292,-0.186910078621323,0.16528592502575,-1.13082876592307,0.258127169979717,0.449026077975693,"NRG2"
"ENSG00000158467.16",7080.83139537123,-0.135825470907963,0.14097743614824,-0.963455391294959,0.335319040250345,0.528648774662174,"AHCYL2"
"ENSG00000158470.5",5986.06517688944,-0.00205638054730514,0.0747744543302658,-0.0275011107165351,0.978060053959953,0.988991750235041,"B4GALT5"
"ENSG00000158473.8",167.476825499608,-0.120372460318151,0.107986064345386,-1.11470365225227,0.264977435424182,0.456673127535226,"CD1D"
"ENSG00000158477.7",422.630071508189,-0.827488282964888,0.239000608574557,-3.46228525483754,0.000535609149721192,0.00706232814696495,"CD1A"
"ENSG00000158480.11",869.61554635844,0.0666140344789751,0.0611752776442509,1.08890448959385,0.276196006218248,0.468793965588791,"SPATA2"
"ENSG00000158481.13",278.559068636379,-0.227147748122137,0.178114972403268,-1.27528722070514,0.202207599266652,0.383158656937089,"CD1C"
"ENSG00000158482.10",2.92479934774186,-0.384364904952378,0.198498222763101,-1.93636446514234,0.0528230784435895,0.161546353014666,"SNX29P1"
"ENSG00000158483.17",193.175648068444,0.14481639828769,0.07126198730112,2.03216895531924,0.0421365545645123,0.139171856261539,"FAM86C1P"
"ENSG00000158485.11",53.2818128830875,-0.291224038366975,0.198300403897323,-1.46860032881106,0.141941225628771,0.306164510842803,"CD1B"
"ENSG00000158486.13",340.871617918929,-0.646267826455272,0.186876418743656,-3.45826311741225,0.000543670137165902,0.00714372333772034,"DNAH3"
"ENSG00000158488.16",180.672770455839,-0.560796372079254,0.192912981388529,-2.90699137011316,0.00364923265092592,0.0270166561368193,"CD1E"
"ENSG00000158516.12",2.64053491406924,-1.00593053527982,0.28498240008872,-3.52979880500219,0.000415875793833004,0.00596542559417588,"CPA2"
"ENSG00000158517.15",263.022477749827,-0.00109336992340631,0.138404756282682,-0.00789980021476419,0.993696936934326,0.997125853586367,"NCF1"
"ENSG00000158525.16",10.2176591269617,-0.366487709002151,0.206793137839793,-1.77224308712834,0.0763542140902462,0.205352681937682,"CPA5"
"ENSG00000158526.8",2229.32839453414,-0.000394397022148682,0.0624329686920241,-0.00631712747946049,0.994959695038689,0.997626584957327,"TSR2"
"ENSG00000158528.12",1336.41247497765,-0.317564299359353,0.108341808001251,-2.93113346747625,0.003377276470286,0.0256828838568368,"PPP1R9A"
"ENSG00000158545.16",2223.1633229724,0.154527714452885,0.0616346777135955,2.50715539020007,0.0121707193911027,0.0610976719975847,"ZC3H18"
"ENSG00000158552.13",1086.7795054891,0.0398466069420627,0.0628714547222221,0.633778987906555,0.52622506781698,0.697628806746202,"ZFAND2B"
"ENSG00000158553.4",4.13145443455012,0.233816341928128,0.269084166119484,0.868933855529439,0.384883310469466,0.576398724999322,"POM121L2"
"ENSG00000158555.15",738.458967335043,-0.0284080754965935,0.105591535889465,-0.269037430484311,0.787900878830511,0.882445803636688,"GDPD5"
"ENSG00000158560.14",131.507892164467,0.0159987200802909,0.16329555989278,0.0979740054830375,0.921952934661069,0.958779370262349,"DYNC1I1"
"ENSG00000158571.11",11.6404843054254,-0.0711048072267426,0.110512273676039,-0.64341095211906,0.51995747874063,0.693241934232181,"PFKFB1"
"ENSG00000158578.21",16.546297541027,-0.172456335097478,0.248256394765544,-0.694670263218588,0.487261967860483,0.666026714947615,"ALAS2"
"ENSG00000158604.15",6613.62566765511,0.166210517554908,0.0568289121296143,2.92475275922611,0.00344729993789962,0.0260547007565249,"TMED4"
"ENSG00000158615.9",4866.41237194216,0.1416110970218,0.0637281265435294,2.2221129774633,0.0262756714665392,0.101684985485934,"PPP1R15B"
"ENSG00000158623.14",1255.05764097258,-0.0717171971461272,0.0734501105282095,-0.976406932955985,0.328862847206764,0.522492520737522,"COPG2"
"ENSG00000158636.16",1005.83359242772,-0.22067007701269,0.0578765750345004,-3.81277013854306,0.000137417903359273,0.00276940330299048,"EMSY"
"ENSG00000158639.13",4.43366757854737,-0.0269042662244791,0.374463767748615,-0.0718474483826175,0.942723312013202,0.969971103523078,"PAGE5"
"ENSG00000158669.11",3094.04715345331,-0.0799836009731281,0.079527757409189,-1.00573188002264,0.314544563310293,0.508602824006293,"GPAT4"
"ENSG00000158683.9",47.9114705654459,-0.199409154237074,0.123548470824746,-1.61401555928553,0.106524051420655,0.254649619009683,"PKD1L1"
"ENSG00000158691.14",351.619158392734,-0.251114434609956,0.0740613714786651,-3.39062630891591,0.000697331129543735,0.00853224744428503,"ZSCAN12"
"ENSG00000158710.15",49824.4561392704,0.276067294502746,0.0835856025319386,3.30280916976412,0.000957215040634616,0.0106798124490108,"TAGLN2"
"ENSG00000158711.14",3124.72508347866,-0.155856708982362,0.081733856512235,-1.90688064448581,0.0565360451498331,0.168736400822357,"ELK4"
"ENSG00000158714.11",371.058935548124,0.0237416959619023,0.132322014087391,0.179423628983022,0.857605079186263,0.92358477438484,"SLAMF8"
"ENSG00000158715.6",600.728142141722,0.285463349019447,0.105761162674363,2.6991320991656,0.00695205749030121,0.0420077698555672,"SLC45A3"
"ENSG00000158716.9",2251.68698378648,0.294648291848895,0.11608776712845,2.53815108290323,0.0111439863920708,0.057718845512012,"DUSP23"
"ENSG00000158717.11",782.412174137577,-0.028953005080522,0.0692026278937493,-0.418380139045806,0.675669205293782,0.809434619946928,"RNF166"
"ENSG00000158747.15",7798.80331565836,0.1980008004151,0.10755664723671,1.84089784780426,0.0656365298679833,0.18621533778396,"NBL1"
"ENSG00000158748.4",9.7935346389746,-0.339525649061198,0.157028604702777,-2.16218981060075,0.0306035486209262,0.11219208363948,"HTR6"
"ENSG00000158764.7",180.28624484425,0.0735157125054604,0.367376373377727,0.200110071939421,0.841394496414078,0.913591643373358,"ITLN2"
"ENSG00000158769.18",8624.35937293356,0.034610646408755,0.0654347653518894,0.528933606205033,0.596851508244221,0.752063103173116,"F11R"
"ENSG00000158773.14",2815.61461251751,0.0339377743773112,0.0578196674496407,0.586959003298834,0.557231240885809,0.721564069331649,"USF1"
"ENSG00000158786.5",13.9811850464578,-0.358277991411251,0.306745796599375,-1.16799641717399,0.242808210093974,0.431412836944106,"PLA2G2F"
"ENSG00000158792.16",612.629495132863,0.19655046267884,0.0872422403050421,2.25292773307519,0.024263705911018,0.0965339285142828,"SPATA2L"
"ENSG00000158793.14",1373.52179125879,0.111641356587227,0.0568862942333741,1.96253523088043,0.0497002030424675,0.155091279397588,"NIT1"
"ENSG00000158796.17",1288.61354175565,0.0757824311160849,0.0440568923562397,1.72010387167836,0.0854135621031354,0.221108162496045,"DEDD"
"ENSG00000158805.12",577.874096310873,-0.0762421183243357,0.0806688084708016,-0.945125132868819,0.344594995590079,0.537887439082024,"ZNF276"
"ENSG00000158806.14",104.799151989757,0.262821381598393,0.153167056680783,1.71591324723397,0.0861779217375263,0.222464259006549,"NPM2"
"ENSG00000158813.18",126.839750171278,0.0341052948098063,0.165548710563202,0.206013654191441,0.836780245575397,0.91109335922124,"EDA"
"ENSG00000158815.11",10.4682019933588,0.0150657253943738,0.201221686142183,0.0748712809400095,0.940317126892697,0.968729346907004,"FGF17"
"ENSG00000158816.15",10.1267631282943,0.285705802612013,0.246578438205522,1.15868120785921,0.246586153552889,0.435822732400932,"VWA5B1"
"ENSG00000158825.6",822.518852479525,0.866367686551249,0.227847099996589,3.80240822272576,0.000143296357172011,0.00283805957459458,"CDA"
"ENSG00000158828.8",704.802349467921,0.140706115603474,0.0722280726915151,1.94808071654393,0.0514053057794895,0.158613238676232,"PINK1"
"ENSG00000158850.15",2738.33804501378,0.101984115298932,0.0696353432416748,1.4645453091972,0.143045012683037,0.307847292001056,"B4GALT3"
"ENSG00000158856.18",1560.91164293223,-0.0604124083364568,0.120568929076799,-0.501061167242977,0.61632807539894,0.766536314926105,"DMTN"
"ENSG00000158859.10",1427.97204940323,0.255905507110299,0.169216164145771,1.51229942128844,0.130457708217534,0.290484783285604,"ADAMTS4"
"ENSG00000158863.22",2366.62920660174,-0.0229361336106194,0.0762534512529544,-0.300788137897309,0.763576054367858,0.866955549502749,"FAM160B2"
"ENSG00000158864.13",4458.41625647977,0.13978622932892,0.0588647371614605,2.37470234421501,0.0175631068821951,0.0783844172743735,"NDUFS2"
"ENSG00000158865.12",16.2548767554235,-0.316373883506271,0.213239795851049,-1.48365309694473,0.137900975331183,0.300165847312772,"SLC5A11"
"ENSG00000158869.11",2838.99171081226,0.0999837735111286,0.124065821467033,0.805892971399026,0.420304564276796,0.608337511465798,"FCER1G"
"ENSG00000158874.11",2.87576667407526,-0.390539178735394,0.256365586817445,-1.52336818519052,0.127666616950354,0.286589217054017,"APOA2"
"ENSG00000158882.15",525.453027246917,0.0604750466873715,0.0676941575301451,0.893356958618493,0.371666044427784,0.563781557186724,"TOMM40L"
"ENSG00000158887.19",62.2418218893762,0.271023234265581,0.100771057491991,2.68949479156872,0.0071560263743067,0.0427883595689283,"MPZ"
"ENSG00000158941.16",2770.08349463339,-0.00113086263129147,0.0596858510812354,-0.0189469130590483,0.9848834550375,0.992875847647646,"CCAR2"
"ENSG00000158955.11",22.533287275737,-0.200661379230616,0.148607021124089,-1.35028195648348,0.176925557848869,0.352675259512669,"WNT9B"
"ENSG00000158966.16",1129.73204789903,-0.22003042923537,0.15723096390408,-1.39940902079314,0.161690363325792,0.332817292504647,"CACHD1"
"ENSG00000158985.14",4494.29632243238,0.000401281506514855,0.0615289056743292,0.0065218372099583,0.994796363671021,0.997492857142406,"CDC42SE2"
"ENSG00000158987.22",565.830835336211,-0.147087488840405,0.0697064463801038,-2.11009879973437,0.0348498466634108,0.12230188259203,"RAPGEF6"
"ENSG00000159023.22",2814.97628381383,-0.225786280593227,0.073146508558579,-3.08676770829611,0.00202345652296896,0.0180029230409422,"EPB41"
"ENSG00000159055.4",571.853820618464,0.141817810284778,0.0857618823727606,1.65362287255278,0.0982041624074001,0.241684741205616,"MIS18A"
"ENSG00000159063.13",1778.82900973395,0.0964845707168468,0.067989750254168,1.41910464968846,0.155868508569195,0.325268287313164,"ALG8"
"ENSG00000159069.14",5083.15446047311,0.162785131761483,0.086866686078608,1.87396502744648,0.0609352455626862,0.177634710870932,"FBXW5"
"ENSG00000159079.19",318.775765482253,-0.0522247370289316,0.0639238116139266,-0.816984089502476,0.413937520545556,0.602984986721645,"CFAP298"
"ENSG00000159082.18",787.613959931058,-0.127298053366094,0.071632019170324,-1.77711105788333,0.0755499691616429,0.20393101372617,"SYNJ1"
"ENSG00000159086.15",1194.54467263199,-0.228899013922982,0.0702618940805609,-3.25779737250651,0.00112280548033411,0.0119277481993502,"PAXBP1"
"ENSG00000159110.20",92.6358742941944,-0.0239039445955175,0.0790766169422157,-0.302288407368072,0.762432214810204,0.866218117925065,"IFNAR2"
"ENSG00000159111.13",2117.00491385449,0.22011169696708,0.0647397592814666,3.39994617542689,0.000673991190833343,0.00830158665054181,"MRPL10"
"ENSG00000159128.15",3729.51796595183,0.152011182397367,0.0740655278763207,2.05238775387121,0.0401319937118022,0.134933797883966,"IFNGR2"
"ENSG00000159131.17",3183.14638308265,0.0783449270493909,0.0640259728637185,1.22364289904896,0.221086968973061,0.405567714916531,"GART"
"ENSG00000159140.21",10269.7301564821,-0.0870680994413991,0.0543711427390769,-1.60136600143265,0.109295878372041,0.258896312959114,"SON"
"ENSG00000159147.18",589.095933617794,0.0203810238478837,0.0838275798960339,0.243130290450482,0.807904466714536,0.894134085615692,"DONSON"
"ENSG00000159164.10",427.376225311283,-0.317644298118387,0.174161533350743,-1.82384876848026,0.0681749386822856,0.190735145676415,"SV2A"
"ENSG00000159166.15",3966.28987837537,0.539842620907507,0.132530965245783,4.07333199382009,4.63452866093722e-05,0.00124133035163783,"LAD1"
"ENSG00000159167.12",1483.2400522682,0.034984096914459,0.154239819607987,0.226816246306395,0.820566630187133,0.902157216129061,"STC1"
"ENSG00000159173.19",155.158446727896,0.183562266139838,0.116016185815793,1.58221255809334,0.113601054477965,0.265505082957872,"TNNI1"
"ENSG00000159176.14",12412.1054408977,0.192498445034147,0.0738952353570615,2.60501836287542,0.00918693361129772,0.0507147373107171,"CSRP1"
"ENSG00000159184.8",97.071372925939,0.663400203401819,0.425899878174995,1.55764356224878,0.119317766071217,0.273867382682456,"HOXB13"
"ENSG00000159189.12",10531.5924795367,0.252990626158181,0.139523493592187,1.81324750151144,0.0697936564115581,0.193652821310943,"C1QC"
"ENSG00000159199.14",2237.91711058965,0.155140505371739,0.0904492547623235,1.71522148832964,0.0863046266019935,0.222653230024035,"ATP5MC1"
"ENSG00000159200.18",2203.83360845324,-0.140912727982936,0.116122738715964,-1.21348092148953,0.224946004288683,0.409981240531182,"RCAN1"
"ENSG00000159202.18",6098.4769934138,0.144575729120689,0.0496956491826483,2.90922307080293,0.0036232822876923,0.0268918254318687,"UBE2Z"
"ENSG00000159208.16",294.178713305488,0.0001184557180181,0.133478639399337,0.000887450745311447,0.999291916844787,0.999592157783658,"CIART"
"ENSG00000159210.10",1427.30033578817,0.164424040745683,0.0536883631292329,3.06256386230102,0.00219449643936734,0.0190263984260044,"SNF8"
"ENSG00000159212.13",6525.78406009018,-0.360611019914636,0.182113359051919,-1.98014589260214,0.0476871376410699,0.151024462380944,"CLIC6"
"ENSG00000159214.13",568.645760894508,-0.00842084525040605,0.0948319802840498,-0.0887975261634644,0.929242823761597,0.962698572675344,"CCDC24"
"ENSG00000159216.19",6564.594764694,-0.00654988270280411,0.0726701045448667,-0.0901317363422836,0.928182529893162,0.962215428797079,"RUNX1"
"ENSG00000159217.10",404.6677864789,0.975975193429882,0.357696399256457,2.72850158810276,0.00636227838331712,0.0395554312261021,"IGF2BP1"
"ENSG00000159224.4",4.4786582053504,0.163640052774376,0.39791360120015,0.411245185590087,0.680892758422378,0.81268239069894,"GIP"
"ENSG00000159228.13",3912.40889967497,0.0513729115534877,0.149480593517164,0.343676127748241,0.731089866106144,0.84608505673915,"CBR1"
"ENSG00000159231.6",104.251196131543,-0.134654011509608,0.149916147128878,-0.898195518551118,0.369081322161493,0.561724944140486,"CBR3"
"ENSG00000159239.13",13.8298512833645,-0.7516317019488,0.167301798995626,-4.4926695735558,7.03358722550186e-06,0.000308921316774907,"AC005041.1"
"ENSG00000159247.13",139.066145391588,-0.0813874422415401,0.145093813825773,-0.560929788083656,0.574845402248455,0.734942452405975,"TUBBP5"
"ENSG00000159248.5",0.390246945285221,0.923614242787799,0.743960751218095,1.24148248583753,0.214427564237538,0.397535187446284,"GJD2"
"ENSG00000159251.8",8.50574168746326,0.146893918809798,0.217735438613355,0.674644053100816,0.499901937407002,0.676444285567035,"ACTC1"
"ENSG00000159256.13",1509.53946244109,-0.0959941306438023,0.0590261217432065,-1.62629913348238,0.103886036030918,0.250604687518939,"MORC3"
"ENSG00000159259.8",542.595903510658,0.222310233312231,0.105753030691258,2.10216418252123,0.0355388961710637,0.124193421487929,"CHAF1B"
"ENSG00000159261.12",17.471401856682,0.609427807875795,0.164272306351996,3.7098633446464,0.000207371150022881,0.00369791521034374,"CLDN14"
"ENSG00000159263.16",90.5405828737309,0.0614463122476119,0.311215652990519,0.197439658504207,0.84348349737699,0.914934873690161,"SIM2"
"ENSG00000159267.15",1292.13845149207,-0.00378640132074498,0.0562914174140915,-0.0672642739281446,0.946371317724529,0.97191499416999,"HLCS"
"ENSG00000159307.19",359.11026913029,-0.17828884224916,0.223434908519562,-0.79794533195582,0.42490221520027,0.612564474941687,"SCUBE1"
"ENSG00000159314.11",2310.53611703705,0.000239043628824179,0.0807089070924995,0.00296179984880992,0.997636829083504,0.998806848820506,"ARHGAP27"
"ENSG00000159322.17",3140.17152176949,-0.0260941198410225,0.0483714927629958,-0.539452440900987,0.589574704713588,0.746395567877006,"ADPGK"
"ENSG00000159335.18",8575.08535878522,0.0708057783750603,0.110113796878621,0.643023675344789,0.520208737671315,0.693435673813835,"PTMS"
"ENSG00000159337.7",47.2720871531894,-0.470198267436033,0.176963469828413,-2.65703575936856,0.00788310807233874,0.0456430503814103,"PLA2G4D"
"ENSG00000159339.13",19.7869383450497,-0.173924980487591,0.202076570245876,-0.860688501769249,0.389409627571054,0.58036294176356,"PADI4"
"ENSG00000159346.13",8193.78329662906,0.144703190788459,0.0558823333674256,2.58942642636337,0.00961359637964245,0.0522470558712759,"ADIPOR1"
"ENSG00000159348.13",3615.86053555338,0.0637653662097624,0.0727466622719651,0.876540094325896,0.380736489687834,0.572187785538102,"CYB5R1"
"ENSG00000159352.16",7153.04080075016,0.199261001613293,0.075939770999911,2.62393471812717,0.00869204434052542,0.0488247397045913,"PSMD4"
"ENSG00000159363.19",2656.22518141733,0.17583370569497,0.0775110499247457,2.26849856718086,0.0232988362406277,0.0939203481001595,"ATP13A2"
"ENSG00000159374.17",49.2759405528086,-0.519763924828957,0.162877495903619,-3.1911340602665,0.00141715506952681,0.0139962455442765,"M1AP"
"ENSG00000159377.11",10563.7760818434,0.182688358291092,0.0798536734348242,2.28778903252585,0.0221498098414553,0.090940142933971,"PSMB4"
"ENSG00000159387.8",223.776841541804,-1.20532817201447,0.245676538994274,-4.90615903719877,9.28772255251452e-07,7.0758843693562e-05,"IRX6"
"ENSG00000159388.6",7800.79611209129,-0.433388591477584,0.126742722241145,-3.41943571839181,0.000627511568869959,0.00787476165186111,"BTG2"
"ENSG00000159398.16",0.894399642484188,0.0808084823035683,0.374250478416145,0.215920852380886,0.829049442627145,0.906692828768988,"CES5A"
"ENSG00000159399.10",3947.30776496691,0.381725660192991,0.113513422980367,3.36282397420976,0.000771495405319086,0.00915700411026321,"HK2"
"ENSG00000159403.18",12514.3868050734,0.107457526587323,0.098987402074052,1.0855677019075,0.277670295663239,0.470262091535131,"C1R"
"ENSG00000159409.15",99.553392330677,-0.770522171405873,0.288714995046287,-2.66879858901109,0.00761230831814694,0.0445063740569618,"CELF3"
"ENSG00000159423.17",867.946309931814,-0.122177357821403,0.0919416064185959,-1.32885820229362,0.18389475586779,0.361289278125005,"ALDH4A1"
"ENSG00000159433.12",569.240455328446,-0.344482582273248,0.133314133417298,-2.58399146019241,0.00976642125318342,0.0527846530490642,"STARD9"
"ENSG00000159445.13",1089.5346919387,0.0426672419885895,0.0741374676640292,0.575515233160455,0.56494289132616,0.727522673613192,"THEM4"
"ENSG00000159450.12",50.422589943914,0.793386330904153,0.167152108760383,4.74649310013489,2.06973781647141e-06,0.000126668715301071,"TCHH"
"ENSG00000159459.12",1964.49866905594,-0.0793947957984964,0.0703491072105443,-1.12858284840602,0.259073849395992,0.450127631141882,"UBR1"
"ENSG00000159461.15",4422.8006363676,0.22268219870146,0.0644997820816139,3.4524488535433,0.000555522781915532,0.00724442615680134,"AMFR"
"ENSG00000159479.17",1630.23199389823,0.0181404676867264,0.0584265810784334,0.310483128601589,0.756193587427222,0.862013048901407,"MED8"
"ENSG00000159496.14",44.9590171078955,-0.122888152269817,0.121266964836077,-1.01336874750623,0.310884061371193,0.504800215352499,"RGL4"
"ENSG00000159516.9",1.04509103203639,0.200316474694445,0.411316500099006,0.487012980627395,0.626249132092222,0.773995559957335,"SPRR2G"
"ENSG00000159527.3",28.3109157626283,-0.719807464325051,0.322185946214687,-2.23413675482111,0.0254740762732898,0.0996953592766706,"PGLYRP3"
"ENSG00000159556.10",12.3632001957603,0.472200082751932,0.196123904254619,2.40766205703766,0.0160550348956784,0.0736514094623751,"ISL2"
"ENSG00000159579.14",2148.9924762126,0.0713860228668035,0.056893423021261,1.25473242909161,0.209575909234729,0.391794527879067,"RSPRY1"
"ENSG00000159588.15",285.576244920193,-1.04268001197421,0.189735555632445,-5.49543815600956,3.89741512829705e-08,6.75815843054135e-06,"CCDC17"
"ENSG00000159592.11",6090.74142184295,-0.0636281910361924,0.0404616865279405,-1.5725540998459,0.115822102978859,0.268677903739908,"GPBP1L1"
"ENSG00000159593.15",1880.10790782331,-0.056468042055961,0.0583482000852059,-0.967776931824815,0.333155786937656,0.526772984918507,"NAE1"
"ENSG00000159596.7",1090.84151629159,0.0117098659811572,0.0644399079753628,0.181717608684888,0.855804346317491,0.922831229245879,"TMEM69"
"ENSG00000159618.16",238.952878780094,-0.122741162021979,0.14395456578048,-0.852638201202668,0.393859971177076,0.584637947674211,"ADGRG5"
"ENSG00000159625.15",84.1797928186044,-0.859472649385232,0.225365191304669,-3.81368854883769,0.000136907985514918,0.00276247124954433,"DRC7"
"ENSG00000159640.17",1809.23520518628,-0.05951597827194,0.125386909848902,-0.474658625399256,0.63503031278936,0.779469459867799,"ACE"
"ENSG00000159648.11",88.9021017771109,-0.170534976452361,0.229697307495153,-0.742433502212294,0.457824727522631,0.640785246286247,"TEPP"
"ENSG00000159650.9",6.63284826154185,0.245635695768777,0.232182031595681,1.05794446745355,0.290080760648589,0.482400537675998,"UROC1"
"ENSG00000159658.14",7514.53886871072,-0.0793387981006934,0.0572092822537732,-1.38681687612784,0.165497609730265,0.337520403084371,"EFCAB14"
"ENSG00000159674.12",2110.39370179954,0.208046190197252,0.128568014026068,1.61818000980454,0.105623809610561,0.253224850101851,"SPON2"
"ENSG00000159685.11",498.112866945808,0.0277533829955774,0.0818763446877525,0.338967049657859,0.734634552784268,0.848325812847595,"CHCHD6"
"ENSG00000159692.16",3820.18056414566,0.128463072680137,0.0510419477993407,2.51681368401455,0.0118421433086589,0.0599726919950076,"CTBP1"
"ENSG00000159708.18",292.884439798923,-0.461054556642529,0.226430881497657,-2.03618231573814,0.0417320513536821,0.138302327863641,"LRRC36"
"ENSG00000159712.10",7.85792651627257,-0.846603352888243,0.230889190935989,-3.66670847368923,0.000245692625636133,0.00419049415230726,"ANKRD18CP"
"ENSG00000159713.11",2625.35298721451,-0.478300882483104,0.194580585622533,-2.45811205137886,0.0139669588303261,0.0670128203398253,"TPPP3"
"ENSG00000159714.12",694.591975613861,-0.113693623090941,0.091342253528236,-1.24469912553445,0.213242367541406,0.396105526873999,"ZDHHC1"
"ENSG00000159720.12",5681.08217617904,0.0191672240628422,0.0693173190713989,0.27651421491214,0.782153143182449,0.879083944229737,"ATP6V0D1"
"ENSG00000159723.5",37.1461126362521,0.213844657881942,0.224399101602545,0.952965748769813,0.340607425048341,0.533941190419739,"AGRP"
"ENSG00000159733.14",512.41699267975,0.102929706043192,0.0871781714919845,1.1806820937126,0.237729037510626,0.425444664955831,"ZFYVE28"
"ENSG00000159753.14",319.820899163441,-0.233851971520419,0.139989376002984,-1.67049799204359,0.094820876374264,0.236522921789793,"CARMIL2"
"ENSG00000159761.15",68.7707466644826,-0.0863686548941889,0.102357937676449,-0.843790494951139,0.39878648787899,0.588932829769042,"C16orf86"
"ENSG00000159763.4",64.0741912369021,-0.730477627822301,0.2768606896623,-2.63843028316262,0.00832908244793982,0.0474422826243388,"PIP"
"ENSG00000159784.18",62.6368560233943,0.208455751432909,0.111562887682664,1.86850444411096,0.0616917912603677,0.179005125190119,"FAM131B"
"ENSG00000159788.19",1560.49831923815,-0.0812474737992287,0.0697278213156979,-1.16520884011813,0.243934468166357,0.432813379272145,"RGS12"
"ENSG00000159792.10",1413.77257025968,0.0433189948469263,0.0591904706065867,0.731857584556959,0.464255497253202,0.646167603133163,"PSKH1"
"ENSG00000159840.16",7737.25535350738,0.213658017474506,0.0914942066779368,2.33520815396094,0.01953254938459,0.0839851693996068,"ZYX"
"ENSG00000159842.15",5272.97937878074,0.091539232044873,0.073088682040725,1.2524405898285,0.210409363766653,0.39275392172478,"ABR"
"ENSG00000159871.15",236.569096596293,0.455082695832119,0.151063835347581,3.01251914321535,0.00259089094396616,0.0213881805597484,"LYPD5"
"ENSG00000159873.10",1794.92542709529,-0.107482911791868,0.0580299956882013,-1.85219575699058,0.0639977178543855,0.183236671871866,"CCDC117"
"ENSG00000159882.13",205.464293640721,0.0213108182109941,0.0554923961280249,0.384031321369302,0.700955233041557,0.82561368175769,"ZNF230"
"ENSG00000159884.12",119.722851288764,0.26981314458677,0.0983034649392535,2.7446961788529,0.00605669417196956,0.0382281593582666,"CCDC107"
"ENSG00000159885.14",115.559909047171,-0.00517400600520408,0.063894970018772,-0.080976734219986,0.935460455132741,0.966104957752768,"ZNF222"
"ENSG00000159899.15",373.281609639807,-0.140367225237119,0.0831670947017976,-1.68777358089059,0.0914547008732349,0.231059070504724,"NPR2"
"ENSG00000159904.11",4.41444117297496,-0.220707995165235,0.186339839213829,-1.18443804661636,0.236239706930196,0.42363406773789,"ZNF890P"
"ENSG00000159905.15",40.0710890424995,-0.0904222971484533,0.119274753662675,-0.758100892031012,0.448390585737975,0.632553719109085,"ZNF221"
"ENSG00000159915.12",64.0822902186375,-0.262257916524607,0.131927151481086,-1.98789948528681,0.0468228076978197,0.149302915111916,"ZNF233"
"ENSG00000159917.17",166.407608454427,-0.192837279967042,0.0840020092932042,-2.29562699261103,0.021697218043973,0.0896902756813996,"ZNF235"
"ENSG00000159921.19",1345.56724234964,0.13072315841022,0.0822752400970899,1.58885174028005,0.112093868802058,0.263017538962399,"GNE"
"ENSG00000159958.7",223.340729576164,-0.454269151654293,0.165151540542612,-2.75062012840919,0.00594825772925802,0.0377713798550805,"TNFRSF13C"
"ENSG00000160007.19",4471.47141744131,-0.0785276945556996,0.0718683024054656,-1.09266104704496,0.274542648498803,0.467130801679903,"ARHGAP35"
"ENSG00000160013.9",266.224472600727,0.0679919189067265,0.112111488593004,0.606467006727169,0.544204684859571,0.711714146671263,"PTGIR"
"ENSG00000160014.17",7661.05675110565,0.201847948512523,0.0676968408211309,2.9816450230794,0.00286704219390231,0.0228957629555264,"CALM3"
"ENSG00000160049.12",2120.56691734919,0.0135316122134502,0.0511033377328011,0.264789205828425,0.791171852689858,0.884306355152411,"DFFA"
"ENSG00000160050.15",176.095845552225,0.129696001824457,0.0850002251482903,1.52583127395475,0.127051889960088,0.285690839689397,"CCDC28B"
"ENSG00000160051.12",187.201220475787,-0.0979996812408214,0.0770098214013134,-1.27256081701742,0.203173930170949,0.38411525594443,"IQCC"
"ENSG00000160055.20",331.869183987494,-0.0233453311193095,0.068523969326121,-0.340688540796634,0.73333806626348,0.847536990710706,"TMEM234"
"ENSG00000160058.19",4129.1379662983,-0.0308863810260239,0.042982933052017,-0.71857313665975,0.472403970042171,0.653037094112855,"BSDC1"
"ENSG00000160062.15",391.284480710928,-0.179937973022409,0.066903100832605,-2.68953113955993,0.00715524710018701,0.0427883595689283,"ZBTB8A"
"ENSG00000160072.20",1279.71040336354,0.0429724253147861,0.10964312678399,0.391929951062477,0.69510997208542,0.821996361385567,"ATAD3B"
"ENSG00000160075.12",5871.79358649749,0.0909977782618527,0.0553599349725498,1.64374792540804,0.100228281954231,0.244658713329584,"SSU72"
"ENSG00000160087.21",2134.38168168845,0.104447899843226,0.0558924250122421,1.86873086684554,0.0616602673461118,0.178960446408691,"UBE2J2"
"ENSG00000160094.15",1745.94765862247,0.0160799521556146,0.0703964266301871,0.228420005465437,0.819319738395386,0.901571037536578,"ZNF362"
"ENSG00000160097.20",119.706807018305,-0.28080566027031,0.152592450847553,-1.84023297817563,0.0657340402784035,0.186346666734747,"FNDC5"
"ENSG00000160111.14",1493.57367598141,-0.335025115526385,0.187774064231066,-1.7841927046651,0.0743923573509469,0.20183563619899,"CPAMD8"
"ENSG00000160113.5",2213.69519298381,0.194420694389265,0.0912734978769531,2.13008922536711,0.0331642477046516,0.118368063768328,"NR2F6"
"ENSG00000160117.16",54.2681277851286,-0.196391863873941,0.148712613669517,-1.32061335637865,0.186630317078235,0.364598236503092,"ANKLE1"
"ENSG00000160124.9",609.785121822556,0.155259561628178,0.0846748974161804,1.83359609950363,0.0667139716554938,0.188223386421215,"CCDC58"
"ENSG00000160131.13",2591.10847760458,-0.0791073724880476,0.0695448972571273,-1.1375007456775,0.255329013046162,0.445892190030572,"VMA21"
"ENSG00000160145.15",547.843783033162,0.0594889158026075,0.113679258830238,0.52330492312098,0.60076207555861,0.754799347189301,"KALRN"
"ENSG00000160161.9",556.506200409603,0.434043647417111,0.187248381191272,2.31801014596618,0.0204487696550458,0.0864812329611041,"CILP2"
"ENSG00000160172.10",207.615531779758,-0.0221098905594304,0.0834578322674444,-0.264922895296133,0.791068860414556,0.8842813084669,"FAM86C2P"
"ENSG00000160179.19",2279.47745365095,-0.0899429062620747,0.112788864173283,-0.79744491551835,0.425192682357838,0.612705158143158,"ABCG1"
"ENSG00000160180.15",5655.6103209839,-0.412300154049501,0.27918254826524,-1.47681205939059,0.139726023054688,0.302897414087754,"TFF3"
"ENSG00000160181.9",41.2820071939718,2.33681474852402,0.496855270317607,4.70321014614628,2.56102580610373e-06,0.000149047728989581,"TFF2"
"ENSG00000160182.3",465.816249402528,0.73312479576854,0.382149001739938,1.9184265624942,0.0550569456385555,0.165730646705969,"TFF1"
"ENSG00000160183.17",606.975783248703,0.426141301485848,0.196188031246866,2.17210651831063,0.029847629436403,0.110253758662617,"TMPRSS3"
"ENSG00000160185.15",130.092154416188,-0.20127619152756,0.122531114512524,-1.64265372373633,0.100454598477905,0.245013549239918,"UBASH3A"
"ENSG00000160188.10",401.93567987917,-0.685899264166326,0.196357534041656,-3.49311406620545,0.000477422529596499,0.0065491669871678,"RSPH1"
"ENSG00000160190.14",1786.02573248751,0.254945056959014,0.073970470578657,3.44657881671736,0.000567732932640478,0.00735876856799318,"SLC37A1"
"ENSG00000160191.18",781.475453611488,0.0748094169125221,0.114168334057379,0.655255395729292,0.512303333633764,0.687036088811947,"PDE9A"
"ENSG00000160193.12",502.445745358969,0.179191860066636,0.0768433282812023,2.33191174920088,0.0197053342595204,0.0844989301265087,"WDR4"
"ENSG00000160194.18",1706.72222916378,0.119038712305319,0.0491085325382565,2.42399245411346,0.0153509244535714,0.0714295356859192,"NDUFV3"
"ENSG00000160199.15",901.549119200209,0.0849842367213495,0.0374614075915111,2.26858097933851,0.0232938193754731,0.0939203481001595,"PKNOX1"
"ENSG00000160200.18",54.7318230144683,-0.028303118726949,0.197141265921673,-0.143567703061185,0.885841845617042,0.939336005546013,"CBS"
"ENSG00000160201.12",57.0163922975128,-0.0905267533338815,0.158549212469827,-0.570969429136139,0.568020365844916,0.729703522341334,"U2AF1"
"ENSG00000160207.9",41.1047677657795,0.336452912117728,0.137373455479286,2.4491843125287,0.0143180159882112,0.0681472060465353,"HSF2BP"
"ENSG00000160208.13",2238.05433567723,0.163833769967171,0.061419421505586,2.66745869549213,0.00764272828829799,0.0446503770963423,"RRP1B"
"ENSG00000160209.19",7917.5562406713,0.212439146685714,0.0737623396160238,2.88004892186967,0.00397613467956455,0.0286779575144589,"PDXK"
"ENSG00000160211.19",7777.09921781471,0.163771626910738,0.166978314481588,0.980795784286088,0.32669345760025,0.520237493848239,"G6PD"
"ENSG00000160213.9",13607.3418124836,0.391801767462445,0.107022091416104,3.66094291634718,0.000251288746181843,0.00424677981047315,"CSTB"
"ENSG00000160214.13",1463.20681343741,0.209578071451827,0.0732758345009685,2.86012534526723,0.00423473593767324,0.0299090801555385,"RRP1"
"ENSG00000160216.21",4535.47817584257,0.101648394723162,0.0570063136696405,1.78310766263942,0.0745687793353807,0.202203444921686,"AGPAT3"
"ENSG00000160218.13",1192.6940400832,-0.00263165130476035,0.0627389344078388,-0.0419460631519993,0.966541695604961,0.983137474314135,"TRAPPC10"
"ENSG00000160219.12",383.845634157541,-0.324457563421981,0.103657255861108,-3.13009987315048,0.00174746880597947,0.0163101987545485,"GAB3"
"ENSG00000160221.18",58.4264131213673,-0.0316699046521659,0.199677907217221,-0.158604950810676,0.873980127991841,0.932669414745573,"GATD3A"
"ENSG00000160223.17",40.4383025627964,-0.0914629685681319,0.156653740140122,-0.583854356023168,0.559318304279594,0.723271101098387,"ICOSLG"
"ENSG00000160224.17",4.7337916684747,-0.107806933021764,0.202330519971471,-0.532825858585075,0.594154131951946,0.749741264216045,"AIRE"
"ENSG00000160226.16",211.671789768694,0.0248706033813758,0.0784985130513679,0.316828974392177,0.751373377561052,0.858989006196374,"CFAP410"
"ENSG00000160229.13",120.733176993118,-0.496591440323262,0.146009280096681,-3.40109505364619,0.000671164857337439,0.00827902615610795,"ZNF66"
"ENSG00000160233.8",287.346575029874,0.107071723911898,0.110909244845812,0.965399449439508,0.334344777135025,0.527926993841897,"LRRC3"
"ENSG00000160255.18",9506.79289593126,0.159660612325416,0.122459149509835,1.30378671552502,0.192306313288341,0.371474197399331,"ITGB2"
"ENSG00000160256.13",481.805944450599,0.346821028855865,0.0862132179456596,4.02282894804445,5.7503259452819e-05,0.00146701610495226,"FAM207A"
"ENSG00000160271.16",486.858445380628,-0.192647952350006,0.0836282131208243,-2.30362392260699,0.0212437637643416,0.0884749345767107,"RALGDS"
"ENSG00000160282.14",22.2014718367921,0.321506648895953,0.211768653390346,1.51819754127317,0.128964607166727,0.288286153429864,"FTCD"
"ENSG00000160284.15",330.352609443671,0.302237519382699,0.130752756206228,2.31151929911136,0.0208041884238894,0.0873434861534112,"SPATC1L"
"ENSG00000160285.15",2686.42073891156,0.0220325793987693,0.0837423527165807,0.263099598757833,0.792473813198779,0.885185219849257,"LSS"
"ENSG00000160293.17",2740.96387659856,0.134375660506396,0.0783595396868275,1.71486025879483,0.0863708503841623,0.222718318927077,"VAV2"
"ENSG00000160294.11",2148.05038096481,-0.00846136631720476,0.064917393867406,-0.130340511427294,0.896297029946219,0.945064671987315,"MCM3AP"
"ENSG00000160298.18",322.164241032584,-0.240224375215435,0.103728138200599,-2.3159036630048,0.0205635292887385,0.086792796730473,"C21orf58"
"ENSG00000160299.17",1691.19075006027,-0.0197290865875528,0.0702651189889809,-0.280780661463717,0.778878637104395,0.877091373756692,"PCNT"
"ENSG00000160305.18",1782.99414217794,-0.0724678603455657,0.0656477769028685,-1.10388902358092,0.269641280877184,0.461432390863228,"DIP2A"
"ENSG00000160307.10",468.832486285354,-0.467782597624372,0.1830340911188,-2.55571295360902,0.010597049624746,0.0557974969407983,"S100B"
"ENSG00000160310.18",3565.58351316611,0.0889985670915457,0.0478553363448707,1.85974175273109,0.0629220717644245,0.18117869680153,"PRMT2"
"ENSG00000160318.6",26.0756858176244,0.178889552304355,0.120696159992625,1.48214783565016,0.13830096297007,0.300630318631663,"CLDND2"
"ENSG00000160321.15",58.9412237775541,-0.370947984546333,0.201598568936601,-1.84003282614069,0.0657634181391541,0.186384734835009,"ZNF208"
"ENSG00000160323.19",149.895150970227,-0.0643736613485249,0.120699416584923,-0.533338628884191,0.593799192120897,0.749566254512744,"ADAMTS13"
"ENSG00000160325.15",1918.60162361879,0.00554855454312299,0.0832910023377642,0.0666164938275364,0.946887014738244,0.972194651280766,"CACFD1"
"ENSG00000160326.14",493.517679028794,0.133847124148278,0.112310876713451,1.19175567019901,0.233357062374737,0.420204266192986,"SLC2A6"
"ENSG00000160336.16",789.467337684601,0.00947079367939246,0.0609506597097439,0.15538459672945,0.876518126706931,0.933970811088297,"ZNF761"
"ENSG00000160339.16",3.20082823450492,-0.198356677699067,0.218992964036381,-0.90576735454439,0.365059003493085,0.55779074590002,"FCN2"
"ENSG00000160345.13",216.202621059208,-0.288866804160119,0.130908923671272,-2.20662423965458,0.0273403220602004,0.104265904049284,"C9orf116"
"ENSG00000160349.10",3.66515018952574,0.0177729333688516,0.257192967478678,0.069103496658885,0.944907237753037,0.971460231186482,"LCN1"
"ENSG00000160352.16",597.059615804809,-0.382600368791518,0.13179676726366,-2.90295715695458,0.00369657203122248,0.0272278700520995,"ZNF714"
"ENSG00000160360.13",796.722042044536,0.132107523769083,0.105404296593767,1.25334097411827,0.210081642755183,0.392380775931375,"GPSM1"
"ENSG00000160392.13",718.018758040818,0.17772049503953,0.0741016996386148,2.39833223672671,0.0164699190578097,0.0749293543579747,"C19orf47"
"ENSG00000160396.9",8.49017130231223,0.12293143691724,0.125548205863201,0.979157257342155,0.327502284207629,0.521226327650681,"HIPK4"
"ENSG00000160401.15",159.811363951563,-0.524179011473458,0.136361560503884,-3.84403793515204,0.000121026284944831,0.00250892160938247,"CFAP157"
"ENSG00000160404.18",668.781276627841,-0.00261492182003733,0.0768093163954681,-0.034044331374776,0.972841799848194,0.986531693897411,"TOR2A"
"ENSG00000160408.15",21.1937118822912,-0.457117300399073,0.144161225465721,-3.17087551747933,0.00151980255939839,0.0147089495959449,"ST6GALNAC6"
"ENSG00000160410.15",3615.64903817872,0.214222170078542,0.0779328487697992,2.7488045600812,0.0059813038566917,0.0378728697795429,"SHKBP1"
"ENSG00000160439.16",524.832451353495,-0.0286853590232965,0.0861342319010032,-0.333030879711861,0.739110973715676,0.851019251181601,"RDH13"
"ENSG00000160445.11",2919.25692970802,-0.0223598858520324,0.0589164842866681,-0.379518332140061,0.704302993650882,0.82795717762203,"ZER1"
"ENSG00000160446.19",1764.28225137071,0.216000354318941,0.0912100610268513,2.36816368597048,0.0178766249131849,0.0793026613237394,"ZDHHC12"
"ENSG00000160447.7",576.077748643794,-0.0198017400269166,0.0931582217722484,-0.212560304932908,0.831669935913478,0.908186406991847,"PKN3"
"ENSG00000160460.16",102.99081184662,0.134939900868649,0.159570108022989,0.845646484423065,0.397749985544963,0.588114529344509,"SPTBN4"
"ENSG00000160469.17",183.737922090347,0.0212010041085038,0.134514911854681,0.157610809212049,0.874763485520938,0.933146450607132,"BRSK1"
"ENSG00000160471.13",33.6883164788535,0.655665403035448,0.226731757869493,2.89181105106965,0.00383028227126568,0.0278857615694836,"COX6B2"
"ENSG00000160472.5",4.33024511184479,-0.490564352371154,0.208534194401889,-2.35244082524775,0.0186506570473673,0.0814449534467471,"TMEM190"
"ENSG00000160505.16",3.84633318508435,0.0499948316528016,0.302158377017821,0.165459028957694,0.86858269545969,0.929636698617404,"NLRP4"
"ENSG00000160539.6",56.5495794864365,0.171836418879154,0.105502537037281,1.62874205402694,0.103367636125382,0.249836603141955,"PLPP7"
"ENSG00000160551.12",4519.52547301492,-0.0993864455385969,0.0715252393485622,-1.38952971627623,0.164671731144766,0.336489040999368,"TAOK1"
"ENSG00000160563.14",819.751897007344,0.063470209742435,0.0846092757926254,0.750156636466177,0.453160372088793,0.63645088664637,"MED27"
"ENSG00000160570.14",1446.89161897788,0.236306586657482,0.0687413713834204,3.43761816067691,0.000586854610516995,0.00749449579898056,"DEDD2"
"ENSG00000160584.16",1945.84363154908,-0.0690926004939324,0.0578199419768911,-1.19496142907834,0.232102100294564,0.418802455630542,"SIK3"
"ENSG00000160588.10",1686.30605517759,-0.00396423336068194,0.0820986071354027,-0.0482862438109803,0.961488117614608,0.980603599428475,"MPZL3"
"ENSG00000160593.19",1387.99957960375,-0.0731887677333865,0.133329845713126,-0.548930116448647,0.583053409361066,0.741353389774594,"JAML"
"ENSG00000160602.14",345.739439572023,-0.168442323661273,0.0826218842944632,-2.03871317024128,0.0414786625433922,0.13786054827365,"NEK8"
"ENSG00000160606.11",782.870648475858,0.300442660853135,0.116158392546044,2.58649120625565,0.00969586444447543,0.0525055977472219,"TLCD1"
"ENSG00000160613.14",1148.39942803191,-0.0609513613934997,0.0687033324802387,-0.88716746616376,0.374988745412471,0.566755960641792,"PCSK7"
"ENSG00000160633.13",3775.38640297352,0.038628769784567,0.0550427076139801,0.7017963225115,0.48280619251487,0.662383754374153,"SAFB"
"ENSG00000160654.11",316.451174184498,-0.244451427697767,0.121928060515785,-2.00488244185694,0.0449756162070106,0.145630537870065,"CD3G"
"ENSG00000160678.12",30.7479364014777,-0.157310283473077,0.149210288426601,-1.05428576763633,0.291752102794871,0.484188363409084,"S100A1"
"ENSG00000160679.13",3482.43089113132,-0.000818646137191925,0.0488121860728417,-0.0167713475477265,0.986619028026476,0.993307169128322,"CHTOP"
"ENSG00000160683.5",8.92009175433469,-0.493229991670829,0.197485081478901,-2.49755570383946,0.0125052816258774,0.0621717000293457,"CXCR5"
"ENSG00000160685.13",3528.06094178736,0.138407242931593,0.0747931854371956,1.85053280085008,0.064236794976264,0.183652693443088,"ZBTB7B"
"ENSG00000160688.19",2283.69119735112,0.20630625050289,0.0828267700854415,2.49081607661473,0.0127450076716738,0.062992805880795,"FLAD1"
"ENSG00000160691.19",5647.82306694657,0.375299938914517,0.0813527313950389,4.61324324922917,3.96433889362249e-06,0.000204627495791277,"SHC1"
"ENSG00000160695.15",2428.73370952843,0.0273311135392229,0.0520958601150112,0.52463119869572,0.599839594075688,0.754171435255358,"VPS11"
"ENSG00000160703.16",1094.43546144584,0.122508935096661,0.069605962816758,1.76003506221404,0.0784018618645394,0.209002577232453,"NLRX1"
"ENSG00000160710.17",20070.2070832809,0.059121556544036,0.0544230078465026,1.08633386656587,0.277331308851161,0.470026026551706,"ADAR"
"ENSG00000160712.13",2730.20136573984,-0.228812270474128,0.108973930508726,-2.0996973258279,0.0357554749857796,0.124741384124653,"IL6R"
"ENSG00000160714.10",4387.08993516152,0.0995894496484174,0.0534449725471039,1.86340164288875,0.0624057790685675,0.180322478955895,"UBE2Q1"
"ENSG00000160716.6",22.1487582475466,-0.522122448811279,0.226184805414273,-2.30838869947508,0.0209775269569363,0.0877941473205637,"CHRNB2"
"ENSG00000160741.17",2780.66758593714,0.0892591511234157,0.070541031266366,1.26535081102471,0.205745599732029,0.38706494049152,"CRTC2"
"ENSG00000160746.13",1398.77025855207,0.158106680202133,0.0535479045486491,2.95262123765254,0.00315088312601177,0.0244870102507726,"ANO10"
"ENSG00000160752.15",1916.75869448792,0.18682587499175,0.072002759825438,2.59470436195344,0.00946723129286013,0.0517173455306986,"FDPS"
"ENSG00000160753.16",2353.97561388043,0.171871794126362,0.0839619006944741,2.04702124064319,0.0406559990630776,0.135985266259075,"RUSC1"
"ENSG00000160766.14",150.002049838931,0.012827292079068,0.108043755252357,0.118723123322652,0.905494716350467,0.949825909008471,"GBAP1"
"ENSG00000160767.21",1692.08188873785,0.232213754343022,0.0813000269944651,2.85625679261866,0.00428668277040435,0.0301344023384865,"FAM189B"
"ENSG00000160781.17",147.288253874157,-0.13309348328331,0.155125960588372,-0.85797040533064,0.390908805347121,0.58178483935725,"PAQR6"
"ENSG00000160783.19",893.752781378569,0.00288937315469295,0.069962283065098,0.0412990118118996,0.967057520859682,0.983271623564054,"PMF1"
"ENSG00000160785.13",2178.96264970827,-0.0138219501403886,0.0538220110858096,-0.256808503835948,0.797326605076976,0.888073154555811,"SLC25A44"
"ENSG00000160789.22",21986.5356097008,0.209247269702828,0.0919321576256355,2.27610528358228,0.0228397089295328,0.0927184102774284,"LMNA"
"ENSG00000160791.13",636.800900028062,-0.0331525641318536,0.119861124778256,-0.276591465274383,0.782093818852039,0.879083944229737,"CCR5"
"ENSG00000160796.18",4394.57209543097,-0.0960244061902142,0.0945778093067616,-1.01529530969321,0.309965079529847,0.503639076131222,"NBEAL2"
"ENSG00000160799.11",1509.06092673779,0.0966453710126618,0.0670928991740313,1.4404709321321,0.149734208153817,0.316816078300924,"CCDC12"
"ENSG00000160801.14",147.250320800965,0.0408317520667996,0.15474978617792,0.263856597642431,0.791890420786679,0.884754959966765,"PTH1R"
"ENSG00000160803.8",2782.74261652398,0.0305742522257756,0.0682960411271106,0.447672393907456,0.654389647835102,0.7938563819186,"UBQLN4"
"ENSG00000160808.11",45.6723440246285,0.00955208886411126,0.108113475252379,0.0883524356405427,0.929596564249515,0.962945190216525,"MYL3"
"ENSG00000160813.7",333.931352834157,0.119201116385015,0.109907915211979,1.0845544304531,0.27811904718702,0.470809856002311,"PPP1R35"
"ENSG00000160818.17",1703.79101055593,0.0685814083742183,0.0739467652742603,0.927442980363747,0.353696583742514,0.547270547127365,"GPATCH4"
"ENSG00000160838.14",72.5197846540137,-1.23607000712847,0.253627895900767,-4.87355699868318,1.09606624720917e-06,8.02007331172198e-05,"LRRC71"
"ENSG00000160856.21",164.631661436069,-0.590347173741892,0.164596042091389,-3.58664258411579,0.000334962943017604,0.00517999838465796,"FCRL3"
"ENSG00000160862.13",4893.739854371,-0.329818537336473,0.28311855300097,-1.16494851305398,0.244039834510184,0.432936109188392,"AZGP1"
"ENSG00000160867.15",947.813710734136,0.103406823377717,0.196959362317366,0.525016034582272,0.599572044279414,0.754005895225298,"FGFR4"
"ENSG00000160868.15",6.09231759061836,-0.509759090884298,0.210982016548782,-2.41612578750964,0.0156866412009191,0.0725253916820165,"CYP3A4"
"ENSG00000160870.15",6.72382363587105,-0.2658370131262,0.237157038519206,-1.12093242007941,0.262316629642388,0.453860517144222,"CYP3A7"
"ENSG00000160877.6",3129.3949142449,0.209443331109273,0.0819436291074401,2.55594404825129,0.0105900145639672,0.0557869232402154,"NACC1"
"ENSG00000160883.11",886.137650919513,0.102365780426079,0.150484540229315,0.68024117474187,0.496351765004348,0.673403191839912,"HK3"
"ENSG00000160886.13",201.639756355001,0.729302681699081,0.2809620065534,2.59573417290664,0.00943890592195187,0.0516348167695602,"LY6K"
"ENSG00000160888.7",2585.34156008731,0.0417735694014464,0.0981507752668822,0.425606107418507,0.670394889218459,0.805613558572709,"IER2"
"ENSG00000160908.15",1019.45479358238,-0.00286558491527525,0.044763054648368,-0.0640167418820182,0.948956896056723,0.973189538065157,"ZNF394"
"ENSG00000160917.15",1250.2714454459,0.0232589518707572,0.0802851154501517,0.289704408349497,0.772042383518174,0.87263985993789,"CPSF4"
"ENSG00000160932.11",18038.6128339086,0.179751899265344,0.134960143125804,1.33188877176714,0.182896741212981,0.360093507108444,"LY6E"
"ENSG00000160948.14",4667.31291295634,0.173547532373586,0.0829838408994385,2.09134128394821,0.0364974815348479,0.126494748289714,"VPS28"
"ENSG00000160949.17",988.890053390148,0.0845283916418993,0.120587486904103,0.700971500543173,0.483320801059623,0.662551066669766,"TONSL"
"ENSG00000160951.4",50.2026820339632,0.0216356827676669,0.170015014916627,0.127257482395168,0.898736610774309,0.946078919357165,"PTGER1"
"ENSG00000160953.16",1117.07126573937,-0.0415661017673879,0.0538165828272606,-0.772366054916678,0.439897652769474,0.62523947819535,"PWWP3A"
"ENSG00000160957.14",930.359575898231,-0.0117057572503679,0.144486835678833,-0.0810160814677093,0.935429163383284,0.966104957752768,"RECQL4"
"ENSG00000160959.8",1087.66816272692,0.0215641611889369,0.0716126023442251,0.301122434921203,0.763321133929051,0.866807354856938,"LRRC14"
"ENSG00000160961.12",486.196994969073,-0.204070889420759,0.0578404629551027,-3.52816832706136,0.000418445973684199,0.00598167531209448,"ZNF333"
"ENSG00000160963.14",50.2589613827867,0.121832514315873,0.160923662465495,0.75708265925153,0.44900034230935,0.633118817352301,"COL26A1"
"ENSG00000160972.9",1099.53925802712,0.0992988311863767,0.104130537617681,0.953599524771068,0.34028639641014,0.53356355652441,"PPP1R16A"
"ENSG00000160973.8",8.99120891291591,-0.21654635635181,0.233666934359135,-0.926730848528992,0.354066296593664,0.547484447671372,"FOXH1"
"ENSG00000160991.16",2320.47927055982,0.114065616244303,0.0800376289812876,1.42514986633314,0.154113884624703,0.322825116586777,"ORAI2"
"ENSG00000160993.4",510.13957034888,0.0843775358348074,0.0754361989664972,1.11852846499174,0.263341356309364,0.454965126789571,"ALKBH4"
"ENSG00000160999.10",284.749726037898,0.162868257786692,0.099696030306285,1.63364837382522,0.10233270432726,0.248194268606941,"SH2B2"
"ENSG00000161010.15",680.773346335043,-0.315422948485722,0.0949144242418595,-3.32323512474738,0.000889798805654552,0.0101405861486565,"MRNIP"
"ENSG00000161011.20",11725.3928451932,0.0788902749014032,0.101693182197809,0.775767590279058,0.437886223320291,0.623349883776863,"SQSTM1"
"ENSG00000161013.17",5566.56133984804,0.208402859423419,0.0706928018991455,2.94800678180416,0.00319830048264687,0.0247247377372144,"MGAT4B"
"ENSG00000161016.18",78338.4841495471,0.236316184947649,0.109367819058769,2.16074698189477,0.0307148895577416,0.112459124386439,"RPL8"
"ENSG00000161021.13",2354.19944374405,0.0140565643335281,0.049834032430791,0.282067568042977,0.777891700867299,0.876291545641621,"MAML1"
"ENSG00000161031.13",4.61699755503342,0.121630327932517,0.167795446572335,0.724872637590218,0.468530168617814,0.649867720859596,"PGLYRP2"
"ENSG00000161036.13",990.64818052026,0.0249238145686059,0.0829964537779555,0.300299752990481,0.763948521629297,0.867249498251688,"LRWD1"
"ENSG00000161040.16",99.5293877174947,-0.0156179935511254,0.172709999568177,-0.0904290057910644,0.927946307824034,0.962043920729473,"FBXL13"
"ENSG00000161048.11",1015.96019538783,0.0126546664698687,0.0688589461632251,0.183776650311664,0.854188674486231,0.921951097052133,"NAPEPLD"
"ENSG00000161055.4",14909.0281245022,-2.11913429331985,0.295039468066749,-7.18254512593014,6.84254652148249e-13,1.19899421757746e-09,"SCGB3A1"
"ENSG00000161057.13",4388.95193771749,0.0678765130638576,0.0630307799336645,1.07687883816911,0.281534398286919,0.47396082913946,"PSMC2"
"ENSG00000161082.13",42.5743983384386,0.218424598136047,0.212763945409267,1.0266053194111,0.304606348226304,0.497828243655114,"CELF5"
"ENSG00000161091.13",2067.53654412844,0.294679229505084,0.0948659832694784,3.10626864708724,0.00189464500936473,0.0172848277039821,"MFSD12"
"ENSG00000161103.11",3.34908729031923,-0.637739364743531,0.255411886412007,-2.49690558142148,0.0125282309613084,0.0622355108019758,"AC008132.1"
"ENSG00000161132.6",34.1935164986252,-0.0279304214858817,0.164616062848696,-0.169670085668089,0.86526960109825,0.928104024915881,"AC007663.1"
"ENSG00000161133.16",10.908808715432,-0.420675551304484,0.259461414002126,-1.62134147353809,0.104944425070937,0.252158974010298,"USP41"
"ENSG00000161149.12",4.1856386334024,-0.440907425564482,0.181941178734556,-2.42335148442533,0.0153780397494135,0.0715157252936475,"TUBA3FP"
"ENSG00000161179.14",1037.68985920446,0.195147015954119,0.10993619875035,1.77509335571327,0.0758824738936736,0.204414208539694,"YDJC"
"ENSG00000161180.11",10.2805990906876,-0.441441339222172,0.158856632835926,-2.77886627295009,0.00545489766564218,0.0355261948322037,"CCDC116"
"ENSG00000161202.20",4424.53528656983,0.0727379311300541,0.066757637739161,1.08958216008571,0.275897245102475,0.468334624034911,"DVL3"
"ENSG00000161203.13",13020.462955289,0.245114081848589,0.0662864756969455,3.69779927611815,0.000217476746282829,0.00382783169285867,"AP2M1"
"ENSG00000161204.11",2486.99265258808,0.162432643712207,0.0543079174669005,2.9909569596589,0.0027810468797107,0.0224568017866137,"ABCF3"
"ENSG00000161217.12",2563.12447746579,0.107944446585606,0.0478370848304743,2.2565013517889,0.0240392507423482,0.0959357735141549,"PCYT1A"
"ENSG00000161243.9",265.179258693491,0.115739888960848,0.165509044753272,0.699296459195832,0.484366779383777,0.663576831028099,"FBXO27"
"ENSG00000161249.21",1987.61704279998,0.182243255416265,0.15457196395604,1.17901882561377,0.238390679639623,0.426045305733214,"DMKN"
"ENSG00000161265.15",91.6268968464931,-0.107428624981111,0.088162958618434,-1.21852336473936,0.22302515142962,0.407685519494117,"U2AF1L4"
"ENSG00000161267.12",958.515921232158,-0.00457726705748773,0.107518551106929,-0.0425718818786497,0.966042810172157,0.983060261321076,"BDH1"
"ENSG00000161270.20",22.9536011058936,-0.919096294908485,0.247248716476834,-3.71729450411364,0.000201367659575666,0.00361243419847174,"NPHS1"
"ENSG00000161277.11",305.038271492101,0.119774287503726,0.0751022869688072,1.59481544887538,0.110753511315781,0.260975062087643,"THAP8"
"ENSG00000161281.11",297.349242466278,0.319232208274496,0.133034076166049,2.399627354694,0.0164117697477541,0.0747465184968506,"COX7A1"
"ENSG00000161298.18",160.878403759591,-0.121667682405493,0.128337417356528,-0.948029693222625,0.343114338085454,0.53655733479939,"ZNF382"
"ENSG00000161328.11",337.358799532419,-0.369012156476843,0.125379784076062,-2.94315514415769,0.00324885559916906,0.0250032707959166,"LRRC56"
"ENSG00000161381.14",602.318898657869,-0.0156789951132536,0.0965670477724704,-0.162363823632635,0.871019357352445,0.931001909089988,"PLXDC1"
"ENSG00000161395.14",2430.83489431841,-0.0753592111111384,0.0915096295630679,-0.823511268387347,0.410217311858785,0.599441667947646,"PGAP3"
"ENSG00000161405.17",1417.98643104699,-0.404306651871478,0.119349909648591,-3.38757400874373,0.000705136901971193,0.00860342214189908,"IKZF3"
"ENSG00000161509.14",58.5414504292009,-0.427438032413434,0.161890883330591,-2.64028476230239,0.0082836391847809,0.0472481067978261,"GRIN2C"
"ENSG00000161513.12",727.701715442378,0.0281839742132506,0.0925781606497432,0.304434372161279,0.760796984519472,0.865102454489194,"FDXR"
"ENSG00000161526.15",2624.88390446283,0.118326106610488,0.0475379447215169,2.48908755529203,0.0128071421391662,0.0632248195787751,"SAP30BP"
"ENSG00000161533.12",3943.75032280804,0.0870648594300357,0.0558843940810597,1.55794584269356,0.119246086793161,0.273797239145153,"ACOX1"
"ENSG00000161542.17",1762.60254490493,0.0685015435572039,0.0501842906474052,1.36499973743767,0.172253132542969,0.346682598340773,"PRPSAP1"
"ENSG00000161544.10",575.216815281661,0.133209423221673,0.104690803650792,1.27240806810509,0.203228168931772,0.38415235497902,"CYGB"
"ENSG00000161547.17",4749.75114560797,-0.0488364598348879,0.044184382582982,-1.10528781845415,0.269034894593122,0.46074993547782,"SRSF2"
"ENSG00000161551.14",314.984142268115,-0.356302107059128,0.116314712236974,-3.06325915446719,0.00218940364076915,0.0189970850696188,"ZNF577"
"ENSG00000161558.11",274.804463464969,0.137350076140744,0.0720198027388323,1.9071154171141,0.0565056432404447,0.16866078361163,"TMEM143"
"ENSG00000161594.7",3.85082648574864,-0.209767282331748,0.148710152674442,-1.41057808467841,0.158369057349848,0.328541426819309,"KLHL10"
"ENSG00000161609.10",19.8765794644307,0.232141056408345,0.237313317224569,0.978204928081094,0.327972979592058,0.521715915279383,"KASH5"
"ENSG00000161618.10",1011.00443099218,0.233136312892144,0.0842436129689427,2.7674063905366,0.00565042700247971,0.036450235650757,"ALDH16A1"
"ENSG00000161638.11",6060.22802647689,0.703565591102507,0.133085788290296,5.28655689041598,1.24640065375837e-07,1.6868462181129e-05,"ITGA5"
"ENSG00000161640.15",43.1786443531683,0.165078887181381,0.172560509081908,0.956643487317387,0.33874723119148,0.532202895949126,"SIGLEC11"
"ENSG00000161642.18",1874.73036433806,0.093008977641559,0.0991329262024583,0.938224878499073,0.348128855705545,0.541868600916416,"ZNF385A"
"ENSG00000161643.13",64.8220314175403,0.252674352327355,0.160429597252227,1.57498589197417,0.115259701046125,0.267842337411379,"SIGLEC16"
"ENSG00000161647.19",413.640640241629,-0.183023430465525,0.102056256520454,-1.79335825852915,0.0729156574562372,0.199456164956906,"MPP3"
"ENSG00000161649.13",80.1008239078566,-0.159020346606106,0.323101177057163,-0.492168886707498,0.622599957389039,0.771139151092011,"CD300LG"
"ENSG00000161652.12",12.1166012915507,-0.836287357698326,0.308315503728813,-2.71244017113685,0.00667898370509263,0.0408006246777338,"IZUMO2"
"ENSG00000161653.11",388.238233933002,0.156719604981153,0.114520839414328,1.36848110599463,0.171161532143853,0.345216022879099,"NAGS"
"ENSG00000161654.10",505.856741388804,0.0812842223574325,0.0648219340503616,1.25396169596361,0.20985592826359,0.392072582473608,"LSM12"
"ENSG00000161664.7",60.7237938930497,-0.347493315430328,0.103309161982863,-3.36362534320017,0.000769258954006947,0.00914023495922672,"ASB16"
"ENSG00000161671.17",5335.60250682044,0.15961973602191,0.0793984816732558,2.01036257442282,0.0443928285225275,0.144359562537542,"EMC10"
"ENSG00000161677.12",792.201801828553,0.276485370977783,0.0903488907630168,3.06019662934212,0.00221191720847948,0.0191276258758201,"JOSD2"
"ENSG00000161681.16",35.5766923522051,0.0168492372542353,0.127560436355795,0.132088269181198,0.894914474447892,0.94449733657523,"SHANK1"
"ENSG00000161682.15",234.701487868538,0.0430478843776236,0.161044545358267,0.267304206310479,0.789234948397856,0.883137805835036,"FAM171A2"
"ENSG00000161692.18",428.723167617658,0.031046129013416,0.0986700970126011,0.314645773678028,0.753030620665676,0.86005655073147,"DBF4B"
"ENSG00000161714.12",895.909224765831,0.574923956011603,0.133064123493148,4.32065338814793,1.55567872745887e-05,0.000546341897397555,"PLCD3"
"ENSG00000161791.14",1912.35196835403,-0.0552777522825025,0.0785440063969795,-0.703780655179671,0.481569382613329,0.661395547021392,"FMNL3"
"ENSG00000161798.7",2633.25765760595,-0.287750823988945,0.280772537047439,-1.02485387999442,0.30543213888438,0.49868663201057,"AQP5"
"ENSG00000161800.13",1670.25821897489,0.165655995194694,0.111494487224256,1.48577745248964,0.137337996001591,0.299514863152167,"RACGAP1"
"ENSG00000161813.22",3087.82123732259,-0.0206738852691027,0.0670636300251433,-0.308272684633261,0.757874849095702,0.86319069997411,"LARP4"
"ENSG00000161835.11",601.00768886179,-0.25326716624614,0.144240969091282,-1.75586151314514,0.0791120579594318,0.210230608840793,"TAMALIN"
"ENSG00000161847.14",903.748631251207,0.127841394002113,0.0788770973468128,1.62076696914962,0.105067624942858,0.252288655599825,"RAVER1"
"ENSG00000161860.8",25.2312350759472,-0.137805663238767,0.0992519458364687,-1.38844293759057,0.165002209263394,0.336854215906682,"SYCE2"
"ENSG00000161888.11",393.197895120103,0.169605889039729,0.138481254927192,1.22475701948904,0.220666783409118,0.405198787713847,"SPC24"
"ENSG00000161896.12",263.480252701326,-0.56605432827898,0.247332185048119,-2.28863998500177,0.022100278668,0.0907942291523086,"IP6K3"
"ENSG00000161904.12",2212.4931851784,0.0495390829191168,0.0534518091764756,0.926798993006194,0.354030907908031,0.547484447671372,"LEMD2"
"ENSG00000161905.13",387.732770339874,-1.37470510641826,0.257277075680883,-5.34328642682253,9.12763597793494e-08,1.31510834940599e-05,"ALOX15"
"ENSG00000161911.11",30.4877112343038,-0.287603136750993,0.130339224234912,-2.20657394916393,0.0273438386259445,0.104267371363368,"TREML1"
"ENSG00000161912.18",140.327333276869,-0.263173814985051,0.124957367404203,-2.10610883097237,0.0351948999174129,0.123263602245995,"ADCY10P1"
"ENSG00000161914.10",204.469664392816,0.0409927926704624,0.0679882987056315,0.602938938771636,0.546549310799939,0.713539011857173,"ZNF653"
"ENSG00000161920.11",379.386403518126,0.0719585373816946,0.07214218336059,0.997454388398844,0.318544002831961,0.512283136232465,"MED11"
"ENSG00000161921.17",6341.06705330223,0.0197004346718905,0.102284869811787,0.192603605089794,0.847269421341913,0.917218600661257,"CXCL16"
"ENSG00000161929.15",341.814064839688,-0.0889587484496502,0.133462493435495,-0.666544930787207,0.505062854817593,0.680881828046733,"SCIMP"
"ENSG00000161940.11",736.424215661258,0.00751663765354716,0.120428669137342,0.0624156831374999,0.950231805972657,0.97389691898312,"BCL6B"
"ENSG00000161944.16",40.7803705859757,0.0492255960903697,0.12717800719936,0.387060602492419,0.698711343380656,0.824090409445415,"ASGR2"
"ENSG00000161955.16",593.894368210467,0.00522358821061355,0.10448775314387,0.0499923488968238,0.960128485395415,0.979847275366139,"TNFSF13"
"ENSG00000161956.13",423.069702846019,0.0688088149928346,0.0556786267955041,1.23582097751,0.216525115608034,0.400242666922341,"SENP3"
"ENSG00000161958.11",15.2084349032755,0.282399638427434,0.187794627099943,1.5037684665874,0.132640993168887,0.293294087813236,"FGF11"
"ENSG00000161960.16",166.345714410345,-0.219639595428284,0.120723748433558,-1.8193569888129,0.0688569841590723,0.192110581882845,"EIF4A1"
"ENSG00000161970.15",1238.55009215585,0.0503020231248857,0.0958608553902681,0.524739977753134,0.599763962036466,0.754133302669388,"RPL26"
"ENSG00000161973.11",4.2796429392691,-0.491012599059433,0.163665069871733,-3.00010625018673,0.00269885444389812,0.0220099062122882,"CCDC42"
"ENSG00000161980.6",829.310935474334,0.0953065540465977,0.0780459210697807,1.22115996249675,0.222025460077646,0.406617175992358,"POLR3K"
"ENSG00000161981.11",1313.01406238515,0.111312469970601,0.0858860617323591,1.29604813313569,0.194958902517214,0.374504165584896,"SNRNP25"
"ENSG00000161996.19",1319.32538464546,-0.0658041347375609,0.103589765335791,-0.635237800995629,0.525273332874313,0.697174496546983,"WDR90"
"ENSG00000161999.13",676.123222242602,0.161852396274799,0.071379565150887,2.26748924475323,0.0233603551849704,0.094099976427492,"JMJD8"
"ENSG00000162004.18",317.063344692457,-0.521150033957583,0.173765563095565,-2.99915601614901,0.00270728635788096,0.0220321888811857,"CCDC78"
"ENSG00000162006.9",129.883418215608,1.22317704106864,0.291551674892074,4.19540392460937,2.7238572928339e-05,0.000830452205589003,"MSLNL"
"ENSG00000162009.8",3.7006295422445,-0.392120159809995,0.39886525397188,-0.983089291196169,0.325563494346097,0.518974943601936,"SSTR5"
"ENSG00000162032.16",5.22414728461355,0.0901837640810108,0.129274487817631,0.697614553369836,0.485418277695472,0.664438943167398,"SPSB3"
"ENSG00000162039.17",18.1032379037254,0.308965589640631,0.224721912556352,1.37487967295203,0.169168752125352,0.342337421864171,"MEIOB"
"ENSG00000162040.7",34.7442425699749,-0.554339700510007,0.285087224249868,-1.94445647983212,0.0518404286394519,0.159475254803808,"HS3ST6"
"ENSG00000162062.15",275.907832384582,0.272624016421911,0.145143806873792,1.87830278324564,0.0603397560343746,0.17638875209873,"TEDC2"
"ENSG00000162063.13",719.29968612065,0.260715593615067,0.104208643958597,2.50186149354991,0.0123542246630505,0.0616655474822999,"CCNF"
"ENSG00000162065.14",1449.6999522016,-0.187119041884799,0.0955094386592274,-1.95916806246165,0.0500931080374279,0.155937339494164,"TBC1D24"
"ENSG00000162066.16",460.724021868115,0.10177800078126,0.0825264880922238,1.23327677130186,0.21747252121136,0.401285922485041,"AMDHD2"
"ENSG00000162068.2",8.17007216129358,-0.490025280787246,0.200143071901975,-2.44837493564228,0.0143502239162833,0.0682244601862537,"NTN3"
"ENSG00000162069.16",1046.81988278722,0.0089915983980074,0.12829784629456,0.0700837828357891,0.944126974383107,0.970897895232024,"BICDL2"
"ENSG00000162073.14",385.507689404731,0.388503503958929,0.109412437225411,3.55081665129657,0.000384037852528753,0.00567248102228916,"PAQR4"
"ENSG00000162076.13",937.736755570021,0.152019241560682,0.0707169715537717,2.14968540394988,0.031580107773133,0.114630796521989,"FLYWCH2"
"ENSG00000162078.11",256.499453981901,0.676702381200757,0.219362290819192,3.08486193626837,0.00203646662126225,0.0180800221924491,"ZG16B"
"ENSG00000162086.16",857.805487715413,-0.0345098241077433,0.0720995439794106,-0.478641364466858,0.632193786067986,0.777784550443866,"ZNF75A"
"ENSG00000162104.10",2270.11413766082,-0.218408257891683,0.108299005177573,-2.0167152739175,0.0437252350577851,0.142846065231954,"ADCY9"
"ENSG00000162105.19",1490.50239801829,-0.279579234016753,0.106001582295254,-2.63750057275579,0.00835194845064819,0.0475318666269111,"SHANK2"
"ENSG00000162129.14",1092.31311439312,-0.0601718424279596,0.0641851791231116,-0.93747253260049,0.348515546246347,0.542262102064726,"CLPB"
"ENSG00000162139.10",681.534333840841,-0.128708645154353,0.0607536228435863,-2.1185344861774,0.0341298274653668,0.120599060263687,"NEU3"
"ENSG00000162144.10",1171.32437249078,0.00422030961398078,0.0577472389371708,0.0730824484712159,0.941740508396573,0.969509469461081,"CYB561A3"
"ENSG00000162148.11",118.03695233589,-0.579666820719964,0.134721493195732,-4.30270483921809,1.68725557815184e-05,0.000585143749618846,"PPP1R32"
"ENSG00000162174.12",575.96950704714,0.102637409726765,0.156460578722917,0.655995334828275,0.511827125883719,0.686691427216389,"ASRGL1"
"ENSG00000162188.6",5.63523460959951,-0.0670682211628625,0.161630125504994,-0.414948766223597,0.67817940930623,0.811072170200169,"GNG3"
"ENSG00000162191.14",3954.03994339588,0.10571822153981,0.0722598031585761,1.46302947031019,0.143459315140657,0.308340282697087,"UBXN1"
"ENSG00000162194.12",71.6562451744124,-0.0761684512084893,0.0863636701484549,-0.881950142664843,0.377803769425955,0.569356368617523,"LBHD1"
"ENSG00000162222.14",871.216663217141,0.0291680759391401,0.063137612522469,0.461976225799794,0.644098369475139,0.786270927838368,"TTC9C"
"ENSG00000162227.8",339.868069374735,-0.0500804740925769,0.0556653149188815,-0.899671081813817,0.368295317156762,0.560908551985654,"TAF6L"
"ENSG00000162231.14",3258.32653874245,-0.146424166781281,0.0549078481010754,-2.6667256475202,0.00765941695092604,0.0446985045656758,"NXF1"
"ENSG00000162236.13",2261.06202051162,0.0190169109159782,0.0524823568007614,0.362348645815812,0.717091510326088,0.837101250115233,"STX5"
"ENSG00000162241.12",464.345247539311,-0.146552454450533,0.0767312669613968,-1.90994441059162,0.0561403711320742,0.167962730705478,"SLC25A45"
"ENSG00000162244.12",20598.6518491062,0.246218378214922,0.0983894283922808,2.50248814571058,0.0123323755366634,0.0616026674781898,"RPL29"
"ENSG00000162267.12",85.9474170732368,0.0514505406722351,0.137268026018287,0.374818099776423,0.707795752317272,0.830530574204312,"ITIH3"
"ENSG00000162298.19",4532.74415476204,-0.0314881749954502,0.071628345132729,-0.439604948810444,0.660223255814705,0.798054418757541,"SYVN1"
"ENSG00000162300.13",138.046204741298,0.0533069176825737,0.0687064970806988,0.77586429155255,0.437829118414315,0.623349883776863,"ZFPL1"
"ENSG00000162302.13",2282.27087729753,0.287841560142409,0.0768146252709283,3.74722338522359,0.000178802841982381,0.00331636936942585,"RPS6KA4"
"ENSG00000162337.12",6394.43565224725,0.0176959966350559,0.0926695227045706,0.190958107030189,0.84855841486669,0.918017004814346,"LRP5"
"ENSG00000162341.18",380.036164057754,-0.0545155002124568,0.0550787479823315,-0.989773773179169,0.322284706708372,0.516030622827001,"TPCN2"
"ENSG00000162344.4",31.1617724949977,0.897825955588747,0.420893243447303,2.1331441394382,0.0329129038529012,0.117696857729108,"FGF19"
"ENSG00000162365.12",6.20665672157624,-0.387406267479505,0.270953451302351,-1.42978901216212,0.152777583638805,0.32109236109379,"CYP4A22"
"ENSG00000162366.8",3511.03095370375,0.316023335629723,0.174993047258796,1.80591938125609,0.0709309332411443,0.195748536412275,"PDZK1IP1"
"ENSG00000162367.11",190.915908329957,-0.277962306893705,0.163080949572185,-1.70444376012583,0.0882982144561412,0.225801709339297,"TAL1"
"ENSG00000162368.13",9198.18528244338,0.0602757726734275,0.0609032368815816,0.989697358625222,0.322322066445489,0.516065622687779,"CMPK1"
"ENSG00000162373.13",153.462502566855,-0.399974981621055,0.141296953947365,-2.83074029869073,0.00464404117306591,0.0317870652969724,"BEND5"
"ENSG00000162374.18",39.6108889201904,-0.48260129321142,0.196074448776756,-2.46131658776658,0.0138428155670957,0.0666573414340929,"ELAVL4"
"ENSG00000162377.6",1101.25743106809,0.123441701774293,0.073844552585861,1.67164262564613,0.0945948140745677,0.236169054667758,"COA7"
"ENSG00000162378.13",2018.55339225654,-0.0162847925498575,0.0622224754509601,-0.261718815136054,0.79353823363247,0.886031217857087,"ZYG11B"
"ENSG00000162383.13",1471.31716842084,-0.410574044528022,0.278489954054169,-1.47428673297192,0.140404405737719,0.303932632004283,"SLC1A7"
"ENSG00000162384.14",1343.43612793973,0.125822573123146,0.0503956781541335,2.49669371921779,0.0125357177539795,0.0622448398483578,"CZIB"
"ENSG00000162385.11",1248.29296798303,0.0391288713309683,0.0710780642394639,0.550505584945899,0.581972647300313,0.740431647300876,"MAGOH"
"ENSG00000162390.18",289.715076810685,0.232041544982253,0.100183005910142,2.31617670955471,0.0205486223039355,0.0867518745073453,"ACOT11"
"ENSG00000162391.12",15.2759895815115,0.021148732300826,0.105987255830204,0.199540332799136,0.841840096635746,0.913920475480783,"FAM151A"
"ENSG00000162396.6",294.826804852462,0.0600358186416773,0.0711020086510126,0.844361780781033,0.398467272500595,0.588686105459626,"PARS2"
"ENSG00000162398.11",13.1958333325239,0.297353187248936,0.138313839652589,2.14984406474302,0.0315675513417955,0.11462302179326,"LEXM"
"ENSG00000162399.9",8.20224409376611,-0.843847314781884,0.241278201856814,-3.49740386113564,0.000469810012754876,0.00647408309381129,"BSND"
"ENSG00000162402.14",3398.9684212247,-0.093833426371605,0.0629610084842972,-1.49034185808837,0.13613437173191,0.297903041770661,"USP24"
"ENSG00000162407.9",2618.34352110314,-0.0303169528880133,0.0872721253694698,-0.347384147683643,0.728302741021836,0.843976828759147,"PLPP3"
"ENSG00000162408.11",1284.30942440389,-0.148930201991801,0.0520145792371957,-2.86323957966964,0.00419333361767646,0.0297166147580465,"NOL9"
"ENSG00000162409.11",673.060748363959,-0.0794960420337216,0.150923260023508,-0.526731545696398,0.598380025886274,0.753132700810212,"PRKAA2"
"ENSG00000162413.16",2105.64614736286,-0.0111120409488619,0.0716630129200844,-0.155059639499858,0.876774300287165,0.934114636647853,"KLHL21"
"ENSG00000162415.7",498.219067777236,-0.158233415878479,0.111162695393983,-1.4234398987688,0.154608673173688,0.323600175665022,"ZSWIM5"
"ENSG00000162419.13",822.759386318828,-0.0392707512861565,0.0396567189422582,-0.990267282155549,0.322043493946715,0.515837127497918,"GMEB1"
"ENSG00000162426.16",124.75281296521,-0.235185089502253,0.131280048333743,-1.79147625619668,0.0732169015025014,0.199925499938555,"SLC45A1"
"ENSG00000162430.17",4717.4879783144,0.0486357159981533,0.0723844967399446,0.671907911066737,0.50164232373166,0.67795412424667,"SELENON"
"ENSG00000162433.15",1222.25432450207,0.407054390098951,0.166531194328509,2.44431316150879,0.0145128230074453,0.0687510032972924,"AK4"
"ENSG00000162434.13",8263.54850979433,0.0700664400520906,0.058405659487067,1.19965155204875,0.230274696203409,0.416614251749815,"JAK1"
"ENSG00000162437.14",801.97492256392,-0.172675512607841,0.0927146304827672,-1.86244082200097,0.0625409795864044,0.180493830909341,"RAVER2"
"ENSG00000162441.12",1871.82280596069,0.0113326395030717,0.0483093786695625,0.234584666894337,0.814531111547324,0.89851631076723,"LZIC"
"ENSG00000162444.12",128.205102253541,0.276743677127515,0.138920474386601,1.9921014404066,0.0463599289645224,0.148344138206973,"RBP7"
"ENSG00000162458.13",2846.66042453741,0.281080376639867,0.0887600341656175,3.16674479997831,0.00154155536112376,0.0148575831514889,"FBLIM1"
"ENSG00000162460.7",11.449640834797,0.0949719475299613,0.286291197498195,0.331731986033416,0.740091645705828,0.851680410646686,"TMEM82"
"ENSG00000162461.8",45.4060825681188,-0.178325664791405,0.116972689631673,-1.52450683448351,0.127382150887332,0.286097697749527,"SLC25A34"
"ENSG00000162482.5",364.116937479751,-0.036571407448298,0.258818723471599,-0.141301243425347,0.887631967359866,0.940245978024563,"AKR7A3"
"ENSG00000162490.7",45.0083862438452,0.33183022533834,0.152340817647597,2.17820955973827,0.0293904386811186,0.109182757756135,"DRAXIN"
"ENSG00000162493.16",1699.85175347059,-0.012799639425444,0.137503117171373,-0.0930861764354879,0.92583509935629,0.961202069442091,"PDPN"
"ENSG00000162494.6",3.66109428604402,-0.0519776021331227,0.265051552461292,-0.196103745292016,0.844528964859018,0.9155004322625,"LRRC38"
"ENSG00000162496.9",4388.14327154867,-0.124395946860682,0.115165908764874,-1.08014557601983,0.280077359253244,0.472654025974106,"DHRS3"
"ENSG00000162510.6",7.70153305841948,-0.0346858545192549,0.113798305847043,-0.304801150255051,0.760517605411864,0.865076109090751,"MATN1"
"ENSG00000162511.8",8386.92858799924,0.0767798457162108,0.118532947342964,0.647751088936105,0.517145954881862,0.690921561467754,"LAPTM5"
"ENSG00000162512.16",5291.1528147554,0.226880951801836,0.0885609020408148,2.56186360542347,0.0104112196756969,0.0551236189295518,"SDC3"
"ENSG00000162517.13",3104.04938876929,0.059218864848919,0.060186619132859,0.983920773456244,0.325154468832036,0.518719190397194,"PEF1"
"ENSG00000162520.15",107.870245897822,0.0712058742163031,0.128497093296593,0.554143851736382,0.579480401134157,0.73847429645778,"SYNC"
"ENSG00000162521.19",5053.40958595886,-0.0462503587476188,0.0523906414406414,-0.882798100497022,0.377345366978801,0.568871549666058,"RBBP4"
"ENSG00000162522.11",9062.99590438206,0.0765778932560774,0.0891233465237035,0.859234939474704,0.390210910513608,0.581161843237432,"KIAA1522"
"ENSG00000162526.7",8.71777350279194,-0.106636922964105,0.149865014816506,-0.711553147308399,0.476741528821191,0.656846685615688,"TSSK3"
"ENSG00000162542.13",1469.98714153341,0.0956486169504699,0.0650313135878865,1.47080862546634,0.141342879132637,0.305348677890006,"TMCO4"
"ENSG00000162543.6",1035.44324939885,-0.232718068232969,0.153826880504335,-1.51285696927599,0.130315994231781,0.290285721661896,"UBXN10"
"ENSG00000162545.6",2067.11109074013,0.499019090498669,0.152741917016732,3.26707363797198,0.00108665411103734,0.0116552755537262,"CAMK2N1"
"ENSG00000162551.14",5911.49382570481,-0.177357973838991,0.201868421129659,-0.878582062744102,0.379627924963317,0.571298862926526,"ALPL"
"ENSG00000162552.15",342.003325344774,-0.0511902901195247,0.187515826487071,-0.272991837961231,0.784859489731648,0.88049085121932,"WNT4"
"ENSG00000162571.14",72.1191204455791,-0.980124927109513,0.207901005173837,-4.71438282027535,2.42444476408093e-06,0.000144654192707073,"TTLL10"
"ENSG00000162572.21",185.158099542139,0.0545159209889172,0.150164628813047,0.363041026504244,0.716574237321691,0.836785849361845,"SCNN1D"
"ENSG00000162576.17",4670.49684409561,0.124589218059643,0.127287537897056,0.978801382429159,0.327678126529298,0.521406484086409,"MXRA8"
"ENSG00000162585.17",1714.56363526184,0.133250104903333,0.0767429071432572,1.73631818057912,0.0825075903280737,0.216242242367359,"FAAP20"
"ENSG00000162591.16",2450.98121487543,-0.169640963994978,0.11741349686654,-1.44481655450398,0.148509419869239,0.315145905775166,"MEGF6"
"ENSG00000162592.10",4.08314586804364,0.0452099587580032,0.192134172792077,0.235304100780283,0.813972712509446,0.898149269875506,"CCDC27"
"ENSG00000162594.16",6.32434021903217,-0.789105101706309,0.162302765736347,-4.86193256243195,1.16245228845933e-06,8.37473065342993e-05,"IL23R"
"ENSG00000162595.7",139.886409337497,0.234770091449343,0.179865670162887,1.30525236548328,0.191806928371432,0.370902483955978,"DIRAS3"
"ENSG00000162598.13",97.9932622528195,-1.10554484272411,0.296409218686813,-3.72979237158017,0.000191637621484164,0.00347364656084095,"C1orf87"
"ENSG00000162599.17",2432.00093375822,-0.186175645824056,0.146901842208688,-1.26734725055099,0.20503115227977,0.386332115730963,"NFIA"
"ENSG00000162600.12",545.882486894398,-0.0728586145418116,0.066950581793234,-1.08824468123105,0.276487104448195,0.469134253294821,"OMA1"
"ENSG00000162601.11",1544.83443251384,-0.33749886825844,0.0898038511442525,-3.75817811773254,0.000171155031215113,0.0032120994668798,"MYSM1"
"ENSG00000162604.12",1296.69120654553,-0.0212842015221625,0.059300026524394,-0.358923979796315,0.719651960011882,0.839060504453706,"TM2D1"
"ENSG00000162607.13",2325.26932489508,0.0857805090122444,0.0637454934771454,1.34567173823824,0.178408404684886,0.354343025748321,"USP1"
"ENSG00000162613.17",4861.4690830976,0.00608113862588417,0.054924740214479,0.110717658420187,0.911840242678977,0.953032498258027,"FUBP1"
"ENSG00000162614.19",673.674642481007,0.0840231626404237,0.121672028361648,0.69057090419073,0.489835237370857,0.668145057267615,"NEXN"
"ENSG00000162616.9",1027.4281255347,0.363021562326625,0.116092286104925,3.127008473229,0.00176594837705391,0.0164136569841585,"DNAJB4"
"ENSG00000162618.15",916.925847797683,0.070751517703024,0.103705039759112,0.682237988311534,0.495088477353522,0.672417928304606,"ADGRL4"
"ENSG00000162620.16",47.5336991079554,-0.206245008105633,0.133452512016568,-1.54545617005717,0.122235962761725,0.278149265820936,"LRRIQ3"
"ENSG00000162623.16",801.148931692768,0.0113439208517205,0.0565790992702624,0.200496667462551,0.841092164064362,0.913508648177755,"TYW3"
"ENSG00000162624.14",5.00890956317519,-0.131056154153594,0.432085414735235,-0.303310756818532,0.761653049326149,0.865719149281833,"LHX8"
"ENSG00000162627.17",980.04975346482,0.212861332916736,0.0849049171498931,2.50705542225483,0.0121741621373397,0.0611057409978063,"SNX7"
"ENSG00000162630.6",169.982594806116,-0.380727154251822,0.217017731905393,-1.75435965950375,0.0793688990689637,0.210703194059725,"B3GALT2"
"ENSG00000162631.19",167.801352285221,0.312112589460333,0.242077520208216,1.28930843802381,0.197290878642621,0.377554196398887,"NTNG1"
"ENSG00000162636.16",1131.99059139917,0.0946871195083077,0.100099694298746,0.945928158638684,0.344185230054774,0.537550258676812,"FAM102B"
"ENSG00000162639.16",421.263434765565,-0.0285942431713402,0.121805439346684,-0.234753417620004,0.814400124754953,0.898466179609235,"HENMT1"
"ENSG00000162641.20",9.5347318842349,0.252717635116141,0.157662071474498,1.60290698170244,0.108955192054061,0.258426557802381,"AKNAD1"
"ENSG00000162642.14",773.156048876166,0.0164378558132011,0.0574598135317805,0.286075690171,0.774820150250026,0.874384355713989,"C1orf52"
"ENSG00000162643.13",93.1735458388616,-0.837675972162044,0.198063269754068,-4.22933526848351,2.34382829358654e-05,0.000748159878987311,"DNAI3"
"ENSG00000162645.13",4785.70795545998,0.242445961093887,0.0987552917845354,2.45501741438683,0.0140877763617515,0.0673691954053136,"GBP2"
"ENSG00000162650.16",239.494693516056,-0.156891731343924,0.0768836924547295,-2.04063730987302,0.0412868908064481,0.137428959769954,"ATXN7L2"
"ENSG00000162654.9",3285.0441860908,0.031810038007232,0.13961659455181,0.227838518117041,0.819771780970821,0.901810691806018,"GBP4"
"ENSG00000162664.17",1183.88216272298,-0.138250708016239,0.0628374012102085,-2.20013408183053,0.0277973834332677,0.10524943553324,"ZNF326"
"ENSG00000162669.16",24.7080047094608,-0.20310727004408,0.179601038049419,-1.13088026800933,0.258105489441654,0.449026077975693,"HFM1"
"ENSG00000162670.11",36.0466958682361,0.0402119093675839,0.187153997725199,0.21486000756782,0.829876465991952,0.907358856560593,"BRINP3"
"ENSG00000162676.12",208.495677082615,-0.161938659423137,0.116027169512122,-1.39569602623305,0.162806051461908,0.334215185061124,"GFI1"
"ENSG00000162687.19",150.627381058568,-0.358684680632125,0.192781010984855,-1.86058097112222,0.0628033741094801,0.180963158757757,"KCNT2"
"ENSG00000162688.17",1753.04447335885,0.0611951175788043,0.0953745981558833,0.641629100012406,0.521114033915954,0.694072901482056,"AGL"
"ENSG00000162692.12",2058.16085449405,-0.00123442298019084,0.143530641349232,-0.00860041429890428,0.993137946808893,0.996818594242635,"VCAM1"
"ENSG00000162694.14",631.602293582734,0.0194186535040195,0.076820551559934,0.252779407459337,0.800438681493957,0.890148079152076,"EXTL2"
"ENSG00000162695.12",2456.41794118009,-0.0133184099636145,0.0691963705653843,-0.192472666626782,0.84737197648596,0.917240147385866,"SLC30A7"
"ENSG00000162702.8",2354.68856184583,0.0343261723920623,0.0808132588949516,0.42475916528354,0.671012248316053,0.805945810673293,"ZNF281"
"ENSG00000162704.16",10850.3548815665,0.198352129861707,0.065403052280344,3.0327656423662,0.00242323712221431,0.0204555865897264,"ARPC5"
"ENSG00000162706.13",86.2799720784529,-0.425986286851056,0.170380833403985,-2.50020074641268,0.0124122949303532,0.0618904500698291,"CADM3"
"ENSG00000162711.18",305.751014964374,0.115611575883324,0.137930789201855,0.838185415687952,0.40192657671609,0.591832884502821,"NLRP3"
"ENSG00000162714.12",1698.8458150186,0.117587293633425,0.0604087256132146,1.94652829437776,0.0515913125711347,0.158966179493826,"ZNF496"
"ENSG00000162722.9",61.3333539658318,0.233251689545199,0.22378819064216,1.04228774930385,0.297278290390624,0.489964659503716,"TRIM58"
"ENSG00000162723.10",52.6956473282373,0.701882271711146,0.186817111098009,3.75705559081749,0.000171924315052307,0.00321746836483218,"SLAMF9"
"ENSG00000162728.5",2.70938489350616,-0.283506904004338,0.249258782365885,-1.13739985934851,0.255371166072438,0.445928471207892,"KCNJ9"
"ENSG00000162729.14",2693.70574130717,0.275468569247784,0.0984380231342621,2.79839599046058,0.00513571067776914,0.0341156923822023,"IGSF8"
"ENSG00000162733.19",1747.82092657017,-0.082938894687933,0.122862212620214,-0.675056169990279,0.499640078894736,0.676309853091659,"DDR2"
"ENSG00000162734.13",8519.94608040581,0.143600731456336,0.0669881933175389,2.14367225543218,0.032059156756868,0.115626205818049,"PEA15"
"ENSG00000162735.19",2580.57893558719,0.0646780857147641,0.0538304377681902,1.20151513523422,0.229551439012712,0.415794823218644,"PEX19"
"ENSG00000162736.17",7608.56659561763,0.182152935463002,0.0634803131811297,2.86943977329256,0.00411199633970788,0.0293190740363959,"NCSTN"
"ENSG00000162738.6",973.198294669603,0.0308450998681286,0.161041494762471,0.191535106611025,0.848106378541651,0.917688321074845,"VANGL2"
"ENSG00000162739.14",421.374916927841,-0.231848229081717,0.125975743141789,-1.84041961809081,0.0657066554436974,0.18632363976809,"SLAMF6"
"ENSG00000162745.10",1601.74846056213,0.340319573639999,0.12325078451264,2.76119600362541,0.00575901026157741,0.036898123821684,"OLFML2B"
"ENSG00000162746.14",65.9216826897744,0.404710276129742,0.119641536514616,3.38269039264888,0.000717795039108423,0.00870699148786776,"FCRLB"
"ENSG00000162747.12",166.744789117406,-0.213566359724,0.198160863253298,-1.07774237666199,0.281148741409996,0.473674664630485,"FCGR3B"
"ENSG00000162753.13",8.79151817368411,-0.751389483481252,0.242659899490891,-3.09647158454155,0.00195838630887665,0.0176360712419341,"SLC9C2"
"ENSG00000162755.14",253.901705663918,-0.0237753352845963,0.120746146311812,-0.19690347071781,0.843903077611712,0.915169400401439,"KLHDC9"
"ENSG00000162757.4",219.765697619268,0.0276108483500302,0.0779048608494118,0.354417529907425,0.723025999117561,0.841225455544446,"C1orf74"
"ENSG00000162761.14",4.07647736575071,-1.39983155762242,0.405562630803057,-3.45157924153565,0.000557316078589148,0.00725928177013634,"LMX1A"
"ENSG00000162763.4",14.6162366331342,-0.830368996575625,0.268614131164967,-3.09130794040638,0.00199276851189877,0.0178683657599369,"LRRC52"
"ENSG00000162769.13",1089.73924938146,-0.151049544964135,0.0937440785427158,-1.61129691936016,0.107115021904824,0.255511959896633,"FLVCR1"
"ENSG00000162772.17",3269.94842670725,-0.178911215050924,0.158722629129607,-1.1271941249463,0.259660413921461,0.450652878104947,"ATF3"
"ENSG00000162775.16",627.261618358787,0.0846164884281066,0.0695330885356834,1.21692406032968,0.223633110309883,0.40838490368188,"RBM15"
"ENSG00000162777.17",2048.38380979456,0.00500863458047908,0.0638909053657512,0.0783935452441399,0.93751500788027,0.967539643290465,"DENND2D"
"ENSG00000162779.22",8.23000325447171,-0.102120114705679,0.164696499873438,-0.620050303340715,0.535224669348547,0.70406712697543,"AXDND1"
"ENSG00000162782.16",138.405810158819,0.267444200791658,0.273520173271154,0.977786016998925,0.328180168247652,0.521820221027653,"TDRD5"
"ENSG00000162783.11",2764.46057130926,0.204133916323174,0.0952680981569396,2.14273109542813,0.0321346969769336,0.115762197061864,"IER5"
"ENSG00000162804.14",1219.44535496564,-0.0563270815525394,0.101635605799856,-0.554206186987858,0.579437744586994,0.73847429645778,"SNED1"
"ENSG00000162813.18",2066.46055295545,0.112098047257548,0.0734079155758653,1.52705667199742,0.126746919740167,0.285178427986035,"BPNT1"
"ENSG00000162814.11",136.809531281319,-0.339765451254521,0.142047732047258,-2.39191042586645,0.0167609323992164,0.0758284715813441,"SPATA17"
"ENSG00000162817.7",1254.11091905058,0.112343652444711,0.141679306252463,0.792943270377976,0.427810875477562,0.615040481789208,"C1orf115"
"ENSG00000162819.12",3536.06788780945,0.0259936372239909,0.0617602898740053,0.420879456314396,0.673843107291188,0.807936894720998,"BROX"
"ENSG00000162825.16",105.444172096138,-0.203313937070488,0.0847176857629059,-2.3998995633508,0.0163995708545673,0.0747114001725654,"NBPF20"
"ENSG00000162836.12",1196.0582898225,0.125712145074579,0.0949394653742907,1.32412948165412,0.185460045830746,0.363406499934685,"ACP6"
"ENSG00000162840.4",16.3220301072821,0.723801835773972,0.182295692547247,3.97048238310062,7.17272599294904e-05,0.00173673866533275,"MT2P1"
"ENSG00000162843.17",11.2943790632175,0.00591469728981491,0.156171037581779,0.0378732022364755,0.969788779232307,0.984845590134859,"WDR64"
"ENSG00000162849.16",2155.12608847882,-0.139660093085508,0.145739814167922,-0.958283732436983,0.337919704527785,0.531285146559244,"KIF26B"
"ENSG00000162851.8",1041.43583437647,0.122959947118891,0.0783122684059518,1.57012368076859,0.116386340351313,0.269335966784885,"TFB2M"
"ENSG00000162852.14",1673.95860633104,-0.0795818825745901,0.0574142762847498,-1.38609920257287,0.165716613846788,0.337744628655871,"CNST"
"ENSG00000162869.16",1317.24804306058,-0.0452554147533477,0.0456365760073471,-0.991647899835034,0.321369314414179,0.515233968255381,"PPP1R21"
"ENSG00000162873.15",104.151491500077,0.00779980428306474,0.185491442442959,0.0420494022815272,0.966459315592392,0.983137474314135,"KLHDC8A"
"ENSG00000162877.13",22.419757254046,-0.0156089903760929,0.188945216965624,-0.0826111961274612,0.934160698486139,0.965425898720431,"PM20D1"
"ENSG00000162878.13",741.296728922714,0.206638027937924,0.15120617408539,1.36659782041195,0.171751400782092,0.346069132081311,"PKDCC"
"ENSG00000162881.6",69.1909923480135,-0.0763449139874881,0.11776677139591,-0.648272115152335,0.516808966153718,0.690731469697139,"OXER1"
"ENSG00000162882.15",211.292349660778,0.0231153366871519,0.0889543310542915,0.259856225247132,0.794974678731163,0.887056070616905,"HAAO"
"ENSG00000162885.14",968.842819557995,-0.0122258689051073,0.0685896591752961,-0.178246532379777,0.858529367247965,0.924128899152312,"B3GALNT2"
"ENSG00000162888.4",15.1567658329198,-0.269007776462985,0.16150268113148,-1.6656551741329,0.0957821150009146,0.238162546160143,"C1orf147"
"ENSG00000162889.11",8079.93831355698,0.0855832817364871,0.0528311175021291,1.61994078079151,0.105244998524222,0.252571306557121,"MAPKAPK2"
"ENSG00000162891.10",2.9272429944972,-1.00450165174686,0.310155517091066,-3.23870315501088,0.00120074472938453,0.0124848201984382,"IL20"
"ENSG00000162892.16",18.9771505473446,0.0489609756176111,0.144409977159464,0.339041502399425,0.734578465379114,0.84832359248905,"IL24"
"ENSG00000162894.12",558.398592691913,-0.342028313157956,0.122471754414846,-2.79271179540231,0.00522682380071245,0.0345957544328269,"FCMR"
"ENSG00000162896.6",36320.8677727888,-0.978013928108462,0.238910724778299,-4.09363760884332,4.24657854148061e-05,0.00116555102540407,"PIGR"
"ENSG00000162897.16",18.5690825641427,-0.545273875129466,0.218629641388981,-2.4940528268046,0.0126293746867584,0.0626177441156936,"FCAMR"
"ENSG00000162909.18",22787.9455000812,0.189410114834058,0.0758642269198941,2.49669867504296,0.0125355425796469,0.0622448398483578,"CAPN2"
"ENSG00000162910.19",1487.27497498387,0.20182038699345,0.0869512165449435,2.32107605865564,0.0202827392651606,0.085974780424946,"MRPL55"
"ENSG00000162913.10",34.4579325640543,0.0847658559288985,0.137088955601747,0.618327388642084,0.536359551264192,0.704975070676618,"OBSCN-AS1"
"ENSG00000162923.17",6874.5314392452,0.0118101731538543,0.0481465498387531,0.245296354430538,0.806226974285551,0.893324280456912,"WDR26"
"ENSG00000162924.15",861.840532842151,-0.169767591476565,0.124453226446741,-1.36410759546853,0.172533704605607,0.34712138188509,"REL"
"ENSG00000162927.14",525.705611392489,-0.173522844085715,0.0759704556984119,-2.28408323328437,0.0223666397679803,0.0915031380923282,"PUS10"
"ENSG00000162928.9",2228.8074986277,-0.0162917380894915,0.0547871629157882,-0.297364149235708,0.766188511163398,0.868760688242152,"PEX13"
"ENSG00000162929.14",712.311134662438,-0.296744694627607,0.081531471483891,-3.63963374175379,0.000273026104491464,0.00447776260927799,"KIAA1841"
"ENSG00000162931.12",186.545209654247,-0.0172502526218499,0.187087458914945,-0.0922042167973016,0.926535787799659,0.961573106492626,"TRIM17"
"ENSG00000162944.11",186.369287029428,-0.132758115291474,0.100120412675552,-1.32598449950149,0.184844831730442,0.362488133551817,"RFTN2"
"ENSG00000162946.23",340.570415203883,-0.066549055565157,0.0923089362358759,-0.720938386670441,0.470947423741496,0.651754274374429,"DISC1"
"ENSG00000162947.5",1.27080996895317,-0.181955953063223,0.439914692521757,-0.413616449180596,0.679155024645976,0.811655834429553,"LINC01931"
"ENSG00000162949.16",1990.59222380084,-0.16840694308155,0.196152015722159,-0.858553211709495,0.390587061090108,0.581435950139637,"CAPN13"
"ENSG00000162951.11",40.627686850348,0.0668270334474582,0.337440666859697,0.198040840985073,0.843013110006922,0.914692852022567,"LRRTM1"
"ENSG00000162959.13",119.791873179636,-0.182753841437448,0.110615078061831,-1.65216030797622,0.0985018754952247,0.242077429752898,"MEMO1"
"ENSG00000162961.14",2078.21842326956,0.0847568335935961,0.0765850810561926,1.1067016241898,0.268422952930912,0.460200504375039,"DPY30"
"ENSG00000162971.11",578.240045581477,-0.157248045188028,0.0686787997798426,-2.28961551005702,0.0220436150845335,0.0906540969290895,"TYW5"
"ENSG00000162972.10",586.127601947379,0.085906410021457,0.060228947569244,1.42633091708422,0.153772844320873,0.3223700841241,"MAIP1"
"ENSG00000162975.5",60.870674756658,0.0754177363979317,0.234605328726433,0.321466425367833,0.747856951775298,0.856792893855987,"KCNF1"
"ENSG00000162976.13",1608.67321586167,0.135366987469807,0.0785655572315004,1.72298131954867,0.084891903219486,0.220151591672094,"SLC66A3"
"ENSG00000162980.17",1825.61058336619,-0.0403054717521523,0.0682047451462798,-0.590948205520136,0.554555125375608,0.719484230160034,"ARL5A"
"ENSG00000162981.14",999.763303434758,0.0875340800426362,0.168432235489891,0.519699093157792,0.603273319062917,0.756830907060129,"LRATD1"
"ENSG00000162989.5",7.51440164499722,-0.172061029471053,0.281475550356763,-0.611282327196697,0.541012688756038,0.709131316801369,"KCNJ3"
"ENSG00000162992.4",42.4991202550927,-4.67618407885729,0.521532150173154,-8.96624316891058,3.06800196588848e-19,1.45918556357607e-15,"NEUROD1"
"ENSG00000162994.16",229.147702962066,-0.265957526572238,0.103342219717703,-2.57356119598308,0.0100657844264792,0.0539819846827919,"CLHC1"
"ENSG00000162997.15",79.293623042697,-0.137711175253887,0.0896592133133272,-1.53594003521574,0.124553087943072,0.281629075524774,"PRORSD1P"
"ENSG00000162998.5",751.439714279191,-0.534841757922637,0.137577190733554,-3.88757580432402,0.000101250372328322,0.00222063810667116,"FRZB"
"ENSG00000162999.13",169.04419408966,-0.191031860736386,0.100843924649553,-1.89433187373706,0.0581809728363436,0.171919688350083,"DUSP19"
"ENSG00000163001.12",1636.99623367827,-0.0262229877266522,0.060916607043338,-0.430473544069785,0.666851207435345,0.803324429176283,"CFAP36"
"ENSG00000163002.13",589.958087155971,-0.0667472998061313,0.0657058372494522,-1.01585038103578,0.309700640372396,0.503435546111918,"NUP35"
"ENSG00000163006.12",269.139559582536,-0.135075634488752,0.0860451419445287,-1.56982290267859,0.116456317821435,0.269454457518176,"CCDC138"
"ENSG00000163013.12",642.978444658937,0.0159672113329438,0.116322074583133,0.137267250349222,0.890819555796415,0.942098104059211,"FBXO41"
"ENSG00000163016.10",21.434592997441,-0.524068589201401,0.134248494275726,-3.90372042553447,9.47251977939443e-05,0.0021288868817272,"ALMS1P1"
"ENSG00000163017.14",1000.37277175712,0.182192535179645,0.161051097425359,1.13127161560687,0.257940787336738,0.448908658275066,"ACTG2"
"ENSG00000163026.12",457.642548486255,-0.0302020506169947,0.0577314680884815,-0.523147108795256,0.600871884845227,0.754813706454067,"WDCP"
"ENSG00000163029.16",1577.88900343288,-0.0438747732692496,0.0621031992731997,-0.70648169148644,0.479888634457046,0.659631406918724,"SMC6"
"ENSG00000163032.12",149.635031635847,-0.23957509345598,0.181879230141474,-1.31722073636241,0.187764645076359,0.366014140474761,"VSNL1"
"ENSG00000163040.15",199.591045147745,-0.0311330919261762,0.128162323440383,-0.24291922220541,0.808067974343087,0.894233241475965,"CCDC74A"
"ENSG00000163041.13",1669.31443561516,-0.0105750549874405,0.0643954629904931,-0.164220497785718,0.869557565265066,0.930232180080398,"H3-3A"
"ENSG00000163046.15",1.70622483225675,-1.02679275013398,0.496465615389217,-2.06820516528421,0.0386207347644936,0.13137837156578,"ANKRD30BL"
"ENSG00000163050.18",18.206718369641,-0.333080662606363,0.136085590143818,-2.44758215953912,0.0143818331768507,0.0683142205673978,"COQ8A"
"ENSG00000163053.11",1552.67513273241,0.320172147759245,0.21032773530428,1.52225357866405,0.127945554788633,0.286966564530877,"SLC16A14"
"ENSG00000163060.8",21.8491813048239,-1.1486892365734,0.227721394073266,-5.04427456738575,4.5524520053672e-07,4.15865185255348e-05,"TEKT4"
"ENSG00000163064.7",3.83871423299298,0.789431203785316,0.30804597582283,2.56270578337096,0.0103860019104759,0.0550380104525841,"EN1"
"ENSG00000163069.13",1490.58633686094,0.180695609284587,0.0880887887178087,2.0512895217965,0.0402387602827967,0.135096970466504,"SGCB"
"ENSG00000163071.11",623.573340073737,-0.85470056339787,0.187521478868971,-4.5578808814487,5.16723278290017e-06,0.000247173392300424,"SPATA18"
"ENSG00000163072.16",713.985105890173,-0.0183765932749619,0.144263525431608,-0.127382116997229,0.898637969502326,0.946064821611464,"NOSTRIN"
"ENSG00000163075.13",719.530763171431,-0.865050231641566,0.17868111990449,-4.84130742019057,1.289876428827e-06,9.02181847582716e-05,"CFAP221"
"ENSG00000163082.10",6791.63642762453,0.173571330868984,0.134977389482594,1.28592893620429,0.198467863928379,0.37893074222993,"SGPP2"
"ENSG00000163083.6",1374.43373508363,0.105124666620757,0.168528135658056,0.623781104622525,0.532771350471046,0.702366222033442,"INHBB"
"ENSG00000163092.21",3.56783432156814,-0.0799677474492511,0.301909039490781,-0.264873644009234,0.791106802411517,0.8842813084669,"XIRP2"
"ENSG00000163093.12",203.658604325684,-0.112978091280578,0.0727819598367731,-1.55228152050251,0.120594877611498,0.275694723966744,"BBS5"
"ENSG00000163104.18",1708.69834597522,-0.0341218872490292,0.0581336020438281,-0.586956356554408,0.557233018512855,0.721564069331649,"SMARCAD1"
"ENSG00000163106.11",172.406351218732,-0.0492582916465773,0.1664552529244,-0.295925125709005,0.767287262432775,0.869456548287375,"HPGDS"
"ENSG00000163110.15",4729.99421995645,0.147276354180869,0.0904522435784776,1.62822223478725,0.103477771771628,0.249915520899008,"PDLIM5"
"ENSG00000163116.10",11.6572606087181,-0.1886211605107,0.167293048355485,-1.12748953028756,0.259535564634995,0.450534403961506,"STPG2"
"ENSG00000163121.10",52.2310006359861,0.383479533310426,0.188354440425993,2.03594633841988,0.0417557440155416,0.138367073306403,"NEURL3"
"ENSG00000163125.15",3319.24997906554,-0.0221324124466541,0.0631149285136439,-0.350668422952734,0.725837117838864,0.842520780215449,"RPRD2"
"ENSG00000163126.15",34.9634113051989,-0.113621186716985,0.110556587902567,-1.02771973043451,0.304081683974253,0.497288117917026,"ANKRD23"
"ENSG00000163131.11",13119.0790615957,0.0949822036459231,0.104533866769585,0.908626137931777,0.363547504658516,0.556364952225286,"CTSS"
"ENSG00000163132.8",75.6036623557699,0.34969234977237,0.13431606836276,2.60350346786448,0.00922763341048344,0.0508446852543468,"MSX1"
"ENSG00000163138.19",610.827920099791,-0.0139514765241833,0.0673146133221413,-0.207257768196885,0.835808554101494,0.910674636460958,"PACRGL"
"ENSG00000163141.20",568.014650971768,0.103053533362552,0.180187212256253,0.571924789068794,0.567372929237743,0.729241668266694,"BNIPL"
"ENSG00000163145.13",239.786132936442,-0.303617095940933,0.191692614548228,-1.58387477084854,0.11322221969632,0.26486139406616,"C1QTNF7"
"ENSG00000163154.6",298.915017364052,0.0601490459862072,0.117405195592744,0.512320137814451,0.608426973679494,0.760889133635772,"TNFAIP8L2"
"ENSG00000163155.12",508.996803634043,0.0767877373928949,0.0789224651496318,0.972951582889745,0.330577366195586,0.524190905541514,"LYSMD1"
"ENSG00000163156.12",1339.36657191797,0.135494092379443,0.076507419655085,1.77099283952178,0.0765618924589409,0.205665768205423,"SCNM1"
"ENSG00000163157.15",24.8293055808869,-0.225210827978898,0.111570831358835,-2.01854575462088,0.0435344539914965,0.14239713144615,"TMOD4"
"ENSG00000163159.14",2553.58402644555,0.108426499512262,0.074529624739661,1.45481075332133,0.145721660375578,0.311533502785854,"VPS72"
"ENSG00000163161.14",2483.58256675753,0.0143486207872097,0.0411371719094033,0.34879939775174,0.727239915578054,0.843300425249561,"ERCC3"
"ENSG00000163162.9",3606.71551070172,0.14625481762862,0.0552140989290918,2.64886723618267,0.00807620514326671,0.0464155017419394,"RNF149"
"ENSG00000163166.15",2505.15858529439,0.0473855192408734,0.0439057629823144,1.07925511418537,0.280474016471838,0.4729513402064,"IWS1"
"ENSG00000163170.12",229.005595646555,0.286478697461264,0.10026012409072,2.85735430770108,0.00427188696209316,0.0300748338178956,"BOLA3"
"ENSG00000163171.8",3744.00649620433,-0.144668915924234,0.104815221791433,-1.38022811431058,0.167516420269884,0.340027080846558,"CDC42EP3"
"ENSG00000163191.6",24713.5321074623,0.413059516636714,0.1013253019779,4.076568325716,4.57052296503578e-05,0.00122714855705594,"S100A11"
"ENSG00000163202.5",0.57649203045258,1.77700726515379,0.703103241359445,2.52737743281905,0.0114917928143361,0.0588402741959728,"LCE3D"
"ENSG00000163207.7",431.635831815468,0.435744381228225,0.335920743285574,1.29716425656331,0.194574676254262,0.374146626806812,"IVL"
"ENSG00000163209.15",49.6611959933068,0.782494536348288,0.392894807174031,1.99161333278117,0.0464134993645901,0.14847594373576,"SPRR3"
"ENSG00000163214.21",1235.18280077385,-0.00779798887477116,0.0520923357203667,-0.149695512150406,0.881004849068237,0.936533555989298,"DHX57"
"ENSG00000163216.7",99.835736067959,-0.275713296295041,0.363204735344005,-0.759112614635661,0.447785193707556,0.632228251832958,"SPRR2D"
"ENSG00000163218.15",91.3579314916035,-0.0954202342931156,0.253082713013502,-0.377031813658584,0.706149962698874,0.829330136451729,"PGLYRP4"
"ENSG00000163219.12",893.035990661369,-0.157197597236895,0.094915526553642,-1.65618421921785,0.0976845180290906,0.24081530238745,"ARHGAP25"
"ENSG00000163220.11",13139.9942576891,0.411473612361702,0.210417161764,1.95551355655678,0.0505224848482254,0.156775569769034,"S100A9"
"ENSG00000163221.9",39.3879946758791,0.372629167186676,0.212681280478361,1.7520543714452,0.0797644591177701,0.211449807899349,"S100A12"
"ENSG00000163235.16",1955.17851251379,0.408707205042372,0.15382377806013,2.65698327135489,0.00788433552829395,0.0456430503814103,"TGFA"
"ENSG00000163239.12",215.880433525538,-0.103292834528667,0.185886437773583,-0.555677088473137,0.578431621977532,0.737730768866762,"TDRD10"
"ENSG00000163249.13",1287.35406722055,0.0819183016669929,0.0619973362654802,1.3213196985788,0.186394788512977,0.36439000187419,"CCNYL1"
"ENSG00000163251.4",2104.28351816338,-0.189376415084557,0.0907998323736239,-2.08564718826032,0.0370105935500632,0.127820922309362,"FZD5"
"ENSG00000163257.11",1682.52548981404,-0.15514478434034,0.0604553232030652,-2.56627168825514,0.0102798274612268,0.0546892124326622,"DCAF16"
"ENSG00000163263.7",34.91618406767,-0.997496705081752,0.233325479861841,-4.27512977010655,1.91025995373405e-05,0.000646981532448297,"C1orf189"
"ENSG00000163273.4",5.87980307579477,-0.822531184681124,0.241877417007442,-3.40061174316169,0.000672352494913377,0.0082875348438175,"NPPC"
"ENSG00000163281.12",743.902677011527,0.097347466339487,0.066215664040123,1.47015766964898,0.141519056295386,0.305567263109459,"GNPDA2"
"ENSG00000163283.7",101.891717096481,1.18111121547816,0.275887326906907,4.28113617511942,1.85941526549984e-05,0.000632334141310378,"ALPP"
"ENSG00000163285.8",1.07836006107064,0.0166219108845796,0.357885897135106,0.0464447216770451,0.962955792206892,0.981517692885594,"GABRG1"
"ENSG00000163286.9",95.7000094718277,-0.329216597896907,0.296282051587319,-1.11115943788408,0.266499727249013,0.458087033457266,"ALPG"
"ENSG00000163288.14",2.42950964813809,-0.395450912674215,0.369151098972327,-1.07124403469231,0.284059716645497,0.476769517356247,"GABRB1"
"ENSG00000163291.14",925.592642549271,0.135033054634479,0.0935626765679467,1.44323633726335,0.14895390659122,0.315713957344654,"PAQR3"
"ENSG00000163293.12",230.698769863913,0.460915247593124,0.120366047746211,3.82927957030667,0.000128518940440257,0.00262340961623389,"NIPAL1"
"ENSG00000163295.5",0.88877669602102,1.18037153182417,0.509174880677235,2.31820456314381,0.0204382061615078,0.0864812329611041,"ALPI"
"ENSG00000163297.17",3099.01111114579,0.300681460268664,0.0935310949075404,3.21477537032899,0.0013054663528669,0.0132416470076061,"ANTXR2"
"ENSG00000163312.11",477.093448135015,-0.0881412895598549,0.0484905976129077,-1.81769856217224,0.0691102176372165,0.192558915038568,"HELQ"
"ENSG00000163319.11",203.036367413409,0.0632888589783541,0.0665299127029265,0.951284263079609,0.341460093378073,0.534799402024566,"MRPS18C"
"ENSG00000163320.12",3831.29028886267,-0.0496576068268855,0.0496973089046109,-0.999201122181452,0.317697272379123,0.511470490202894,"CGGBP1"
"ENSG00000163322.14",293.159664870534,-0.0623103404420827,0.084973242008297,-0.733293669505967,0.463379335268899,0.645602854141019,"ABRAXAS1"
"ENSG00000163328.14",551.317084593722,-0.333453139097659,0.0976177513480895,-3.415906784296,0.000635700037882877,0.00795842233979372,"GPR155"
"ENSG00000163331.12",17.9833296474734,-1.02226235860187,0.22806784720117,-4.48227302158982,7.38521750393069e-06,0.00031849228802897,"DAPL1"
"ENSG00000163344.6",2126.29396524881,0.130936722372575,0.0774951414094125,1.68961201942747,0.0911022049381434,0.230528669833975,"PMVK"
"ENSG00000163346.17",9637.79215212797,-0.0452386987235298,0.0888827535055444,-0.508970491341808,0.610772908092323,0.762386595266527,"PBXIP1"
"ENSG00000163347.6",4328.203785185,0.200737153356194,0.163302247535721,1.22923692959146,0.218982986577684,0.403107407504746,"CLDN1"
"ENSG00000163348.4",3330.17140806132,0.04403700035913,0.0654821142342172,0.672504253628983,0.501262733094476,0.677707215143732,"PYGO2"
"ENSG00000163349.22",4103.27081679063,-0.167054481256396,0.0687388629874405,-2.43027705138094,0.0150872850739914,0.0706371792952324,"HIPK1"
"ENSG00000163352.5",4.25517787621822,-0.27115537221907,0.231217967369828,-1.17272621718607,0.24090561440392,0.428856305226697,"LENEP"
"ENSG00000163354.15",101.792116951942,-0.040756613815824,0.163429043835652,-0.249384153876649,0.80306364139,0.89171856761489,"DCST2"
"ENSG00000163357.11",39.8845245412487,-0.0682709818722101,0.16046495383936,-0.425457274244165,0.670503361652877,0.805712424005964,"DCST1"
"ENSG00000163359.16",35096.752101461,0.11137163692877,0.131073508044923,0.8496883816568,0.395498359568806,0.586117603557051,"COL6A3"
"ENSG00000163362.11",1731.02967594517,0.398120277393628,0.135048394026028,2.94798231600517,0.00319855361289707,0.0247247377372144,"INAVA"
"ENSG00000163364.10",125.33495912994,1.14350736633553,0.219732659903589,5.20408466741929,1.94955113518518e-07,2.36884693225256e-05,"LINC01116"
"ENSG00000163374.19",1944.4059514772,-0.0546409246423489,0.0501335826071414,-1.08990664143291,0.275754270748474,0.468163535748543,"YY1AP1"
"ENSG00000163376.11",178.094129276643,-0.374055901681873,0.108350060163407,-3.45229066894607,0.000555848586621854,0.00724583672451111,"KBTBD8"
"ENSG00000163377.16",4.14637159597074,-0.238585800171214,0.271363270714874,-0.879211838590715,0.379286426671945,0.570918844524326,"TAFA4"
"ENSG00000163378.14",1314.26604023569,-0.046519863972584,0.0742702859396773,-0.626359026143614,0.531079478404401,0.701024069245807,"EOGT"
"ENSG00000163380.16",30.9926304141273,-0.0351676321320163,0.108606565694327,-0.323807606908365,0.746083696751067,0.855479238058658,"LMOD3"
"ENSG00000163382.12",5362.79312778756,0.137546101137771,0.0986546458073447,1.39421818417325,0.163251728386764,0.33464230323065,"NAXE"
"ENSG00000163389.12",832.133966525858,0.0130867731905542,0.0555589444591,0.23554754896735,0.813783778061001,0.898127798391893,"POGLUT1"
"ENSG00000163393.13",392.153328609662,-0.388172103873704,0.112386791166597,-3.45389435755218,0.000552553779929879,0.00721701569054745,"SLC22A15"
"ENSG00000163394.6",1.82562963896805,-1.66092349123305,0.479319749176988,-3.46516807222094,0.000529900202633323,0.00701191074971034,"CCKAR"
"ENSG00000163395.17",53.751929479325,-0.330256480114661,0.195919716792103,-1.68567250668858,0.0918588951684868,0.231644132772515,"IGFN1"
"ENSG00000163399.16",11953.7329339614,-0.0634552926480476,0.0966923446694907,-0.656259736641485,0.51165701900465,0.686574387720037,"ATP1A1"
"ENSG00000163406.11",1342.4423448168,-0.334328494663949,0.152039490723307,-2.19895826454974,0.0278808900547045,0.105457676958791,"SLC15A2"
"ENSG00000163412.13",1273.30053525543,-0.048188963872835,0.0959662037199246,-0.50214515115627,0.61556542167921,0.765988397830908,"EIF4E3"
"ENSG00000163421.9",18.1168424919606,0.00646045360743298,0.209428493458477,0.0308480164315076,0.975390747047795,0.987799177998628,"PROK2"
"ENSG00000163424.9",6.27669233775452,0.557654512621342,0.323431855058939,1.72417930979532,0.0846754780496314,0.219789551535603,"TEX55"
"ENSG00000163428.4",2244.47702365703,0.0529174683196317,0.0694813279018047,0.761607037712607,0.446294573207682,0.630987142254262,"LRRC58"
"ENSG00000163430.12",11073.3283876806,0.187827904457203,0.108747779107122,1.72718841708191,0.0841338303840423,0.218987382923612,"FSTL1"
"ENSG00000163431.13",784.230133597311,-0.0212108643452993,0.138474595584711,-0.153175131190932,0.878260168655939,0.935048952545879,"LMOD1"
"ENSG00000163435.16",9419.58763692934,0.0570045775949595,0.11009510529065,0.51777576709217,0.604614727704843,0.757778887022514,"ELF3"
"ENSG00000163440.12",2.21962453523998,-0.773084482061568,0.398544479890645,-1.93976963944825,0.0524076919329375,0.160730341186403,"PDCL2"
"ENSG00000163444.12",1802.27996013775,0.0901168035763286,0.0698214005372092,1.29067596586384,0.196816062029907,0.37691892757096,"TMEM183A"
"ENSG00000163449.11",68.0975166608809,0.0620265285782035,0.142329023356049,0.435796769454662,0.662984187951327,0.800316626884102,"TMEM169"
"ENSG00000163453.11",8483.18781470131,0.100026386512279,0.106685695041944,0.937580117680758,0.348460232977594,0.54221754236881,"IGFBP7"
"ENSG00000163462.18",288.312125464773,-0.116369178633194,0.137310256775609,-0.847490794685229,0.396721615835007,0.587207253634237,"TRIM46"
"ENSG00000163463.13",216.115937881056,-0.2655020030528,0.119596250334671,-2.21998601385775,0.0264197170299356,0.101998571859703,"KRTCAP2"
"ENSG00000163464.8",75.6475694816964,0.055974717085982,0.226019515437009,0.247654353995737,0.80440185198761,0.892341425370635,"CXCR1"
"ENSG00000163466.16",12922.6848422366,0.161458995544379,0.0547893649466722,2.94690394206122,0.00320972893650737,0.0247873404664981,"ARPC2"
"ENSG00000163467.12",36.5015497475586,0.139197690815157,0.153865237695671,0.904672770144974,0.365638770890405,0.558352976756914,"TSACC"
"ENSG00000163468.15",14321.2036253066,0.129902177751418,0.0851011396053874,1.5264446322784,0.126899169460849,0.2854052589921,"CCT3"
"ENSG00000163472.19",394.562415622553,0.100550552335355,0.0922046988357182,1.09051440550233,0.275486611176171,0.467972843606613,"TMEM79"
"ENSG00000163479.14",10132.5316078918,0.0588005522408744,0.0784411305127877,0.749613778593981,0.453487349885928,0.636668395873839,"SSR2"
"ENSG00000163481.8",897.14128949258,0.10538638851483,0.0572364336836076,1.84124659298981,0.0655854302650256,0.186133810400946,"RNF25"
"ENSG00000163482.12",1134.38864465713,-0.190626884539717,0.0804334547547605,-2.36999498679913,0.0177883264529577,0.0790267884438643,"STK36"
"ENSG00000163485.17",398.570623210551,0.570271656674106,0.187204446437545,3.04625059674723,0.00231714623887626,0.0198010137913007,"ADORA1"
"ENSG00000163491.16",116.003740242787,-0.945383384447881,0.187279751937285,-5.04797435210435,4.46519072390645e-07,4.12943318808382e-05,"NEK10"
"ENSG00000163492.15",128.164710439699,-0.105683209150269,0.21879438310996,-0.483025238802204,0.629077815805107,0.775814480723049,"CCDC141"
"ENSG00000163497.3",2.02544533025614,0.750866875325012,0.336175487375408,2.23355629283737,0.0255122824756368,0.0997745119771382,"FEV"
"ENSG00000163499.12",7.39339361162326,-0.00542393895279269,0.321984787095288,-0.0168453267675268,0.986560009486744,0.993307169128322,"CRYBA2"
"ENSG00000163501.7",61.3443621863797,-0.542536136963681,0.264553817828132,-2.05075905317738,0.0402904169449582,0.13520702059757,"IHH"
"ENSG00000163507.14",448.801507530294,0.214466545183092,0.129489360334025,1.6562483946933,0.0976715264218079,0.240812494197735,"CIP2A"
"ENSG00000163508.13",130.469735933407,-0.24802197574495,0.147825696593067,-1.67780014883138,0.0933861202988229,0.234207465394253,"EOMES"
"ENSG00000163510.14",1381.18443868667,0.0239598059412953,0.0420654560738982,0.569583886103697,0.568959960235939,0.73047165869084,"CWC22"
"ENSG00000163512.14",650.428207008271,0.0170824982591893,0.049139579896612,0.347632159150124,0.728116451381681,0.843875966575586,"AZI2"
"ENSG00000163513.19",9857.58603371313,-0.0539984701802695,0.109289396460708,-0.494087001383371,0.621244737513812,0.769971898129561,"TGFBR2"
"ENSG00000163515.6",4.31737395877343,-0.258200467924792,0.367504684681622,-0.702577351220646,0.482319181195355,0.662066734457422,"RETNLB"
"ENSG00000163516.14",1744.50364585687,-0.0637502185620622,0.0707155026897074,-0.901502727652122,0.367321084208834,0.55986910481915,"ANKZF1"
"ENSG00000163517.15",1026.46575276719,0.0830784184870891,0.0831572068371002,0.999052537320482,0.317769241538535,0.511556083291062,"HDAC11"
"ENSG00000163518.11",22.5362611427385,-0.621041067494157,0.21266432916394,-2.92028790129353,0.00349708151837187,0.0263174355766624,"FCRL4"
"ENSG00000163519.14",108.059016839133,-0.342532128152247,0.147165066427747,-2.32753693839712,0.0199367053727413,0.0850894858506993,"TRAT1"
"ENSG00000163520.14",3212.81311179001,0.0897821900577151,0.127972970259085,0.701571510577185,0.482946423743344,0.662419708793186,"FBLN2"
"ENSG00000163521.16",457.715603301038,-0.113499659794574,0.0812614585549647,-1.39672191236641,0.162497212190459,0.33370464381057,"GLB1L"
"ENSG00000163527.10",9267.07271721334,-0.0221041255236158,0.0513397430904872,-0.430546087553591,0.66679844890589,0.803289939188877,"STT3B"
"ENSG00000163528.13",556.34149805156,0.170369101749052,0.0586228685780135,2.90618841898414,0.00365861068628883,0.0270560030161293,"CHCHD4"
"ENSG00000163530.4",2.45152438048583,-0.201273027537884,1.10067598349516,-0.182863104633889,0.854905432942393,0.922306110789082,"DPPA2"
"ENSG00000163531.15",478.320020741196,-0.368698778631873,0.149913868439336,-2.45940407295319,0.0139167883517889,0.0668781227765744,"NFASC"
"ENSG00000163534.15",83.2528331249082,-0.638425060640458,0.191881486682815,-3.32718425147389,0.00087728346431227,0.0100403569533683,"FCRL1"
"ENSG00000163535.18",480.742671713071,0.164558332126869,0.108418773066346,1.51780293645427,0.129064084628021,0.288433910604359,"SGO2"
"ENSG00000163536.13",331.657618316546,-0.0641539730532288,0.107901494580123,-0.594560560100408,0.552137249992854,0.717386257571499,"SERPINI1"
"ENSG00000163539.17",1808.76833138544,-0.130317322952629,0.0596886671655493,-2.18328418343114,0.0290148885864753,0.108270868158431,"CLASP2"
"ENSG00000163541.12",2947.78290400144,-0.0160511204133554,0.0653605559211131,-0.245578088912345,0.806008852402552,0.893217937218006,"SUCLG1"
"ENSG00000163545.11",995.956738270212,-0.0798382282078972,0.0953046251961366,-0.837716197336597,0.402190114327496,0.59196203656812,"NUAK2"
"ENSG00000163554.15",8.24909215599996,0.701929898720071,0.21145651881938,3.31949992669482,0.000901788284240466,0.010245628853675,"SPTA1"
"ENSG00000163558.13",3263.95452398536,0.0108485542842805,0.0760392701947219,0.14267041564838,0.886550482547288,0.939655875583474,"PRKCI"
"ENSG00000163563.8",980.808077795811,-0.0556960862420656,0.132765405570678,-0.419507521576587,0.674845258862181,0.808740621406666,"MNDA"
"ENSG00000163564.15",139.418150856625,-0.319859271752377,0.133349956328785,-2.39864549309442,0.0164558376381932,0.0748857575845226,"PYHIN1"
"ENSG00000163565.19",5781.11812452866,0.0445137687319353,0.114813722799841,0.387704253868136,0.698234907430231,0.823760813783732,"IFI16"
"ENSG00000163568.15",496.045514193534,-0.0542076785031575,0.203124277076063,-0.266869520883801,0.789569624617562,0.883423225984423,"AIM2"
"ENSG00000163576.18",98.3037719214192,-0.890822468954934,0.187116674054277,-4.76078614296304,1.92840307759185e-06,0.000120663657810572,"EFHB"
"ENSG00000163577.8",336.555536826652,0.119120450953372,0.109558271456103,1.08727939360654,0.276913352578781,0.469560511916752,"EIF5A2"
"ENSG00000163581.14",2.26871128202922,-0.497612550155833,0.527722924699079,-0.942942833949433,0.345710143907507,0.539324671810723,"SLC2A2"
"ENSG00000163584.18",1324.31304020131,0.286089669623329,0.117541153316322,2.43395322873356,0.0149349247731398,0.0701705405690293,"RPL22L1"
"ENSG00000163586.10",3.14472973018995,0.701054733941168,0.463259258325587,1.51330971015037,0.130201007355508,0.290107223791121,"FABP1"
"ENSG00000163590.14",651.056380213159,0.0173451227300948,0.119526711856994,0.145115032954702,0.88462004934438,0.938702122861897,"PPM1L"
"ENSG00000163596.16",227.241697006787,-0.313942939300822,0.114718028782015,-2.73664865613555,0.0062068544364546,0.0388211168049752,"ICA1L"
"ENSG00000163597.15",1111.88925442303,0.0613634967567028,0.0695455677636187,0.882349497314821,0.377587837249045,0.569159543773429,"SNHG16"
"ENSG00000163599.17",200.119047584459,-0.369842233158068,0.132385522561726,-2.79367581893726,0.00521126916366319,0.0345133845764549,"CTLA4"
"ENSG00000163600.13",152.468751870988,-0.287250994183215,0.131861629059415,-2.1784274639424,0.029374227058658,0.109137884191974,"ICOS"
"ENSG00000163602.11",2664.29613969584,-0.086585349724733,0.0631094772725689,-1.37198648232772,0.170067645966016,0.343592580687334,"RYBP"
"ENSG00000163605.15",2752.9739336427,-0.0227768975163293,0.0582134899288313,-0.391264937803508,0.695601412810006,0.822337115143936,"PPP4R2"
"ENSG00000163606.11",125.54712269438,-0.303420239119896,0.124087242308835,-2.44521703822483,0.0144764995553809,0.0686305158891037,"CD200R1"
"ENSG00000163607.17",387.87650868356,-0.0070686442391978,0.062572014058855,-0.112968143115052,0.910055811611543,0.95221371306399,"GTPBP8"
"ENSG00000163608.15",1748.43092270697,-0.0155135661371775,0.0437806922011081,-0.354347210087848,0.723078691394793,0.841225455544446,"NEPRO"
"ENSG00000163611.11",127.485798784544,-0.231165904402245,0.117005353792094,-1.97568655544602,0.0481902885686434,0.152032528884284,"SPICE1"
"ENSG00000163617.11",354.949231581492,-0.248148846479841,0.0913687102822733,-2.7159061971348,0.00660946417173311,0.0405265129613914,"CCDC191"
"ENSG00000163618.18",52.7817989537422,0.186500142097187,0.208066986921086,0.896346627867121,0.370067663064376,0.56246955786395,"CADPS"
"ENSG00000163623.9",14.0721232210583,0.222316901413745,0.241239682800896,0.921560245945239,0.356758002676666,0.550140999681067,"NKX6-1"
"ENSG00000163624.6",2179.26104073604,0.0155773675239028,0.077828000430861,0.200151197996422,0.84136233316645,0.913591643373358,"CDS1"
"ENSG00000163625.16",2612.63573583808,-0.0581596565207967,0.0778477649673083,-0.747094750186091,0.455006368918594,0.638262704997336,"WDFY3"
"ENSG00000163626.17",1027.1597446055,0.0489749306485141,0.0648997545298415,0.754624281760495,0.4504744500436,0.634149930879559,"COX18"
"ENSG00000163629.13",4105.12623181972,-0.184182389406225,0.167854956263778,-1.09727108156871,0.272522908421762,0.464748383979799,"PTPN13"
"ENSG00000163630.11",5.15088227814724,-1.25394211427003,0.330698884090493,-3.79179421097441,0.000149562826408888,0.00290513137668092,"SYNPR"
"ENSG00000163631.17",57.4012802967662,-0.506285500629662,0.266660045079017,-1.89861777185119,0.0576147500240979,0.170914004504348,"ALB"
"ENSG00000163632.14",10.1325963970575,-0.435594904949034,0.163780437312287,-2.65962719417134,0.00782271863543617,0.0453810370325103,"C3orf49"
"ENSG00000163634.12",1789.89239618807,0.0837833989082383,0.0621668419817966,1.34771843377168,0.177748960854399,0.353765910672256,"THOC7"
"ENSG00000163635.20",1859.82889841208,-0.309237761494448,0.0763327870989581,-4.05117870376658,5.09602671581139e-05,0.00133727786360172,"ATXN7"
"ENSG00000163636.11",2466.21693964464,-0.0105856186350991,0.0427978031629199,-0.247340233675136,0.804644923888352,0.892451821873371,"PSMD6"
"ENSG00000163637.13",768.439541770103,-0.185212081648281,0.11258490243653,-1.64508808587985,0.0999516471812502,0.244269998502926,"PRICKLE2"
"ENSG00000163638.13",822.68199453972,0.129316079739025,0.136701134061658,0.945976641866758,0.344160500140853,0.537550258676812,"ADAMTS9"
"ENSG00000163644.15",1276.08244165202,-0.164326648417583,0.0907553235860208,-1.81065574915645,0.0701941566856763,0.194375285580656,"PPM1K"
"ENSG00000163655.16",3167.20207470674,0.177642738673542,0.0656862199223131,2.70441408995128,0.00684249606084203,0.0415375986064857,"GMPS"
"ENSG00000163659.13",3908.00973017856,0.163395190209651,0.129571941562663,1.26103837172672,0.207295022614191,0.388881117253297,"TIPARP"
"ENSG00000163660.12",3750.9641418947,-0.280111420154589,0.0825947902882266,-3.39139332126274,0.000695382282339394,0.00852092834962291,"CCNL1"
"ENSG00000163661.4",159.498256686373,1.10991719828521,0.188713293676747,5.88149979612152,4.0656544890612e-09,1.27696070664448e-06,"PTX3"
"ENSG00000163666.10",36.3282957162111,-0.0746799741464742,0.0945100403481239,-0.790180322338172,0.429422466219851,0.616080417472097,"HESX1"
"ENSG00000163673.7",18.3155344141633,0.372572535757759,0.138880856986015,2.68267739588672,0.00730354054514231,0.0433056622691652,"DCLK3"
"ENSG00000163681.16",2558.9261713611,0.0801566245944671,0.0592766700944154,1.35224573962732,0.176296715961423,0.35190638314669,"SLMAP"
"ENSG00000163682.17",22997.809496157,0.204229844049848,0.111362141830199,1.83392525227515,0.0666650905200441,0.188123483529736,"RPL9"
"ENSG00000163683.12",7179.37139872946,0.0611485304593351,0.0796525850098981,0.767690470456627,0.442671099037631,0.627541738409666,"SMIM14"
"ENSG00000163684.12",235.340658131066,-0.162529374380928,0.0537686233417504,-3.02275498756776,0.00250484956799851,0.0209322180389996,"RPP14"
"ENSG00000163686.15",401.035063845252,-0.00927815056547988,0.0874025686187138,-0.106154209333996,0.915460001248589,0.955147362499026,"ABHD6"
"ENSG00000163687.14",246.595142973014,-0.63676064854656,0.237024923791809,-2.68647127213449,0.00722111575651727,0.0430063167668658,"DNASE1L3"
"ENSG00000163689.20",162.369566855976,0.0313109802290311,0.13160208049899,0.237921620314136,0.811941886357837,0.896850841793951,"CFAP20DC"
"ENSG00000163694.15",6415.81026686241,0.0849541057320737,0.0647832569052077,1.31135898055234,0.189736510396296,0.368418152375124,"RBM47"
"ENSG00000163697.17",1813.79208796037,0.0640329404978162,0.0886000097572755,0.722719339120141,0.469852331678313,0.650725640773996,"APBB2"
"ENSG00000163701.19",991.641256268076,-0.154227411474333,0.122871097069911,-1.25519682945926,0.209407316225063,0.39163002915858,"IL17RE"
"ENSG00000163702.20",1014.21637172699,0.199916593240877,0.0747418460546903,2.67476124545537,0.00747824862788331,0.044058278458347,"IL17RC"
"ENSG00000163703.19",92.4783557123705,-0.203255875249677,0.0879539008973042,-2.31093644711677,0.020836365518553,0.0874234552248498,"CRELD1"
"ENSG00000163704.12",250.563593238207,-0.167651421160603,0.107072567643118,-1.56577380043223,0.117401581842413,0.270963664768074,"PRRT3"
"ENSG00000163710.9",485.749183785017,0.449292956053753,0.200272004889282,2.24341368281673,0.0248701503601344,0.0982092178792497,"PCOLCE2"
"ENSG00000163714.18",4534.62244082151,0.0272715605193844,0.0612314349694812,0.445384964977173,0.656041575670522,0.795090218577564,"U2SURP"
"ENSG00000163719.20",2028.71256760848,0.123698923222132,0.0502447688763962,2.46192640524301,0.0138193019848251,0.0665730026017625,"MTMR14"
"ENSG00000163728.11",1073.84615635096,-0.235049841634185,0.080650565340696,-2.91442274014142,0.00356347000299071,0.0266125183511821,"TTC14"
"ENSG00000163734.4",373.430425360049,0.04608985584941,0.174951918129129,0.263442986749032,0.792209161733874,0.885008376001807,"CXCL3"
"ENSG00000163735.7",809.322097530332,0.94802138898071,0.238847628435175,3.96914717216047,7.21303237465176e-05,0.00174396141502746,"CXCL5"
"ENSG00000163736.4",109.298632100683,0.225499109034143,0.271722311703605,0.829888085451436,0.406602061845567,0.596264918514049,"PPBP"
"ENSG00000163737.4",19.3342791803849,0.277957525886658,0.240847130331343,1.1540827806595,0.248466232216035,0.438029455608601,"PF4"
"ENSG00000163738.18",522.047012660056,-0.0453857818654196,0.0930639834965441,-0.487683636141634,0.62577394430864,0.773688797083614,"MTHFD2L"
"ENSG00000163739.5",1414.27617756851,0.275323048630543,0.190600986352105,1.44449960044765,0.148598492044776,0.315266839274834,"CXCL1"
"ENSG00000163743.13",993.550253017859,-0.0019469915945529,0.0666643106149745,-0.0292059060776601,0.976700370875619,0.98824718719797,"RCHY1"
"ENSG00000163746.12",17.6039127873307,0.0851311965246727,0.176499591034057,0.482330842955019,0.629570940350279,0.776059181292752,"PLSCR2"
"ENSG00000163749.17",28.8707888170256,-0.0135667211530718,0.148470721636448,-0.0913764074393862,0.927193507446667,0.961940499492208,"CCDC158"
"ENSG00000163751.4",1445.47516447403,-0.211755648705334,0.17727201189156,-1.19452386446016,0.232273111323024,0.418909463449482,"CPA3"
"ENSG00000163754.18",2103.49762476334,0.182417750612637,0.0666778197925422,2.73580856692978,0.00622272146713538,0.0388912752410858,"GYG1"
"ENSG00000163755.9",1497.01221691482,0.101137127974741,0.06976128751816,1.44976005421938,0.147125442412201,0.313187170986535,"HPS3"
"ENSG00000163762.7",525.549721928005,0.269407145092322,0.155343035158255,1.73427244303463,0.082869754545909,0.216798895025691,"TM4SF18"
"ENSG00000163781.14",2004.5137029625,0.00680768420488706,0.0759360931257152,0.089650177203832,0.928565209265526,0.962392995029588,"TOPBP1"
"ENSG00000163785.13",2894.59013292153,-0.0739438761514978,0.0573537624305382,-1.28925937929621,0.197307927790964,0.377554196398887,"RYK"
"ENSG00000163788.14",1414.31243070783,-0.0829376662379217,0.0758415492474471,-1.09356503210822,0.274145792523338,0.466765667918558,"SNRK"
"ENSG00000163792.6",3.43965460556388,0.26317675489628,0.223457816431269,1.17774691930379,0.238897515731941,0.426398702153194,"TCF23"
"ENSG00000163793.13",2.77933975534715,-0.516549093201333,0.24682876760739,-2.0927426661343,0.0363721323382465,0.126165597201213,"DNAJC5G"
"ENSG00000163794.6",47.8094703204093,0.394576477067193,0.146901371806093,2.68599586386453,0.0072313983988733,0.0430257039398647,"UCN"
"ENSG00000163795.14",716.679355235139,0.0244533316985172,0.0789921818894668,0.309566480043995,0.756890649924261,0.862482815070966,"ZNF513"
"ENSG00000163798.13",1528.65261807964,0.0918450920744962,0.0487415242364304,1.88432950165825,0.0595204192545985,0.174683825656149,"SLC4A1AP"
"ENSG00000163803.13",248.035198961949,0.369421028026452,0.106199211861614,3.47856656891049,0.000504103213768114,0.00679478068663231,"PLB1"
"ENSG00000163806.16",33.6715138253073,-0.413105025252855,0.157430012778663,-2.62405508302698,0.00868897316009611,0.0488229729434527,"SPDYA"
"ENSG00000163807.6",1198.50720902757,-0.0655071621689763,0.0445823054808399,-1.46935340069233,0.141736959674286,0.305862626292195,"KIAA1143"
"ENSG00000163808.17",366.810384737285,0.086302571359767,0.134625168801643,0.641058222084203,0.521484856298379,0.694263113283182,"KIF15"
"ENSG00000163810.12",9.21725692452711,0.182116363076707,0.19027110318755,0.957141468282736,0.338495855425926,0.531983691214849,"TGM4"
"ENSG00000163811.12",2334.7713912303,0.078525840450838,0.0686439152130376,1.14395923086747,0.252640545038608,0.442809248011076,"WDR43"
"ENSG00000163812.15",4387.50635708475,0.00406957946921521,0.0773436301062371,0.0526168666201127,0.958037177966596,0.978733062261557,"ZDHHC3"
"ENSG00000163814.8",3682.32484930662,0.579726538809257,0.120922886158318,4.79418377469299,1.63338490514075e-06,0.000107258942104242,"CDCP1"
"ENSG00000163815.6",491.581109365174,-0.159242421539877,0.233278516650023,-0.682627889728829,0.494842006137282,0.672224020889416,"CLEC3B"
"ENSG00000163817.16",338.744712484003,0.295891927247107,0.222878767908829,1.32759136288901,0.184313139412011,0.36192310757871,"SLC6A20"
"ENSG00000163818.17",1065.16702705628,-0.138899442083403,0.0663076342850246,-2.09477300134614,0.0361911762341995,0.125753921258079,"LZTFL1"
"ENSG00000163820.15",2928.5454263951,-0.170551242998594,0.0730874652833229,-2.33352247663062,0.0196207400567828,0.0842349546848779,"FYCO1"
"ENSG00000163823.4",999.923540326898,0.0680744701374222,0.116738209918715,0.583137861929033,0.559800497440832,0.723727786630072,"CCR1"
"ENSG00000163827.13",63.3269435296693,-0.361484026057636,0.173308170963547,-2.08578755431946,0.0369978712814513,0.12780349954071,"LRRC2"
"ENSG00000163832.16",820.556078475677,0.109503072728946,0.0565535190389765,1.93627336706452,0.0528342288938625,0.16155005670646,"ELP6"
"ENSG00000163833.8",3.52192208485297,-0.276906088513369,0.278440028363843,-0.994490950674416,0.319983908859796,0.513730670301657,"FBXO40"
"ENSG00000163840.10",5460.29151801497,0.0447278299902284,0.0640458388990439,0.698372146561049,0.484944490706035,0.664072351956798,"DTX3L"
"ENSG00000163848.20",2412.7152908153,-0.0157602703740053,0.0638004301753429,-0.247024515833064,0.804889251010058,0.892495514866873,"ZNF148"
"ENSG00000163864.17",144.509363576387,-0.132574636048605,0.119000306251596,-1.11406970473092,0.265249284214542,0.456993604810326,"NMNAT3"
"ENSG00000163866.9",1609.43602014985,0.107383444692133,0.059181843578396,1.81446602875569,0.0696060082293331,0.193400580428648,"SMIM12"
"ENSG00000163867.17",602.9759313348,-0.146457234909062,0.0526453963505288,-2.78195711423476,0.00540321795156779,0.0353001050356253,"ZMYM6"
"ENSG00000163870.16",1709.80190621136,0.0731365182906034,0.0589351496668094,1.24096602289265,0.214618300828601,0.397778048738329,"TPRA1"
"ENSG00000163872.16",2076.73981933835,-0.0023226800463562,0.0708827391155961,-0.0327679217160098,0.973859659230735,0.98694529201176,"YEATS2"
"ENSG00000163873.10",40.7913270337309,-1.37433804335532,0.26045272093214,-5.27672753210898,1.31511197637705e-07,1.7374612313302e-05,"GRIK3"
"ENSG00000163874.11",1527.80780552769,0.503974435758254,0.123575032253129,4.07828690447695,4.5368759042871e-05,0.00122008246753983,"ZC3H12A"
"ENSG00000163875.16",3178.87742808751,-0.0696373787391266,0.0604318409686813,-1.15232926256898,0.24918579660372,0.438968099654636,"MEAF6"
"ENSG00000163877.11",915.616757660688,-0.0383758791503508,0.0400960696764823,-0.957098275716025,0.338517653853472,0.531990208158037,"SNIP1"
"ENSG00000163879.11",1294.97297016765,-0.40363044730771,0.141051142682383,-2.86158934718169,0.00421522674227214,0.0298227781223881,"DNALI1"
"ENSG00000163882.9",2279.28559363573,0.10483584463714,0.0780114569929816,1.34385189917132,0.178996282974355,0.354996321502664,"POLR2H"
"ENSG00000163884.4",388.450802683959,-0.332678761417785,0.173780898158732,-1.91435747508863,0.0555744952224877,0.166703457017955,"KLF15"
"ENSG00000163885.12",67.2040362790854,-0.988781923510065,0.236797993942134,-4.17563471315425,2.97156336512467e-05,0.000886393527975584,"CFAP100"
"ENSG00000163888.4",71.9695204830409,-0.368383759532155,0.201746338949382,-1.825974941853,0.0678540364350208,0.190172946799491,"CAMK2N2"
"ENSG00000163898.10",2932.88389484394,0.490994118970162,0.140370298999473,3.49784906401035,0.000469026491131556,0.00646596230610472,"LIPH"
"ENSG00000163900.11",1992.68044032158,0.150469752781254,0.0651325641614822,2.310207723562,0.0208766566552267,0.087537346350436,"TMEM41A"
"ENSG00000163902.12",17488.4793501653,0.0919022772643277,0.05926314585532,1.55074922091868,0.120961793888596,0.276080140120176,"RPN1"
"ENSG00000163904.13",2044.12975984677,0.0780571573812436,0.0583591963025156,1.33752968386713,0.181049799590032,0.357896388656391,"SENP2"
"ENSG00000163909.8",1116.12000876304,-0.00755563436889945,0.100130227494653,-0.0754580765264211,0.939850252482114,0.968426619164507,"HEYL"
"ENSG00000163913.12",1140.07799025033,-0.0913346027441475,0.0605145429584451,-1.50930005051623,0.131222121822283,0.291504510697889,"IFT122"
"ENSG00000163915.7",4.79630828707181,-0.346685956362167,0.288811795930133,-1.20038710761673,0.229989033558943,0.416323667587966,"IGF2BP2-AS1"
"ENSG00000163918.11",851.690191258691,0.0981346860389053,0.109470543336406,0.896448332564997,0.370013363406762,0.562461883603839,"RFC4"
"ENSG00000163923.10",700.559305082502,0.236493720734551,0.159048004327146,1.4869329655222,0.13703251654861,0.299093942290602,"RPL39L"
"ENSG00000163930.10",3186.09918101199,0.0175497034567964,0.0496931768257394,0.353161230129008,0.723967571403672,0.841498877727279,"BAP1"
"ENSG00000163931.16",24286.1979810098,0.198213844949692,0.0992690471959941,1.9967336299536,0.0458541268084823,0.14728619815097,"TKT"
"ENSG00000163932.15",3756.67453450965,-0.0672982875030873,0.0721478434497883,-0.932783078262401,0.350931979898977,0.544485618420671,"PRKCD"
"ENSG00000163933.10",849.533516298028,0.118326471117481,0.0502380735219644,2.35531466121502,0.0185070266973788,0.0809877023969287,"RFT1"
"ENSG00000163935.14",651.203776983567,-0.0571432406182894,0.0731202490493049,-0.78149679960414,0.434510358299548,0.620412289697081,"SFMBT1"
"ENSG00000163938.17",3566.47778354301,0.000938927009584144,0.0691392474716656,0.0135802318353108,0.989164875727979,0.994483575859255,"GNL3"
"ENSG00000163939.18",2592.15718295219,-0.177794356532839,0.0605464583614942,-2.93649474047373,0.00331944449171789,0.0253764099799687,"PBRM1"
"ENSG00000163945.19",1672.2927576172,-0.242658653680271,0.111414190465783,-2.17798695718923,0.0294070077979926,0.109219936481322,"UVSSA"
"ENSG00000163946.13",3344.39315059238,-0.0578652514325495,0.0584354109274271,-0.990242911176142,0.322055403002785,0.515837127497918,"TASOR"
"ENSG00000163947.12",1906.67351455161,-0.0351418841814339,0.0713717987397254,-0.492377729046557,0.622452340290402,0.771042369508813,"ARHGEF3"
"ENSG00000163950.13",2527.38451066563,0.159550718203447,0.0656412254074644,2.43064807539842,0.0150718460035666,0.0705748198307656,"SLBP"
"ENSG00000163956.13",6866.74806144428,0.113646528442907,0.0741555468452464,1.53254251742048,0.125388614000448,0.282944498164356,"LRPAP1"
"ENSG00000163958.14",13.8213039085174,-0.0415759743854727,0.191599007189618,-0.216994727662272,0.828212453770368,0.906007435155437,"ZDHHC19"
"ENSG00000163959.10",150.744064793588,-0.19245718641697,0.105484379793497,-1.82450886845745,0.0680751768355608,0.190520079218756,"SLC51A"
"ENSG00000163960.12",2206.5266005375,-0.0181294939239286,0.0758570089848482,-0.238995633581465,0.811108968546175,0.896261152083384,"UBXN7"
"ENSG00000163961.4",1003.27705126513,0.0737162579465522,0.073923256778427,0.997199814498227,0.318667530991588,0.512388688273785,"RNF168"
"ENSG00000163964.17",1045.75415472971,0.110841443837698,0.0602437506577303,1.8398828530354,0.0657854379425732,0.186407000024673,"PIGX"
"ENSG00000163975.12",1121.38337590068,0.790430524592219,0.179906196450314,4.393570317132,1.1150410034041e-05,0.000432579816786946,"MELTF"
"ENSG00000163993.7",9213.86626353643,0.482599561895264,0.284168985311814,1.69828372144735,0.0894542255999786,0.227743330496298,"S100P"
"ENSG00000163995.21",255.102815273614,-0.0935503020642197,0.138013362674787,-0.677835104160604,0.49787625065147,0.674752318648177,"ABLIM2"
"ENSG00000164002.11",177.970839904766,-0.00846406410425127,0.066013790793151,-0.128216604478491,0.897977560051954,0.945667808325181,"EXO5"
"ENSG00000164007.11",2.87178154859382,-1.41916640369954,0.311663186448001,-4.55352593892675,5.27541634647368e-06,0.000251625267081874,"CLDN19"
"ENSG00000164008.16",101.786884999211,-0.256581735289155,0.0749924694948584,-3.42143333880672,0.000622919933718605,0.0078437493771912,"C1orf50"
"ENSG00000164010.15",461.463622720616,-0.124763714589697,0.0658198354992401,-1.89553367375307,0.0580217349188942,0.171662456292077,"ERMAP"
"ENSG00000164011.18",496.428026291322,-0.0440971134288108,0.062847992750155,-0.701647125057976,0.482899255132847,0.662419708793186,"ZNF691"
"ENSG00000164022.17",2419.98262360959,0.0161627041947491,0.046920391455107,0.344470787508528,0.730492261464697,0.845628611298475,"AIMP1"
"ENSG00000164023.14",3655.01836879164,0.0142612505494316,0.122646410516282,0.116279396106242,0.907431114358618,0.950812113373874,"SGMS2"
"ENSG00000164024.12",2554.3799604284,0.0826556126545267,0.0586465958148881,1.40938466258844,0.15872145672961,0.328920572868064,"METAP1"
"ENSG00000164031.17",2035.56336522154,-0.0281430017881745,0.0735113468336098,-0.382838881348143,0.701839230584465,0.826194097067942,"DNAJB14"
"ENSG00000164032.12",5602.70492190023,0.224489805933407,0.0891132154114404,2.51915279789789,0.0117637594894638,0.0597119751002773,"H2AZ1"
"ENSG00000164035.10",902.43429207841,0.134390653257531,0.168095466898214,0.799490050132689,0.424006313767132,0.611630944724832,"EMCN"
"ENSG00000164037.17",18.4848424999235,-0.188821538353211,0.0964314809956673,-1.95809020460543,0.0502194289541765,0.156140777752278,"SLC9B1"
"ENSG00000164038.16",311.790086970977,0.440939478657859,0.106847031639004,4.12682946726709,3.67798927905556e-05,0.00104659228262903,"SLC9B2"
"ENSG00000164039.15",779.45383681949,-0.0958780652404713,0.0837683542463506,-1.14456188262345,0.252390689713201,0.442660726859846,"BDH2"
"ENSG00000164040.18",3430.8003615252,0.0472525442748926,0.0485317865582832,0.973641145852846,0.330234749008941,0.523897145656851,"PGRMC2"
"ENSG00000164045.12",248.263347861631,0.330144342157044,0.137217530998213,2.40599243956184,0.0161285984947267,0.0738434871250828,"CDC25A"
"ENSG00000164047.6",37.8177527709878,0.00601935040939172,0.225240233147936,0.0267241350502344,0.978679763018464,0.989377990167118,"CAMP"
"ENSG00000164048.14",590.273380462707,-0.337848838446527,0.0831266244300219,-4.06426750470226,4.81835401613043e-05,0.00128128961868235,"ZNF589"
"ENSG00000164049.14",6.09912757838253,-0.0399579674882456,0.203472041039383,-0.196380629417835,0.844312256551011,0.915446100350186,"FBXW12"
"ENSG00000164050.13",3622.68813674054,-0.262963770726667,0.0969584919284179,-2.71212727731787,0.00668529178331443,0.0408316674631971,"PLXNB1"
"ENSG00000164051.14",583.366334024817,0.257484285083246,0.0741975813173438,3.47025173208791,0.000519970790612433,0.00692455501274389,"CCDC51"
"ENSG00000164053.21",434.346079378935,-0.00121006115537612,0.0415538639257967,-0.0291203041319321,0.976768642308323,0.988247282136442,"ATRIP"
"ENSG00000164054.15",8219.74701881238,0.163602087162337,0.0617240773925873,2.65053920728162,0.00803633992284219,0.0462986944978504,"SHISA5"
"ENSG00000164056.11",2190.20526101048,-0.0335427631638769,0.0885198135831402,-0.378929437445919,0.704740263556625,0.828267760590032,"SPRY1"
"ENSG00000164061.5",93.4802544837704,-0.517886259725143,0.148997500224646,-3.47580502320051,0.00050932243125103,0.00684020641534511,"BSN"
"ENSG00000164062.13",4016.90148239761,0.0771148074376213,0.0619457776016827,1.24487592896932,0.213177360263458,0.396077563215095,"APEH"
"ENSG00000164066.13",580.5930414354,-0.193135800488261,0.0973436555292529,-1.9840615131843,0.0472489829238564,0.150158494509732,"INTU"
"ENSG00000164068.16",1053.71341902711,-0.0597589797991956,0.055036458580918,-1.08580714202994,0.277564325938933,0.470239194656766,"RNF123"
"ENSG00000164070.12",541.105981718594,-0.148762297829722,0.131430526108298,-1.13187021489317,0.257689002553823,0.448564256092463,"HSPA4L"
"ENSG00000164073.11",838.568085579552,-0.10984282668482,0.0568850516380871,-1.93096118438389,0.0534878527640545,0.162735143779015,"MFSD8"
"ENSG00000164074.15",619.755879557003,-0.191698507742214,0.0574715780232824,-3.33553583067712,0.000851351818775754,0.00984539915702726,"ABHD18"
"ENSG00000164076.17",3.64007474343803,-0.374098048993536,0.267405562234463,-1.39899127702334,0.161815598877744,0.332957005148566,"CAMKV"
"ENSG00000164077.14",441.179309773911,0.114140839022875,0.0612591786840845,1.86324468389469,0.0624278487907276,0.180354943577724,"MON1A"
"ENSG00000164078.13",1865.98732576696,0.222934274699031,0.110092028836905,2.0249810731465,0.042869307741081,0.140893174987543,"MST1R"
"ENSG00000164080.13",1324.53257987548,-0.189064340488708,0.0610075176284447,-3.09903349354698,0.0019415306984161,0.0175364572822483,"RAD54L2"
"ENSG00000164081.13",2426.01575075858,0.15657950235288,0.0706300425016175,2.21689661802616,0.0266301569291081,0.102496857183907,"TEX264"
"ENSG00000164082.15",23.3424533566786,-0.186095330280584,0.13953101280507,-1.33372019982802,0.182295572172815,0.359356177651106,"GRM2"
"ENSG00000164086.10",1472.09449686368,0.20009847181628,0.0925624321247095,2.16176765479419,0.030636089825198,0.112281741363971,"DUSP7"
"ENSG00000164087.8",420.268633705955,0.242551629259408,0.104735559864607,2.31584792760889,0.0205665733230672,0.0867946413544017,"POC1A"
"ENSG00000164088.18",1256.92216047756,-0.00245242661989471,0.0815608574525554,-0.0300686713761108,0.976012286048241,0.987971329869385,"PPM1M"
"ENSG00000164089.9",36.496757183534,-0.195695975834786,0.497020989180125,-0.39373785030206,0.693774593514309,0.821110470738425,"ETNPPL"
"ENSG00000164091.12",5330.68685668273,0.0348997426331397,0.0407791624851587,0.855822937654524,0.392095725643645,0.582847836489434,"WDR82"
"ENSG00000164093.17",326.967324543239,-0.0539800198515612,0.312072756472307,-0.172972548010135,0.862673005857796,0.926811848850353,"PITX2"
"ENSG00000164096.13",5830.20865314406,0.0869527775043154,0.0596826570170046,1.4569186737035,0.145138830717378,0.310717941829877,"C4orf3"
"ENSG00000164099.3",323.212038410904,-0.441315673488082,0.199149238888709,-2.21600482106137,0.0266911719677953,0.102636773888174,"PRSS12"
"ENSG00000164100.9",11.1877008147604,-0.0330873062354893,0.224013707663517,-0.147702149929095,0.882577834851035,0.937427463892024,"NDST3"
"ENSG00000164104.12",3937.45410639639,0.107199202108785,0.0970249478101325,1.10486224964081,0.269219282161456,0.460925818699497,"HMGB2"
"ENSG00000164105.4",324.460363691321,0.161679106160869,0.0843318775622226,1.91717664582503,0.0552154939718307,0.166060473424043,"SAP30"
"ENSG00000164106.8",13.1566056022194,-0.544827798002705,0.206838155777435,-2.63407781777439,0.00843661497228812,0.0478664318800935,"SCRG1"
"ENSG00000164107.9",2.67943339685895,-0.401117757423781,0.355692356633218,-1.12770980298968,0.259442496256313,0.45046253078808,"HAND2"
"ENSG00000164109.14",936.687948112334,0.194721435007681,0.144850888759728,1.3442888523154,0.178854998976497,0.354885242322218,"MAD2L1"
"ENSG00000164111.15",17004.800405137,0.223872229121872,0.0690023530941988,3.24441441607437,0.00117692378954112,0.0123217999135825,"ANXA5"
"ENSG00000164112.13",25.7584167197598,-0.252027294691038,0.169005976676824,-1.49123303001863,0.135900324612931,0.297705586744198,"TMEM155"
"ENSG00000164114.19",742.3736660402,-0.118334684746477,0.0910717337947599,-1.29935688951698,0.193821479197195,0.373323604681065,"MAP9"
"ENSG00000164116.17",1747.17063501405,-0.188969388791666,0.110024135170958,-1.71752669083052,0.0858829819615717,0.221874921893894,"GUCY1A1"
"ENSG00000164117.14",903.428911748278,0.0556464438005306,0.0577598726853331,0.963410084085259,0.335341767701632,0.528648774662174,"FBXO8"
"ENSG00000164118.13",716.773646770667,-0.0825945783614628,0.0582094592991218,-1.41892021255571,0.155922278756296,0.325334842585076,"CEP44"
"ENSG00000164120.14",6459.18041590813,0.0292857071949669,0.218382053964355,0.13410308522763,0.893321060023198,0.943725024897827,"HPGD"
"ENSG00000164122.9",4.91871737577346,0.468309620897182,0.250697593710088,1.8680259908627,0.0617584482366141,0.179136087919637,"ASB5"
"ENSG00000164123.7",4.27530741914283,-1.35472659239461,0.25539453204533,-5.30444634638523,1.13015476715859e-07,1.5548034158269e-05,"C4orf45"
"ENSG00000164124.11",928.45719777218,0.148767198957091,0.0865539656134771,1.71877969891569,0.0856544934384453,0.221457340202221,"TMEM144"
"ENSG00000164125.16",2393.16660926666,0.0911216020741022,0.126348850132472,0.721190592384218,0.470792259104704,0.651593709514567,"GASK1B"
"ENSG00000164128.7",80.4711948868321,0.135953622050857,0.214406171917115,0.63409378953612,0.526019615563156,0.697628806746202,"NPY1R"
"ENSG00000164129.12",4.59950846354857,-0.234991736739205,0.294185272935322,-0.798788241146484,0.424413210009616,0.612067156585569,"NPY5R"
"ENSG00000164134.13",2414.16478130414,0.125535194779752,0.0624834438275983,2.00909532333274,0.0445270255352332,0.144625057640618,"NAA15"
"ENSG00000164136.17",357.469485216706,0.095184032802361,0.110516593733124,0.861264626307715,0.389092313459388,0.580170655320827,"IL15"
"ENSG00000164142.16",1094.99528427308,0.00904615509949132,0.0923586718057617,0.097945920211111,0.921975236204281,0.958779370262349,"FAM160A1"
"ENSG00000164144.16",2173.36748481242,0.0778756158880689,0.0545809782102686,1.42679040284071,0.15364031830907,0.322181975076771,"ARFIP1"
"ENSG00000164151.12",2593.92892885871,-0.0984988283626185,0.0655283491157963,-1.50314832727679,0.132800798954694,0.293523003359133,"ICE1"
"ENSG00000164161.10",964.919878235257,0.0586842493534747,0.261648324295599,0.224286738741639,0.822534194329617,0.902877401414509,"HHIP"
"ENSG00000164162.14",179.960202893617,0.00497749862522839,0.0651925852991436,0.0763506862381447,0.939140101705306,0.968221949217315,"ANAPC10"
"ENSG00000164163.11",2784.86548997992,0.115128692929074,0.0608502422916559,1.89200056718362,0.0584909052351516,0.172600462313384,"ABCE1"
"ENSG00000164164.17",2615.31226147872,0.0254585793969167,0.0610827405273277,0.416788427911594,0.6768331674837,0.810306254990645,"OTUD4"
"ENSG00000164167.12",651.386544047912,0.135131760020887,0.0598236079863955,2.25883667951985,0.0238935459794582,0.0955958892945244,"LSM6"
"ENSG00000164168.8",1640.3888696113,0.0933703380996797,0.0455122763782095,2.05154181530643,0.0402142118340447,0.135060199192056,"TMEM184C"
"ENSG00000164169.13",462.740496289646,-0.00575143798987688,0.0501040159679305,-0.114789960021531,0.908611607192271,0.951569872231905,"PRMT9"
"ENSG00000164171.11",5312.53136927923,0.474260701944557,0.160433459528064,2.95612089485359,0.00311534952725276,0.0243007955932297,"ITGA2"
"ENSG00000164172.20",1467.43424675308,0.0216339266295215,0.0663216825921269,0.326196890428255,0.744275393921226,0.854520394936085,"MOCS2"
"ENSG00000164175.15",9.9219634373346,-0.375840552846734,0.21297549239202,-1.76471268419435,0.0776120657188505,0.207445287731028,"SLC45A2"
"ENSG00000164176.13",3196.70189965458,-0.304264347926868,0.1641787416502,-1.85325057841615,0.0638464512368659,0.183018408031338,"EDIL3"
"ENSG00000164180.14",826.686503221436,-0.0680555731427812,0.0753617849282761,-0.903051502927533,0.36649856125876,0.559152992392443,"TMEM161B"
"ENSG00000164181.14",605.206051015194,0.289889252768571,0.115281563315417,2.51461937565349,0.0119160953701506,0.0601866902765236,"ELOVL7"
"ENSG00000164182.12",670.765980213498,0.196136738551762,0.0761908086242611,2.5742834613952,0.0100447940646739,0.0539119310445535,"NDUFAF2"
"ENSG00000164185.6",49.8043820354276,-0.53990159297657,0.18836734139363,-2.86621655846563,0.00415409968146076,0.0295013738683603,"ZNF474"
"ENSG00000164187.7",1531.28118973862,-0.123524216146291,0.0881897265567327,-1.40066446477558,0.161314433749142,0.332308769015368,"LMBRD2"
"ENSG00000164188.9",91.5740360393696,-0.227312159051362,0.171165892395202,-1.32802251587907,0.184170668762297,0.36174596313293,"RANBP3L"
"ENSG00000164190.19",4247.49979662016,-0.260057217722015,0.0794062187466675,-3.27502331463088,0.00105653253711585,0.011413088175924,"NIPBL"
"ENSG00000164197.12",319.792482671556,-0.390167826097208,0.138641233239764,-2.81422645326919,0.00488947712464706,0.0329084074737402,"RNF180"
"ENSG00000164199.18",1193.2018420197,-0.863176172264541,0.188451611144645,-4.58035973808689,4.64176829555738e-06,0.000229285447869424,"ADGRV1"
"ENSG00000164209.17",2222.87048603921,0.00248878760821887,0.0745449263940273,0.0333864117735353,0.973366445456835,0.986769594024341,"SLC25A46"
"ENSG00000164211.13",995.214779461869,0.0590470232788137,0.0968323690207751,0.609786003130269,0.542003574627269,0.710010820777716,"STARD4"
"ENSG00000164219.10",1221.398090354,-0.061970978822012,0.063745642135221,-0.972160241017817,0.330970836744679,0.524589957997649,"PGGT1B"
"ENSG00000164220.7",122.502236618982,-0.00381011011249231,0.195750024071404,-0.0194641616549814,0.984470826479897,0.992580092244184,"F2RL2"
"ENSG00000164221.13",429.814511959065,-0.00657607977934439,0.0578224292168502,-0.113728874217343,0.909452722703378,0.952001556263592,"CCDC112"
"ENSG00000164236.12",266.193389929885,0.32806945328424,0.168203171031925,1.95043560279831,0.0511242218479829,0.157980204008251,"ANKRD33B"
"ENSG00000164237.9",2548.28820148582,0.124177766202376,0.166774972767456,0.744582740094488,0.45652400525057,0.639529315274225,"CMBL"
"ENSG00000164241.13",229.961548180179,-0.0966871050478496,0.105923996372063,-0.912796989911816,0.361349321737554,0.554388251564037,"C5orf63"
"ENSG00000164244.21",4088.48589937573,0.107431239906573,0.053720496140691,1.99981846082018,0.0455198704069417,0.146679543695152,"PRRC1"
"ENSG00000164251.5",1331.78010073393,0.603358756927062,0.142566639522438,4.23211740802869,2.31501499202967e-05,0.000743103752284724,"F2RL1"
"ENSG00000164252.13",710.309863595627,0.0254329251649932,0.047013770309869,0.540967571785121,0.588529934487876,0.745526486146597,"AGGF1"
"ENSG00000164253.14",1338.07504823056,0.110620385833433,0.0649182781631741,1.70399445215391,0.0883821237047732,0.225953104869374,"WDR41"
"ENSG00000164256.11",2.01303894077887,0.345763359064748,0.539993136805591,0.640310654891213,0.521970655100257,0.69464640125726,"PRDM9"
"ENSG00000164258.12",1390.98218127555,0.035815616995868,0.0752770840674484,0.475783798476799,0.634228413395534,0.77904982907237,"NDUFS4"
"ENSG00000164265.9",18062.5950034539,-0.899938730749653,0.290059348096419,-3.10260205939131,0.0019182739150549,0.0173924546443145,"SCGB3A2"
"ENSG00000164266.11",6451.04480315066,-0.443431832860314,0.323080450051975,-1.3725121182324,0.169904069041979,0.34336628448553,"SPINK1"
"ENSG00000164270.18",6.77460556189246,-0.727145914747382,0.226376131370551,-3.21211388473253,0.00131762132060596,0.0133295553409098,"HTR4"
"ENSG00000164283.13",776.883680419534,0.258914167741489,0.149416593492236,1.73283409620058,0.0831251607032876,0.2172622056284,"ESM1"
"ENSG00000164284.15",819.120261579219,0.0365200344747215,0.0634079377316164,0.575953670489932,0.564646497090956,0.727431568837595,"GRPEL2"
"ENSG00000164287.13",54.5095378080426,-0.931094856167189,0.271652508283,-3.42752166012471,0.000609117708596195,0.00770785095868229,"CDC20B"
"ENSG00000164291.17",314.82449563111,0.0681323643898816,0.0643658392750682,1.05851745517863,0.289819597171689,0.48218299178637,"ARSK"
"ENSG00000164292.13",4124.62144170216,0.0444070025813449,0.106685535869097,0.41624201649821,0.677232917090572,0.810575758240189,"RHOBTB3"
"ENSG00000164294.14",1475.94734579833,0.389370032282702,0.119700063559608,3.25288074796053,0.00114241430340098,0.0120730236247319,"GPX8"
"ENSG00000164296.7",237.098947442933,0.061687853683252,0.0530408074571803,1.16302629316216,0.244818834751379,0.433735284449642,"TIGD6"
"ENSG00000164300.17",3195.27950260844,-0.0688177450779973,0.0806504139048978,-0.853284462484552,0.393501574285167,0.584352443837058,"SERINC5"
"ENSG00000164303.11",21.165787296584,-0.30287038891149,0.160001748323397,-1.89291924672802,0.0583686092945956,0.172321194399661,"ENPP6"
"ENSG00000164304.16",5.58082330788895,0.388665269310801,0.161464856059873,2.40711990705073,0.0160788897021843,0.0736959231857794,"CAGE1"
"ENSG00000164305.19",1737.10265794724,0.0375689309940623,0.0615293772657269,0.610585262903172,0.541474181454927,0.709514047315096,"CASP3"
"ENSG00000164306.11",304.581459520736,0.0335208832167173,0.0615061588556604,0.545000433133573,0.585753219716277,0.743225044552537,"PRIMPOL"
"ENSG00000164307.13",3290.31837558736,0.033078520982269,0.0782391686076648,0.422787225004183,0.672450509144141,0.806974544963987,"ERAP1"
"ENSG00000164308.17",2825.24540576942,0.142684887489603,0.162920144938041,0.875796467919093,0.381140690567348,0.572415960441118,"ERAP2"
"ENSG00000164309.15",241.809915261022,-0.254955996457016,0.136576784725687,-1.86675939815901,0.061935194778462,0.179461134878967,"CMYA5"
"ENSG00000164318.18",245.31685881736,0.181954681544282,0.132641989154224,1.37177286547415,0.170134156858809,0.343706097348321,"EGFLAM"
"ENSG00000164323.14",2136.03176511655,0.0278063034573469,0.0648192073646889,0.428982466584354,0.667935984500246,0.804194399078518,"CFAP97"
"ENSG00000164327.13",2365.18743772218,-0.205815865560122,0.0877531373790162,-2.34539609303288,0.0190068755940699,0.0824489783913186,"RICTOR"
"ENSG00000164329.13",2108.39252164298,-0.0816890603825789,0.0563174962635923,-1.45050944737024,0.146916506613348,0.31295925079914,"TENT2"
"ENSG00000164330.17",274.006161876277,0.0321986197122876,0.116948132331126,0.275323932674023,0.783067379104038,0.879576999072562,"EBF1"
"ENSG00000164331.10",701.54555223261,-0.0711457801373303,0.0638447619204501,-1.11435579047154,0.265126581413114,0.456829483230867,"ANKRA2"
"ENSG00000164332.8",1865.35226137576,0.144546382211097,0.0711884182950469,2.03047610373939,0.0423081677671436,0.13961112809636,"UBLCP1"
"ENSG00000164338.10",702.641905608785,0.11248979130828,0.053660907310855,2.09630803774212,0.0360548741927419,0.125470359203403,"UTP15"
"ENSG00000164342.13",795.917415271192,0.244859088856486,0.120130087594949,2.03828277959885,0.0415216610309446,0.137920848119649,"TLR3"
"ENSG00000164344.16",24.6041103736061,0.0651713776740441,0.14674003196604,0.444128141454451,0.656949941507729,0.795773491090297,"KLKB1"
"ENSG00000164346.10",3233.80031624011,0.0179837086278164,0.0694501127733829,0.258944268189997,0.795678241624743,0.887483598881145,"NSA2"
"ENSG00000164347.18",897.504377141572,-0.031104652567122,0.0606081713536397,-0.513208893659421,0.607805205416048,0.760407076913838,"GFM2"
"ENSG00000164362.21",41.8076075592131,-0.411783698832008,0.242412011881966,-1.69869345844344,0.0893769566342758,0.227703322407786,"TERT"
"ENSG00000164363.10",1.45180237338282,-0.836555513877228,0.383628635301787,-2.18063887024268,0.0292101377367371,0.108779990567023,"SLC6A18"
"ENSG00000164366.4",1286.00568025159,0.17015966215785,0.0672973029170874,2.52847669642115,0.0114558691203033,0.0587221325053516,"CCDC127"
"ENSG00000164379.7",1465.29945021335,0.0410698156436419,0.204540839453792,0.200790295734169,0.840862551284198,0.913373800149086,"FOXQ1"
"ENSG00000164385.9",4.84518525657809,0.42489692140246,0.192657376838422,2.20545368350371,0.0274222745081155,0.104397794358744,"LINC01600"
"ENSG00000164393.8",22.3909296477088,-1.13723687893859,0.248966208496929,-4.56783627707699,4.9278469720553e-06,0.000238117284819502,"ADGRF2"
"ENSG00000164398.15",54.5963477803723,0.0153894639680912,0.155610154138902,0.098897556224731,0.921219609245405,0.95857672171184,"ACSL6"
"ENSG00000164400.6",98.2167014078893,0.150432636526565,0.206808179845268,0.727401772208028,0.466979869181292,0.648609127436494,"CSF2"
"ENSG00000164402.14",2266.74893965708,0.147755710810419,0.0551647598327134,2.6784438336809,0.00739651359907271,0.0437237441857116,"SEPTIN8"
"ENSG00000164403.15",877.958778631949,0.148868813619851,0.100512016388737,1.48110463771905,0.138578692230801,0.301148830749306,"SHROOM1"
"ENSG00000164404.8",25.9722491162045,-0.116047347559839,0.108443563669014,-1.07011742913606,0.284566454845065,0.47720210675213,"GDF9"
"ENSG00000164405.11",2671.77041264554,0.246688942139562,0.0963559116979584,2.56018481681585,0.0104616511031122,0.0552956200081997,"UQCRQ"
"ENSG00000164406.8",26.9855016142816,-0.0303771191563537,0.121601137689189,-0.249809497950565,0.802734674278868,0.891592116994916,"LEAP2"
"ENSG00000164411.12",45.2561235445503,0.0831263390220918,0.274065575802434,0.303308209280596,0.761654990587035,0.865719149281833,"GJB7"
"ENSG00000164414.18",564.450898005764,0.114845785058358,0.0852707463882108,1.34683686871346,0.178032777649431,0.354013334903093,"SLC35A1"
"ENSG00000164418.21",109.118326451898,0.559900037757892,0.216529464685524,2.58579144677174,0.00971556963273795,0.0525524711263598,"GRIK2"
"ENSG00000164430.16",629.420531157662,0.0296172847055585,0.0949933690609974,0.311782653866509,0.755205707616064,0.861270288083887,"CGAS"
"ENSG00000164434.12",11.5483317975561,0.686639641390041,0.267233224683329,2.56943964285769,0.0101863134713197,0.0544005348733791,"FABP7"
"ENSG00000164438.6",1.30209572217494,-0.296196111012311,0.601490463485174,-0.49243691960814,0.622410505083426,0.771019234474718,"TLX3"
"ENSG00000164440.15",93.8859255111546,-0.476163752451189,0.136001257196627,-3.50117169698487,0.000463217306737504,0.00641742151941992,"TXLNB"
"ENSG00000164442.10",5977.41969752637,-0.125415909637751,0.122885821758798,-1.020588932415,0.307449235250581,0.500876266842709,"CITED2"
"ENSG00000164458.10",25.2080763163947,-0.245411140491159,0.370638115469482,-0.662131416733275,0.50788700302366,0.683388513586335,"TBXT"
"ENSG00000164463.12",1450.49452870866,-0.186285540144031,0.0866260415889263,-2.15045656856892,0.0315191178913146,0.114497107687456,"CREBRF"
"ENSG00000164465.19",1425.87002278843,0.0088281067281932,0.0934166412020055,0.0945025063479126,0.924709991579787,0.960453289750604,"DCBLD1"
"ENSG00000164466.13",2136.081056958,0.18126515649561,0.0784110279288147,2.3117303940993,0.0207925453422641,0.087327641236281,"SFXN1"
"ENSG00000164483.17",63.8413696800964,-0.31195669897908,0.131930505790627,-2.36455319495366,0.0180518347054926,0.079874247661851,"SAMD3"
"ENSG00000164484.12",522.158785799578,-0.0154002890261559,0.130142732037948,-0.118333838432602,0.905803146556576,0.950003281196702,"TMEM200A"
"ENSG00000164485.15",70.0639494360818,-0.780151044494478,0.223574056564084,-3.48945247263454,0.000484011118494481,0.00661259993906854,"IL22RA2"
"ENSG00000164488.12",453.797573651062,0.227059898354946,0.268495220337165,0.845675755679429,0.397733651635119,0.588114529344509,"DACT2"
"ENSG00000164494.12",907.204062213744,-0.0541690342831519,0.0544796848116258,-0.994297864799547,0.320077874911572,0.513799404508871,"PDSS2"
"ENSG00000164506.14",1082.21423230783,0.0179468700273932,0.081779111534629,0.219455429272959,0.826295295865457,0.90484832599927,"STXBP5"
"ENSG00000164509.15",152.494793006853,-0.142118566983662,0.231818947191728,-0.613058460946773,0.539837685144849,0.707925636187469,"IL31RA"
"ENSG00000164512.18",17.0676500548364,-0.713622235235353,0.158045349024046,-4.51530044789092,6.32270602701819e-06,0.000284461961834482,"ANKRD55"
"ENSG00000164520.11",32.3670248617614,0.546413405739288,0.202739240965967,2.69515365222765,0.0070356178920857,0.042311565477097,"RAET1E"
"ENSG00000164530.15",102.207070942647,-0.151280809668055,0.257836030073811,-0.586732620823967,0.557383295624333,0.721611528278929,"PI16"
"ENSG00000164532.11",4.27521593010404,0.454632225931208,0.373310043431014,1.21784086426601,0.223284452039693,0.407935535408961,"TBX20"
"ENSG00000164535.15",1492.23748201075,0.115629601898624,0.067521843106108,1.71247697899651,0.0868088035259917,0.223486351360257,"DAGLB"
"ENSG00000164542.13",666.958320357513,-0.0507505481287114,0.0952142586641218,-0.533014160281805,0.594023778160779,0.749662016083804,"KIAA0895"
"ENSG00000164543.7",2918.52446550149,0.212206440340437,0.0909984066728727,2.33197973568143,0.0197017572323888,0.0844944742416487,"STK17A"
"ENSG00000164548.11",3502.37147932136,-0.0836738461249327,0.0470987623772704,-1.77656146152395,0.075640421154507,0.204075894772853,"TRA2A"
"ENSG00000164556.7",8.45405491137165,-0.159838050509437,0.18129134098901,-0.881664009088701,0.377958529427265,0.569460710513732,"FAM183BP"
"ENSG00000164574.16",5730.13350890925,-0.013367515420793,0.100309875597632,-0.133262207147115,0.893986015291896,0.944055336794883,"GALNT10"
"ENSG00000164576.12",1455.02144124004,-0.0234227211813746,0.0617099321842308,-0.379561609490149,0.70427086292522,0.82795717762203,"SAP30L"
"ENSG00000164587.13",31496.7972121996,0.142477910649664,0.106014416192016,1.34394845311985,0.178965056174051,0.354996321502664,"RPS14"
"ENSG00000164588.8",37.8266258241746,-1.15782267806706,0.317975925499216,-3.64122748050597,0.000271341248022921,0.00445891617493935,"HCN1"
"ENSG00000164591.14",44.2312831386902,-0.223772411781399,0.133369645859672,-1.67783613984284,0.0933790920258487,0.234207465394253,"MYOZ3"
"ENSG00000164597.15",1882.22083285404,-0.0946832568451341,0.0638106407929732,-1.48381611073808,0.137857711833046,0.300165847312772,"COG5"
"ENSG00000164603.12",732.685483593006,-0.102073204582663,0.0821411892859869,-1.24265554796485,0.213994791052439,0.396953898958594,"BMT2"
"ENSG00000164604.13",113.176438034659,-0.0480005788646693,0.123745402304046,-0.387897877181171,0.698091609140629,0.823701585735716,"GPR85"
"ENSG00000164609.10",2325.69088084224,-0.00888988333146765,0.0492489060126347,-0.180509254950495,0.856752789336793,0.923170559610598,"SLU7"
"ENSG00000164610.9",371.443217168245,0.084812166026054,0.0615244906189292,1.37851065767231,0.168045679623692,0.340668661337198,"RP9"
"ENSG00000164611.13",1117.09098610461,0.202203189318755,0.133783638396877,1.5114194212517,0.130681624262698,0.290788886283786,"PTTG1"
"ENSG00000164615.6",1668.14061388025,0.100588967665356,0.0605716510039438,1.66066082066685,0.0967815863289295,0.239671924549915,"CAMLG"
"ENSG00000164616.16",2.43362129482896,1.0396941482236,0.569155608011424,1.82673092136647,0.0677402366690952,0.189997952773731,"FBXL21P"
"ENSG00000164619.10",189.740087341394,-0.174223061638024,0.21055690308417,-0.827439324410937,0.407988099405654,0.597455368089397,"BMPER"
"ENSG00000164620.9",70.9193546120592,-0.00805123645227093,0.110885960822873,-0.0726082580023975,0.942117855132695,0.96967044087343,"RELL2"
"ENSG00000164621.5",1.46298228388595,-2.30180501325916,0.652631457467822,-3.52695995101133,0.000420360341787145,0.00599873847369028,"SMAD5-AS1"
"ENSG00000164626.9",2637.76665877104,-0.216877031331343,0.144946177788602,-1.49625905725952,0.13458616000978,0.296053982504499,"KCNK5"
"ENSG00000164627.18",88.3906474952003,-0.624971997560212,0.177633161649161,-3.51832952675007,0.000434272734720888,0.00613417147096416,"KIF6"
"ENSG00000164631.19",1541.63123078055,0.0203489785105181,0.0581361421417274,0.350022856021479,0.726321544714514,0.84270511197701,"ZNF12"
"ENSG00000164638.10",1238.16985689788,-0.275008650537312,0.19874807082804,-1.38370475442378,0.166448877174805,0.338583058896768,"SLC29A4"
"ENSG00000164647.9",1176.04491184864,0.107378785307466,0.171092665503528,0.627606010996726,0.530262069987957,0.700611758715337,"STEAP1"
"ENSG00000164649.20",1111.31178739202,0.004807478975169,0.111444985116175,0.0431376878031565,0.96559177672562,0.982995977683894,"CDCA7L"
"ENSG00000164651.17",86.7431622809871,0.213207980837494,0.367637968502641,0.579940047285846,0.561955048205616,0.725611597110983,"SP8"
"ENSG00000164654.16",1394.18103372603,0.0577448138648078,0.0517930289272971,1.11491478797012,0.264886939031645,0.45655833822637,"MIOS"
"ENSG00000164659.15",1133.97266624342,-0.185889708891969,0.138299183631578,-1.3441128429736,0.178911899683192,0.354955835537365,"ELAPOR2"
"ENSG00000164663.14",457.815769580691,-0.306707202755731,0.091382506661803,-3.35630104666336,0.000789925323230468,0.00929621201354258,"USP49"
"ENSG00000164669.13",23.1150368353482,-0.0481266318560244,0.165001503889834,-0.291673898246146,0.770535968028359,0.871736237038472,"INTS4P1"
"ENSG00000164674.16",865.552624681091,-0.124902101350915,0.095882089946979,-1.30266352579489,0.19268965957229,0.371948420614652,"SYTL3"
"ENSG00000164675.11",53.5346531580867,-0.862949526040975,0.172472160944372,-5.00341342809117,5.6323966475732e-07,4.78820400361337e-05,"IQUB"
"ENSG00000164683.18",905.591549145684,-0.0922740484638864,0.150259301465675,-0.614098745061484,0.539150077487179,0.707390639235593,"HEY1"
"ENSG00000164684.13",1892.21657414257,-0.373356991748548,0.129609417251368,-2.88063166756201,0.00396879144420751,0.0286391872602733,"ZNF704"
"ENSG00000164687.11",477.639299071338,0.112575828535612,0.148361741933427,0.758792846919568,0.447976485288691,0.632344658895802,"FABP5"
"ENSG00000164690.8",288.248273565736,-0.23460934810456,0.179233854324929,-1.30895666439914,0.190549030514327,0.369368227630484,"SHH"
"ENSG00000164691.18",545.080730539812,-0.161764427191011,0.109336806350736,-1.47950569062805,0.139005211569289,0.301668764016449,"TAGAP"
"ENSG00000164692.18",92416.5198054648,0.192381100483708,0.148083022291194,1.2991435311565,0.193894676332839,0.373399783615756,"COL1A2"
"ENSG00000164694.17",1850.95222039972,0.253348959429357,0.183129477727547,1.38344171879461,0.166529466056405,0.338643141547514,"FNDC1"
"ENSG00000164695.5",1009.97817806489,0.0718011846276517,0.105793524990655,0.678691674504596,0.497333242429172,0.674201540787264,"CHMP4C"
"ENSG00000164707.15",78.1986284667114,-0.145806998943856,0.136255816195749,-1.07009743154292,0.284575455124404,0.47720210675213,"SLC13A4"
"ENSG00000164713.10",5076.78638533238,0.0859932863381945,0.0861821500015151,0.99780855242858,0.318372202225669,0.51218003037928,"BRI3"
"ENSG00000164715.6",2791.94649750228,-0.0356598597337142,0.0721003091683182,-0.494586779794054,0.620891836014101,0.769682090196875,"LMTK2"
"ENSG00000164733.22",66976.9232051971,0.190909039987523,0.0904584038465172,2.11046217785848,0.0348185656675549,0.122254219233274,"CTSB"
"ENSG00000164736.6",173.598016408728,-0.0349898298117637,0.168537487339571,-0.207608588238093,0.835534598030249,0.910525134110866,"SOX17"
"ENSG00000164741.15",4811.76429470804,-0.342695463280953,0.160063452352251,-2.14099757467923,0.0322742336444214,0.116073255141088,"DLC1"
"ENSG00000164742.16",298.393543084652,0.0890678335243618,0.16559502679212,0.537865389134985,0.590669984583187,0.747299099248643,"ADCY1"
"ENSG00000164743.5",42.9338226940063,0.240994710972343,0.131707420310846,1.82977322313022,0.0672838563943036,0.189164113404454,"C8orf48"
"ENSG00000164744.13",16.0659882640985,0.360159871468489,0.259475737064898,1.38802909105296,0.165128186882022,0.337023674502686,"SUN3"
"ENSG00000164746.14",131.040883073778,-0.342293269760577,0.196058972421469,-1.74586893694795,0.0808337286648834,0.213519305652171,"C7orf57"
"ENSG00000164749.13",392.366900582396,-0.0122708619636961,0.191397582317383,-0.0641118963736337,0.948881129398804,0.973189538065157,"HNF4G"
"ENSG00000164751.15",2557.17496071188,-0.0504708068934378,0.0821193233803406,-0.61460329695703,0.538816736566513,0.707060250305819,"PEX2"
"ENSG00000164754.15",10386.2923016117,0.0335154470528397,0.0722039205967792,0.464177662041453,0.642520463958557,0.785150809564038,"RAD21"
"ENSG00000164756.12",15.9905371474744,-0.502534112483561,0.287313588945497,-1.74907881777527,0.0802773961616146,0.212454320382244,"SLC30A8"
"ENSG00000164758.7",490.952199789656,0.0324658411809764,0.0740762217863667,0.438276148513713,0.66118611383577,0.798812254161711,"MED30"
"ENSG00000164761.9",368.764607630686,-0.0589419110323413,0.165606222019182,-0.355916041762695,0.72190344184475,0.840481510785867,"TNFRSF11B"
"ENSG00000164764.11",266.459715763208,-0.119855104367013,0.186423271960235,-0.642919218758152,0.520276518138066,0.693472900887606,"SBSPON"
"ENSG00000164776.10",52.3740843752472,-0.0802210378001744,0.106175131899228,-0.755553926472286,0.449916688607483,0.633722329900259,"PHKG1"
"ENSG00000164778.4",26.6576384287488,0.0900733396287103,0.290000168873768,0.310597541989424,0.756106596041803,0.86200242790192,"EN2"
"ENSG00000164794.9",26.5063537853189,1.39015889196421,0.351438415292938,3.95562588342956,7.63345395966166e-05,0.00181037448906538,"KCNV1"
"ENSG00000164796.18",6.61479116961284,0.136527976294383,0.275566981411551,0.495443886618922,0.620286822318696,0.76924715694913,"CSMD3"
"ENSG00000164808.17",3418.99462077755,-0.165684449270567,0.0640632268706527,-2.58626449780766,0.00970224463707347,0.0525084931684324,"SPIDR"
"ENSG00000164815.11",872.074107587024,-0.000969111305629651,0.0763898687441674,-0.0126863852702149,0.989878000574366,0.994916809344598,"ORC5"
"ENSG00000164816.8",1.10790564657314,-2.83664680844991,1.04831177314468,-2.70591906064422,0.00681156456810251,0.0413902936969952,"DEFA5"
"ENSG00000164818.16",2007.6600331267,0.271895427128396,0.0752642730838643,3.61254305645698,0.000303208740501812,0.00483927545423147,"DNAAF5"
"ENSG00000164821.5",1.34799584721672,-0.863446124865075,0.386657348854612,-2.23310413580098,0.0255420779436954,0.099832905223938,"DEFA4"
"ENSG00000164822.5",0.344914952087361,-0.821221487681079,0.599726059282043,-1.36932767047708,0.170896872288864,0.344871335338214,"DEFA6"
"ENSG00000164823.11",1986.35031650179,0.123659357387483,0.0857758910193634,1.44165634326745,0.149399345168367,0.316348813756308,"OSGIN2"
"ENSG00000164825.4",249.683801508575,0.359688935021005,0.26382127095011,1.36338110162855,0.172762433937137,0.347513061451266,"DEFB1"
"ENSG00000164828.18",6288.40546805367,0.105715670872887,0.0631735448598652,1.67341679349151,0.0942452741317101,0.235604039050663,"SUN1"
"ENSG00000164830.18",2336.29413908878,-0.0620005259364302,0.0737210679430054,-0.841015026862653,0.400339516171352,0.590409900859039,"OXR1"
"ENSG00000164841.5",38.1794471118195,-0.145350004107822,0.204193580952764,-0.711824551142212,0.476573427649575,0.656736102135509,"TMEM74"
"ENSG00000164845.16",39.7279632190679,-0.07773052581874,0.106350514220106,-0.730889985711462,0.464846353297575,0.646562902754686,"FAM86FP"
"ENSG00000164849.10",46.4815940061287,-0.0867196099802465,0.13880942836536,-0.624738614670988,0.53214262503462,0.701843062047998,"GPR146"
"ENSG00000164850.15",195.008019060938,0.142452340292708,0.166507397454641,0.855531600819802,0.392256917765542,0.58297000841728,"GPER1"
"ENSG00000164855.16",1742.02638711556,0.279921582419652,0.140329697359397,1.99474229394758,0.0460709940087996,0.147768940610305,"TMEM184A"
"ENSG00000164867.11",798.055012013507,0.119611450070991,0.163903317002364,0.729768330858524,0.465531805454929,0.64719184896488,"NOS3"
"ENSG00000164871.17",0.400667233060945,-0.609526582597894,1.01663434977086,-0.59955340160922,0.548803910513666,0.715036931675386,"SPAG11B"
"ENSG00000164877.19",2162.86982741995,0.121196402609841,0.112887495691317,1.07360343027933,0.283000459527642,0.475519042043696,"MICALL2"
"ENSG00000164879.7",135.327445046565,-0.0679277994565656,0.196588742565083,-0.345532498810695,0.729694082482795,0.845038577551513,"CA3"
"ENSG00000164880.16",7047.77016060516,0.192371241030032,0.0943567066961689,2.0387659527952,0.0414733918608654,0.137856792654133,"INTS1"
"ENSG00000164885.13",787.115652523415,0.200967245283486,0.0854870686264704,2.35084964910422,0.0187306005524847,0.0816976135456406,"CDK5"
"ENSG00000164889.15",3954.82801710656,0.00739142649831972,0.0754226252980709,0.0980001222326686,0.921932196308403,0.958779370262349,"SLC4A2"
"ENSG00000164896.20",3293.87848878409,0.131867446106596,0.0831592575044198,1.58572178328537,0.112802435489303,0.264139223853239,"FASTK"
"ENSG00000164897.14",1984.93427319004,0.17319421903414,0.0982056133599941,1.76358777373813,0.0778014076349502,0.207838712187495,"TMUB1"
"ENSG00000164898.13",19.7740906146589,-0.103525011182025,0.0869267022044459,-1.1909460333436,0.233674771433131,0.420685349338843,"FMC1"
"ENSG00000164900.4",2.83885438310253,-0.487317207533919,0.368764532556262,-1.3214861097293,0.186339330990496,0.364350463773217,"GBX1"
"ENSG00000164902.14",1347.91857109383,0.109201695112094,0.0419772728891001,2.60144805977735,0.00928311211821555,0.0510425518995459,"PHAX"
"ENSG00000164904.18",2257.79241459224,0.0432445039970058,0.0717841565104058,0.602424073768104,0.546891889317081,0.713745340076235,"ALDH7A1"
"ENSG00000164916.11",2864.71785654931,0.0148097391235828,0.0819900815354879,0.180628422929091,0.856659244563859,0.923121317622494,"FOXK1"
"ENSG00000164919.11",3292.35246685598,0.0883756807610004,0.0857528611315554,1.03058579731143,0.302735099152373,0.495816590716251,"COX6C"
"ENSG00000164920.9",238.630863497814,0.0421677768457956,0.157089450191488,0.268431627931692,0.788367096963801,0.88267103037449,"OSR2"
"ENSG00000164924.18",45154.8089476873,0.207227924666247,0.0752637402020014,2.7533567174587,0.0058987584499525,0.0375429870147713,"YWHAZ"
"ENSG00000164929.17",381.300821893181,-0.551000418060903,0.218145054677929,-2.52584418599085,0.0115420659553905,0.0589914034161523,"BAALC"
"ENSG00000164930.12",2766.42516413845,-0.0880431197218897,0.0857311915375046,-1.02696717662408,0.304435920154266,0.497696297063392,"FZD6"
"ENSG00000164932.13",3499.64715988005,0.168000795365973,0.168408160325822,0.997581085387663,0.318482536710624,0.51223377269115,"CTHRC1"
"ENSG00000164933.12",14.8970087195341,-0.49087154229567,0.172344550786993,-2.84819879743315,0.00439674504323014,0.0306888877733883,"SLC25A32"
"ENSG00000164934.14",2603.44020633962,0.0698278330855429,0.0865747300414921,0.806561372493763,0.419919235880148,0.608056373455213,"DCAF13"
"ENSG00000164935.6",110.569725910349,0.111004335741049,0.182612457029053,0.607868365318521,0.543274782339373,0.711115048916641,"DCSTAMP"
"ENSG00000164938.14",4003.85331987801,-0.3885266252166,0.100812036774366,-3.85397059367212,0.000116217559978823,0.00245043142772321,"TP53INP1"
"ENSG00000164941.14",1867.7815281766,-0.0189510860407326,0.0798121833837869,-0.237446029381303,0.812310784267474,0.897109498461389,"INTS8"
"ENSG00000164944.12",3257.91224386062,0.0455892439193381,0.0603918221367294,0.754891015146428,0.450314377245948,0.634005013813564,"VIRMA"
"ENSG00000164946.20",176.671788297014,-0.26497544826285,0.168089230375518,-1.5763975340412,0.114934216339735,0.267382074250493,"FREM1"
"ENSG00000164949.8",2368.36499004481,-0.152195830401702,0.143002190882423,-1.06429020046859,0.287197255898537,0.479617688635132,"GEM"
"ENSG00000164951.16",2299.87805331491,0.00423260102467529,0.0971435839228323,0.0435705669253209,0.965246713599409,0.982827820193128,"PDP1"
"ENSG00000164953.16",577.013588704302,-0.287580953823098,0.0905448497179174,-3.17611608743098,0.0014926120834184,0.0145217808571738,"TMEM67"
"ENSG00000164961.16",2636.35785972197,0.106215057673887,0.0683642475764583,1.55366381462908,0.120264628743699,0.275243712433076,"WASHC5"
"ENSG00000164967.10",730.156918531202,0.180753496999587,0.0862887203488638,2.09475231836565,0.0361930157539097,0.125753921258079,"RPP25L"
"ENSG00000164970.15",1101.81061074199,0.0147139930210817,0.0599243776344009,0.245542692338866,0.806036255984028,0.893217937218006,"FAM219A"
"ENSG00000164972.13",236.303671323661,-0.711834476628991,0.252784073360013,-2.8159783453414,0.00486289442963584,0.0327932639752615,"C9orf24"
"ENSG00000164975.15",1446.57280455476,-0.0321003855111941,0.0638942157590725,-0.502398928132022,0.615386932875038,0.765852166425263,"SNAPC3"
"ENSG00000164976.9",1183.00824001365,0.181293887093234,0.10430773640088,1.73806750437454,0.0821989199381509,0.215821349353467,"MYORG"
"ENSG00000164978.18",492.599428199213,0.12365267303235,0.0961595583514764,1.28591140758345,0.198473982008396,0.37893074222993,"NUDT2"
"ENSG00000164983.7",1894.89002144784,0.0469793554471092,0.105816180645601,0.443971377160665,0.657063278080969,0.795796448872021,"TMEM65"
"ENSG00000164985.15",2353.8617247341,-0.0566045905234859,0.0773347672252255,-0.731942340482306,0.464203761684424,0.646128008602346,"PSIP1"
"ENSG00000164989.17",166.998943268863,-0.354604903962747,0.0960551783304201,-3.69167920070839,0.000222778348438405,0.00389810644142937,"CCDC171"
"ENSG00000165006.14",4402.988241069,0.0744967493142421,0.0699796421200257,1.06454887532104,0.287080125708858,0.479484002894311,"UBAP1"
"ENSG00000165023.7",22.6185581332619,-0.701436365163354,0.247835926739038,-2.83024488980542,0.00465123877573928,0.0318170726444807,"DIRAS2"
"ENSG00000165025.15",2933.37218602344,-0.0152919262493515,0.0776903020662285,-0.196831854718696,0.843959122262534,0.915182432984384,"SYK"
"ENSG00000165028.12",125.480533616625,-0.342703582513817,0.0958083035426381,-3.57697161771893,0.000347597898436352,0.0053159144219693,"NIPSNAP3B"
"ENSG00000165029.17",3219.55472696724,-0.19054748840092,0.113188429239923,-1.68345377421062,0.0922872808407125,0.232396977613633,"ABCA1"
"ENSG00000165030.4",1722.6334870801,0.127178630108866,0.0877608131534899,1.44915054383596,0.147295545443033,0.31334619216678,"NFIL3"
"ENSG00000165046.13",144.480810994756,0.209833403687484,0.106552955616265,1.96928750097903,0.0489200856757333,0.153537447750726,"LETM2"
"ENSG00000165055.16",1090.81075676137,-0.0283740836647619,0.0579490444514825,-0.489638507991584,0.624389722174501,0.772723478565001,"METTL2B"
"ENSG00000165060.15",214.841165957915,0.0516741592010774,0.0545431615285339,0.947399412739291,0.343435290265641,0.536805498418044,"FXN"
"ENSG00000165061.15",47.6894326346387,-0.958535684630845,0.348673246149115,-2.74909444649766,0.00597601640629333,0.0378609922387676,"ZMAT4"
"ENSG00000165066.13",3.04384266957967,0.178737674932389,0.278204332252774,0.642469056772235,0.520568674239021,0.693529126508193,"NKX6-3"
"ENSG00000165071.15",192.211422940148,0.207215302601471,0.146700089000478,1.41250972656735,0.157799928793292,0.327798903682227,"TMEM71"
"ENSG00000165072.10",608.397069309179,-0.196449548511028,0.198474431134319,-0.989797765829491,0.322272977076726,0.516030622827001,"MAMDC2"
"ENSG00000165076.14",2.61858018141582,-0.671661674264545,0.24516955819131,-2.73958022855528,0.00615176985523409,0.0385999467584287,"PRSS37"
"ENSG00000165078.13",48.7082731225562,-0.479304921645216,0.245640220999891,-1.95124772194953,0.0510275846058752,0.157828072675901,"CPA6"
"ENSG00000165084.16",152.453946521287,-0.393112195028092,0.175056988796765,-2.24562411206834,0.0247280947024886,0.0978106756480874,"C8orf34"
"ENSG00000165091.18",21.2316004023506,-0.078800941429271,0.16438124355993,-0.479379153744764,0.631668920867707,0.777397359989966,"TMC1"
"ENSG00000165092.13",5901.38797646544,-0.0362085274502978,0.180194646232542,-0.200941194465736,0.840744556068038,0.913373800149086,"ALDH1A1"
"ENSG00000165097.16",1390.64233925258,-0.0419188255957242,0.0644395986705742,-0.650513449191702,0.515360617170512,0.689591001564902,"KDM1B"
"ENSG00000165102.15",6320.8546732713,0.0296113952028984,0.0909131326589448,0.32571086637157,0.7446431220171,0.854602152532726,"HGSNAT"
"ENSG00000165105.10",1992.02829394676,-0.0147649688191939,0.0998471389322894,-0.1478757326157,0.882440840193872,0.937383725321983,"RASEF"
"ENSG00000165113.13",208.717859674497,-0.174538520315878,0.0843216276202553,-2.06991403322902,0.0384603955528822,0.131033764750523,"GKAP1"
"ENSG00000165115.15",264.728857989116,-0.316955813549187,0.0911358356412195,-3.47783954927421,0.000505472396641077,0.00680222008947914,"KIF27"
"ENSG00000165118.15",938.968406550223,0.101783170937295,0.0520916523649383,1.953924790564,0.0507101122909426,0.157152729079619,"C9orf64"
"ENSG00000165119.21",21026.0674450701,0.0941585112051449,0.0349320754405087,2.69547428882381,0.00702885021197005,0.042301429881981,"HNRNPK"
"ENSG00000165121.11",153.984165031569,-0.396687480879422,0.0872139204098295,-4.54844225572404,5.40444678611583e-06,0.000254841830087526,"AL353743.1"
"ENSG00000165124.18",1468.1407579677,0.0342398507500136,0.164974662253039,0.207546118188115,0.835583379557924,0.910548489644605,"SVEP1"
"ENSG00000165125.22",54.1542985395479,0.0740436388672562,0.215310647925846,0.343892137154113,0.730927405291309,0.845955854285043,"TRPV6"
"ENSG00000165138.18",1415.79197636872,-0.0133909163575836,0.0636934636209393,-0.21024004028541,0.833480330215444,0.909233775948706,"ANKS6"
"ENSG00000165140.11",2738.79984867092,0.117097197322767,0.131690116801181,0.88918743613505,0.373902353900616,0.565825862733739,"FBP1"
"ENSG00000165152.9",441.121871093343,0.231053819071001,0.182973898302143,1.26276928684912,0.206672105414451,0.388252698988889,"PGAP4"
"ENSG00000165156.15",1876.7414502032,-0.0101432442143241,0.0672948027968703,-0.150728493030012,0.880189895825754,0.935906301355014,"ZHX1"
"ENSG00000165164.14",83.8432534806121,-1.21353883298082,0.25426246792648,-4.77278004448424,1.81700197950535e-06,0.000116782716030254,"CFAP47"
"ENSG00000165168.8",6197.47449737839,0.0117031857187985,0.1403737978206,0.0833715828772786,0.933556083406682,0.965110497614051,"CYBB"
"ENSG00000165169.11",1661.54059339317,0.0781429231857745,0.0667768542264533,1.17020970950169,0.24191658641156,0.430218947246411,"DYNLT3"
"ENSG00000165171.11",265.741713351048,0.337439435439704,0.14613784207233,2.30904898180096,0.0209408633402092,0.0876812805629989,"METTL27"
"ENSG00000165175.16",3595.62539638077,-0.0431842838213337,0.0995390734573303,-0.433842533604109,0.664402792535677,0.801593120923728,"MID1IP1"
"ENSG00000165178.9",137.595748753935,0.030773947034654,0.133122987097653,0.231169294691979,0.817183283266679,0.900101999927134,"NCF1C"
"ENSG00000165181.16",164.351084196309,-0.368810771376903,0.223729773622698,-1.64846531333318,0.0992572229322723,0.243305162942434,"SHOC1"
"ENSG00000165182.12",6.23801022464696,-0.26338244746793,0.153006886709202,-1.72137642385014,0.0851825395822876,0.220728773163591,"CXorf58"
"ENSG00000165185.15",672.050800538126,-0.252459390562299,0.0861086546956009,-2.93187010591163,0.00336927636551112,0.0256454773747055,"KIAA1958"
"ENSG00000165186.12",63.8874431581129,-0.159297024277328,0.231904835923111,-0.686906866962204,0.492141419350509,0.670034208282534,"PTCHD1"
"ENSG00000165188.13",149.795845021023,-0.131242777842059,0.259979092475929,-0.504820509188484,0.613684909529511,0.764914299283833,"RNF183"
"ENSG00000165192.14",7.68268747159091,-0.496493801513694,0.228655954860663,-2.17135740819103,0.0299041658471747,0.110413595824552,"ASB11"
"ENSG00000165194.15",58.2123661120682,0.0751549470412672,0.186521733235937,0.402928633234398,0.687000726468024,0.81678088727279,"PCDH19"
"ENSG00000165195.16",1467.71881356881,-0.206766482053194,0.0942582642609117,-2.19361648206097,0.0282629925007668,0.106383245825668,"PIGA"
"ENSG00000165197.5",455.660675625988,-0.243613722806895,0.259826281683411,-0.937602313470848,0.348448822036516,0.54221754236881,"VEGFD"
"ENSG00000165209.19",1568.91188349053,-0.154805260088417,0.068141512409101,-2.27182013746646,0.0230973760610309,0.0933682541524891,"STRBP"
"ENSG00000165215.6",4165.87651493884,0.209757594060942,0.170856619602241,1.2276819859205,0.219566371363412,0.403801756714472,"CLDN3"
"ENSG00000165219.22",2790.44626421963,-0.199095361323715,0.0628153246319274,-3.16953486255677,0.00152683140423662,0.0147555291556603,"GAPVD1"
"ENSG00000165233.18",841.398677652927,0.195300014240668,0.0787373395143853,2.48039894978908,0.0131235455893249,0.0643100093178382,"CARD19"
"ENSG00000165238.16",559.314600125323,-0.0184652073920922,0.181258959708744,-0.101871970476731,0.918858298509077,0.957332164990227,"WNK2"
"ENSG00000165240.20",1221.66453396998,-0.0685299559905372,0.0750041385448618,-0.913682329003056,0.3608837919758,0.553988569081995,"ATP7A"
"ENSG00000165244.7",306.244956827115,0.169847556215244,0.111849581898368,1.51853545925255,0.128879467466413,0.288165487599683,"ZNF367"
"ENSG00000165246.14",106.432875027757,0.115844736372509,0.457240315042678,0.253356347988905,0.799992856648425,0.889881796738924,"NLGN4Y"
"ENSG00000165259.14",174.238142432793,0.116749229199032,0.106326590802461,1.09802475860375,0.272193678250544,0.464316259336578,"HDX"
"ENSG00000165264.11",1417.47310231857,0.137166263806022,0.0845306980543713,1.62267988982884,0.10465785251176,0.251797505685361,"NDUFB6"
"ENSG00000165269.13",192.93055793183,-0.502457402115094,0.206308901909677,-2.43546156983121,0.0148728043525108,0.0699580407855418,"AQP7"
"ENSG00000165271.17",3274.5521433016,0.126105857931871,0.0717569414854729,1.75740291212665,0.0788491573102119,0.209858901137492,"NOL6"
"ENSG00000165272.16",21678.2848800324,-0.55777020293398,0.180009358058835,-3.09856225781148,0.00194462107531924,0.0175548452984282,"AQP3"
"ENSG00000165275.10",305.138062745916,-0.270461256880946,0.0633397482869974,-4.27000839434133,1.95465610556315e-05,0.000655351115030353,"TRMT10B"
"ENSG00000165280.17",15001.4796992534,0.122877753437849,0.0548900271780325,2.23861709959265,0.0251808406695581,0.098989931327382,"VCP"
"ENSG00000165282.14",1740.95925848918,0.0394477966492288,0.0589383784748168,0.669305767651618,0.50330044835946,0.679332848221308,"PIGO"
"ENSG00000165283.16",3637.04911189655,0.186908920061199,0.0859994822697953,2.1733726195564,0.0297522838682548,0.110060309647312,"STOML2"
"ENSG00000165288.11",1268.60625226901,-0.179570726981921,0.0925741576578538,-1.9397500503931,0.0524100737067729,0.160730341186403,"BRWD3"
"ENSG00000165300.7",140.474744557961,-0.440327259171904,0.228651623204261,-1.92575610442331,0.054134834799848,0.164071877974521,"SLITRK5"
"ENSG00000165304.8",718.105576872673,0.308895404089524,0.160245519390162,1.92763832190174,0.0539001287586395,0.163567312620671,"MELK"
"ENSG00000165309.14",260.287958646564,-0.644291577768993,0.197641602170689,-3.25989857748959,0.00111452060490033,0.0118662406456497,"ARMC3"
"ENSG00000165312.6",1119.9454848142,-0.0279138844923872,0.111658990578222,-0.249992269747703,0.802593326724125,0.891493665186211,"OTUD1"
"ENSG00000165322.18",2724.15838895011,-0.0314527186296991,0.0676899217909347,-0.464658811792443,0.642175808569795,0.784818858310758,"ARHGAP12"
"ENSG00000165323.15",107.357365829754,-0.51182874366021,0.204945763370566,-2.49738630963921,0.0125112576559705,0.0621790268906146,"FAT3"
"ENSG00000165325.14",48.3555005563116,-0.128503610801785,0.199632946546343,-0.643699414474927,0.519770369690339,0.693047976214524,"DEUP1"
"ENSG00000165338.17",517.614715846857,-0.203753262512407,0.0798546834397471,-2.55155056329471,0.010724476138675,0.0562195658947861,"HECTD2"
"ENSG00000165349.12",3.03987700559762,-0.695003300297756,0.236879138039374,-2.93399961706308,0.00334624621247434,0.0255162895951839,"SLC7A3"
"ENSG00000165355.7",968.895587564731,-0.044618775669694,0.0688827553002847,-0.6477495778905,0.517146932359625,0.690921561467754,"FBXO33"
"ENSG00000165359.16",499.094163303466,-0.271858542241868,0.0912448820001041,-2.97943880558208,0.00288776904435723,0.0230061006924588,"INTS6L"
"ENSG00000165370.3",1.04138043449709,-1.29081883966753,0.48524666126433,-2.66012925530336,0.0078110669072036,0.0453450480456023,"GPR101"
"ENSG00000165376.11",1066.3079078688,-0.921773754692677,0.276857289135933,-3.32941840747454,0.000870275588162684,0.00998761984029653,"CLDN2"
"ENSG00000165379.13",35.3680567557647,0.120105880187028,0.150608546284644,0.797470549646187,0.425177800188435,0.612705158143158,"LRFN5"
"ENSG00000165383.11",35.2111977079202,-0.836265750357173,0.235533426123074,-3.55051834519741,0.000384473339232808,0.00567639507010105,"LRRC18"
"ENSG00000165389.7",7349.0429329723,-0.087540452529744,0.114561644540708,-0.764134042250396,0.44478736747273,0.629551306235422,"SPTSSA"
"ENSG00000165392.11",716.349833341586,-0.105933672479155,0.0643712708426033,-1.64566694260515,0.0998323485227858,0.244127694903831,"WRN"
"ENSG00000165406.16",1732.05875634708,-0.0608176600498843,0.0564085409405934,-1.07816403395249,0.280960559336837,0.473566377897088,"MARCHF8"
"ENSG00000165409.18",41.9259648157087,-0.466067637879642,0.195055027081247,-2.38941618092985,0.0168751740200318,0.0761592976930662,"TSHR"
"ENSG00000165410.15",1602.09256588024,0.138543942345161,0.102872193513142,1.34675792956102,0.178058208279705,0.354021913241584,"CFL2"
"ENSG00000165416.15",2102.92516211266,0.0504835028761089,0.0618690293019765,0.81597373428479,0.414515158314608,0.603392306551664,"SUGT1"
"ENSG00000165417.12",2341.84673139295,0.0116914851513949,0.0584718590998703,0.199950631489684,0.841519191702935,0.913667442256908,"GTF2A1"
"ENSG00000165424.7",1304.14584164299,-0.0100628723733879,0.0892815144875322,-0.112709472180752,0.910260891391984,0.952218810315884,"ZCCHC24"
"ENSG00000165434.8",2010.08946044887,-0.0483872360363376,0.113960007174268,-0.424598394087003,0.671129463898954,0.805993947215278,"PGM2L1"
"ENSG00000165443.12",25.1197758220269,-1.37582988556764,0.234792041443929,-5.85978075366839,4.63478678335802e-09,1.40278142162126e-06,"PHYHIPL"
"ENSG00000165449.11",1202.19014565385,0.397249642302962,0.229658448820451,1.72974103214263,0.0836765541489059,0.218149417489041,"SLC16A9"
"ENSG00000165457.14",1021.70426492399,0.282815718770649,0.153616214737878,1.84105381878619,0.0656136722919587,0.186182220371276,"FOLR2"
"ENSG00000165458.14",6624.31510082104,-0.115074919389384,0.0756495221917179,-1.52115857516919,0.128220048089203,0.287282773359835,"INPPL1"
"ENSG00000165462.5",1.59436473782215,0.962925578627254,0.474400137418447,2.02977508368194,0.0423794067547569,0.139738297423603,"PHOX2A"
"ENSG00000165474.8",1891.49675831164,0.470978352543121,0.218725896249757,2.15328116431776,0.031296588190243,0.113949837119178,"GJB2"
"ENSG00000165475.15",1225.02132331487,0.0774840502723373,0.0961044917212277,0.806247958702044,0.420099890808654,0.60815660773513,"CRYL1"
"ENSG00000165476.14",4703.89848575723,0.11046941735742,0.0867273367140887,1.27375544485588,0.202750099991557,0.383674401740179,"REEP3"
"ENSG00000165480.16",322.3836633357,0.372890824788455,0.149549790179972,2.49342258748547,0.012651816917314,0.0626810923553775,"SKA3"
"ENSG00000165487.14",1767.62977252728,-0.0362238672883801,0.0591581321358288,-0.612322701555368,0.540324272727058,0.708424211865551,"MICU2"
"ENSG00000165490.13",319.812966644108,0.0840190134850379,0.122882475040831,0.683734710398049,0.494142700987938,0.671653994610575,"DDIAS"
"ENSG00000165494.11",1962.70546442418,-0.176518178439475,0.062563446345709,-2.82142670760308,0.00478105610820083,0.0324054765900509,"PCF11"
"ENSG00000165495.16",225.016788163638,-0.297324909093605,0.170758552198102,-1.74120069107092,0.0816484061740925,0.21492096669466,"PKNOX2"
"ENSG00000165496.5",1.96680983520399,0.10746400439746,0.258273645023194,0.416085831706945,0.67734719717387,0.810630153330804,"RPL10L"
"ENSG00000165501.17",389.793001545941,0.00199234848064944,0.0925441639952589,0.0215286236823266,0.982823970354509,0.991550255909475,"LRR1"
"ENSG00000165502.7",6493.2307839556,0.159132356621229,0.0771203570523489,2.06342868087619,0.0390719173254781,0.132561025529109,"RPL36AL"
"ENSG00000165506.15",791.180009457587,-0.124493467409457,0.0823309922783671,-1.51210940089894,0.130506033696596,0.290514668351216,"DNAAF2"
"ENSG00000165507.9",7141.75279069799,0.249695227789599,0.14404242947915,1.73348386786091,0.0830097023758468,0.217013270507181,"DEPP1"
"ENSG00000165509.13",6.57788413988119,-0.185625098328132,0.301347818579721,-0.615982883841668,0.537905816474429,0.706171070500125,"MAGEC3"
"ENSG00000165511.6",123.769482243473,0.0289192279751803,0.0931648903458713,0.310409080800919,0.75624988948557,0.862024809158484,"ZNF22-AS1"
"ENSG00000165512.5",953.152274255728,0.0317689785012466,0.0637262500356091,0.498522641509498,0.618115714774187,0.76784174068046,"ZNF22"
"ENSG00000165516.11",1672.61704212507,-0.194166595123444,0.0722713527972852,-2.68663291343203,0.00721762259484985,0.0429945086867661,"KLHDC2"
"ENSG00000165521.15",26.6993688352825,-0.511210518246959,0.182047033729404,-2.80812330623759,0.0049831142630028,0.033340599509275,"EML5"
"ENSG00000165525.18",1297.0449065863,-0.114279798013157,0.0757517744432137,-1.50860885904165,0.131398768891479,0.291663391739716,"NEMF"
"ENSG00000165526.9",1015.18025173304,0.0429589008007277,0.0569011500337942,0.754974210103204,0.450264456645472,0.63396153916509,"RPUSD4"
"ENSG00000165527.7",7485.93890833074,0.157108705992256,0.0579913775135778,2.70917354835159,0.0067451047117404,0.0410791643508643,"ARF6"
"ENSG00000165533.19",778.726089683313,0.0138599227439418,0.058701483188845,0.23610856133488,0.813348430740709,0.897927821223942,"TTC8"
"ENSG00000165548.11",508.005300792211,-0.142576573631039,0.214333806739581,-0.665208050003387,0.505917432374951,0.681481998545851,"TMEM63C"
"ENSG00000165553.4",2.89279927092265,-0.762910562092421,0.469936163306997,-1.62343446123347,0.104496562945023,0.251591269173318,"NGB"
"ENSG00000165555.9",30.7934441003966,-0.271279841383264,0.106112182481312,-2.55653813765483,0.0105719481562778,0.05572702184404,"NOXRED1"
"ENSG00000165556.10",30.2951919792296,1.36410517969338,0.354745640440508,3.84530498528324,0.00012040258944009,0.00250006061730021,"CDX2"
"ENSG00000165566.12",4.57468106482869,-0.45923327666889,0.314552638552189,-1.45995684150873,0.144301935686515,0.309531882276345,"AMER2"
"ENSG00000165568.18",153.69942534694,-0.155460015754114,0.151012863902666,-1.02944882797742,0.303268814340379,0.496446486175349,"AKR1E2"
"ENSG00000165572.8",506.891861960098,0.113128454968195,0.068708897414206,1.64648916262198,0.0996630894971733,0.243887044368202,"KBTBD6"
"ENSG00000165583.15",4.37182032407367,-1.04800530632019,0.646893179939155,-1.62005929080712,0.105219541134398,0.252546621223236,"SSX5"
"ENSG00000165588.18",5.98063700916532,-2.74602732129196,0.572657278394193,-4.79523691551112,1.62482684513682e-06,0.000106907826393557,"OTX2"
"ENSG00000165591.6",609.720721379309,-0.00444162650218858,0.0987671811734474,-0.0449706719318893,0.964130685702961,0.982300633064757,"FAAH2"
"ENSG00000165606.9",115.920569716866,0.154539379748292,0.302210379018141,0.511363574773239,0.609096495844387,0.76126772415899,"DRGX"
"ENSG00000165609.13",2358.67292873789,0.0599358941356392,0.0671758334555392,0.892224049223121,0.372272854279949,0.564347900259561,"NUDT5"
"ENSG00000165617.15",430.370496010214,0.111002243050189,0.12804502226961,0.86690010343756,0.385996746849919,0.577261238562319,"DACT1"
"ENSG00000165621.8",13.4442498294148,-0.232665401354317,0.261936393088151,-0.888251527828042,0.374405466997707,0.566208549296147,"OXGR1"
"ENSG00000165626.17",474.74740617869,-0.164885969538936,0.134748872455418,-1.22365379787122,0.221082855754856,0.405567714916531,"BEND7"
"ENSG00000165629.20",6109.33510006447,0.143166946395689,0.074673675382579,1.91723449612189,0.0552081474378682,0.166053379044985,"ATP5F1C"
"ENSG00000165630.14",230.782965565604,0.0688295478690126,0.052793011664363,1.30376248103828,0.19231457863139,0.371474197399331,"PRPF18"
"ENSG00000165632.8",650.522555506918,0.0319282563489212,0.0524056067876538,0.609252679361079,0.542356967507382,0.710278126002017,"TAF3"
"ENSG00000165633.13",902.018417021667,-0.13615989436406,0.117501173853714,-1.15879603495345,0.246539334112025,0.435763115873415,"VSTM4"
"ENSG00000165637.13",2677.39226857868,0.205908619956831,0.0716453598683097,2.87399798584736,0.00405311547846228,0.0290694471401217,"VDAC2"
"ENSG00000165643.11",3.28248685869644,-0.367016781022694,0.358663294397689,-1.02329060920224,0.306170462504555,0.499550757567467,"SOHLH1"
"ENSG00000165644.11",577.841575933647,0.211024868766856,0.12716748754182,1.65942469137372,0.0970302442203872,0.24007341861098,"COMTD1"
"ENSG00000165646.14",76.4679724528484,-0.538070203810106,0.162315953382333,-3.31495575510492,0.000916576308803103,0.0103442627284684,"SLC18A2"
"ENSG00000165650.12",2184.93333393337,0.0656717978432745,0.0870878888068681,0.754086460735231,0.45079730670989,0.634443470252467,"PDZD8"
"ENSG00000165655.17",1117.42431734292,0.0188053717511424,0.0989358845165155,0.190076349375572,0.849249302681921,0.918495826728688,"ZNF503"
"ENSG00000165660.8",1027.61039245059,0.0527193822648417,0.0406537483542868,1.29679019522151,0.194703385183,0.37430764539194,"ABRAXAS2"
"ENSG00000165661.17",1185.41558771123,-0.0204039871909705,0.0709418739206496,-0.287615565579687,0.773641028526475,0.8734978384621,"QSOX2"
"ENSG00000165669.14",1523.81533412485,0.00112582257630501,0.0617111459506553,0.0182434235981491,0.985444661370038,0.992898634504443,"FAM204A"
"ENSG00000165671.21",3509.85132683922,-0.0175422720780932,0.0670614075714922,-0.261585205461008,0.793641251293094,0.88608002978578,"NSD1"
"ENSG00000165672.7",6596.82159791801,0.093340550665902,0.0734539931537828,1.27073487305836,0.203822984861641,0.384883366513448,"PRDX3"
"ENSG00000165675.16",719.13888130048,-0.0298941721217051,0.0559425901223217,-0.534372328065964,0.593083960192414,0.749043825601686,"ENOX2"
"ENSG00000165678.21",8287.64641385215,0.151928986203698,0.069596821852579,2.18298741464828,0.0290367368409009,0.108328112913953,"GHITM"
"ENSG00000165682.14",14.7130620722958,-0.176034544554446,0.192422258779128,-0.914834622934691,0.360278455588528,0.553391032152657,"CLEC1B"
"ENSG00000165684.4",829.726644080977,-0.083285601858361,0.0791911620135788,-1.05170324239061,0.292935722939802,0.485475087054349,"SNAPC4"
"ENSG00000165685.8",67.9672659028054,0.137657082129247,0.128049904464505,1.07502682415046,0.282362718994255,0.474854877177134,"TMEM52B"
"ENSG00000165688.12",2195.79057031041,0.0451442583390865,0.0635905412004034,0.709920964453124,0.477753149123449,0.657918414699163,"PMPCA"
"ENSG00000165689.17",1543.75957501137,0.084703728273355,0.0653472423850237,1.29620968202887,0.194903254779963,0.374479563192242,"ENTR1"
"ENSG00000165695.10",124.69256435915,-0.489423205348508,0.135599956123288,-3.60931684154471,0.000307004449415355,0.00487415313990721,"AK8"
"ENSG00000165698.16",411.701289234959,-0.265782600517629,0.108827255130697,-2.44224298589939,0.014596318644543,0.0690179287931786,"SPACA9"
"ENSG00000165699.15",1672.99883599179,-0.172949533017408,0.062273368698036,-2.77726316454858,0.00548187743630255,0.0356600518731576,"TSC1"
"ENSG00000165702.14",9.29118565397122,-0.266383672413388,0.15522742258444,-1.7160864232509,0.0861462257705308,0.22241142783373,"GFI1B"
"ENSG00000165704.15",1737.10907432615,0.116510629569817,0.0943654979296761,1.23467402944924,0.216951845103403,0.400631082091497,"HPRT1"
"ENSG00000165714.11",545.958168428054,0.0398513894428901,0.0841167735329464,0.473762696417276,0.635669138647409,0.78007123601136,"BORCS5"
"ENSG00000165716.11",377.199728990136,0.0141694726918343,0.139788622216631,0.101363562120784,0.91926186066849,0.957512909527768,"DIPK1B"
"ENSG00000165724.6",809.306216045952,0.128498335940886,0.0749352328692308,1.71479197462598,0.0863833734510359,0.222718318927077,"ZMYND19"
"ENSG00000165730.16",242.073603138397,-0.566215287399096,0.134192089448881,-4.21943863997131,2.44911365926459e-05,0.000769853737975133,"STOX1"
"ENSG00000165731.20",497.435494586497,0.0141885737552356,0.258702361414332,0.0548451652225606,0.956261817884057,0.977643606758941,"RET"
"ENSG00000165732.13",5585.0943695568,0.0803004079046734,0.0775851270341877,1.0349974405441,0.300670106491147,0.493698626196132,"DDX21"
"ENSG00000165733.8",2609.10449003313,0.0602233325220931,0.0556779611718233,1.08163681382374,0.279413939719967,0.47196997945697,"BMS1"
"ENSG00000165752.17",656.227397238928,0.233620352577429,0.0934677508117904,2.4994754934015,0.0124377301299209,0.061980145070417,"STK32C"
"ENSG00000165757.9",2845.46095903345,0.0303714167620388,0.133522745951171,0.227462493717329,0.820064130557105,0.90193238078153,"JCAD"
"ENSG00000165775.18",3057.46333261907,-0.0158214746512489,0.0864114056351544,-0.183094749297913,0.854723675588299,0.922229560907481,"FUNDC2"
"ENSG00000165782.11",1624.16379260495,-0.0117065607358835,0.0566096813048275,-0.20679432326861,0.836170489705976,0.910890128714778,"PIP4P1"
"ENSG00000165792.18",928.502805092596,-0.103218111788946,0.0654944532153835,-1.57598249502908,0.115029837457994,0.267496626175262,"METTL17"
"ENSG00000165794.10",3.60747574922453,-0.614924116418876,0.251101870824216,-2.4489029667539,0.0143292044798477,0.0681809639484879,"SLC39A2"
"ENSG00000165795.23",2086.22744366641,-0.196472372713653,0.137006546766156,-1.43403638257516,0.151561880632408,0.319432426773948,"NDRG2"
"ENSG00000165799.5",7.26153245417185,-0.129256287909151,0.284262260949796,-0.454707872502212,0.649319416446086,0.790075308085371,"RNASE7"
"ENSG00000165801.10",1569.28145235901,0.159818309307149,0.0896889426023446,1.78191764413746,0.0747626627901519,0.202561306337283,"ARHGEF40"
"ENSG00000165802.23",2368.57589276698,0.083558904937516,0.104454492965594,0.799955105473914,0.423736808763838,0.611321643808747,"NSMF"
"ENSG00000165804.16",1080.56631627251,-0.150076195730045,0.120197641525706,-1.24857853968748,0.211819265598337,0.394412685098739,"ZNF219"
"ENSG00000165806.21",1905.3987345862,-0.0103869261341884,0.0574268336182682,-0.180872346249022,0.856467775316501,0.92304816946044,"CASP7"
"ENSG00000165807.8",58.4738022782752,-0.143650509297858,0.162438259825352,-0.884339129539466,0.376513171337838,0.568131481750845,"PPP1R36"
"ENSG00000165810.17",577.167317291265,-0.415989214762676,0.226107919467989,-1.83978171017389,0.0658002916757194,0.186409897103448,"BTNL9"
"ENSG00000165813.20",2042.11832604493,-0.195338576156452,0.0676636497121758,-2.88690570176709,0.00389050812259372,0.0281947511809997,"CCDC186"
"ENSG00000165816.13",1729.40649841364,-0.35111405281049,0.134789648694722,-2.60490368667486,0.00919000893507739,0.0507233036265802,"VWA2"
"ENSG00000165819.12",1420.00288308962,-0.196853092082546,0.0662538235100473,-2.97119594996195,0.00296642444133454,0.0234475709699314,"METTL3"
"ENSG00000165821.12",703.208040606182,-0.0854312333890582,0.121772140147556,-0.701566329420983,0.482949655860565,0.662419708793186,"SALL2"
"ENSG00000165832.6",1139.86566630696,0.0546114826307459,0.0690086872661244,0.79137112723421,0.428727453433899,0.615558604566,"TRUB1"
"ENSG00000165837.12",7.35388697297671,-0.308824848317282,0.136228013213267,-2.26697021437002,0.0233920453313819,0.0941711250516913,"ERICH6B"
"ENSG00000165841.11",8.05907480973065,0.355338191235237,0.249106276020023,1.42645218303001,0.153737860060602,0.322337337048783,"CYP2C19"
"ENSG00000165861.14",1099.88432011479,0.0323165365955908,0.0526359185808275,0.613963572155877,0.539239399347666,0.707424993218882,"ZFYVE1"
"ENSG00000165863.17",7.80288203506009,-0.953950690155401,0.362820737727879,-2.62926175645142,0.00855704671718002,0.0483109642793071,"C10orf82"
"ENSG00000165868.16",531.662368347604,-0.0354801228669073,0.0935150824998157,-0.379405352788704,0.704386876240011,0.82799674124795,"HSPA12A"
"ENSG00000165874.13",2.60923289404958,0.0131694103802318,0.193140933319042,0.0681854962276575,0.94563797243327,0.971737440555262,"SHLD2P1"
"ENSG00000165879.9",311.211682801931,-0.0593177583035997,0.093439378486273,-0.634826122182672,0.525541824389361,0.697336254409748,"FRAT1"
"ENSG00000165886.5",1440.31984664152,0.0620813202250106,0.102369332497671,0.60644451526948,0.544219616013998,0.711714146671263,"UBTD1"
"ENSG00000165887.12",11.7070944708635,0.413394720393387,0.161205347344467,2.56439831062202,0.0103354860240599,0.0548540309579188,"ANKRD2"
"ENSG00000165891.16",222.021905795256,0.576708726918756,0.166310592941614,3.46766081894266,0.000525009492923927,0.00697770101713226,"E2F7"
"ENSG00000165895.19",1219.26303595136,0.000984768006903745,0.0931979787364844,0.010566409489289,0.991569381884028,0.995968511180195,"ARHGAP42"
"ENSG00000165898.14",806.485828751979,0.0317403039599284,0.0754715625590969,0.420559782833099,0.674076566238845,0.808139399344251,"ISCA2"
"ENSG00000165899.11",37.6404135515659,0.00156892343568465,0.217029576296143,0.00722907661923373,0.994232081614832,0.997271616879302,"OTOGL"
"ENSG00000165905.18",1536.19268957196,-0.247053517092675,0.153954062990814,-1.60472229373652,0.108554933461883,0.257875457428287,"LARGE2"
"ENSG00000165912.16",1532.87571985077,0.0271038082517878,0.104879217189863,0.258428781011225,0.796076006756439,0.887660208082997,"PACSIN3"
"ENSG00000165914.15",682.020975283346,0.0722105581272936,0.087849470826373,0.821980570264466,0.411087955183178,0.600173271878335,"TTC7B"
"ENSG00000165915.14",2432.10986775725,0.0819652873833831,0.0736331564090661,1.11315732450784,0.265640867387665,0.457285994303421,"SLC39A13"
"ENSG00000165916.8",5008.80189001008,0.123728810754079,0.066685861070014,1.85539796245827,0.0635394181484506,0.182489462423772,"PSMC3"
"ENSG00000165917.10",13.1562544269798,-0.124103115557007,0.155495493113522,-0.798113907175456,0.424804391677466,0.612490260799354,"RAPSN"
"ENSG00000165923.16",112.807461926221,-0.514975406129093,0.142941210202444,-3.60270775236718,0.000314919525287212,0.00495961010188607,"AGBL2"
"ENSG00000165929.13",5100.64445589344,-0.233457510027631,0.118902361674953,-1.96343879750548,0.049595209422736,0.154879777442186,"TC2N"
"ENSG00000165934.13",3245.39602609525,0.0796344886969977,0.0569735276596982,1.39774544368488,0.162189522518202,0.333391298893188,"CPSF2"
"ENSG00000165935.9",19.1791066018853,0.597109108460301,0.190148269149965,3.14022899671717,0.00168815818181894,0.0158723101799768,"SMCO2"
"ENSG00000165943.5",1574.77423803606,-0.0330121743982304,0.0740384002379904,-0.445879088312489,0.655684588501408,0.794843254767141,"MOAP1"
"ENSG00000165948.11",391.642926207052,0.0348619018154561,0.0814859275057891,0.4278272688616,0.668776882218559,0.804741533168371,"IFI27L1"
"ENSG00000165949.12",12963.9524642266,0.229206612636592,0.157998064307855,1.4506925362705,0.146865494717429,0.312913920109264,"IFI27"
"ENSG00000165959.12",1348.69222117918,-0.125786479901676,0.110693777148996,-1.13634644278481,0.255811600868137,0.446346398391221,"CLMN"
"ENSG00000165966.16",31.5096905140611,-0.199017609615745,0.20436728575136,-0.973823226570016,0.330144318513293,0.523853531420412,"PDZRN4"
"ENSG00000165970.12",1.32039397403202,-1.77309403473708,0.474251458646136,-3.73872130999617,0.000184958627601513,0.00340211468991004,"SLC6A5"
"ENSG00000165972.13",7.47801511076863,-0.0253337832036186,0.189533817088631,-0.133663657455766,0.893668544371421,0.94387750928741,"CCDC38"
"ENSG00000165973.19",314.203959315574,-0.475065246740339,0.374142907654251,-1.26974275610043,0.204176277370556,0.385288261775091,"NELL1"
"ENSG00000165983.14",1109.09172670422,0.176691541526475,0.0752555953921037,2.34788576990003,0.018880310571376,0.0821131242141585,"PTER"
"ENSG00000165985.10",51.8470911685896,0.0399046959793786,0.155124029540883,0.25724380740678,0.796990568145402,0.888073154555811,"C1QL3"
"ENSG00000165995.22",152.922407024974,-0.120033631770119,0.146415891440591,-0.819812867231175,0.41232279464229,0.60133516900195,"CACNB2"
"ENSG00000165996.14",298.538246308171,0.308795777192401,0.150587048619709,2.05061311728228,0.040304637939915,0.135213856402014,"HACD1"
"ENSG00000165997.5",2148.50932583295,-0.0582822122547041,0.0822395117192508,-0.708688695206118,0.47851768168007,0.658562654548161,"ARL5B"
"ENSG00000166002.7",1234.46181454863,0.0984363562397633,0.0784031755419092,1.25551491453488,0.209291897298672,0.391458153750826,"SMCO4"
"ENSG00000166004.15",474.465250933916,-0.252623803433528,0.105131554319746,-2.4029303577611,0.0162642845088987,0.0743188064994186,"CEP295"
"ENSG00000166006.14",5.6860462344475,-1.22112108621885,0.445839442866383,-2.7389256508308,0.00616403112827336,0.0386248539190811,"KCNC2"
"ENSG00000166012.17",2395.06293832862,-0.1097951036897,0.0734040324606062,-1.49576392480378,0.134715185345173,0.296220372874768,"TAF1D"
"ENSG00000166016.6",545.303726607586,0.327009488039578,0.10026814978598,3.26134957848104,0.00110883246243123,0.0118208002471095,"ABTB2"
"ENSG00000166024.14",747.542220500583,-0.181593246756516,0.0484780004263146,-3.74588978834911,0.000179755500724171,0.00333218256437073,"R3HCC1L"
"ENSG00000166025.18",2224.10138064549,0.0173943319281318,0.122118704660169,0.142437900701097,0.886734127137263,0.939655875583474,"AMOTL1"
"ENSG00000166033.13",4399.1763849977,0.0747822777159124,0.112193093277938,0.666549745006608,0.505059778787347,0.680881828046733,"HTRA1"
"ENSG00000166035.11",44.0310986841442,-0.051241411891762,0.159207489376284,-0.321853023953251,0.747564042459044,0.856598135128994,"LIPC"
"ENSG00000166037.11",1431.6115645515,-0.0598253116738134,0.0542494267741677,-1.10278237450982,0.270121684052328,0.461993281986754,"CEP57"
"ENSG00000166046.11",492.163307587608,-0.272583837165076,0.0985342279466464,-2.76638730363496,0.00566811722638109,0.036536036169972,"TCP11L2"
"ENSG00000166049.11",3.23159018477646,0.500158428410349,0.636214967287876,0.786146906512554,0.431781426742237,0.617867232894752,"PASD1"
"ENSG00000166068.13",4121.70732917646,0.0456687348252027,0.0950660502733636,0.480389525954657,0.630950440636336,0.776969657799332,"SPRED1"
"ENSG00000166073.11",579.286247997434,0.360934598119314,0.127140462914366,2.83886490457738,0.00452743203943762,0.0312844870057692,"GPR176"
"ENSG00000166086.13",515.949057566227,-0.116069409187772,0.134675949308507,-0.861842146156977,0.388774388830717,0.579826444803166,"JAM3"
"ENSG00000166091.21",5.69322515845193,0.126840509311152,0.220922848519811,0.574139389207527,0.565873480570396,0.728242202884816,"CMTM5"
"ENSG00000166104.15",42.9232225348405,-0.875375043928244,0.255946364494759,-3.4201503336695,0.000625865382981716,0.00786299479079633,"AC126323.1"
"ENSG00000166105.16",937.501453494384,-1.19859506160463,0.303842094964878,-3.94479593666302,7.98679634252485e-05,0.00186730625443595,"GLB1L3"
"ENSG00000166106.3",288.078187841186,0.158958869632401,0.15967463894131,0.995517326272629,0.31948472171356,0.513225806514333,"ADAMTS15"
"ENSG00000166111.10",3.87041187573077,-0.281693024093294,0.303249431890642,-0.928915257440213,0.35293300526238,0.546495444128199,"SVOP"
"ENSG00000166123.14",2976.71184203597,-0.0749233332532365,0.16417247567439,-0.456369637757276,0.648124195307497,0.789102169843573,"GPT2"
"ENSG00000166126.11",376.251034450457,0.516160165154861,0.184910416900209,2.79140663791494,0.00524794951082502,0.0346773601152531,"AMN"
"ENSG00000166128.13",1841.59642036064,0.00914384308459126,0.0939167530578092,0.0973611500278644,0.922439595895113,0.959098955612179,"RAB8B"
"ENSG00000166130.15",1062.47078588817,0.157465549345276,0.0817921685008468,1.92519103272883,0.0542054635344731,0.164194568051425,"IKBIP"
"ENSG00000166133.18",402.014180283524,0.222908388240463,0.0636547527061015,3.50183417206327,0.000462067113003352,0.00641742151941992,"RPUSD2"
"ENSG00000166135.14",2567.15017365827,-0.0387671162877006,0.0518711244421266,-0.747373740296562,0.454837991925458,0.638169172264856,"HIF1AN"
"ENSG00000166136.16",155.800698315718,0.0847765006467978,0.0700765342950299,1.20977016771234,0.226367096467726,0.411917344922387,"NDUFB8"
"ENSG00000166140.17",1547.2635688091,0.012263564806696,0.0825263891579887,0.14860173735723,0.881867902020832,0.937002235973051,"ZFYVE19"
"ENSG00000166143.10",544.935592509732,0.0536385127196552,0.263979208814036,0.20319218684166,0.838984819455187,0.912254534574008,"PPP1R14D"
"ENSG00000166145.14",11918.3240643791,0.189027519630188,0.0959425327882112,1.97021606723118,0.0488136128880775,0.153330655145086,"SPINT1"
"ENSG00000166147.14",6394.51430804337,-0.0247934504970085,0.136248777086562,-0.181971912168112,0.855604768692981,0.922761566702152,"FBN1"
"ENSG00000166148.4",153.272113236654,-0.46114585584943,0.182504512414697,-2.52676413173604,0.0115118787799083,0.0589119732694582,"AVPR1A"
"ENSG00000166153.16",40.870200628954,-0.20336762565866,0.0872197265183477,-2.33167006796197,0.0197180546200472,0.0845135231963113,"DEPDC4"
"ENSG00000166159.11",1.45717279255851,-0.0596102018039742,0.31864143003176,-0.187076118124478,0.851600952558749,0.920112627816526,"LRTM2"
"ENSG00000166164.16",2654.92654601994,0.0120934414160642,0.0493512156820756,0.245048500810418,0.806418877703849,0.89332957307762,"BRD7"
"ENSG00000166165.13",5023.97202364625,-0.167223077496201,0.150155247900345,-1.11366788596816,0.265421691212776,0.457101405211409,"CKB"
"ENSG00000166166.13",1007.16488742401,0.104798502810906,0.07998982875246,1.31014785811356,0.190145820992619,0.368954704412359,"TRMT61A"
"ENSG00000166167.18",1115.10534680631,0.0231166860890682,0.0456203587298117,0.506718639061513,0.612352250483982,0.763845765281499,"BTRC"
"ENSG00000166169.17",985.584722196432,0.0317494954921533,0.0544053813381756,0.583572703861835,0.559507829241661,0.723461789612499,"POLL"
"ENSG00000166170.10",2482.50561783401,0.0696551591156734,0.0506676878533259,1.37474516929434,0.16921046231457,0.342343651372791,"BAG5"
"ENSG00000166171.13",713.592860392699,0.0349157052156317,0.0796485425740201,0.438372179668991,0.661116510166621,0.798794695831136,"DPCD"
"ENSG00000166173.11",339.556364537606,0.32604524519103,0.134010347538642,2.43298559536244,0.0149748966215414,0.0702988202511248,"LARP6"
"ENSG00000166181.13",3989.60466551952,-0.0711741242138894,0.0450194473059363,-1.5809639716413,0.11388627577995,0.265855116053569,"API5"
"ENSG00000166183.16",130.335499522046,-0.698352682847538,0.247272143753806,-2.82422707323979,0.00473947938925812,0.0321892058968932,"ASPG"
"ENSG00000166188.2",834.53373368111,0.0763591963632401,0.0718483146433341,1.06278340337277,0.287880187659389,0.480420288989114,"ZNF319"
"ENSG00000166189.8",1045.83591324293,0.25428439684168,0.0649935698565123,3.91245468441061,9.13626861059666e-05,0.00207061804528655,"HPS6"
"ENSG00000166192.15",131.586863467849,-0.163290244135479,0.0862808603060149,-1.89254306872152,0.0584186609458729,0.172438379188842,"SENP8"
"ENSG00000166197.17",5191.89395248583,0.136138244675889,0.0679182754262766,2.00444201242511,0.0450227327222535,0.14571224268708,"NOLC1"
"ENSG00000166199.13",689.864406848454,-0.106972332348435,0.0729325807518132,-1.46672901528684,0.142449786493812,0.306982672911021,"ALKBH3"
"ENSG00000166200.15",2883.78904050742,0.16183069259073,0.0644943583352154,2.50922246174774,0.0120997256358858,0.0608421938673232,"COPS2"
"ENSG00000166206.15",353.267048008296,0.405924160290103,0.23533662343965,1.72486608483273,0.0845516088457496,0.219626757350243,"GABRB3"
"ENSG00000166211.8",2.35921556238871,-0.422323469777573,0.271409263595027,-1.55603926035379,0.119698756858555,0.274315355555314,"SPIC"
"ENSG00000166224.17",4952.32613823807,-0.0154426159619838,0.0675363261093648,-0.228656440934866,0.819135952935292,0.901491564161671,"SGPL1"
"ENSG00000166225.9",1520.80041067768,0.124387174868499,0.0835333424582019,1.4890721621817,0.136468367375064,0.298306070207065,"FRS2"
"ENSG00000166226.13",6957.07411908266,0.409929640153549,0.0956159289377263,4.28725260223672,1.80896547948006e-05,0.000618971096694035,"CCT2"
"ENSG00000166228.9",3209.02496036994,0.121616257605735,0.0820117682030539,1.4829122730853,0.138097720199252,0.300337500865468,"PCBD1"
"ENSG00000166233.15",3580.2281303125,-0.0699043341407793,0.057182319025279,-1.22248162250776,0.221525549384724,0.406103745149806,"ARIH1"
"ENSG00000166246.14",106.478967928642,-0.310894548053626,0.138401038652832,-2.2463310324822,0.0246828122681315,0.097696204166371,"C16orf71"
"ENSG00000166250.12",1046.17113621169,0.301229997090377,0.149929774632826,2.00914059817725,0.0445222252145391,0.144625057640618,"CLMP"
"ENSG00000166257.9",58.446886785066,0.0104478512830505,0.163929468933083,0.0637338201059834,0.949182174929192,0.973240595932171,"SCN3B"
"ENSG00000166260.13",1877.59667010523,-0.0239814837085727,0.0574319479727456,-0.417563473903988,0.676266307057064,0.809802329275647,"COX11"
"ENSG00000166261.11",565.699561880849,-0.100676238798188,0.0540455826438844,-1.86280235817904,0.0624900781480746,0.180439833423565,"ZNF202"
"ENSG00000166262.16",134.711270663327,-0.142311199141469,0.0834023114619032,-1.70632200291564,0.0879481436371342,0.225287792275158,"FAM227B"
"ENSG00000166263.13",641.761039976192,-0.0532892245905565,0.0774722566279944,-0.687849133483231,0.491547791543273,0.669493561767721,"STXBP4"
"ENSG00000166265.13",773.165682460057,0.0139852969803528,0.132399124035661,0.105629830123241,0.91587605613221,0.955316197673349,"CYYR1"
"ENSG00000166266.14",1712.99219324734,-0.133300650169016,0.0573233706613284,-2.32541542186289,0.0200497576367072,0.0853165364262386,"CUL5"
"ENSG00000166268.11",20.3370156417038,0.492047189904981,0.163750025004629,3.00486787645421,0.00265696237686144,0.0217235384117996,"MYRFL"
"ENSG00000166272.18",3501.63552241385,0.0985955291016431,0.0512835147101722,1.92255795373725,0.0545355887602369,0.164894501552499,"WBP1L"
"ENSG00000166275.16",961.712036814747,-0.0390744905435901,0.0773449912666312,-0.505197426539085,0.613420177647351,0.76474809864869,"BORCS7"
"ENSG00000166278.15",1651.12964553816,-0.0618575300298061,0.137461164013252,-0.450000045277098,0.652710407928611,0.792656852495614,"C2"
"ENSG00000166289.6",699.600510031378,0.109115604103227,0.10770540505268,1.0130931131066,0.311015687498766,0.504926219653506,"PLEKHF1"
"ENSG00000166292.12",1140.32900924492,-0.120843867982526,0.2607916212129,-0.46337327641318,0.64309683036146,0.785509145292002,"TMEM100"
"ENSG00000166295.9",4661.04857495589,-0.044550320164434,0.0652683330055809,-0.682571748241595,0.494877491221771,0.672241067169057,"ANAPC16"
"ENSG00000166311.10",1870.35304546949,0.0600659795834629,0.0759636849552043,0.790719665836166,0.429107597527664,0.615853649609933,"SMPD1"
"ENSG00000166313.19",1089.81928239998,-0.184419513562579,0.113248456286152,-1.62845057328282,0.103429381534253,0.249836603141955,"APBB1"
"ENSG00000166317.12",29.1424804255462,-0.297230971890869,0.187618521007936,-1.58423043894636,0.113141288827877,0.264709271183873,"SYNPO2L"
"ENSG00000166321.14",147.917394130825,-0.267584510082359,0.100475662496401,-2.66317736488618,0.00774066018814901,0.045054160776931,"NUDT13"
"ENSG00000166323.13",41.7673186099544,-0.316987609293228,0.138059448626042,-2.29602256453916,0.0216745912312835,0.0896301286626659,"C11orf65"
"ENSG00000166326.7",4683.83282075301,-0.0748489161316716,0.0575200802833498,-1.30126584947306,0.193167472383073,0.372631480830921,"TRIM44"
"ENSG00000166333.14",28.0392322967273,-0.4021135918962,0.114477614173299,-3.51259584504853,0.000443751920196567,0.00623105553737001,"ILK"
"ENSG00000166337.10",113.427063176269,-0.279900048786293,0.0929542894266624,-3.01115796282994,0.00260253424584287,0.021431158210944,"TAF10"
"ENSG00000166340.17",8299.52055707429,0.0876113390995309,0.075302538340536,1.16345797937556,0.244643737510325,0.433582837322564,"TPP1"
"ENSG00000166341.8",1157.90660958962,0.0111713996033301,0.119487030615527,0.0934946625234686,0.925510589812441,0.960955062112134,"DCHS1"
"ENSG00000166342.19",82.5742029761149,0.480958103226851,0.258507668347036,1.86051774131971,0.0628123107741759,0.180963158757757,"NETO1"
"ENSG00000166343.10",82.1063980930318,-0.379939994106858,0.106749198673755,-3.55918357071721,0.000372009449828053,0.00555559705189459,"MSS51"
"ENSG00000166347.19",8935.46897794681,0.0120527189906999,0.137760890955869,0.0874901353139544,0.930281926243529,0.963115746328311,"CYB5A"
"ENSG00000166348.18",2129.36379313056,-0.13338992234435,0.0905382495835573,-1.47329910792284,0.140670401141483,0.304310569538882,"USP54"
"ENSG00000166349.10",94.4640556260013,0.245805922903749,0.149660070030586,1.64242822319616,0.100501289914652,0.245073569554567,"RAG1"
"ENSG00000166352.17",341.451051557725,0.00138755706539698,0.0785407598120109,0.0176667130381489,0.985904735649159,0.993063454571974,"IFTAP"
"ENSG00000166359.11",45.7485709749307,0.029538019857144,0.115518704620416,0.255699022545338,0.798183249979417,0.888492257901124,"WDR88"
"ENSG00000166377.20",1136.29737627548,-0.0615298515434348,0.076831135515493,-0.800845271003801,0.423221227032342,0.61080329319267,"ATP9B"
"ENSG00000166387.13",1247.58031369907,-0.206196040635457,0.0870656579690541,-2.36828211542082,0.0178709030972631,0.0792878433924816,"PPFIBP2"
"ENSG00000166391.15",5.85212741992708,-0.637598615866375,0.230510256977277,-2.76603143056331,0.0056743065491789,0.0365569502000298,"MOGAT2"
"ENSG00000166394.15",410.855994779547,0.151044191712168,0.114004156248387,1.32490074645244,0.18520407326214,0.362983411497994,"CYB5R2"
"ENSG00000166396.13",107.408505381353,1.94788586731512,0.336300198311739,5.79210442662154,6.95098988414404e-09,1.83666116041911e-06,"SERPINB7"
"ENSG00000166398.14",1610.46110188698,-0.0394378187845032,0.0638153274902225,-0.617999160006594,0.536575892326097,0.705092405399935,"GARRE1"
"ENSG00000166401.15",722.879243855999,0.0751848676713149,0.0889406069003249,0.845337920344686,0.397922194680994,0.588274422414073,"SERPINB8"
"ENSG00000166402.9",301.417107865545,-0.276832914411999,0.135548552876979,-2.04231552854162,0.0411202427357788,0.137093555117393,"TUB"
"ENSG00000166405.15",167.030876640903,-0.448315947787179,0.183919251469334,-2.43756944531677,0.0147863737773578,0.06964951077668,"RIC3"
"ENSG00000166407.14",8.7335515886095,0.127701243652822,0.256916502672848,0.497053487511599,0.619151333265729,0.76824008557732,"LMO1"
"ENSG00000166411.14",701.317714038042,0.0176265828216567,0.0576339866708,0.305836605097928,0.759729056158415,0.864444957849696,"IDH3A"
"ENSG00000166415.15",605.985020087733,-0.100880957283389,0.277498152633559,-0.363537401333997,0.716203478988093,0.836563253901364,"WDR72"
"ENSG00000166426.8",35.1419692783864,0.215188057550001,0.309587461215075,0.695080016178388,0.487005157643989,0.66573035160917,"CRABP1"
"ENSG00000166428.14",221.04455394173,-0.229442962951548,0.140896773977246,-1.62844724172749,0.103430087438968,0.249836603141955,"PLD4"
"ENSG00000166432.15",573.603933505793,-0.45814469013503,0.143007021267647,-3.20365172334848,0.0013569651924223,0.013603565838999,"ZMAT1"
"ENSG00000166435.15",476.291575640162,-0.0889753070614337,0.0854952836611665,-1.04070427339664,0.29801281928696,0.490799056834306,"XRRA1"
"ENSG00000166436.16",614.933417230303,-0.257405896997164,0.0954810336026412,-2.69588511230824,0.0070201875001964,0.042264575487168,"TRIM66"
"ENSG00000166439.6",825.233168114498,-0.134756149502154,0.0890968940724379,-1.51246741993715,0.130414994813647,0.290444914978865,"RNF169"
"ENSG00000166441.13",34012.4271404177,0.109593462825039,0.0969835245936288,1.13002144729476,0.258467187319287,0.449455634418241,"RPL27A"
"ENSG00000166444.19",2439.59957739074,-0.160573056083722,0.0770116207870441,-2.08504969045835,0.0370647902622303,0.127915213247687,"DENND2B"
"ENSG00000166446.15",692.204733780381,0.0293776948600106,0.115701738632828,0.253908845339297,0.799565981095282,0.889615018835184,"CDYL2"
"ENSG00000166448.15",695.156519511749,-0.312170082593756,0.198017001891178,-1.57648120925148,0.114914945927753,0.267355925560634,"TMEM130"
"ENSG00000166450.13",290.097852899653,-0.29213529327236,0.146104024633065,-1.99950202608071,0.0455540628665738,0.146688490446161,"PRTG"
"ENSG00000166451.13",327.693623244683,0.148714343328813,0.105061433725174,1.41549889484499,0.156922272208385,0.326799908719519,"CENPN"
"ENSG00000166452.12",784.13993780392,0.0987542245127411,0.0556008790898858,1.77612703484584,0.0757119811646723,0.204151773109098,"AKIP1"
"ENSG00000166454.10",2954.05414130623,0.0819109714026103,0.0476312118749646,1.71969110543802,0.0854886054874933,0.221182168363002,"ATMIN"
"ENSG00000166471.11",2858.08488651073,-0.0960756072487404,0.0646143570150096,-1.48690804470007,0.137039099255466,0.299093942290602,"TMEM41B"
"ENSG00000166473.17",187.776275895373,0.630963925233808,0.234617977829928,2.68932471019415,0.00715967380590165,0.0427964647277516,"PKD1L2"
"ENSG00000166477.13",879.637480131764,0.118555044485591,0.0541821071864221,2.18808478743145,0.028663426809815,0.107404779828832,"LEO1"
"ENSG00000166478.10",767.989148438986,0.0395811710684022,0.0444848501397306,0.889767436421039,0.373590775128505,0.565593091553513,"ZNF143"
"ENSG00000166479.10",2321.27906161252,-0.0402325353686811,0.0602632203891177,-0.667613431690191,0.50438038164155,0.680457737498668,"TMX3"
"ENSG00000166482.12",5603.5272028185,-0.23310662882538,0.184299069630687,-1.26482802812025,0.205932981732351,0.387286152675544,"MFAP4"
"ENSG00000166483.11",2097.94658214122,-0.120578189297896,0.0847872706663073,-1.4221260850871,0.154989651464577,0.324043611291771,"WEE1"
"ENSG00000166484.20",939.932899266097,0.126534823139004,0.0719227381048248,1.75931598925759,0.07852385228691,0.209243291127676,"MAPK7"
"ENSG00000166492.9",20.8616119275004,-0.0785558671362017,0.130477030088361,-0.602066640258461,0.547129779289678,0.713939860394165,"FAM86GP"
"ENSG00000166501.14",836.081924676659,-0.316472419387852,0.117813849047678,-2.68620728332015,0.00722682396966122,0.0430185321691277,"PRKCB"
"ENSG00000166503.9",1366.21019358695,0.201282419128218,0.113657396323311,1.7709575059739,0.0765677683927511,0.205665768205423,"HDGFL3"
"ENSG00000166507.19",10.7183100628552,-0.28531365422047,0.125566180655327,-2.27221734969897,0.0230733858753282,0.0933279353598956,"NDST2"
"ENSG00000166508.18",5792.01492075977,0.0995119053433113,0.111431492927177,0.893032146740996,0.371839957670235,0.563916900228448,"MCM7"
"ENSG00000166509.12",3.14784270661077,-1.06235025009754,0.531293033392792,-1.99955614571768,0.0455482134176232,0.146688490446161,"CLEC3A"
"ENSG00000166510.14",630.114353147853,0.0932646966163559,0.129225280112866,0.721721760130047,0.470465560838545,0.65135187508077,"CCDC68"
"ENSG00000166523.8",234.064767775006,0.187424382366149,0.162665113165289,1.15221007577514,0.249234758281741,0.438989144401333,"CLEC4E"
"ENSG00000166526.18",1573.04010741215,-0.0998692127852468,0.0631782250441539,-1.58075369663282,0.11393436545805,0.265905545994538,"ZNF3"
"ENSG00000166527.8",31.1045174299988,0.37377017106554,0.172916809921236,2.16156064431095,0.0306520577521009,0.112286492049735,"CLEC4D"
"ENSG00000166529.15",168.885646022851,-0.0444210508990147,0.0735500956668537,-0.603956398645905,0.545872630753371,0.713013413158983,"ZSCAN21"
"ENSG00000166532.16",1614.50727745787,-0.0521170999232802,0.135996652258571,-0.383223403354001,0.70155412681032,0.825945595017467,"RIMKLB"
"ENSG00000166535.20",47.3209213642101,-0.858183668086862,0.275434871699235,-3.11574080214493,0.00183483472539024,0.0168795668727321,"A2ML1"
"ENSG00000166546.14",421.797491354973,0.193700841043555,0.178437280571559,1.08554019890409,0.277682469512785,0.470262091535131,"BEAN1"
"ENSG00000166548.17",1233.55372800727,-0.0422465213373036,0.0731967319163241,-0.577164037673135,0.56382864819134,0.726846866887411,"TK2"
"ENSG00000166557.14",5979.52805747653,0.235402354581042,0.0927729138883344,2.53740391149493,0.0111678021172025,0.0577702976830366,"TMED3"
"ENSG00000166558.11",8.26701765602142,-0.959588165202999,0.332145436248036,-2.88906021423221,0.00386395075980983,0.0280572546665973,"SLC38A8"
"ENSG00000166562.9",4717.19180497886,-0.440918471773376,0.143806945153828,-3.06604435065171,0.00216911137593496,0.0188849960876053,"SEC11C"
"ENSG00000166573.6",1.51811581540818,-0.865594652648701,0.326337335464634,-2.65245363793965,0.00799091011365527,0.0461316751194598,"GALR1"
"ENSG00000166575.17",1337.00217213466,-0.0964127598573267,0.0698361787599094,-1.38055606090341,0.167415501265127,0.339863675830481,"TMEM135"
"ENSG00000166578.10",256.964617927954,-0.028503466075238,0.121124969442641,-0.235322792702422,0.813958205761778,0.898149269875506,"IQCD"
"ENSG00000166579.16",2099.98246899518,0.0327149683515946,0.0575136024322653,0.568821408641956,0.569477344447207,0.730817917306436,"NDEL1"
"ENSG00000166582.10",362.396671117443,-0.0558440643424155,0.122856199155805,-0.454548201280383,0.649434307251378,0.790177114765199,"CENPV"
"ENSG00000166589.13",12.2777687398603,-0.157215699442547,0.264809496271937,-0.593693585977366,0.552717073794672,0.717971499720874,"CDH16"
"ENSG00000166592.12",1436.55355257257,0.256338094089677,0.187148565057167,1.36970376455398,0.170779393086253,0.344674971751977,"RRAD"
"ENSG00000166595.12",2766.88087606068,0.0546912430631749,0.0846423931373959,0.646144810371763,0.518185577533984,0.691657751108181,"CIAO2B"
"ENSG00000166596.15",145.288133400342,-1.10168729806849,0.218393438597785,-5.0445073127745,4.54691444409503e-07,4.15865185255348e-05,"CFAP52"
"ENSG00000166598.15",38385.1955065751,-0.0234770739630315,0.0795726639676929,-0.295039436816686,0.767963753660147,0.86986075768405,"HSP90B1"
"ENSG00000166603.5",4.63775606444292,-0.00272744030039274,0.228717436766089,-0.0119249338352026,0.990485504904782,0.995328662424765,"MC4R"
"ENSG00000166619.15",3161.8136257834,0.0195874764500059,0.0678112188947152,0.288853035961759,0.772693844269635,0.872841975665383,"BLCAP"
"ENSG00000166634.6",0.656109214355524,-0.0566076778470131,0.600716461961971,-0.0942336050890458,0.924923590536807,0.960606555386926,"SERPINB12"
"ENSG00000166664.14",5.90439843410899,0.0311101525971676,0.164255590405711,0.18940087530857,0.849778638487896,0.918948913865512,"CHRFAM7A"
"ENSG00000166669.13",444.692891011157,-0.277304731321752,0.102627370769764,-2.70205432763021,0.00689125013169164,0.0417297909484194,"ATF7IP2"
"ENSG00000166670.10",244.270432496248,-0.494563148171139,0.256937593753917,-1.92483762669938,0.0542496750902416,0.164238831752243,"MMP10"
"ENSG00000166676.17",97.5639739097561,0.238324597215874,0.138014837335409,1.72680417422576,0.0842028385846912,0.219064242009856,"TVP23A"
"ENSG00000166681.14",3146.9475105584,0.26414383656625,0.105294127412666,2.50862838276843,0.0121200916514976,0.0608894237744544,"BEX3"
"ENSG00000166682.13",18.3620037083676,-0.340626104514553,0.132254544200927,-2.57553422131991,0.0100085368702296,0.0537954644236065,"TMPRSS5"
"ENSG00000166685.12",1388.28931875749,0.0343212483227532,0.0552306237373795,0.621416996591421,0.534325291825485,0.70335037298748,"COG1"
"ENSG00000166689.16",1856.74424547938,-0.0157510566728488,0.0825639691768283,-0.190773975983574,0.848702678359265,0.918055642454304,"PLEKHA7"
"ENSG00000166704.11",534.058827063697,-0.0590845470207575,0.0724588711016182,-0.815421854114948,0.414830879069694,0.603678838048227,"ZNF606"
"ENSG00000166707.12",26.5303702173254,-0.255951486239731,0.116015352531937,-2.20618634218495,0.0273709551662056,0.104334242967258,"ZCCHC18"
"ENSG00000166710.21",152089.469537382,0.152229130416755,0.0952716255613875,1.59784331924375,0.110077851113546,0.259990202690359,"B2M"
"ENSG00000166716.10",2045.00435045785,-0.0378866878566572,0.0581013324566468,-0.652079500671124,0.514349887506528,0.688648220338524,"ZNF592"
"ENSG00000166734.20",4952.16489376801,0.0824319343759841,0.0601178218941029,1.37117300292727,0.170321031905944,0.343979260858029,"GOLM2"
"ENSG00000166736.11",353.570967891312,0.925525629401136,0.270179981060344,3.42558921563631,0.000613467423436543,0.00774816803052839,"HTR3A"
"ENSG00000166741.8",8124.19873202793,0.0476776725354041,0.137623029929488,0.346436730537265,0.72901452515149,0.844475856298269,"NNMT"
"ENSG00000166743.9",51.3997731501411,0.0162973141876328,0.144916669631102,0.11245990008685,0.91045876308706,0.952296044016662,"ACSM1"
"ENSG00000166747.13",5393.99321995949,-0.0953612507849363,0.0503778327706379,-1.89292086499832,0.0583683940556866,0.172321194399661,"AP1G1"
"ENSG00000166750.10",5795.48225482837,-0.0462010410015604,0.0903938049151351,-0.511108488517942,0.609275092376171,0.761386517015794,"SLFN5"
"ENSG00000166762.19",130.252068830178,-0.281291263994197,0.123511659722956,-2.27744704123603,0.0227595437035444,0.0925532537586545,"CATSPER2"
"ENSG00000166763.8",9.62675897896528,0.151567190591496,0.201134424394671,0.753561659311419,0.451112473892458,0.634729959273824,"STRCP1"
"ENSG00000166770.11",239.613861127781,-0.211897918222755,0.143762247487742,-1.47394689444336,0.140495890191296,0.304012067602939,"ZNF667-AS1"
"ENSG00000166780.11",525.548456987991,0.442822510467299,0.126558641833657,3.49895119014728,0.000467092078101964,0.0064480294085516,"BMERB1"
"ENSG00000166783.22",3738.04322741204,-0.144262643139464,0.0578344374395137,-2.49440730343995,0.0126167675974299,0.0625726267870154,"MARF1"
"ENSG00000166788.10",467.651824523454,0.0777735306766948,0.0672695977571675,1.15614680732067,0.247621113037755,0.436979206846495,"SAAL1"
"ENSG00000166793.13",60.6241917355493,-0.185283767576773,0.110506304911009,-1.67668050909839,0.0936049739894174,0.234543457647612,"YPEL4"
"ENSG00000166794.5",5682.38438670048,0.0794605117520941,0.0883518360734812,0.899364577845419,0.368458500306211,0.5609988947847,"PPIB"
"ENSG00000166796.12",31.0701708331213,0.245088862298525,0.292680596257249,0.837393614174227,0.402371354035155,0.592173525324569,"LDHC"
"ENSG00000166797.11",1804.53336156806,0.0840027497361467,0.0701232149812353,1.19793066759169,0.23094400952633,0.417439541188995,"CIAO2A"
"ENSG00000166800.10",9.14325687425214,-0.360580246395796,0.185511810468948,-1.94370506915058,0.0519310269923022,0.159628813743396,"LDHAL6A"
"ENSG00000166801.16",2148.50015362902,-0.0844871662107605,0.0667358909271499,-1.2659929317942,0.205515612817229,0.386828996920173,"FAM111A"
"ENSG00000166803.14",289.822061376828,0.274123376341935,0.139310739007279,1.96771173776927,0.0491012145119906,0.153813204247996,"PCLAF"
"ENSG00000166813.16",202.818412184164,0.0898099739060254,0.115708384400094,0.776175161131644,0.437645569939174,0.62320504533725,"KIF7"
"ENSG00000166816.15",475.560508783323,-0.29025868175884,0.146657503868908,-1.97916011183643,0.0477979822990736,0.151159663036723,"LDHD"
"ENSG00000166819.12",18.0128390442003,0.0171383754217987,0.136917138382134,0.125173339322692,0.900386323354042,0.946917328345267,"PLIN1"
"ENSG00000166821.9",399.056586667921,0.114360327001928,0.0843463463834894,1.35584209518664,0.175149414511689,0.350540995331388,"PEX11A"
"ENSG00000166822.13",1152.57760206808,-0.0927004277836398,0.0525954639214257,-1.76251754185738,0.077981895225655,0.208216475880001,"TMEM170A"
"ENSG00000166823.5",172.098992157215,0.0230713575982994,0.159045550782314,0.145061320387876,0.884662457061404,0.938702122861897,"MESP1"
"ENSG00000166825.15",2532.93987530796,0.384970381901683,0.179106041445552,2.14939919834426,0.0316027689470694,0.114648768451229,"ANPEP"
"ENSG00000166828.3",777.738108442522,-0.33671560677449,0.192209220354458,-1.75181818100893,0.0798050769304833,0.211523797965654,"SCNN1G"
"ENSG00000166831.9",225.284085455304,0.19430585990233,0.143119442518558,1.35764824459217,0.174575326628331,0.349917901832451,"RBPMS2"
"ENSG00000166833.22",3629.44829307796,-0.0608124130674168,0.0959791325712426,-0.633600361227244,0.526341665031246,0.697702383097837,"NAV2"
"ENSG00000166839.17",228.968964129112,-0.246188454635627,0.0843594165848031,-2.9183280847864,0.00351913865930094,0.0263761106222661,"ANKDD1A"
"ENSG00000166840.13",19.6041937589531,-0.376948053470814,0.294113502544163,-1.2816414418587,0.199968455530331,0.380616867615513,"GLYATL1"
"ENSG00000166845.15",226.834573250319,0.128655575381156,0.100085639859109,1.2854548920531,0.198633369898561,0.379104608119284,"C18orf54"
"ENSG00000166847.10",3594.9819004121,0.037239152959211,0.0456417482629708,0.81590110757048,0.414556698634935,0.603392306551664,"DCTN5"
"ENSG00000166848.7",2733.95945698762,-0.0632374910032324,0.0563003947756333,-1.12321576527562,0.261345868538612,0.452799125793921,"TERF2IP"
"ENSG00000166851.15",934.222276137265,0.466053067689063,0.145791936774747,3.19669988614755,0.00139009475172742,0.0138150521102272,"PLK1"
"ENSG00000166855.9",2004.27518120192,-0.0463655220967152,0.0494884369612797,-0.936896069944422,0.348812020979867,0.542486037954067,"CLPX"
"ENSG00000166856.3",21.5605761672981,0.125472110291656,0.148036387212615,0.84757614431274,0.396674064577184,0.587207253634237,"GPR182"
"ENSG00000166860.3",545.920224050281,-0.06044491034775,0.0715377814655534,-0.844936886627595,0.398146078115859,0.588426216482945,"ZBTB39"
"ENSG00000166862.7",1.13019742449058,0.633329121248112,0.398614100540505,1.58882769171824,0.112099299556266,0.263017538962399,"CACNG2"
"ENSG00000166863.13",7.37107962850449,0.594026102535087,0.313380814273365,1.89554074620826,0.0580207988950435,0.171662456292077,"TAC3"
"ENSG00000166866.13",26.4081977481629,0.308196306108026,0.170636493666583,1.80615705049724,0.0708938115450871,0.195677969471944,"MYO1A"
"ENSG00000166869.3",21.3814899813532,-0.652232803199331,0.352425555267308,-1.85069667466261,0.0642132027351378,0.183610563288004,"CHP2"
"ENSG00000166881.10",1399.55733484504,0.107489261473622,0.0818413938884752,1.31338502885346,0.189053239671725,0.367563040667527,"NEMP1"
"ENSG00000166886.13",1908.09410823974,0.00356541163935473,0.0944318725649877,0.0377564432697342,0.969881872825257,0.984910086685109,"NAB2"
"ENSG00000166887.16",3391.90523181902,-0.0722326462016241,0.053257784992149,-1.35628333420686,0.175009036013133,0.350344286933152,"VPS39"
"ENSG00000166888.12",9542.59138998534,0.00675321522708558,0.0626966139260444,0.107712598882159,0.914223675199544,0.954658011611457,"STAT6"
"ENSG00000166889.14",2491.40209129861,0.0699832127867537,0.0649990622464672,1.07668034534694,0.281623096029782,0.474036041261906,"PATL1"
"ENSG00000166896.9",291.711660490662,0.238213765789141,0.0859951191530035,2.77008472266093,0.00560417132562281,0.0362360994259002,"ATP23"
"ENSG00000166897.16",588.187707641481,-0.108524672266727,0.194104832663378,-0.559103401896922,0.576091153187177,0.735860947672274,"ELFN2"
"ENSG00000166900.17",2772.47006180141,-0.0484026763261079,0.0626311170252242,-0.772821540235568,0.439628003654064,0.625071085952489,"STX3"
"ENSG00000166902.5",1434.59758421717,0.140461407607492,0.0595015289799054,2.36063526459846,0.0182436637636428,0.080331477011369,"MRPL16"
"ENSG00000166908.18",3728.34964052075,0.253501960535324,0.0835522157503892,3.0340543127265,0.00241290985803002,0.0203890883003537,"PIP4K2C"
"ENSG00000166912.17",1091.54674277086,-0.17968556510658,0.0792799532757782,-2.26646910955582,0.0234226764048602,0.0942256120767293,"MTMR10"
"ENSG00000166913.13",15218.4501736207,0.112927701939054,0.0465790520386799,2.42443109072458,0.0153323928304099,0.0713918589332897,"YWHAB"
"ENSG00000166920.13",918.432039911649,0.261510845842557,0.197021193156517,1.32732342979371,0.184401716602877,0.362028915606769,"C15orf48"
"ENSG00000166922.8",571.779517883234,0.134954795841867,0.199462719232626,0.676591577418905,0.49866512450468,0.675484497930438,"SCG5"
"ENSG00000166923.12",3041.03718852993,0.107121690696645,0.213070304226946,0.502752793662636,0.615138086838162,0.765742842591247,"GREM1"
"ENSG00000166924.9",22.7180713825388,-0.0878299891798444,0.147674863264407,-0.594752466589981,0.552008945193032,0.717275537128703,"NYAP1"
"ENSG00000166925.9",2718.95686617167,0.107243590485968,0.0780759488998382,1.3735803662604,0.169571995676028,0.342861681771044,"TSC22D4"
"ENSG00000166926.8",4.62858632808284,0.197732070094353,0.219618648800728,0.900342804102059,0.367937848605896,0.560552546269898,"MS4A6E"
"ENSG00000166927.13",1973.9916420099,-0.145844944554555,0.14200665745975,-1.02702892359742,0.304406844793414,0.497696297063392,"MS4A7"
"ENSG00000166928.11",128.505723167677,-0.1215093585801,0.145032763296529,-0.83780627092974,0.402139516241858,0.59196203656812,"MS4A14"
"ENSG00000166938.13",1128.18075128985,-0.0242646257994739,0.0507985623975752,-0.477663631690336,0.632889633277017,0.778151804442416,"DIS3L"
"ENSG00000166946.14",2241.87475921792,0.014296477629555,0.0676068701949615,0.211464864270857,0.832524546511244,0.908694197671601,"CCNDBP1"
"ENSG00000166947.15",1.52678596478933,-0.0946145157551216,0.376210533295011,-0.251493531896749,0.801432562333897,0.890792451669571,"EPB42"
"ENSG00000166949.16",3491.79830927979,0.149571368493523,0.0760436257772446,1.96691526692407,0.049192980161569,0.154013719063299,"SMAD3"
"ENSG00000166959.8",447.242416739804,-0.462142578933345,0.284933609640649,-1.62193073507961,0.104818179754246,0.252021334615233,"MS4A8"
"ENSG00000166960.16",9.14460174940004,-0.260472044206581,0.207592498665883,-1.25472763168483,0.209577651368104,0.391794527879067,"CCDC178"
"ENSG00000166961.15",1145.27883991027,-0.452152038762231,0.295107681414682,-1.53215950392993,0.125483078968523,0.283061735083613,"MS4A15"
"ENSG00000166963.13",951.390510318256,-0.145535431583037,0.130501375140383,-1.11520228370377,0.264763747673997,0.456416892834381,"MAP1A"
"ENSG00000166965.12",559.497901027487,0.231505414680414,0.0844418755244523,2.74159489284882,0.00611416972491497,0.0384581622239928,"RCCD1"
"ENSG00000166971.17",1236.40855205422,-0.0828077986260042,0.0590544983583071,-1.40222677235486,0.16084753937185,0.331728744861983,"AKTIP"
"ENSG00000166974.13",2418.09151771513,-0.0121729290187873,0.078737810383348,-0.154600806899778,0.877136033832293,0.934258491624948,"MAPRE2"
"ENSG00000166979.13",1128.56204937597,-0.0516673310104413,0.122492765119276,-0.421799042254705,0.673171704836419,0.807403471760173,"EVA1C"
"ENSG00000166986.15",5141.58580159021,0.0433272285694891,0.0777544215916729,0.55723170055874,0.577369133387332,0.736855543292232,"MARS1"
"ENSG00000166987.15",2314.01991197417,-0.083361057633906,0.0899428086910409,-0.926822931672685,0.354018476646841,0.547484447671372,"MBD6"
"ENSG00000166997.8",437.06973492622,0.0756899614462854,0.063282646188279,1.19606189066576,0.23167240789611,0.418339189351681,"CNPY4"
"ENSG00000167004.13",26385.8326495222,0.0949749534704501,0.0846845844530047,1.12151407583698,0.262069103387684,0.453625862281184,"PDIA3"
"ENSG00000167005.14",4297.82650916786,0.037496036965902,0.0539270187371091,0.695310770815885,0.486860565742867,0.66569669453683,"NUDT21"
"ENSG00000167011.9",6.72941822490632,-0.19592377097497,0.258990968722324,-0.756488814808938,0.449356176091981,0.633338054015109,"NAT16"
"ENSG00000167034.10",206.050630052604,0.423967391032335,0.138867193895904,3.05304211266877,0.00226534144926231,0.019468253193157,"NKX3-1"
"ENSG00000167037.19",315.902957045484,-0.152875434169884,0.135552816518634,-1.1277923845195,0.259407610332167,0.450425449608263,"SGSM1"
"ENSG00000167046.4",7.01485680964377,0.298108770776879,0.181370230699337,1.64364774542887,0.100248985515366,0.244691310466502,"AL357033.1"
"ENSG00000167065.14",209.391473679741,-0.069019923907125,0.0758554201934482,-0.90988783307915,0.362881666954059,0.555822018256665,"DUSP18"
"ENSG00000167074.15",1415.49938118555,-0.103764333451862,0.111183271243482,-0.933272895205847,0.350679086065395,0.544194966550536,"TEF"
"ENSG00000167077.13",354.349279066887,-0.0237448112226757,0.129596436610661,-0.183221173696395,0.854624481371288,0.922222063860319,"MEI1"
"ENSG00000167080.9",206.93581160889,0.301703472923412,0.299435900100184,1.0075728154923,0.313659584852312,0.507775655883138,"B4GALNT2"
"ENSG00000167081.18",1305.15394769728,-0.0362695274272,0.0797265906435714,-0.454923848297337,0.649164025176797,0.789992612406283,"PBX3"
"ENSG00000167083.7",116.685890087122,0.0112792604596233,0.124375357766231,0.0906872604203732,0.927741093628404,0.961980946498394,"GNGT2"
"ENSG00000167085.13",3187.65462930573,0.227580578618849,0.0751954314121761,3.02652135036489,0.00247385349631886,0.0207354300351672,"PHB"
"ENSG00000167088.11",2095.64198831395,0.133297136472851,0.0817654711060396,1.63023749107959,0.103051313035315,0.249337744541042,"SNRPD1"
"ENSG00000167094.16",62.1879973402131,-0.850626546433066,0.173884361087278,-4.8919094340296,9.9862396959946e-07,7.48810536483667e-05,"TTC16"
"ENSG00000167100.15",141.319720435164,0.065743107480228,0.112331733657285,0.58525854929654,0.558373881709018,0.722416416420096,"SAMD14"
"ENSG00000167103.12",378.142820329662,-0.3448812012007,0.137776358096353,-2.50319580199318,0.012307743244211,0.0615350196470216,"PIP5KL1"
"ENSG00000167104.11",1.51369217742176,-0.585675670328178,0.613528470223701,-0.954602269907104,0.339778868839178,0.533119274247738,"BPIFB6"
"ENSG00000167105.8",857.737330851053,0.237097683357465,0.130518972941795,1.81657637976663,0.0692820028817936,0.192852373395687,"TMEM92"
"ENSG00000167106.12",4129.73917386214,0.0727452074439576,0.0864320129881202,0.841646572016738,0.399985812552492,0.590097383671295,"FAM102A"
"ENSG00000167107.13",2273.23387382149,0.00179122444259344,0.098104074391319,0.0182584103025994,0.985432705701298,0.992898634504443,"ACSF2"
"ENSG00000167110.18",4536.13180538506,0.00556698311905824,0.0640979080490692,0.08685124504838,0.930789753821809,0.96348264599119,"GOLGA2"
"ENSG00000167112.10",1388.91101936254,0.162387344556603,0.0705016008321679,2.30331428846804,0.0212611662858156,0.0885174069768409,"TRUB2"
"ENSG00000167113.11",1925.74624957555,0.0755354633765888,0.0612856264099835,1.23251515569537,0.217756708761073,0.401495685957076,"COQ4"
"ENSG00000167114.13",1676.6098569359,0.287744351952434,0.0771167611506417,3.73128160025221,0.000190508126818163,0.00346400167458061,"SLC27A4"
"ENSG00000167117.10",3.03568613805342,1.1085367146648,0.316635436491728,3.50098752984574,0.000463537533194195,0.00641742151941992,"ANKRD40CL"
"ENSG00000167118.11",2287.94107358212,0.177055105916485,0.0629816474652832,2.81121744257454,0.00493544190723738,0.0331243348962568,"URM1"
"ENSG00000167123.19",2649.40859461479,0.144515051829773,0.112553880235205,1.28396330297791,0.19915479586367,0.379813072287382,"CERCAM"
"ENSG00000167130.18",985.028103940757,0.0075803792404115,0.0700152752250337,0.108267506141305,0.913783497411912,0.954344500261459,"DOLPP1"
"ENSG00000167136.7",66.96003362328,0.279708319113202,0.109906374673789,2.54496902425722,0.010928743242012,0.0569495459001889,"ENDOG"
"ENSG00000167157.11",239.225222527694,0.26767921975481,0.183811192784992,1.45627268774606,0.145317252612682,0.310957969735961,"PRRX2"
"ENSG00000167165.19",103.8285170317,0.167035744208464,0.426365378378055,0.391766669338603,0.695230624423817,0.822073916001639,"UGT1A6"
"ENSG00000167173.19",2048.52031842215,0.0675623504848988,0.0773100395001588,0.873914318524699,0.382164916410105,0.573414588377666,"C15orf39"
"ENSG00000167178.16",83.9262189177121,-0.00466561753937133,0.139330422280821,-0.0334859929582914,0.973287035568731,0.986742753286939,"ISLR2"
"ENSG00000167182.15",1282.93789910476,-0.0510079580421083,0.0658489398317205,-0.77462079378136,0.438563766502184,0.624006084602402,"SP2"
"ENSG00000167183.3",2740.75076750248,0.0242876609448371,0.144086655758386,0.168562875007414,0.866140484080502,0.928590681159214,"PRR15L"
"ENSG00000167186.11",791.378264039439,-0.0375673400949437,0.0538851364389446,-0.697174445081158,0.485693629592912,0.664619729142492,"COQ7"
"ENSG00000167191.12",717.859446832571,0.0714909180240197,0.12593221153323,0.567693659577758,0.570242997585744,0.731499257335174,"GPRC5B"
"ENSG00000167193.8",3613.22123400139,0.0875872946394683,0.049054997492569,1.78549177691297,0.0741815839721859,0.201541101830226,"CRK"
"ENSG00000167196.14",1212.98250256452,0.0937895979241793,0.0645246811136615,1.45354608973529,0.146072192623146,0.311942367479307,"FBXO22"
"ENSG00000167202.11",2435.71976790179,0.00483792623630669,0.0717837382458739,0.0673958525221383,0.94626657089158,0.971884885081712,"TBC1D2B"
"ENSG00000167207.14",268.101393386992,0.104114772572212,0.0927772919081986,1.12220103034729,0.26177697466309,0.453286566674898,"NOD2"
"ENSG00000167208.15",555.575362653032,-0.13211000448898,0.110436656354431,-1.19625139740732,0.23159846908392,0.418281861300366,"SNX20"
"ENSG00000167210.17",31.0564440304079,-0.087844217046273,0.176406820072706,-0.497963837282868,0.618509531117101,0.768073025717332,"LOXHD1"
"ENSG00000167216.17",120.266881386287,-0.0934077735035707,0.110578417431445,-0.844719753395641,0.398267327850213,0.588553160198728,"KATNAL2"
"ENSG00000167220.12",44.7249469074907,-0.199159992702069,0.135310295822938,-1.471876116232,0.141054334260122,0.304903385957813,"HDHD2"
"ENSG00000167232.14",1073.65176606155,-0.407644309066288,0.115996666317328,-3.51427607368568,0.000440954272325224,0.00621010600191357,"ZNF91"
"ENSG00000167244.21",47.8560407518085,-0.172009802050491,0.242828476465611,-0.708359268872038,0.47872217969913,0.658697384570504,"IGF2"
"ENSG00000167257.11",682.195572140463,-0.0660446710322633,0.0525077807579074,-1.25780732072394,0.208461447504755,0.390519185897807,"RNF214"
"ENSG00000167258.15",3260.41968874039,-0.0173115731529522,0.0625480687119403,-0.276772305035973,0.781954948114127,0.879068143521173,"CDK12"
"ENSG00000167261.14",250.359618984195,-0.115468989509541,0.148944648030713,-0.775247657678381,0.438193332031947,0.623584979839266,"DPEP2"
"ENSG00000167264.18",498.568786543189,0.0696335906380846,0.0509123686155005,1.36771461496852,0.17140142341442,0.34560636820958,"DUS2"
"ENSG00000167272.11",907.792035023954,0.0614249710030258,0.0697496639097025,0.880648988969268,0.378507834493428,0.570079468000388,"POP5"
"ENSG00000167280.17",1355.7946113294,-0.237455237027226,0.100174165386287,-2.37042391230875,0.0177677005949448,0.0789667675754235,"ENGASE"
"ENSG00000167281.19",11.9407080109295,0.0831578722991681,0.181834862738933,0.457326340211014,0.647436499911078,0.78863981382773,"RBFOX3"
"ENSG00000167283.8",880.389475114274,0.0511229122316591,0.0711838693379458,0.718181137203329,0.472645606955641,0.653262628378203,"ATP5MG"
"ENSG00000167286.10",463.582977433637,-0.0888187151629662,0.129805511567999,-0.684244560112057,0.493820748579449,0.671379693969609,"CD3D"
"ENSG00000167291.16",3087.74018116922,-0.00380860461813027,0.084111354580739,-0.0452805050770448,0.96388372619319,0.982144239950722,"TBC1D16"
"ENSG00000167302.11",329.194661615101,-0.138449741578697,0.0775755519304631,-1.784708431115,0.0743086226694904,0.20170666408003,"TEPSIN"
"ENSG00000167306.20",1995.69416372324,0.0201666251391647,0.101115198252067,0.199442076836876,0.841916948998156,0.913920475480783,"MYO5B"
"ENSG00000167311.14",27.5748197580387,-0.227576829600324,0.195164188334362,-1.1660788361973,0.243582572550808,0.432350300577601,"ART5"
"ENSG00000167315.18",2032.03319661996,-0.0743634560859868,0.0940508520011507,-0.790672859455617,0.429134917769526,0.615853649609933,"ACAA2"
"ENSG00000167323.11",3370.37245320208,0.0177932693756945,0.0586997266182718,0.303123547600235,0.761795709462297,0.865819975937195,"STIM1"
"ENSG00000167325.15",2578.00619244814,0.108366072401789,0.0705969723976282,1.53499603058658,0.124784803072697,0.281983333245048,"RRM1"
"ENSG00000167332.9",4.34645715842512,0.395166461012353,0.287975543723505,1.37222229326448,0.169994247444511,0.343506826910057,"OR51E2"
"ENSG00000167333.13",953.311314615322,-0.147065894860681,0.0963031510289759,-1.5271140485988,0.126732654149685,0.285165602501046,"TRIM68"
"ENSG00000167346.7",0.501678195307027,-0.243984135966888,0.839579220836203,-0.290602875716583,0.771355060454287,0.872011002638526,"MMP26"
"ENSG00000167355.8",6.11616579334236,-0.882235923590148,0.298450023249816,-2.95605915517613,0.00311597321922019,0.0243007955932297,"OR51B5"
"ENSG00000167363.14",1092.98005104045,-0.00226980837046203,0.103696657106059,-0.0218889251959252,0.982536559073394,0.991372147333333,"FN3K"
"ENSG00000167371.21",131.880749661829,0.0094883774864467,0.158498625078579,0.0598640996522375,0.952263872918563,0.974862659045875,"PRRT2"
"ENSG00000167377.18",35.9975837332466,-0.176576924693274,0.105114662786277,-1.67985055569551,0.0929863959398701,0.233609725326449,"ZNF23"
"ENSG00000167378.8",1471.42765919782,-0.0726962246707141,0.0665056280551567,-1.09308380052322,0.274357007852304,0.466934659215915,"IRGQ"
"ENSG00000167380.16",698.238134059143,-0.0654775661044673,0.0583318561583798,-1.12250098688247,0.26164948818096,0.453112947204614,"ZNF226"
"ENSG00000167384.10",395.168893719229,-0.0636321934631108,0.0615305144408538,-1.03415669511877,0.301062915183021,0.493952440568989,"ZNF180"
"ENSG00000167393.18",550.64569965199,-0.0510546602314686,0.0942677470072739,-0.541592027520601,0.588099585201768,0.745123092062354,"PPP2R3B"
"ENSG00000167394.13",164.438806942313,0.130713692979991,0.0571221625152892,2.28831835533195,0.0221189883472968,0.0908360033361972,"ZNF668"
"ENSG00000167395.10",1312.47983695516,0.0539429158891488,0.058400149301054,0.923677705189964,0.35565414322332,0.549201919774304,"ZNF646"
"ENSG00000167397.15",464.652855435676,0.114568003696843,0.0871051819694558,1.3152834436075,0.188414660291165,0.366664091949601,"VKORC1"
"ENSG00000167414.4",4.76170619766059,0.0459979283303095,0.148558756725723,0.309627849237008,0.756843975730686,0.862482815070966,"GNG8"
"ENSG00000167419.11",13.2924459569727,-0.111531446970829,0.201416013435267,-0.553736741526136,0.57975902637388,0.738696040277699,"LPO"
"ENSG00000167434.10",329.839236446364,-0.130965297424978,0.29762527220938,-0.440034196198379,0.659912340234962,0.797765488142432,"CA4"
"ENSG00000167447.12",841.094207539759,0.0387102890989325,0.0600586397750651,0.644541555451678,0.51922431973681,0.69256952231561,"SMG8"
"ENSG00000167460.17",22355.3412443653,0.272814431339956,0.0799653229832766,3.41165921879676,0.000645687801841021,0.00804524101298395,"TPM4"
"ENSG00000167461.12",809.656360737912,0.152764925993915,0.0491125347346611,3.11050787378932,0.00186765916368023,0.0171012036678784,"RAB8A"
"ENSG00000167468.18",10980.0101817052,0.119272111749516,0.0913179117138696,1.30611957184519,0.191511898175006,0.370568733345372,"GPX4"
"ENSG00000167470.12",6131.23767292739,0.0639465957244717,0.083886999802794,0.762294466065073,0.445884276007965,0.630565614918958,"MIDN"
"ENSG00000167476.10",213.657794240664,-0.173259887122293,0.202176973149094,-0.85697141679198,0.391460681555232,0.582345865550417,"JSRP1"
"ENSG00000167483.19",78.7679497583578,-0.4731404016598,0.185129766114718,-2.55572300224596,0.0105967436343449,0.0557974969407983,"NIBAN3"
"ENSG00000167487.12",590.249056608121,7.64077645065068e-05,0.0695116810515988,0.00109920754829378,0.999122959444714,0.999453178558766,"KLHL26"
"ENSG00000167491.17",3766.90221878135,0.0791265566708542,0.0560611777910317,1.41143229216123,0.1581171868729,0.328191739561063,"GATAD2A"
"ENSG00000167508.12",1767.66722201136,0.190914682798809,0.0929803598735876,2.05327967173249,0.0400454612458666,0.13476163295584,"MVD"
"ENSG00000167513.9",757.258950684659,0.26578979798336,0.148893148931353,1.78510428378341,0.0742444032658933,0.201626027458871,"CDT1"
"ENSG00000167515.10",1580.40847980985,0.132213010760986,0.0837813591034137,1.57807192645075,0.114549086793323,0.26680452236606,"TRAPPC2L"
"ENSG00000167522.16",4114.76013679643,0.0396465764141235,0.061340570866825,0.646335302294451,0.518062230063697,0.691646620641429,"ANKRD11"
"ENSG00000167523.14",310.689552842971,0.0264853257365065,0.0678056136768214,0.390606681369219,0.696087986228393,0.82259103842338,"SPATA33"
"ENSG00000167524.16",211.103306019935,-0.234999714934122,0.115080627650882,-2.0420440844921,0.0411471585906943,0.13712519741607,"RSKR"
"ENSG00000167525.14",163.584257658386,0.0133034065941747,0.113344294892033,0.117371647217417,0.906565550995112,0.950293973403868,"PROCA1"
"ENSG00000167526.14",39446.1303961069,0.279428268003549,0.0933803602524434,2.99236656667575,0.00276823650347398,0.0223830977488045,"RPL13"
"ENSG00000167528.13",1167.8038416312,-0.184569566016129,0.0566158813263394,-3.26003166765616,0.00111399774974508,0.0118644680365525,"ZNF641"
"ENSG00000167535.8",1574.74662567232,0.0688399069908683,0.104378712451671,0.659520560983563,0.509561547266851,0.68467320175782,"CACNB3"
"ENSG00000167536.14",144.469760537786,0.0269273725504548,0.0921293852230462,0.292277783958542,0.77007424340977,0.871450774501749,"DHRS13"
"ENSG00000167543.16",1562.65971941424,0.0374447715567362,0.0833085293526617,0.449471042733512,0.653091892668037,0.792844080793949,"TP53I13"
"ENSG00000167548.16",5251.42186310178,-0.109544495172546,0.0805966876092306,-1.35916870062537,0.174093136964425,0.349294568729077,"KMT2D"
"ENSG00000167549.18",74.946757382094,0.017064997711332,0.134486229030764,0.126890298243311,0.89902722545064,0.94617542571057,"CORO6"
"ENSG00000167550.11",90.9742989911617,-0.0497506195576442,0.108968174584994,-0.456561007350262,0.647986611264679,0.789100218712918,"RHEBL1"
"ENSG00000167552.14",7608.09067009928,0.0820382624596353,0.116360916300218,0.705032798538402,0.480789825274001,0.660706470171599,"TUBA1A"
"ENSG00000167553.16",3936.31858369216,0.276151467648413,0.0990424259544645,2.78821388901939,0.00529995391562705,0.0348787044303165,"TUBA1C"
"ENSG00000167554.15",168.98551195035,-0.140842346980716,0.105128675344993,-1.33971389365008,0.180338378827305,0.35704124918515,"ZNF610"
"ENSG00000167555.14",789.082871720009,-0.19552119243258,0.102146601024533,-1.91412333324357,0.0556043987843206,0.16674092145032,"ZNF528"
"ENSG00000167562.13",389.519300005939,-0.0317961691549178,0.0770718149103339,-0.412552490062805,0.679934515897114,0.811988017113561,"ZNF701"
"ENSG00000167565.13",1656.32603332158,0.16560180577509,0.0722194130048975,2.29303727190167,0.0218458592200066,0.0901043177526227,"SERTAD3"
"ENSG00000167566.17",1468.63529259788,-0.0332258201530999,0.0739381691711424,-0.449373044065957,0.653162573360369,0.792844080793949,"NCKAP5L"
"ENSG00000167578.18",45.1956294963468,-0.306320701108864,0.112172891259706,-2.73079081468678,0.00631825613424528,0.0393257994910129,"RAB4B"
"ENSG00000167580.8",13.2268621159201,-0.250784854162309,0.29200177298749,-0.858847025470127,0.390424919202886,0.581298548142824,"AQP2"
"ENSG00000167588.13",540.564915399384,0.1810195310613,0.240038573838105,0.754126839561165,0.45077306254987,0.634436168736961,"GPD1"
"ENSG00000167595.15",517.255274910987,0.00357135899175048,0.0800097898385787,0.044636525092189,0.964397028848349,0.982342374072907,"PROSER3"
"ENSG00000167600.14",1052.05708849702,-0.0788723826290345,0.163424827353158,-0.482621789519121,0.629364304809565,0.776009560284356,"CYP2S1"
"ENSG00000167601.12",3027.26223710494,0.312531532827293,0.116715641933169,2.67771763622091,0.00741256783174678,0.0437919165492616,"AXL"
"ENSG00000167604.15",301.605748238879,-0.222625944140396,0.0964947352586404,-2.3071304723898,0.0210475476429853,0.0879989958153848,"NFKBID"
"ENSG00000167608.12",4297.30189357065,0.0286512394345126,0.107426652241817,0.2667051317025,0.789696202473506,0.883451348600823,"TMC4"
"ENSG00000167612.13",3.75243652844344,-0.459919407813471,0.262571557563767,-1.75159644891003,0.0798432236316669,0.211592969511697,"ANKRD33"
"ENSG00000167613.16",2001.40807296917,-0.0293130173078963,0.118546364423883,-0.247270487377264,0.804698897379356,0.892451821873371,"LAIR1"
"ENSG00000167614.14",47.2509991062316,0.0214580477520752,0.180580130269025,0.118828398894759,0.905411309018846,0.949801768004677,"TTYH1"
"ENSG00000167615.17",6080.12866173236,-0.174818017403759,0.107183188933812,-1.6310208638382,0.102885917203783,0.249031327686766,"LENG8"
"ENSG00000167617.3",413.428977070229,0.787037560560577,0.163247549109178,4.82112941269467,1.42747709275237e-06,9.73872845266488e-05,"CDC42EP5"
"ENSG00000167618.10",41.3335045910909,0.643642362847681,0.200671656310358,3.20744032656124,0.00133921841012709,0.0134947332107631,"LAIR2"
"ENSG00000167619.13",64.7908773187474,-0.470226741954507,0.202199367766372,-2.32555990233275,0.0200420407843152,0.0852955877482564,"TMEM145"
"ENSG00000167625.11",559.769051015497,0.165785226208627,0.0540361862390004,3.0680408398062,0.00215467168980158,0.0187936820981305,"ZNF526"
"ENSG00000167632.18",2164.51901143765,-0.0402686203983887,0.0763200811088028,-0.52762811324822,0.597757476489346,0.752615461179293,"TRAPPC9"
"ENSG00000167633.18",8.55024024858681,-0.165000707995906,0.24478044330025,-0.674076350917931,0.500262773837419,0.676850023544894,"KIR3DL1"
"ENSG00000167634.12",15.886369587064,-0.324513142353184,0.157487069197344,-2.06057007732199,0.0393440739025467,0.133226429255237,"NLRP7"
"ENSG00000167635.12",4309.62144096681,0.0963003145575986,0.0684791397628428,1.40627225883833,0.159643294425236,0.330247558176922,"ZNF146"
"ENSG00000167637.18",286.772354144503,0.0326261269518498,0.0960528720680162,0.339668416460747,0.734106249049246,0.847994056845739,"ZNF283"
"ENSG00000167641.11",458.505552930679,0.286891405041068,0.150720400710538,1.90346763735089,0.056979552648485,0.169710166964216,"PPP1R14A"
"ENSG00000167642.13",6225.26904491429,0.196636531576264,0.104293225819832,1.88541997843614,0.0593731588217177,0.174346342803331,"SPINT2"
"ENSG00000167645.17",1626.98285688515,0.111013376720598,0.0777719188409687,1.42742237011797,0.153458186625459,0.322000243318809,"YIF1B"
"ENSG00000167646.14",87.4380794072339,-0.490698067141265,0.171188652421181,-2.86641702122863,0.00415146976732321,0.0294946845644736,"DNAAF3"
"ENSG00000167653.5",262.120958842157,0.872113288540313,0.268886338800868,3.24342728763986,0.00118100950944789,0.0123451647089635,"PSCA"
"ENSG00000167654.18",2.1203334755681,-0.0684624282107096,0.2735753308413,-0.250250737155918,0.802393450585646,0.891390608640525,"ATCAY"
"ENSG00000167656.5",178.281507023966,-0.119606733919663,0.341190048913117,-0.350557509812135,0.725920338138051,0.842531280856403,"LY6D"
"ENSG00000167657.14",2230.03105802731,0.161220739902208,0.0818609954426937,1.9694451433231,0.0489019961041447,0.153535850273038,"DAPK3"
"ENSG00000167658.16",84091.6811141036,0.135495639861198,0.0746228139134374,1.81574015713711,0.0694102409144636,0.192996692412733,"EEF2"
"ENSG00000167664.8",28.3284318805516,0.0700549271055831,0.151713160741438,0.461759064033847,0.644254109845173,0.786403375951433,"TMIGD2"
"ENSG00000167670.16",769.689852400392,0.117214843100768,0.0887556881601961,1.32064598371662,0.186619432708295,0.364598236503092,"CHAF1A"
"ENSG00000167671.12",4145.71760370977,0.141876357587012,0.0675167335665727,2.10135102947655,0.0356101633261269,0.124351706274045,"UBXN6"
"ENSG00000167674.15",1965.80505996248,0.114063646088486,0.0727159946182342,1.56861838564309,0.116736885783861,0.269815224528734,"HDGFL2"
"ENSG00000167676.4",124.515162042421,-0.0123651585503602,0.168163893102668,-0.0735304013377653,0.941384052777524,0.96931969821712,"PLIN4"
"ENSG00000167680.17",575.053852202302,0.16804780102015,0.122726966544967,1.36928179479265,0.17091120645815,0.34487828332694,"SEMA6B"
"ENSG00000167685.15",1688.62877279655,-0.0664677156575507,0.0782796009370546,-0.849106470420028,0.395822050314606,0.586362935177297,"ZNF444"
"ENSG00000167693.17",2895.70971969066,-0.00659601650504765,0.0960772224062578,-0.0686532805575574,0.945265607123441,0.971618643345499,"NXN"
"ENSG00000167695.15",1157.84435642758,0.0408467195969606,0.0822805295569022,0.496432385850319,0.619589380452522,0.768617962008042,"TLCD3A"
"ENSG00000167699.13",2403.23299863012,0.0779462763561995,0.050747774568664,1.53595457177604,0.124549522428212,0.281629075524774,"GLOD4"
"ENSG00000167700.9",905.556018725414,0.18258187300339,0.115858781865382,1.57590016107312,0.115048813869788,0.267517820936364,"MFSD3"
"ENSG00000167701.14",96.9598667690104,-0.21452833370746,0.171512272027547,-1.25080457025841,0.211005787065746,0.393536253923023,"GPT"
"ENSG00000167702.13",798.549385645958,-0.110669443413114,0.140541550301093,-0.787449997356781,0.431018488557144,0.617219422742722,"KIFC2"
"ENSG00000167703.15",2762.52287631235,-0.0386771552608924,0.0810819608068726,-0.477013072649004,0.633352812810092,0.778537186899595,"SLC43A2"
"ENSG00000167705.12",645.273636484958,0.132753885812759,0.10253756585358,1.29468536440904,0.195428790781351,0.375095741466823,"RILP"
"ENSG00000167711.14",900.615158754336,-0.162319436949107,0.156773151089998,-1.03537777878767,0.300492519083413,0.493503227991519,"SERPINF2"
"ENSG00000167716.19",1817.16497070575,-0.0222355812216954,0.0763176454760412,-0.291355702642528,0.770779289744744,0.871804141106566,"WDR81"
"ENSG00000167720.13",155.320066967806,0.0808929983307446,0.0589024219890158,1.37333908520484,0.169646957224875,0.3429507648848,"SRR"
"ENSG00000167721.11",1396.20972004691,0.118409837960117,0.0622968051673224,1.90073692610851,0.0573364792984101,0.170407374154791,"TSR1"
"ENSG00000167723.15",82.8475304333811,0.072621314657599,0.173659795063749,0.418181506150808,0.67581441625573,0.809494130613492,"TRPV3"
"ENSG00000167733.14",207.997237799063,-0.0865310879514923,0.0905521590179637,-0.95559386866001,0.33927746039575,0.532734258782046,"HSD11B1L"
"ENSG00000167740.10",687.757851503991,0.100678441482869,0.0850623186763494,1.18358449486825,0.23657758107916,0.424122417041004,"CYB5D2"
"ENSG00000167741.11",516.428653974823,-0.353720038850366,0.219189643091735,-1.61376255675697,0.106578939115667,0.254744247252344,"GGT6"
"ENSG00000167747.15",1963.8910422354,0.21714044858661,0.10558448571644,2.05655638812095,0.039728916967108,0.134029842501486,"C19orf48"
"ENSG00000167748.11",43.5684267127528,0.376594497018753,0.181642350872276,2.07327473582171,0.0381467185242305,0.13028505332655,"KLK1"
"ENSG00000167749.11",11.2626743933778,0.497290566417258,0.243071976833085,2.04585725140477,0.0407704172927339,0.136282078607128,"KLK4"
"ENSG00000167751.13",6.29871150394641,-0.181124096400795,0.32130360268704,-0.563716357009592,0.57294718364252,0.73344909893084,"KLK2"
"ENSG00000167754.13",52.1976068798772,-0.455104281177322,0.380848990873047,-1.19497305253207,0.232097558781529,0.418802455630542,"KLK5"
"ENSG00000167755.15",172.534710765356,0.0917482244237547,0.400602316670222,0.229025696072752,0.818848944283663,0.901303863323606,"KLK6"
"ENSG00000167757.14",1598.41458973929,0.155785715007043,0.269064371460492,0.578990500159616,0.56259558321697,0.72607732515512,"KLK11"
"ENSG00000167759.13",221.265527489511,-1.168412092997,0.281839699542626,-4.14566185989099,3.38833547113619e-05,0.000986945344186676,"KLK13"
"ENSG00000167766.18",1473.8020792897,-0.0813636355777758,0.0825931478494029,-0.985113628628504,0.324568259702208,0.518117139924512,"ZNF83"
"ENSG00000167767.14",2825.20259153927,0.544909585789619,0.152196519296593,3.58030254770627,0.000343196601568966,0.00527160719911383,"KRT80"
"ENSG00000167768.4",21.4816483422906,-0.271376399046545,0.249860275885782,-1.08611262068165,0.277429169338086,0.470120086261155,"KRT1"
"ENSG00000167770.11",3847.70527966888,0.0945287455259724,0.0687712460955253,1.3745387919054,0.169274475868394,0.342405682306727,"OTUB1"
"ENSG00000167771.6",234.381681966415,-0.198840582009292,0.189241334981437,-1.05072489595784,0.293384958316646,0.485905154573481,"RCOR2"
"ENSG00000167772.12",2997.53858142156,0.655209317613834,0.194335838307151,3.37153107384271,0.000747516054299865,0.00899423635554948,"ANGPTL4"
"ENSG00000167775.11",1573.71929868413,0.156202907603133,0.102053664102462,1.53059577994481,0.125869325353437,0.283740771141713,"CD320"
"ENSG00000167778.9",2757.49389322662,0.0537904474666304,0.06845967685493,0.785724530669572,0.432028888661469,0.618010126266824,"SPRYD3"
"ENSG00000167779.9",812.194993159168,0.121932577427245,0.190209770899863,0.641042659640431,0.521494967019668,0.694263113283182,"IGFBP6"
"ENSG00000167780.12",6.11034732166903,-0.515891948466848,0.189480867368063,-2.72265984229816,0.00647586976537934,0.0400009315565415,"SOAT2"
"ENSG00000167785.9",741.441538149425,-0.151027082816421,0.0689477991467172,-2.19045545594637,0.0284912219229092,0.106976232263383,"ZNF558"
"ENSG00000167792.13",5185.29501844958,0.0208282570249226,0.0655915525639795,0.317544808908224,0.750830244746826,0.858721791080594,"NDUFV1"
"ENSG00000167797.8",4504.79291599328,0.00378005950310177,0.113526995879026,0.0332965694532232,0.973438089424338,0.98677569988139,"CDK2AP2"
"ENSG00000167798.17",1.14288034125617,1.24599413441105,0.421156552359833,2.9585058749044,0.00309134349137155,0.024142645756095,"C3P1"
"ENSG00000167799.10",354.292538456521,0.143195368536786,0.1213771353169,1.17975571068572,0.238097389184701,0.425783236491573,"NUDT8"
"ENSG00000167800.9",6.56620149176664,-1.00880777048736,0.299696301225406,-3.36610016994713,0.000762390175649553,0.00909106594480679,"TBX10"
"ENSG00000167815.12",4059.57380059017,0.158861407343794,0.0937784678468232,1.69400728110931,0.0902638994745493,0.229086446501461,"PRDX2"
"ENSG00000167840.13",360.704935033567,-0.0513306744845782,0.0663817859059234,-0.773264439696219,0.439365896421385,0.624746253931715,"ZNF232"
"ENSG00000167842.16",890.579436092543,-0.0409225313056825,0.0541569885192815,-0.755627896316889,0.449872325538691,0.6337042239966,"MIS12"
"ENSG00000167850.4",210.378854652052,0.129037796509968,0.148560143112269,0.868589608266957,0.385071640396957,0.576577023779441,"CD300C"
"ENSG00000167851.15",759.039709879151,0.0108867693202396,0.107489103495105,0.101282539031832,0.919326176745397,0.957519987560911,"CD300A"
"ENSG00000167858.13",264.459696202838,-1.01036537830804,0.279536683654412,-3.61442857910248,0.000301010777808642,0.00480880605834122,"TEKT1"
"ENSG00000167861.16",3485.5894506739,-0.0493661669352722,0.109451581757248,-0.451032010160998,0.651966478493833,0.791986760946358,"HID1"
"ENSG00000167862.10",1081.11529604614,0.190976274835406,0.0793988016711859,2.40527905731242,0.0161601204552605,0.0739350662381451,"MRPL58"
"ENSG00000167863.12",3499.15007401301,0.168086079980613,0.0699880882640123,2.40163839518735,0.0163218337865075,0.0744940350279144,"ATP5PD"
"ENSG00000167874.7",126.181804207766,0.0242991543280464,0.148085645968007,0.164088518972974,0.869661459841359,0.930247191494629,"TMEM88"
"ENSG00000167880.8",5036.49495021969,0.0833395467821284,0.129569356698415,0.643204141054037,0.520091646639689,0.693393047876628,"EVPL"
"ENSG00000167881.15",5138.7180151733,0.162823636791128,0.0520442938625996,3.12855886220675,0.00175665822125941,0.0163501319989906,"SRP68"
"ENSG00000167889.13",105.893052693913,0.469253391621999,0.211667697565972,2.21693435993342,0.026627577359464,0.102496857183907,"MGAT5B"
"ENSG00000167895.15",1323.85136612851,-0.0747029894189744,0.103099739572547,-0.7245701078266,0.468715802763173,0.649943836830354,"TMC8"
"ENSG00000167900.12",2746.42502102691,0.392078305059299,0.144629108587658,2.71092250300129,0.00670963061181552,0.0409127714210942,"TK1"
"ENSG00000167904.15",1208.61246769854,-0.110793892291508,0.0729123759485566,-1.51954851079986,0.12862448703163,0.287870061257623,"TMEM68"
"ENSG00000167912.6",133.798135137705,-0.188069919044816,0.137011040012095,-1.37266251703668,0.169857286919244,0.343292578971795,"AC090152.1"
"ENSG00000167914.12",70.2865132917339,-0.0190566306591232,0.18198646373533,-0.104714550016412,0.916602316195198,0.955759369635339,"GSDMA"
"ENSG00000167916.5",4.39914676777124,-0.0494092750203892,0.305313877351307,-0.161831081669232,0.871438876022121,0.931227647797909,"KRT24"
"ENSG00000167920.10",635.047105272888,0.113404464882792,0.108747953795554,1.04281929843013,0.297031991611973,0.489683690197567,"TMEM99"
"ENSG00000167925.16",1758.5741303219,-0.00398808464869685,0.0800570095833382,-0.0498155585557478,0.960269368142088,0.979961012553781,"GHDC"
"ENSG00000167930.17",4922.67295365563,0.211473497662448,0.0786617125716845,2.68839173148858,0.00717971143547361,0.0428557528269538,"FAM234A"
"ENSG00000167941.3",14.5495991027903,-1.08035414502441,0.281066400255594,-3.8437683908214,0.000121159358373855,0.00251011731072853,"SOST"
"ENSG00000167962.14",1435.21399613965,0.248776680705918,0.0850754097541844,2.92419021459584,0.00345353639645263,0.026078155420072,"ZNF598"
"ENSG00000167964.13",158.573709599164,0.30184854191792,0.176256075276419,1.71255680942933,0.0867941048652036,0.223482239173933,"RAB26"
"ENSG00000167965.18",1598.82909677759,0.229291268116232,0.079498685795122,2.88421457314582,0.00392391287412039,0.0283785264940408,"MLST8"
"ENSG00000167967.16",1214.34941718658,0.101433970123845,0.0744971909193351,1.36158113979998,0.173330110655069,0.348281693164296,"E4F1"
"ENSG00000167968.13",26.3825671586409,-0.0314781825135304,0.152302477184844,-0.206682012632838,0.83625820593007,0.910895928193119,"DNASE1L2"
"ENSG00000167969.13",1918.40445891384,0.320748239467432,0.0878600854978962,3.65067069591132,0.000261556412793958,0.00434747760916088,"ECI1"
"ENSG00000167971.16",46.8058534544086,-0.220768214148396,0.207876925445739,-1.06201404352607,0.288229309832752,0.480642044190424,"CASKIN1"
"ENSG00000167972.14",14293.7938555762,-0.240522806897448,0.187053689313403,-1.28584904034937,0.198495751395354,0.378949004014715,"ABCA3"
"ENSG00000167977.9",2232.57393595397,0.302341412577545,0.081930329840803,3.69022574625316,0.000224055130710115,0.00390548034907426,"KCTD5"
"ENSG00000167978.17",26820.6215630087,-0.0290613136537236,0.0784890667648577,-0.370259385817228,0.711189232174442,0.833073784631049,"SRRM2"
"ENSG00000167981.7",366.621877275185,-0.0736358505161332,0.0968208652429623,-0.760537001310115,0.446933660636121,0.631658101062325,"ZNF597"
"ENSG00000167984.18",419.042047308835,-0.312262008121338,0.105188863364401,-2.96858429812654,0.00299175028549467,0.0235917437837456,"NLRC3"
"ENSG00000167985.7",404.373568401938,0.13863416612423,0.0686365355224464,2.01983047467324,0.043400974925929,0.142163386285808,"SDHAF2"
"ENSG00000167986.14",11610.6780323658,0.0817381079585439,0.0487463558153039,1.67680448294931,0.0935807208368127,0.234543457647612,"DDB1"
"ENSG00000167987.11",1845.19765263041,-0.00348904872884068,0.0621643179624701,-0.0561262287305572,0.955241249362111,0.976955946149748,"VPS37C"
"ENSG00000167992.13",43.6461581262792,-0.0673991098648826,0.141759427196977,-0.475447109215746,0.634468323441519,0.779150264175194,"VWCE"
"ENSG00000167994.13",472.279224800402,0.322864914552935,0.0990456724945206,3.25975791189461,0.00111507346735706,0.0118683315053448,"RAB3IL1"
"ENSG00000167995.17",176.210716776094,-0.0641662178157896,0.0943954641532102,-0.679759545560828,0.496656725693807,0.673652693483408,"BEST1"
"ENSG00000167996.16",4239.2482093152,0.394037202060498,0.108276857217462,3.63916364204328,0.000273524950497025,0.00447932423851325,"FTH1"
"ENSG00000168000.14",84.383369221713,0.017349994991096,0.0685147318843472,0.253230137722538,0.800090378767059,0.889930809177192,"BSCL2"
"ENSG00000168002.12",2418.71336559596,0.025478741131011,0.0763404458860419,0.333751536754773,0.738567056458375,0.850775483034692,"POLR2G"
"ENSG00000168003.17",7986.2522501123,0.230702697846604,0.0829344930532498,2.7817460426083,0.00540673301332739,0.035302821396046,"SLC3A2"
"ENSG00000168004.10",113.830356612872,-0.0179272050903568,0.230106183020281,-0.0779084023516948,0.937900915618744,0.967779019426571,"PLAAT5"
"ENSG00000168005.9",1142.98943393194,0.0958712626183845,0.0878310960730089,1.0915412297564,0.275034800209945,0.467729151728544,"SPINDOC"
"ENSG00000168010.11",1026.17824477059,-0.354551097575837,0.107828025222685,-3.28811639500605,0.00100860130975367,0.0110685841037828,"ATG16L2"
"ENSG00000168014.17",1518.92935988346,-0.103167936579907,0.0605391892244488,-1.70415127624871,0.0883528291619194,0.225906669325534,"C2CD3"
"ENSG00000168016.15",1988.90550461094,-0.138375168087424,0.0887334833944688,-1.55944704066526,0.118890609917744,0.273244862349265,"TRANK1"
"ENSG00000168026.18",287.302747135961,-0.505628219911539,0.109052383522579,-4.6365627561625,3.54250674953128e-06,0.000187676887304141,"TTC21A"
"ENSG00000168028.14",22932.2209253743,0.219735477233339,0.101381518692987,2.16741157625348,0.0302034853604914,0.111161246750701,"RPSA"
"ENSG00000168032.10",617.842507653735,-0.250185515766753,0.144130395255417,-1.73582758392768,0.0825943252373884,0.21633332311607,"ENTPD3"
"ENSG00000168036.18",25281.0270059326,-0.0110850923958179,0.0698485916656339,-0.158701730864989,0.873903874429909,0.932641520978474,"CTNNB1"
"ENSG00000168038.11",250.8884620975,-0.184645971604434,0.0966293465630037,-1.91086846979807,0.0560214859103788,0.167666606473772,"ULK4"
"ENSG00000168040.5",129.957049912654,0.364241908526524,0.0863263527302644,4.21935940771916,2.44997445178092e-05,0.000769853737975133,"FADD"
"ENSG00000168056.17",7941.77998079831,-0.00733569945690497,0.0931365864893591,-0.0787628120528453,0.937221283801755,0.967352064782113,"LTBP3"
"ENSG00000168060.16",165.644703367541,-0.0593591796286057,0.104844769403359,-0.566162527385975,0.571283300886368,0.732430802704426,"NAALADL1"
"ENSG00000168061.17",462.383729129133,0.206653273597348,0.0937045267659457,2.20537129559946,0.0274280505875669,0.104397794358744,"SAC3D1"
"ENSG00000168062.10",706.180446194192,0.0736922092348638,0.121661619858311,0.605714516383121,0.544704342823162,0.7119240641311,"BATF2"
"ENSG00000168065.16",4.77424335508706,-0.209088921910767,0.217997676051867,-0.959133719668735,0.337491385306322,0.53095646399222,"SLC22A11"
"ENSG00000168066.20",9369.40002610945,-0.0258278863592205,0.045533924006951,-0.567222942509364,0.570562722629719,0.731787684895262,"SF1"
"ENSG00000168067.12",1222.81610650854,-0.0904040774532794,0.0808569079439574,-1.11807487760896,0.263535014997821,0.455147131520591,"MAP4K2"
"ENSG00000168070.12",38.7531265841759,-0.354632824422311,0.284965178194751,-1.24447775222539,0.213323782491246,0.396172738912315,"MAJIN"
"ENSG00000168071.22",1191.92455422773,-0.126692453585597,0.100952365182977,-1.25497261362788,0.20948870187285,0.39171622305267,"CCDC88B"
"ENSG00000168077.14",993.707025984376,0.0353973588899397,0.143165039172555,0.247248623648094,0.804715816917628,0.892451821873371,"SCARA3"
"ENSG00000168078.10",451.887516180839,0.152763424659063,0.174772281466207,0.874071239314918,0.382079459000766,0.573347513304854,"PBK"
"ENSG00000168079.17",376.1737458004,-0.237527643593198,0.247051297867637,-0.961450701305192,0.336325601815794,0.529673049255119,"SCARA5"
"ENSG00000168081.9",49.880928325517,-0.0365679040220714,0.17240575255075,-0.212103734829308,0.832026106022677,0.90842636499567,"PNOC"
"ENSG00000168090.10",4488.56904780112,0.210789226907719,0.0828192567021975,2.54517168230182,0.010922402237765,0.0569388956271345,"COPS6"
"ENSG00000168092.14",5351.10443937026,0.145020230539022,0.0501513843191227,2.89164960265564,0.00383225090976642,0.0278939942148783,"PAFAH1B2"
"ENSG00000168096.15",726.31092644838,-0.0633509223003368,0.0837614230347921,-0.756325764356016,0.449453904504732,0.633338054015109,"ANKS3"
"ENSG00000168101.14",1422.82799431842,0.0892068861927482,0.0855531738886931,1.04270691709005,0.297084053288778,0.489741502581863,"NUDT16L1"
"ENSG00000168116.14",350.437030480088,-0.0660605481574726,0.0728622781322759,-0.90664950164672,0.364592175620392,0.557368321376146,"KIAA1586"
"ENSG00000168118.12",1815.48679846647,0.0093430791469248,0.0586352361352172,0.159342398236087,0.8733991184913,0.932378133579083,"RAB4A"
"ENSG00000168124.2",1.6545537230612,1.07366804909253,0.474533298515032,2.26257683591938,0.0236617873989095,0.0949465936931291,"OR1F1"
"ENSG00000168135.4",1.06028380208103,-0.14464814561911,0.320550708023323,-0.45124887263885,0.651810189282935,0.791910251862816,"KCNJ4"
"ENSG00000168137.18",4738.21080949592,-0.119023777761226,0.0573527632908007,-2.0752928181983,0.0379594046587325,0.129911848201396,"SETD5"
"ENSG00000168140.5",1983.42591372851,0.23910145665513,0.12609682501732,1.89617348908101,0.0579371075371822,0.171539927614128,"VASN"
"ENSG00000168143.9",149.19218609374,0.918472609499198,0.283756336948738,3.2368355870943,0.0012086302406567,0.012551131192197,"FAM83B"
"ENSG00000168152.13",220.352223687675,-0.186688025789508,0.0585807504069368,-3.18684934031506,0.00143831675172421,0.0141496665545731,"THAP9"
"ENSG00000168159.14",5352.55563563844,0.156963099455202,0.0615332878867095,2.55086482204869,0.0107455994825538,0.0563036266245927,"RNF187"
"ENSG00000168172.9",3841.73183392608,-0.309593354385915,0.0942162631766302,-3.28598634617371,0.00101625935934565,0.0111118772268482,"HOOK3"
"ENSG00000168175.15",4822.22971745433,0.0581697796296807,0.0526948197608509,1.10389939454537,0.269636781551865,0.461432390863228,"MAPK1IP1L"
"ENSG00000168209.5",2661.42072730923,0.281986439248668,0.146074906173886,1.93042355209863,0.0535543790410002,0.162904151796438,"DDIT4"
"ENSG00000168214.20",5534.3049238129,0.196329606858076,0.0657599496965772,2.9855498333554,0.00283069011706215,0.0227144290352736,"RBPJ"
"ENSG00000168216.13",2844.74692576865,-0.044323612271327,0.0666952921324108,-0.664568830185659,0.50632631114931,0.681783785699204,"LMBRD1"
"ENSG00000168228.15",485.987994495142,0.0112117985739579,0.0552803207498744,0.202817176562483,0.839277931994378,0.912364663680821,"ZCCHC4"
"ENSG00000168229.4",40.6138444234043,-0.318934212967327,0.140630064322517,-2.26789495193498,0.0233356101064519,0.0940344308005452,"PTGDR"
"ENSG00000168234.13",1250.73888966313,-0.265930546109746,0.115109828802537,-2.31023318231088,0.0208752478967156,0.087537346350436,"TTC39C"
"ENSG00000168237.18",184.716666288601,-0.0536605293296781,0.103548526493173,-0.518216252292264,0.604307396639509,0.757500231789126,"GLYCTK"
"ENSG00000168243.11",550.866937056124,-0.0141188431611523,0.267356552442452,-0.0528090410807918,0.9578840578136,0.978606663090346,"GNG4"
"ENSG00000168246.6",1548.88274437809,0.112017576735498,0.0615028059710039,1.82134091228796,0.0685550510221409,0.191548396203287,"UBTD2"
"ENSG00000168255.20",58.5835589095475,-0.0487526755050083,0.137873548338208,-0.353604270671387,0.723635473359297,0.841268055023714,"POLR2J3"
"ENSG00000168256.18",2265.85391207611,0.130713941108076,0.0652874006543916,2.00213118914061,0.0452706239012682,0.146230220388563,"NKIRAS2"
"ENSG00000168259.17",2567.86898268722,0.0231453655705759,0.0441389232467379,0.524375400849553,0.600017462530427,0.754281127474155,"DNAJC7"
"ENSG00000168263.9",4.40073712056815,-0.519640952502063,0.233061225560468,-2.22963279821611,0.0257718305940996,0.100341662492031,"KCNV2"
"ENSG00000168264.10",6452.69033139969,-0.0477649214926282,0.0508684841968049,-0.938988496449603,0.34773665057822,0.541547212447408,"IRF2BP2"
"ENSG00000168267.7",0.621412485155007,0.420365109636464,0.5151782215085,0.815960559057772,0.414522693969793,0.603392306551664,"PTF1A"
"ENSG00000168268.11",2448.10070046104,0.0699006147515505,0.0853638303396304,0.818855181093004,0.412869043478314,0.601982586056853,"NT5DC2"
"ENSG00000168269.10",4.72021401932559,-0.492522000264255,0.29790102850606,-1.65330748515437,0.0982683003954142,0.241788967930273,"FOXI1"
"ENSG00000168273.8",390.323517275389,0.0627147752683802,0.0814066878670034,0.770388489098578,0.441069479497302,0.626304865734719,"SMIM4"
"ENSG00000168275.16",873.459264029395,0.380933164384881,0.104488660386166,3.6456890439311,0.000266676287830215,0.00440379931594761,"COA6"
"ENSG00000168280.18",153.659248664286,-0.643650005519588,0.172826661456822,-3.72425180289902,0.000195895328433716,0.00353492854717816,"KIF5C"
"ENSG00000168282.6",11.7321060103268,0.334697013539618,0.130528485486036,2.56416836748958,0.0103423361440316,0.0548728919909554,"MGAT2"
"ENSG00000168283.14",1847.24581987061,0.089850772244064,0.0705587192359678,1.27341841259304,0.202869607055127,0.383717454659046,"BMI1"
"ENSG00000168286.3",1001.29793068614,0.0902868367615715,0.0529858114871868,1.703981391007,0.088384563863691,0.225953104869374,"THAP11"
"ENSG00000168288.13",3323.9847946573,0.106233272077262,0.0646384630163132,1.6434993519331,0.100279659323792,0.244730295987905,"MMADHC"
"ENSG00000168291.13",1752.25517706989,0.0569898580603539,0.0519548442837563,1.09691134380267,0.272680149384352,0.464935993723918,"PDHB"
"ENSG00000168297.16",772.719017666408,-0.0890217775577827,0.0631860919284872,-1.40888247462014,0.15886992250146,0.329138539504736,"PXK"
"ENSG00000168298.7",45.7037727313627,0.409482983701593,0.24448884899888,1.67485341510798,0.093962995633713,0.235158236009412,"H1-4"
"ENSG00000168300.14",3465.24709239832,-0.116828463184439,0.0684023263224512,-1.70796037891614,0.0876436944728014,0.224835993225688,"PCMTD1"
"ENSG00000168301.13",356.001385863572,-0.0759938544177991,0.0658223328939984,-1.15452994563686,0.248282968779151,0.437775917782242,"KCTD6"
"ENSG00000168303.9",1190.70254321358,0.179932200284569,0.0649650493829858,2.76967695697146,0.00561119145381663,0.036270456743331,"MPLKIP"
"ENSG00000168306.13",631.086221037965,-0.242370858790405,0.117922620158545,-2.05533814008323,0.039846355883921,0.134298919461772,"ACOX2"
"ENSG00000168309.18",1571.05700457357,-0.645557498045288,0.247901606183046,-2.6040875974342,0.00921192092003878,0.0508079564064765,"FAM107A"
"ENSG00000168310.11",1923.18603746485,0.081791364350346,0.0479235405827832,1.70670537601577,0.0878768274849815,0.225208468744322,"IRF2"
"ENSG00000168314.17",7.17116500589621,-0.18194970712536,0.186023709333956,-0.9780995539591,0.328025088443524,0.521715915279383,"MOBP"
"ENSG00000168329.14",238.104649073263,-0.204060909932054,0.17317621602698,-1.17834258429727,0.238660057355265,0.426159748275619,"CX3CR1"
"ENSG00000168334.9",81.6264289652907,0.0407450378530152,0.203966833771425,0.199763055098831,0.841665896655936,0.91376712637338,"XIRP1"
"ENSG00000168348.4",5.24897112948516,-0.180187375940992,0.233839326732436,-0.77056061723598,0.440967412206179,0.626233724403018,"INSM2"
"ENSG00000168350.8",436.085444246616,-0.179638202167508,0.186214491402879,-0.964684331569325,0.334702945476402,0.528317142221973,"DEGS2"
"ENSG00000168356.13",17.0580066841537,-0.173848795393366,0.143039686591209,-1.21538853682059,0.224217938009497,0.408990127665472,"SCN11A"
"ENSG00000168374.11",11776.8825836324,0.147095358756838,0.0612309354597088,2.40230461371327,0.0162921353941435,0.0743746145176497,"ARF4"
"ENSG00000168385.18",18455.4963134583,0.10049338496732,0.0428995052661373,2.34253016075326,0.0191534858278486,0.0828715773534131,"SEPTIN2"
"ENSG00000168386.18",2565.73413079776,0.0549744921010476,0.110423482582903,0.497851460714203,0.618588741555286,0.76810290187452,"FILIP1L"
"ENSG00000168389.18",2411.75729131221,-0.317947535189662,0.146848527761082,-2.16513941295314,0.0303770104739142,0.111590180923317,"MFSD2A"
"ENSG00000168393.13",1447.78411262144,0.23311454793523,0.0976560829210049,2.38709705491463,0.0169820074124812,0.0764960049768281,"DTYMK"
"ENSG00000168394.11",6301.99525946875,0.300782676024057,0.111708213402032,2.69257440311533,0.00709027133848355,0.0425403502743076,"TAP1"
"ENSG00000168395.16",1314.83848508968,-0.111242793656196,0.0632019638685959,-1.76011609208034,0.0783881248574869,0.208982690653452,"ING5"
"ENSG00000168397.17",2304.557304207,0.00498874886982652,0.0610826622238952,0.0816720929998193,0.934907470761387,0.965862174146927,"ATG4B"
"ENSG00000168398.7",717.027520235645,-0.113195368070499,0.132956043973427,-0.851374369209743,0.394561424896045,0.585258788998175,"BDKRB2"
"ENSG00000168404.13",968.518972185112,0.261531555464588,0.0841961874547496,3.10621612890899,0.00189498156127518,0.0172848277039821,"MLKL"
"ENSG00000168405.17",1569.97956159956,-0.61152929181345,0.137008238762655,-4.46344904026413,8.0650786358704e-06,0.000341090094867204,"CMAHP"
"ENSG00000168411.14",1882.36257078486,0.0409931637938657,0.0707797526290507,0.579165118147651,0.562477764899634,0.72607732515512,"RFWD3"
"ENSG00000168412.6",6.88311046230784,-0.674851544634754,0.284357975627586,-2.37324640937303,0.0176324963685314,0.0785439695315889,"MTNR1A"
"ENSG00000168421.13",564.380962792688,-0.192137404179535,0.116123527856554,-1.65459496215857,0.0980066861132106,0.241341464553781,"RHOH"
"ENSG00000168427.9",64.2371810772287,0.269020036464174,0.167724392076024,1.60394104360346,0.108727048659668,0.2581181995883,"KLHL30"
"ENSG00000168434.13",1113.37394626383,-0.0171605036190963,0.0567568539406891,-0.302351212719243,0.762384341876181,0.866193287174818,"COG7"
"ENSG00000168438.15",880.825199380769,-0.0714934023170503,0.0511295691450214,-1.39827899027019,0.162029304425518,0.333197264499451,"CDC40"
"ENSG00000168439.17",8146.78144908148,0.114460441400644,0.075238032572262,1.52131093128612,0.128181828365236,0.287252027980728,"STIP1"
"ENSG00000168447.11",3279.62450016763,-0.445983955998588,0.183096409367449,-2.4357875588022,0.0148594085862073,0.0699341659684194,"SCNN1B"
"ENSG00000168453.15",127.800063299211,0.236850492359075,0.165230638618837,1.43345383361651,0.151728183291514,0.319613186100879,"HR"
"ENSG00000168454.12",6.62779808292635,-0.502296767642956,0.195472462481506,-2.5696548826691,0.0101799874284677,0.054375472718751,"TXNDC2"
"ENSG00000168461.13",7232.24440163721,0.204391133305822,0.095196150532274,2.14705250331029,0.0317891019800329,0.115126136432202,"RAB31"
"ENSG00000168476.12",1258.37496931229,0.141491172066218,0.0798957550619708,1.77094730447783,0.0765694649597877,0.205665768205423,"REEP4"
"ENSG00000168477.19",1822.28354040341,-0.339321980209411,0.20556825737112,-1.65065358119381,0.0988093312671025,0.242564449629527,"TNXB"
"ENSG00000168481.9",614.978116326213,-0.0472464947271578,0.328693078747271,-0.14374046118411,0.885705419543615,0.939296466304444,"LGI3"
"ENSG00000168484.12",170175.969170902,0.0442237953576901,0.393943209480522,0.112259316300962,0.91061779873041,0.952318856341016,"SFTPC"
"ENSG00000168487.20",2107.26400202184,0.306509121667937,0.0963408199106117,3.1815083362621,0.00146510306375633,0.0143211028483968,"BMP1"
"ENSG00000168488.18",5669.94323471566,0.121654127334225,0.0628999122629139,1.93409057274556,0.0531019928138259,0.162016554870849,"ATXN2L"
"ENSG00000168490.14",74.9600078825474,-0.0775419275695423,0.144714945525813,-0.53582528941844,0.592079302375531,0.748352973981575,"PHYHIP"
"ENSG00000168491.10",75.1623681267013,0.150836433799726,0.134046455511506,1.12525492169226,0.260481025857043,0.451676812180132,"CCDC110"
"ENSG00000168495.13",1155.93520629933,0.0926662236247291,0.0560074112086403,1.65453502715072,0.0980188524974638,0.241353572679392,"POLR3D"
"ENSG00000168496.4",1420.25113197336,0.224896173882894,0.103384831489198,2.17533046814892,0.029605360901007,0.109711676156248,"FEN1"
"ENSG00000168497.5",3159.11786913398,-0.196327330392003,0.19859121037249,-0.988600301210506,0.322858738784721,0.516502618344131,"CAVIN2"
"ENSG00000168502.17",477.565272449927,0.530963336312056,0.148458964450571,3.57649898931389,0.00034822666231031,0.00531990222764548,"MTCL1"
"ENSG00000168505.7",7.99428767488158,-0.437961881270597,0.30582907331811,-1.43204789694748,0.152130114214735,0.320155998264928,"GBX2"
"ENSG00000168509.20",3.36430590114304,-0.708834623527468,0.247014929892078,-2.86960235090713,0.00410988295960914,0.0293124107485576,"HJV"
"ENSG00000168517.10",71.2913544281317,-0.0243717130602779,0.0814093093966207,-0.299372556295013,0.764655799405521,0.86779675244096,"HEXIM2"
"ENSG00000168522.13",2464.04768807259,0.0207584626704193,0.0702655916206981,0.29542856171305,0.767666517359699,0.869583252099502,"FNTA"
"ENSG00000168528.12",8364.52940922044,0.274163140851595,0.127410950059136,2.15180202898061,0.0314129499876316,0.114245169031607,"SERINC2"
"ENSG00000168538.16",1760.75152509433,-0.00428744836736149,0.0478308759126308,-0.089637672017403,0.928575146950597,0.962392995029588,"TRAPPC11"
"ENSG00000168539.4",21.3829900573428,-0.643276058530493,0.339051455666869,-1.89728151222727,0.057790793693102,0.171222647897521,"CHRM1"
"ENSG00000168542.16",103478.321700825,0.171562567401876,0.163124242775883,1.05172943323688,0.292923703023204,0.485475087054349,"COL3A1"
"ENSG00000168546.11",69.9848927144306,0.00707888536655577,0.15442273755644,0.0458409524307811,0.963437017783218,0.981779211932805,"GFRA2"
"ENSG00000168556.7",510.777992634638,0.246628206265488,0.0660467456692278,3.73414622880345,0.000188353041193421,0.00344099651489034,"ING2"
"ENSG00000168564.6",1014.51152187698,0.0469621059130049,0.0546789481576051,0.858869958098729,0.390412265493312,0.581298548142824,"CDKN2AIP"
"ENSG00000168566.13",705.489405373976,-0.193727266419292,0.0679004581454477,-2.85310691136007,0.00432940534246552,0.0303578121454727,"SNRNP48"
"ENSG00000168569.8",765.82637616978,0.194253773610939,0.0824020424829529,2.35739027526078,0.0184038932967668,0.0807380181221845,"TMEM223"
"ENSG00000168575.10",3051.95763361156,0.0379806286111936,0.0944435561001676,0.402151614991192,0.687572448651196,0.817107660893793,"SLC20A2"
"ENSG00000168589.15",73.116971688575,-0.770395977151397,0.219724007036269,-3.5061984693563,0.000454556141049501,0.00634578988331292,"DYNLRB2"
"ENSG00000168591.16",2114.69271791941,-0.000320984966594927,0.0520686790663539,-0.00616464585525358,0.995081355403055,0.997647704839464,"TMUB2"
"ENSG00000168594.15",13.7321383189854,0.276551281305869,0.244189965184109,1.13252516784366,0.257413709481438,0.448250631601019,"ADAM29"
"ENSG00000168610.16",15635.4055509294,-0.0754849613438104,0.0544756677466732,-1.38566381039763,0.165849583649721,0.337851157138941,"STAT3"
"ENSG00000168612.4",600.972118096598,-0.0191528699966717,0.0567752727292555,-0.337345275081391,0.735856633269987,0.849181105423143,"ZSWIM1"
"ENSG00000168615.13",10713.2085352642,0.318713354063877,0.0983511904580849,3.24056427359368,0.0011929337552058,0.0124307804419614,"ADAM9"
"ENSG00000168619.16",1.24405186588614,0.413807054933738,0.441948382222037,0.936324402531332,0.349106187692088,0.542766055236419,"ADAM18"
"ENSG00000168621.15",27.7714725790501,-0.635439009245917,0.225742511026524,-2.81488411888559,0.00487948252748402,0.0328651854718846,"GDNF"
"ENSG00000168630.3",1.23340694640663,-1.64523896706388,0.563524261020902,-2.91955303589468,0.00350533742085362,0.0263423022482412,"SPINT5P"
"ENSG00000168631.13",362.85375389866,0.0340836416624103,0.235869493580258,0.144502119138238,0.885103983184395,0.938912439450631,"MUCL3"
"ENSG00000168634.5",16.5341037940643,-0.489424692242978,0.203388333173558,-2.4063557855373,0.0161125642420784,0.0738078702960258,"WFDC13"
"ENSG00000168646.13",733.173009451524,-0.341349347540785,0.120803257790681,-2.82566342815233,0.00471828121018227,0.0321143196948037,"AXIN2"
"ENSG00000168653.11",4965.5974378046,0.0594755495898864,0.0817986288965095,0.727097145664067,0.467166447173062,0.648705894466665,"NDUFS5"
"ENSG00000168658.19",236.075964392308,-1.09136533007725,0.214776836336684,-5.08139214960046,3.74678720641757e-07,3.64595682686089e-05,"VWA3B"
"ENSG00000168661.15",188.421070553821,0.122578803101722,0.0817614386058225,1.49922512607297,0.133815238828062,0.295020908966471,"ZNF30"
"ENSG00000168671.10",14.2580156780252,-0.974026035828844,0.23171543659685,-4.20354401128443,2.6276803100557e-05,0.000808533831448101,"UGT3A2"
"ENSG00000168672.4",4429.35127703068,0.226405076730838,0.105913540643287,2.13764052599622,0.0325459299247887,0.116724296562102,"LRATD2"
"ENSG00000168675.19",1011.28609874435,-0.271849910501203,0.137902944141221,-1.97131331890066,0.0486880488484437,0.153066214382553,"LDLRAD4"
"ENSG00000168676.11",28.6727333377292,-0.199191817960449,0.18737288418472,-1.06307707663867,0.287746999067343,0.480246683374225,"KCTD19"
"ENSG00000168679.18",1605.57632371672,0.257486425858993,0.178545315968269,1.44213486902537,0.149264329986805,0.316143351246944,"SLC16A4"
"ENSG00000168685.15",3748.8900024007,-0.215303674780901,0.15466193787494,-1.3920921833722,0.163894484962809,0.335559872570372,"IL7R"
"ENSG00000168701.19",2027.80584405469,0.148907179793363,0.0910552401545645,1.63534992099956,0.101975714125174,0.247580941469365,"TMEM208"
"ENSG00000168702.18",20.093905377791,-0.522975160063557,0.280190405233513,-1.86649917447282,0.0619715594521648,0.179519631849032,"LRP1B"
"ENSG00000168703.5",13.535121283369,-0.169147621768433,0.291306714421458,-0.580651297737383,0.561475491704925,0.725189259624164,"WFDC12"
"ENSG00000168710.18",7398.99041369506,-0.0433304793931059,0.050249322431503,-0.862309724716618,0.388517102764904,0.579572537967199,"AHCYL1"
"ENSG00000168724.17",3071.56824896677,-0.111700720611545,0.0542811695402786,-2.05781713175246,0.0396076908923972,0.133751785463088,"DNAJC21"
"ENSG00000168734.14",2045.14883987173,-0.177447837830312,0.114717163255446,-1.54682902535849,0.121904479173145,0.277641662683781,"PKIG"
"ENSG00000168743.13",4029.05184149754,0.0743110480571626,0.157871913336082,0.470704677525299,0.637851643653395,0.781417244688133,"NPNT"
"ENSG00000168748.14",4.60539516313615,-0.485330715144018,0.223216264323673,-2.17426233081416,0.0296854396679377,0.10988629562649,"CA7"
"ENSG00000168754.15",146.388721705912,0.29030492103895,0.190288553022202,1.52560370252581,0.127108589488063,0.28577973188993,"FAM178B"
"ENSG00000168757.12",0.342727930137228,0.883033884200002,1.4654307398182,0.602576334866259,0.546790567455641,0.713698136288103,"TSPY2"
"ENSG00000168758.11",2982.03654646271,0.0489601699303501,0.0780259819052822,0.62748547002951,0.530341057636352,0.700688314293705,"SEMA4C"
"ENSG00000168763.16",1712.15992678537,-0.0252379102858557,0.0552571618626736,-0.45673555128614,0.647861134410548,0.788983859387314,"CNNM3"
"ENSG00000168765.17",632.869376391449,0.000590964886410274,0.086360160514773,0.0068430267253751,0.99454009723852,0.997446181990663,"GSTM4"
"ENSG00000168769.14",1451.05662015028,-0.245129222970072,0.0823485145956524,-2.97672913924077,0.00291341279151414,0.0231660501714546,"TET2"
"ENSG00000168772.11",344.884992209456,-0.205712343174349,0.170827586703368,-1.20421032190519,0.228508297465577,0.414497748628686,"CXXC4"
"ENSG00000168778.12",702.399453891195,-0.112182782193516,0.0637458753161369,-1.75984378027857,0.0784342976956095,0.209055565861815,"TCTN2"
"ENSG00000168779.20",85.6726837844043,0.449049937393228,0.201607219092197,2.22735048583688,0.0259238588531379,0.100721558267887,"SHOX2"
"ENSG00000168781.22",487.892867546254,-0.118887141518102,0.0685836949963028,-1.7334607230554,0.0830138127576449,0.217013270507181,"PPIP5K1"
"ENSG00000168785.8",1607.36402330663,0.282911895492269,0.116700980675335,2.42424608478087,0.0153402066023724,0.071409605482772,"TSPAN5"
"ENSG00000168792.5",849.004912177213,0.109458121952524,0.0564935596398172,1.9375327497575,0.0526802540782525,0.161253219344242,"ABHD15"
"ENSG00000168795.5",904.405429021011,-0.167116550660881,0.0516611229339855,-3.23486097804007,0.00121701972319526,0.0126146443475529,"ZBTB5"
"ENSG00000168802.14",24.1922063555029,-0.00713288207567488,0.0867798345067731,-0.0821951564694234,0.93449152499184,0.965568739940159,"CHTF8"
"ENSG00000168803.16",271.694453982104,0.0546625099794124,0.0657770155350357,0.831027518271891,0.405958083924219,0.595582888471732,"ADAL"
"ENSG00000168806.8",474.094634331363,0.0473284996234958,0.0619988017375199,0.763377650811177,0.445238204610094,0.630036974037181,"LCMT2"
"ENSG00000168807.16",1794.86271808586,-0.131075873045464,0.0721669759933272,-1.81628606771031,0.069326501309713,0.192932569589681,"SNTB2"
"ENSG00000168811.7",38.5329603802299,-0.385642037538499,0.128734990297925,-2.9956271923121,0.00273881052555059,0.0222235483371084,"IL12A"
"ENSG00000168813.17",1265.55167641778,-0.0582793993020739,0.0673362893993788,-0.865497636147017,0.386765712807999,0.578073664490089,"ZNF507"
"ENSG00000168818.10",1378.02102558792,0.154955178429541,0.0495191026515757,3.12920004871312,0.00175282928949848,0.016328683279331,"STX18"
"ENSG00000168824.14",81.9028992749005,-0.363656136250074,0.196293692113203,-1.85261244177094,0.0639379278674256,0.183159992470332,"NSG1"
"ENSG00000168826.16",215.861641096635,-0.0946285565998256,0.0470721889857489,-2.01028587449958,0.0444009410349394,0.144359562537542,"ZBTB49"
"ENSG00000168827.15",2379.88845174385,0.0595704494305933,0.0508832450420986,1.17072819120139,0.24170804980393,0.429916983765479,"GFM1"
"ENSG00000168830.8",1.26894525504396,-0.416338769321169,0.586864957879101,-0.709428572504645,0.478058561997441,0.65816885636757,"HTR1E"
"ENSG00000168843.14",17.7441056423834,-0.106685320515364,0.406594377479724,-0.262387594183307,0.793022636132964,0.885590266822352,"FSTL5"
"ENSG00000168852.13",33.3168228993454,-0.525857674979712,0.13859713420919,-3.79414536945631,0.000148152860857217,0.00288954493059129,"TPTE2P5"
"ENSG00000168872.17",572.567806669795,0.0544342288566266,0.0553840326074255,0.982850585158156,0.325680981209443,0.519072090928526,"DDX19A"
"ENSG00000168874.13",1709.93933856789,-0.319285415336857,0.19978719263404,-1.59812754324902,0.110014594947385,0.259877672029465,"ATOH8"
"ENSG00000168875.3",14.518108423634,-1.0121639418886,0.60387970369979,-1.67610193832874,0.0937182271619266,0.234686794802709,"SOX14"
"ENSG00000168876.9",651.343399366977,-0.164832787561043,0.0601258026164615,-2.74146506804242,0.00611658642071084,0.0384588312945658,"ANKRD49"
"ENSG00000168878.19",386407.186974981,-0.273793904427743,0.223993972209174,-1.22232710874945,0.22158395170234,0.406188443124435,"SFTPB"
"ENSG00000168883.20",2790.58455033566,0.0839802033681943,0.055460623500127,1.51423114397554,0.12996722532152,0.289776541088826,"USP39"
"ENSG00000168884.15",1847.58202156633,0.297589281906685,0.067251494866104,4.42502107201004,9.64328698007466e-06,0.000389156307185001,"TNIP2"
"ENSG00000168887.11",2100.00514354897,-0.00347326971384966,0.0572222352337645,-0.0606979035275474,0.95159980134703,0.97465112385053,"C2orf68"
"ENSG00000168890.14",1480.11261286589,-0.113190752252535,0.0974096724007947,-1.16200731880925,0.245232492056023,0.434213974260554,"TMEM150A"
"ENSG00000168894.10",3587.6477056065,0.0648540757704091,0.0901663546212829,0.719271351745443,0.471973743788376,0.652695136253361,"RNF181"
"ENSG00000168899.5",2592.63464426127,-0.144609888265957,0.140525066732982,-1.02906827677041,0.303447591982412,0.496665880727124,"VAMP5"
"ENSG00000168903.9",4.48218221507569,0.235092968944783,0.327544568398519,0.717743451201879,0.472915486432453,0.653499991275294,"BTNL3"
"ENSG00000168904.15",549.374583412264,0.0187392859461453,0.0556044499966341,0.337010544071197,0.736108951580279,0.849295651682916,"LRRC28"
"ENSG00000168906.13",6054.03465817085,-0.131788280321741,0.0546945051577397,-2.40953419254205,0.0159728992641063,0.0733989294316762,"MAT2A"
"ENSG00000168907.13",992.931120019924,-0.469977544771725,0.204776686063662,-2.29507349594288,0.0217289126992186,0.0897658447615655,"PLA2G4F"
"ENSG00000168913.7",20.9402752893586,-0.203379068301463,0.213738476922314,-0.951532317577914,0.341334221033772,0.534627409713839,"ENHO"
"ENSG00000168916.15",977.46678576848,-0.049480019437893,0.106954046759634,-0.462628773169221,0.643630480719389,0.785945206519219,"ZNF608"
"ENSG00000168917.9",393.829395108202,0.181034110475188,0.138307124417789,1.30892830891583,0.190558636283339,0.369368227630484,"SLC35G2"
"ENSG00000168918.14",1825.10955234847,-0.0995873792000645,0.103163589258434,-0.965334571198263,0.334377261347999,0.527928867699816,"INPP5D"
"ENSG00000168924.15",2462.91534052821,0.218411624322061,0.0627938256768626,3.47823407743953,0.000504728959294976,0.00679771085833642,"LETM1"
"ENSG00000168930.13",0.500867941622007,-0.412244690284437,0.519371611910631,-0.793737433526446,0.427348303071938,0.614616654795634,"TRIM49"
"ENSG00000168936.11",2312.85865997729,0.0788403861421313,0.0759738288456144,1.03773085205883,0.29939537722386,0.492381460873047,"TMEM129"
"ENSG00000168938.6",1631.30668096374,0.251057216545637,0.0729702050270851,3.44054421188004,0.000580545580849649,0.00744247363235555,"PPIC"
"ENSG00000168939.12",179.582646173614,-0.012092795528102,0.123170081044945,-0.0981796506546849,0.921789640812556,0.958736098455871,"SPRY3"
"ENSG00000168944.17",1107.41791765437,-0.127190296403624,0.0687249051059579,-1.85071621717812,0.0642103897567473,0.183610563288004,"CEP120"
"ENSG00000168952.15",389.832339952591,-0.126900232802704,0.222790285296927,-0.569595001117648,0.568952419729228,0.73047165869084,"STXBP6"
"ENSG00000168955.4",8.50778896453841,0.492240935468528,0.355145645661203,1.38602554045702,0.165739104792913,0.337757973671448,"TM4SF20"
"ENSG00000168958.20",2490.34682087448,0.0123405973633457,0.0736056303819196,0.167658334006702,0.866852076754097,0.928769617219819,"MFF"
"ENSG00000168959.14",6.64944791731525,-0.495475322560945,0.221239662117881,-2.23954112846613,0.0251207283701168,0.0988469932190403,"GRM5"
"ENSG00000168961.17",3214.89394881469,0.0972539608567654,0.107985479824848,0.900620722475936,0.367790012776806,0.560404251504724,"LGALS9"
"ENSG00000168970.22",138.092261282734,-0.32481719682533,0.132015698108053,-2.460443731165,0.0138765329835039,0.0667617648294501,"JMJD7-PLA2G4B"
"ENSG00000168992.4",13.250863184149,0.169664300616616,0.19930422691168,0.851283002100108,0.394612164865117,0.585302608585658,"OR7E102P"
"ENSG00000168993.15",234.849767618731,0.161361774147465,0.154516966857463,1.04429809508438,0.296347493940274,0.48906003349626,"CPLX1"
"ENSG00000168994.14",1728.9606467195,0.0171594138617263,0.100711436494966,0.170381979037545,0.864709743569056,0.927862232656866,"PXDC1"
"ENSG00000168995.13",120.839568108426,0.0776030468212893,0.133106018004993,0.583016816102021,0.559881979940146,0.723776918464987,"SIGLEC7"
"ENSG00000169016.17",619.607942789328,0.00767754748663987,0.0621353483447864,0.123561671273451,0.901662341748713,0.947790462089698,"E2F6"
"ENSG00000169018.6",3080.86143199378,-0.0377672475964473,0.0577400660571203,-0.654090827660042,0.513053290516147,0.687616569427724,"FEM1B"
"ENSG00000169019.11",760.970660119703,0.129432498887821,0.0877652324784529,1.474758229799,0.14027755479005,0.303776546872975,"COMMD8"
"ENSG00000169020.10",335.148837842717,0.180798792337353,0.0836836959962801,2.16050199725153,0.0307338291600854,0.112494864400873,"ATP5ME"
"ENSG00000169021.6",2386.4858839945,0.182984966387192,0.0826162199717174,2.21487943226929,0.026768341197081,0.102862232626318,"UQCRFS1"
"ENSG00000169026.13",614.780222486548,-0.104338068684109,0.102965496886142,-1.01333040522773,0.31090236909671,0.504800215352499,"SLC49A3"
"ENSG00000169031.20",1115.6329175259,-0.766170644131903,0.184474403046212,-4.15326262874515,3.27768192658361e-05,0.00096144373904624,"COL4A3"
"ENSG00000169032.10",2447.50887722335,0.168996262313374,0.0605909104922043,2.78913554756893,0.00528489409422484,0.0348156936385203,"MAP2K1"
"ENSG00000169035.12",183.735678208024,0.235162538772373,0.318382639980952,0.738616084050443,0.460140154728678,0.642513365406278,"KLK7"
"ENSG00000169040.14",0.851069254185401,0.966173212557882,0.48951190885998,1.97374812557266,0.0484103899786212,0.152452432232145,"PMCHL2"
"ENSG00000169045.17",13141.3828981641,-0.158822400936111,0.0617381609945722,-2.57251590228083,0.0100962317592102,0.0540842870409308,"HNRNPH1"
"ENSG00000169047.5",2167.9273027126,0.162836783801926,0.119062625984448,1.36765657951469,0.17141959721081,0.34560636820958,"IRS1"
"ENSG00000169057.24",2791.29853015932,-0.13851459691572,0.0549349765302178,-2.52142816224792,0.0116879538095829,0.05949757162261,"MECP2"
"ENSG00000169059.12",1.89230870919176,0.626361531081724,0.467897543836813,1.33867240666726,0.180677342960037,0.357436019916127,"VCX3A"
"ENSG00000169062.15",1121.4076758456,-0.095006289901345,0.0598802619406547,-1.58660444731358,0.112602259560961,0.263856068944473,"UPF3A"
"ENSG00000169064.13",122.69698085443,-1.20721839831368,0.265098363248091,-4.55385081794681,5.26727156056877e-06,0.000251597233954112,"ZBBX"
"ENSG00000169067.4",18.2999314828022,0.562290384093809,0.20749877207397,2.70984921247322,0.00673138026194587,0.0410153446304839,"ACTBL2"
"ENSG00000169071.15",427.571814677128,0.278448722711067,0.125721029554119,2.21481420967209,0.0267728194877186,0.102867568286742,"ROR2"
"ENSG00000169075.7",1.93080309152993,-2.00570030128125,0.386226381227201,-5.19306913967996,2.06855320116605e-07,2.4335103083541e-05,"BRD7P3"
"ENSG00000169083.18",452.880730150028,-0.192944401592108,0.166383266834757,-1.15963825727578,0.246196117942073,0.435364495386702,"AR"
"ENSG00000169084.15",1156.2918015896,0.163479406436949,0.0816892588197897,2.00123503137165,0.0453670674249237,0.14645648945777,"DHRSX"
"ENSG00000169085.13",4.12924449456922,-0.905689069497839,0.273238070710169,-3.31465182411762,0.000917573360422324,0.0103520060618571,"VXN"
"ENSG00000169087.11",453.255054614636,-0.103655924407786,0.0646063443244803,-1.60442330380407,0.108620777680099,0.257965553373487,"HSPBAP1"
"ENSG00000169093.16",958.768753783548,-0.00668977289064925,0.079433744475233,-0.084218274422844,0.932882888916274,0.964638631570939,"ASMTL"
"ENSG00000169100.14",21225.469049942,0.148013092075182,0.0930837280573906,1.5901070483976,0.111810677482949,0.262703802783333,"SLC25A6"
"ENSG00000169105.8",1036.32190137494,0.184315738654815,0.0672820341297647,2.7394495579508,0.0061542157656547,0.0386051047822769,"CHST14"
"ENSG00000169116.11",8096.35619425654,-0.136905314493154,0.143796505865222,-0.952076781486422,0.341058043374298,0.534370096598025,"PARM1"
"ENSG00000169118.18",1076.42590564363,-0.0605619382941643,0.0558645675144932,-1.08408497530125,0.278327123897232,0.470970517708287,"CSNK1G1"
"ENSG00000169122.11",193.201049670824,-0.11815185863889,0.126180697030348,-0.936370311938228,0.349082557965987,0.542766055236419,"FAM110B"
"ENSG00000169126.16",148.810888962795,-0.905679922016371,0.207791270563156,-4.3586042838171,1.30894546705695e-05,0.00048636965886972,"ARMC4"
"ENSG00000169129.15",1029.22656438365,0.2709568147317,0.137211327479188,1.97474085929821,0.0482975635525889,0.152255542406623,"AFAP1L2"
"ENSG00000169131.13",436.936567466767,-0.0459884606658557,0.0637247803354039,-0.721673114035134,0.470495475735683,0.65135187508077,"ZNF354A"
"ENSG00000169136.12",1647.86853810215,0.0312394016257196,0.107550856502842,0.290461672194066,0.771463068575125,0.872044271961147,"ATF5"
"ENSG00000169139.12",2516.75574805979,0.0630659377836355,0.0650470292606858,0.969543705537869,0.332273984855509,0.525761742600592,"UBE2V2"
"ENSG00000169155.10",976.910834414315,-0.134677479628704,0.0711502749661879,-1.89285958055265,0.058376545686602,0.172329343460191,"ZBTB43"
"ENSG00000169164.7",1.20872687636299,-2.3722148337729,0.737601125206954,-3.21612149535064,0.0012993581021728,0.0132039145590591,"AL159987.1"
"ENSG00000169169.15",231.044183654505,-0.0719527074392835,0.156605915384251,-0.459450763802499,0.645910501363575,0.787587837748956,"CPT1C"
"ENSG00000169174.11",741.85563460222,0.165639501228172,0.238463045921379,0.694612872146164,0.487297943209416,0.66604854352866,"PCSK9"
"ENSG00000169180.12",4696.60180553942,0.106866574330173,0.0502013918884485,2.12875719796055,0.0332743538356436,0.118608464909002,"XPO6"
"ENSG00000169181.13",5.40047233482797,-0.134477570194306,0.261179268733678,-0.514886081297027,0.606632627681968,0.759692727954054,"GSG1L"
"ENSG00000169184.6",462.126461835577,0.0939786271721307,0.139283230412956,0.67473038134955,0.499847078525177,0.676397544418921,"MN1"
"ENSG00000169188.5",1531.24874308623,0.159699983238643,0.0658775557322776,2.42419411988591,0.0153424019831125,0.0714098405177918,"APEX2"
"ENSG00000169189.17",1970.60169672962,0.191036354766611,0.0677915479666434,2.81799664554953,0.00483243147008022,0.0326336468523026,"NSMCE1"
"ENSG00000169193.12",511.904784578435,0.0812335279526555,0.0748251576496379,1.08564459473676,0.277636261973206,0.470262091535131,"CCDC126"
"ENSG00000169194.9",4.56400133394806,-0.223663673456116,0.206195380678911,-1.08471718774538,0.278046932962393,0.470735259646639,"IL13"
"ENSG00000169203.16",13.5188911509356,-0.386161776061841,0.159128800539379,-2.42672460769463,0.0152358161334712,0.0711225499904173,"NPIPB12"
"ENSG00000169213.7",384.97196538698,-0.0416913425255993,0.247997009592524,-0.168112279233129,0.866494949402601,0.928693690619359,"RAB3B"
"ENSG00000169217.9",3507.02208446384,0.120106858984212,0.0525706659060022,2.28467448365532,0.0223319218857762,0.0914060333591279,"CD2BP2"
"ENSG00000169218.14",62.9895804990771,-0.516641764008826,0.229324709577938,-2.25288310605377,0.0242665203326184,0.0965339285142828,"RSPO1"
"ENSG00000169220.18",1080.25165456696,0.0460750956125193,0.0951332899717129,0.48432147806745,0.628157735354058,0.775311614263463,"RGS14"
"ENSG00000169221.14",2975.60312183896,0.13676366858977,0.0554211882582889,2.46771447686013,0.0135978733627076,0.0659164236844239,"TBC1D10B"
"ENSG00000169223.15",8762.01469368682,0.21449763645978,0.0757717530448866,2.83083903750667,0.00464260784118779,0.0317870652969724,"LMAN2"
"ENSG00000169224.13",44.2531139582731,-0.202152851358363,0.190671332110806,-1.06021628485233,0.289046214135277,0.481425939617515,"GCSAML"
"ENSG00000169228.14",105.544765266779,0.0261266412949678,0.0897565910555269,0.291083261827589,0.770987641055451,0.87182568936683,"RAB24"
"ENSG00000169230.10",869.944909519608,0.35372240147285,0.0760168336301496,4.65321146094879,3.26804796256545e-06,0.00017807384749213,"PRELID1"
"ENSG00000169231.13",896.004678745186,0.0170209400467069,0.0784218987009146,0.217043202583266,0.828174676537996,0.906007435155437,"THBS3"
"ENSG00000169239.13",363.244700954278,-0.352501915211081,0.0854758499851491,-4.12399426589295,3.7235816732779e-05,0.00105866101322324,"CA5B"
"ENSG00000169241.19",4568.98159200863,0.040466313635256,0.108159436279573,0.374135766856789,0.708303309730778,0.830833318918605,"SLC50A1"
"ENSG00000169242.12",8763.0852984147,-0.117978152778278,0.113079859530263,-1.04331711472195,0.296801447060989,0.489477023278295,"EFNA1"
"ENSG00000169245.6",1843.34115785831,-0.00391304952146386,0.181247541026278,-0.0215895316389232,0.982775384128919,0.991531284699661,"CXCL10"
"ENSG00000169246.16",59.1388312405394,-0.20740017740232,0.119273465129864,-1.73886268145647,0.0820589198439593,0.215575445306158,"NPIPB3"
"ENSG00000169247.14",64.5380546932918,0.692618649010788,0.196627511762787,3.5224910430966,0.000427511487489205,0.00606181429002474,"SH3TC2"
"ENSG00000169248.13",433.039503295036,0.118077643718707,0.197645808805332,0.597420428150871,0.550226718292169,0.715927001889359,"CXCL11"
"ENSG00000169249.13",566.780313496403,-0.0556865421511691,0.0627783176004058,-0.887034636793281,0.375060252736989,0.566761268867183,"ZRSR2"
"ENSG00000169251.13",2637.0096828523,0.0757676745923555,0.0694723028509816,1.09061700106411,0.275441445539584,0.467972843606613,"NMD3"
"ENSG00000169252.6",454.523650078291,-0.127629812879453,0.18783822520746,-0.679466667332975,0.496842220814143,0.673837708064415,"ADRB2"
"ENSG00000169255.15",806.778453230098,0.355399528395618,0.129250515309868,2.74969525300208,0.00596507126486372,0.0378287442702371,"B3GALNT1"
"ENSG00000169258.7",432.544673558382,0.324702257950065,0.141062905210316,2.30182596527382,0.0213449886495349,0.0887006988478983,"GPRIN1"
"ENSG00000169271.3",13.6269417888736,0.0191495591604508,0.225954169612223,0.0847497490013786,0.932460344221129,0.964400271576285,"HSPB3"
"ENSG00000169282.18",174.319845030945,-0.0293014301604661,0.133070902487069,-0.220194119171271,0.82571997646276,0.904566982869095,"KCNAB1"
"ENSG00000169288.18",885.135344163401,0.144091522778438,0.0723686924250261,1.9910753939311,0.0464725991556175,0.14858467720042,"MRPL1"
"ENSG00000169291.10",1233.96382468298,-0.0632724573693447,0.169391692361884,-0.373527511810739,0.708755873131063,0.831242060258934,"SHE"
"ENSG00000169297.8",214.216554364796,0.159374103841694,0.537166559781198,0.296694015924244,0.766700126044814,0.869168731149891,"NR0B1"
"ENSG00000169299.14",1278.88822720315,0.352875302207848,0.0830013361269492,4.2514412258151,2.12399253278844e-05,0.000697026911249891,"PGM2"
"ENSG00000169302.16",1030.0760387713,-0.407588050009141,0.158910560054967,-2.56488964527062,0.0103208624513238,0.0547851520395285,"STK32A"
"ENSG00000169306.10",2.77032290952328,0.390065251782265,0.278808539424117,1.39904341734995,0.161799963712634,0.332955562793109,"IL1RAPL1"
"ENSG00000169313.10",83.5991830290514,-0.026834255145679,0.173278695083189,-0.154861826105028,0.876930248871817,0.9341527981121,"P2RY12"
"ENSG00000169314.15",49.7562617572076,-1.00322106355688,0.213478714543672,-4.69939621709523,2.60931781487279e-06,0.000151081770453147,"C22orf15"
"ENSG00000169327.5",0.913505685954779,-1.07203971519731,0.350590865414635,-3.05780846266328,0.00222962037664178,0.0192407338516161,"OR5AU1"
"ENSG00000169330.9",80.0866726552565,0.0739579582152327,0.121673839053222,0.607837796445976,0.543295058548154,0.711115048916641,"MINAR1"
"ENSG00000169344.15",1.06664194409834,-0.456375145860349,0.667260021011004,-0.683953978194091,0.494004227221119,0.671520608234228,"UMOD"
"ENSG00000169347.17",54.236592034176,-0.797318306205051,0.453791396536948,-1.75701503441821,0.0789152466247695,0.209923298492865,"GP2"
"ENSG00000169359.16",1195.73500050865,-0.0858153865826615,0.0599284141660514,-1.43196491642315,0.152153862098145,0.320165499357449,"SLC33A1"
"ENSG00000169371.14",402.229321624739,0.0927310042629855,0.0606362591265349,1.52929955770318,0.126190199234323,0.284274914055356,"SNUPN"
"ENSG00000169372.13",378.745518757745,-0.0467650154283036,0.0742331856789405,-0.629974518816461,0.528711255836027,0.699589994060206,"CRADD"
"ENSG00000169375.16",3185.76669363063,-0.0461365698091974,0.0455622663441053,-1.01260480461518,0.311248964011894,0.505212410845303,"SIN3A"
"ENSG00000169379.16",647.142131977078,-0.0420259291819683,0.07416588948192,-0.566647679621146,0.570953574229502,0.732176155412635,"ARL13B"
"ENSG00000169385.3",67.8100957501588,0.226702713188576,0.146185362423328,1.55078941851978,0.120952157241604,0.276077144524654,"RNASE2"
"ENSG00000169397.3",4.56401926092576,0.139468380306879,0.190802154273413,0.730958100750929,0.464804745745069,0.646532040948009,"RNASE3"
"ENSG00000169398.19",6549.52730355493,-0.0843803580445232,0.0656749191537192,-1.284818605517,0.198855679145582,0.379447785906391,"PTK2"
"ENSG00000169402.15",6.22920638968943,-1.1194177495412,0.242901021315223,-4.60853455238658,4.05516991617409e-06,0.00020802584286469,"RSPH10B2"
"ENSG00000169403.12",1880.76826126903,0.181564946910241,0.123100581453102,1.47493167592724,0.140230913235028,0.303754573476498,"PTAFR"
"ENSG00000169410.10",1813.62067740622,0.0811920772065052,0.0469342201308389,1.72991214044178,0.0836459738698818,0.218126843271714,"PTPN9"
"ENSG00000169413.3",761.723274825128,0.0535206475202686,0.107598220421662,0.497412013976893,0.618898535223289,0.768212113450699,"RNASE6"
"ENSG00000169418.10",939.412855385715,0.0565423316261824,0.176720964148315,0.319952598146356,0.749004264324933,0.857487671406416,"NPR1"
"ENSG00000169427.8",25.1504045697252,0.473902796993456,0.264466085880903,1.79192275415937,0.073145340523117,0.199870963725881,"KCNK9"
"ENSG00000169429.11",2936.36453143526,0.505473550254074,0.182673778771371,2.76708323249123,0.00565603126941869,0.0364722543197281,"CXCL8"
"ENSG00000169432.18",531.372904439331,-0.410104828161796,0.143074802611342,-2.86636654866359,0.00415213178543627,0.0294946845644736,"SCN9A"
"ENSG00000169435.14",666.869429691589,-0.0494947600885561,0.14655111752824,-0.337730349132403,0.735566401906317,0.848972313695325,"RASSF6"
"ENSG00000169436.17",214.359379356096,0.116498363221885,0.201750124629399,0.577438866200874,0.563643025229456,0.726776422887849,"COL22A1"
"ENSG00000169439.12",2667.78316135088,0.0357091861682343,0.118692970144661,0.300853421434417,0.763526269953553,0.866928589644759,"SDC2"
"ENSG00000169442.9",2055.64307615588,0.18643567691222,0.165529810402016,1.12629668613424,0.260039959994483,0.451146971761143,"CD52"
"ENSG00000169446.5",2067.39384623491,-0.0337991899183154,0.0600665578583253,-0.562695635032645,0.57364215706039,0.734040600161871,"MMGT1"
"ENSG00000169469.9",229.321795549286,0.892197453709645,0.378968613694096,2.35427795725012,0.0185587277280413,0.0811606097792828,"SPRR1B"
"ENSG00000169474.4",18.7841969705279,0.384389233952631,0.359273183510001,1.06990794636341,0.284660745923501,0.477273012742665,"SPRR1A"
"ENSG00000169490.17",2166.70524131982,0.156575895707251,0.0770530717503848,2.03205261192549,0.0421483300237443,0.139196939934582,"TM2D2"
"ENSG00000169495.5",94.0824259162522,-0.231112123090057,0.158055654389611,-1.46221989958271,0.143680960214291,0.308697096567785,"HTRA4"
"ENSG00000169499.15",1712.28468026776,-0.0301237558247517,0.0846698676179091,-0.355778940870577,0.722006121297029,0.840506040688918,"PLEKHA2"
"ENSG00000169504.15",10039.949881843,0.105017227741122,0.0896889928658199,1.17090430370017,0.241637245039433,0.429815383203545,"CLIC4"
"ENSG00000169507.9",41.5379395228718,-0.258871603801955,0.201328216813194,-1.28581878834279,0.198506311537459,0.378949004014715,"SLC38A11"
"ENSG00000169508.7",1030.94374567516,-0.0291104753295383,0.126966422487596,-0.22927695968107,0.818653660051195,0.901300472623865,"GPR183"
"ENSG00000169509.6",2.5745027999902,1.7173022336658,0.601444488903209,2.85529631636906,0.00429966924386306,0.0302129354444772,"CRCT1"
"ENSG00000169515.8",433.531658418006,-0.110746457697761,0.13474951248473,-0.821869078823649,0.411151413055806,0.600213276982678,"CCDC8"
"ENSG00000169519.21",577.734232510193,-0.0704913640693948,0.0628547977752028,-1.12149536017129,0.262077065410909,0.453625862281184,"METTL15"
"ENSG00000169548.3",10.1073806208359,0.200932134457559,0.48929425962014,0.410657044318384,0.681324028879047,0.81299442945345,"ZNF280A"
"ENSG00000169550.14",795.095814270344,-0.267855220142067,0.208686553190592,-1.28352889080226,0.199306844497444,0.380019630826034,"MUC15"
"ENSG00000169551.13",2.51411641821871,-1.4766166708028,0.330592485880178,-4.46657662793337,7.94812014258021e-06,0.000338165260152273,"CT55"
"ENSG00000169554.22",2674.26260002777,-0.157608625576811,0.122483057192114,-1.28677899776458,0.198171329249141,0.378614401375836,"ZEB2"
"ENSG00000169562.13",763.802031532767,0.0627244469167492,0.250590926594347,0.250306137453598,0.802350610511936,0.891372760136608,"GJB1"
"ENSG00000169564.7",185.007426374241,0.247869948560754,0.0821111262884555,3.01871329459043,0.00253850638896411,0.0211271472033794,"PCBP1"
"ENSG00000169567.13",7909.31629002528,0.182186478601225,0.083590966344208,2.179499610652,0.0292945735595321,0.108948194539489,"HINT1"
"ENSG00000169570.10",461.767417971628,-0.0955047160517752,0.0715515372551759,-1.33476819248725,0.181952226835198,0.358998191775765,"DTWD2"
"ENSG00000169583.13",1032.67643264787,0.32926292297715,0.184724772234985,1.78245136801847,0.0746756551010866,0.20239194417957,"CLIC3"
"ENSG00000169592.15",1582.984479763,0.00570714172011394,0.0609080182629425,0.0937009918049864,0.925346682399106,0.960844808567927,"INO80E"
"ENSG00000169594.13",26.239421878632,0.0885705726626065,0.265917320651624,0.333075605776887,0.739077212831551,0.851019251181601,"BNC1"
"ENSG00000169598.17",282.591341317525,-0.0704664185244439,0.0629440693004327,-1.11950846692334,0.262923280810061,0.454485661700647,"DFFB"
"ENSG00000169599.13",1237.20352824089,0.109997783308638,0.0734549705193971,1.49748590913383,0.134266869356973,0.295597380040154,"NFU1"
"ENSG00000169604.20",8519.56499418074,-0.0721177025989805,0.121490920491162,-0.593605697507467,0.552775869412284,0.717991846923501,"ANTXR1"
"ENSG00000169607.13",434.307969919678,0.382334625632527,0.147680788198163,2.58892595507749,0.00962757937899584,0.0522775333190227,"CKAP2L"
"ENSG00000169609.14",682.134452853753,0.0542014212239658,0.0510580956186282,1.06156370634769,0.288433797451254,0.480886695304953,"C15orf40"
"ENSG00000169612.4",165.647706106982,0.148129974437311,0.0639682276111016,2.31568045527031,0.0205757223264376,0.0867977742130738,"RAMAC"
"ENSG00000169618.7",5.46785467824251,-0.234403654463898,0.220907619602442,-1.06109356882186,0.288647380270603,0.481088226150098,"PROKR1"
"ENSG00000169621.10",155.696393497246,-0.0511536176327969,0.0884262077358395,-0.578489329607021,0.562933799358588,0.726283859021331,"APLF"
"ENSG00000169627.9",24.6563374754091,0.369564867045665,0.121358839481059,3.0452241355138,0.00232506966282332,0.0198077134811609,"BOLA2B"
"ENSG00000169629.12",50.8492604952523,-0.240660391095023,0.108352804779804,-2.22108132395923,0.0263454537395826,0.101848489474213,"RGPD8"
"ENSG00000169635.10",390.192238740597,0.139512534607391,0.104108894246831,1.34006355188657,0.180224684447789,0.356853011041001,"HIC2"
"ENSG00000169641.13",1845.51329716249,0.0770348579661621,0.0768361459564962,1.00258617877292,0.316060567136064,0.510112684780927,"LUZP1"
"ENSG00000169660.17",1226.41311579257,0.0453049840914828,0.0963123410755958,0.470396457873688,0.638071794374843,0.781608015383996,"HEXD"
"ENSG00000169668.11",2.28971411636051,0.590811168620494,0.248295671428063,2.37946624370238,0.0173377309074412,0.0776361903297162,"BCRP2"
"ENSG00000169676.6",8.47634916278584,-0.176966613492958,0.223414210402172,-0.792100973229934,0.428301802673155,0.615302870337437,"DRD5"
"ENSG00000169679.15",1118.37367603934,0.231540233515777,0.139393635493656,1.66105312266079,0.0967027780814882,0.23953021283141,"BUB1"
"ENSG00000169682.18",33.3172010945146,-0.117720360686574,0.115815659140282,-1.01644597596241,0.3094170613366,0.503220273708145,"SPNS1"
"ENSG00000169683.8",1167.76778063829,0.0518154266674214,0.0922539621303091,0.561660718639183,0.574347202594946,0.734575752602418,"LRRC45"
"ENSG00000169684.13",110.136124227251,-0.0524166404647269,0.200386969342608,-0.261577090749391,0.793647508131197,0.88608002978578,"CHRNA5"
"ENSG00000169689.15",1881.36832296196,0.136960845479469,0.111550347630941,1.22779398171485,0.219524315463259,0.403791327884988,"CENPX"
"ENSG00000169692.13",5455.67729911757,-0.119859084203052,0.114332603836819,-1.04833687138028,0.294483427568229,0.487070234687716,"AGPAT2"
"ENSG00000169696.16",1844.312414195,-0.176710224034718,0.0893346609425954,-1.97807012608766,0.0479207961494915,0.151483770053648,"ASPSCR1"
"ENSG00000169704.5",4.94077860615697,-0.179341325368205,0.274573396047871,-0.653163518205303,0.513650866664111,0.68803493929541,"GP9"
"ENSG00000169710.9",16051.00048117,0.00440949188856463,0.128390235154698,0.0343444490404711,0.972602480550916,0.986439236732518,"FASN"
"ENSG00000169714.17",14388.5266621261,0.054659442062322,0.0542219004567553,1.00806946274256,0.313421116420695,0.507599806829508,"CNBP"
"ENSG00000169715.15",2003.84274478799,0.471346628120641,0.162004273247134,2.90947034095584,0.00362041736600857,0.0268918254318687,"MT1E"
"ENSG00000169718.18",4545.50670025094,0.0327794329036054,0.0886274509372752,0.369856433384331,0.711489464242484,0.833288902134219,"DUS1L"
"ENSG00000169727.12",4883.34281792891,0.134973885017394,0.0725336014124779,1.86084631658969,0.0627658826316174,0.180954670112092,"GPS1"
"ENSG00000169733.12",1665.05077476988,0.0249807744040097,0.0788144593880665,0.316956743698633,0.751276424742915,0.858966517015209,"RFNG"
"ENSG00000169738.8",2292.90460511622,0.0538555017133742,0.0978582593265171,0.550341913743612,0.582084881195762,0.740461254380655,"DCXR"
"ENSG00000169740.14",748.251136709788,0.0327359413886179,0.0832812945068523,0.393076759702917,0.694262788492907,0.821425459941517,"ZNF32"
"ENSG00000169744.13",1005.58369720256,-0.127637133425919,0.147671210754685,-0.864333222255171,0.387404864889683,0.578578307710421,"LDB2"
"ENSG00000169750.9",656.722750319447,0.0758697376404768,0.152587851519206,0.497220040030037,0.619033891000711,0.768212113450699,"RAC3"
"ENSG00000169752.17",60.0222619642699,0.285152999250415,0.198093854260383,1.43948433087479,0.150013346316073,0.317124537361168,"NRG4"
"ENSG00000169756.16",3676.43542947582,0.0876376842759863,0.0619416218200458,1.41484322981715,0.157114465987198,0.327020410558302,"LIMS1"
"ENSG00000169758.13",83.3698381743208,-0.104137686167083,0.0801140214343004,-1.29986841632316,0.193646071647442,0.373136859784598,"TMEM266"
"ENSG00000169760.17",51.2674563527209,0.0138746711570935,0.223605617399475,0.0620497432866643,0.950523218873412,0.97408791512245,"NLGN1"
"ENSG00000169762.17",1810.65772600137,-0.182139335679009,0.0837333132006722,-2.17523144274132,0.0296127770616593,0.109711676156248,"TAPT1"
"ENSG00000169764.16",6093.69739104995,0.150859711231583,0.0553421310712368,2.72594691081548,0.00641173102771716,0.0397663489392302,"UGP2"
"ENSG00000169783.13",211.112695629968,0.33894408646632,0.183380555422267,1.84830984771444,0.0645575319402893,0.184284824735321,"LINGO1"
"ENSG00000169813.16",11058.7994748987,0.142891012854739,0.0559174031532774,2.55539429223949,0.0106067572386131,0.0558221259476995,"HNRNPF"
"ENSG00000169814.16",1310.79343736013,-0.0636847180951635,0.0669278570312806,-0.951542764403747,0.341328920566477,0.534627409713839,"BTD"
"ENSG00000169826.8",1633.2802212504,-0.0408141406946256,0.0628706472946645,-0.649176403470706,0.516224361805195,0.690393575864882,"CSGALNACT2"
"ENSG00000169836.5",7.55576060555169,0.603942432987993,0.389101579663264,1.55214592937571,0.12062731036625,0.275694723966744,"TACR3"
"ENSG00000169851.15",1315.76587250967,0.745164073351796,0.175225690181677,4.25259602390036,2.1130656137743e-05,0.000695848600191768,"PCDH7"
"ENSG00000169855.20",1885.29890961433,-0.000468974669495371,0.116980926452354,-0.0040089840602039,0.996801302082081,0.998480781966445,"ROBO1"
"ENSG00000169856.9",69.9270476822996,-0.202975619961197,0.253032499003897,-0.802172135042903,0.422453392626619,0.60999873360446,"ONECUT1"
"ENSG00000169857.9",508.079807684091,0.369077193579599,0.077991972717247,4.73224590584028,2.22049177039295e-06,0.000134168480057518,"AVEN"
"ENSG00000169860.7",372.184420502121,-0.0103015914921781,0.126773602838377,-0.0812597517269544,0.935235381564848,0.96599111340671,"P2RY1"
"ENSG00000169862.19",407.311867842319,-1.04516695466808,0.293862152275779,-3.55665725093863,0.000375603687127048,0.00559506646779455,"CTNND2"
"ENSG00000169871.13",4091.55254726364,-0.0464175083477588,0.0740217023983478,-0.627079719106742,0.53060698053102,0.700750338649381,"TRIM56"
"ENSG00000169876.14",1.59913724820956,1.64110289236843,0.499018862052266,3.28865904110163,0.00100665891965307,0.0110609555815214,"MUC17"
"ENSG00000169877.10",2.13128109258171,0.0946391045356205,0.258027548300181,0.366779071301025,0.713783819995581,0.834679818987509,"AHSP"
"ENSG00000169884.14",45.9123532591813,0.204185306445909,0.161330174671248,1.26563618282809,0.20564336569585,0.386931513066758,"WNT10B"
"ENSG00000169885.10",15.6271790769268,-0.0188837733494227,0.200448151718679,-0.0942077698771967,0.924944112757598,0.960606555386926,"CALML6"
"ENSG00000169891.18",1003.48463902896,-0.15865105199454,0.109956520747527,-1.44285260133704,0.149061997714766,0.315855466517166,"REPS2"
"ENSG00000169894.18",1668.80477706899,-0.377163472508243,0.2565930489451,-1.46988967183183,0.141591637259856,0.305648082687699,"MUC3A"
"ENSG00000169895.6",4005.91609901807,0.0578195545589303,0.0583384821023104,0.991104884380262,0.321634368221822,0.515544784176565,"SYAP1"
"ENSG00000169896.18",1657.20815745931,0.174371726453105,0.134048426994868,1.30081143331717,0.193323007463104,0.372794838544402,"ITGAM"
"ENSG00000169900.8",2.77175688357316,-0.88378110642657,0.359332973754486,-2.45950461265048,0.0139128909759507,0.066869045656464,"PYDC1"
"ENSG00000169902.15",1012.4385573565,0.0317957449721598,0.0769769349473483,0.413055482059761,0.67956596481178,0.81188465448303,"TPST1"
"ENSG00000169903.7",261.701602838201,1.57144584893861,0.288266512127462,5.4513645630949,4.99847819879217e-08,8.27932013295461e-06,"TM4SF4"
"ENSG00000169905.13",5099.03334457057,0.0406186292604644,0.0711384535563874,0.57097993040105,0.568013247335708,0.729703522341334,"TOR1AIP2"
"ENSG00000169906.5",2.37479040975314,-1.08885605907701,0.441509904684034,-2.46620981211338,0.0136551322810204,0.0661035980833311,"S100G"
"ENSG00000169908.12",17875.793940039,0.2594294383367,0.119878421830153,2.16410455172881,0.0304563262668047,0.111807527886286,"TM4SF1"
"ENSG00000169914.6",732.259667240675,-0.272070641482964,0.0932020296405689,-2.91914932037636,0.0035098805386477,0.0263423022482412,"OTUD3"
"ENSG00000169918.10",70.8355397868794,-0.188067332909793,0.132833585954887,-1.415811607869,0.156830670065084,0.326702719033837,"OTUD7A"
"ENSG00000169919.17",5230.35657335124,0.0934491509757118,0.0716645337857045,1.30398044945285,0.192240248350714,0.371418305665532,"GUSB"
"ENSG00000169925.17",1449.01335498951,0.00140136363787607,0.0615851190492935,0.0227549066967688,0.981845777943991,0.990923714232123,"BRD3"
"ENSG00000169926.11",4936.05856676984,-0.0987594166316968,0.0913802115360906,-1.08075276880588,0.279807103218047,0.472466292409517,"KLF13"
"ENSG00000169933.16",5.44444231253276,-0.540510610658148,0.276432394262687,-1.9553085017399,0.0505466683304791,0.156792157712349,"FRMPD4"
"ENSG00000169946.14",325.951972182935,0.10573063154821,0.120331062580159,0.878664488463044,0.379583218560622,0.571262277169279,"ZFPM2"
"ENSG00000169951.10",435.835335276992,-0.0142751818347511,0.0528300131204966,-0.270209696942375,0.786998933004145,0.881880632644711,"ZNF764"
"ENSG00000169955.7",473.540858267636,0.00453702034710037,0.0496318148619349,0.0914135491462763,0.927163996164416,0.961940499492208,"ZNF747"
"ENSG00000169957.10",1622.88232562741,0.184776401000934,0.071999304765568,2.56636368368517,0.0102771011368527,0.0546836388283901,"ZNF768"
"ENSG00000169962.5",216.126170712645,-0.113395551627735,0.172537583312276,-0.6572223248456,0.511037972785546,0.686130871796959,"TAS1R3"
"ENSG00000169964.8",578.787241628382,0.0828921387931337,0.0724962022351555,1.14339974008924,0.252872660357896,0.443006181924618,"TMEM42"
"ENSG00000169967.16",3456.50853953946,-0.120216412125892,0.0632812868411018,-1.8997150362595,0.0574705260131008,0.170699133270776,"MAP3K2"
"ENSG00000169972.12",437.898211150403,0.148398260119179,0.0924702589391675,1.60482150500741,0.108533091917777,0.257875457428287,"PUSL1"
"ENSG00000169976.7",2844.64655210946,0.105348530677063,0.0873417793511704,1.20616423731756,0.227754170251994,0.413577648362053,"SF3B5"
"ENSG00000169981.11",311.093454072837,-0.0256070359517601,0.066916518505409,-0.382671372087151,0.701963443424004,0.826249564147617,"ZNF35"
"ENSG00000169989.3",31.1302781740476,-0.190245175968201,0.120166660786714,-1.58317768607943,0.113380970871919,0.265120990535104,"TIGD4"
"ENSG00000169991.11",1483.04873783909,-0.160214611024614,0.0963886892994374,-1.66217231699144,0.096478228916321,0.239151937704644,"IFFO2"
"ENSG00000169992.10",1162.74837735225,0.0769918465117547,0.0923443043828861,0.833747647202196,0.404423202256318,0.593999856390109,"NLGN2"
"ENSG00000169994.18",120.433559409091,0.0485597644005922,0.183245561425237,0.264998311680277,0.791010762420695,0.884263021733672,"MYO7B"
"ENSG00000170004.17",7272.31332426222,-0.0584219455751095,0.0731532575547724,-0.79862397831521,0.424508479602916,0.612143139787763,"CHD3"
"ENSG00000170006.12",773.634448598439,0.0037060481592272,0.101308199066166,0.036581917291874,0.970818361789768,0.985377762778361,"TMEM154"
"ENSG00000170011.14",131.087033927263,-0.506141972823077,0.184452768335296,-2.74401938984737,0.00606919529535529,0.0382910212181663,"MYRIP"
"ENSG00000170017.12",11250.4058827837,-0.12056066339798,0.100743326930884,-1.19671115766002,0.231419156584368,0.418003362639072,"ALCAM"
"ENSG00000170027.7",11260.5016470867,0.289803393121907,0.0667920840546063,4.33888831624084,1.43205270769962e-05,0.000518795764934097,"YWHAG"
"ENSG00000170035.16",2246.86213658858,0.21958760124197,0.0723910099889741,3.03335457366068,0.00241851248165693,0.0204260619106556,"UBE2E3"
"ENSG00000170037.14",1922.94862928898,-0.138574913815545,0.0749064385025666,-1.84997333454582,0.0643173929712343,0.183799472375568,"CNTROB"
"ENSG00000170043.12",2204.99349385827,0.105733547048403,0.0773305091165848,1.36729407650734,0.171533147638621,0.345777009223335,"TRAPPC1"
"ENSG00000170044.8",29.8872208542642,-0.0719613620111414,0.230419406932767,-0.312305994399763,0.754807984858176,0.86102317000902,"ZPLD1"
"ENSG00000170049.9",82.9649725148108,-0.225012675844247,0.126518950205722,-1.77848990588661,0.0753234283322023,0.203649740089655,"KCNAB3"
"ENSG00000170054.16",10.1352917251562,0.106178935431605,0.262122941352037,0.405073035133557,0.685423826571795,0.815955070549389,"SERPINA9"
"ENSG00000170074.19",27.6134776113616,-0.13908414324471,0.225339400622922,-0.617220702905171,0.537089162059775,0.705460585965048,"FAM153A"
"ENSG00000170075.9",30.6344241958838,-0.0764647559396268,0.162294180290564,-0.471149093594903,0.637534268731948,0.781352048919298,"GPR37L1"
"ENSG00000170085.18",480.343769558891,0.0326511448190015,0.0796495776556435,0.409934939770368,0.681853673979518,0.81339189393386,"SIMC1"
"ENSG00000170088.14",1419.81316335419,0.0850482795587449,0.0563559911034112,1.50912578935369,0.131266640193404,0.29158069571303,"TMEM192"
"ENSG00000170089.15",309.768362938452,0.104152939529688,0.10732468913877,0.970447157736641,0.331823652319598,0.525391394715194,"AC106795.1"
"ENSG00000170091.11",8.24552910097261,-0.905562709358743,0.242514476535378,-3.73405630169314,0.000188420344358024,0.00344099651489034,"NSG2"
"ENSG00000170092.14",38.0058095590709,-0.579494067162013,0.154568012127633,-3.74912026871058,0.000177455973668838,0.00329397869895574,"SPDYE5"
"ENSG00000170099.6",7.59564148292684,-0.738834113349838,0.303695437900344,-2.43281268384506,0.0149820493189474,0.0703026593341389,"SERPINA6"
"ENSG00000170100.14",436.849612521886,-0.356993694416194,0.0864489535927106,-4.12953170142589,3.63502880771775e-05,0.0010379160728589,"ZNF778"
"ENSG00000170113.16",1425.64369058167,0.147703560477861,0.0708733742665174,2.0840486572916,0.0371557415505733,0.128030886824758,"NIPA1"
"ENSG00000170122.5",17.7823884135956,-0.245802472159613,0.142072967978313,-1.73011429026481,0.0836098575474264,0.21806682235225,"FOXD4"
"ENSG00000170128.5",23.5904591105904,-0.0253612248061938,0.169058357303994,-0.150014617500336,0.880753082668654,0.936355613146236,"GPR25"
"ENSG00000170142.12",932.53117810476,0.0505846396420696,0.0653333041780212,0.774255033914031,0.438779989143098,0.624233064632987,"UBE2E1"
"ENSG00000170144.21",11813.9712539049,-0.0374774505811618,0.0506067358658085,-0.740562495090357,0.458958755407076,0.641560357288593,"HNRNPA3"
"ENSG00000170145.5",2876.2688754287,-0.168497293861878,0.0836552240432834,-2.0141873479975,0.0439898675178921,0.143368693559044,"SIK2"
"ENSG00000170153.11",320.802763852511,-0.309390073881755,0.154702321994006,-1.99990581843848,0.0455104347612901,0.146675356182201,"RNF150"
"ENSG00000170160.17",35.2765705220871,-0.0367944736991475,0.25815466457723,-0.142528796678551,0.886662335094675,0.939655875583474,"CCDC144A"
"ENSG00000170161.7",17.7001291111283,0.0721071301282295,0.108710691666182,0.663293821638531,0.507142392763958,0.682690105219572,"AL512625.1"
"ENSG00000170162.14",5.07810590201604,-2.55694519578035,0.539982777955067,-4.73523471519515,2.18801732095681e-06,0.000132446655757482,"VGLL2"
"ENSG00000170166.6",43.6408213270416,0.197665667221418,0.233934237081013,0.844962540275646,0.39813175428815,0.588426216482945,"HOXD4"
"ENSG00000170175.11",616.198632713529,0.15444022389113,0.0999487716167091,1.54519381672231,0.12229938954271,0.278160512094919,"CHRNB1"
"ENSG00000170178.7",4.29295076206414,0.429891056277536,0.43651309209956,0.984829697111323,0.324707730763154,0.51824038735847,"HOXD12"
"ENSG00000170185.10",2012.58972908007,0.00349089419393942,0.0572032508018795,0.0610261505247307,0.951338382757245,0.974521054033321,"USP38"
"ENSG00000170190.16",1344.87776375807,-0.0513961845877292,0.124571828289231,-0.412582726717293,0.67991235880691,0.811988017113561,"SLC16A5"
"ENSG00000170191.5",461.19871411134,0.000489919402114998,0.0640967673066936,0.00764343386883782,0.993901481505952,0.997160498219974,"NANP"
"ENSG00000170209.5",42.4559423298499,-0.260943348241611,0.170860495140353,-1.52723043455574,0.126703720854815,0.285119768733989,"ANKK1"
"ENSG00000170214.5",109.583596056083,0.626131588262282,0.17680336018121,3.54140095312976,0.000398008257739553,0.00579718442899853,"ADRA1B"
"ENSG00000170222.12",257.881993793366,-0.0479480362195546,0.063871966342872,-0.750689840393579,0.452839338717614,0.636107341628012,"ADPRM"
"ENSG00000170231.16",199.423815654663,0.103300376568907,0.208323432344407,0.495865373407094,0.619989397846492,0.768935591659337,"FABP6"
"ENSG00000170234.13",1005.10296629147,-0.0968689896608702,0.0545670938209762,-1.7752272088867,0.0758603788102652,0.204371224448144,"PWWP2A"
"ENSG00000170236.16",29.2067509191466,-0.326187657608229,0.134958950931751,-2.41693978321737,0.0156516061672607,0.0723853185140044,"USP50"
"ENSG00000170242.19",2391.8021212732,-0.13771747594375,0.0644875861521333,-2.13556568265495,0.0327148311040436,0.11719118484473,"USP47"
"ENSG00000170248.15",6328.66974950513,0.0756745686568976,0.0437857867579185,1.72829071395439,0.0839361170660772,0.218608757757839,"PDCD6IP"
"ENSG00000170260.9",835.745476490295,-0.0125971454748234,0.0642051154431425,-0.196201585930937,0.844452386789697,0.9155004322625,"ZNF212"
"ENSG00000170262.13",2.54146930433062,-0.361149723757486,0.233387620402283,-1.54742450835645,0.121760915178844,0.27742856207564,"MRAP"
"ENSG00000170264.13",291.69315922073,-0.201358824843782,0.0892025387991155,-2.25732168113783,0.0239879815583334,0.0958281581499393,"FAM161A"
"ENSG00000170265.12",1605.19756310926,0.150936394082947,0.0655592128660679,2.30229112712652,0.0213187598683487,0.0886625935556975,"ZNF282"
"ENSG00000170266.16",3836.00263997243,0.109249385981498,0.0659411328312037,1.65677144584632,0.097565692046456,0.24068376631885,"GLB1"
"ENSG00000170270.5",558.12259910989,0.0630656367524609,0.079400171796937,0.79427582239682,0.427034876069235,0.61437587524191,"GON7"
"ENSG00000170271.11",2377.28323369648,0.327602334115277,0.160765310331846,2.03776755967473,0.0415731840784963,0.138036902116822,"FAXDC2"
"ENSG00000170275.15",6758.18293265389,0.107249027476937,0.0713772641699544,1.5025656800402,0.132951079071597,0.293738156183601,"CRTAP"
"ENSG00000170289.12",21.4036307568561,-0.0226570526819776,0.250073222148329,-0.090601674530905,0.927809101323653,0.961991541898735,"CNGB3"
"ENSG00000170290.4",13.7604461968809,-0.0676311558034823,0.230787922728211,-0.293044605644848,0.769488057125784,0.87111424619543,"SLN"
"ENSG00000170291.15",1102.94172430071,0.0756189682213171,0.0674295234272131,1.12145191568711,0.26209554821857,0.453625862281184,"ELP5"
"ENSG00000170293.9",705.81222097549,0.0354978595458481,0.0810166915836012,0.438154889467658,0.661274006940751,0.798889451813572,"CMTM8"
"ENSG00000170296.10",12.8725628850135,-0.100202334884488,0.0913200064353579,-1.09726596389826,0.272525144914479,0.464748383979799,"GABARAP"
"ENSG00000170298.15",13.3132246024647,-0.127319858708443,0.239980299350863,-0.53054296145491,0.59573553054842,0.751124206192447,"LGALS9B"
"ENSG00000170310.15",969.405320281415,0.0974156568488068,0.0690642043553528,1.41050863841967,0.158389547525976,0.328541426819309,"STX8"
"ENSG00000170312.16",1627.09490436916,0.242013209926896,0.140255744305288,1.72551371158187,0.0844349349163993,0.219427980948592,"CDK1"
"ENSG00000170315.14",7143.02187875709,0.0690484436862983,0.0740629281331971,0.93229427227235,0.351184466988804,0.544723891390082,"UBB"
"ENSG00000170322.14",1765.18811393985,-0.0999867622407693,0.0637484922923551,-1.56845689435639,0.116774542249657,0.269871916917801,"NFRKB"
"ENSG00000170323.9",936.166900717219,0.512834361847127,0.284190372586877,1.80454516167803,0.0711458860085477,0.196113593548814,"FABP4"
"ENSG00000170324.21",41.7002964861724,-1.12784771441208,0.254459451561166,-4.43232785220779,9.32211248420471e-06,0.000382218092286487,"FRMPD2"
"ENSG00000170325.15",518.324834738823,-0.046420080974245,0.0517542180668816,-0.896933287915909,0.369754516118402,0.562269270796363,"PRDM10"
"ENSG00000170340.11",2015.94065173289,0.0170845814511346,0.0746592283380297,0.228834155287299,0.818997818975136,0.901414737252115,"B3GNT2"
"ENSG00000170345.10",17540.026758336,-0.224034535850568,0.164608407639029,-1.36101514536156,0.173508903276421,0.348535773909852,"FOS"
"ENSG00000170348.9",16770.651233258,0.0672837828075807,0.0558192078345417,1.20538763299942,0.228053693438954,0.413990818738446,"TMED10"
"ENSG00000170356.9",51.5759137434846,-0.365932929499552,0.126384492739962,-2.89539421780538,0.00378682636651711,0.0276783337476299,"OR2A20P"
"ENSG00000170364.12",559.461630882447,-0.0140126673424333,0.062376364756724,-0.224647066193815,0.822253847040056,0.90281964677477,"SETMAR"
"ENSG00000170365.10",1378.83532814027,-0.0483527928561709,0.0880468023753552,-0.549171480981632,0.582887774019976,0.741284337081136,"SMAD1"
"ENSG00000170367.5",25.6877707317717,-0.324001612102309,0.264455075898119,-1.22516692486224,0.220512333617492,0.405088538740875,"CST5"
"ENSG00000170369.4",90.5164402298654,-0.0903676319559551,0.219420944619839,-0.411845970823445,0.680452324126921,0.812418835472748,"CST2"
"ENSG00000170370.12",1.88444945628867,0.731135252709858,0.302874594587801,2.41398673171945,0.015779036951779,0.072821108571608,"EMX2"
"ENSG00000170373.8",656.776782205007,0.038750643765674,0.297287089324986,0.130347550085879,0.896291461414164,0.945064671987315,"CST1"
"ENSG00000170374.6",3.18416246026232,0.0340293355655524,0.252545091718944,0.134745582794472,0.892813031949405,0.943380785854969,"SP7"
"ENSG00000170379.20",220.610524796592,0.0874765684368944,0.105729730200123,0.827360178365351,0.40803294423513,0.597468479237374,"TCAF2"
"ENSG00000170381.14",667.623863546017,-0.301695886892815,0.208942107676322,-1.44392095134879,0.148761212421745,0.31553943967617,"SEMA3E"
"ENSG00000170382.12",238.435204971581,0.288293646611259,0.137511680806531,2.09650296556892,0.0360375971258294,0.12542334529691,"LRRN2"
"ENSG00000170385.10",2749.07080344214,0.0693849295624076,0.0814606120497951,0.851760474374954,0.394347048165627,0.585115571836795,"SLC30A1"
"ENSG00000170390.16",227.071399542375,-0.0138766439076791,0.107367771863062,-0.129244033539017,0.897164554645346,0.945350662039736,"DCLK2"
"ENSG00000170396.9",31.7900391720772,0.0476014697905444,0.145376526152186,0.327435735675189,0.74333834160799,0.853760768867244,"ZNF804A"
"ENSG00000170412.18",3836.66816627832,-0.167592060463808,0.138725527879967,-1.20808378259565,0.227015037063675,0.41262278915548,"GPRC5C"
"ENSG00000170417.16",381.565646351556,0.108495708777979,0.0911160775132754,1.19074165327378,0.233755020526659,0.420761564575804,"TMEM182"
"ENSG00000170419.11",1.06977919573942,0.144530207996728,0.433482450299378,0.333416515240491,0.738819898320774,0.85094896820015,"VSTM2A"
"ENSG00000170421.12",50365.4162712646,0.411026903242502,0.122384652032961,3.35848406164362,0.000783712406152554,0.00925909763592512,"KRT8"
"ENSG00000170423.13",17.5376254199976,-0.0630361793788917,0.234097319457522,-0.269273392471843,0.787719305962512,0.88230475629237,"KRT78"
"ENSG00000170425.3",530.064148541376,0.219231350337022,0.11725242075461,1.86973837236024,0.061520158094247,0.178756381866972,"ADORA2B"
"ENSG00000170426.2",1.60892657865588,0.231304798625051,0.253012587835488,0.914202730401099,0.360610329720859,0.553696430724372,"SDR9C7"
"ENSG00000170430.10",1127.88897946993,0.104777299255991,0.0964198461750181,1.08667772675973,0.277179260831967,0.469840086089235,"MGMT"
"ENSG00000170439.7",610.833542407904,0.229330991347727,0.17691482063405,1.29627913888628,0.194879332992216,0.374472909691207,"METTL7B"
"ENSG00000170442.12",138.783784537146,0.875366529247481,0.168272926738308,5.20206396961776,1.97087358394481e-07,2.37740196486502e-05,"KRT86"
"ENSG00000170445.16",2303.70973424627,0.10719399280286,0.0424875668113775,2.52294967322428,0.0116375054677049,0.0593344693194081,"HARS1"
"ENSG00000170448.12",512.231195416631,0.106939592666192,0.0726107857116478,1.47277834302566,0.14081081382193,0.304495610845253,"NFXL1"
"ENSG00000170454.6",12.1603667245599,-0.220939943906884,0.409108219638655,-0.540052566291699,0.58916078133863,0.746098512480297,"KRT75"
"ENSG00000170456.16",681.582837577674,-0.00951175781854307,0.108571812607934,-0.0876079858120375,0.930188254827571,0.963115746328311,"DENND5B"
"ENSG00000170458.14",4750.82720022757,0.214847003126067,0.120888308332368,1.7772355829099,0.0755294872352956,0.203925327915392,"CD14"
"ENSG00000170464.10",416.752994982951,-0.105506896964265,0.0739477537763718,-1.42677622478341,0.153644406280416,0.322181975076771,"DNAJC18"
"ENSG00000170465.10",23.9988012295993,0.647290657630097,0.403545406822458,1.60400947870255,0.108711963278112,0.2581181995883,"KRT6C"
"ENSG00000170468.8",549.791525769649,0.158978234186377,0.0568431733518981,2.79678675224891,0.00516135870939542,0.0342373212815106,"RIOX1"
"ENSG00000170469.11",105.786777889626,-0.0778249225834864,0.066821951996442,-1.16466101720031,0.244156234449768,0.433068381115403,"SPATA24"
"ENSG00000170471.15",3639.63453429766,-0.12041584635503,0.0535045460958673,-2.2505722436982,0.0244126430560475,0.0968852217505055,"RALGAPB"
"ENSG00000170473.17",1496.50536163052,0.188684879270996,0.0644410016279962,2.92802524020705,0.00341122351958691,0.025908212498058,"PYM1"
"ENSG00000170476.16",1979.98251782095,-0.107954506776389,0.181203421631842,-0.595764173789852,0.55133278037111,0.716788591725062,"MZB1"
"ENSG00000170477.13",546.595743934457,-0.0174790247694446,0.281909833045214,-0.0620021819765373,0.950561094380625,0.97408791512245,"KRT4"
"ENSG00000170482.17",62.575083840345,-0.360647082782934,0.153783089530539,-2.34516736452557,0.0190185403409496,0.0824673435232139,"SLC23A1"
"ENSG00000170485.17",855.519883259105,0.396553005972885,0.129558015904225,3.06081413184062,0.00220736075168551,0.0191080763145777,"NPAS2"
"ENSG00000170486.11",1.94316515290932,-0.558976996218647,0.278415062583582,-2.00771104491101,0.0446740062670771,0.144921727628354,"KRT72"
"ENSG00000170498.9",40.5408538464121,-0.318137659433256,0.212046926941307,-1.50031723648282,0.133532246674748,0.294670185493629,"KISS1"
"ENSG00000170500.13",715.816378146446,-0.359704026672498,0.174736661738895,-2.0585492654655,0.0395374372015572,0.133609408927268,"LONRF2"
"ENSG00000170502.13",1478.64496032593,0.0171681724288139,0.0564711177905123,0.304016869163131,0.761115039337637,0.865223580587562,"NUDT9"
"ENSG00000170509.12",106.130395055443,-0.954184892696606,0.226161443790736,-4.2190431609532,2.45341307779899e-05,0.000769853737975133,"HSD17B13"
"ENSG00000170515.14",3687.60798532564,0.227080402484191,0.0711491011259674,3.19161308984286,0.00141480712933666,0.0139855028969732,"PA2G4"
"ENSG00000170516.17",12.4413653469869,0.588806860809463,0.801154104454756,0.734948317103347,0.462370970646903,0.64468199705785,"COX7B2"
"ENSG00000170522.10",869.645395210472,0.535002347990928,0.155140043334671,3.44851230211926,0.000563683791835285,0.00733075175061412,"ELOVL6"
"ENSG00000170523.3",19.6982102725023,0.103554106992212,0.308687718197765,0.335465588319483,0.737273898834724,0.850079997018337,"KRT83"
"ENSG00000170525.21",6912.40594417913,-0.112567420837283,0.101322142211278,-1.11098540141952,0.266574633139377,0.458091734340316,"PFKFB3"
"ENSG00000170537.13",248.231469995339,0.216668380144753,0.113850091089533,1.9031023872819,0.0570271865146537,0.169821656586079,"TMC7"
"ENSG00000170540.15",9127.70454069962,0.147429908748041,0.0685006555443324,2.15224084465333,0.0313783902279859,0.114147808769705,"ARL6IP1"
"ENSG00000170542.6",1501.18657841902,0.11275145914257,0.10504717296438,1.07334120434447,0.283118054198513,0.475644617168649,"SERPINB9"
"ENSG00000170545.17",720.33596623838,0.278181628927855,0.0991017946405761,2.80702917577596,0.0050000712853185,0.0334156890497318,"SMAGP"
"ENSG00000170549.4",107.176302812232,0.297305139868016,0.282169719435323,1.05363942120714,0.292048033612328,0.484534568348793,"IRX1"
"ENSG00000170558.10",341.439993470048,-0.0307006545354227,0.222822973929174,-0.137780472067396,0.890413918183756,0.941904190197687,"CDH2"
"ENSG00000170561.13",1698.35849365543,-0.419392301485826,0.216863598180267,-1.93389902687683,0.0531255438074587,0.162073557223653,"IRX2"
"ENSG00000170571.12",4517.61031861781,-0.111902328763861,0.131230707985712,-0.852714509290343,0.393817642741548,0.584624371507306,"EMB"
"ENSG00000170577.8",276.316907971994,-0.0151317508013719,0.237959864756716,-0.0635895083267182,0.949297085977442,0.973305341559231,"SIX2"
"ENSG00000170579.17",217.812949782619,-0.0020176531476611,0.235478532806362,-0.00856831034071482,0.993163561117679,0.996818594242635,"DLGAP1"
"ENSG00000170581.14",6200.42421040823,-0.018516190316736,0.0583951243372797,-0.317084525923599,0.751179466048912,0.858966517015209,"STAT2"
"ENSG00000170584.11",1198.15524031215,0.124188214419314,0.0574943437054035,2.16000751405468,0.0307720878817042,0.112569511245531,"NUDCD2"
"ENSG00000170604.5",1190.54633324522,0.208181233667502,0.0816531772377785,2.54957909428639,0.0107853043266375,0.05638742728435,"IRF2BP1"
"ENSG00000170606.15",5441.59386536465,0.20334285606322,0.0529541688488773,3.83997823936256,0.000123045216315536,0.00254128063696846,"HSPA4"
"ENSG00000170608.3",301.239638595748,0.360701256489472,0.212711927944039,1.69572651602484,0.0899376844885263,0.228521713036086,"FOXA3"
"ENSG00000170615.15",35.5650874027427,-0.431495633446044,0.217764973104745,-1.98147400518124,0.0475381417192445,0.150726471875539,"SLC26A5"
"ENSG00000170619.10",1447.85229810119,0.187883397285454,0.0837192332413273,2.24420829015318,0.0248190028937465,0.0980770401592287,"COMMD5"
"ENSG00000170624.13",501.395877946707,-0.070980367005283,0.13913399213006,-0.510158343900117,0.609940533110137,0.761750700308943,"SGCD"
"ENSG00000170627.11",67.4826425957293,0.0735511096481518,0.212856324494782,0.345543454359303,0.729685847786767,0.845038577551513,"GTSF1"
"ENSG00000170629.14",89.5079193375128,-0.437050309297949,0.162358050205716,-2.69189183255272,0.00710479842726615,0.0426121516914019,"DPY19L2P2"
"ENSG00000170631.15",462.183993585298,-0.0284384786990228,0.0610864351580589,-0.465544905762454,0.641541286697578,0.784414927394413,"ZNF16"
"ENSG00000170632.14",1672.22160265583,0.0421823462188215,0.0663688331527182,0.635574624639818,0.525053713133665,0.696994149575722,"ARMC10"
"ENSG00000170633.16",1391.71249838697,-0.00705019578714362,0.0522246691016295,-0.13499742379265,0.892613911201854,0.943242396548065,"RNF34"
"ENSG00000170634.13",376.781456345998,0.0567898748273553,0.0732581927178984,0.775201690356203,0.438220489518504,0.623596972026823,"ACYP2"
"ENSG00000170638.10",1706.44528814806,0.123214698540401,0.0829798681477359,1.48487460019859,0.137577045574938,0.299887151831767,"TRABD"
"ENSG00000170653.19",1474.10016931069,-0.00816813747373212,0.0552264273448185,-0.147902695619482,0.882419560809512,0.937383725321983,"ATF7"
"ENSG00000170667.15",91.4286574762118,-0.0771580799906694,0.0998685151574602,-0.772596647391984,0.439761129249963,0.625228136657942,"RASA4B"
"ENSG00000170677.6",1347.76051959117,0.101599390223495,0.0624316270722495,1.62737053298192,0.103658425958737,0.250188485968119,"SOCS6"
"ENSG00000170681.7",33.6164814923111,0.052675432724182,0.116543352407043,0.451981444125667,0.651282350219592,0.7915445242339,"CAVIN4"
"ENSG00000170684.9",122.218111273412,0.205583230942298,0.105618719176351,1.94646585894529,0.0515988051732965,0.15897455308482,"ZNF296"
"ENSG00000170689.10",331.616263886354,-0.257475945965293,0.358641758578408,-0.717919594711674,0.472806865226135,0.653431256287825,"HOXB9"
"ENSG00000170703.15",52.0216935108787,-0.392594104014526,0.214360034196983,-1.83147061664376,0.0670303295406637,0.188759844400502,"TTLL6"
"ENSG00000170734.12",1081.39572866565,-0.0410779959964023,0.0567660195988507,-0.723637068208918,0.469288577946572,0.65032360564309,"POLH"
"ENSG00000170743.17",14.1868407707567,0.560065117590928,0.263165527812056,2.12818571735926,0.0333216885460465,0.118764476690239,"SYT9"
"ENSG00000170745.12",2639.70398321423,-0.0608664812735861,0.105880966424935,-0.574857628606345,0.565387588120647,0.727899816965456,"KCNS3"
"ENSG00000170759.11",9558.09152878481,0.0272332351169991,0.0554010489748933,0.491565333525375,0.62302665524621,0.771478151073373,"KIF5B"
"ENSG00000170775.3",322.535015586722,0.411025491186137,0.193179117682719,2.12769110924926,0.0333627025467895,0.118847042145331,"GPR37"
"ENSG00000170776.22",7839.02945369432,-0.138180477616793,0.0948567175687764,-1.4567284337728,0.145191357715341,0.31077683986364,"AKAP13"
"ENSG00000170779.11",748.406608807495,0.34745262610866,0.109227433244811,3.18100147359425,0.00146766883074471,0.0143402185671422,"CDCA4"
"ENSG00000170786.12",2978.8563681724,-0.0338975869645084,0.157152920426772,-0.215698103938855,0.829223079269258,0.906823149983951,"SDR16C5"
"ENSG00000170788.14",4.67020410219793,-1.1511220300005,0.291853780637072,-3.94417378280237,8.00755754730516e-05,0.00187084640998197,"DYDC1"
"ENSG00000170790.5",3.22981436202411,-1.2026446433896,0.294072701422695,-4.08961674297314,4.32086550753089e-05,0.00118107204714471,"OR10A2"
"ENSG00000170791.18",1675.85150459976,-0.115214683651631,0.0731632407005124,-1.57476189611738,0.115311414724294,0.267922599652169,"CHCHD7"
"ENSG00000170801.10",3153.85618527947,0.128993108380038,0.141628235463767,0.910786665933137,0.362407789486754,0.555498515751236,"HTRA3"
"ENSG00000170802.16",1271.16997348268,-0.0364042143360131,0.0752606722920316,-0.483708333015615,0.628592878459524,0.775518931687842,"FOXN2"
"ENSG00000170819.5",16.874183064195,-0.216253407216295,0.178763299987815,-1.20971926134187,0.226386636310155,0.411930386548285,"BFSP2"
"ENSG00000170827.9",1.85868723433149,-0.362305225529952,0.285971894366264,-1.26692599051682,0.205181754392744,0.386419060357372,"CELP"
"ENSG00000170832.13",2619.04394930267,0.0178862011684515,0.0597545833517152,0.299327686098544,0.764690031964165,0.867806020867265,"USP32"
"ENSG00000170835.16",60.0350743963378,-1.02458345158613,0.196582365358256,-5.21198048318782,1.86835209112971e-07,2.30381652481413e-05,"CEL"
"ENSG00000170836.12",834.703974072144,-0.147417972275298,0.0645081934123306,-2.28525966202487,0.0222976066944624,0.0913441884679139,"PPM1D"
"ENSG00000170837.3",127.477998449754,0.654634297731965,0.180380840826882,3.62917865739544,0.000284324420864505,0.00460633233276982,"GPR27"
"ENSG00000170846.17",788.42459957254,0.00775398443785168,0.0660321614543912,0.117427390942025,0.90652137938999,0.950293973403868,"AC093323.1"
"ENSG00000170848.16",2.04099587183828,0.660542241593389,0.58708856541112,1.12511515384537,0.260540240613346,0.451708911666934,"PSG6"
"ENSG00000170852.11",2784.18719361649,0.0374715010291094,0.0499640487813992,0.749969266763255,0.453273214823051,0.636499001996012,"KBTBD2"
"ENSG00000170854.18",931.573263763193,0.0431282301154844,0.062633222508634,0.688583923804003,0.491085140621524,0.669246728887123,"RIOX2"
"ENSG00000170855.4",1184.48425934919,0.146780634343669,0.0708158368020989,2.07270917032104,0.0381993538238079,0.130411309152588,"TRIAP1"
"ENSG00000170858.10",7.6172367422092,-0.128054795993178,0.225258290704612,-0.568479835270968,0.56970919416282,0.731059094286481,"LILRP2"
"ENSG00000170860.4",1546.53904125873,0.120846848482567,0.0612771140141567,1.97213675002135,0.0485939976943124,0.152871583221841,"LSM3"
"ENSG00000170871.12",2638.92817005068,-0.069714013477527,0.0671132048763533,-1.03875256152594,0.298919829053515,0.491874904038282,"KIAA0232"
"ENSG00000170873.19",1461.91585360427,-0.340864816207569,0.11635805006175,-2.92944764910271,0.00339565006518765,0.0258049252728355,"MTSS1"
"ENSG00000170876.8",4865.93672495268,0.122373567748776,0.0652757828970086,1.87471620128794,0.0608317768326232,0.177406477407895,"TMEM43"
"ENSG00000170881.5",2263.8344635146,0.158154200715982,0.0738798321693856,2.14069518124214,0.0322986273710857,0.116120793950085,"RNF139"
"ENSG00000170889.14",32777.3360445916,0.0850016399648447,0.100470873524445,0.846032655863822,0.397534527161594,0.587913868727388,"RPS9"
"ENSG00000170890.14",247.187903941571,-0.287399707873766,0.271056723321789,-1.06029359593702,0.289011051791823,0.481425939617515,"PLA2G1B"
"ENSG00000170891.11",64.5192915712137,-0.0188192774127329,0.165815397721721,-0.113495354902542,0.909637845539013,0.95204567090633,"CYTL1"
"ENSG00000170892.12",2426.82403962306,0.0591252234306296,0.072173308533724,0.819211764457251,0.412665603953741,0.601737734426765,"TSEN34"
"ENSG00000170893.4",5.92182436047766,-0.991031542727812,0.234972650294304,-4.21764635793375,2.46865584777422e-05,0.00077390733653434,"TRH"
"ENSG00000170899.11",1286.4490330844,0.0243801299526265,0.118453807453406,0.20581972396469,0.836931733549491,0.91109335922124,"GSTA4"
"ENSG00000170903.11",982.868330816267,-0.135879701006075,0.0667064487025038,-2.03697998692854,0.0416520475797074,0.138211580833359,"MSANTD4"
"ENSG00000170906.16",1687.24795862978,0.206185975095836,0.0802946620128323,2.56786652969389,0.0102326546858425,0.0545001295804721,"NDUFA3"
"ENSG00000170909.13",729.9031661216,0.153461581819746,0.156443104977876,0.980941805274505,0.32662144023898,0.520197455504993,"OSCAR"
"ENSG00000170915.9",803.909614646853,-0.0234502674272227,0.105588430080967,-0.222091259518117,0.824242841859915,0.903814012452209,"PAQR8"
"ENSG00000170917.14",78.7855177360727,-0.0249886950155918,0.0937718506389041,-0.266483969819664,0.789866503438333,0.883517857108333,"NUDT6"
"ENSG00000170919.16",382.580628972822,-0.0793559802988827,0.0867086108815748,-0.915202994167047,0.360085073077541,0.553145034742333,"TPT1-AS1"
"ENSG00000170921.15",4646.2587158202,0.00183632926381013,0.093798378904255,0.0195774093887547,0.984380485076057,0.992519063889678,"TANC2"
"ENSG00000170927.15",130.197463243426,-0.116054473945855,0.227982420274656,-0.509050100468456,0.610717107100204,0.762386595266527,"PKHD1"
"ENSG00000170935.8",5.09894678247522,-0.516479366996063,0.19895299579083,-2.59598688093676,0.009431966645467,0.0516053353373102,"NCBP2L"
"ENSG00000170946.15",484.407186272415,-0.0281203344476337,0.0553765664371642,-0.507802058828293,0.61159216580376,0.763183582312766,"DNAJC24"
"ENSG00000170949.17",1233.71474492326,-0.165694506080137,0.0667451735301644,-2.48249419870419,0.0130466192232525,0.0640556103524176,"ZNF160"
"ENSG00000170954.11",277.70059571485,-0.0617220183364064,0.109228371428751,-0.565073135569613,0.572024020156615,0.732843179400246,"ZNF415"
"ENSG00000170955.10",234.706899843898,0.598795911796206,0.125644461264055,4.76579632537701,1.88109209192724e-06,0.000119751545965459,"CAVIN3"
"ENSG00000170956.17",35.5771242405766,0.226076388654826,0.132132906682018,1.71097718450171,0.0870853247012621,0.223990398275581,"CEACAM3"
"ENSG00000170959.14",48.2541288596997,-0.819319933289708,0.213049755775045,-3.84567412578877,0.000120221453755486,0.00250006061730021,"DCDC1"
"ENSG00000170961.7",395.673353624039,-0.0485357512777542,0.15157827430995,-0.320202558702492,0.74881478366766,0.857331379114445,"HAS2"
"ENSG00000170962.13",543.756073295018,0.174427864119746,0.130731088847188,1.33424930257894,0.182122166522825,0.359099395323922,"PDGFD"
"ENSG00000170965.10",40.5534771838051,-0.206376899395002,0.242356383951445,-0.851543070705117,0.394467748286689,0.585198054705852,"PLAC1"
"ENSG00000170967.5",1.30553753342102,-1.11856967714805,0.664703169918367,-1.68281080604057,0.0924117224677283,0.232657552640508,"DDI1"
"ENSG00000170989.10",1843.18045070258,-0.025155285890162,0.158906342113188,-0.158302592304616,0.874218365536868,0.93289374799894,"S1PR1"
"ENSG00000171004.18",1848.53604408758,0.0629238651986781,0.172606233394956,0.364551522624889,0.715446207202917,0.836001353938183,"HS6ST2"
"ENSG00000171016.13",449.614641142498,-0.178625265404496,0.118653224597196,-1.50543962046453,0.13221108924894,0.292802753566485,"PYGO1"
"ENSG00000171017.11",35.0199270746381,0.0783979051430762,0.0963331479801387,0.813820650387546,0.415747703207656,0.604537398798588,"LRRC8E"
"ENSG00000171033.13",516.143942644289,0.186988490911393,0.160221118713037,1.16706519348611,0.243184042789041,0.431848414433639,"PKIA"
"ENSG00000171044.11",59.5191686285302,-0.332282835632948,0.159378276590701,-2.08486904703005,0.0370811890259018,0.12794528202294,"XKR6"
"ENSG00000171045.16",753.272392224207,-0.213829654584633,0.106005208936152,-2.01716176714886,0.043678634504418,0.142735843988574,"TSNARE1"
"ENSG00000171049.9",286.591933003729,0.416430411484503,0.212036895599956,1.96395259563775,0.0495355895630999,0.154751654623655,"FPR2"
"ENSG00000171051.9",892.136139511517,0.296744190942968,0.156432817094956,1.89694334253945,0.0578354162139414,0.171336695788563,"FPR1"
"ENSG00000171054.8",0.498685643494656,-0.644689051028748,0.630521244251706,-1.02246999114813,0.306558508693143,0.500085865545632,"OR13H1"
"ENSG00000171055.15",2270.48699020815,0.187020817819704,0.0547518381612531,3.41579066750047,0.000635971154545017,0.00795842233979372,"FEZ2"
"ENSG00000171056.8",325.860430359251,-0.127676965673473,0.184528387150602,-0.691909616970045,0.488994090840524,0.667489965820154,"SOX7"
"ENSG00000171060.11",7.45115957516793,0.585264654775813,0.412630007301971,1.41837637694513,0.156080908714428,0.325466005624656,"C8orf74"
"ENSG00000171067.11",2226.36947108093,0.23534010287063,0.0844343642958437,2.78725498596802,0.00531566344093838,0.0349062500563215,"C11orf24"
"ENSG00000171084.15",106.466379448016,-0.0320929768792657,0.0934606263348454,-0.343384996846532,0.731308844927873,0.846146279281935,"FAM86JP"
"ENSG00000171094.18",34.2299283136795,-0.869436623496775,0.184819979662291,-4.70423503500777,2.5481956133238e-06,0.000149047728989581,"ALK"
"ENSG00000171097.14",7.88965322679392,-0.212901117840231,0.158993999557457,-1.33905127509729,0.180553981082199,0.357362810123838,"KYAT1"
"ENSG00000171100.15",794.703789566818,-0.090527365782369,0.0671424841290996,-1.34828740635073,0.177565961072025,0.3535073576494,"MTM1"
"ENSG00000171101.13",63.1108547272642,-0.300549678145191,0.162142685434263,-1.85361231276166,0.0637946447852991,0.182922668920589,"SIGLEC17P"
"ENSG00000171102.14",1.38829169541391,-0.812478163075277,0.387453781557786,-2.09696795269012,0.0359964123531026,0.125332415443615,"OBP2B"
"ENSG00000171103.11",380.407780285789,-0.044989847702978,0.0554839361501882,-0.810862581580297,0.417444590720654,0.605814164982465,"TRMT61B"
"ENSG00000171105.14",3671.22043642725,-0.0746470048734629,0.0907368860489471,-0.822675409350012,0.410692602882992,0.599832806658629,"INSR"
"ENSG00000171109.19",2027.76021381842,-0.0662927920174838,0.0537370744852521,-1.23365093192182,0.217333005491214,0.401156941388201,"MFN1"
"ENSG00000171115.4",1100.79217861413,-0.133241019809564,0.145866277154598,-0.91344635928664,0.361007832983482,0.554127883057588,"GIMAP8"
"ENSG00000171119.2",54.3761943081608,0.214798713537631,0.150202535519657,1.43006050326974,0.152699654835614,0.32102548612043,"NRTN"
"ENSG00000171121.16",115.253389653738,-0.122621621474908,0.124907169878044,-0.981702023948128,0.326246668023225,0.519749752057481,"KCNMB3"
"ENSG00000171124.13",1161.33881858237,0.35982138664528,0.149944712643771,2.39969372911548,0.0164087944769729,0.074743192573794,"FUT3"
"ENSG00000171126.8",54.6326979747811,-0.437644451022329,0.193585107881423,-2.26073408131373,0.0237757286896519,0.0953119006941097,"KCNG3"
"ENSG00000171130.18",1247.30394567426,0.155097075089121,0.0964874732135737,1.60743223885463,0.107959582728314,0.257051348975084,"ATP6V0E2"
"ENSG00000171132.14",1045.76945309163,-0.110935920265798,0.111372723829767,-0.996078002324546,0.319212247101147,0.512936596493001,"PRKCE"
"ENSG00000171135.15",1599.36826260878,0.258918341202991,0.0696512569678214,3.71735346172734,0.000201320688410559,0.00361243419847174,"JAGN1"
"ENSG00000171136.7",7.21966445765478,-0.19554552766048,0.23591916796972,-0.82886663827832,0.407179875215711,0.59668290331329,"RLN3"
"ENSG00000171148.13",3574.7943547444,0.164548510766057,0.0621959535696736,2.64564656254888,0.00815349575671527,0.0467317468377098,"TADA3"
"ENSG00000171150.9",1326.52679820204,-0.026776548089671,0.0579122439916504,-0.46236419527331,0.643820171041067,0.786081203774528,"SOCS5"
"ENSG00000171155.8",1519.15550728085,-0.0416792105971403,0.0657211665043269,-0.634182453143101,0.525961757514108,0.697628806746202,"C1GALT1C1"
"ENSG00000171159.5",1613.89695514119,0.153753176204009,0.0966901890865954,1.59016315570867,0.111798033139558,0.262692633023876,"C9orf16"
"ENSG00000171160.18",338.307454260052,0.0924641988985001,0.075722082440202,1.22109952498361,0.222048339541027,0.406636708929561,"MORN4"
"ENSG00000171161.13",2220.36638324985,0.183055201146781,0.0566411435742511,3.23184154830513,0.00122995237558638,0.0127110931449872,"ZNF672"
"ENSG00000171163.16",1224.89145027745,-0.0878622983844998,0.106025572202989,-0.828689688335612,0.407280022195819,0.596759694523608,"ZNF692"
"ENSG00000171169.9",467.610293911291,0.0187713634111719,0.0560437921990465,0.334940993009592,0.737669598357031,0.850330099650324,"NAIF1"
"ENSG00000171174.15",294.237158115643,-0.0349108853735014,0.0866620742809678,-0.402839254231517,0.687066481532774,0.816800727358352,"RBKS"
"ENSG00000171189.17",23.5575700546528,-0.52472278461416,0.175793669613548,-2.98487872610927,0.00283690772714819,0.0227511319119526,"GRIK1"
"ENSG00000171195.11",0.804831277498284,-1.44978656354842,0.875785175821119,-1.65541345477688,0.0978406585846872,0.24106926712775,"MUC7"
"ENSG00000171202.7",703.046133522639,0.0894554404581294,0.0703855046181421,1.2709355561695,0.203751575806821,0.384857665569981,"TMEM126A"
"ENSG00000171204.13",1546.90712328872,0.0614633835979567,0.0762686706464857,0.805879833448871,0.420312140290775,0.608337511465798,"TMEM126B"
"ENSG00000171206.15",6882.97028600723,0.0660063071135083,0.0816787383532121,0.808121041586981,0.419020905724119,0.607309330039343,"TRIM8"
"ENSG00000171208.10",1284.46632079022,0.160390563363091,0.116462674538178,1.37718426954477,0.168455283988599,0.341228829929303,"NETO2"
"ENSG00000171217.5",13.9492746697741,-0.985277451870096,0.166442915582901,-5.9196118285933,3.22702354078085e-09,1.05015113474564e-06,"CLDN20"
"ENSG00000171219.9",1773.69924754445,-0.129358254606414,0.0972305713269549,-1.33042779488999,0.183377361778281,0.360762424256002,"CDC42BPG"
"ENSG00000171222.10",1896.84268977981,0.224940726474979,0.102118169023884,2.20274931116684,0.0276124226084535,0.104835258969465,"SCAND1"
"ENSG00000171223.6",7851.59584256509,0.119015894886637,0.112209058531905,1.06066209309471,0.288843492877435,0.481280536928504,"JUNB"
"ENSG00000171224.9",521.440238032628,-0.0151170447724168,0.0963735079174735,-0.156858924190679,0.875356032783506,0.933484128526394,"FAM241B"
"ENSG00000171227.7",911.156805290128,-0.189218191390097,0.139742768421193,-1.35404639200923,0.175721577430848,0.351221617182279,"TMEM37"
"ENSG00000171234.14",32.5055748561568,0.182887572723749,0.254296254155528,0.71919098191629,0.472023255080042,0.65272762217062,"UGT2B7"
"ENSG00000171236.10",2023.29248992322,0.184683076630025,0.13596923386574,1.35827106897128,0.174377686858411,0.349605945355719,"LRG1"
"ENSG00000171241.9",555.669129187375,0.452085865671578,0.127854635056876,3.53593645995288,0.000406332412765176,0.00586964774619872,"SHCBP1"
"ENSG00000171243.8",284.496432730419,0.388450326166876,0.30290881535747,1.28240020254431,0.199702293198161,0.380355352384587,"SOSTDC1"
"ENSG00000171246.6",1162.33886529549,-0.434332979517478,0.265633264921826,-1.63508504721839,0.102031220282484,0.247697638680527,"NPTX1"
"ENSG00000171262.11",1419.32416884002,0.0714083796923876,0.0570480139625328,1.25172420093864,0.210670378448715,0.393086863738894,"FAM98B"
"ENSG00000171291.8",248.841414277993,-0.394711338056319,0.114642495506634,-3.44297580327425,0.000575350788974868,0.00740725205620274,"ZNF439"
"ENSG00000171295.13",688.426077700646,-0.386949894952969,0.0950719057268531,-4.07007613863024,4.69977754634307e-05,0.00125577603411236,"ZNF440"
"ENSG00000171298.13",8321.33177544803,0.230178411792395,0.0957145882895212,2.40484147616184,0.016179482475311,0.0740024055571546,"GAA"
"ENSG00000171302.17",5143.4953483667,0.298727132162011,0.0783610504815928,3.81218896793864,0.00013774150339575,0.00277096900200969,"CANT1"
"ENSG00000171303.7",814.438467142175,-0.228938071425658,0.209470991728048,-1.09293448957784,0.274422563880225,0.46699550202195,"KCNK3"
"ENSG00000171307.19",2528.19309610168,-0.0298158972682959,0.0684415709805387,-0.43564016490466,0.66309782472812,0.800373471190832,"ZDHHC16"
"ENSG00000171310.11",2261.0885339734,0.355578763707238,0.108753749937619,3.26957703905564,0.00107708403226944,0.0115783476032628,"CHST11"
"ENSG00000171311.13",1087.89348279734,0.0771127808709641,0.0566817049009769,1.36045274230336,0.173686697885747,0.348787697250146,"EXOSC1"
"ENSG00000171314.9",1889.90096760141,0.265890794282512,0.0757890317073852,3.50830177259808,0.000450977177006639,0.00631121612193444,"PGAM1"
"ENSG00000171316.12",1822.84376230527,-0.322890520909239,0.112037230198536,-2.88199306906337,0.0039516842567701,0.0285387036790991,"CHD7"
"ENSG00000171320.15",249.858194842032,0.177539768430275,0.1419207453807,1.25097826927295,0.210942405822115,0.393462357519639,"ESCO2"
"ENSG00000171345.13",35891.8151891988,0.391597030552675,0.144562858939607,2.70883568175883,0.00675197706642871,0.0411032313901282,"KRT19"
"ENSG00000171346.16",2237.68062896314,-0.320451220344783,0.206564173818464,-1.55133978182687,0.120820278010669,0.275921984075605,"KRT15"
"ENSG00000171357.6",24.7688812583487,-0.184456364315357,0.125891012933467,-1.4652067690713,0.142864513349403,0.307518474361006,"LURAP1"
"ENSG00000171360.4",1.11885347020085,-0.340654169012913,0.419914535205054,-0.811246433388078,0.417224165059798,0.605679084648813,"KRT38"
"ENSG00000171365.17",728.698267609362,-0.143170486047776,0.0953760107235723,-1.50111631805115,0.133325478903293,0.294291929266548,"CLCN5"
"ENSG00000171368.12",1014.53613779387,-0.302347628461237,0.168896751353154,-1.79013288318995,0.0734325516073465,0.200350434942437,"TPPP"
"ENSG00000171385.10",365.912093188611,-0.192835636608806,0.151428061355899,-1.27344717275081,0.202859407091776,0.383717454659046,"KCND3"
"ENSG00000171388.12",710.166783298782,0.0851710126630339,0.161547500235292,0.527219626047962,0.598041081157109,0.752819937801105,"APLN"
"ENSG00000171401.15",90.7015245152271,-1.04475849563114,0.274417103861108,-3.80719161062179,0.000140553844231447,0.00281154553345511,"KRT13"
"ENSG00000171402.15",2.5666948069573,0.5134122782109,0.304149891429415,1.68802387466921,0.0914066460294743,0.231018102653859,"XAGE3"
"ENSG00000171403.10",1.13904725978494,0.582686030543884,0.42950009457448,1.35666100637573,0.174888947771543,0.350272377919627,"KRT9"
"ENSG00000171405.12",0.360378230500986,0.303658500565088,0.990595527837358,0.306541360254298,0.759192493563167,0.864159311025968,"XAGE5"
"ENSG00000171408.14",177.093983544398,0.0962634194812829,0.139025924560324,0.692413445806747,0.488677724309489,0.667220349847099,"PDE7B"
"ENSG00000171421.13",878.862909579741,0.28450448142468,0.0944337216043549,3.01274244614288,0.00258898540330364,0.0213830540888584,"MRPL36"
"ENSG00000171425.10",800.558164510483,0.251928687750807,0.0924405027246491,2.7253063357003,0.00642418519019849,0.0398139235921963,"ZNF581"
"ENSG00000171428.15",378.949797036145,0.0165716644597001,0.0920178029395955,0.18009193797616,0.857080391695246,0.923357045290884,"NAT1"
"ENSG00000171431.4",44.4252671503298,3.04397116577375,0.364988197398406,8.33991670818625,7.43428809071342e-17,1.90392118003171e-13,"KRT20"
"ENSG00000171433.12",58.1712362358422,0.0298113188367143,0.138916685277756,0.214598547158739,0.830080326746715,0.907492342901467,"GLOD5"
"ENSG00000171435.14",161.185219893963,-0.266003798965267,0.170736786573533,-1.55797590140718,0.119238960863491,0.273797239145153,"KSR2"
"ENSG00000171443.7",602.350082550941,0.226900288518865,0.0922987736955386,2.45832397803387,0.0139587185777098,0.0670080670461597,"ZNF524"
"ENSG00000171444.18",770.813842215599,-0.149417860945039,0.123571766449566,-1.2091585743093,0.226601929394124,0.412218616902919,"MCC"
"ENSG00000171446.7",8.95107270635051,0.0855275993936962,0.244130849765583,0.350335074308801,0.726087245598647,0.84260945546083,"KRT27"
"ENSG00000171448.9",413.692327622092,-0.216678959054108,0.0597153215171985,-3.62853206763197,0.000285037348948334,0.00461563640979421,"ZBTB26"
"ENSG00000171450.6",35.3582716534593,-0.296315012564353,0.289355518119091,-1.02405170805278,0.305810852338367,0.499086309161825,"CDK5R2"
"ENSG00000171451.14",425.50537539459,-0.0328473625891464,0.131117390388081,-0.250518733570924,0.802186219196635,0.891219868379002,"DSEL"
"ENSG00000171453.20",999.69923901539,0.013341565052994,0.067474157573407,0.197728516113437,0.843257477539188,0.914815852387439,"POLR1C"
"ENSG00000171456.20",3694.228317451,-0.106253438144055,0.0505467867659774,-2.10208096186193,0.0355461842837375,0.124193421487929,"ASXL1"
"ENSG00000171462.15",109.914131364936,-0.13981240882697,0.134014195540472,-1.04326566497761,0.296825268492961,0.489484554159996,"DLK2"
"ENSG00000171466.10",1286.34893808933,-0.144800343583033,0.0727132529373075,-1.99138860845461,0.0464381806438444,0.148531688747767,"ZNF562"
"ENSG00000171467.16",1443.49914859217,-0.0534041757600004,0.0650016128415104,-0.821582318122055,0.411314656100187,0.600372609300869,"ZNF318"
"ENSG00000171469.11",1287.57030977984,-0.0818091223724885,0.0589304024052837,-1.38823288206757,0.165066142506605,0.336943414008118,"ZNF561"
"ENSG00000171475.14",3776.9689995207,0.0146800893881222,0.0555079442928245,0.264468259005944,0.791419119982436,0.884452242676488,"WIPF2"
"ENSG00000171476.22",17109.642656197,0.0847950641167971,0.191750650364139,0.442215262142627,0.658333442927182,0.796695696825803,"HOPX"
"ENSG00000171483.13",0.96166631176413,-1.06238574343894,0.561921745446211,-1.89062934838965,0.0586738396991459,0.1729769011869,"SSX6P"
"ENSG00000171487.15",3.22324001913679,0.954540648447978,0.54877848784119,1.73939152061699,0.0819659187296033,0.215408774545814,"NLRP5"
"ENSG00000171488.15",1055.64062161062,0.0142453635228166,0.100174877857181,0.142204950258348,0.886918121788891,0.939729012434522,"LRRC8C"
"ENSG00000171490.13",7511.59984602993,0.131397786982201,0.0608435729871523,2.15960011109056,0.0308036398255211,0.112647801044714,"RSL1D1"
"ENSG00000171492.14",1316.52589032758,0.0655749653210674,0.0649365351756866,1.00983160163463,0.312575976930199,0.506674716390142,"LRRC8D"
"ENSG00000171495.17",2.30052272283649,-0.508224166063235,0.22911174132297,-2.21823710617611,0.0265386699493579,0.102286633320673,"MROH2B"
"ENSG00000171496.4",6.5420952245662,0.00794143626273413,0.163018771566222,0.048714857721205,0.96114653518482,0.980394866491843,"OR1L8"
"ENSG00000171497.5",1020.64794434384,0.139558284005826,0.0521692403205463,2.6751066940659,0.00747054711568171,0.0440362827766273,"PPID"
"ENSG00000171501.10",0.637279341868914,-0.416374621880153,0.578041373293273,-0.720319757577116,0.471328142676679,0.652091416810783,"OR1N2"
"ENSG00000171502.15",169.310183150888,-0.104795193702861,0.130946376171019,-0.800290903552736,0.423542272175947,0.611097843281644,"COL24A1"
"ENSG00000171503.12",724.218117617804,0.0647913303887245,0.0551250832009648,1.17535115824715,0.239854255229702,0.427647818741631,"ETFDH"
"ENSG00000171509.16",102.548735092999,-0.108652619911383,0.194299824971278,-0.559200812082275,0.576024678988318,0.735860947672274,"RXFP1"
"ENSG00000171517.6",265.9475557109,-0.462782266739716,0.207166347133153,-2.23386796718614,0.0254917618068361,0.0997294037408923,"LPAR3"
"ENSG00000171522.6",819.013082018616,-0.0611704786528802,0.128039055896101,-0.477748591824339,0.632829154699165,0.778151804442416,"PTGER4"
"ENSG00000171530.15",2947.40857333024,0.167556484890116,0.069378193039016,2.41511745334572,0.0157301363689068,0.0726659400763164,"TBCA"
"ENSG00000171533.11",393.294617157169,-0.55688608112378,0.139100809719601,-4.00347116775488,6.24198115195366e-05,0.00155666126211231,"MAP6"
"ENSG00000171540.8",2.27763123313741,-0.268989838796079,0.28839117883846,-0.932725612064408,0.350961657429964,0.544485618420671,"OTP"
"ENSG00000171551.12",121.476760995469,-0.342322151533907,0.243921960012125,-1.4034084980167,0.160495060346006,0.331337057396705,"ECEL1"
"ENSG00000171552.14",5742.37450243951,0.296161487545277,0.0811183004030458,3.65098240561949,0.000261239137746096,0.00434700119550972,"BCL2L1"
"ENSG00000171557.17",14500.9664414405,-0.00493876856429082,0.309287374090086,-0.0159682191321923,0.987259745920079,0.993586612282494,"FGG"
"ENSG00000171560.16",6004.04096072455,-0.0341576397527232,0.336359393173108,-0.101551020860428,0.919113058064695,0.95741782303895,"FGA"
"ENSG00000171564.12",3068.08085758674,-1.06615447893248,0.412145740109597,-2.58683852621884,0.00968609716910481,0.0524783129456479,"FGB"
"ENSG00000171566.12",2237.46344842862,0.0922286656158175,0.0467272212492266,1.97376739189994,0.0484081982124849,0.152452432232145,"PLRG1"
"ENSG00000171574.18",368.936975178391,-0.00676408596980474,0.0622141033090054,-0.108722710929527,0.913422427917092,0.954057188788823,"ZNF584"
"ENSG00000171587.15",18.1392895474385,0.374698983446765,0.256795699942037,1.45913262383809,0.144528608567317,0.309778598147922,"DSCAM"
"ENSG00000171595.14",100.098740749692,-1.23552022387387,0.262503363879355,-4.70668339489055,2.51779479158944e-06,0.000148113379535284,"DNAI2"
"ENSG00000171596.7",73.2438770637832,-0.283521352481645,0.172776131387067,-1.64097523312683,0.100802556441227,0.245502524623099,"NMUR1"
"ENSG00000171603.18",10482.8047974974,0.112664242188992,0.0746119201288199,1.51000325409764,0.131042593845115,0.291261170764765,"CLSTN1"
"ENSG00000171604.12",2255.77776828909,0.169143737014366,0.0793003602221903,2.13295042469474,0.0329287932173302,0.1177169883587,"CXXC5"
"ENSG00000171606.18",1316.70067301787,-0.0200203069978746,0.0586751988344407,-0.341205609790338,0.732948800425187,0.847282550676526,"ZNF274"
"ENSG00000171608.16",1454.45261004108,-0.101300725375299,0.0882646875644544,-1.14769256166375,0.251095502957615,0.441169591005746,"PIK3CD"
"ENSG00000171611.10",30.8109348976648,0.0298515120521345,0.181445447871714,0.164520589534107,0.86932133948054,0.930108911867309,"PTCRA"
"ENSG00000171612.7",468.074262475237,-0.024080507873059,0.0773907728089744,-0.311154766893174,0.755682968097853,0.861645036562677,"SLC25A33"
"ENSG00000171617.14",4121.02692761302,-0.0494602865322392,0.101574173574568,-0.48693762195298,0.626302536603071,0.773997414666891,"ENC1"
"ENSG00000171621.14",2797.70201840094,0.0678044707203436,0.0884545057170033,0.766546262066894,0.443351336294983,0.628318656424177,"SPSB1"
"ENSG00000171631.15",811.803538357519,0.14574510040402,0.163162417602826,0.893251660188047,0.371722418586017,0.563815693940057,"P2RY6"
"ENSG00000171634.18",3765.75672443047,-0.152915500373414,0.0752345739390215,-2.03251633347925,0.0421014119551628,0.139108730029497,"BPTF"
"ENSG00000171643.14",13.2917645152733,-0.136099869134,0.157279279205867,-0.865338840699131,0.386852838443754,0.578177929175251,"S100Z"
"ENSG00000171649.12",260.610828729084,0.0548655484945128,0.131971037985647,0.415739311685037,0.677600771659761,0.810740135220698,"ZIK1"
"ENSG00000171657.6",81.2428691895655,-0.662624516878771,0.174187167867934,-3.80409489969527,0.000142323614201458,0.00283063677786416,"GPR82"
"ENSG00000171658.8",273.238627735346,0.057124207257891,0.278862955565338,0.204846883093824,0.837691756211129,0.911622646995624,"NMRAL2P"
"ENSG00000171659.15",440.025884565289,-0.15716144407077,0.141667689270519,-1.10936689149116,0.267271939141813,0.458958359286588,"GPR34"
"ENSG00000171671.6",1.98211457006923,-0.946365437274976,0.446117566596728,-2.12133641025271,0.0338935023964429,0.120067544792758,"SHANK2-AS3"
"ENSG00000171680.23",897.222502655578,-0.0417456389014208,0.104205102408624,-0.400610315008588,0.688707050085059,0.817632097370425,"PLEKHG5"
"ENSG00000171681.12",4298.85893570265,-0.145510539291706,0.0707593334421632,-2.05641478251971,0.0397425526200992,0.134044048665886,"ATF7IP"
"ENSG00000171695.10",6.19171057443906,0.12673076661921,0.235272734633075,0.538654709891717,0.590125129714899,0.746836809351053,"LKAAEAR1"
"ENSG00000171700.14",1018.68075287737,0.159684750500505,0.0789437786042728,2.02276548353441,0.0430973319025816,0.141475002073817,"RGS19"
"ENSG00000171703.17",1065.91443548814,0.114576404956817,0.0811800556489059,1.41138613469725,0.158130789042976,0.328199511227965,"TCEA2"
"ENSG00000171711.3",8.81903159200405,0.480793305227782,0.373787390362811,1.28627481189536,0.19834716984936,0.378753789836235,"DEFB4A"
"ENSG00000171714.12",245.092280251622,0.0323375741177206,0.182304273276775,0.177382425197602,0.85920801107676,0.92457327661043,"ANO5"
"ENSG00000171720.10",1972.57001451206,0.0551606067313928,0.0514636768570075,1.07183571210151,0.283793829655503,0.476467371191158,"HDAC3"
"ENSG00000171722.13",18.0193343873127,-0.236311711856837,0.18748893189871,-1.26040353136421,0.207523828404869,0.389222625152572,"SPATA46"
"ENSG00000171723.16",775.472103672027,0.0634339482891113,0.0815482374504577,0.777870255352224,0.43664550515507,0.622153505226729,"GPHN"
"ENSG00000171724.3",65.9487498982257,0.26781995590403,0.179556556507649,1.49156322171182,0.135813685805125,0.297672484628705,"VAT1L"
"ENSG00000171729.14",1189.48267378429,0.197298528244766,0.0847857562995648,2.32702445382066,0.0199639637689746,0.0851582633901951,"TMEM51"
"ENSG00000171735.19",1390.81173421747,-0.0722010996111313,0.0587803824163958,-1.22831966453815,0.219326991885864,0.403542554091947,"CAMTA1"
"ENSG00000171747.9",527.308804885613,1.16409377378026,0.292269141442701,3.98295135789583,6.8064690609106e-05,0.00166745970893964,"LGALS4"
"ENSG00000171757.17",117.679749754319,-0.115155140920523,0.111180629480154,-1.03574823653142,0.300319612293508,0.493336380526138,"LRRC34"
"ENSG00000171759.10",116.305370988486,-0.18400738234912,0.34709567844713,-0.530134466589586,0.596018703659681,0.751305030570663,"PAH"
"ENSG00000171763.20",388.293231540177,0.122089686943732,0.0631650314410556,1.93286830004453,0.0532524238468412,0.162292203564057,"SPATA5L1"
"ENSG00000171766.17",955.184759016314,0.052078053325989,0.157783867773456,0.330059429147483,0.741355057814794,0.852512225056229,"GATM"
"ENSG00000171772.17",1.3499764790005,-0.0577830439651717,0.402901471844198,-0.143417306719387,0.885960615478703,0.93938610360985,"SYCE1"
"ENSG00000171777.16",170.321304737299,-0.0198840086687601,0.134987808407739,-0.147302255687412,0.882893452120605,0.937702864754244,"RASGRP4"
"ENSG00000171786.6",11.2760605763348,-0.0154855499537313,0.133808069314598,-0.115729567230531,0.907866872431131,0.951059179505039,"NHLH1"
"ENSG00000171790.15",44.7071435376814,-0.190158676324287,0.146214369731083,-1.30054711225734,0.193413520135192,0.372882988352594,"SLFNL1"
"ENSG00000171791.14",947.082109567636,-0.297953720756095,0.136917001427095,-2.1761630597406,0.0295430700226267,0.109566384122013,"BCL2"
"ENSG00000171792.11",1447.99889530106,0.181430788779696,0.0743845840860136,2.4390912580744,0.014724249355421,0.0694197250194577,"RHNO1"
"ENSG00000171793.16",1780.15928114943,0.207202222405292,0.0909582673133996,2.27799218834468,0.0227270430219978,0.0924549661939604,"CTPS1"
"ENSG00000171798.18",564.872633798182,-0.435686621547699,0.196184685545856,-2.22079832753235,0.0263646239220875,0.101891627229025,"KNDC1"
"ENSG00000171804.11",17.6901913654418,-0.773275382479364,0.301290769154603,-2.56654189787862,0.0102718215130169,0.0546642828697047,"WDR87"
"ENSG00000171806.12",357.213330884883,0.0641244402632768,0.057781380737808,1.1097768769883,0.267095185739817,0.458725819903829,"METTL18"
"ENSG00000171811.14",117.510238501176,-1.06173516345201,0.222934233761931,-4.76254878192385,1.91162965583803e-06,0.000119994124681293,"CFAP46"
"ENSG00000171812.13",1382.49675048256,0.0875708027845215,0.13921525889679,0.629031641204244,0.529328341620949,0.699946539371035,"COL8A2"
"ENSG00000171813.14",1230.61516656531,0.207241966195644,0.0901854938750424,2.29795233458266,0.0215645021612736,0.0893231469923059,"PWWP2B"
"ENSG00000171815.6",12.158808624595,-0.262944083422139,0.234903471531932,-1.11937078540108,0.262981989004611,0.454545704492291,"PCDHB1"
"ENSG00000171817.17",96.7141743673447,-0.404565531880934,0.128144637835026,-3.15710074737402,0.00159346281483795,0.0152357621692977,"ZNF540"
"ENSG00000171819.5",32.7151487410992,-0.251194646691518,0.297516257185287,-0.844305615659446,0.398498648865588,0.588686105459626,"ANGPTL7"
"ENSG00000171823.7",562.148564652345,0.03754434127941,0.0848772434232977,0.442336953524395,0.658245393991151,0.796647057404755,"FBXL14"
"ENSG00000171824.14",2013.99448474112,0.0112322998755195,0.0449636591350784,0.249808402865429,0.802735521188316,0.891592116994916,"EXOSC10"
"ENSG00000171827.11",328.35955872465,-0.142911621753644,0.0766985112399344,-1.86329068769765,0.0624213796099669,0.18035190413561,"ZNF570"
"ENSG00000171840.12",717.518439736411,-0.147745535354641,0.129123919546006,-1.14421507551898,0.252534452536877,0.442716525107168,"NINJ2"
"ENSG00000171843.17",1234.03670775519,-0.0218345834350328,0.0895809813622803,-0.243741284176494,0.80743119729097,0.893957637377645,"MLLT3"
"ENSG00000171847.11",85.4457404808075,-0.0488132819618616,0.16716076709584,-0.292013986355272,0.770275930248361,0.871531954752279,"FAM90A1"
"ENSG00000171848.16",2480.98379097274,0.391172384569715,0.150825509764727,2.5935425988608,0.00949927704677473,0.051820322909761,"RRM2"
"ENSG00000171853.16",1956.75107566948,0.0632048140516099,0.0480281210412988,1.31599597655009,0.188175393099141,0.366338012196625,"TRAPPC12"
"ENSG00000171858.18",17892.0585325385,0.000444673860977565,0.118945994139946,0.00373845175865599,0.997017154008517,0.998517336404953,"RPS21"
"ENSG00000171860.5",1246.88215972671,0.224894381190726,0.124342841992468,1.80866367204594,0.070503270035304,0.194907030580867,"C3AR1"
"ENSG00000171861.11",393.404018835254,0.196745763005662,0.0668767741607859,2.9419146702956,0.00326189795276508,0.0250573070007863,"MRM3"
"ENSG00000171862.11",4184.18244979047,-0.0218789047814783,0.0659142981443361,-0.331929572147896,0.739942439791847,0.85167662278398,"PTEN"
"ENSG00000171863.15",23704.3963044007,0.049268318868469,0.108813680850361,0.452776879556369,0.650709413742903,0.791186189146424,"RPS7"
"ENSG00000171864.5",57.0439044921409,-0.032160655934201,0.234355318048297,-0.137230322751085,0.890848743549929,0.942098104059211,"PRND"
"ENSG00000171865.10",1281.67100537046,-0.0266543011016726,0.0512259346054372,-0.520328253783456,0.602834806651426,0.756480314268061,"RNASEH1"
"ENSG00000171867.17",5056.82234098074,0.0623089346951516,0.0888937502767724,0.700937180635888,0.483342219788633,0.662551066669766,"PRNP"
"ENSG00000171872.5",8.53830053608912,0.215191741654089,0.174949249114781,1.23002380829258,0.218688189470693,0.402745576416375,"KLF17"
"ENSG00000171873.8",28.6025228527546,-0.00425630737178845,0.191031162697535,-0.0222806965716247,0.982224046964802,0.991194944389103,"ADRA1D"
"ENSG00000171877.21",341.851377956588,0.336018744153729,0.165324357902286,2.03248177351053,0.0421049071128238,0.139108730029497,"FRMD5"
"ENSG00000171885.18",6512.01517440858,-0.0130400422405824,0.255853549719313,-0.0509668216637532,0.95935195864926,0.979475137517551,"AQP4"
"ENSG00000171889.5",66.0850716061384,0.816627502216504,0.29310903520574,2.78608778348745,0.00533484223994651,0.0349838295636279,"MIR31HG"
"ENSG00000171903.16",540.6887507408,0.352256825764667,0.30320051386892,1.16179494971752,0.245318765970327,0.434343633027552,"CYP4F11"
"ENSG00000171914.16",617.196443826725,0.0402353928067078,0.0974327663042709,0.412955459778875,0.679639246800419,0.81191393461288,"TLN2"
"ENSG00000171916.17",19.3145050215305,0.273495686693947,0.21558437118818,1.2686248320627,0.204574903370659,0.385756244784738,"LGALS9C"
"ENSG00000171928.14",1137.96815350519,0.023754582545847,0.0675767309262695,0.351520149321292,0.725198158810756,0.842341077391986,"TVP23B"
"ENSG00000171931.13",10.199387654191,0.106324824498526,0.201541695335985,0.52755745812932,0.59780652658491,0.752638507396438,"FBXW10"
"ENSG00000171940.13",4042.60469577828,-0.241839338931259,0.103252938240611,-2.34220297312701,0.0191702862142684,0.0829037820627799,"ZNF217"
"ENSG00000171943.12",296.026180671233,0.00330073734736489,0.0844524162911772,0.03908398945016,0.968823425783895,0.98417939355102,"SRGAP2C"
"ENSG00000171951.5",312.629863513204,-0.119589535335701,0.233094986888094,-0.513050653436467,0.607915888591088,0.760420186311357,"SCG2"
"ENSG00000171953.16",489.175653020746,0.0597176242794492,0.057285712611647,1.04245232461868,0.297202018130663,0.48988745368968,"ATPAF2"
"ENSG00000171954.13",17.4839176542058,-0.0966596722135727,0.156511401545923,-0.617588694873523,0.536846498616664,0.705280975394388,"CYP4F22"
"ENSG00000171956.7",57.2763627721037,-0.219959382920909,0.301361987789623,-0.729884298063695,0.465460910954711,0.647173816901838,"FOXB1"
"ENSG00000171960.12",801.777573728597,0.0027357836379825,0.0717012867810572,0.0381552934515154,0.969563865576013,0.984707293146097,"PPIH"
"ENSG00000171962.18",264.359823898128,-0.753816688055834,0.130693576035203,-5.76781744691714,8.03047235677052e-09,1.98043345314045e-06,"DRC3"
"ENSG00000171970.13",12.8529250215231,-0.214886388154683,0.109327563842209,-1.96552800229615,0.049353157939851,0.154364432164724,"ZNF57"
"ENSG00000171984.15",301.576071277251,-0.103745839392758,0.0901562753414338,-1.15073342371187,0.249841921571866,0.439584753500051,"SHLD1"
"ENSG00000171988.19",3263.62998085279,-0.114288174309709,0.0773785753512683,-1.47700023928957,0.139675573133889,0.302867813614601,"JMJD1C"
"ENSG00000171989.6",8.1231645935303,-0.0668357698663521,0.194003113395663,-0.344508748836638,0.730463717657342,0.845624971381685,"LDHAL6B"
"ENSG00000171992.13",6580.96100645014,-0.156031401228478,0.120335757888876,-1.29663371857071,0.194757244989846,0.374346340133188,"SYNPO"
"ENSG00000172000.7",7.99031682193306,-0.760533064697065,0.224315501047959,-3.39046147566263,0.000697750604729479,0.00853424352801563,"ZNF556"
"ENSG00000172005.11",306.398870858782,-0.0604843104909651,0.171879379059541,-0.351899749824048,0.724913446826151,0.8421278964787,"MAL"
"ENSG00000172006.12",242.730586112792,-0.172879121118329,0.062440219358814,-2.76871418604211,0.00562779808957351,0.0363359593494853,"ZNF554"
"ENSG00000172007.7",738.420483439126,-0.0715345847831811,0.0693283793811562,-1.03182254398153,0.302155256261955,0.495086123664022,"RAB33B"
"ENSG00000172009.15",1505.31104846285,0.168148599415601,0.0821212129928657,2.04756594901014,0.0406025486855825,0.135860860922275,"THOP1"
"ENSG00000172014.12",3.61309728238553,-0.672069713352887,0.259631661912908,-2.58855067367834,0.00963807650801405,0.0523117836943775,"ANKRD20A4P"
"ENSG00000172020.13",39.5740716021749,-0.0369867037098017,0.247898840695223,-0.149200793380372,0.88139519397397,0.936858763583916,"GAP43"
"ENSG00000172031.7",157.8077361965,0.395913701348337,0.169450701437754,2.3364535997142,0.0194676132155697,0.0838033678285442,"EPHX4"
"ENSG00000172037.14",8739.9229427007,-0.0312583993891532,0.0877502150267117,-0.356220202761189,0.721675663370683,0.840404480814737,"LAMB2"
"ENSG00000172046.19",2727.38917458158,-0.0481166601564048,0.0504699533602099,-0.953372391945574,0.340401424446313,0.533718782334515,"USP19"
"ENSG00000172053.18",7181.97353983744,0.0101196470486684,0.0573699073724973,0.176392947315785,0.859985245022071,0.924970915907022,"QARS1"
"ENSG00000172057.10",4839.95663339907,-0.066508728582274,0.0724071459170185,-0.918538187632692,0.358337175954082,0.55137586537132,"ORMDL3"
"ENSG00000172058.16",4.0221986276865,0.282582178780339,0.223555500331891,1.26403590321337,0.206217140651237,0.387670097960611,"SERF1A"
"ENSG00000172059.11",1145.78906718819,0.0550857774677774,0.0804028485205748,0.685122212475857,0.493266804614793,0.670983931605324,"KLF11"
"ENSG00000172061.9",1307.77695286213,0.0297588185115171,0.194049668637238,0.153356708725688,0.878116982413705,0.934932752910683,"LRRC15"
"ENSG00000172062.17",201.409479265299,0.0457369487596616,0.0625239456338009,0.731510916274227,0.464467139236494,0.646288082620267,"SMN1"
"ENSG00000172071.14",1295.8722728513,-0.165721300285173,0.0587905982168053,-2.81884017703023,0.00481975097610253,0.0325815165984531,"EIF2AK3"
"ENSG00000172081.14",2602.75272162058,0.151262828900804,0.0710339570130982,2.12944393443987,0.0332175488133127,0.118495072071974,"MOB3A"
"ENSG00000172086.9",1839.88348933097,0.157728014120867,0.0867644390591375,1.81788778710783,0.0690812853238312,0.192539964499603,"KRCC1"
"ENSG00000172113.9",955.310881222238,0.00661843126146646,0.0389257163560399,0.170027218020344,0.864988731413168,0.927979965377762,"NME6"
"ENSG00000172115.9",5952.4425399128,0.218682882132545,0.0847804387846154,2.57940257525805,0.00989713714616804,0.0533548345499033,"CYCS"
"ENSG00000172116.23",184.376225796327,-0.0558703670606251,0.15027779411549,-0.371780590668559,0.710056215912898,0.832191391299196,"CD8B"
"ENSG00000172123.13",351.497525710317,-0.189572911196514,0.0935100297116479,-2.02730029902771,0.0426317109598306,0.140320074442475,"SLFN12"
"ENSG00000172137.19",184.676451834205,1.18769359228885,0.236233221409601,5.02763152956172,4.96574875648572e-07,4.40354198776337e-05,"CALB2"
"ENSG00000172139.15",34.6288806493171,-0.218041852514638,0.176269842437605,-1.23697763326599,0.216095386423441,0.399648022452817,"SLC9C1"
"ENSG00000172156.4",116.602513476583,0.293168912987751,0.182821250594506,1.60358225334534,0.108806165117898,0.25823236778373,"CCL11"
"ENSG00000172159.16",247.943593343054,0.132059563967475,0.157865228845376,0.83653357318364,0.402854797636354,0.592648148594981,"FRMD3"
"ENSG00000172164.15",3274.08658110253,-0.0917241861105382,0.110075934138316,-0.833281014860904,0.40468626096769,0.594173929215562,"SNTB1"
"ENSG00000172167.8",303.020613304425,-0.0471489612334999,0.113056358891738,-0.417039445597654,0.676649555741974,0.810173835118951,"MTBP"
"ENSG00000172171.11",224.929318584801,-0.0829465719260162,0.0631580311117243,-1.31331788635537,0.189075853912259,0.367564078261172,"TEFM"
"ENSG00000172172.8",1778.36421010649,0.190152318709746,0.0976330503720536,1.94762242893289,0.05146015800475,0.158694242353848,"MRPL13"
"ENSG00000172175.15",1427.48907229738,-0.24884273910499,0.0756622519759754,-3.2888624460187,0.00100593172878378,0.0110566144095075,"MALT1"
"ENSG00000172179.12",3.40712798800217,0.0413403950407359,0.325335545673243,0.127070022290946,0.89888497784066,0.946175268495656,"PRL"
"ENSG00000172183.15",1635.83619164258,0.071141868958527,0.0969801115128483,0.733571738047568,0.463209790923699,0.645449529855162,"ISG20"
"ENSG00000172197.11",1267.24709189352,-0.0874862193275191,0.0807130555444331,-1.08391658248345,0.278401786494025,0.471044948040149,"MBOAT1"
"ENSG00000172201.12",1382.92111592357,0.0428043220826018,0.165181760498057,0.259134676574084,0.795531330313875,0.887445976504409,"ID4"
"ENSG00000172209.6",9.88697042953095,-1.35685627394245,0.303662874409897,-4.46829819608079,7.88443453346793e-06,0.000337399073165486,"GPR22"
"ENSG00000172215.6",432.488234575196,-0.247751784790761,0.125270727188199,-1.97773087417745,0.0479590753391084,0.151575991576318,"CXCR6"
"ENSG00000172216.6",4159.02900091777,0.298588749288772,0.0892324685384705,3.34618950007017,0.000819303821850753,0.00956754897961316,"CEBPB"
"ENSG00000172232.10",23.5809933854706,-0.23384681203689,0.206546806634188,-1.13217345669765,0.257561517076862,0.448412675209954,"AZU1"
"ENSG00000172236.18",835.596469747198,-0.0599430172011846,0.171622502454469,-0.349272480845495,0.726884756199405,0.843094139776574,"TPSAB1"
"ENSG00000172238.6",1.8129462955243,0.582082929277378,0.714304819403041,0.814894304876504,0.41513281338665,0.604039017354213,"ATOH1"
"ENSG00000172239.14",3041.96214847004,0.00392919034471878,0.0705162016322089,0.0557203912543707,0.955564554865364,0.977166530243345,"PAIP1"
"ENSG00000172243.18",1332.34059062878,-0.205457532818613,0.124853836741096,-1.64558445444221,0.09984934186243,0.244139808770456,"CLEC7A"
"ENSG00000172244.9",142.261122193218,-0.103920663337479,0.117850667458581,-0.881799531377303,0.377885225124481,0.569427573099907,"C5orf34"
"ENSG00000172247.4",6.71215331304758,0.228574550212943,0.154365788965215,1.48073321002784,0.13867768060687,0.301195784085504,"C1QTNF4"
"ENSG00000172250.16",2.9980356393591,-0.3418174627417,0.223579980590464,-1.52883751863193,0.126304728778719,0.28443339659293,"SERHL"
"ENSG00000172260.15",309.25542205698,-0.328232371577426,0.164626470192618,-1.99380070041825,0.0461738390127686,0.147947046333747,"NEGR1"
"ENSG00000172262.11",1485.64034338013,-0.102169173886016,0.0647620850722658,-1.57760785144593,0.114655727520051,0.266943205773634,"ZNF131"
"ENSG00000172264.17",1396.50766855172,-1.03590006658976,0.217483411763861,-4.76312219947388,1.90620324771482e-06,0.000119968288707315,"MACROD2"
"ENSG00000172269.19",2259.10557229153,0.0247686435901161,0.0724592224329973,0.341828724604649,0.732479791199249,0.846898756325632,"DPAGT1"
"ENSG00000172270.21",24216.0809615813,0.239422001796796,0.0815513959641981,2.93584185734729,0.00332643857661257,0.0254182050794497,"BSG"
"ENSG00000172273.13",920.08725242938,-0.0853471790969259,0.0532906914214968,-1.60154009678504,0.109257346495282,0.258823455021162,"HINFP"
"ENSG00000172292.15",1342.46714188232,-0.0439803730543116,0.0974436830193366,-0.451341448635353,0.65174347594666,0.791858095930667,"CERS6"
"ENSG00000172296.13",742.481830063561,-0.219286636583136,0.147849783215639,-1.48317185060262,0.138028758094437,0.300273878936102,"SPTLC3"
"ENSG00000172301.11",1318.15929678272,0.16599317522533,0.067902038339153,2.44459782482872,0.01450137478488,0.068715381541846,"COPRS"
"ENSG00000172315.6",924.813239608469,0.0622405655656932,0.0596117149979149,1.04409956277672,0.2964393281512,0.489138848795059,"TP53RK"
"ENSG00000172318.5",11.8644978990478,0.355466559237617,0.209025610573021,1.70058854636589,0.08902027640111,0.22713744077635,"B3GALT1"
"ENSG00000172322.14",275.646296065984,-0.132814678581062,0.165071483703064,-0.804588870237416,0.421056966813994,0.608853787184603,"CLEC12A"
"ENSG00000172331.12",1311.83762360357,0.1152172941278,0.0839593952008714,1.3722978095798,0.169970747253411,0.343480187454191,"BPGM"
"ENSG00000172336.5",1227.33100891912,0.24206604564187,0.0968165916766245,2.50025374215188,0.0124104381350818,0.0618904500698291,"POP7"
"ENSG00000172339.10",466.840150584223,0.0708817142452678,0.0633533334862548,1.11883164380997,0.263211969180812,0.454842000353778,"ALG14"
"ENSG00000172340.15",3441.24292710795,0.130851395105213,0.0751413511252676,1.74140327723242,0.0816129141628483,0.214906252316704,"SUCLG2"
"ENSG00000172345.14",50.168454525914,-0.217757279536164,0.0884650098243925,-2.46150743631209,0.0138354529587366,0.0666315254383363,"STARD5"
"ENSG00000172346.15",211.023010866104,0.188882145117447,0.123000969265531,1.53561509511112,0.124632809749949,0.281735479019898,"CSDC2"
"ENSG00000172348.15",1036.146522581,-0.61371207436917,0.136456520793983,-4.49749173435054,6.87598332982423e-06,0.000303208096688527,"RCAN2"
"ENSG00000172349.17",970.780320736255,-0.213977962424815,0.111106676186362,-1.92587853196063,0.0541195426165794,0.164068651642121,"IL16"
"ENSG00000172350.10",10.630544077346,0.0409643324385784,0.13567609599617,0.301927411293843,0.762707399131264,0.866435542467467,"ABCG4"
"ENSG00000172354.10",10015.6732929409,0.142403517344914,0.0819243373313283,1.73823215400558,0.0821699155828008,0.215798927151391,"GNB2"
"ENSG00000172361.6",140.877733269795,-0.669693103471387,0.160261634434203,-4.17874874317681,2.93117292582007e-05,0.000877585793339277,"CFAP53"
"ENSG00000172366.20",1379.01169487372,0.238794854805588,0.108331143844325,2.20430474867636,0.0275029192201851,0.104569676611617,"MCRIP2"
"ENSG00000172367.16",10.3021231505567,-0.175392386707011,0.209156629130646,-0.83856958029982,0.401710886893647,0.591681504941668,"PDZD3"
"ENSG00000172375.14",978.659398537781,-0.105138728159112,0.0661334847135692,-1.58979567785486,0.111880868451083,0.262757460026941,"C2CD2L"
"ENSG00000172379.21",1087.16686654491,-0.0405853358674927,0.160980855469104,-0.252112810242098,0.800953868576818,0.890326104187774,"ARNT2"
"ENSG00000172380.6",5501.34680649275,0.266768687009057,0.0855136076250616,3.11960510634421,0.00181093639336377,0.0167304490569457,"GNG12"
"ENSG00000172382.10",127.919963332513,0.15694316109306,0.144804338672138,1.08382913476375,0.2784405647465,0.471044948040149,"PRSS27"
"ENSG00000172399.6",6.59133624567641,-0.323795074432788,0.220372553633981,-1.46930762970865,0.141749368313143,0.305869578018632,"MYOZ2"
"ENSG00000172403.11",1090.31013746441,-0.0970465447733956,0.148193084514072,-0.654865543096112,0.512554326706106,0.687190716775139,"SYNPO2"
"ENSG00000172404.5",8.31098326540336,-0.565506873972919,0.192236557800217,-2.94172388667418,0.00326390808043828,0.0250669646417604,"DNAJB7"
"ENSG00000172409.6",589.094222084011,0.0777143335620018,0.0552922346652174,1.40551985342147,0.159866749884529,0.330607100062466,"CLP1"
"ENSG00000172425.12",5.15286823658254,-0.150888139698076,0.138997606540906,-1.08554487701679,0.277680398780915,0.470262091535131,"TTC36"
"ENSG00000172426.16",118.919540266097,-0.468092576859814,0.152566053551667,-3.06813059630786,0.00215402459719978,0.0187929614556007,"RSPH9"
"ENSG00000172428.11",1517.14469541097,0.199592352836462,0.0914629346241033,2.18222117688167,0.0290932131083828,0.108429457519018,"COPS9"
"ENSG00000172432.19",3195.81549284612,0.0163371848544261,0.0594322686622228,0.274887451247686,0.78340270835645,0.879807275097132,"GTPBP2"
"ENSG00000172456.18",576.681616661229,-0.188424199401367,0.106130979306655,-1.77539301561454,0.0758330164468148,0.204314041965186,"FGGY"
"ENSG00000172458.4",72.2932305065793,-0.115574485611456,0.128408891541145,-0.90005048890577,0.36809338259776,0.560712526849709,"IL17D"
"ENSG00000172460.17",34.6230277415785,0.0637331862097527,0.187445389184751,0.340009356788902,0.733849481581678,0.847860481355516,"PRSS30P"
"ENSG00000172461.11",90.6139961992836,-0.0488866890244955,0.340909718912469,-0.143400690307241,0.885973737823245,0.93938610360985,"FUT9"
"ENSG00000172465.14",665.442523536457,0.120663305082523,0.0759454813618767,1.58881480397192,0.112102210010406,0.263017538962399,"TCEAL1"
"ENSG00000172466.16",4086.29568855877,-0.21763386340611,0.071185990081638,-3.05725695683268,0.00223372702835618,0.0192562076527867,"ZNF24"
"ENSG00000172469.16",988.576745034769,-0.102845084688956,0.0740318903606501,-1.38919976496535,0.164772013179249,0.336577467450038,"MANEA"
"ENSG00000172476.4",58.050024132768,-0.126026508242417,0.145320802562182,-0.867229646550369,0.385816195524986,0.577176742715018,"RAB40A"
"ENSG00000172478.18",922.794175078977,0.064760357790633,0.177950906304821,0.36392260728193,0.715915802367263,0.836285913063165,"MAB21L4"
"ENSG00000172482.5",3.91443637367169,0.675200475292048,0.335796822680288,2.01074110797917,0.0443528095346855,0.144259289550438,"AGXT"
"ENSG00000172493.22",4174.94845725035,-0.0684763324019156,0.0734502880155616,-0.932281332748591,0.351191152314024,0.544723891390082,"AFF1"
"ENSG00000172500.13",2351.72188768252,0.131405500496099,0.0628188365145275,2.0918168464599,0.0364549027753889,0.126413194261121,"FIBP"
"ENSG00000172508.10",141.927939136894,-0.247636219941252,0.141329974953695,-1.75218470124534,0.0797420534181005,0.211407245138463,"CARNS1"
"ENSG00000172530.20",592.521553561594,0.11366445885092,0.0634711079114275,1.79080628322317,0.0733243866352682,0.200146659362793,"BANP"
"ENSG00000172531.16",7418.99863632292,0.118043250776922,0.0744253032839226,1.58606341618256,0.112724924653274,0.264032004817886,"PPP1CA"
"ENSG00000172534.14",5032.6503700132,0.0038229596474545,0.0635119818437633,0.0601927311425868,0.952002134927204,0.974790840532999,"HCFC1"
"ENSG00000172543.8",548.663504681852,0.259127976488777,0.146534717708826,1.76837257777833,0.076998637810804,0.206452093793597,"CTSW"
"ENSG00000172548.14",44.6856888109805,0.0256967136080405,0.20564528180525,0.12495649490454,0.900557992346127,0.947008125053052,"NIPAL4"
"ENSG00000172551.11",22.0579972789899,0.40342742473467,0.28958585483243,1.39311854499287,0.163583946036879,0.335088926069391,"MUCL1"
"ENSG00000172554.12",8.47399505075652,-0.314047892343559,0.230459587226385,-1.36270265916542,0.172976239444042,0.347759537428169,"SNTG2"
"ENSG00000172572.7",1280.79442479466,-0.689263765716463,0.195631925831098,-3.52326831517034,0.000426259592035081,0.00605179556401874,"PDE3A"
"ENSG00000172575.12",629.723169175878,-0.200228908187496,0.118599054394225,-1.68828418751074,0.0913566891221352,0.230979514804317,"RASGRP1"
"ENSG00000172578.12",935.420149304081,-0.332594303346458,0.121298161994956,-2.74195666180241,0.00610743991274,0.0384303528661601,"KLHL6"
"ENSG00000172586.8",1385.99247221527,0.181762746875715,0.0761722522096988,2.38620680894836,0.0170231750673273,0.0765571481178614,"CHCHD1"
"ENSG00000172590.18",1873.05536589653,0.173683387019745,0.0884197438088009,1.96430547678716,0.0494946769444564,0.154681899888462,"MRPL52"
"ENSG00000172594.13",1217.08078907075,-0.00378240803801499,0.119652391226558,-0.0316116376717713,0.974781762509046,0.987566466411469,"SMPDL3A"
"ENSG00000172602.11",2058.66462976659,0.231794893841241,0.194295237489369,1.19300347675235,0.232868011421608,0.419664106542146,"RND1"
"ENSG00000172613.8",704.747784384025,-0.159248757307291,0.0829601797507003,-1.91958066853088,0.0549108878015545,0.165508268512607,"RAD9A"
"ENSG00000172638.13",2141.06192059879,0.0761607747878107,0.102656482390951,0.741899323003925,0.458148336047559,0.640914851549703,"EFEMP2"
"ENSG00000172640.3",9.96416836250006,-0.487556392219835,0.193393067046728,-2.52106448108624,0.011700040981571,0.0595428713542406,"OR10AD1"
"ENSG00000172650.14",3.92332478948996,-0.169960872973848,0.173871079746838,-0.977510884623918,0.328316291772716,0.521933973980064,"AGAP5"
"ENSG00000172661.19",1325.60620480728,-0.125893807354615,0.0486601963774231,-2.58720302684651,0.00967585617492034,0.0524647517680746,"WASHC2C"
"ENSG00000172663.9",1644.65433747842,0.0958328640812331,0.0860398483170102,1.11381953775814,0.265356613433603,0.457060258215373,"TMEM134"
"ENSG00000172667.11",1556.08776392391,-0.101251682749721,0.0814886332505271,-1.24252522972664,0.214042837714059,0.396976686627527,"ZMAT3"
"ENSG00000172671.20",339.277499800724,-0.185807780348031,0.0623470024196074,-2.98021994862734,0.0028804148149376,0.0229694658930861,"ZFAND4"
"ENSG00000172673.11",168.312879738647,-0.331549203383167,0.146308957471628,-2.26608957587208,0.0234458993543919,0.094262085159494,"THEMIS"
"ENSG00000172687.13",325.825670559322,-0.310583527455445,0.103330070768046,-3.0057419408203,0.00264933736312146,0.0216878348208029,"ZNF738"
"ENSG00000172689.2",1.6431041532454,-0.722577145841414,0.339262742061846,-2.12984526815412,0.0331843899883754,0.118422548473694,"MS4A10"
"ENSG00000172716.16",2410.68445827528,0.014876315773197,0.105759014772399,0.140662389917417,0.888136658112361,0.940421530390396,"SLFN11"
"ENSG00000172717.16",10.8767070785686,-0.470939466838891,0.178031871671764,-2.64525369764779,0.00816296899954224,0.0467601044221885,"FAM71D"
"ENSG00000172724.12",920.01412219138,-0.101771938353858,0.188580063386091,-0.539674961003137,0.589421210695453,0.746371533838571,"CCL19"
"ENSG00000172725.14",5621.77377890669,0.141103661667923,0.0740645734314332,1.90514378373558,0.0567613833294526,0.169243701160018,"CORO1B"
"ENSG00000172728.16",328.741758496568,0.0496965379360868,0.0806485920818219,0.616210855679505,0.537755364628466,0.706084924853112,"FUT10"
"ENSG00000172731.14",1316.50804187789,-0.000597416141074803,0.096787357493564,-0.00617246050047941,0.995075120336907,0.997647704839464,"LRRC20"
"ENSG00000172732.12",1340.75603376819,0.0331459726012077,0.0593544215589881,0.558441506641024,0.576542936481116,0.736280935338158,"MUS81"
"ENSG00000172733.11",8.92524240546909,0.114696159414559,0.166916691582642,0.687146134560015,0.491990644371304,0.669932291331445,"PURG"
"ENSG00000172738.12",56.9499867518913,-0.0597023177780861,0.117226400234424,-0.509290719997341,0.610548461687688,0.76222401136074,"TMEM217"
"ENSG00000172746.6",3.7327572194328,-0.268507560731207,0.157779395729967,-1.70179103227614,0.0887945481839424,0.226740059264304,"RPL12P13"
"ENSG00000172748.14",130.907404193661,-0.0163977814838415,0.093219719841557,-0.175904642405195,0.860368858111982,0.925112566389634,"ZNF596"
"ENSG00000172752.14",285.8914616259,-0.474695844734684,0.189838413379798,-2.50052576969757,0.0124009110621317,0.0618522145305695,"COL6A5"
"ENSG00000172757.13",28632.0827747299,0.26566512281672,0.0699405805016322,3.79844034623819,0.000145609463694172,0.00286455385381605,"CFL1"
"ENSG00000172765.17",1964.04201160173,0.0118285478902728,0.0559522049389891,0.211404499664862,0.832571645864732,0.908694197671601,"TMCC1"
"ENSG00000172766.19",611.278291757375,-0.242139087949034,0.0665833398549232,-3.63663175317768,0.000276226385127135,0.00450442888687189,"NAA16"
"ENSG00000172771.12",111.251441085352,-0.742170815875406,0.177163891795361,-4.18917652098472,2.79968560479367e-05,0.000849284686281763,"EFCAB12"
"ENSG00000172775.17",2862.29898840592,0.0783279985547202,0.0470116257644093,1.6661410296093,0.0956853281034906,0.23810225484385,"PSME3IP1"
"ENSG00000172780.17",88.1552352992567,0.0943298258414439,0.0867991174531224,1.08676019537167,0.277142803326197,0.46980220728814,"RAB43"
"ENSG00000172782.12",38.8738092609612,-0.444879034529889,0.330214393909588,-1.34724301161656,0.177901979481995,0.353858919996061,"FADS6"
"ENSG00000172785.18",356.063263567786,-0.155039336444325,0.0692650206458796,-2.23834967489536,0.0251982610836648,0.0990350261195199,"CBWD1"
"ENSG00000172789.3",2.52172848947364,-0.126410172727466,0.254809057975073,-0.496097641630274,0.619825523057246,0.768811432862139,"HOXC5"
"ENSG00000172794.20",388.16636669102,-0.0740907870717214,0.140958072570108,-0.525622872963669,0.599150261319134,0.753703228674447,"RAB37"
"ENSG00000172795.17",1707.21686442127,-0.185544837853181,0.0811690117432956,-2.28590731694484,0.0222596813047494,0.0912448799444021,"DCP2"
"ENSG00000172799.5",5.50777305717191,-0.393416452752866,0.195237725416972,-2.01506369689896,0.0438979754192068,0.143199617443823,"ZBTB8OSP2"
"ENSG00000172803.18",26.5247029459302,0.0279948955808753,0.122176253482318,0.229135325261277,0.818763738154958,0.901303863323606,"SNX32"
"ENSG00000172809.13",14962.2746317093,0.228773770515163,0.0850746196966984,2.68909542388518,0.00716459354130286,0.0428011506855547,"RPL38"
"ENSG00000172817.4",1216.62317572949,-0.196211865520349,0.118005831625062,-1.6627302466184,0.0963664448114539,0.23896380508772,"CYP7B1"
"ENSG00000172818.10",176.432730163678,0.482443651669532,0.163936579175865,2.94286762658372,0.00325187432445559,0.0250091595943867,"OVOL1"
"ENSG00000172819.17",1570.99668429274,0.277773676964721,0.104885889272672,2.64834172538301,0.00808877154357672,0.0464309432759137,"RARG"
"ENSG00000172824.16",244.68365457348,-0.585124444674029,0.129494893621966,-4.51851365183696,6.22752587270481e-06,0.000282085739972736,"CES4A"
"ENSG00000172828.13",317.415333618643,-0.195251786393479,0.199876986468789,-0.97685976681446,0.328638582384281,0.522285756996508,"CES3"
"ENSG00000172830.13",2488.86668428421,0.0229526617293813,0.0873676541750274,0.262713494440394,0.792771414983752,0.885398816472797,"SSH3"
"ENSG00000172831.14",1645.13859039832,-0.0709772433847595,0.0716982304711729,-0.989944143925515,0.322201421147798,0.516015960820802,"CES2"
"ENSG00000172840.7",758.439876082722,-0.145004617033329,0.0626493565179631,-2.31454279968147,0.0206379663722706,0.0869526467263991,"PDP2"
"ENSG00000172845.17",4972.37105964373,-0.012869290066418,0.0522949227708434,-0.246090621890987,0.80561208253677,0.892999602593531,"SP3"
"ENSG00000172867.4",2.19568213069401,-0.939842579345237,0.295118659251119,-3.18462608135366,0.00144941156303472,0.0142220038809652,"KRT2"
"ENSG00000172869.14",1593.3306131083,-0.172663535671185,0.0828445910128262,-2.08418598680092,0.0371432529114682,0.1280134905985,"DMXL1"
"ENSG00000172878.14",293.652970631814,0.0311894021270761,0.0851814933065223,0.366152328591402,0.714251412024896,0.834956891170816,"METAP1D"
"ENSG00000172888.12",1165.10048257709,-0.191406571271004,0.055208118269854,-3.4670004569875,0.000526300995170103,0.00697978352641757,"ZNF621"
"ENSG00000172889.16",2190.14486145315,-0.183998712374834,0.127103546088729,-1.44762847329521,0.147720983582303,0.313933020962953,"EGFL7"
"ENSG00000172890.13",2678.964303008,0.0401691065284686,0.0577488211592698,0.695583143033919,0.48668992592782,0.665539527413469,"NADSYN1"
"ENSG00000172893.16",3420.91555661924,0.191952302236311,0.0999767200240839,1.91996999091459,0.0548616900581687,0.165467824326492,"DHCR7"
"ENSG00000172901.20",13.8764034375352,0.14378372013142,0.180609001942205,0.796104948176562,0.425971038351462,0.613428512471786,"LVRN"
"ENSG00000172912.4",1.01069733066165,-1.71435899315914,0.534881112265909,-3.20512157532844,0.00135005443279566,0.0135643745634925,"COX6B1P3"
"ENSG00000172915.18",697.344916903876,-0.520119489905423,0.140275079362567,-3.7078538274149,0.00020902324567936,0.00371940722522872,"NBEA"
"ENSG00000172922.11",1011.72428453071,0.11497659215562,0.0720588672385697,1.59559255594401,0.110579790601401,0.260676412128615,"RNASEH2C"
"ENSG00000172927.8",897.20120762491,0.505024742542368,0.276035466950208,1.82956468645917,0.0673150583044523,0.189215554249064,"MYEOV"
"ENSG00000172932.16",1693.28593245496,-0.0607670340840062,0.0714016255671021,-0.851059532627844,0.394736283420283,0.585387754294498,"ANKRD13D"
"ENSG00000172935.9",204.901882166822,0.182560244965617,0.13654265566411,1.33701987908239,0.181216148028059,0.358097650540015,"MRGPRF"
"ENSG00000172936.16",3379.20491118256,0.163332118841575,0.0645747902224396,2.52934803626845,0.0114274647782958,0.0586145848866181,"MYD88"
"ENSG00000172939.9",2337.62484645683,0.103593080497583,0.0450621736768451,2.29889222034607,0.0215110602837553,0.0891532092651644,"OXSR1"
"ENSG00000172940.13",3.12658901573932,-0.0389650556848472,0.174313108868082,-0.223534855971936,0.823119258200834,0.903114601347231,"SLC22A13"
"ENSG00000172943.20",2203.68940301154,-0.157180985794721,0.0787411753135512,-1.99617271610208,0.0459151261690623,0.147368388657726,"PHF8"
"ENSG00000172954.14",1019.66063523031,-0.0129777486719269,0.0694309385681039,-0.186915933149848,0.851726546514319,0.920183039058438,"LCLAT1"
"ENSG00000172955.17",63.8790217934438,0.312342564453992,0.200413737153623,1.55848879867238,0.119117421256029,0.27363911660734,"ADH6"
"ENSG00000172965.17",749.490521150038,0.0372017724588403,0.101446484682406,0.366713273262314,0.713832904691828,0.834679818987509,"MIR4435-2HG"
"ENSG00000172967.7",1.99817183604305,0.391121588347982,0.279444410071253,1.39964005094342,0.161621134148638,0.332717389002365,"XKR3"
"ENSG00000172969.7",2.59405952953528,-0.040720498661127,0.309558771809763,-0.13154367560985,0.895345238581173,0.94454257241185,"FRG2C"
"ENSG00000172971.7",4.38333709759821,0.0286802044039658,0.182847246971126,0.156853356443998,0.875360420887094,0.933484128526394,"UNC93B3"
"ENSG00000172974.11",30.744901743319,0.0130472849091134,0.138734254598072,0.0940451581111869,0.925073284687488,0.960708787399166,"VDAC2P5"
"ENSG00000172977.13",478.604330838304,-0.00572766151374595,0.0478219602990272,-0.119770529646449,0.90466492779248,0.949368602394151,"KAT5"
"ENSG00000172985.11",502.660484554415,0.0130225763108443,0.100537628287043,0.129529376540132,0.896938781626405,0.94521151806723,"SH3RF3"
"ENSG00000172986.13",538.803715022547,-0.201083766380288,0.141721657936756,-1.4188640558384,0.155938653293336,0.325334842585076,"GXYLT2"
"ENSG00000172987.13",60.4666378073335,-0.466403860625278,0.212165715657835,-2.198299848678,0.0279277451897102,0.105610906474446,"HPSE2"
"ENSG00000172992.12",1280.83576354924,-0.0311532358570378,0.0664936642903026,-0.46851434929239,0.639416811947904,0.782737210728447,"DCAKD"
"ENSG00000172995.16",1.98412873161638,0.184213603828328,0.298653466726901,0.616813880807149,0.53735749525073,0.705646002026685,"ARPP21"
"ENSG00000173011.12",1571.14625752434,0.0862094200578608,0.0479838251478895,1.79663500757093,0.0723935829817305,0.198517383923133,"TADA2B"
"ENSG00000173013.6",135.985337640262,-0.331525335968997,0.12547509147229,-2.64216054420817,0.00823789970389266,0.0470506508089087,"CCDC96"
"ENSG00000173020.11",5909.09556892556,0.0529692931048236,0.0670190540292969,0.790361694476744,0.429316566199132,0.615981573800539,"GRK2"
"ENSG00000173039.19",4727.69245632452,0.123157927158971,0.0555948580264449,2.21527550444302,0.0267411601201795,0.102769646067313,"RELA"
"ENSG00000173040.13",299.881303299265,0.0436551256486258,0.0886906274713524,0.492218026788983,0.622565222088614,0.771124816362076,"EVC2"
"ENSG00000173041.12",795.820926091549,-0.185813018628093,0.101595275795995,-1.82895333638553,0.0674065990487017,0.189365277371397,"ZNF680"
"ENSG00000173064.13",2789.45060114687,-0.197495614101472,0.0765464430096804,-2.58007565520054,0.0098778672149962,0.0533004591878231,"HECTD4"
"ENSG00000173065.13",1952.42547837121,0.158130320665012,0.0731114365820522,2.16286709792036,0.0305514030293699,0.112057713017165,"FAM222B"
"ENSG00000173068.18",479.522556334755,0.0480963862619194,0.13966686143716,0.344365053864686,0.730571766466282,0.845691242340736,"BNC2"
"ENSG00000173077.16",21.6127701461911,0.000711920363457828,0.173958837061271,0.00409246449036146,0.996734694882209,0.998444102681231,"DELEC1"
"ENSG00000173080.6",6.57195715534092,0.862945888537316,0.223887155844721,3.85437871717759,0.00011602388086768,0.00244945026361932,"RXFP4"
"ENSG00000173083.15",545.391998191139,0.217869797009405,0.0930890317511094,2.34044540920696,0.019260753991357,0.083163471973533,"HPSE"
"ENSG00000173085.15",621.67213195452,0.12969204163103,0.0581397403614799,2.2306952322917,0.0257013236700023,0.100151092452392,"COQ2"
"ENSG00000173110.8",616.382890625993,0.316392752967328,0.155203572864618,2.03856616911334,0.0414933445552098,0.137862860138264,"HSPA6"
"ENSG00000173113.7",4913.70420840074,0.0951110453834849,0.0799496613530745,1.18963662601965,0.234189243798256,0.421201582506366,"TRMT112"
"ENSG00000173114.13",167.121655788926,-0.216220769070517,0.201203300335312,-1.07463828232528,0.282536705364062,0.475071188648834,"LRRN3"
"ENSG00000173120.15",6734.11859873742,-0.0858863876773697,0.0538430392449196,-1.59512518018703,0.11068424569528,0.260840235242967,"KDM2A"
"ENSG00000173124.14",4.1217732614216,-1.19627988418738,0.278397630204227,-4.29701891970062,1.73110425036848e-05,0.000594859015600917,"ACSM6"
"ENSG00000173137.12",596.319849911846,-0.152521453549121,0.111653745357305,-1.36602182990848,0.171932111690578,0.346245122875266,"ADCK5"
"ENSG00000173141.5",1754.23118256586,0.207373844527887,0.0767284595766678,2.70269787341002,0.00687792324396313,0.041668774252926,"MRPL57"
"ENSG00000173145.11",931.511709307493,0.0350312506137247,0.0604920324038445,0.579105201489285,0.562518190548239,0.72607732515512,"NOC3L"
"ENSG00000173153.17",1717.54942569695,0.106058575857384,0.078558837208627,1.35005277096613,0.176999056311481,0.352747064025261,"ESRRA"
"ENSG00000173156.7",1129.45361014545,0.500489071569492,0.131704386560611,3.80009417028159,0.000144641112238916,0.00285234025928193,"RHOD"
"ENSG00000173157.17",18.102946427036,0.409781803640174,0.413493800632689,0.991022847290974,0.321674424135006,0.515562157938343,"ADAMTS20"
"ENSG00000173163.10",974.254722103266,0.0274575528516221,0.0724628053135029,0.378919263928988,0.704747818520243,0.828267760590032,"COMMD1"
"ENSG00000173166.18",470.186112203805,-0.134538268993329,0.112233916897013,-1.19873094259717,0.230632582288282,0.417109314195414,"RAPH1"
"ENSG00000173171.14",881.55151827265,0.239821068152757,0.0732351969258448,3.27466953349754,0.00105785643139132,0.0114199786544459,"MTX1"
"ENSG00000173175.15",355.295090836781,-0.43645601215287,0.187830735406577,-2.3236666310661,0.0201433682316999,0.0856054580722474,"ADCY5"
"ENSG00000173193.15",8155.03324169475,-0.125676266147389,0.078505426245719,-1.60086088513202,0.109407734697106,0.25899542884462,"PARP14"
"ENSG00000173198.6",394.419391234891,-0.00218538500225973,0.138677406685655,-0.0157587674480633,0.987426843158407,0.993666255934062,"CYSLTR1"
"ENSG00000173200.13",385.118827546069,-0.594490416738511,0.14136923105743,-4.20523201754563,2.60814458370581e-05,0.000805500534557677,"PARP15"
"ENSG00000173207.13",1338.16270400532,0.283979023056615,0.120890155154852,2.34906657777762,0.0188205412286915,0.0819370501640088,"CKS1B"
"ENSG00000173208.4",83.973102756406,-0.432387441402703,0.139987072897157,-3.08876693007476,0.0020098904799574,0.0179326331867333,"ABCD2"
"ENSG00000173209.23",1489.07847078619,-0.327222850063016,0.110511078825335,-2.96099588874883,0.0030664603241336,0.0240046234590595,"AHSA2P"
"ENSG00000173210.20",984.594365728948,0.478119225279158,0.143571972030178,3.33017105301486,0.00086792647753632,0.0099720929904386,"ABLIM3"
"ENSG00000173212.4",32.9252423554174,0.413900925706015,0.20313594879782,2.03755626788623,0.0415943293366134,0.138069147918437,"MAB21L3"
"ENSG00000173213.9",15.4908599985334,-0.188249100678071,0.166683722979171,-1.12937902581883,0.258737976864356,0.449755310590769,"TUBB8B"
"ENSG00000173214.7",766.336143082022,-0.245862855450049,0.100074897059094,-2.45678849217169,0.0140185194322379,0.067134431452459,"MFSD4B"
"ENSG00000173218.15",1481.38649927041,0.25878420060048,0.0776714546258731,3.33178001940338,0.000862924376747333,0.00992720845716965,"VANGL1"
"ENSG00000173221.14",2019.62747122838,0.43427065890076,0.107790408133815,4.02884325627229,5.60519735101792e-05,0.00144214710515796,"GLRX"
"ENSG00000173226.17",1058.56531988318,-0.212859967921657,0.0646498913798808,-3.29250310214596,0.00099299802352528,0.0109724139386748,"IQCB1"
"ENSG00000173227.14",1184.1810449191,-0.0796723162768014,0.244564752718498,-0.32577186774133,0.744596964896244,0.854602152532726,"SYT12"
"ENSG00000173230.15",6562.01706890941,-0.108622212402625,0.0665403108137036,-1.63242718698354,0.102589525762964,0.248563647567599,"GOLGB1"
"ENSG00000173237.4",65.3714487340285,-0.582593554427473,0.340961372800803,-1.70867904959966,0.0875104169224899,0.224632560570583,"C11orf86"
"ENSG00000173253.15",40.9613888426476,0.136404978105623,0.224494669174261,0.607608985136925,0.543446840121832,0.71112956358221,"DMRT2"
"ENSG00000173258.13",565.300310352525,-0.349370417879703,0.131387009853849,-2.65909406316753,0.0078351084709811,0.0454331876069287,"ZNF483"
"ENSG00000173261.9",10.6171263484357,0.0524714606601237,0.132852170995938,0.394961258568578,0.692871479585075,0.82059585819878,"PLAC8L1"
"ENSG00000173262.12",31.062289246478,0.288800228488694,0.193793403424994,1.49024798256598,0.136159044221663,0.297903041770661,"SLC2A14"
"ENSG00000173264.15",1234.65173319921,0.0677540228246567,0.0779881333806862,0.868773490114536,0.384971035770153,0.576478239279256,"GPR137"
"ENSG00000173267.14",1104.9743434196,0.272682240673845,0.204578409918695,1.33289842648702,0.182565139025936,0.359685839400975,"SNCG"
"ENSG00000173269.14",1378.98742767527,-0.110181662037772,0.130465485096274,-0.844527285944368,0.398374822519366,0.58863363066471,"MMRN2"
"ENSG00000173272.16",1161.34230800784,0.319322606067904,0.0962138116436776,3.31888530983989,0.000903775407629852,0.0102519232184738,"MZT2A"
"ENSG00000173273.16",1978.20071088135,-0.072396301949896,0.0683119740570188,-1.05978934073063,0.289240447201224,0.481698085553947,"TNKS"
"ENSG00000173275.13",337.186082488343,-0.219249335020683,0.0667130796205294,-3.2864520161233,0.00101458057890245,0.0111113260570393,"ZNF449"
"ENSG00000173276.14",1133.01033167684,-0.126740863394942,0.0725631905007706,-1.74662749143584,0.0807019752750608,0.213255882437701,"ZBTB21"
"ENSG00000173281.5",3071.91722396087,-0.155046254545152,0.107337147839241,-1.44447898669121,0.148604286448802,0.315266839274834,"PPP1R3B"
"ENSG00000173295.7",82.1380966128485,-0.0725239308275415,0.0927460626804215,-0.781962368337294,0.434236689719365,0.620154517451391,"FAM86B3P"
"ENSG00000173320.12",446.286909593308,-0.162401163594478,0.122604118318372,-1.32459794843729,0.185304536734268,0.363158932275371,"STOX2"
"ENSG00000173327.8",4116.76119501791,0.086794563377086,0.0665269222945493,1.30465321983183,0.192010957442425,0.371232334850793,"MAP3K11"
"ENSG00000173334.4",5928.16909009159,-0.106869731213169,0.0971341674315193,-1.10022800461551,0.271232791746676,0.463251081702257,"TRIB1"
"ENSG00000173338.13",23.602051917807,-0.143441211253333,0.133283461993794,-1.07621162526535,0.281832621732634,0.47429881591996,"KCNK7"
"ENSG00000173369.17",13664.4281350276,0.230697233256744,0.148877493740888,1.54957762560309,0.121242926651846,0.276589061053851,"C1QB"
"ENSG00000173372.17",11214.7417612917,0.224582391283506,0.144351576449895,1.55580144537915,0.119755314342296,0.274393400788973,"C1QA"
"ENSG00000173376.14",3939.53280939874,-0.159847582588577,0.184134908762849,-0.868100370877788,0.385339388055551,0.576718554575566,"NDNF"
"ENSG00000173391.9",2367.6060832122,0.144464186888261,0.175472484566303,0.82328683750799,0.410344896936621,0.599482761582821,"OLR1"
"ENSG00000173401.10",19.6465876818321,-0.254091648240764,0.151315771004153,-1.67921457594655,0.0931102322457724,0.233762081453774,"GLIPR1L1"
"ENSG00000173402.12",7038.69424878363,0.117431698606953,0.0668804585648287,1.75584469853961,0.0791149297808471,0.210230608840793,"DAG1"
"ENSG00000173404.5",49.3326400936099,-1.58922771556923,0.31278383462322,-5.08091384416849,3.75623461872851e-07,3.64595682686089e-05,"INSM1"
"ENSG00000173406.16",16.9446743034644,0.182040250318958,0.170976918972741,1.06470657801467,0.287008732401972,0.479415714387448,"DAB1"
"ENSG00000173409.14",909.328157375143,0.0887842034802501,0.0718997088183704,1.23483397832017,0.216892298805241,0.400610003002656,"ARV1"
"ENSG00000173418.12",2807.7083604138,0.147968525137454,0.0813508468318129,1.81889348298203,0.0689276823030938,0.192243388365326,"NAA20"
"ENSG00000173421.17",26.1453877894306,-0.36614207647046,0.15873022275441,-2.30669415135239,0.0210718765387748,0.0880747804960476,"IHO1"
"ENSG00000173432.12",682.342134520345,-0.391136468691317,0.235058050547118,-1.66399945792503,0.0961125377200583,0.238563101042371,"SAA1"
"ENSG00000173436.15",289.085549105225,-0.102448397268689,0.0670700353810243,-1.52748387095191,0.126640734909974,0.285016561032769,"MICOS10"
"ENSG00000173442.13",4163.78594231013,0.0329997800809688,0.0777398145442519,0.42449007981855,0.67120843852701,0.806036017309182,"EHBP1L1"
"ENSG00000173451.7",268.166331935958,0.0426258842567079,0.0709851446786182,0.60049020748911,0.548179585161732,0.714698579604853,"THAP2"
"ENSG00000173452.14",2.40922050888457,-1.47489901832632,0.517100398740576,-2.85224885132269,0.00434111012345194,0.0304206649842319,"TMEM196"
"ENSG00000173456.5",1516.63142543583,0.128227462446566,0.0786199347407797,1.630978998766,0.102894750958434,0.249031327686766,"RNF26"
"ENSG00000173457.11",4128.17982695538,0.258986275967346,0.110519149479693,2.34336110245702,0.019110876580626,0.0827491759655067,"PPP1R14B"
"ENSG00000173465.8",894.450366182137,0.138278476449827,0.0824538390909109,1.67704109322752,0.093534446476958,0.234496946989979,"ZNRD2"
"ENSG00000173467.9",3013.54290201068,0.134586316228522,0.211813865363583,0.635398990512267,0.525168226312555,0.697118366836405,"AGR3"
"ENSG00000173473.11",5511.99392974032,-0.0845531005672504,0.0589812972220987,-1.43355783188117,0.151698484291533,0.319582270638848,"SMARCC1"
"ENSG00000173480.11",396.283941418195,-0.247208777367217,0.0719123568195188,-3.43763976457686,0.000586807796094151,0.00749449579898056,"ZNF417"
"ENSG00000173482.17",2728.58112392099,-0.00911078146808512,0.117705308238942,-0.0774033185452455,0.9383027008878,0.967868131759126,"PTPRM"
"ENSG00000173486.14",10.2144054081962,-0.0370824661048715,0.122851490646569,-0.301847913360318,0.76276800377956,0.866435542467467,"FKBP2"
"ENSG00000173511.10",3692.78390710095,0.0467642400852409,0.0702041612108055,0.666117781036078,0.505335820085187,0.681029095519507,"VEGFB"
"ENSG00000173517.10",2587.71636515083,-0.150601717057127,0.104888645224608,-1.43582479051598,0.151052203740882,0.318713544530399,"PEAK1"
"ENSG00000173530.6",655.063201587529,0.0599910063832936,0.112231017903312,0.534531429047329,0.592973910903672,0.748933247940666,"TNFRSF10D"
"ENSG00000173531.15",199.980011211794,-0.0665428505200101,0.125508629361255,-0.530185461020996,0.595983350410865,0.751305030570663,"MST1"
"ENSG00000173535.15",127.908283520097,-0.0382110365460341,0.142173091969868,-0.268764194522354,0.788111148442181,0.882621920919185,"TNFRSF10C"
"ENSG00000173540.14",1178.80434883215,0.017223121829592,0.0617981949674859,0.278699431895279,0.780475498526962,0.87829544608613,"GMPPB"
"ENSG00000173542.9",1882.88504909151,-0.0383382093056937,0.0702842679745402,-0.545473552055509,0.585427865745913,0.74311017890223,"MOB1B"
"ENSG00000173545.5",1654.20602994264,0.143657608157153,0.072724807979846,1.97535905762673,0.0482274155838448,0.152120828709895,"ZNF622"
"ENSG00000173546.7",1047.46677976478,0.524951198510757,0.124807837835514,4.20607557678067,2.59843369772643e-05,0.000803993058535374,"CSPG4"
"ENSG00000173548.9",2530.22473098976,-0.0170284173702864,0.0605646164730638,-0.281161152533012,0.778586799055141,0.876851711688749,"SNX33"
"ENSG00000173557.15",49.6565828595603,-0.393320987966047,0.230742690416902,-1.70458698932305,0.0882714795931784,0.225801709339297,"FAM166C"
"ENSG00000173559.14",1924.39780769646,-0.137346533741863,0.117826536130799,-1.16566724485047,0.243749008352071,0.432553474498454,"NABP1"
"ENSG00000173567.15",35.9068925245493,-0.0615564159298192,0.103597267545202,-0.594189570713924,0.552385327503136,0.71762456427057,"ADGRF3"
"ENSG00000173572.11",0.774552222359746,-1.12705541088005,0.533726577933891,-2.11167188870938,0.0347146017915763,0.121992108660223,"NLRP13"
"ENSG00000173575.22",5063.27151543107,-0.10632335223476,0.0748488994938901,-1.42050655325185,0.155460262118542,0.324707833222678,"CHD2"
"ENSG00000173578.8",87.8094988919566,-0.514111852099609,0.155948882615162,-3.29666903332864,0.000978387205759102,0.0108507811978187,"XCR1"
"ENSG00000173581.8",533.978927795068,-0.0173695586527319,0.0850294851479277,-0.204276888452443,0.838137129513185,0.911928476515,"CCDC106"
"ENSG00000173585.16",7.71741484639172,-0.120225401658696,0.184840093949473,-0.650429239078188,0.515414995579934,0.689591001564902,"CCR9"
"ENSG00000173588.15",471.93467872207,-0.325813470494607,0.0709801035559627,-4.59020844112642,4.42803588407838e-06,0.000221688118328754,"CEP83"
"ENSG00000173597.9",95.1464006236199,0.0159820658436709,0.175275195376791,0.09118270163279,0.927347419785886,0.961940499492208,"SULT1B1"
"ENSG00000173598.14",1554.43258280074,-0.0266998659993001,0.0665167165132492,-0.401400841756551,0.688125029753309,0.817390822090814,"NUDT4"
"ENSG00000173599.15",1583.1964362509,-0.114548669703961,0.111138572017852,-1.03068329585485,0.302689360565117,0.495766068839202,"PC"
"ENSG00000173610.12",2.68148842211138,-1.52256633768642,0.4491808445959,-3.38965108598115,0.000699816334081435,0.00855636621761778,"UGT2A1"
"ENSG00000173611.18",707.809878666424,-0.284563263984126,0.0980810853934461,-2.90130622884747,0.00371610528249262,0.0273233863008009,"SCAI"
"ENSG00000173612.10",1.5916317751994,-0.281793083552859,0.429953860776775,-0.655403077538967,0.512208270573147,0.687025938986157,"GPRC6A"
"ENSG00000173614.14",340.438587865891,-0.00813878710855858,0.0609904870355672,-0.133443550037768,0.893842605413398,0.944001454828964,"NMNAT1"
"ENSG00000173621.9",500.068579935965,0.340166369565546,0.137624711621914,2.47169542124135,0.013447403156555,0.0653678483415367,"LRFN4"
"ENSG00000173626.10",3.65449579390949,-0.253896811745035,0.182000707910866,-1.39503200102595,0.163006189718513,0.334441265396458,"TRAPPC3L"
"ENSG00000173627.8",55.9261174919952,-1.20765119327133,0.278592832127513,-4.33482507087111,1.45876076734228e-05,0.000524532326023015,"APOBEC4"
"ENSG00000173638.19",1420.31479966456,0.0902138871331644,0.0939813909641377,0.959912235897733,0.337099387473813,0.530490163885691,"SLC19A1"
"ENSG00000173641.18",256.059374664035,0.205163298129183,0.151249309929758,1.35645774664667,0.174953570526491,0.350306843268712,"HSPB7"
"ENSG00000173653.8",981.152243708829,0.0462085712535919,0.0677805927574964,0.681737491126933,0.495404956381404,0.672758288330652,"RCE1"
"ENSG00000173660.12",4531.84078944856,0.120858439263746,0.0868276414714896,1.39193507062415,0.163942060626691,0.335569427515581,"UQCRH"
"ENSG00000173662.21",37.9912941588181,-0.800096537648901,0.223213397336827,-3.58444675451788,0.000337793464444552,0.00521863471543038,"TAS1R1"
"ENSG00000173674.11",3378.08014956398,0.134123574756433,0.0636681876139218,2.10660268154241,0.0351520341142946,0.123126425225377,"EIF1AX"
"ENSG00000173681.16",714.001278418638,-0.248225830631993,0.0756460374480887,-3.28141220618906,0.00103288673854495,0.0112378752243062,"BCLAF3"
"ENSG00000173692.14",5150.68869290526,0.116031529259497,0.0556906675683899,2.08350041983258,0.0372056334691823,0.128162147448472,"PSMD1"
"ENSG00000173698.18",190.56717692946,0.0249061547726667,0.166272878455787,0.149790843846427,0.880929633405924,0.936483501021247,"ADGRG2"
"ENSG00000173702.7",2166.26672409372,-0.285972033231153,0.332968274204294,-0.858856700130216,0.390419580912274,0.581298548142824,"MUC13"
"ENSG00000173705.9",247.319647843185,0.167207637021432,0.166745523022718,1.00277137275014,0.315971184173831,0.50999314658939,"SUSD5"
"ENSG00000173706.14",4957.85870825828,-0.0249493441089986,0.133404543781875,-0.187020197376428,0.851644797117159,0.920130138907077,"HEG1"
"ENSG00000173714.8",12.0074704103935,-1.05293942928719,0.249191196676439,-4.22542787759221,2.38487198824901e-05,0.00075617370722087,"WFIKKN2"
"ENSG00000173715.18",909.129062117399,-0.0231280520564238,0.0862627646604399,-0.268111648721946,0.788613379606775,0.882857703596233,"C11orf80"
"ENSG00000173726.11",11196.347299197,0.0618401961040511,0.0664264178863901,0.930957863930237,0.351875360721913,0.545441213544773,"TOMM20"
"ENSG00000173727.12",241.734144744267,0.000797791400565812,0.147009629612705,0.00542679688852754,0.995670063800901,0.997905086455354,"AP000769.1"
"ENSG00000173728.11",7.63879264263354,-0.287421261854464,0.158900154899749,-1.80881675059285,0.0704794770871274,0.194873617694688,"C1orf100"
"ENSG00000173744.18",4307.40135268454,0.12957656877125,0.0679007266075878,1.90832374328038,0.0563493860733707,0.168372847066892,"AGFG1"
"ENSG00000173757.10",2914.18931973534,-0.0554736896540048,0.0496225083793833,-1.11791385533933,0.263603786924691,0.455210771528029,"STAT5B"
"ENSG00000173762.8",612.140166339196,0.0347113506885939,0.138355621365521,0.250885004497867,0.801903018385595,0.89107514983885,"CD7"
"ENSG00000173786.17",4763.01216205898,0.121241916363685,0.0650472044018645,1.86390664254603,0.0623348157543439,0.180211273090428,"CNP"
"ENSG00000173801.17",18444.6183768317,0.0488114588094447,0.107000153728913,0.456181202628078,0.648259681376347,0.789238264172556,"JUP"
"ENSG00000173805.16",58.7368853107872,-0.711580326926004,0.204034018573361,-3.48755728040593,0.000487454495696231,0.00664570946978485,"HAP1"
"ENSG00000173809.18",29.1597676024369,0.470676418947392,0.211359490996059,2.22689985072006,0.0259539678305957,0.10082677374376,"TDRD12"
"ENSG00000173811.11",7.37978022211072,-0.521597971800606,0.147683965259751,-3.53185243152973,0.000412659568432473,0.00593207038507008,"CCDC13-AS1"
"ENSG00000173812.11",24740.2639147242,0.067925279355943,0.0655294111512332,1.03656172339441,0.29994015962974,0.49293650580279,"EIF1"
"ENSG00000173818.17",822.455035979526,0.0996649970739105,0.0804960506463132,1.2381352410918,0.215665918676101,0.399093421379627,"ENDOV"
"ENSG00000173821.19",16986.499031358,-0.0180746276098446,0.0901845060307073,-0.200418324669764,0.841153429205456,0.913508648177755,"RNF213"
"ENSG00000173825.7",48.9580480753861,-0.345349237532034,0.134086331040957,-2.57557377288925,0.0100073922478021,0.0537954644236065,"TIGD3"
"ENSG00000173826.15",23.8678793896353,-0.131256700944859,0.236294453434048,-0.555479398848833,0.578566797391887,0.737776236970394,"KCNH6"
"ENSG00000173838.12",79.4989507308622,-0.368258832547244,0.172464469287673,-2.13527362516034,0.0327386660016587,0.117263949133214,"MARCHF10"
"ENSG00000173846.13",1015.58890014398,-0.00983590922489349,0.0899185620389626,-0.109386860753306,0.912895654810382,0.953806214831384,"PLK3"
"ENSG00000173848.19",7515.58512947845,0.174971210586873,0.099955747839606,1.75048673406596,0.0800343612703455,0.211979633235769,"NET1"
"ENSG00000173852.15",4827.21279377749,0.448442432349441,0.102412462474159,4.37878771309296,1.19341311005615e-05,0.000454603005413038,"DPY19L1"
"ENSG00000173862.3",5.25677156370675,-0.862426889115961,0.219926441838642,-3.92143337520423,8.80237877584722e-05,0.00200999723308835,"AC008080.1"
"ENSG00000173868.12",45.6998135708002,-0.219866341569952,0.145660287612384,-1.50944602110794,0.131184839833235,0.291480036877195,"PHOSPHO1"
"ENSG00000173875.14",1225.00044140912,-0.175624871619011,0.0487881387396871,-3.59974526915386,0.000318529063886122,0.0049975438849956,"ZNF791"
"ENSG00000173889.16",3098.87157443912,-0.246446329863258,0.0861921048393669,-2.85926803066884,0.00424619844225684,0.0299379408509064,"PHC3"
"ENSG00000173890.17",1793.53746916535,-0.317707984594291,0.122315704451314,-2.59744229916731,0.00939208985727228,0.0514463388644564,"GPR160"
"ENSG00000173894.11",842.149062616311,0.201404123802325,0.172582258967634,1.16700363645197,0.24320890099988,0.431848414433639,"CBX2"
"ENSG00000173898.14",2929.97280122696,0.256668659539462,0.128333353910369,2.00001520819541,0.0454986217109946,0.146667855598774,"SPTBN2"
"ENSG00000173905.9",3059.98999649587,0.052725958487717,0.072896503246431,0.723298870859056,0.469496286371711,0.650445780135682,"GOLIM4"
"ENSG00000173914.12",677.570290676785,-0.0350155998119398,0.056601245750799,-0.618636557331346,0.536155813088439,0.704895643129158,"RBM4B"
"ENSG00000173915.16",2091.25557972412,0.235454168834107,0.0841061100788957,2.79948946174349,0.00511834872179892,0.0340198011568879,"ATP5MD"
"ENSG00000173917.10",494.984654426313,-0.00388624548387242,0.186845114468979,-0.0207992887312964,0.983405765127373,0.991866707212749,"HOXB2"
"ENSG00000173918.15",1197.83375367576,0.181963185164201,0.121077315258322,1.50286769058248,0.132873166146442,0.293643964189412,"C1QTNF1"
"ENSG00000173926.6",266.368052677106,0.183287446837761,0.101405260547918,1.80747473895745,0.0706882899145553,0.195272588460446,"MARCHF3"
"ENSG00000173928.4",118.862922160083,0.0613422492553682,0.066422755456896,0.92351256483443,0.355740155532188,0.54930926200701,"SWSAP1"
"ENSG00000173930.9",826.791529793001,-0.201901195489004,0.179317689866746,-1.12594131476398,0.260190360233882,0.451337345035514,"SLCO4C1"
"ENSG00000173933.21",678.36137130416,-0.245856854072197,0.0843957934668395,-2.91314109356408,0.00357812890137441,0.0266917635662036,"RBM4"
"ENSG00000173947.14",746.620862370723,-0.308408410908293,0.171362183348171,-1.79974604012645,0.071900747736746,0.197589070936813,"PIFO"
"ENSG00000173950.16",816.167504634216,0.176974485207114,0.0767447701023116,2.30601362113903,0.0211098712444729,0.0881267640554529,"XXYLT1"
"ENSG00000173960.14",1038.78831434059,0.0839014421317288,0.0509195784555348,1.64772460174617,0.099409197246357,0.243497561959536,"UBXN2A"
"ENSG00000173988.13",22.5595191774905,-0.5275779640081,0.151635748674505,-3.47924528760417,0.000502828116609778,0.00678411021007822,"LRRC63"
"ENSG00000173991.6",24.8161198879459,-0.165414271952575,0.132974207441598,-1.24395756993117,0.213515179370759,0.396358280898918,"TCAP"
"ENSG00000173992.9",1442.43722011212,-0.0155886389916836,0.0706498057736278,-0.220646593730659,0.825367618495363,0.904407057201704,"CCS"
"ENSG00000174004.6",403.26224958081,0.0163017407143977,0.114608709503451,0.142238236387321,0.886891830545855,0.939729012434522,"NRROS"
"ENSG00000174007.9",127.801179359263,0.0677656597955416,0.079700969452271,0.850248877287788,0.395186732632372,0.585899175700462,"CEP19"
"ENSG00000174010.9",548.963295488761,-0.0548658086310436,0.0675806687859259,-0.811856550352307,0.416873948602234,0.605429297970162,"KLHL15"
"ENSG00000174013.8",1132.30815444816,0.213242787289552,0.0789981602803565,2.69933864956822,0.00694774369835801,0.0419955030772391,"FBXO45"
"ENSG00000174015.10",21.6577235729779,0.3962212142926,0.303855706708637,1.30397818946521,0.192241018929759,0.371418305665532,"CBY2"
"ENSG00000174021.11",234.745317295136,0.207489893647744,0.0897051977913597,2.31301974418844,0.0207215536200438,0.0871412200411464,"GNG5"
"ENSG00000174028.6",247.262616649769,0.218342642341793,0.119053164756838,1.83399276103034,0.0666550687159903,0.188111147135837,"FAM3C2P"
"ENSG00000174032.17",713.811013302909,-0.0428425597812477,0.0683929184211405,-0.626418067400454,0.531040761984013,0.701000756858718,"SLC25A30"
"ENSG00000174038.13",5.25251004338731,-1.05567325573214,0.248115972793757,-4.2547573372459,2.09275850815661e-05,0.000691212390992639,"C9orf131"
"ENSG00000174059.17",2621.3518529355,-0.0206011717266049,0.12001915681136,-0.171649028987804,0.863713459890661,0.927361075210906,"CD34"
"ENSG00000174080.12",2250.97477654632,-0.122521001032898,0.103584844690007,-1.18280817429963,0.236885180210331,0.424445309980224,"CTSF"
"ENSG00000174099.12",1436.26276329524,0.0316743093181852,0.133923053387383,0.236511254164469,0.8130359754102,0.897731716945204,"MSRB3"
"ENSG00000174106.3",1616.61208904655,0.000551751846073006,0.0644821841540986,0.00855665566095647,0.993172859865839,0.996818594242635,"LEMD3"
"ENSG00000174109.5",557.54403674904,0.276659226003493,0.0822463926699738,3.36378553541709,0.000768812613894165,0.00913819291480844,"C16orf91"
"ENSG00000174123.11",183.085416395692,-0.562242370570324,0.166213370406366,-3.38265429066102,0.000717889395194095,0.00870699148786776,"TLR10"
"ENSG00000174125.8",568.1808385056,-0.053906704943805,0.108015906475037,-0.499062653853328,0.617735246199725,0.767569588405145,"TLR1"
"ENSG00000174130.12",344.941701657075,0.0357253012990644,0.117503253041137,0.304036700044018,0.761099931209776,0.865223580587562,"TLR6"
"ENSG00000174132.9",957.755166067478,0.0723187363488002,0.0666044636431889,1.08579414040812,0.277570079397915,0.470239194656766,"FAM174A"
"ENSG00000174136.13",393.897287507701,0.00716475623388518,0.0774966965406301,0.0924524083439973,0.926338601848132,0.961484944236496,"RGMB"
"ENSG00000174137.13",91.9289592785525,-0.0336982109835124,0.107897280453942,-0.31231751941975,0.754799226927492,0.86102317000902,"FAM53A"
"ENSG00000174145.8",2.39270755871589,0.330235586188145,0.395672955348541,0.834617533809572,0.403933086692698,0.593606014357095,"NWD2"
"ENSG00000174151.15",623.329747943638,-0.132773736900822,0.0748576174052834,-1.77368371453739,0.0761154816994606,0.204842998320276,"CYB561D1"
"ENSG00000174156.15",21.5957582087678,-0.953944584085468,0.290431880977733,-3.28457255062369,0.00102137198031269,0.0111520224476584,"GSTA3"
"ENSG00000174165.8",1146.63538345963,0.0357661139286018,0.0578176032368324,0.618602500385508,0.536178254266729,0.704895643129158,"ZDHHC24"
"ENSG00000174171.6",26.7009972249373,-0.251059796830229,0.184732832573324,-1.35904264192224,0.174133076720927,0.349346943252174,"AC020659.1"
"ENSG00000174173.7",1052.00769730867,0.0883998744546322,0.0681148718592623,1.29780578075934,0.194354082703039,0.373873604635829,"TRMT10C"
"ENSG00000174175.17",489.953155256734,-0.218361294532973,0.161539535142209,-1.35175141082796,0.176454852600504,0.352074278294892,"SELP"
"ENSG00000174177.13",590.007240514925,0.220950381681016,0.0806599499024048,2.73928240655191,0.00615734580521788,0.0386057464958793,"CTU2"
"ENSG00000174197.16",2208.76131496711,-0.190629810950682,0.0797673380530126,-2.38982289748709,0.0168564990442908,0.0760953793466543,"MGA"
"ENSG00000174206.13",510.478070060033,0.12163437137818,0.0663083357238724,1.83437527198242,0.066598307660698,0.18804659969024,"C12orf66"
"ENSG00000174225.15",17.7046814248761,-0.391749843203418,0.150981489106346,-2.59468790195521,0.00946768464673688,0.0517173455306986,"ARL13A"
"ENSG00000174226.9",8.60230055407979,-1.3906196314997,0.25067201442646,-5.54756634752966,2.89673252093768e-08,5.32822739334686e-06,"SNX31"
"ENSG00000174227.16",2086.72579249627,0.0302128490235581,0.0539945291341064,0.559553893849475,0.575783760947148,0.735706507261797,"PIGG"
"ENSG00000174231.17",13500.2369042485,-0.0458763746163599,0.0600264273515835,-0.764269616574968,0.444706587712677,0.62949049424822,"PRPF8"
"ENSG00000174233.11",1783.40246230782,-0.16039272406491,0.0786594899477438,-2.03907658403919,0.0414423847925506,0.137794998192189,"ADCY6"
"ENSG00000174238.15",3708.41477900343,-0.0320596297595623,0.0524520469877361,-0.611217895214999,0.541055337823895,0.709159299325654,"PITPNA"
"ENSG00000174243.10",5918.59879156169,0.0708460972610262,0.0562551325650752,1.2593712614413,0.20789626470345,0.389723555223647,"DDX23"
"ENSG00000174255.8",10.6841026437536,-0.411592271470819,0.179938552472353,-2.28740459348787,0.0221722184302015,0.0909872634286574,"ZNF80"
"ENSG00000174276.7",397.816616838178,0.162279969268021,0.091611381520559,1.77139528489267,0.0764949921341549,0.20559843167211,"ZNHIT2"
"ENSG00000174279.4",1.66421174580066,0.113774886968659,0.516191633296469,0.220412109824557,0.825550215032269,0.904529826534237,"EVX2"
"ENSG00000174282.12",5090.83186912693,-0.0684431784978097,0.0786666477488227,-0.87004061386147,0.384278209576588,0.575776599370097,"ZBTB4"
"ENSG00000174292.12",571.130783051369,0.133211862124899,0.0775987343659482,1.71667570629031,0.0860384413305742,0.222207573285145,"TNK1"
"ENSG00000174306.21",1417.85561687341,-0.0346957177620121,0.0716631053530581,-0.484150353115162,0.62827916808325,0.775415604200333,"ZHX3"
"ENSG00000174307.7",2957.73978240971,0.212222365572898,0.114551289188877,1.85264056891562,0.0639338935735922,0.183159992470332,"PHLDA3"
"ENSG00000174325.6",2.4538368195378,0.246604713176585,0.271639709216664,0.907837495069212,0.363964085149777,0.556689313497107,"DIRC1"
"ENSG00000174326.14",126.348241076504,-0.178052808872387,0.170033294498698,-1.04716437682004,0.295023772030165,0.487552191114876,"SLC16A11"
"ENSG00000174327.7",320.504363900457,0.277604808984553,0.0927376128340768,2.993443550043,0.00275848532720016,0.0223349161830774,"SLC16A13"
"ENSG00000174332.5",16.3188313645251,0.213897920512911,0.167675710199122,1.2756643180989,0.202074207164848,0.382993087734219,"GLIS1"
"ENSG00000174343.6",223.971226245026,-0.3102395517468,0.351618688011436,-0.882318154081473,0.37760478187209,0.569159543773429,"CHRNA9"
"ENSG00000174348.14",1673.12086630634,0.00773971609351131,0.123961117449782,0.0624366434631954,0.950215114607443,0.97389691898312,"PODN"
"ENSG00000174353.17",39.4891607654516,-0.216986241160019,0.0785684768754036,-2.76174681996346,0.00574930422537519,0.036871779895794,"STAG3L3"
"ENSG00000174358.16",1.55985827904899,0.83782294268401,0.378818994343914,2.21167089083022,0.0269894132283565,0.103344800612835,"SLC6A19"
"ENSG00000174365.20",405.853406264153,-0.01074944443119,0.0714801641841213,-0.150383600176144,0.880461979292219,0.93613581185373,"SNHG11"
"ENSG00000174370.11",143.825537231046,0.0731879624206581,0.112076997438101,0.653015017297184,0.513746597161483,0.688130248603848,"C11orf45"
"ENSG00000174371.17",456.722695609088,0.507143626381814,0.159646419691549,3.17666770956505,0.00148977624030256,0.0144984274681067,"EXO1"
"ENSG00000174373.16",1145.63068831716,-0.441569244890189,0.109963124662448,-4.01561201762559,5.92917283355232e-05,0.0015034268937354,"RALGAPA1"
"ENSG00000174403.16",5.48175193781654,-0.179896781316763,0.199169533593165,-0.90323443586623,0.366401485211279,0.559074871394813,"MIR1-1HG-AS1"
"ENSG00000174405.14",744.888790799154,-0.11425672279577,0.0667066846391903,-1.71282268656841,0.0867451651183437,0.22339161372873,"LIG4"
"ENSG00000174417.3",2.61049910984893,0.478159482994,0.268605803624886,1.78015320793947,0.0750508907857937,0.20308423367516,"TRHR"
"ENSG00000174428.18",214.801521543862,-0.104799015875477,0.0755854481106422,-1.38649724907461,0.16559511969782,0.337588532245393,"GTF2IRD2B"
"ENSG00000174429.4",4.30036527678887,-0.692373909589078,0.237057987314641,-2.92069428848271,0.00349252353193754,0.0262981910741023,"ABRA"
"ENSG00000174437.17",18421.4731611415,-0.0340465750918259,0.0721265266743527,-0.472039576306569,0.636898540158055,0.780941478306891,"ATP2A2"
"ENSG00000174442.12",602.347649336172,0.0806830148515064,0.086120308877288,0.936863974402029,0.348828532423823,0.542486375653323,"ZWILCH"
"ENSG00000174444.15",49440.4356511513,0.173293632536556,0.0742607766509153,2.33358228060519,0.0196176053130737,0.0842349546848779,"RPL4"
"ENSG00000174446.13",874.914544758622,0.0832533330551125,0.0623760460922708,1.3347003901459,0.181974425842257,0.359018549387629,"SNAPC5"
"ENSG00000174450.12",1.13652391367473,0.375878347783498,0.546693359938381,0.68754877108049,0.491736978076309,0.669696441589403,"GOLGA6L2"
"ENSG00000174453.10",3.60108410612248,-0.52370811133162,0.306141571168747,-1.71067297176361,0.0871414998622469,0.224082950097612,"VWC2L"
"ENSG00000174456.15",660.867159613769,-0.439601189443598,0.0883015972173019,-4.9784058646389,6.41101108717964e-07,5.30949731655402e-05,"C12orf76"
"ENSG00000174460.4",46.1375761975249,0.0011656700111839,0.215645044935439,0.00540550334246208,0.995687053343358,0.997905086455354,"ZCCHC12"
"ENSG00000174469.23",284.956660493617,0.174287221973288,0.26019272868307,0.66983894152392,0.502960466365513,0.679009886326874,"CNTNAP2"
"ENSG00000174473.16",83.7565927356554,-0.317974909116921,0.243279768350619,-1.30703391931322,0.191201191923437,0.370117957077009,"GALNTL6"
"ENSG00000174482.10",19.245133610842,0.697537861064331,0.287656167523457,2.4249014615946,0.0153125423762662,0.0713306944638354,"LINGO2"
"ENSG00000174483.20",34.7297275004617,-0.385625735829959,0.110894469529459,-3.47741179038255,0.0005062796064016,0.00680573022721974,"BBS1"
"ENSG00000174485.16",1330.70687068337,-0.176954070815699,0.0777266943653618,-2.27661902079496,0.0228089860313802,0.0926524611935996,"DENND4A"
"ENSG00000174498.14",6.37334730459218,0.569198874316158,0.202259444240446,2.81420171232892,0.0048898534758836,0.0329084074737402,"IGDCC3"
"ENSG00000174500.13",134.755037689329,-0.223810962071952,0.11463162247776,-1.95243648510144,0.05088640488545,0.157508467632139,"GCSAM"
"ENSG00000174501.14",247.526302622444,-0.194109247556826,0.187568637146225,-1.03487049066471,0.300729397451131,0.493704476638351,"ANKRD36C"
"ENSG00000174502.19",2274.81883433994,-0.230900109304801,0.222620245509557,-1.03719277092832,0.299646026458979,0.492623335089566,"SLC26A9"
"ENSG00000174514.13",1838.50126319965,-0.0677419138183716,0.189321855853717,-0.357813489165844,0.720482895145615,0.839576989409649,"MFSD4A"
"ENSG00000174516.15",425.88376263036,0.134453311072545,0.0727823979720337,1.84733280049673,0.0646989219220546,0.184514408733164,"PELI3"
"ENSG00000174521.7",10.3009920110971,0.0938717111368756,0.140709897441885,0.667129411956581,0.5046894745828,0.680643891816392,"TTC9B"
"ENSG00000174527.10",16.7714221803765,-0.402276071663542,0.133054940736731,-3.02338319371023,0.00249965505028932,0.0208993007506987,"MYO1H"
"ENSG00000174529.7",119.783097954913,0.115809861135212,0.0814970353052325,1.42103158355966,0.155307577836054,0.32445362603829,"TMEM81"
"ENSG00000174547.13",1878.80051753118,0.163681732535389,0.085881062350494,1.90591182800439,0.0566616462043578,0.169035500634559,"MRPL11"
"ENSG00000174564.13",425.450960714144,1.15682268978876,0.238174044145301,4.85704768519202,1.19148908039405e-06,8.45804817773117e-05,"IL20RB"
"ENSG00000174567.8",618.746047483665,0.00963319550181101,0.14234347988921,0.0676757060408303,0.946043788734012,0.971818446723896,"GOLT1A"
"ENSG00000174574.16",3283.45162542207,-0.00488996085574361,0.0538449736104546,-0.0908155493049433,0.927639154549463,0.961940499492208,"AKIRIN1"
"ENSG00000174576.10",3.37023990028376,-0.16130930289696,0.197651346157187,-0.816130555309626,0.414425469749524,0.603378981255561,"NPAS4"
"ENSG00000174579.4",1570.25872772948,-0.110710014416235,0.0516155646077346,-2.14489592931132,0.031961168785853,0.115498012850038,"MSL2"
"ENSG00000174586.11",37.2491271552228,0.021449795846283,0.101986196245543,0.210320579018754,0.833417474744993,0.909200078205814,"ZNF497"
"ENSG00000174599.5",129.725208046466,-0.0634543504923226,0.114082347749558,-0.556215328173489,0.578063661863554,0.737402716365504,"TRAM1L1"
"ENSG00000174600.14",1086.32953931123,-0.0496483651863526,0.126265304052171,-0.393206713111295,0.694166811891787,0.821370283552378,"CMKLR1"
"ENSG00000174606.14",1417.75067038654,-0.0719777886746951,0.0553988826501428,-1.29926426728228,0.193853252737778,0.373363203945323,"ANGEL2"
"ENSG00000174607.11",618.303547974779,-0.0667510809472413,0.188026553155629,-0.355008799698581,0.722582998868332,0.840870279642039,"UGT8"
"ENSG00000174611.12",22.3544262558549,0.0201614685393252,0.181611312652953,0.111014386960863,0.911604938107785,0.952906223058791,"KY"
"ENSG00000174628.16",239.925746865114,-0.0260934175368494,0.0764673608671045,-0.341236015483758,0.732925912197575,0.847282550676526,"IQCK"
"ENSG00000174640.15",3740.93702419079,0.103632232431355,0.149455364666567,0.693399214290888,0.488059055208707,0.666705650954516,"SLCO2A1"
"ENSG00000174652.19",1287.73638695462,-0.304946503199907,0.0672692324288883,-4.53322406379874,5.80901371048993e-06,0.000268237855011569,"ZNF266"
"ENSG00000174669.12",955.628137652647,-0.133530173594737,0.10248254552029,-1.30295527806049,0.192590030150783,0.37190730868426,"SLC29A2"
"ENSG00000174672.16",86.4771117071458,-0.42240491689183,0.193007117158258,-2.18854580655425,0.0286298684406897,0.107308111557974,"BRSK2"
"ENSG00000174680.10",5.75254059476912,-0.222058683148982,0.160663425204639,-1.38213587109912,0.166929986163572,0.339162323284058,"GRIK1-AS1"
"ENSG00000174684.7",1058.07556432676,0.04299573550321,0.0812405891904762,0.529239582475238,0.59663926141568,0.75187974299982,"B4GAT1"
"ENSG00000174695.10",5384.79633581144,0.00470957290097115,0.061407783300752,0.0766934197560178,0.938867439398095,0.968120719171208,"TMEM167A"
"ENSG00000174697.5",12.6036599022966,0.0230721264593499,0.229262874384385,0.100636121401265,0.919839321520888,0.957795515671129,"LEP"
"ENSG00000174705.13",3160.53445355346,0.152566523295104,0.10010742961985,1.52402797549056,0.127501722956056,0.286315584943747,"SH3PXD2B"
"ENSG00000174715.7",4.07240673291331,0.00697246473052234,0.155816413988316,0.0447479476138192,0.964308215280898,0.982336252718528,"PPIAP72"
"ENSG00000174718.12",2674.39905301086,-0.106688775077026,0.100856218438706,-1.05783041173475,0.29013276528209,0.482462921659089,"RESF1"
"ENSG00000174720.16",1330.50093259284,-0.0208139694466892,0.0345277764701173,-0.602818124263026,0.546629688258262,0.713572075407086,"LARP7"
"ENSG00000174721.10",62.2196737720326,-0.0124289173050574,0.0945391093745758,-0.131468525431231,0.895404683503752,0.94454257241185,"FGFBP3"
"ENSG00000174738.13",2149.26699193409,-0.0680370404383401,0.0798604361320276,-0.851949272176015,0.394242247838732,0.585046006565407,"NR1D2"
"ENSG00000174740.8",36.2697093456769,0.117742902898865,0.128408520002056,0.916939957698911,0.359174104026879,0.552255273881997,"PABPC5"
"ENSG00000174744.14",2177.26063966668,0.11233825881718,0.0741008310254549,1.51601887944536,0.129514578618307,0.289146423799516,"BRMS1"
"ENSG00000174748.22",29537.9415668267,0.1250969664385,0.0776284845791545,1.61148278388643,0.107074536639952,0.255451991999563,"RPL15"
"ENSG00000174749.6",675.081050333636,0.0894013361869855,0.0912280408050177,0.979976500625105,0.327097718526445,0.520706911298697,"FAM241A"
"ENSG00000174775.17",1151.73434629459,0.13238724142045,0.0843230592248574,1.57000045583527,0.116415005229323,0.269377590290509,"HRAS"
"ENSG00000174776.11",90.853420246784,-0.880101442749208,0.212115849092204,-4.14915456113153,3.33705446945097e-05,0.000975421900363752,"WDR49"
"ENSG00000174780.17",5450.95511041466,0.253134198800194,0.0580093482209736,4.36367941656466,1.27892957388016e-05,0.000478091677888392,"SRP72"
"ENSG00000174788.10",23.8029227964389,-0.6332249477755,0.16414075980085,-3.85781659926385,0.000114404438632315,0.00242602992062781,"PCP2"
"ENSG00000174791.11",414.316958727715,0.450564460949142,0.121729271441818,3.70136496844552,0.00021444276733005,0.00379354041058415,"RIN1"
"ENSG00000174792.11",12.6902474273703,0.768745887236788,0.233188917128613,3.29666562503394,0.000978399077587892,0.0108507811978187,"ODAPH"
"ENSG00000174796.12",625.39512805663,-0.052174680907523,0.0583742953021752,-0.893795473460368,0.371431331525006,0.56360938452721,"THAP6"
"ENSG00000174799.11",506.983880318131,0.00788472440311093,0.0721560454495016,0.109273233503755,0.912985776013671,0.953840507133497,"CEP135"
"ENSG00000174804.4",1693.14637699362,-0.0752717174300546,0.125254313632188,-0.600951098986432,0.547872557255985,0.714433219203141,"FZD4"
"ENSG00000174807.4",1562.58093596221,0.340533770935393,0.120103930413549,2.83532578628231,0.00457789755448112,0.0314840626567808,"CD248"
"ENSG00000174808.12",497.279086459938,-0.198093977274853,0.136209542882943,-1.45433258993529,0.145854119190973,0.3116165815456,"BTC"
"ENSG00000174827.14",19.998440071153,0.0383605603834933,0.136528878706697,0.280970302743808,0.778733177645338,0.876986898601165,"PDZK1"
"ENSG00000174837.15",164.171099724114,0.392232221563389,0.196777819259334,1.99327456234518,0.0462313902833275,0.148055182445443,"ADGRE1"
"ENSG00000174839.13",1201.01354807291,-0.0405153251124783,0.0516770417713343,-0.784010146938258,0.433034156393707,0.618968150816404,"DENND6A"
"ENSG00000174840.9",1412.60157654309,-0.0343201052782571,0.0460171545321829,-0.74581111385874,0.455781525335359,0.638942543807026,"PDE12"
"ENSG00000174842.17",353.894017828801,-0.0730334656034212,0.0782548571345447,-0.933277093303661,0.350676919075496,0.544194966550536,"GLMN"
"ENSG00000174844.14",219.186548998422,-1.42558560586598,0.238078375789344,-5.98788361664296,2.12589090330567e-09,7.45024061513216e-07,"DNAH12"
"ENSG00000174851.16",3561.75018469022,0.152277902192869,0.0879056871313267,1.73228726334137,0.0832224285631339,0.21744814896817,"YIF1A"
"ENSG00000174871.11",67.8637626970493,-0.0535080268650671,0.149750454650484,-0.35731462044609,0.720856285943299,0.839964592185015,"CNIH2"
"ENSG00000174876.16",4.6166034152844,-0.252896649326301,0.250152816619603,-1.01096862607336,0.312031446165826,0.506087735041597,"AMY1B"
"ENSG00000174885.13",30.0117693521403,-0.0386805293102951,0.142700084773111,-0.271061712204279,0.786343568735274,0.88139896854641,"NLRP6"
"ENSG00000174886.14",307.314069096924,0.015427738045034,0.0842999362705042,0.183010079575019,0.854790109831122,0.922251334250646,"NDUFA11"
"ENSG00000174891.13",904.460876418196,0.090070414707357,0.0684327575789896,1.31618858999496,0.188110752382321,0.366319185900912,"RSRC1"
"ENSG00000174898.16",34.6224741205707,-0.427134610354462,0.283693900261471,-1.50561788590022,0.132165294296013,0.292740279621926,"CATSPERD"
"ENSG00000174899.12",98.5168605145808,0.464889745074738,0.159041895695557,2.9230646619344,0.00346604528900423,0.0261488886940443,"SLC66A1L"
"ENSG00000174903.16",3305.67322607076,0.138177043496479,0.0729733537027178,1.89352738342534,0.0582877701658783,0.172128324652527,"RAB1B"
"ENSG00000174912.7",29.6973838197544,0.0213653832979907,0.0917019075387812,0.232987337683844,0.81577123829528,0.899290481658381,"METTL15P1"
"ENSG00000174915.12",1212.40268958808,0.0594871541491348,0.0745245397965985,0.798222361540164,0.424741463002316,0.612452576020448,"PTDSS2"
"ENSG00000174917.9",1614.32018096344,0.220071686977314,0.0942047808828687,2.33609892104037,0.0194860865354729,0.083852351104108,"MICOS13"
"ENSG00000174928.16",66.1904111941519,0.146477754241311,0.0840223642891668,1.74331864475036,0.0812779703154964,0.214344031455767,"C3orf33"
"ENSG00000174938.14",4211.9626306469,0.127061390610523,0.138462057009257,0.917662162147632,0.358795762879302,0.551900147925642,"SEZ6L2"
"ENSG00000174939.11",503.588098426302,0.184177120579913,0.18589127347203,0.990778733933553,0.321793635626591,0.515641118107334,"ASPHD1"
"ENSG00000174943.11",912.94918631539,0.0482008666639647,0.0732018286973239,0.658465335111592,0.510239164711637,0.685328857965871,"KCTD13"
"ENSG00000174944.9",206.622970186854,-0.0922321761706929,0.127292506060914,-0.724568782757378,0.468716615923412,0.649943836830354,"P2RY14"
"ENSG00000174945.13",72.5076652208136,0.15317716025159,0.162979372313918,0.939856118457448,0.34729136863902,0.541084436722539,"AMZ1"
"ENSG00000174946.7",268.603580732704,-0.837281164115774,0.169132279459313,-4.95045160387134,7.40414682630252e-07,5.92563125692523e-05,"GPR171"
"ENSG00000174950.11",175.787777860922,-0.641368048549086,0.173055498207999,-3.70614083453281,0.000210441310220069,0.00373466020317525,"CD164L2"
"ENSG00000174951.11",457.310772120119,-0.172803666316042,0.105898942423956,-1.63177896172219,0.102726058813709,0.248774258069548,"FUT1"
"ENSG00000174953.14",2705.96227466475,-0.00120323772186974,0.057561025221529,-0.0209036881681479,0.983322484535117,0.991825878443792,"DHX36"
"ENSG00000174963.18",18.5486357502971,-0.476539504471352,0.525275602966619,-0.9072180428331,0.364291504221802,0.55699069723334,"ZIC4"
"ENSG00000174977.8",149.059501967509,-0.0693588619326511,0.0900336488326529,-0.770366000178107,0.441082815813593,0.626304865734719,"AC026271.1"
"ENSG00000174989.13",741.228518423667,-0.0582738407687282,0.048226667908707,-1.20833230442212,0.226919467348316,0.412502846281722,"FBXW8"
"ENSG00000174990.8",8.69072132660041,-0.603834689903928,0.27222504377847,-2.21814525777178,0.026544929835694,0.102287077432843,"CA5A"
"ENSG00000174992.8",7.22467067590187,0.592756893604292,0.269190606362242,2.20199694786762,0.0276655240648505,0.104914309934336,"ZG16"
"ENSG00000174996.12",1336.29108356541,0.12969702368262,0.081257279967316,1.59612804827811,0.11046020766151,0.260579018895675,"KLC2"
"ENSG00000175003.15",15.76116033696,-0.149252816367574,0.129948199673604,-1.14855624581531,0.25073900768805,0.440682773740076,"SLC22A1"
"ENSG00000175029.17",3208.15282209372,0.183542338972466,0.0570893007212325,3.21500415408317,0.00130442634546673,0.0132373456614578,"CTBP2"
"ENSG00000175040.6",1050.65446251058,0.458197458883499,0.139414729200663,3.2865785524283,0.00101412484830537,0.0111099896593059,"CHST2"
"ENSG00000175048.17",427.970952886211,0.0882614494090136,0.0951780144754438,0.92733022321857,0.353755106871356,0.54733566191412,"ZDHHC14"
"ENSG00000175054.16",1631.99368443032,-0.114313493342103,0.091568040551114,-1.2483994705368,0.21188480282309,0.394481646268662,"ATR"
"ENSG00000175061.18",8347.19347165762,0.208470695409082,0.113123754079484,1.84285517312839,0.0653501587230466,0.185719405408996,"SNHG29"
"ENSG00000175063.17",1893.56681701088,0.129492175487237,0.185246088079698,0.699027854404818,0.484534623539771,0.663696041151509,"UBE2C"
"ENSG00000175065.12",3.95777856849515,0.503763988900798,0.408512092882585,1.23316787355323,0.21751313872546,0.40130171328399,"DSG4"
"ENSG00000175066.16",1231.411325818,-0.118691661707469,0.0787614125392896,-1.5069773113612,0.131816472928038,0.292195987684276,"GK5"
"ENSG00000175073.8",1840.28449614467,-0.106281932221363,0.071416540359779,-1.48819771562639,0.136698759528842,0.298590198201924,"VCPIP1"
"ENSG00000175077.6",1.54404663453314,-0.503962088773314,0.35439425029689,-1.42203799398869,0.155015221507611,0.324056371320665,"RTP1"
"ENSG00000175084.12",740.615812698522,0.196218787052617,0.225885978631264,0.868662978736385,0.385031496341975,0.576542844639443,"DES"
"ENSG00000175087.10",910.469850147532,-0.205830223981568,0.0770582973260247,-2.671097482348,0.00756036869926483,0.0443262518510245,"PDIK1L"
"ENSG00000175093.5",25.3117745585735,0.174693449701033,0.172369977958502,1.01347956163857,0.310831153680861,0.504780332642159,"SPSB4"
"ENSG00000175104.15",816.081645745438,-0.0856173802837477,0.055401521513389,-1.54539763430606,0.122250112189597,0.278160512094919,"TRAF6"
"ENSG00000175105.8",774.774681091084,-0.127752589664491,0.0676187285068194,-1.88930777738015,0.0588506000237721,0.173298516415306,"ZNF654"
"ENSG00000175106.17",169.863736863947,-0.435376074595233,0.126508783735938,-3.44146913548702,0.000578564471992797,0.00743138386036118,"TVP23C"
"ENSG00000175110.12",766.424799530871,0.154103150065395,0.058807482401841,2.62046841271631,0.00878090643314338,0.0491993803228951,"MRPS22"
"ENSG00000175115.13",5826.96240989313,0.102399047214391,0.0762264057621501,1.34335400168162,0.179157373813367,0.355234166977697,"PACS1"
"ENSG00000175121.11",4.73493203536039,-0.554560728893013,0.326289234036567,-1.69959861081676,0.089206451844967,0.22742342102251,"WFDC5"
"ENSG00000175130.7",8525.12797097854,0.242320044663931,0.113348575964399,2.13783051619493,0.0325305012996578,0.116694104058777,"MARCKSL1"
"ENSG00000175137.11",1823.72502385868,0.13291631990599,0.0589590887290713,2.25438219570807,0.0241721343783605,0.0963020024045711,"SH3BP5L"
"ENSG00000175147.13",111.851157401826,0.012095728356315,0.120208226691256,0.100623132785926,0.919849632597504,0.957795515671129,"TMEM51-AS1"
"ENSG00000175155.11",1217.64447668292,-0.0746545768271669,0.0644528947411556,-1.15828120873363,0.246749297293381,0.435960027445162,"YPEL2"
"ENSG00000175161.14",65.0874205740433,-0.193796221836051,0.254982588329807,-0.760037079807919,0.447232420924706,0.631830136206663,"CADM2"
"ENSG00000175164.15",1563.60799085276,-0.0502702157876689,0.163882422068765,-0.306745623802018,0.759036999960429,0.864070944391799,"ABO"
"ENSG00000175166.17",10562.4175595166,0.300202493989795,0.0719527450216092,4.17221738933848,3.01649627551074e-05,0.000896950030070066,"PSMD2"
"ENSG00000175170.16",50.1017211937949,-0.440904803063211,0.169916744704492,-2.59482844866175,0.00946381422482479,0.0517173455306986,"FAM182B"
"ENSG00000175175.6",104.098986122728,-1.27080103809,0.191263997684373,-6.64422501608013,3.04816605544023e-11,2.47518518253101e-08,"PPM1E"
"ENSG00000175182.15",872.07128391404,0.133201383311456,0.060046554748995,2.21830184709616,0.0265342583275779,0.102281470707427,"FAM131A"
"ENSG00000175183.10",556.050892625617,0.167421982058099,0.110218757790532,1.5189971781054,0.128763206281307,0.288060302830503,"CSRP2"
"ENSG00000175189.4",8.23068755992654,0.127684719382492,0.182369347792827,0.700143532495071,0.483837671777046,0.663033859085128,"INHBC"
"ENSG00000175193.14",315.84706490946,0.154229479097098,0.0717938230989234,2.14822769480583,0.0316956716293791,0.114900260840257,"PARL"
"ENSG00000175197.12",564.808633537105,0.0434045832669656,0.107556083243919,0.403553029804288,0.686541431449797,0.81655708904005,"DDIT3"
"ENSG00000175198.17",754.709307991075,-0.0465862141217723,0.0939068820019743,-0.496089457222026,0.619831297173145,0.768811432862139,"PCCA"
"ENSG00000175203.17",5081.81317052377,0.129575642755789,0.0647112891968168,2.00236534249363,0.0452454530695971,0.146163096162051,"DCTN2"
"ENSG00000175206.10",8.2232238431978,-0.216397944554146,0.154046304176767,-1.40475908013886,0.160092930893517,0.330888434338084,"NPPA"
"ENSG00000175213.3",586.295909413093,0.125022700920092,0.0671816008875103,1.86096638467178,0.0627489239251378,0.180921444898208,"ZNF408"
"ENSG00000175215.11",12781.9575701744,-0.00587077582217152,0.0703299554612714,-0.0834747552969003,0.933474049677027,0.965110497614051,"CTDSP2"
"ENSG00000175216.15",4710.84020632215,0.0676016376392661,0.0703432875490174,0.961024711734707,0.336539742787857,0.52993509230649,"CKAP5"
"ENSG00000175220.12",6375.70493468859,0.0591566409005383,0.0631143434434238,0.937293136124704,0.348607792683737,0.542295019848424,"ARHGAP1"
"ENSG00000175221.15",2453.62834212928,0.0834158157899165,0.0754271091237636,1.1059129371251,0.268764204646222,0.460550287360688,"MED16"
"ENSG00000175224.16",3374.6830685181,0.0525267186117115,0.045186824493663,1.16243438657828,0.245059062290962,0.434022308801629,"ATG13"
"ENSG00000175229.7",2.55628217725638,-1.57705917896123,0.31277731520215,-5.04211495626518,4.60414542597238e-07,4.15865185255348e-05,"GAL3ST3"
"ENSG00000175262.14",55.5701088367779,0.0390857152581207,0.165537040591565,0.236114618930263,0.813343730342522,0.897927821223942,"C1orf127"
"ENSG00000175264.8",341.503001941556,0.0356478885588687,0.165890019192057,0.214888687893861,0.829854104630403,0.907358856560593,"CHST1"
"ENSG00000175265.17",1160.1631562326,-0.40866558785386,0.151528834205985,-2.69694932977792,0.00699779175339029,0.0421831397511539,"GOLGA8A"
"ENSG00000175267.15",157.267695592231,-0.678693464540993,0.249689009925943,-2.71815513523119,0.00656470503491968,0.0403766349025644,"VWA3A"
"ENSG00000175274.19",5692.60492949376,-0.00266799379778967,0.0937430459517265,-0.028460711626157,0.97729470290632,0.988638222596096,"TP53I11"
"ENSG00000175279.22",61.0455308442492,-0.0299021387866682,0.0920929619575282,-0.324695157491607,0.745411800020823,0.854973447163498,"CENPS"
"ENSG00000175283.8",926.073009611896,0.131893132477796,0.0605454301174781,2.17841597989939,0.0293750812556476,0.109137884191974,"DOLK"
"ENSG00000175287.19",648.829746842823,-0.014581151961891,0.160130463636754,-0.0910579513150441,0.927446543773974,0.961940499492208,"PHYHD1"
"ENSG00000175294.6",157.110557261847,0.186721409809388,0.184598745409976,1.01149880187267,0.311777754279723,0.505799472431285,"CATSPER1"
"ENSG00000175305.17",194.805329597816,-0.152606009999355,0.128698302181276,-1.18576552614039,0.235714909215214,0.423054257277743,"CCNE2"
"ENSG00000175309.15",1612.84378877414,-0.125473002195209,0.0770066922154224,-1.62937789671844,0.103233044975221,0.249578484607676,"PHYKPL"
"ENSG00000175311.7",86.6220500518115,0.0433163323327522,0.367035132196073,0.118016855971194,0.906054302085012,0.95018121102547,"ANKS4B"
"ENSG00000175315.3",708.091485906143,0.256107947774764,0.204339457065623,1.25334554301236,0.210079980716173,0.392380775931375,"CST6"
"ENSG00000175318.12",1136.63363706238,-0.0127220630165979,0.156403508026304,-0.0813412894451086,0.935170538531852,0.965984075558963,"GRAMD2A"
"ENSG00000175322.12",175.115098527419,-0.0880190697316909,0.110832820512832,-0.794160694678885,0.427101887246405,0.614392634466582,"ZNF519"
"ENSG00000175324.10",466.306473495282,-0.0318401881570331,0.0841289887798054,-0.37846868979217,0.705082448942335,0.828397853429691,"LSM1"
"ENSG00000175329.13",9.30930164139779,-0.00158981998939988,0.507933676825803,-0.00312997554982974,0.99750264491076,0.998783623464301,"ISX"
"ENSG00000175334.8",4947.33173358508,0.152145035419871,0.0874120661830623,1.74054958386685,0.0817625614813641,0.215068417429016,"BANF1"
"ENSG00000175336.10",3.30385884595663,-0.638242855290984,0.296916035760687,-2.14957354410256,0.0315889629472651,0.114630796521989,"APOF"
"ENSG00000175344.19",14.6618354867521,0.0164261106271374,0.181424419032214,0.0905396898320552,0.927858355525704,0.962012650821129,"CHRNA7"
"ENSG00000175348.11",3115.48409160815,-0.0173353693087073,0.0624702897809267,-0.277497821276316,0.781397878527851,0.878831009482868,"TMEM9B"
"ENSG00000175352.11",351.144928195179,0.0371941737937723,0.153463129200084,0.242365537491934,0.808496935507326,0.894533231545293,"NRIP3"
"ENSG00000175354.20",1973.43695334275,-0.0290419215141678,0.0522497729883414,-0.555828663995306,0.578327988334803,0.737626851918576,"PTPN2"
"ENSG00000175356.14",771.469365057077,-0.622682156979528,0.186302291553711,-3.34232151299121,0.000830807675343325,0.00967678608607307,"SCUBE2"
"ENSG00000175376.9",1369.62968046091,0.0972388644103652,0.0510984140155899,1.90297226017031,0.0570441649643624,0.169826646173524,"EIF1AD"
"ENSG00000175387.16",4391.87401545832,-0.0165133622557081,0.0717667846618253,-0.230097563009423,0.818015958530633,0.90081054832006,"SMAD2"
"ENSG00000175390.15",6011.70054024041,0.0654112174616493,0.0547520538944629,1.19468061577621,0.232211838771667,0.418867028673408,"EIF3F"
"ENSG00000175395.16",559.909527974672,-0.157583375990594,0.0715266106340458,-2.20314334194924,0.0275846471887125,0.104753696686872,"ZNF25"
"ENSG00000175414.7",325.13837397299,0.0115650871109537,0.107775900553993,0.107306800977831,0.914545589298287,0.954836037713699,"ARL10"
"ENSG00000175416.16",2951.99148109179,0.371240340382897,0.0897871725694692,4.13467012891697,3.55464844458463e-05,0.00102221005471501,"CLTB"
"ENSG00000175426.11",941.313676826113,-1.009206091072,0.334621605873365,-3.01596212963584,0.00256165251650213,0.0212575018025687,"PCSK1"
"ENSG00000175445.17",3266.22789503834,-0.0172538761325361,0.20006811830866,-0.086240008045246,0.931275627338819,0.963665054422556,"LPL"
"ENSG00000175449.14",42.8899076812549,-0.0181546846896869,0.0905801759033616,-0.200426688385501,0.841146888618885,0.913508648177755,"RFESD"
"ENSG00000175455.16",2092.44740772613,-0.355498088232574,0.10042645098628,-3.5398850077968,0.000400301411137337,0.00580454480879588,"CCDC14"
"ENSG00000175463.12",632.372997281785,-0.0905986962077591,0.122523597452227,-0.739438753772184,0.459640617223067,0.642139023507514,"TBC1D10C"
"ENSG00000175467.15",3392.80470097,0.101555727042559,0.0776526978081214,1.3078196882934,0.190934474682951,0.369816828531007,"SART1"
"ENSG00000175470.20",1449.10723658561,0.0754748393408573,0.0461375007337189,1.63586752946281,0.101867315022719,0.24738992771547,"PPP2R2D"
"ENSG00000175471.19",792.887053868401,0.149944173086748,0.113372349595932,1.32258150793523,0.185974587178056,0.363957908001353,"MCTP1"
"ENSG00000175482.9",393.503067338511,0.176673149488161,0.0758636016590745,2.32882628328296,0.0198682704216532,0.0849132640754943,"POLD4"
"ENSG00000175489.10",516.28907886672,0.124157286518126,0.119136977907953,1.04213896221249,0.297347256876525,0.490054067778334,"LRRC25"
"ENSG00000175497.17",186.65448040053,0.259220244099856,0.260474438013934,0.99518496354713,0.319646313548053,0.513384042648715,"DPP10"
"ENSG00000175505.11",840.061127274854,0.0691252779192446,0.136535225413772,0.506281640578534,0.612658949593985,0.764142449662179,"CLCF1"
"ENSG00000175509.8",1.48439529094015,0.0084450147381966,0.263890602429285,0.0320019533111627,0.97447049317961,0.987341249868491,"ACRP1"
"ENSG00000175513.9",3.97117506989438,-0.3433257069953,0.150884553463833,-2.27541984327505,0.02288075612537,0.0927837906749909,"TSGA10IP"
"ENSG00000175518.8",24.640180788248,-0.22894670622484,0.126450961277726,-1.81055726197289,0.0702094129029932,0.194401362589766,"UBQLNL"
"ENSG00000175536.7",113.035827142956,-0.0334600915183422,0.0899110083250547,-0.372146772032343,0.709783574100134,0.832041989103051,"LIPT2"
"ENSG00000175538.11",579.150336544928,0.117022607423805,0.133930584310498,0.873755669970835,0.38225132665563,0.57351480028598,"KCNE3"
"ENSG00000175544.14",207.539373966148,-0.101982694727757,0.169395130716217,-0.602040296533705,0.547147314389124,0.713939860394165,"CABP4"
"ENSG00000175548.9",621.695506913943,-0.138602451830961,0.0749595151787741,-1.84903079349435,0.0644533663699408,0.184072952940296,"ALG10B"
"ENSG00000175550.8",3113.51179957186,0.196683912354492,0.0885254081413741,2.22177922117444,0.0262982296405485,0.101735323836931,"DRAP1"
"ENSG00000175556.17",410.98917043453,-0.0468727651085856,0.107789705086086,-0.434853820883457,0.663668535776521,0.800932923759311,"LONRF3"
"ENSG00000175564.13",60.6952419857641,-0.15798890300896,0.100328258111651,-1.5747198843335,0.11532111597057,0.267926442010341,"UCP3"
"ENSG00000175567.11",7599.12473332079,-0.0420645799937856,0.107023198341338,-0.393041701665704,0.694288681314253,0.821426903589035,"UCP2"
"ENSG00000175573.7",1503.09805740465,0.146037614520682,0.0679706365578123,2.1485397506388,0.0316709020942555,0.114847984252701,"C11orf68"
"ENSG00000175575.13",982.265453961589,-0.0894047433971764,0.0620199022896785,-1.44154924623374,0.149429575162647,0.316392701977234,"PAAF1"
"ENSG00000175581.14",1024.20858273732,-0.14007042822087,0.0840584914685813,-1.66634477699643,0.0956447630529337,0.238025197811431,"MRPL48"
"ENSG00000175582.20",6319.31254567895,-0.0319050022918285,0.051884827596181,-0.614919693675091,0.538607756335344,0.706897466459282,"RAB6A"
"ENSG00000175591.12",490.869052065506,0.119145772723627,0.112846070533745,1.05582562299321,0.291047889584944,0.48345344449192,"P2RY2"
"ENSG00000175592.9",783.145752113289,0.671541841714457,0.20873979339173,3.21712420426809,0.00129482530922676,0.0131669575504235,"FOSL1"
"ENSG00000175595.15",503.971721690981,-0.0363907723795584,0.0630895390857934,-0.576811511177341,0.564066792536663,0.72697739419196,"ERCC4"
"ENSG00000175600.16",209.932141549204,0.0998981032173293,0.155554836525072,0.642205060600786,0.520740047638428,0.69370192085572,"SUGCT"
"ENSG00000175602.4",735.968501965499,0.476024104615276,0.117672574644065,4.04532752049616,5.22500232922644e-05,0.00136436080428969,"CCDC85B"
"ENSG00000175604.2",5.52640051728888,-0.910001432799749,0.228387369081801,-3.98446479968783,6.76323810146113e-05,0.00165808899935159,"AC007601.1"
"ENSG00000175606.11",1446.9899300392,-0.0661473101316122,0.0813821905304457,-0.812798349374314,0.416333682072559,0.604940308001645,"TMEM70"
"ENSG00000175611.12",123.297533630031,-0.246554966697517,0.085962214288556,-2.8681784053385,0.00412842665989876,0.029377020070837,"LINC00476"
"ENSG00000175634.15",1642.4159813234,0.0207676521855212,0.0714546713894354,0.290640930560513,0.771325952645466,0.872007706252351,"RPS6KB2"
"ENSG00000175643.10",677.207392532939,0.180046519248161,0.115339105187372,1.56101886654721,0.118519299445524,0.272749224886973,"RMI2"
"ENSG00000175662.18",2318.24402044449,-0.0270791711428845,0.0932265400322766,-0.29046633215723,0.771459504047568,0.872044271961147,"TOM1L2"
"ENSG00000175664.10",12.0186337649574,-0.661948158360418,0.262382363615957,-2.52283785098184,0.0116412065403145,0.0593344693194081,"TEX26"
"ENSG00000175691.9",177.861726866442,-0.214122934442062,0.0666482346853836,-3.21273227194749,0.0013147878775452,0.0133049339839248,"ZNF77"
"ENSG00000175697.11",53.9579011197321,-0.174643629302737,0.174835876613271,-0.99890041269413,0.317842936301928,0.511625241903984,"GPR156"
"ENSG00000175701.10",636.579737232184,0.199019113072122,0.106489926483687,1.86890084014293,0.0616366114201261,0.178922984044839,"MTLN"
"ENSG00000175707.9",906.969544327687,0.102068878809033,0.0794729501124584,1.28432225888934,0.199029221655813,0.37968598880283,"KDF1"
"ENSG00000175711.8",338.514122174789,0.0384053710529846,0.0827116469521609,0.464328452741337,0.642412441843222,0.785076438948955,"B3GNTL1"
"ENSG00000175727.14",5633.23364351461,-0.0273060104351296,0.0680613769116783,-0.401196856046036,0.688275195281619,0.817390822090814,"MLXIP"
"ENSG00000175728.4",3.04185800405804,0.517189588255565,0.343202480383335,1.50695177866401,0.131823017902196,0.292195987684276,"LINC02873"
"ENSG00000175730.8",10.1230698488259,0.0176528187332788,0.0997382141628218,0.176991526081074,0.859515045706511,0.924676494857943,"BAK1P1"
"ENSG00000175741.5",50.4852530419338,0.182774840295931,0.072044908275721,2.53695708233035,0.0111820661701861,0.0578350984937093,"RWDD4P2"
"ENSG00000175745.14",1319.79446513565,-0.0472467345533281,0.104358973724667,-0.452732839994962,0.650741129179416,0.791188854901592,"NR2F1"
"ENSG00000175746.6",13.8065500638176,-0.195244978521697,0.229882539590817,-0.849324959038759,0.395700496278355,0.586272841779526,"C15orf54"
"ENSG00000175749.11",4.46560455612843,-0.154832356129949,0.170881135989109,-0.906082202893462,0.36489234448026,0.557647960742773,"EIF3KP1"
"ENSG00000175756.13",3160.65094472507,0.218520205896496,0.0907469857623051,2.40801613476032,0.0160394721406551,0.0736289461952172,"AURKAIP1"
"ENSG00000175764.14",172.034077429967,0.014589718734801,0.0795687837111421,0.183359831008174,0.854515691694371,0.922214364276984,"TTLL11"
"ENSG00000175766.13",6.83319990737835,-1.60405928178446,0.462204110878469,-3.47045654513062,0.000519574406945454,0.00692204511021808,"EIF4E1B"
"ENSG00000175768.13",61.4020637056332,-0.170783895221795,0.101698845092674,-1.67931007541106,0.0930916284002276,0.233750628578986,"TOMM5"
"ENSG00000175772.11",84.8399803624577,-0.0435192147354622,0.122856287013663,-0.354228634067561,0.723167546139747,0.841225455544446,"LINC01106"
"ENSG00000175773.13",23.8346427662402,-0.0398952894986579,0.111178706751135,-0.358839301737522,0.719715309520684,0.839104979684554,"ZBTB44-DT"
"ENSG00000175779.4",16.2037533870338,-0.545648906393887,0.164378436804055,-3.31946766864757,0.000901892477258791,0.010245628853675,"LINC02694"
"ENSG00000175782.11",1001.60939335439,0.219050377160828,0.0766647938578954,2.85724862923203,0.00427330961586836,0.0300748338178956,"SLC35E3"
"ENSG00000175785.13",46.6749044185875,-0.111109172081314,0.2409162297043,-0.461194217665156,0.644659269853842,0.786638362089282,"PRIMA1"
"ENSG00000175787.17",140.694216909966,-0.144495900680678,0.0766231189863429,-1.88580029881624,0.0593218706646909,0.174294077754789,"ZNF169"
"ENSG00000175792.12",2495.700441227,0.142184063484141,0.0767348481349149,1.85292688967278,0.0638928383698919,0.183104197700511,"RUVBL1"
"ENSG00000175793.12",8238.48731129857,0.328882546655,0.144781379945431,2.27158041164518,0.0231118651147378,0.0934041424210931,"SFN"
"ENSG00000175806.15",532.741998481412,0.15249759318128,0.0875643721337956,1.74154841135922,0.0815874951376223,0.214879556650333,"MSRA"
"ENSG00000175820.4",4.34026636613072,0.313395051132902,0.188878629876616,1.65924038806097,0.0970673621173216,0.240093884619018,"CCDC168"
"ENSG00000175826.12",1618.19186315939,0.157967246900941,0.0619867860703894,2.54840195653249,0.0108217700872163,0.0565514348632387,"CTDNEP1"
"ENSG00000175832.13",1801.22344605064,0.0180597550251707,0.155596105786112,0.116068168505427,0.907598516123457,0.950907258103765,"ETV4"
"ENSG00000175841.8",31.6301293092688,0.124016739387745,0.210460743776111,0.589263048123003,0.555684828882524,0.720477257106701,"FAM172BP"
"ENSG00000175854.14",747.286038764389,0.0826357112778859,0.0739015658916487,1.11818620188702,0.263487476110255,0.455134515833773,"SWI5"
"ENSG00000175857.8",134.035444723001,-0.268004430674502,0.136500494576649,-1.96339530860827,0.0496002585280115,0.154881017367575,"GAPT"
"ENSG00000175866.15",2567.37247786487,0.0168203663842507,0.101519278243765,0.165686426019127,0.86840372886976,0.929573015909926,"BAIAP2"
"ENSG00000175868.14",15.3319591060057,-0.667289136006463,0.271544093899028,-2.4573877723689,0.0139951530825099,0.0670997453306452,"CALCB"
"ENSG00000175874.10",76.5988874677321,1.11511264912997,0.2244131023561,4.96901757260371,6.72929720771033e-07,5.51818945655912e-05,"CREG2"
"ENSG00000175877.4",20.9920014654161,-0.184147670198734,0.207606631179613,-0.88700283392883,0.375077374731945,0.566761268867183,"TMEM270"
"ENSG00000175879.9",81.1875184170012,0.391616173214239,0.202353670089189,1.93530551257919,0.0529528162803864,0.161754116196248,"HOXD8"
"ENSG00000175886.10",31.9225232941494,-0.109388965184379,0.129923774417408,-0.841947254649045,0.399817478071999,0.589953609779332,"RPL7AP66"
"ENSG00000175893.12",2336.17652021767,-0.37071640207251,0.120576408405446,-3.07453511822936,0.00210830898468316,0.0185056501521372,"ZDHHC21"
"ENSG00000175894.18",31.372042704328,-0.295408134883501,0.194689023322694,-1.51733328280078,0.129182559121351,0.288571855933114,"TSPEAR"
"ENSG00000175895.4",1564.43963312123,-0.0330264762810784,0.0729314745102866,-0.452842569039519,0.650662108120143,0.791179458204672,"PLEKHF2"
"ENSG00000175899.15",55169.837559212,-0.0914033292489253,0.138602712351898,-0.659462774558563,0.509598642849774,0.684695412098855,"A2M"
"ENSG00000175906.5",503.099476021932,0.489003951471468,0.135217095081818,3.6164358595012,0.000298687284807934,0.00478086335245699,"ARL4D"
"ENSG00000175920.18",143.012726428011,0.0830608683200969,0.166418839799454,0.499107363205937,0.617703750581418,0.767569588405145,"DOK7"
"ENSG00000175928.6",634.26959655351,0.264015599736463,0.209035357435255,1.26301886425237,0.206582400368026,0.388222389673328,"LRRN1"
"ENSG00000175931.13",2162.61241094195,0.0891167122715134,0.0697117306520174,1.27836034822261,0.201122398307709,0.381688879146017,"UBE2O"
"ENSG00000175938.7",405.389566280123,0.157997203333204,0.0736780087815521,2.14442824861961,0.0319985888383072,0.115554284311082,"ORAI3"
"ENSG00000175946.8",15.1806103127916,0.142568264292531,0.154912296867604,0.920315992825138,0.357407654038796,0.550533151236587,"KLHL38"
"ENSG00000175967.4",5.65286869377742,-0.613637539817733,0.259096643605899,-2.36837317256456,0.0178665048417106,0.079278894534862,"LINC02880"
"ENSG00000175970.11",1280.43875456689,-0.191886903588853,0.0786618907152008,-2.43938839817097,0.0147121461911404,0.0693993162495098,"UNC119B"
"ENSG00000175984.15",182.808873123664,-0.135784283772908,0.1192093971849,-1.13904010069189,0.254686428958302,0.445199794146212,"DENND2C"
"ENSG00000175985.10",40.5370084334271,-0.614089781740509,0.187092343341892,-3.28228173730404,0.0010297066682552,0.0112142702342886,"PLEKHD1"
"ENSG00000176014.13",2795.31927000954,0.494300349328354,0.120616031566543,4.09813142505567,4.1649878911968e-05,0.00115095940457677,"TUBB6"
"ENSG00000176018.13",1567.5575788719,-0.0674239760394776,0.0699627860808251,-0.963711993424412,0.335190339668962,0.528648774662174,"LYSMD3"
"ENSG00000176022.7",1120.45593433669,0.12787661531732,0.0629216930569302,2.03231364422474,0.0421219140557699,0.139137303766122,"B3GALT6"
"ENSG00000176024.18",309.860898777106,-0.0598264045474229,0.0868503154471822,-0.688844988522882,0.490920821042141,0.669064771839909,"ZNF613"
"ENSG00000176029.14",120.750389354082,-1.29673054136397,0.216538813699438,-5.98844391548143,2.11858167794588e-09,7.45024061513216e-07,"C11orf16"
"ENSG00000176040.13",9.25240583754744,-0.0480062234475276,0.147615998380216,-0.32521016674546,0.745022014597808,0.854721500069084,"TMPRSS7"
"ENSG00000176046.9",340.862100029567,-0.137502137401477,0.121969276437355,-1.1273506035112,0.259594275079983,0.450608561013445,"NUPR1"
"ENSG00000176049.16",144.853955690053,-0.729373132484977,0.161079740729363,-4.5280252450271,5.95374701303016e-06,0.000273404274903191,"JAKMIP2"
"ENSG00000176054.6",14.8840789181037,-0.20385264302994,0.102263320093703,-1.993409199341,0.0462166573557578,0.148036480021671,"RPL23P2"
"ENSG00000176055.10",302.243458553849,-0.0494351891752305,0.0746071757154591,-0.662606360596856,0.507582695437988,0.683089481354013,"MBLAC2"
"ENSG00000176058.13",1017.99264022237,0.0266949287426295,0.093444445917205,0.285676997499478,0.77512552413327,0.874640029654939,"TPRN"
"ENSG00000176076.7",7.01609688839432,-0.237556002591006,0.159533615258109,-1.48906550012463,0.136470121506737,0.298306070207065,"KCNE5"
"ENSG00000176083.18",179.067064551318,0.173208956419936,0.181837467562591,0.952548222001136,0.340819022227505,0.534147140564907,"ZNF683"
"ENSG00000176087.15",3788.12277558585,0.0865101240337785,0.0644925533609896,1.34139709974806,0.179791558725406,0.356149245233827,"SLC35A4"
"ENSG00000176092.16",390.074618431256,0.744868258996983,0.197983637030335,3.7622718229126,0.000168376902271354,0.00317427644808618,"CRYBG2"
"ENSG00000176095.12",2342.34408872688,0.0214249912629068,0.0450250427631189,0.475846105813285,0.634184020125047,0.779024040955731,"IP6K1"
"ENSG00000176101.12",2084.26818754818,0.156231826856231,0.085615520449182,1.82480730172007,0.0680301136141392,0.190474020061856,"SSNA1"
"ENSG00000176102.13",1001.44122471812,0.0400420282768921,0.0520606236328856,0.769142309152025,0.441808833876211,0.62687135167175,"CSTF3"
"ENSG00000176105.14",3164.50150172972,0.128597449637879,0.0691014263994212,1.86099558776918,0.0627447997818479,0.180921444898208,"YES1"
"ENSG00000176108.9",711.929876459114,0.119054280653579,0.0692712393080749,1.71866826467621,0.0856747937700693,0.221457340202221,"CHMP6"
"ENSG00000176124.15",336.101149351843,-0.298764044796959,0.148668648837799,-2.00959682577675,0.0444738774894419,0.14453521486885,"DLEU1"
"ENSG00000176125.7",81.0043058418389,0.277200627999793,0.107153827220415,2.58694099119382,0.00968321734167909,0.0524712491791214,"UFSP1"
"ENSG00000176136.6",4.20688014677823,-0.218497541864894,0.258396470177381,-0.845590273407769,0.397781353479101,0.588122151229227,"MC5R"
"ENSG00000176142.13",1953.71047417439,-0.00974336349762521,0.049337295200303,-0.197484751810338,0.843448212770265,0.914926409089027,"TMEM39A"
"ENSG00000176148.16",495.90220616085,0.105657340941694,0.0799263750492792,1.32193335274557,0.186190344973749,0.36425837507106,"TCP11L1"
"ENSG00000176153.12",4807.72670365299,0.322973992830509,0.32307045425171,0.999701422956105,0.317455023241453,0.511223279906051,"GPX2"
"ENSG00000176155.19",1678.58297709691,-0.00699214296762509,0.0888318479976441,-0.0787121187415861,0.937261606027615,0.967363693135672,"CCDC57"
"ENSG00000176160.11",5.76446194977426,-0.335206985007773,0.164143245191349,-2.04216131231601,0.0411355326811575,0.13712519741607,"HSF5"
"ENSG00000176165.12",6.33849607395423,-0.926002861600883,0.466838239126354,-1.98356257905054,0.047304624330685,0.150234938265906,"FOXG1"
"ENSG00000176170.14",839.201658948397,0.592033354732089,0.134623188148281,4.39770713259289,1.09400461842973e-05,0.000428502303075072,"SPHK1"
"ENSG00000176171.11",3710.30371556035,0.122829471600529,0.100828301975828,1.21820430567179,0.223146343868037,0.407784911288443,"BNIP3"
"ENSG00000176177.10",19.4745586780859,0.0522521940504953,0.197464182610026,0.264616060289215,0.791305246724167,0.884384355943056,"ENTHD1"
"ENSG00000176182.6",326.847182173814,0.183362621063342,0.0724302785457321,2.5315741530328,0.0113551804697893,0.0583948136207439,"MYPOP"
"ENSG00000176183.8",2.37274001650413,0.304509235821891,0.18026275727034,1.68925206977289,0.0911711343189542,0.230608052424431,"AC233964.1"
"ENSG00000176194.18",1.77807337351067,0.885859849336541,0.369607634419108,2.39675744449597,0.0165408691804532,0.0751391946547725,"CIDEA"
"ENSG00000176204.13",15.674801328764,0.204920698094578,0.236529546722745,0.866364058672051,0.386290547282981,0.577544960961572,"LRRTM4"
"ENSG00000176208.9",394.481976958994,-0.200214139538551,0.110562306849284,-1.81087158222448,0.0701607324451505,0.194315054096697,"ATAD5"
"ENSG00000176209.12",1042.00475013617,0.147223770996976,0.0792153726340875,1.8585252596997,0.0630944597274319,0.181493333999083,"SMIM19"
"ENSG00000176222.9",110.389241765223,-0.130886615889291,0.128190701139638,-1.021030501633,0.307239987869104,0.500722480766846,"ZNF404"
"ENSG00000176225.15",509.119293233794,-0.123399752417287,0.0886749912350789,-1.39159587949834,0.164044807335778,0.335681854371854,"RTTN"
"ENSG00000176236.6",11.0445874631311,-0.519210281919807,0.136743287245404,-3.79697089618751,0.000146474978633909,0.00287522440405237,"RPP38-DT"
"ENSG00000176244.7",152.75914686053,-0.280392099909616,0.161140689971594,-1.74004529805007,0.0818510642894645,0.215165217796221,"ACBD7"
"ENSG00000176248.9",1606.98563906767,-0.0530118970677617,0.0604436545149803,-0.877046523628436,0.380461368928778,0.571954549013474,"ANAPC2"
"ENSG00000176256.10",1.05045809432891,-2.1846302275208,0.672867777930248,-3.24674519894646,0.00116732846312136,0.0122560285470513,"HMGB4"
"ENSG00000176261.15",967.430641663145,0.0671693916974022,0.0540525010599889,1.2426694487801,0.213989666459506,0.396953898958594,"ZBTB8OS"
"ENSG00000176268.5",18.0046050094851,-0.143746759841344,0.130231830851518,-1.10377592714054,0.26969034982906,0.461468922077345,"CYCSP34"
"ENSG00000176273.15",307.25515401392,-0.046309107104138,0.108935846928193,-0.425104393181646,0.670760575496723,0.80589917096521,"SLC35G1"
"ENSG00000176289.4",4.83010873689188,-0.12100657104499,0.193677717125888,-0.62478313375791,0.532113401814901,0.701843062047998,"IDSP1"
"ENSG00000176293.20",201.481555799039,-0.0115964192693566,0.137457601259294,-0.0843636085827052,0.932767340248542,0.964579066901529,"ZNF135"
"ENSG00000176320.2",4.2218401142604,-1.13369994830671,0.24757862438838,-4.57915117311684,4.66866689137077e-06,0.00022993184440001,"AL138899.1"
"ENSG00000176340.4",2023.67760767243,0.158473653690713,0.0784105410554229,2.02107588543101,0.0432719102037881,0.14193612871081,"COX8A"
"ENSG00000176349.11",3.3702731909379,-1.3355432861117,0.290686810016233,-4.59444061475345,4.33911672481896e-06,0.000218882141089996,"AC104129.1"
"ENSG00000176358.15",48.3184768638996,-1.00849610236284,0.215434546410328,-4.68121812015239,2.85175315692956e-06,0.000160921047209586,"TAC4"
"ENSG00000176371.14",227.54868796435,-0.0426835863861675,0.0744870190313774,-0.573033891558839,0.566621746675016,0.728810763871554,"ZSCAN2"
"ENSG00000176381.6",30.1658468124319,-0.184831303800684,0.225412778056126,-0.819968173031711,0.412234251094669,0.601293096240736,"PRR18"
"ENSG00000176383.9",103.779704279984,0.329720434729909,0.173821682961744,1.89688897904916,0.0578425923133762,0.171336695788563,"B3GNT4"
"ENSG00000176386.9",332.038748866172,0.100513725964976,0.0554283967744657,1.81339767725845,0.069770507552423,0.193619869724362,"CDC26"
"ENSG00000176387.7",380.613905289722,-0.183657984254165,0.147216852137201,-1.24753370003457,0.212201871447182,0.394771843210273,"HSD11B2"
"ENSG00000176390.12",911.874152980391,-0.115065472723858,0.0602934768326018,-1.90842324524301,0.0563365348203165,0.16836734773544,"CRLF3"
"ENSG00000176393.11",3595.72430894046,0.25266223781384,0.0656206651044689,3.85034557957617,0.000117951278816121,0.00247601004137776,"RNPEP"
"ENSG00000176396.11",554.258532242053,0.0827558391012961,0.0618345468845017,1.33834309897786,0.180784618395327,0.357542016171773,"EID2"
"ENSG00000176399.4",231.066251184043,0.00255944458367579,0.164893658160769,0.0155217890865177,0.987615901408918,0.993794843910025,"DMRTA1"
"ENSG00000176401.6",69.3870033773289,-0.127901427915526,0.0827445507561861,-1.54573838091645,0.122167763911732,0.278059176400137,"EID2B"
"ENSG00000176402.6",19.7214683380544,-0.166664630801674,0.216314228671914,-0.770474655434969,0.441018383517767,0.626266796436639,"GJC3"
"ENSG00000176406.23",149.838678013103,-0.00108918060257912,0.299992261389391,-0.00363069566373035,0.997103130349336,0.998572810694274,"RIMS2"
"ENSG00000176407.18",2978.73056725287,0.16095999047208,0.059956308589378,2.68462142281716,0.00726120024367462,0.0431306226070757,"KCMF1"
"ENSG00000176410.8",576.710786626972,0.124546761603024,0.0639621502384262,1.94719472592402,0.0515113937601066,0.158808114867602,"DNAJC30"
"ENSG00000176422.14",665.55090162297,-0.0128034700644547,0.0685446405606419,-0.186790242967681,0.851825097261541,0.92023534827466,"SPRYD4"
"ENSG00000176428.6",166.510580090283,0.177423048792787,0.131662379523605,1.34756070363271,0.177799716762969,0.353824624637748,"VPS37D"
"ENSG00000176435.7",1481.49582349016,-0.0307902610015379,0.14014651837254,-0.219700506006797,0.826104410557862,0.904749963508764,"CLEC14A"
"ENSG00000176438.12",581.239909948421,-0.171862557351767,0.12954333112866,-1.32668008344695,0.184614531987409,0.362303401151342,"SYNE3"
"ENSG00000176444.19",2089.26497722941,-0.0892975566341936,0.0715116030370305,-1.24871423435933,0.21176961268582,0.39438640236891,"CLK2"
"ENSG00000176454.14",1468.16329064181,0.389091469719133,0.0878300659059915,4.43004870491154,9.42118081665914e-06,0.000384858126293292,"LPCAT4"
"ENSG00000176463.14",1556.75223798356,-0.0872511752736146,0.10276472106537,-0.849038214370405,0.395860028533003,0.586375152604968,"SLCO3A1"
"ENSG00000176472.10",79.6976180580238,0.183235319511063,0.0688665978065146,2.66072850042447,0.0077971801097842,0.0453039297373552,"ZNF575"
"ENSG00000176473.13",505.389793853228,0.0778126836969517,0.071737107642507,1.08469223605615,0.278057987688247,0.470735259646639,"WDR25"
"ENSG00000176476.9",483.048280950258,-0.00260409003613621,0.0708918724717831,-0.0367332663863931,0.970697683793601,0.985317783668416,"SGF29"
"ENSG00000176485.12",2802.04021773866,0.336755610837168,0.132978671822699,2.53240317579773,0.0113283651564011,0.0583380140993135,"PLAAT3"
"ENSG00000176490.5",256.285972964723,0.116231458627367,0.19395508585327,0.599269970756519,0.548992869435765,0.715154071039639,"DIRAS1"
"ENSG00000176515.1",0.952282461956264,-0.237577506457653,0.440565527636679,-0.539255778208721,0.58971037767003,0.746453790729538,"AL033381.1"
"ENSG00000176531.10",388.396545005544,0.0966399870424264,0.0946588203486411,1.02092955190534,0.307287816823032,0.50075296432555,"PHLDB3"
"ENSG00000176532.4",441.879738171214,0.403389435943876,0.216827242295354,1.86041860641475,0.0628263242487214,0.180987869967352,"PRR15"
"ENSG00000176533.13",396.824243058547,-0.296640949110938,0.119059640458988,-2.49153237795239,0.0127193373587675,0.0629126279431654,"GNG7"
"ENSG00000176542.10",1216.58509066932,-0.204922954967632,0.0814666194056206,-2.51542234675683,0.0118889864575602,0.0601093433760897,"USF3"
"ENSG00000176563.10",68.4758083820078,-0.214674120430031,0.117603711193866,-1.82540260210111,0.0679402969291892,0.19031751431274,"CNTD1"
"ENSG00000176566.5",3.32057437482896,-0.9458544152761,0.772109016609332,-1.22502702977069,0.22056503649952,0.405098826902845,"DCAF4L2"
"ENSG00000176571.12",1.54485412880256,-0.575587677987029,0.445163815111945,-1.29297947957043,0.196018156427823,0.375858577547171,"CNBD1"
"ENSG00000176593.8",218.597396903726,-0.182378533291977,0.110394300118518,-1.6520647632729,0.0985213491977778,0.242107416507353,"AC008969.1"
"ENSG00000176595.4",582.001167457104,-0.0657227338676001,0.130626926827704,-0.503133124721581,0.614870679016791,0.76558171646307,"KBTBD11"
"ENSG00000176597.12",1584.97760259275,0.251856503756721,0.111665668079768,2.25545154645748,0.0241050003690144,0.0961111110521674,"B3GNT5"
"ENSG00000176601.13",117.31630246458,-1.09077583405484,0.236059359742668,-4.62076926432365,3.82319788338222e-06,0.000198937696715222,"MAP3K19"
"ENSG00000176619.13",3571.32674620577,0.263605119360069,0.097793767698991,2.69552064065519,0.00702787234715075,0.042301429881981,"LMNB2"
"ENSG00000176623.12",1723.99513863588,-0.00363276941310846,0.0558263678165828,-0.0650726449738572,0.948116160405924,0.972626835779701,"RMDN1"
"ENSG00000176624.12",1723.9353125794,0.0449133278877562,0.0546018257868067,0.822560916975939,0.410757731663264,0.599901612575234,"MEX3C"
"ENSG00000176635.18",8.65159997187483,0.0367832931788614,0.241932071600283,0.152039756182612,0.879155579232738,0.93539610398399,"HORMAD2"
"ENSG00000176641.11",547.519624182156,-0.161137473768695,0.12504020685848,-1.2886852782567,0.197507522575132,0.377768614310594,"RNF152"
"ENSG00000176654.12",3.11502616473793,0.219222963024725,0.224057845298129,0.978421276581633,0.327866009324763,0.521605726977079,"NANOGP1"
"ENSG00000176658.17",7111.99441113816,0.051612710910459,0.0847279976605501,0.609157685010302,0.542419925051381,0.71032325907732,"MYO1D"
"ENSG00000176659.9",150.194926732926,-0.55350842455305,0.23005542731716,-2.40597855485483,0.0161292114971196,0.0738434871250828,"C20orf197"
"ENSG00000176678.6",144.303209381215,0.877236538484741,0.151170540807744,5.80295958324574,6.51545009762289e-09,1.75733985738191e-06,"FOXL1"
"ENSG00000176681.14",30.0172106458939,-0.48299113085327,0.138415065545125,-3.48944046626059,0.000484032861307483,0.00661259993906854,"LRRC37A"
"ENSG00000176692.8",37.0718068207814,0.042091868564142,0.164864353553405,0.255312125738006,0.798482035233645,0.888646578607178,"FOXC2"
"ENSG00000176697.20",123.931413631384,0.0996135655763424,0.216795820747421,0.459481023356062,0.645888776309754,0.787587837748956,"BDNF"
"ENSG00000176700.20",81.2899723937357,-0.201637489856722,0.0871424473934216,-2.31388371440143,0.0206741016698905,0.0870372291592786,"SCAND2P"
"ENSG00000176714.10",190.66646752915,-0.116567290231444,0.0727483559311901,-1.60233573308103,0.109081387970281,0.258596878254216,"CCDC121"
"ENSG00000176715.17",987.893526726043,-0.0224988339535594,0.0631716773479552,-0.356153816046925,0.721725376596187,0.840404480814737,"ACSF3"
"ENSG00000176720.6",2209.74299574413,0.0572868152236632,0.100917057135042,0.567662364024398,0.570264251806661,0.731499257335174,"BOK"
"ENSG00000176723.10",45.3886419316449,-0.134557184319522,0.100928323556011,-1.33319547554804,0.182467663739135,0.359546397305102,"ZNF843"
"ENSG00000176728.10",71.4181297013983,0.206173935881309,0.443005039205992,0.465398624473524,0.641646019049782,0.784485362719855,"TTTY14"
"ENSG00000176731.12",568.658102814109,0.0150689247270732,0.0868793262661208,0.173446611233097,0.862300389800087,0.926543098392437,"RBIS"
"ENSG00000176732.7",55.5690929743002,0.14705481560426,0.10769996618551,1.36541190134602,0.172123625366693,0.3464847850132,"PFN4"
"ENSG00000176746.6",1.12043431164075,0.562913871339848,0.518525186999638,1.08560564742681,0.27765350016545,0.470262091535131,"MAGEB6"
"ENSG00000176749.9",318.026481535355,0.534359773421092,0.131603031730385,4.06039105934757,4.89905919995213e-05,0.00129838419979713,"CDK5R1"
"ENSG00000176753.5",32.8906100597384,-0.0147164253856821,0.108121687046004,-0.136109838717376,0.891734449742415,0.942642981156243,"C15orf56"
"ENSG00000176761.7",4.77614714577556,-0.364173729417053,0.144588494529549,-2.51869092767011,0.0117792002218657,0.0597720841327007,"ZNF285B"
"ENSG00000176769.9",9.40071463603631,-0.659963891869979,0.29302424920153,-2.25225009079738,0.0243064721874033,0.0966251198251008,"TCERG1L"
"ENSG00000176771.17",560.745576246324,-0.398609809031843,0.227240148011832,-1.75413461274056,0.0794074440293228,0.210741116761144,"NCKAP5"
"ENSG00000176783.15",2215.0085984686,0.0949326442737185,0.0509928192948754,1.86168651952254,0.0626472898252983,0.180753637243579,"RUFY1"
"ENSG00000176788.9",4176.21580355469,0.0938882924151996,0.163843448307616,0.573036599174379,0.566619913421393,0.728810763871554,"BASP1"
"ENSG00000176809.10",202.008143073828,0.157774252593923,0.100557896057266,1.56898919706984,0.116650456233315,0.269734938142503,"LRRC37A3"
"ENSG00000176826.15",110.310120369655,0.307850674310212,0.160796486254674,1.9145360789951,0.0555516937307541,0.166698496176759,"FKBP9P1"
"ENSG00000176834.14",1244.67313192372,0.0742838598984433,0.10224651450338,0.726517282855519,0.467521716374487,0.649009736198798,"VSIG10"
"ENSG00000176840.12",2.70915697720396,-1.91176475044396,0.328134345770806,-5.82616472516194,5.67156373219677e-09,1.62778768393127e-06,"MIR7-3HG"
"ENSG00000176842.15",700.798489641031,-0.376385184789285,0.163216521145857,-2.30604832247914,0.0211079323895899,0.0881267640554529,"IRX5"
"ENSG00000176845.13",1671.32137858883,0.275025784310597,0.0946277827605907,2.90639573587405,0.00365618724067992,0.0270464044449442,"METRNL"
"ENSG00000176853.16",3646.75622475595,0.0620139382748447,0.0738705157337725,0.839495130890129,0.401191520402233,0.591430627380072,"FAM91A1"
"ENSG00000176855.11",8.03489915487743,0.31040882014704,0.150708106264657,2.05966903732394,0.0394301913567866,0.133396014909899,"KRT18P28"
"ENSG00000176857.5",4.60252817335207,0.144558550707409,0.287719809202101,0.502428216911086,0.615366334680586,0.765852166425263,"GJA1P1"
"ENSG00000176871.9",3570.57380202922,0.144324024916766,0.0670400965255226,2.15280156796643,0.0313342768759458,0.114062112402237,"WSB2"
"ENSG00000176884.16",116.132994899975,0.169655985979056,0.19154449960819,0.88572622198023,0.375765074615551,0.567414705098427,"GRIN1"
"ENSG00000176887.7",128.398259825081,0.728925028560971,0.287163832483625,2.53835945236083,0.0111373527665009,0.0577114218918467,"SOX11"
"ENSG00000176890.16",235.519036462386,0.257069721878212,0.104992785743695,2.44845129174649,0.0143471827130431,0.0682244601862537,"TYMS"
"ENSG00000176894.10",44.993632659974,-0.0436561358881479,0.0786032362367762,-0.555398708478653,0.57862197579427,0.737776236970394,"PXMP2"
"ENSG00000176896.8",151.182507487256,-0.0611143798133211,0.0652547653744339,-0.936550449038393,0.348989850607071,0.542675677675928,"TCEANC"
"ENSG00000176903.5",1811.84111950218,0.122666328173509,0.0778509421169962,1.5756563098384,0.115105031390961,0.267629849158409,"PNMA1"
"ENSG00000176907.5",13835.3120130833,-0.294603497199103,0.150419501040255,-1.95854590104153,0.0501659904920416,0.156051492002611,"TCIM"
"ENSG00000176909.12",106.793128443113,-0.14036497345804,0.141172526664352,-0.994279671651472,0.32008672961354,0.513799404508871,"MAMSTR"
"ENSG00000176912.5",18.1864239225836,0.248899846022645,0.149405238694278,1.66593787606042,0.0957257886367984,0.23810225484385,"TYMSOS"
"ENSG00000176915.15",4112.73967624577,0.0526703942792977,0.0633454621465332,0.831478569963835,0.405703329565365,0.595261599366255,"ANKLE2"
"ENSG00000176919.13",40.0303298725844,0.263495501455508,0.167981659223339,1.56859684964285,0.116741906987547,0.269815224528734,"C8G"
"ENSG00000176920.13",862.078142607361,0.152956657507527,0.147858044572542,1.03448316220957,0.300910344354122,0.493872718490599,"FUT2"
"ENSG00000176927.15",19.7855979864861,-0.100181768592731,0.127041250519563,-0.788576688146686,0.430359460424252,0.616709768770457,"EFCAB5"
"ENSG00000176928.7",207.917094866778,-0.119612951224607,0.155717498730337,-0.768140717645011,0.442403588701972,0.627324105739374,"GCNT4"
"ENSG00000176933.5",28.5660170649959,0.0425563734091522,0.130219016529191,0.326806134337624,0.74381451944952,0.854121474732793,"TOB2P1"
"ENSG00000176945.17",1757.05487416988,0.00782099617172157,0.176835065453126,0.0442276318425922,0.964722956573289,0.982513909703442,"MUC20"
"ENSG00000176946.12",2136.09649956418,0.214363826664136,0.0662178911474355,3.23724937399245,0.00120687897666692,0.0125368554665122,"THAP4"
"ENSG00000176953.12",1875.91253092798,-0.0680916888000934,0.0483941767539572,-1.40702236027862,0.159420758445624,0.33003328634064,"NFATC2IP"
"ENSG00000176956.13",41.7905630254479,0.0819055704571748,0.177665713076868,0.461009437548244,0.644791834147047,0.786670174967725,"LY6H"
"ENSG00000176971.4",649.584771956551,0.164996657341748,0.164784157396689,1.00128956538308,0.31668683611489,0.510731502777682,"FIBIN"
"ENSG00000176973.8",172.232276034731,0.14838732858404,0.083480352058521,1.77751201240764,0.0754840361975367,0.203845508180364,"FAM89B"
"ENSG00000176974.20",1433.59353434427,0.0255437807687251,0.0877488895466828,0.291100900543427,0.770974151204826,0.87182568936683,"SHMT1"
"ENSG00000176978.14",4842.40783572113,0.0939150634443156,0.0924975454295318,1.01532492573939,0.309950966511691,0.503639076131222,"DPP7"
"ENSG00000176984.6",1.65398550605881,1.21556296920181,0.341234792361923,3.56224803686651,0.000367692740612974,0.00552169346559664,"AP000679.1"
"ENSG00000176986.16",2521.11982315128,-0.066935425940655,0.0635169437076616,-1.0538200050797,0.29196533268368,0.484461105377233,"SEC24C"
"ENSG00000176988.9",1.19702500743505,-0.502145936562812,0.346075528242865,-1.45097210170383,0.146787628840837,0.312848723511291,"FMR1NB"
"ENSG00000176994.11",1747.07540222738,-0.0596993933485412,0.0648752627724457,-0.920218135500133,0.357458779031066,0.550533151236587,"SMCR8"
"ENSG00000176998.4",3.07118384514743,0.238439497825032,0.212791224644879,1.12053257000121,0.262486881296146,0.454019936564453,"HCG4"
"ENSG00000177000.13",1649.9714158568,-0.151728287906419,0.0744969926802199,-2.0367035291977,0.0416797606574033,0.138211580833359,"MTHFR"
"ENSG00000177025.3",32.3192857239629,-0.350815051407451,0.127570351399468,-2.74997323091888,0.00596001334065394,0.0378287442702371,"C19orf18"
"ENSG00000177030.17",1322.41044745183,-0.028272569665438,0.0736324833169518,-0.383968710436377,0.701001638660571,0.82561368175769,"DEAF1"
"ENSG00000177034.17",1038.68456248158,-0.109920653564957,0.0796935380516518,-1.37929192569809,0.167804765013065,0.340462985872917,"MTX3"
"ENSG00000177042.14",926.988106592394,0.0144377875410029,0.105912845670474,0.13631762464322,0.89157019148948,0.942588243792172,"TMEM80"
"ENSG00000177045.10",233.62806919674,0.205652380690823,0.0893847259803421,2.30075528492475,0.0214054672231759,0.0888593790849369,"SIX5"
"ENSG00000177051.6",980.908422320872,0.123251778030044,0.0715859295161727,1.72173189428516,0.0851180968873906,0.220651365813481,"FBXO46"
"ENSG00000177054.14",1232.78389638975,-0.172391414253751,0.0732090085586586,-2.35478416724661,0.018533466972417,0.0810820914471326,"ZDHHC13"
"ENSG00000177058.12",773.264706788933,-0.131468481095826,0.0801931725357417,-1.63939743171068,0.10113051618497,0.246139211590481,"SLC38A9"
"ENSG00000177076.6",160.801508785365,0.0734287629011368,0.107434833503631,0.68347258060073,0.494308270557182,0.671827742186441,"ACER2"
"ENSG00000177082.13",176.147845821534,-0.134199903382695,0.0647866184183725,-2.07141392248739,0.038320130922202,0.130689624953173,"WDR73"
"ENSG00000177084.18",1875.07140156476,-0.0856753209983761,0.0881122629898984,-0.972342760146773,0.33088005782098,0.524496013190206,"POLE"
"ENSG00000177096.9",992.766240876912,0.23138728049697,0.0733034777884847,3.15656620228349,0.00159638644499116,0.0152484106393691,"PHETA2"
"ENSG00000177098.9",421.796907149491,-0.473407048868569,0.179999781600879,-2.63004235148615,0.00853742316809514,0.0482615245089893,"SCN4B"
"ENSG00000177103.15",98.2222110572083,0.291784495443337,0.206205448636463,1.41501835850007,0.157063113410865,0.326966490228696,"DSCAML1"
"ENSG00000177105.10",2586.44037572049,0.197864962215108,0.0734304023708457,2.6945918288154,0.00704749041549733,0.0423676595166401,"RHOG"
"ENSG00000177106.16",5059.05122125163,-0.0895713419142136,0.0959372312418645,-0.933645267376936,0.350486906622792,0.544052218492774,"EPS8L2"
"ENSG00000177108.5",3.61848820779136,-0.480683122060121,0.304563185119192,-1.57827060375667,0.114503456204047,0.266776061594294,"ZDHHC22"
"ENSG00000177112.8",11.3711204275293,-0.0784541028830877,0.185852297891651,-0.422131465540583,0.672929062032272,0.807154312522322,"IRAG1-AS1"
"ENSG00000177119.16",4429.02031468741,0.101763458537449,0.0765197231755588,1.3298984146084,0.183551743858665,0.360908355486636,"ANO6"
"ENSG00000177125.5",708.911565834436,-0.11942673834127,0.0634526138461445,-1.88214056289072,0.0598169331810137,0.175353099973187,"ZBTB34"
"ENSG00000177133.11",148.953756360712,-0.752050931591802,0.202681137160005,-3.71051269067087,0.000206839926793277,0.00369041890821467,"PRDM16-DT"
"ENSG00000177138.17",8.06856776648131,-0.236034737532367,0.3260067386417,-0.724017971272006,0.46905470209623,0.650226718934031,"FAM9B"
"ENSG00000177150.13",705.619872699389,0.203610823623461,0.0668885565205659,3.04403076123877,0.00233431270514628,0.0198458306671183,"FAM210A"
"ENSG00000177156.11",10677.9615117104,0.14035759018766,0.10540583966038,1.33159216453182,0.182994241091937,0.360242861203516,"TALDO1"
"ENSG00000177169.10",2905.90214027409,0.0814018118547262,0.083587872458971,0.973847155814167,0.330132435232069,0.523853531420412,"ULK1"
"ENSG00000177173.5",17.2565992998041,-0.0724363879883436,0.134303122771919,-0.539349990479069,0.589645381049407,0.746428276474445,"NAP1L4P1"
"ENSG00000177181.15",803.412254003404,-0.371620711294308,0.170404214331023,-2.18081878287592,0.0291968227408932,0.108770495597656,"RIMKLA"
"ENSG00000177182.11",9.66702700076002,-0.264352430163375,0.172943705726388,-1.52854611882553,0.12637700213486,0.284556174990475,"CLVS1"
"ENSG00000177189.14",5883.76016700386,-0.169925401549299,0.0788287491256862,-2.15562727347565,0.0311127811433154,0.113528915235029,"RPS6KA3"
"ENSG00000177191.2",520.80248025944,-0.216591016985145,0.152930127002281,-1.41627435503219,0.156695193237066,0.326502257381502,"B3GNT8"
"ENSG00000177192.14",994.338750666551,0.142025268965094,0.0895006312976393,1.58686332046957,0.11254360386789,0.263774319153374,"PUS1"
"ENSG00000177197.7",3.549490834853,-0.0862410128561063,0.181331236366514,-0.475599320802029,0.634359859362359,0.779103818763835,"PCNPP5"
"ENSG00000177200.17",2476.75682410838,-0.269824212280081,0.0888789217698404,-3.03586279971773,0.00239848477013582,0.0203063524582463,"CHD9"
"ENSG00000177202.3",42.0271031850202,-0.122194890702184,0.140293016502834,-0.8709976715036,0.38375542448181,0.57527891157967,"SPACA4"
"ENSG00000177225.17",2068.72970361917,-0.0774969372356496,0.0680910253555536,-1.13813732178331,0.255063145947284,0.445600950727971,"GATD1"
"ENSG00000177234.7",9.81086878164532,0.162752464473202,0.249029099921855,0.653547977020652,0.513403070014557,0.687889552772666,"LINC01561"
"ENSG00000177238.14",39.8387860000478,-1.30922298156402,0.262879293019926,-4.98031992753718,6.34792446988874e-07,5.28353623440015e-05,"TRIM72"
"ENSG00000177239.15",4138.1200501361,0.0725222097047097,0.0602991701911047,1.20270659571047,0.229089880639487,0.415239981949855,"MAN1B1"
"ENSG00000177257.3",0.735575727754658,-1.06819616090404,0.694335508322637,-1.53844380432821,0.123940138765526,0.280665150314287,"DEFB4B"
"ENSG00000177272.9",232.030845115573,-0.314456032955134,0.159217277431873,-1.97501199635628,0.0482667866452822,0.152196092405585,"KCNA3"
"ENSG00000177283.7",689.035327450938,-0.0375310029657807,0.131017697328356,-0.286457507123795,0.774527734768863,0.874238243972317,"FZD8"
"ENSG00000177294.7",13.1748324444594,0.236079823105012,0.158431707579233,1.49010464327001,0.136196723505595,0.297962775375987,"FBXO39"
"ENSG00000177301.16",48.6017319654297,-0.493097266101178,0.165033150353112,-2.98786798316657,0.00280930874623575,0.0226143188191062,"KCNA2"
"ENSG00000177302.15",1315.94006155438,-0.0582432372438694,0.0631664761346571,-0.922059307530588,0.356497641054483,0.549892325964923,"TOP3A"
"ENSG00000177303.10",1828.01657615701,-0.0555856891163683,0.110866544099639,-0.50137477963065,0.616107385905825,0.766319094368537,"CASKIN2"
"ENSG00000177311.11",4444.33027631223,0.0232859885364562,0.0723215509183789,0.32197855605636,0.747468939956282,0.85658417382502,"ZBTB38"
"ENSG00000177335.11",111.877205286168,0.152263897385407,0.145297079142095,1.04794878386026,0.294662204320902,0.487220698706521,"C8orf31"
"ENSG00000177337.8",419.13702126001,0.134644094220842,0.105985215424426,1.27040449634083,0.203940582453746,0.384974418077482,"DLGAP1-AS1"
"ENSG00000177338.14",4.57240157946946,-0.389861873379283,0.212848780316742,-1.83163780783299,0.0670054000557203,0.188747845338446,"LINC00469"
"ENSG00000177340.5",4.49070481817511,-0.159811596618818,0.184047360090061,-0.868317788098764,0.385220386885088,0.576592291532852,"FLJ13224"
"ENSG00000177350.6",14.3619957878518,0.118150269456683,0.120958397522117,0.976784347982779,0.328675926486088,0.522307006962682,"RPL13AP3"
"ENSG00000177352.10",911.758518593503,0.107508003775373,0.0602018527291181,1.78579227883753,0.0741328973600146,0.201494534395213,"CCDC71"
"ENSG00000177354.12",12.8733096725503,-0.766213573133642,0.375053356218173,-2.0429455180983,0.0410578316937712,0.136926614302387,"C10orf71"
"ENSG00000177359.20",46.8208841113902,-0.198850165378421,0.209049538922489,-0.951210734084185,0.341497410511768,0.534832688313495,"AC024940.1"
"ENSG00000177363.5",66.0992306974947,0.0756064835825826,0.150166742952776,0.503483541667805,0.614624348862978,0.765446767915876,"LRRN4CL"
"ENSG00000177369.9",5.63761838464315,-0.217668206002839,0.150392433383587,-1.44733482333956,0.147803170449359,0.314045121080516,"FLJ40194"
"ENSG00000177370.5",822.570230671702,0.198323390676856,0.0566454025634847,3.50113833959582,0.000463275292644866,0.00641742151941992,"TIMM22"
"ENSG00000177374.13",459.87591955762,0.160610115906436,0.104652167402163,1.53470415275045,0.124856515323538,0.282107089559998,"HIC1"
"ENSG00000177380.14",483.201207251123,0.245401609148696,0.117918118581788,2.08111876359769,0.0374230367877958,0.128697982003521,"PPFIA3"
"ENSG00000177383.5",2118.99301127574,0.0750716860156526,0.0713543222634907,1.05209724700958,0.292754935094546,0.485325741344998,"MAGEF1"
"ENSG00000177398.18",304.465706938322,-0.976382254822132,0.264425039058076,-3.69247276392645,0.000222084131200212,0.00389140223919547,"UMODL1"
"ENSG00000177406.5",581.10878841594,-0.137560952401199,0.0972768645859644,-1.41411786848491,0.157327297530724,0.327225446160455,"NINJ2-AS1"
"ENSG00000177409.12",2302.34528749183,-0.00119618755374075,0.118780022643619,-0.0100706122723155,0.991964949765742,0.996183912661404,"SAMD9L"
"ENSG00000177410.13",1070.67616028151,0.00805091779199985,0.10421297077289,0.0772544696911587,0.938421110529984,0.967929385137521,"ZFAS1"
"ENSG00000177414.13",3.47543123096893,-0.3629071282639,0.341163250425886,-1.06373452536541,0.2874489794007,0.479917700776666,"UBE2U"
"ENSG00000177425.11",2930.7129239577,0.020049582271134,0.0689596430628801,0.290743707197731,0.771247341326395,0.872007706252351,"PAWR"
"ENSG00000177426.22",3888.12026641252,0.263700894534815,0.0708672369608106,3.72105511437734,0.00019839212978102,0.00356837880972421,"TGIF1"
"ENSG00000177427.13",674.585850320194,0.0737435256305731,0.0742409054422133,0.993300461400928,0.32056355276891,0.514366498401369,"MIEF2"
"ENSG00000177432.8",195.562652838078,-0.0811697746480508,0.0958840404106419,-0.846541033319264,0.397250993138514,0.587703400042684,"NAP1L5"
"ENSG00000177452.7",2.16722804953881,-0.425151669208458,0.282476201147912,-1.50508845517162,0.132301336737993,0.292929928820715,"AL161742.1"
"ENSG00000177453.7",102.633097164539,0.156171200535728,0.190070808978799,0.821647476405218,0.411277560344431,0.600344783257942,"NIM1K"
"ENSG00000177455.15",183.755088963214,-0.405651933214472,0.1784955467321,-2.27261654781398,0.0230492975546708,0.0932644948332103,"CD19"
"ENSG00000177459.11",207.075807947586,0.0534437585679405,0.202575652121734,0.263821234231172,0.791917671531835,0.884754959966765,"ERICH5"
"ENSG00000177463.15",2062.05847246748,-0.245964466545838,0.073594335444158,-3.34216573954215,0.000831274087831345,0.00967678608607307,"NR2C2"
"ENSG00000177464.5",374.061594017634,0.0683366876876794,0.123413180480292,0.553722766253417,0.579768592132013,0.738696040277699,"GPR4"
"ENSG00000177465.4",276.813225917684,0.191682478160184,0.0997226893681361,1.92215512211638,0.0545862418381213,0.164978698771946,"ACOT4"
"ENSG00000177468.7",1.88295714805399,-0.0608127072302622,0.865058094942346,-0.0702989863753777,0.943955689268272,0.97075173790105,"OLIG3"
"ENSG00000177469.13",12224.4736064012,0.171757999757055,0.133073816044222,1.29069718493665,0.196808701196451,0.37691892757096,"CAVIN1"
"ENSG00000177479.20",2231.22954792616,-0.0740087782967591,0.0376426794610721,-1.96608688213321,0.0492885754238375,0.154225990750547,"ARIH2"
"ENSG00000177483.11",27.2519056205277,-0.314175967226913,0.126221145538902,-2.48909139499199,0.0128070038184601,0.0632248195787751,"RBM44"
"ENSG00000177485.7",1719.80611174027,-0.121308902921646,0.05334921476833,-2.27386482534809,0.0229741151505605,0.0930054980189217,"ZBTB33"
"ENSG00000177494.6",328.870197175164,0.317633447407892,0.183687163704151,1.72920873186042,0.0837717441358849,0.218335108620324,"ZBED2"
"ENSG00000177508.12",2162.82052663075,-0.324327260889182,0.146364789405079,-2.21588308368056,0.0266995103645144,0.102648888131288,"IRX3"
"ENSG00000177511.6",2.563705265393,-0.701181966051264,0.392642345172259,-1.78580322441698,0.0741311244761658,0.201494534395213,"ST8SIA3"
"ENSG00000177519.4",61.3699465718761,0.0137304288620255,0.245618223891006,0.0559015069994092,0.955420270297218,0.977079006573653,"RPRM"
"ENSG00000177535.8",4.8555865553236,-0.497520609038699,0.202273281744274,-2.45964570678046,0.0139074231508925,0.0668524168297235,"OR2B11"
"ENSG00000177542.11",1440.53985713599,0.139230975706054,0.0908123168012347,1.53317281851531,0.125233279635291,0.282747292750422,"SLC25A22"
"ENSG00000177548.13",1238.95660151107,0.0787853856391425,0.0735572458024285,1.07107579654024,0.284135350002232,0.476800312884289,"RABEP2"
"ENSG00000177551.5",41.130557465924,-0.350115704683379,0.285425048336986,-1.22664673869133,0.219955394193016,0.404383176258661,"NHLH2"
"ENSG00000177556.12",1601.01115453858,0.210597506967807,0.0635100602568188,3.31597082597944,0.000913253619862361,0.0103207578975145,"ATOX1"
"ENSG00000177565.18",7385.47575037136,-0.0602032067249195,0.0711648278291194,-0.845968557241213,0.397570285125456,0.58792227496245,"TBL1XR1"
"ENSG00000177570.15",1561.40270750377,-0.155962795500492,0.105299040796896,-1.4811416544745,0.138568829960253,0.301148830749306,"SAMD12"
"ENSG00000177575.13",4917.32364994527,0.210168420370046,0.14565572076115,1.44291222666554,0.149045198464207,0.315839971514789,"CD163"
"ENSG00000177576.12",148.697562166325,-0.191427120049218,0.0717089421386788,-2.66950138072062,0.00759639607992824,0.0444397846932088,"C18orf32"
"ENSG00000177595.18",747.450963279432,-0.0549709753432065,0.102745156162826,-0.535022548956865,0.592634264957887,0.748703091991156,"PIDD1"
"ENSG00000177599.13",74.8587847667168,-0.199404830588638,0.104522789636868,-1.90776414676081,0.0564217066621262,0.168546243149589,"ZNF491"
"ENSG00000177600.9",27462.0824558798,0.157285052610225,0.0870267427237638,1.80731862054715,0.0707126143648722,0.195307372660502,"RPLP2"
"ENSG00000177602.5",115.877111862047,0.164387672593486,0.128889647511373,1.27541409079407,0.202162713863669,0.383117214973994,"HASPIN"
"ENSG00000177606.8",11041.784186757,-0.0811976422038317,0.110004703117751,-0.738128824518676,0.460436169276986,0.642899739294527,"JUN"
"ENSG00000177613.9",1583.73165207326,0.0382310424373321,0.0473371125049732,0.807633596859454,0.419301540099547,0.607529282830424,"CSTF2T"
"ENSG00000177614.11",431.974638013711,0.0453197922965644,0.16771238025372,0.27022329674174,0.786988470945925,0.881880632644711,"PGBD5"
"ENSG00000177627.11",11.7933665918789,-1.07373148335788,0.206397087160675,-5.20226083676274,1.96878636749283e-07,2.37740196486502e-05,"C12orf54"
"ENSG00000177628.16",2804.53740982794,0.2274861452206,0.0721377634777557,3.15349595348555,0.00161327465071358,0.0153634876848419,"GBA"
"ENSG00000177640.16",164.359786482664,-0.238245518692505,0.121335844077037,-1.96352133621159,0.0495856277804109,0.154878910375572,"CASC2"
"ENSG00000177646.19",1524.32373815843,-0.0408614092172831,0.056290956112323,-0.72589652120579,0.467902209305464,0.649240153972111,"ACAD9"
"ENSG00000177663.14",1861.73399943107,-0.00731574702459813,0.0658786432646632,-0.11104884165886,0.911577616169019,0.952906223058791,"IL17RA"
"ENSG00000177666.17",2347.17833744513,-0.0016093911615852,0.0899417578219838,-0.0178937036651048,0.985723651958634,0.993031274045595,"PNPLA2"
"ENSG00000177669.4",7.64038723805417,-0.167881914379298,0.142971706213554,-1.1742317331552,0.240302218712956,0.428194271441363,"MBOAT4"
"ENSG00000177674.16",2634.39541062573,0.215459759212069,0.0868119208128243,2.48191443288788,0.0130678651213064,0.0641315497470009,"AGTRAP"
"ENSG00000177675.9",337.958962406908,0.229865688975941,0.133148778548851,1.72638225811141,0.0842786654844754,0.21919300132604,"CD163L1"
"ENSG00000177679.16",205.655981161739,0.0383853843687981,0.149644074652094,0.256511221430183,0.797556116786377,0.888100846471554,"SRRM3"
"ENSG00000177683.14",1182.44615162789,-0.088814675806051,0.0594258120938764,-1.49454711137558,0.135032677938034,0.296468144723751,"THAP5"
"ENSG00000177685.17",1289.49146818697,-0.109474889167402,0.134705931659953,-0.81269538630085,0.416392727099746,0.6049996972738,"CRACR2B"
"ENSG00000177688.7",9.74038232540171,-0.795917044703416,0.190920678117299,-4.16883625467963,3.06158834036863e-05,0.000906039649919048,"SUMO4"
"ENSG00000177692.12",68.2832293640159,-0.190450792261787,0.0826102718106138,-2.30541297211078,0.0211434556753707,0.08821166288222,"DNAJC28"
"ENSG00000177694.16",865.915400517217,0.21173575029136,0.142145920195947,1.48956614442036,0.136338349433632,0.298194236479694,"NAALADL2"
"ENSG00000177697.19",12645.9828930374,0.165042978592741,0.0899784201533268,1.83425068268037,0.0666167911773622,0.188066889567364,"CD151"
"ENSG00000177699.4",25.3024653198068,-0.235752756601712,0.197678866267385,-1.19260475868386,0.233024201292837,0.419878751156794,"AC011944.1"
"ENSG00000177700.6",3894.7565619097,0.162678816357356,0.0973047776903735,1.6718481889451,0.0945542616201148,0.236087823017735,"POLR2L"
"ENSG00000177706.9",2100.16434117751,0.310238966018062,0.102938645523371,3.01382405452019,0.00257977369314137,0.0213678125736737,"FAM20C"
"ENSG00000177707.11",845.247460306342,0.398906650528083,0.152833505531543,2.61007328949707,0.00905228266874578,0.050212870191695,"NECTIN3"
"ENSG00000177721.4",176.464117333029,0.0980288431426003,0.106226250714075,0.922830679644909,0.356095450031928,0.54949330346213,"ANXA2R"
"ENSG00000177725.5",6.25024585064157,-0.131163713509175,0.39539510782825,-0.33172821542888,0.740094493149289,0.851680410646686,"AC105206.1"
"ENSG00000177728.17",3662.45104841791,-0.0227046031341456,0.0693308876451939,-0.327481789218366,0.743303514406675,0.853755075346932,"TMEM94"
"ENSG00000177731.16",7995.12086326903,0.1728288469492,0.0683317505102175,2.52926122422924,0.0114302919109608,0.0586181005224302,"FLII"
"ENSG00000177732.8",1460.97420170306,0.11710513662914,0.104914750584709,1.11619325191636,0.264339422381428,0.455921483155203,"SOX12"
"ENSG00000177733.7",7061.33105306623,0.149965992898166,0.0510212821086458,2.93928311285525,0.00328972423743911,0.0252194536062054,"HNRNPA0"
"ENSG00000177738.4",278.225359853119,-0.158438780970458,0.0950438447147896,-1.66700727907111,0.0955129574834713,0.237857199004952,"AC025171.1"
"ENSG00000177757.2",9.85807837479082,-0.270167439904268,0.139433897520476,-1.93760229548624,0.0526717622085575,0.161250664754897,"FAM87B"
"ENSG00000177788.6",692.962178993185,-0.0741882258713876,0.107419741342383,-0.690638656770964,0.489792648042684,0.668114337332941,"AL162595.1"
"ENSG00000177791.12",99.3537814877073,0.0133545394498415,0.182115975040015,0.0733298627257008,0.941543628643936,0.96937910221859,"MYOZ1"
"ENSG00000177807.10",85.0926033699908,-0.726793892122517,0.189849533221563,-3.82826272885442,0.00012905095813165,0.00263265536095406,"KCNJ10"
"ENSG00000177822.8",17.2532593331071,0.31826569283704,0.189036027414939,1.68362453014546,0.0922542549484949,0.232348960587052,"TENM3-AS1"
"ENSG00000177830.18",3759.45536810952,0.0115230165520677,0.0745614911704282,0.154543805001553,0.877180974670479,0.934258491624948,"CHID1"
"ENSG00000177839.7",89.5435760675035,0.183988423293432,0.13390080086278,1.37406514455415,0.169421459137667,0.342640544227332,"PCDHB9"
"ENSG00000177842.12",170.537125678954,-0.199348352336769,0.0780614541364805,-2.55373608577973,0.0106574001607002,0.0559647986672225,"ZNF620"
"ENSG00000177853.14",1482.04233264339,-0.204324173776854,0.085036160962489,-2.40279160611431,0.0162704565143842,0.0743266748763733,"ZNF518A"
"ENSG00000177854.8",499.835657872169,0.0685426882638862,0.0845676430807257,0.810507255102965,0.417648696961848,0.606004709869288,"TMEM187"
"ENSG00000177855.8",13.201340611914,-0.0103016545806422,0.158462247981486,-0.065010150441926,0.948165918468848,0.972647910139681,"CACYBPP2"
"ENSG00000177868.12",451.617176704441,0.019119846697521,0.0830672323600318,0.230173151967449,0.817957223417913,0.900775662849054,"SVBP"
"ENSG00000177873.14",256.567909893269,-0.0391535543313193,0.0635594225631377,-0.616014947153201,0.537884654757395,0.706171070500125,"ZNF619"
"ENSG00000177875.5",74.0527486721679,-0.377145349611848,0.144678168417268,-2.60678825103812,0.00913958606398396,0.0505875708775092,"CCDC184"
"ENSG00000177879.17",2200.23226118152,0.266366332294792,0.0587167891918579,4.53645943453134,5.72064867057046e-06,0.000264892289553967,"AP3S1"
"ENSG00000177885.15",8310.30686463856,0.0982065577063923,0.047370883103429,2.07314179665955,0.0381590851823328,0.13031392173304,"GRB2"
"ENSG00000177888.8",1979.13545883346,-0.0614820325215036,0.0888232550223956,-0.692183961351132,0.488821809567574,0.667282156133226,"ZBTB41"
"ENSG00000177889.10",4008.21077020933,0.0119758984398733,0.0661183191259253,0.181128295428452,0.856266875372403,0.92304816946044,"UBE2N"
"ENSG00000177910.8",1.21504390617606,-0.378976805790458,0.379992777387254,-0.99732633971682,0.318606132610409,0.512333557428436,"SPATA31C2"
"ENSG00000177917.11",1019.44157759118,0.0258102584048956,0.0766467883551179,0.33674285588213,0.736310753882994,0.849410739051508,"ARL6IP6"
"ENSG00000177932.7",226.964270583192,-0.245746320160971,0.118555946670857,-2.0728299765783,0.0381881056039678,0.130386278317393,"ZNF354C"
"ENSG00000177943.14",365.532522110597,-0.299541418344594,0.142968862961777,-2.09515143464963,0.0361575328925822,0.125669980435613,"MAMDC4"
"ENSG00000177946.6",653.235843511979,0.11775236209715,0.0693229962682783,1.69860462524516,0.0893937043989812,0.227728563819365,"CENPBD1"
"ENSG00000177947.14",1.87066832938398,-0.642070109615444,0.37064329546754,-1.73231275856621,0.0832178915533523,0.21744814896817,"ODF3"
"ENSG00000177951.17",2417.516964016,0.0245680382933261,0.0578486624323867,0.424695010399612,0.671059021606299,0.805972871801533,"BET1L"
"ENSG00000177954.14",29814.8612835453,0.0588646421102841,0.0847955464767393,0.694194973157364,0.487559944646664,0.666275635896988,"RPS27"
"ENSG00000177963.14",4676.2861098177,0.150504898328543,0.0527489423778181,2.85323063447492,0.0043277200000576,0.0303523871838883,"RIC8A"
"ENSG00000177971.8",779.858633861458,0.119135668567297,0.0673919569469285,1.76780247917592,0.0770939303246972,0.206607761595439,"IMP3"
"ENSG00000177981.11",1371.24053923019,-0.0255030458744517,0.0425957341159666,-0.598723003693746,0.549357614563614,0.715233689335636,"ASB8"
"ENSG00000177984.7",11.814801364426,0.144890445516265,0.430206393625571,0.336792868872074,0.736273049169189,0.849410739051508,"LCN15"
"ENSG00000177989.13",1120.2504138248,-0.1575566254079,0.111098378933039,-1.41817213645271,0.156140514694119,0.325529848814034,"ODF3B"
"ENSG00000177990.12",77.8571630030992,-0.357051962767731,0.163789624051263,-2.1799425014614,0.0292617239454606,0.108911187849773,"DPY19L2"
"ENSG00000177993.3",11.0072577733383,0.000792214849494506,0.170763887533205,0.00463924112374439,0.996298434411388,0.998157256081921,"ZNRF3-AS1"
"ENSG00000177994.16",21.9178532110448,-0.746227113077872,0.229409057346076,-3.25282323945975,0.00114264552433034,0.0120730236247319,"C2orf73"
"ENSG00000178015.5",17.5350400788465,-0.0152813811322484,0.12879851934265,-0.11864562737398,0.905556115213427,0.949833960612477,"GPR150"
"ENSG00000178021.11",3.78162446945759,-1.8641372550567,0.359608506174286,-5.18379633142837,2.17414347964086e-07,2.47570892867361e-05,"TSPYL6"
"ENSG00000178026.13",454.752681049176,-0.15842061229646,0.118337098150864,-1.33872314575852,0.180660818372527,0.357436019916127,"LRRC75B"
"ENSG00000178028.14",1582.92270999808,-0.148621112763964,0.067316169005627,-2.20780705377842,0.0272577261516149,0.10407076971771,"DMAP1"
"ENSG00000178031.17",242.431290135015,-0.450417051348401,0.174621686145173,-2.57938782571338,0.00989755979275531,0.0533548345499033,"ADAMTSL1"
"ENSG00000178033.6",363.544596224704,0.0223469979666729,0.116326219327458,0.192106286062355,0.847658951056464,0.91739738734327,"CALHM5"
"ENSG00000178035.13",5518.18808136198,0.0532159710814659,0.0742231083539905,0.716973086436426,0.473390703325365,0.653885270954296,"IMPDH2"
"ENSG00000178038.17",1921.11781992437,0.083734942849432,0.135077449117322,0.619903199213541,0.535321519382931,0.704138886050172,"ALS2CL"
"ENSG00000178053.20",1256.86819505702,-0.185119886317197,0.106282277405533,-1.74177568298476,0.0815477033241751,0.214808741733663,"MLF1"
"ENSG00000178055.13",5.16484808988806,-0.227523958453337,0.192984269988423,-1.17897670347425,0.238407452535866,0.426045305733214,"PRSS42P"
"ENSG00000178057.15",1684.46729655486,0.184198527229697,0.0731402766497504,2.51842809006282,0.0117879951397505,0.0597803080255467,"NDUFAF3"
"ENSG00000178074.6",887.854837028631,0.0149816272585976,0.0555267196561593,0.269809334161446,0.787306941436482,0.882091271710877,"C2orf69"
"ENSG00000178075.20",488.212738422999,-0.0207558034675825,0.0946692966843609,-0.219245354032627,0.826458927390634,0.904959614195572,"GRAMD1C"
"ENSG00000178078.12",1364.70817691489,0.170742020372599,0.0967050212815242,1.76559622354605,0.077463614052725,0.207214856392204,"STAP2"
"ENSG00000178082.6",9.57667649029052,0.163730922034835,0.163542159535614,1.00115421307727,0.316752258669025,0.510808086600525,"TWF1P1"
"ENSG00000178084.2",11.8190618693167,-0.913970344772389,0.344287557871493,-2.65467143344615,0.00793856902029364,0.0459011424787489,"HTR3C"
"ENSG00000178093.14",62.2021454113102,-0.10843497807248,0.0862685742419265,-1.25694644921789,0.208773027342119,0.390862372521053,"TSSK6"
"ENSG00000178096.9",671.246536336669,0.170877548264373,0.0943293126528306,1.81149998297211,0.0700634917000956,0.194142640796611,"BOLA1"
"ENSG00000178104.19",3255.92033588734,-0.00935543670090111,0.0641946395654168,-0.145735481408343,0.884130210274745,0.938384697686753,"PDE4DIP"
"ENSG00000178105.11",1189.46402791841,0.135896655019213,0.0698248970798161,1.94624927071315,0.051624804035376,0.159039798717344,"DDX10"
"ENSG00000178125.14",21.6244061414615,-0.92847326900126,0.231006206673,-4.01925680860842,5.83820082317564e-05,0.00148261800157122,"PPP1R42"
"ENSG00000178127.13",58.8083758412367,-0.655047031145727,0.161426807576907,-4.05785780551753,4.95249052828591e-05,0.00130548905113399,"NDUFV2"
"ENSG00000178146.9",31.2812256924659,-0.381072938746949,0.128685198241368,-2.96128027119476,0.00306363009044978,0.0239937512588437,"GK4P"
"ENSG00000178149.17",770.074932435406,0.0637902270028655,0.0669652448991759,0.952587078549614,0.340799326677862,0.534147140564907,"DALRD3"
"ENSG00000178150.10",159.982243260838,0.571206866834189,0.222989389037158,2.56158765805222,0.0104194943513336,0.0551416667364408,"ZNF114"
"ENSG00000178162.8",20.9372397655522,0.27955113859435,0.220881890502402,1.26561366329536,0.205651431944141,0.386931513066758,"FAR2P2"
"ENSG00000178163.8",1124.59056318687,-0.00460838801887815,0.104209220593293,-0.044222459324053,0.964727079611967,0.982513909703442,"ZNF518B"
"ENSG00000178171.11",3.32132916531993,-0.822302427416849,0.421163354232648,-1.95245483528611,0.0508842281499936,0.157508467632139,"AMER3"
"ENSG00000178172.7",5.34148217870075,-0.109115549480635,0.275476461063306,-0.39609754335983,0.69203307053091,0.819807038755536,"SPINK6"
"ENSG00000178175.12",114.084896757273,-0.316967000787518,0.140800225936303,-2.25118247275336,0.0243739825464001,0.0968241261087339,"ZNF366"
"ENSG00000178177.16",569.784784727163,-0.079890549674304,0.0829596941202446,-0.963004390523765,0.335545319936804,0.528869494705108,"LCORL"
"ENSG00000178184.16",337.707757801356,0.066328208660674,0.0962447088625003,0.68916213103656,0.490721244679091,0.668891811764329,"PARD6G"
"ENSG00000178187.8",48.5960049475678,-0.290469949440345,0.167353948063787,-1.73566236590745,0.0826235515458148,0.216392849403305,"ZNF454"
"ENSG00000178188.14",2172.5102929086,-0.0867289644327557,0.0747999422877036,-1.15947902872932,0.246260979887437,0.43540693211988,"SH2B1"
"ENSG00000178199.14",201.459455520238,-0.537187774992505,0.118131630315537,-4.54736613350415,5.4321449995992e-06,0.000255080963993873,"ZC3H12D"
"ENSG00000178201.4",37.075287086863,-0.170717996666482,0.121536861369673,-1.40466023840469,0.160122334694776,0.330909552389396,"VN1R1"
"ENSG00000178202.13",2512.49241375253,0.0889870352460597,0.0804920190753681,1.10553861448968,0.268926271996303,0.460682396376275,"POGLUT3"
"ENSG00000178209.16",25904.7549994145,0.486243279108179,0.112420497660094,4.32521905905759,1.52380359529353e-05,0.000540276816806257,"PLEC"
"ENSG00000178217.14",17.206532939007,0.120967586557838,0.172440587528837,0.701502983093287,0.482989173618818,0.662419708793186,"SH2D4B"
"ENSG00000178222.13",523.334888164144,0.155710848952219,0.194090798233594,0.802257759612159,0.422403871147237,0.609974317236609,"RNF212"
"ENSG00000178226.11",142.634426225908,0.268899726464633,0.110010564782938,2.44430820799075,0.0145130222921747,0.0687510032972924,"PRSS36"
"ENSG00000178229.8",237.139861520691,-0.18380219992308,0.0779784162442591,-2.35709070247515,0.0184187473788477,0.0807925370861627,"ZNF543"
"ENSG00000178233.18",4.17346264837318,-0.10572123546134,0.280109682432064,-0.37742799371807,0.705855566567749,0.829072124810021,"TMEM151B"
"ENSG00000178234.13",2327.99475851488,-0.140946690806527,0.0734338017524456,-1.91937074539155,0.0549374305509512,0.165508268512607,"GALNT11"
"ENSG00000178235.8",4.1886223539872,-0.612309275771835,0.520974891279171,-1.17531436931328,0.239868967799024,0.427651148384541,"SLITRK1"
"ENSG00000178248.11",4.88313265121094,0.55685071163622,0.307819428768431,1.80901742903023,0.0704482956814515,0.194819761452161,"FAM230I"
"ENSG00000178252.18",4845.92028479365,-0.160885084662168,0.0653875633560287,-2.46048447754758,0.0138749573870396,0.0667617648294501,"WDR6"
"ENSG00000178287.18",0.361205537695158,-1.05064770935871,1.26962868151449,-0.827523609584364,0.407940345931138,0.597411715364009,"SPAG11A"
"ENSG00000178295.15",670.877888582046,-0.0781863371948863,0.0903742704062371,-0.865139346004506,0.386962311334469,0.578246564504575,"GEN1"
"ENSG00000178297.14",38.306786101882,-0.334378044844236,0.152613860035812,-2.1910070603402,0.0284512815332395,0.106850368424833,"TMPRSS9"
"ENSG00000178301.4",87.1391660508986,0.1544806447096,0.103317322551546,1.4952056527842,0.134860778718307,0.296351444573514,"AQP11"
"ENSG00000178307.10",978.806737638447,0.265709799013927,0.0679626632483902,3.90964371191297,9.24323518660863e-05,0.0020891719556535,"TMEM11"
"ENSG00000178338.11",300.101238216489,-0.248286284058794,0.0805012552926385,-3.08425357040983,0.0020406358745572,0.0181010313390982,"ZNF354B"
"ENSG00000178342.4",27.6472613394106,0.486879029279699,0.17830271586682,2.73063159421175,0.00632130907922,0.0393300959025363,"KCNG2"
"ENSG00000178343.5",482.376849901055,-0.41476758931783,0.258078688655754,-1.60713614703413,0.10802450540844,0.257165524387786,"SHISA3"
"ENSG00000178363.5",3.7467089606557,-2.26248874581162,0.428534347928471,-5.27959720556464,1.29468180569664e-07,1.71728451621746e-05,"CALML3"
"ENSG00000178372.8",29.8956276319136,-0.717744950688248,0.430706334248186,-1.66643695162064,0.0956264160862257,0.238007643104856,"CALML5"
"ENSG00000178381.12",812.4950942149,0.287547901960207,0.0984114759761898,2.92189400786731,0.00347909915389035,0.026223601569045,"ZFAND2A"
"ENSG00000178385.15",940.234291693207,-0.221569651163832,0.0776992546127781,-2.85163161819308,0.0043495475217757,0.0304669652098629,"PLEKHM3"
"ENSG00000178386.13",36.9227615049962,-0.1068440499156,0.0860182515611638,-1.24210906379129,0.214196324851524,0.397128598500963,"ZNF223"
"ENSG00000178394.5",0.945358290349882,-0.615664266066278,0.527715998692495,-1.16665833060148,0.24334837691356,0.432026743058879,"HTR1A"
"ENSG00000178395.7",15.7559241278113,-0.0945334491395341,0.249326257083699,-0.379155610184286,0.704572312759125,0.828149197129376,"CCDC185"
"ENSG00000178397.13",1015.95942796341,0.231090236606949,0.0709722189739619,3.25606610512954,0.0011296744675815,0.0119816030739697,"FAM220A"
"ENSG00000178401.16",435.664449546808,0.148316764674717,0.181593889855838,0.816749752937508,0.414071452418113,0.603109886782889,"DNAJC22"
"ENSG00000178403.4",1.45494444954071,-0.0655570780761856,0.431330975499633,-0.151987874277398,0.879196499465508,0.93539610398399,"NEUROG2"
"ENSG00000178404.10",9.83932557309225,-0.210009823739905,0.156061205182954,-1.34568885004896,0.178402883735524,0.354343025748321,"CEP295NL"
"ENSG00000178409.14",417.502593056301,-0.059948267446363,0.0746924248015221,-0.80260170433162,0.422204982948105,0.609856926247814,"BEND3"
"ENSG00000178425.14",1503.68527689749,-0.0455725915823111,0.0619971015447229,-0.735076163995123,0.462293110008609,0.644600431859808,"NT5DC1"
"ENSG00000178429.9",51.4463140867779,-0.00449770294863394,0.146321867032538,-0.0307384196214075,0.975478151201336,0.987799177998628,"RPS3AP5"
"ENSG00000178440.7",12.7505698973241,-0.301823984732744,0.15917656626207,-1.89615840962305,0.0579391008927063,0.171539927614128,"TIMM23B-AGAP6"
"ENSG00000178445.10",214.466005242159,-0.212636152080805,0.203772535434863,-1.04349760200523,0.296717890856569,0.489439542559043,"GLDC"
"ENSG00000178449.9",1139.08440142418,-0.0648579810561745,0.0901215234354285,-0.719672488699604,0.471726668865356,0.652425888440275,"COX14"
"ENSG00000178458.5",25.3477488936172,0.234836933343832,0.162964610175851,1.44103025246049,0.149576136272586,0.316602346298124,"H3P16"
"ENSG00000178460.18",102.346780542049,-0.264061819722257,0.116626001033807,-2.26417623327163,0.0235632777402774,0.0946083219738368,"MCMDC2"
"ENSG00000178462.12",25.0495498592947,0.0029261640955489,0.215529833463579,0.0135766081591826,0.989167766736689,0.994483575859255,"TUBAL3"
"ENSG00000178464.6",173.383985960336,-0.172496284927854,0.126981584118301,-1.35843544656956,0.174325553080261,0.349543521964655,"RPL10P16"
"ENSG00000178467.18",1699.85303906413,0.0169687884271684,0.069212274901904,0.245170216572402,0.806324636466028,0.89332957307762,"P4HTM"
"ENSG00000178473.7",97.0656453197869,0.0229880918483218,0.284160854064644,0.0808981656674365,0.935522938771104,0.966138259212928,"UCN3"
"ENSG00000178498.16",1185.82242219474,0.0285548347478653,0.0930322206651718,0.306934893563766,0.758892928924633,0.863995564158527,"DTX3"
"ENSG00000178502.6",269.352931301958,-0.240074405662567,0.115725490222604,-2.07451621246773,0.0380313946538642,0.130064635049933,"KLHL11"
"ENSG00000178531.6",328.320867061667,0.136782448484321,0.153996277273181,0.888219188842316,0.374422858837387,0.566209131507682,"CTXN1"
"ENSG00000178537.10",831.727527922158,0.0180125736049735,0.0747220331295202,0.241061074633117,0.809507781172768,0.895317280906068,"SLC25A20"
"ENSG00000178538.10",361.460141247493,0.526291258565659,0.218051453210963,2.41361041541179,0.0157953412200794,0.0728458644189091,"CA8"
"ENSG00000178562.18",258.555172917751,-0.325882599674811,0.127415527239613,-2.557636472845,0.0105386196847912,0.0556173849783703,"CD28"
"ENSG00000178567.8",1645.12169347155,-0.173912852729791,0.0633263490360524,-2.74629526851107,0.00602724912409771,0.0380954993143652,"EPM2AIP1"
"ENSG00000178568.15",229.436051878705,-0.354330842108384,0.220478361959038,-1.60710030208867,0.108032367060102,0.257165851317888,"ERBB4"
"ENSG00000178573.7",2065.44507296399,0.0605204975827489,0.0934341728783803,0.647734075427907,0.517156960776983,0.690921561467754,"MAF"
"ENSG00000178585.15",1800.56298391701,0.0396340862821537,0.0839019325725056,0.472385856522471,0.636651397795172,0.780787379334537,"CTNNBIP1"
"ENSG00000178597.7",29.7735069395008,0.457238227770176,0.286168566901547,1.59779333111552,0.110088979314237,0.259998041307291,"PSAPL1"
"ENSG00000178602.8",1.89711599334194,-0.683076511453137,0.523765031987999,-1.30416593269019,0.19217701260628,0.371359294253926,"OTOS"
"ENSG00000178605.13",1998.05549581779,0.0607687089983372,0.0801734544737603,0.757965456237462,0.448471662726605,0.632587682377531,"GTPBP6"
"ENSG00000178607.16",2511.14856496321,-0.339605720443563,0.0742033475040555,-4.57669002634958,4.72390610762343e-06,0.000231624456614296,"ERN1"
"ENSG00000178623.12",338.980007335912,0.436441417618125,0.179931678535005,2.42559521020206,0.0152833062934976,0.0712514309680206,"GPR35"
"ENSG00000178631.7",16.6236477110567,0.0717803627576224,0.115111851468947,0.623570569334349,0.532909643682288,0.70246508956386,"ACTG1P1"
"ENSG00000178636.8",5.50213179632773,-0.334258015533177,0.16079227960581,-2.07881881115578,0.0376340072273022,0.129143372770416,"AC092656.1"
"ENSG00000178660.6",5.28412533575488,-0.127275743478285,0.170220395602276,-0.747711477393505,0.454634206736782,0.637955687637514,"ARMC10P1"
"ENSG00000178662.16",165.135237292641,-0.686145243782618,0.167213233461478,-4.10341472130369,4.07096551478187e-05,0.00113276152788814,"CSRNP3"
"ENSG00000178665.16",138.342207926493,0.0337454700630757,0.0963081818066211,0.350390480123836,0.726045669886165,0.84260945546083,"ZNF713"
"ENSG00000178685.14",3736.98766609627,0.0281529696160997,0.0936261150063514,0.300695693869065,0.763646552707499,0.866976459651859,"PARP10"
"ENSG00000178690.3",1.27952891064587,-1.94530593727747,0.486675464462101,-3.99713172191148,6.41146281994051e-05,0.00159177353962923,"DYNAP"
"ENSG00000178691.11",2453.6509929216,0.0324512331096139,0.0633588740364034,0.5121813416534,0.608524100215776,0.76090251254535,"SUZ12"
"ENSG00000178694.10",752.831722151195,-0.124189285937982,0.0599918286874122,-2.07010335665997,0.0384426666279791,0.1309867669681,"NSUN3"
"ENSG00000178695.6",6702.67771624941,-0.129278334002738,0.112714915412223,-1.14694966083184,0.251402426403467,0.441499155092871,"KCTD12"
"ENSG00000178700.9",430.996014415945,-0.0420493516615975,0.0688138886239971,-0.611059082729033,0.541160466774017,0.709241247896207,"DHFR2"
"ENSG00000178715.8",44.8272566598992,0.0491649217698471,0.179832230755123,0.273393270846952,0.784550924917484,0.880322670057557,"AL450998.1"
"ENSG00000178718.7",821.870219005554,0.451988202954108,0.10406852894371,4.34317855303389,1.40435903166068e-05,0.00051042931485894,"RPP25"
"ENSG00000178719.17",9643.7916887029,0.242732411676411,0.0812034057217728,2.98919004097051,0.00279718093649657,0.0225433417861972,"GRINA"
"ENSG00000178722.13",4.74903384465261,-0.204195976341303,0.192170106247961,-1.06257929668741,0.287972779928045,0.480474846613646,"C5orf64"
"ENSG00000178723.7",2.9827598533491,0.076244767426048,0.171786520055577,0.443834402148556,0.657162313967516,0.795828056122527,"GLULP4"
"ENSG00000178726.7",3019.57346600059,-0.00472320720459446,0.155395625593061,-0.0303947243467667,0.975752252274913,0.987848789201296,"THBD"
"ENSG00000178732.5",11.0112486469672,-0.292778603037348,0.153654457437123,-1.90543514272703,0.0567235306850892,0.169174640069755,"GP5"
"ENSG00000178734.5",9.42980517216494,-0.0953806058032171,0.196906409128258,-0.484395638646224,0.62810511306553,0.775311614263463,"LMO7DN"
"ENSG00000178741.12",3170.951847806,0.21097086610697,0.0814879619968918,2.58898199116842,0.00962601284853769,0.0522775333190227,"COX5A"
"ENSG00000178750.3",140.189800793192,0.0879371316764232,0.128439707185347,0.684656899361533,0.493560452780018,0.671246248137465,"STX19"
"ENSG00000178752.16",260.435370750569,0.702909881709864,0.210598018485603,3.33768516325293,0.000844794128580036,0.00979065815981544,"ERFE"
"ENSG00000178761.15",412.122557533964,-0.0635547604346374,0.0542784449382439,-1.17090238135871,0.24163801782419,0.429815383203545,"FAM219B"
"ENSG00000178764.8",1542.46837668374,-0.028956092658298,0.0659660250115757,-0.43895463844027,0.660694405103948,0.798507961996796,"ZHX2"
"ENSG00000178772.7",4.71893125379406,-0.20436739145083,0.197855740227857,-1.03291110591724,0.30164550096581,0.49453901786586,"CPN2"
"ENSG00000178773.15",337.847817695551,0.0487290974396164,0.177944460229307,0.273844419639825,0.784204185962388,0.880167499944469,"CPNE7"
"ENSG00000178776.5",63.0028848344666,-0.392264970183373,0.197106427792598,-1.99011759573933,0.0465779829275723,0.148778737945665,"C5orf46"
"ENSG00000178789.9",62.923722347134,-0.00625798387162905,0.121644643250608,-0.0514447961242038,0.958971089863502,0.979282221278423,"CD300LB"
"ENSG00000178795.9",7.83081748089657,-0.197219933246109,0.172952900487392,-1.14031006528559,0.254157145926719,0.444633324817407,"GDPD4"
"ENSG00000178796.13",38.3940318999515,-0.445789080619291,0.219455660190344,-2.03134009044304,0.0422205071903805,0.139393826446781,"RIIAD1"
"ENSG00000178802.18",1568.06703898455,0.0878297228275226,0.0576764624745473,1.52280010006304,0.127808724944707,0.286772793705236,"MPI"
"ENSG00000178803.12",19.0930895633245,-0.099667234432537,0.159571277090157,-0.624593825718554,0.532237673021127,0.701940613527665,"ADORA2A-AS1"
"ENSG00000178809.11",5.87892631270338,-0.201950086348043,0.14272852859098,-1.41492446073465,0.157090645251913,0.326998802824305,"TRIM73"
"ENSG00000178814.17",1170.88641640916,-0.0440953515427366,0.123569054388291,-0.356847851276549,0.721205711306838,0.840119342828454,"OPLAH"
"ENSG00000178821.13",100.212495427352,0.0711190925578501,0.152248752835367,0.467124303046044,0.640410947353011,0.783522036977208,"TMEM52"
"ENSG00000178826.11",97.2449276785046,0.31849588384654,0.206134398597774,1.54508847631983,0.1223248639701,0.278197727294151,"TMEM139"
"ENSG00000178828.7",21.5627843963971,-0.621637192810209,0.305293001471974,-2.03619863479666,0.0417304133037301,0.138302327863641,"RNF186"
"ENSG00000178852.16",168.908799809621,-0.718549616510315,0.146713311562015,-4.89764431638901,9.69923956598632e-07,7.3390177925087e-05,"EFCAB13"
"ENSG00000178860.8",319.813808745901,0.484254542095226,0.145147193939007,3.33629971722854,0.000849015785098345,0.00983175044635798,"MSC"
"ENSG00000178878.13",1312.49132127566,-0.197478698504898,0.135565964915637,-1.45669821055594,0.145199703964164,0.31077683986364,"APOLD1"
"ENSG00000178882.15",233.490621598812,0.650346465173338,0.18510827366862,3.51333007587541,0.00044252736462612,0.00622173291828438,"RFLNA"
"ENSG00000178896.9",769.302891520292,0.268611721943212,0.10316466455653,2.60371827018372,0.009221852668533,0.0508400630722751,"EXOSC4"
"ENSG00000178904.19",1462.97536811755,-0.105133091540894,0.0621578395261166,-1.69138908852713,0.0907625149020405,0.229983743712127,"DPY19L3"
"ENSG00000178913.8",5227.01330766967,0.144299961462095,0.061241554110983,2.35624264532203,0.0184608545435413,0.0808838688830248,"TAF7"
"ENSG00000178917.16",127.786160234381,-0.332132194346587,0.0893516343518754,-3.71713619740427,0.000201493832490693,0.00361245781643115,"ZNF852"
"ENSG00000178919.9",133.934383021374,-0.237971582142117,0.324817589097257,-0.732631452636217,0.463783242280043,0.645862515534872,"FOXE1"
"ENSG00000178921.14",1113.67059231665,-0.0784879619804529,0.0714381681624029,-1.09868385485506,0.271905987206669,0.463972427454852,"PFAS"
"ENSG00000178927.18",4302.47069998701,0.0256560305445873,0.0635374954568321,0.40379354521486,0.686364543452522,0.816552074466577,"CYBC1"
"ENSG00000178934.5",28.3058143544012,-1.12690637708797,0.272274321642543,-4.1388639600301,3.49029826058961e-05,0.00100782740667658,"LGALS7B"
"ENSG00000178935.5",560.210002909473,-0.183664023051878,0.0898203988077299,-2.04479189014769,0.040875379644068,0.136497685499684,"ZNF552"
"ENSG00000178947.9",492.633056079341,0.121573598152753,0.180757384196437,0.672578875232196,0.501215244829762,0.677707215143732,"SMIM10L2A"
"ENSG00000178950.17",5022.43271623631,0.0515497901517827,0.0734466138091272,0.701867485487488,0.482761807703728,0.662383754374153,"GAK"
"ENSG00000178951.9",2321.2100740978,0.0850360883876465,0.067720563128446,1.25569080437736,0.209228094485571,0.391404784497843,"ZBTB7A"
"ENSG00000178952.11",7981.63489280184,0.178712058337206,0.0710825539831529,2.51414796350117,0.0119320361221175,0.0602263915423979,"TUFM"
"ENSG00000178965.14",260.361522907872,-1.42410033214571,0.277693921402362,-5.12830934488576,2.92355767906514e-07,3.07047336937273e-05,"ERICH3"
"ENSG00000178966.17",681.642289289495,0.0549444545951087,0.0741937120375656,0.74055405891121,0.458963872184671,0.641560357288593,"RMI1"
"ENSG00000178971.16",1487.15303318132,-0.195863915117946,0.0735488015822388,-2.6630469960675,0.00774365983003167,0.0450637417796267,"CTC1"
"ENSG00000178974.10",2355.61869241849,-0.0222909934558392,0.0610341450002352,-0.365221687888858,0.714945930246254,0.835537620848797,"FBXO34"
"ENSG00000178977.3",142.073472899286,-0.0285159602813004,0.0969536210042944,-0.2941196005463,0.768666513882559,0.870449464173198,"LINC00324"
"ENSG00000178980.15",11176.49222951,0.0306413424148136,0.100022594438547,0.306344207394454,0.759342583459303,0.864271055044634,"SELENOW"
"ENSG00000178982.10",6088.25990452598,0.171676666843236,0.0754491232767636,2.27539644448205,0.0228821584789821,0.0927837906749909,"EIF3K"
"ENSG00000178988.11",2912.77849192616,0.102784455818122,0.0472482961646634,2.17541084359766,0.0295993426380718,0.109707931578132,"MRFAP1L1"
"ENSG00000178996.14",2230.00349775283,-0.0979084067008439,0.0799271295393694,-1.22497088616973,0.220586190100188,0.405098826902845,"SNX18"
"ENSG00000178997.11",7.27105018490691,-0.140681148024995,0.206485515682919,-0.681312427943015,0.495673821096169,0.672910965819392,"EXD1"
"ENSG00000178999.13",644.551208511184,0.134278662626865,0.164819736133113,0.81470014318199,0.415243971393859,0.604068755554301,"AURKB"
"ENSG00000179008.9",18.0389473586932,-1.31579519314483,0.256442699383453,-5.13095204623999,2.88280352551555e-07,3.03725246123383e-05,"C14orf39"
"ENSG00000179010.14",11239.8281428573,0.155477480707097,0.0564422203508298,2.75463083735349,0.00587583915407767,0.0374400598960207,"MRFAP1"
"ENSG00000179021.10",927.058851936531,0.0453969922068013,0.0674035935786811,0.673509968779466,0.500622908864235,0.677167190309789,"C3orf38"
"ENSG00000179023.8",483.459093118089,-0.359108531708358,0.18081000127707,-1.98610988978462,0.047021123381585,0.149677240725032,"KLHDC7A"
"ENSG00000179029.15",504.858859402212,-0.037023294961338,0.0727865859443285,-0.508655468325656,0.610993741592205,0.76260833166489,"TMEM107"
"ENSG00000179031.8",56.6527897159318,-0.23718893980405,0.222354727329838,-1.06671417627298,0.286100923626787,0.47857901071731,"NSA2P3"
"ENSG00000179038.8",4.2639151112803,-0.557084919319507,0.239265812617142,-2.32830972894118,0.0198956630711697,0.0849976017744712,"AP001885.1"
"ENSG00000179041.4",883.483495429923,0.210356063088551,0.0945210966233972,2.22549325603657,0.0260481433595725,0.101062910717894,"RRS1"
"ENSG00000179044.16",260.966908107394,0.0127006162714847,0.100438697643438,0.126451423300733,0.899374598887999,0.946451260257867,"EXOC3L1"
"ENSG00000179046.8",1.53045968215048,0.41559583469214,0.344983758891999,1.20468231903707,0.2283259642093,0.414281777013473,"TRIML2"
"ENSG00000179051.14",5978.91686313999,0.164042051490782,0.0743236038294684,2.20713263403061,0.0273047944570207,0.104178148276139,"RCC2"
"ENSG00000179055.7",1.01887259973994,-0.556328369122635,0.70939767493386,-0.78422637792618,0.432907289919814,0.618859193283187,"OR13D1"
"ENSG00000179057.14",43.2630525834235,0.0609127002192864,0.0932588301700868,0.653157455526656,0.513654774763086,0.68803493929541,"IGSF22"
"ENSG00000179058.7",18.4838213074526,-0.0987360113345137,0.168567430555642,-0.585735993062564,0.558052942572487,0.722169573485669,"C9orf50"
"ENSG00000179059.10",54.3927096550129,0.601710821287258,0.397562070324043,1.51350157925483,0.130152300308671,0.290056933809262,"ZFP42"
"ENSG00000179066.8",53.0244438647693,0.044908524241978,0.23966772070023,0.187378275684227,0.851364054424747,0.920035817448815,"AC020907.1"
"ENSG00000179071.5",49.1103873093114,-0.51744632238538,0.146680179165133,-3.52771809613647,0.00041915829777277,0.00598928635525702,"CCDC89"
"ENSG00000179082.3",17.2171609024374,-0.0531784887518159,0.201012589043618,-0.264553026279745,0.791353810629702,0.884408943178741,"C9orf106"
"ENSG00000179083.6",218.664875340423,-0.410067102055345,0.355103706912858,-1.15478124861134,0.248180017778305,0.437617569614591,"FAM133A"
"ENSG00000179085.8",1054.64942838608,0.205998585806368,0.119856801788199,1.7187058450833,0.0856679471926698,0.221457340202221,"DPM3"
"ENSG00000179088.15",28.9561672030052,-0.821961011084808,0.205080589842118,-4.00799028185747,6.12376395613161e-05,0.00153938684720918,"C12orf42"
"ENSG00000179091.5",5184.28530822855,0.149996828325226,0.10687701578806,1.40345262467539,0.160481909789437,0.331337057396705,"CYC1"
"ENSG00000179094.16",5204.53782327946,-0.103440247215052,0.133315760625776,-0.775904114633632,0.43780560297565,0.623349883776863,"PER1"
"ENSG00000179097.6",23.3003734961409,-0.488928696593224,0.172890197118658,-2.82797234742963,0.00468438526610159,0.031961544628712,"HTR1F"
"ENSG00000179101.5",13.9763371803237,0.19335525764615,0.102028797580781,1.89510473739595,0.0580785271635095,0.171784684155537,"H3P47"
"ENSG00000179104.9",1330.25345549834,-0.240562624670735,0.0891580845408373,-2.6981582871551,0.00697242791814495,0.0420745316071245,"TMTC2"
"ENSG00000179111.9",11.2462423919152,0.62367102391821,0.222439863341998,2.8037736336824,0.00505083527522214,0.0336718980412436,"HES7"
"ENSG00000179115.11",2364.16561609532,0.116982070572474,0.0734851892601374,1.59191357810018,0.111404124223619,0.262041611282958,"FARSA"
"ENSG00000179119.15",1733.80614960041,0.0194656401171575,0.0495929793938387,0.392507979054307,0.694682916973098,0.821630550100726,"SPTY2D1"
"ENSG00000179133.15",52.2323168628543,-0.404284840117838,0.264203832029509,-1.53020051606475,0.125967103685899,0.283884301293889,"C10orf67"
"ENSG00000179134.15",4855.69691786083,0.0844049343526096,0.0666766417820463,1.26588460511424,0.20555439882825,0.386880128904343,"SAMD4B"
"ENSG00000179136.7",3.03452503522729,-0.0433480982594735,0.269746657914476,-0.160699296868461,0.872330243254493,0.931715080962171,"LINC00670"
"ENSG00000179144.5",744.443089079439,-0.0375146089676863,0.130816507445306,-0.286772745277357,0.774286332930394,0.874078220610729,"GIMAP7"
"ENSG00000179148.10",26.8073472634399,0.659097233628563,0.202280672865579,3.25833024130066,0.0011206990513161,0.0119167785102099,"ALOXE3"
"ENSG00000179151.13",1255.55986649181,-0.00828192176699932,0.056778397175979,-0.145863958458185,0.884028784205076,0.938361502693502,"EDC3"
"ENSG00000179152.20",1413.36060691598,0.0275913718471114,0.0646121463642596,0.427030727188064,0.669356947296375,0.804972311887969,"TCAIM"
"ENSG00000179163.12",5063.10197592705,-0.0522951149136053,0.093419795004075,-0.55978623065191,0.575625256696635,0.735616907385271,"FUCA1"
"ENSG00000179165.11",5.32163954964598,-0.486420762750207,0.184576028857281,-2.63534092569692,0.00840528131371211,0.0477619100149202,"PXT1"
"ENSG00000179168.15",24.3381335816424,0.296120032661671,0.109037907807767,2.71575306804059,0.00661252175455293,0.0405265129613914,"GGN"
"ENSG00000179178.11",4188.66692988685,-0.101350370097682,0.127835557147178,-0.792818307828048,0.427883688350533,0.61509203956193,"TMEM125"
"ENSG00000179195.16",6892.98352085859,-0.164254175228789,0.0603879378141583,-2.7199831816459,0.00652852367249702,0.0402249454629996,"ZNF664"
"ENSG00000179218.14",40748.1680371225,0.0862836516929574,0.0672076936395371,1.28383592741231,0.199199369807481,0.379858217480983,"CALR"
"ENSG00000179219.5",2.68551045896493,0.557330213260307,0.285625277889255,1.95126361846867,0.0510256945441912,0.157828072675901,"LINC00311"
"ENSG00000179222.18",11307.4876860633,0.0289446023192701,0.0855363874405333,0.338389347333531,0.735069800747966,0.848626079350234,"MAGED1"
"ENSG00000179240.13",269.498729488335,-0.396950049073657,0.116254230207909,-3.41449982821057,0.000638992338382762,0.0079737525943693,"GVQW3"
"ENSG00000179241.13",409.371770973243,0.435712459644099,0.118106797859592,3.68913955454183,0.000225013773506856,0.00391405034676376,"LDLRAD3"
"ENSG00000179242.16",103.460465828722,-0.22768448667288,0.202147080860326,-1.12633081667007,0.260025518440036,0.451145426307995,"CDH4"
"ENSG00000179253.3",2.08358952896121,-0.57674131373929,0.224768943781008,-2.56592972337499,0.0102899673831732,0.0546996461900024,"AL162457.1"
"ENSG00000179256.2",2.59988873009644,-0.00469004770494255,0.201900735705564,-0.0232294730801879,0.981467228828614,0.990721861906223,"SMCO3"
"ENSG00000179262.10",3408.10448756199,0.186934765719754,0.064915670862956,2.87965545506559,0.00398109976787691,0.0287042199377351,"RAD23A"
"ENSG00000179270.7",22.188934218804,-0.266421477483067,0.289721807015925,-0.919576887315295,0.357793909359006,0.550845439273497,"PCARE"
"ENSG00000179271.3",1702.09973501532,0.281655880860042,0.0986185989681988,2.8560117848649,0.00428999210448689,0.0301512997962175,"GADD45GIP1"
"ENSG00000179277.9",181.421276068399,0.0601974992362933,0.0971534248904638,0.619612734231071,0.535512780902376,0.704279163127901,"MEIS3P1"
"ENSG00000179284.5",6.36951714963044,-0.152279369874141,0.166563102156045,-0.91424431883766,0.360588481303601,0.553688419335891,"DAND5"
"ENSG00000179292.5",23.1187486479795,-0.0101931045142432,0.245130725261161,-0.0415823210386357,0.966831666818605,0.983200143541328,"TMEM151A"
"ENSG00000179295.18",5599.35815186066,0.0318442160122372,0.0627433096099241,0.507531658916514,0.611781828619805,0.763363032015559,"PTPN11"
"ENSG00000179299.17",405.569643346599,-0.133431704268009,0.0980737316337006,-1.36052439369156,0.173664038897518,0.348784270194552,"NSUN7"
"ENSG00000179300.4",4.71441532147914,0.0723091683688681,0.190368801042126,0.379837284119192,0.704066204146208,0.827815801022453,"RTL3"
"ENSG00000179304.17",2.57677205406279,-0.306074805410399,0.259238829284407,-1.18066728759452,0.237734921604542,0.425444664955831,"FAM156B"
"ENSG00000179314.14",177.147726253294,0.0999281559215246,0.152115872902577,0.656921293056144,0.51123152606801,0.686263567622319,"WSCD1"
"ENSG00000179331.3",43.6594029600735,-0.252435478203437,0.162708176835298,-1.55146153754132,0.120791117852199,0.275918187911284,"RAB39A"
"ENSG00000179335.18",2060.99667984651,-0.0948741103102672,0.0540172373949353,-1.75636731691063,0.0790257097102053,0.21009366392892,"CLK3"
"ENSG00000179344.16",11984.2571293967,-0.129942089762962,0.144267034871394,-0.900705347405231,0.367745004761503,0.560361318299451,"HLA-DQB1"
"ENSG00000179348.12",726.609602406915,-0.104346396380026,0.135267598752089,-0.771407176165413,0.440465622878663,0.625802158601089,"GATA2"
"ENSG00000179361.18",391.168097986495,-0.0399162606672061,0.0790410757985332,-0.505006545823694,0.613554238436064,0.764829311826115,"ARID3B"
"ENSG00000179362.14",82.2739971831203,-0.0670381694897334,0.124865948238169,-0.536881114792522,0.591349736752055,0.74777429273923,"HMGN2P46"
"ENSG00000179363.7",2.55029936592854,0.182250895562472,0.223260711141104,0.816314230260095,0.414320437570355,0.603305210288218,"TMEM31"
"ENSG00000179364.14",3302.50089374912,0.020959935264509,0.0657410197390015,0.318825831234777,0.749858589198315,0.858141138807215,"PACS2"
"ENSG00000179387.10",1549.06250751326,0.0296758046268238,0.0526002116476985,0.564176525098111,0.572634002209845,0.73323224263043,"ELMOD2"
"ENSG00000179388.9",482.253268625419,-0.201451817448955,0.158727139812728,-1.26917058851205,0.204380228513423,0.385559352384225,"EGR3"
"ENSG00000179397.18",47.7511565035594,-0.374926171975522,0.114145634408732,-3.28462997220716,0.00102116386725975,0.0111520224476584,"CATSPERE"
"ENSG00000179399.15",79.3522796701675,-0.131993307443948,0.234034800592344,-0.56399008655923,0.572760878852017,0.733307488833265,"GPC5"
"ENSG00000179403.12",6891.984775221,0.0656610426439787,0.104468125563839,0.62852704870113,0.529658733045854,0.700184027295821,"VWA1"
"ENSG00000179406.8",469.339419635133,-0.188391584904422,0.106825413378327,-1.76354650964209,0.0778083602433083,0.207838712187495,"LINC00174"
"ENSG00000179409.11",1356.33301296286,-0.000943360678010711,0.0659848897855091,-0.0142966167114502,0.988593338829632,0.994169552614426,"GEMIN4"
"ENSG00000179428.2",9.34685260885699,-0.402705034911656,0.171799759653239,-2.34403724268577,0.0190762664538481,0.0826423082690912,"IL6-AS1"
"ENSG00000179431.7",242.607631584438,0.475554826721531,0.135247731789781,3.51617598630563,0.000437810679024047,0.00617366833407353,"FJX1"
"ENSG00000179447.2",4.86428435529942,-1.4709263530329,0.328851847899752,-4.4729149689355,7.71604660693117e-06,0.000330618197792226,"SLC24A3-AS1"
"ENSG00000179454.14",947.726236412638,-0.216168987129093,0.0768524790648186,-2.81277832230724,0.00491154979970487,0.0330143806746566,"KLHL28"
"ENSG00000179455.10",57.5416457005789,0.395506177867965,0.29150550442693,1.35677087348827,0.174854024928462,0.35022350210223,"MKRN3"
"ENSG00000179456.10",2181.99465374692,-0.336423025463214,0.104231573537087,-3.22764987658476,0.00124811637862048,0.0128330878917269,"ZBTB18"
"ENSG00000179476.8",208.604456376206,-0.127376028902185,0.0655469507387668,-1.94327924436689,0.0519824278954057,0.159757313017792,"C14orf28"
"ENSG00000179477.11",21.1108797985769,0.0769244775447792,0.216483611471915,0.355336263201423,0.722337691623093,0.840710169342503,"ALOX12B"
"ENSG00000179520.11",5.25568017313987,0.0813055133252412,0.225782716784425,0.360105124445246,0.718768520761792,0.838470930684034,"SLC17A8"
"ENSG00000179523.5",283.242271788335,-0.0221792747803481,0.061404385576633,-0.361200174418621,0.717949811756262,0.837926911687627,"EIF3J-DT"
"ENSG00000179526.17",3465.42686053057,0.194367793634635,0.0888873945255357,2.18667443985881,0.0287662988237409,0.107644867566461,"SHARPIN"
"ENSG00000179528.16",57.7707317624967,0.0952229581055792,0.125562804074709,0.758369158822877,0.448230015663792,0.632480635446642,"LBX2"
"ENSG00000179532.13",614.342957025118,-0.0836771218248129,0.126320898491424,-0.662417088732897,0.507703954852105,0.683225051289051,"DNHD1"
"ENSG00000179542.16",89.8164266106012,-0.180523273754631,0.200779837326398,-0.899110568862367,0.368593769141787,0.561166652461931,"SLITRK4"
"ENSG00000179546.4",148.404222891629,0.339951456285868,0.228504412461894,1.48772381514759,0.136823744359894,0.298804389699833,"HTR1D"
"ENSG00000179562.3",1402.20838431093,0.1020632499745,0.0567704248175123,1.79782431261666,0.0722048532551438,0.19821208603426,"GCC1"
"ENSG00000179564.4",3.84738138498585,-0.0743068491215961,0.192184939642102,-0.386642414644844,0.699020953034845,0.824296344039883,"LSMEM2"
"ENSG00000179583.19",2638.15146374957,-0.264824402558057,0.122689515472833,-2.15849252919006,0.03088955863532,0.112912393022146,"CIITA"
"ENSG00000179588.9",226.081176066229,0.26023072372154,0.0958605123527318,2.71468112713591,0.00663396121612854,0.0406299615100381,"ZFPM1"
"ENSG00000179593.16",2662.56406313975,-0.0243503274776312,0.198982811946461,-0.122374024366401,0.902602809428412,0.948229949648169,"ALOX15B"
"ENSG00000179598.6",161.571379241187,0.0398908354530224,0.0847307474603195,0.470795273837326,0.637786939888916,0.781417244688133,"PLD6"
"ENSG00000179603.18",26.3119724624516,0.0363759153666087,0.14913379631537,0.243914634142923,0.807296935026078,0.893944550582825,"GRM8"
"ENSG00000179604.10",3181.7280233762,0.0987646134041062,0.0807615201768307,1.22291672058496,0.221361152507127,0.405847064839462,"CDC42EP4"
"ENSG00000179611.3",33.9469628380485,0.0199575656030338,0.099524820523759,0.200528526431951,0.84106725018748,0.913508648177755,"DGKZP1"
"ENSG00000179627.10",1075.72409788467,-0.0117645604121708,0.0857969608290968,-0.137120945759434,0.890935196524838,0.942098104059211,"ZBTB42"
"ENSG00000179630.11",419.899935807727,-0.0834954632482592,0.0835168341326218,-0.999744112853599,0.317434358103148,0.511214728599048,"LACC1"
"ENSG00000179632.10",5249.67228900476,0.194220411031641,0.0756210196799626,2.56833895990302,0.0102187180244825,0.0544771893952557,"MAF1"
"ENSG00000179639.10",322.949040601159,-0.538802587118993,0.221743240308552,-2.42984898375824,0.0151051151506308,0.0706910636082418,"FCER1A"
"ENSG00000179673.5",2.729307589093,-0.469272674508203,0.244790379144703,-1.91703888097171,0.0552329923085451,0.166098095287543,"RPRML"
"ENSG00000179674.4",50.4392721248131,1.32359603808312,0.27942041762984,4.7369338622797,2.16975936371058e-06,0.000131580689428081,"ARL14"
"ENSG00000179698.14",111.591529846863,-0.608073324709303,0.175507361371643,-3.46465994336093,0.000530902334203814,0.00702238037848533,"WDR97"
"ENSG00000179709.8",1.50949561737166,-0.530840833425179,0.480982674326455,-1.10365895022839,0.269741108839029,0.461532055533858,"NLRP8"
"ENSG00000179715.13",807.942309249318,0.390611522701244,0.103808557785012,3.76280656465918,0.000168017156567242,0.00317040460819968,"PCED1B"
"ENSG00000179743.4",162.169016390001,-0.150067732247796,0.0909770552514831,-1.64951186684348,0.0990428140806487,0.242934336932737,"FLJ37453"
"ENSG00000179750.16",261.802539013944,0.434475132398618,0.183471485142346,2.36807987934218,0.0178806749272785,0.0793081216511169,"APOBEC3B"
"ENSG00000179761.12",145.149207760484,-0.361905963442628,0.16271632799009,-2.22415271972379,0.0261381708727597,0.101247018367282,"PIPOX"
"ENSG00000179766.19",50.1530373834132,-0.565628902388276,0.183109934789015,-3.08901263626145,0.00200822897285811,0.0179304972297132,"ATP8B5P"
"ENSG00000179772.8",86.0961374900816,0.112696518368739,0.128288844715874,0.878459219258941,0.379694559329658,0.571300716941398,"FOXS1"
"ENSG00000179774.9",6.60157665750699,-0.232968003705095,0.22056484175104,-1.05623363114261,0.290861489285306,0.483306905520807,"ATOH7"
"ENSG00000179776.19",3139.51844145403,-0.117372099066253,0.148498707603758,-0.790391384276824,0.429299232289706,0.615981573800539,"CDH5"
"ENSG00000179796.12",7.0220886916151,-1.03278388107281,0.262077781906311,-3.94075328919725,8.12261328714504e-05,0.00189109205712531,"LRRC3B"
"ENSG00000179799.9",16.0796592358754,0.465232763152744,0.284163929631393,1.6371985133941,0.101588997577423,0.24690176935425,"OR7E22P"
"ENSG00000179813.7",386.020160657749,-1.08033082642675,0.272768971622178,-3.96060746939778,7.47593374871023e-05,0.00178804786132047,"FAM216B"
"ENSG00000179818.14",725.957006303463,-0.253155301923122,0.0790746493926816,-3.20147232858363,0.00136727206796146,0.0136611312770877,"PCBP1-AS1"
"ENSG00000179820.16",5674.22071222553,0.125094553770525,0.132543260778096,0.943801691886539,0.345270995876221,0.538765807354098,"MYADM"
"ENSG00000179826.7",1.15355542898474,1.19751116800917,0.351404947517996,3.40778118369503,0.000654933915034529,0.0081269902472026,"MRGPRX3"
"ENSG00000179832.17",2878.74468274671,-0.0231656535291371,0.081685339661963,-0.283596219652182,0.776719834500271,0.87545986356617,"MROH1"
"ENSG00000179833.4",2296.86183537635,0.120465520943646,0.0670489745840518,1.79667954194634,0.0723865085909,0.198514335297927,"SERTAD2"
"ENSG00000179840.5",6.8812042141049,-0.337292064035898,0.206499098868817,-1.63338274057152,0.102388524689996,0.248244897906705,"PIK3CD-AS1"
"ENSG00000179841.8",276.453900143046,-0.0340922406632962,0.115605680083841,-0.294901086508651,0.768069441923748,0.869950871945545,"AKAP5"
"ENSG00000179846.10",24.7004829112458,0.0111428205823115,0.164466963559953,0.0677511175565034,0.945983756834158,0.971818446723896,"NKPD1"
"ENSG00000179855.9",249.006214823482,0.241578405177029,0.113951592188593,2.12000903661978,0.0340052832244126,0.120273865334152,"GIPC3"
"ENSG00000179859.9",224.653159041886,-0.0723741277135137,0.0825385518467043,-0.876852405260653,0.380566810458814,0.572044373136723,"RNF227"
"ENSG00000179862.7",380.75934598083,0.406181737900837,0.167806342984893,2.42053864398561,0.0154975319842571,0.0718806537129939,"CITED4"
"ENSG00000179869.15",652.773357654326,-1.20242809198619,0.223899696123081,-5.37038733328693,7.85677069938494e-08,1.15741357033019e-05,"ABCA13"
"ENSG00000179873.14",13.6975102858679,-0.934628408577552,0.284138608998772,-3.2893397059658,0.00100422739021134,0.0110524768602665,"NLRP11"
"ENSG00000179886.6",491.098308784883,0.198349495868209,0.0830974425622212,2.38695066601707,0.0169887708681876,0.0765042985981799,"TIGD5"
"ENSG00000179889.19",7244.8624909867,0.0743274545349264,0.0681127107540903,1.09124205617471,0.275166386750024,0.467834606253053,"PDXDC1"
"ENSG00000179899.8",32.2097549055272,-0.114804362140179,0.112911634568587,-1.01676291002981,0.309266230320168,0.503073269460564,"PHC1P1"
"ENSG00000179902.13",147.945115873923,-0.868422261855993,0.248562611081716,-3.49377671113415,0.000476239157816097,0.00653832176543147,"C1orf194"
"ENSG00000179909.15",289.268943624356,-0.591305066536885,0.135853232323392,-4.3525285075979,1.34576366358398e-05,0.000493985773447645,"ZNF154"
"ENSG00000179912.20",1513.58671675188,-0.0693864834298674,0.0586456156213178,-1.18314869227232,0.236750223026693,0.424340520873631,"R3HDM2"
"ENSG00000179913.11",1926.49072997325,0.666609147516673,0.178513001973479,3.73423302587062,0.000188288102043481,0.00344099651489034,"B3GNT3"
"ENSG00000179914.5",272.041310452663,1.6628081386915,0.326783144475982,5.08841464683842,3.61069223318337e-07,3.56708535665798e-05,"ITLN1"
"ENSG00000179915.24",16.6692617007019,-0.490344084335083,0.234468600354887,-2.0912995752647,0.036501217878211,0.126494748289714,"NRXN1"
"ENSG00000179918.19",4689.02338723558,0.229437893418478,0.0819893295750456,2.79838723657902,0.00513584988494872,0.0341156923822023,"SEPHS2"
"ENSG00000179921.15",58.3082103876596,0.211853434225344,0.140545294010683,1.50736768325548,0.131716437535681,0.292105983103991,"GPBAR1"
"ENSG00000179922.6",325.543773678742,-0.00780962068767336,0.0734663223919048,-0.106302050155894,0.915342705019691,0.955104042317378,"ZNF784"
"ENSG00000179930.6",5.60186136877056,-0.0803561311624348,0.280372514185235,-0.286604881352048,0.774414876394761,0.874193689343599,"ZNF648"
"ENSG00000179933.6",2611.55073853643,0.123698768906242,0.0788518863230792,1.5687483797079,0.116706580755085,0.269808498929175,"C14orf119"
"ENSG00000179934.7",40.3561911177466,-0.264279162351873,0.142411306630743,-1.85574564691777,0.0634898211339022,0.182378482744694,"CCR8"
"ENSG00000179935.10",7.57650311891596,-0.298314368329009,0.157103016032885,-1.89884558464852,0.0575847816722222,0.170884173611963,"LINC00652"
"ENSG00000179941.9",756.430832343486,-0.0320231217668642,0.0664807855080321,-0.48168988260518,0.630026264343055,0.776495184495367,"BBS10"
"ENSG00000179943.8",726.138575273275,0.0337441191509943,0.0639834674830825,0.527388096931702,0.597924107716768,0.752708743079086,"FIZ1"
"ENSG00000179950.14",7120.68965690567,0.0850965064282132,0.0840952565154336,1.01190614018278,0.311582933166096,0.505557317310728,"PUF60"
"ENSG00000179954.16",1080.08767240216,0.0299628506744983,0.120549594730527,0.248552064745439,0.803707291727533,0.892101374589058,"SSC5D"
"ENSG00000179958.10",1296.78658053305,0.0998882275532762,0.096132977408785,1.03906307955617,0.298775400364232,0.491726205167155,"DCTPP1"
"ENSG00000179965.12",139.833257177033,0.178621325751021,0.0743504428024755,2.40242450506392,0.0162867959752078,0.0743626607699872,"ZNF771"
"ENSG00000179967.11",630.195022080048,0.216522669529034,0.115009734234821,1.8826464644023,0.05974829506458,0.175167311340706,"PPP1R14BP3"
"ENSG00000179978.11",20.902385506027,-0.243576741154217,0.12342265221468,-1.973517314557,0.0484366538651194,0.152506290630927,"NAIPP2"
"ENSG00000179981.11",1307.5349133335,0.19390065884381,0.0901224817944945,2.15152373728411,0.031434884293942,0.114303364219988,"TSHZ1"
"ENSG00000179988.15",155.968688125967,-0.112471892142552,0.072272865335534,-1.55621188699784,0.119657715660857,0.274269488984298,"PSTK"
"ENSG00000180008.9",1469.52728506627,-0.14909795878648,0.0682613286071793,-2.18422292429273,0.0289458711992165,0.108061772800574,"SOCS4"
"ENSG00000180011.7",1551.25025697945,0.0868325709293026,0.0700411054252256,1.23973730000597,0.215072576020807,0.398331735283752,"ZADH2"
"ENSG00000180015.12",18.9497360084807,0.0139577605411909,0.124336597788324,0.112257861236909,0.910618952411265,0.952318856341016,"AC093909.1"
"ENSG00000180035.13",659.633710424215,0.134493504862572,0.0715950606536011,1.87853049686337,0.0603086291189427,0.176352612627165,"ZNF48"
"ENSG00000180044.5",85.4723967365342,0.123815514210211,0.123676710228128,1.00112231301938,0.316767678857039,0.510808211381741,"C3orf80"
"ENSG00000180061.10",183.219944276075,0.15777875645265,0.147869388518303,1.06701432956234,0.285965365261255,0.478472454801636,"TMEM150B"
"ENSG00000180066.10",27.4465800403815,0.248800024902675,0.186564297859938,1.3335886220281,0.182338713867132,0.359392218530165,"LINC02870"
"ENSG00000180071.20",89.3270823230225,-0.504615612932846,0.161496344051383,-3.12462561240577,0.00178031491431663,0.0165195162882786,"ANKRD18A"
"ENSG00000180083.11",2.00123921821714,-0.111168947726605,0.325896602976937,-0.341117233843864,0.73301532776067,0.847282550676526,"WFDC11"
"ENSG00000180089.6",74.255839802867,-0.00119378944380241,0.111796902324702,-0.0106781978657618,0.991480192696308,0.995937426244212,"TMEM86B"
"ENSG00000180096.12",394.26795884677,-0.191738822871957,0.104907128254735,-1.82770061540888,0.0675944957369159,0.189653088367533,"SEPTIN1"
"ENSG00000180098.9",1154.71212639106,-0.0102175337161876,0.0791418493198605,-0.129104055616547,0.897275312950164,0.945437446404716,"TRNAU1AP"
"ENSG00000180104.16",3119.61648723722,0.100451038085921,0.0645576745917252,1.55598910154667,0.119710683953479,0.274315355555314,"EXOC3"
"ENSG00000180113.16",138.94771960184,-0.40505065773213,0.132695035477928,-3.05249293067565,0.00226949076677978,0.019478980308987,"TDRD6"
"ENSG00000180116.15",2.71505224667503,-1.0613994206282,0.42489399295434,-2.49803348182958,0.0124884397911748,0.0621248105366802,"C12orf40"
"ENSG00000180139.11",53.7572877254006,-0.269173057595097,0.148959997094206,-1.80701572802036,0.0707598269317072,0.195389144732299,"ACTA2-AS1"
"ENSG00000180155.20",556.441693236807,0.259231917334691,0.15877012259799,1.63274999787632,0.102521587283698,0.248489458753359,"LYNX1"
"ENSG00000180176.15",12.6543084341349,1.38413891777032,0.288433646684469,4.7988122525958,1.59609322242067e-06,0.000105611700037868,"TH"
"ENSG00000180178.11",14.8038446384081,0.430205938311565,0.505521985161367,0.851013310873591,0.394761958675866,0.585399754585346,"FAR2P1"
"ENSG00000180182.11",3002.03246418866,-0.0469078465704803,0.0593528944219679,-0.790321129699086,0.429340249945799,0.615989008465653,"MED14"
"ENSG00000180185.11",1168.06668508079,0.262771730815556,0.0643220790214276,4.085249339158,4.40295096780116e-05,0.00119663221690616,"FAHD1"
"ENSG00000180189.10",7.30231077122904,-0.928864580054291,0.174693918881168,-5.31709738955558,1.05435642154893e-07,1.48740204841646e-05,"HMGB1P14"
"ENSG00000180190.12",1167.97713759172,-0.0778103045891159,0.106587088220976,-0.730016232620968,0.465380262392775,0.647116279323504,"TDRP"
"ENSG00000180198.16",2785.44234892926,0.0904806246956385,0.0911597361480901,0.992550313535918,0.320929148650577,0.514652191417738,"RCC1"
"ENSG00000180209.12",11.4489004145991,0.0384764490141367,0.131138920154777,0.293402210180813,0.769214736273903,0.870922163399662,"MYLPF"
"ENSG00000180210.15",15.9958292115916,-0.359161902265155,0.382771077201425,-0.938320379092159,0.348079789852176,0.541828148660394,"F2"
"ENSG00000180211.5",32.2702407172204,0.00505588216979951,0.143502787059951,0.0352319440854297,0.97189479033949,0.98606576752612,"FO393411.1"
"ENSG00000180219.2",1.15594030125657,-2.07224670247582,0.495309985377833,-4.1837369801763,2.86755865637091e-05,0.000863197381071942,"FAM71C"
"ENSG00000180221.6",2.21437858282326,-0.493287900845363,0.260245927585741,-1.89546828041274,0.0580303901777314,0.171672807907163,"TPT1P10"
"ENSG00000180228.14",1284.46522440652,-0.125156971717012,0.0515519567614674,-2.42778314499519,0.0151914235900378,0.0709849916607899,"PRKRA"
"ENSG00000180229.12",180.853101755033,-0.580399155075712,0.174590855457715,-3.32433880087311,0.00088628453822934,0.0101102624999284,"HERC2P3"
"ENSG00000180233.11",830.514469710624,0.023858850611534,0.0772615562685535,0.308806239012362,0.757468922911248,0.862875961489228,"ZNRF2"
"ENSG00000180245.7",14.3103220817528,-0.245101738603557,0.156898974545504,-1.56216278222055,0.11824964582957,0.272392268636537,"RRH"
"ENSG00000180251.5",6.03511855698766,-0.259630871815533,0.321992385231147,-0.806326123610509,0.420054831479058,0.608117819908347,"SLC9A4"
"ENSG00000180257.14",358.148951952266,-0.000303599147720473,0.0775739252158332,-0.00391367520562833,0.996877346948971,0.998496871505523,"ZNF816"
"ENSG00000180263.14",2709.67418617385,-0.000899291724984492,0.0973940494076542,-0.0092335387064604,0.99263280671034,0.99655400861852,"FGD6"
"ENSG00000180264.11",2.22785078420344,0.177409573284971,0.266767157176889,0.665035288310746,0.506027922745738,0.681603254115542,"ADGRD2"
"ENSG00000180279.7",6.20569120245408,-0.175857550024649,0.157251396274906,-1.11832107180286,0.263429890438823,0.455059998048033,"LINC01869"
"ENSG00000180287.17",269.632806988307,0.0993260786122064,0.25038797298684,0.396688696455187,0.691597036666593,0.819507645823282,"PLD5"
"ENSG00000180304.14",3699.10499430674,0.0340162163456693,0.048423770588823,0.702469385015647,0.482386487732559,0.662096420102299,"OAZ2"
"ENSG00000180305.5",1.79602319477261,0.571606019986336,0.318346415821634,1.79554721390864,0.072566557428814,0.198859086141474,"WFDC10A"
"ENSG00000180316.12",12.062731106221,0.384737348554124,0.192331588528227,2.00038564386765,0.0454586373821757,0.146592067769673,"PNPLA1"
"ENSG00000180318.4",12.5712342631212,0.281603106098588,0.351959287724961,0.800101363765251,0.423652071094906,0.611225879830243,"ALX1"
"ENSG00000180329.14",881.492514041189,0.0470079158208223,0.0557817331495362,0.842711639934286,0.399389735668461,0.589433423656246,"CCDC43"
"ENSG00000180332.6",5.55636895229286,-1.12218479859928,0.402580141435215,-2.78748175356749,0.00531194455869982,0.034896579125724,"KCTD4"
"ENSG00000180336.18",52.9021400126084,-0.64523311713709,0.200069258921403,-3.22504876868949,0.00125951211257536,0.0129183415785495,"MEIOC"
"ENSG00000180340.7",578.480882649816,-0.170118373086307,0.125648357718878,-1.35392436618172,0.17576050891045,0.351234675443713,"FZD2"
"ENSG00000180346.4",493.285373153104,0.0970012712465857,0.075285154741954,1.28845150918618,0.197588838196769,0.377856902594065,"TIGD2"
"ENSG00000180347.13",219.496949236231,0.015081928462136,0.337404806298336,0.0446998032648073,0.964346590514911,0.982342374072907,"ITPRID1"
"ENSG00000180353.11",3292.49313491972,-0.0822020853420839,0.102173088663455,-0.804537539359772,0.421086598378054,0.60887018978504,"HCLS1"
"ENSG00000180354.16",1754.15807109617,-0.271591100671012,0.119388713904169,-2.2748473602707,0.0229150880373369,0.0928229743310691,"MTURN"
"ENSG00000180357.9",2781.04071038127,-0.117937956042617,0.0607897402612169,-1.94009639679049,0.0523679758417557,0.160630829159717,"ZNF609"
"ENSG00000180370.10",5353.54061428286,0.13382563639835,0.0549643514652483,2.43477149881341,0.0149011963405464,0.0700417238127645,"PAK2"
"ENSG00000180376.17",538.272977170815,-0.31965946714174,0.079693638320144,-4.01110394605915,6.04354928695798e-05,0.00152199611505819,"CCDC66"
"ENSG00000180383.3",2.60051964828508,-0.297680477431822,0.226347828543991,-1.31514615954872,0.188460785787445,0.366710984291141,"DEFB124"
"ENSG00000180385.8",81.0369835920669,-0.0575468168146033,0.122357993460474,-0.470315139919266,0.638129882321986,0.781650411042895,"EMC3-AS1"
"ENSG00000180389.7",14.5537301053472,0.158991681651274,0.119516674980067,1.33028869551291,0.183423170327523,0.360829761030517,"ATP5F1EP2"
"ENSG00000180398.13",5949.34704419535,0.140951280563517,0.0572110206475078,2.46370854720378,0.0137507874694789,0.0663677830126649,"MCFD2"
"ENSG00000180422.3",3.31756316540532,0.0909590181501226,0.202627783028539,0.448897070236965,0.65350590963577,0.793102185306152,"LINC00304"
"ENSG00000180423.4",199.958101546993,0.0110442009666613,0.0621527632476205,0.177694448156078,0.858962945590634,0.924462192482593,"HARBI1"
"ENSG00000180425.11",329.433955948615,-0.0959085618987564,0.0901398858125949,-1.06399693137126,0.287330089667868,0.479767324104135,"C11orf71"
"ENSG00000180432.6",21.1178627177515,0.15136683015879,0.226131289235754,0.669375877484081,0.503255735411355,0.679332848221308,"CYP8B1"
"ENSG00000180438.15",8.99436310046706,0.0614366399999798,0.225565486637679,0.272367199946081,0.785339690305334,0.880696936560069,"TPRXL"
"ENSG00000180440.4",112.724033519499,0.0432695886182084,0.393096639215517,0.110073667138338,0.912350951812398,0.95345717616979,"SERTM1"
"ENSG00000180447.7",547.706907895571,0.312283322805594,0.156961040047135,1.9895594646405,0.0466394851847723,0.148888369039614,"GAS1"
"ENSG00000180448.10",3039.07983570561,-0.109324312514474,0.0908296413601341,-1.20361933480514,0.22873674290091,0.414778452145969,"ARHGAP45"
"ENSG00000180458.2",12.2701048927422,-0.781510400404374,0.30960730966368,-2.52419880284258,0.0115962329102236,0.0591955507942464,"AC022148.1"
"ENSG00000180479.14",184.319723542013,-0.10628913247931,0.0733048264079292,-1.44996090554568,0.147069421452118,0.313107958076824,"ZNF571"
"ENSG00000180481.11",34.1303213387802,0.0062895277981928,0.140069640147226,0.0449028625445309,0.964184735167248,0.982300633064757,"GLIPR1L2"
"ENSG00000180488.15",1302.01246726139,0.00535670895353527,0.0696921132370258,0.0768624842142019,0.938732942481909,0.968041996408555,"MIGA1"
"ENSG00000180509.12",51.806025778508,-0.50087038405099,0.166027171346264,-3.01679767227005,0.0025546025955478,0.0212201557419094,"KCNE1"
"ENSG00000180525.13",134.045538986752,-0.313618233322261,0.241659517933885,-1.29776900990121,0.194366721715007,0.373876315348841,"PRR26"
"ENSG00000180530.11",2546.49316517511,0.098978974521337,0.109555556808758,0.903459189150179,0.366282238541864,0.559002272187682,"NRIP1"
"ENSG00000180532.10",18.3283974172569,-0.9287253675382,0.269388016481573,-3.44753779202249,0.000565721255220416,0.00735150575724173,"ZSCAN4"
"ENSG00000180535.4",610.524185817435,-0.281538901163744,0.181761204206151,-1.54894936129729,0.121393893600737,0.276819650660914,"BHLHA15"
"ENSG00000180537.13",93.5567324775685,0.232196183959231,0.21425181655859,1.08375363013893,0.278474049850305,0.471044948040149,"RNF182"
"ENSG00000180539.8",46.0061761690397,-0.166088248804268,0.129576508686881,-1.28177746481515,0.199920721586509,0.380601588733969,"C9orf139"
"ENSG00000180543.5",1613.28195386392,-0.257034033869201,0.139639656505476,-1.8406951170001,0.0656662499154726,0.186267909894848,"TSPYL5"
"ENSG00000180549.8",35.9624267052529,-0.0507530043490952,0.135885012840894,-0.373499647150353,0.708776607894471,0.831242060258934,"FUT7"
"ENSG00000180573.9",2416.87031773638,0.194765737779958,0.130834247593248,1.48864491799935,0.136580896771122,0.298439512637885,"H2AC6"
"ENSG00000180574.3",32.9489201634103,0.245874914374356,0.16016864145614,1.53510020525263,0.124759215897489,0.281944649394183,"EIF2S3B"
"ENSG00000180581.7",20.310376984382,-0.0694766111908529,0.174598793790578,-0.397921484349923,0.690688062757198,0.819039349171909,"SRP9P1"
"ENSG00000180592.17",35.0837236397834,0.0320143356447352,0.137744511053719,0.232418231404153,0.81621318996943,0.899467384374487,"SKIDA1"
"ENSG00000180596.7",376.417758305457,0.106526361472309,0.188359804310625,0.56554720823895,0.571701623878411,0.732630303878974,"H2BC4"
"ENSG00000180610.10",11.7320701158125,0.104839927898498,0.157797106329015,0.664397024365589,0.506436236856928,0.681849791073993,"ZBTB12BP"
"ENSG00000180611.7",376.327307583166,0.310138234396208,0.118059819348881,2.62695840216146,0.00861518651310796,0.0485404306280087,"MB21D2"
"ENSG00000180616.9",121.834908097084,-0.0688325324108842,0.14194448962926,-0.484925709977651,0.627729044215325,0.775148425400429,"SSTR2"
"ENSG00000180626.10",213.770586727515,-0.123013566575373,0.0976904824151596,-1.25921751571045,0.207951776614366,0.389805669659484,"ZNF594"
"ENSG00000180628.15",2961.89872191674,0.132874100720805,0.0788177509931669,1.68583978921607,0.0918266616802766,0.231587383328646,"PCGF5"
"ENSG00000180638.19",36.4664646956986,-0.381151345648888,0.198183143250702,-1.92322787597899,0.0544514378476508,0.164729343221609,"SLC47A2"
"ENSG00000180644.8",884.57236439205,0.0806300797164568,0.145857787469687,0.552799278771549,0.58040086242888,0.739134232714449,"PRF1"
"ENSG00000180660.8",4.96316601172905,-0.431165873880568,0.232168959630683,-1.85712110079847,0.0632939267894263,0.181925641422807,"MAB21L1"
"ENSG00000180662.8",3.52303401127931,-1.22756144932375,0.312449592086352,-3.92883037909196,8.53600197038666e-05,0.00196398834554307,"RPL21P8"
"ENSG00000180667.10",1007.63445570131,0.0352130793718333,0.0896243373298054,0.392896398689721,0.694396001564939,0.821495342438323,"YOD1"
"ENSG00000180673.9",2.04292977783746,0.00656800862174143,0.239258238841994,0.0274515463021482,0.978099585715914,0.989001685817893,"EXOC5P1"
"ENSG00000180694.14",1400.53180622945,0.252713928295429,0.106641773939586,2.36974610379788,0.0178003041743073,0.0790618647563085,"TMEM64"
"ENSG00000180712.4",19.0205865189896,-0.174189070188319,0.129270650547834,-1.34747577621158,0.177827049987193,0.353827471441605,"LINC02363"
"ENSG00000180720.7",15.5391077651954,-0.0342779049433471,0.204264717356314,-0.167811188280518,0.866731820348068,0.928749964932328,"CHRM4"
"ENSG00000180730.5",713.023647921565,-0.444443849059776,0.202581985549004,-2.1938962038274,0.0282428723742871,0.106331556028174,"SHISA2"
"ENSG00000180739.14",65.0406799985577,0.180837697700653,0.172997686255369,1.04531859133486,0.295875747932157,0.488538650857064,"S1PR5"
"ENSG00000180745.5",12.8525879155956,0.685261541420584,0.197034514471021,3.4778756567615,0.00050540431433059,0.00680222008947914,"CLRN3"
"ENSG00000180747.15",71.901363474354,-0.428073599723345,0.123290758321452,-3.47206559154453,0.000516470132143123,0.00689171948274189,"SMG1P3"
"ENSG00000180758.12",1238.89580990305,-0.0284906586499417,0.100583478664304,-0.283253860656667,0.776982243314463,0.875607413826234,"GPR157"
"ENSG00000180764.13",39.6090408226318,-0.0258873535083762,0.102524216996036,-0.252499889946753,0.800654699160896,0.89018831932862,"PIPSL"
"ENSG00000180767.10",31.2486996365378,0.16075523088897,0.155671740647649,1.03265518982553,0.301765290671908,0.494690621022199,"CHST13"
"ENSG00000180769.10",156.229318179389,0.0143270898171663,0.101266821532862,0.141478616592278,0.887491851606477,0.940217215539185,"WDFY3-AS2"
"ENSG00000180772.7",363.031327618988,-0.163853589103265,0.308807108741619,-0.530601739613328,0.595694789934981,0.751115991565874,"AGTR2"
"ENSG00000180773.15",1097.89478578711,-0.157938224740277,0.0853698438874508,-1.85004701365624,0.0643067738194389,0.183799472375568,"SLC36A4"
"ENSG00000180776.16",4283.55988179701,0.0824242413589869,0.0702624028812518,1.17309169597131,0.240759036189383,0.428641208120488,"ZDHHC20"
"ENSG00000180777.14",1.02660815712587,0.790341211162303,0.315848657048453,2.5022782067459,0.0123396915439081,0.0616207215496222,"ANKRD30B"
"ENSG00000180785.10",35.8083036552927,0.555072838676086,0.214366983753776,2.58935788037978,0.00961551046061918,0.0522489292909082,"OR51E1"
"ENSG00000180787.6",378.541611786494,-0.368827604884383,0.0930474327774286,-3.96386653425061,7.37454928235677e-05,0.0017765620062048,"ZFP3"
"ENSG00000180801.14",739.075672067765,0.183223059432944,0.113430141406409,1.61529428740174,0.10624698016886,0.254133250288229,"ARSJ"
"ENSG00000180806.5",68.0442478248859,0.189968171186822,0.255040408821395,0.744855186143685,0.456359268938176,0.639433068505479,"HOXC9"
"ENSG00000180815.14",37.1050288571983,-0.747604924110387,0.202002836489355,-3.70096250678037,0.000214783213613812,0.00379552947497061,"MAP3K15"
"ENSG00000180817.12",8178.56533064142,0.0730373860318723,0.0711327858532832,1.02677527887798,0.304526292566466,0.497765589318863,"PPA1"
"ENSG00000180818.5",246.580732861739,0.484845383841573,0.402585415582929,1.20432923070384,0.228462353036534,0.414461482107963,"HOXC10"
"ENSG00000180822.12",639.442552739477,-0.0447060205576789,0.0738980550041808,-0.604968839236021,0.545199701493672,0.712375732410864,"PSMG4"
"ENSG00000180828.3",102.516707906752,-0.0108012443963109,0.124629653558946,-0.0866667288872969,0.930936423377893,0.96348264599119,"BHLHE22"
"ENSG00000180834.8",4.72536541588071,-0.0498297392627133,0.13961127341508,-0.356917733387933,0.72115339355783,0.840119342828454,"MAP6D1"
"ENSG00000180846.8",5.74675798849127,-0.467629405726077,0.190996648161672,-2.448364462031,0.0143506411162807,0.0682244601862537,"CSNK1G2-AS1"
"ENSG00000180855.16",155.835705011688,-0.201191571680797,0.076899831171017,-2.61628105832077,0.00888933528363687,0.0495954233932809,"ZNF443"
"ENSG00000180861.9",49.6012657715844,0.100159879868499,0.341792071610038,0.293043309625901,0.769489047738605,0.87111424619543,"LINC01559"
"ENSG00000180867.11",356.160063893909,-0.0274187520871122,0.0781724057405798,-0.350747195603819,0.725778015143362,0.842514904399161,"PDIA3P1"
"ENSG00000180871.8",125.178498278275,-0.239566599257075,0.190660245028435,-1.25651049709574,0.208930942490003,0.391040997809215,"CXCR2"
"ENSG00000180875.5",212.909761956295,0.392183031835815,0.224393584111523,1.74774619064376,0.0805079866170567,0.212895345388536,"GREM2"
"ENSG00000180878.3",5.66062124541035,-0.224972176104468,0.160681878320579,-1.40010919996605,0.161480620498773,0.3325605776485,"C11orf42"
"ENSG00000180879.14",13485.2388647493,-0.0392751829259846,0.109547497881117,-0.358521953359507,0.719952741908988,0.839234852994501,"SSR4"
"ENSG00000180881.19",209.506907648016,-0.34105778489651,0.103953353372911,-3.28087333241706,0.00103486207982507,0.0112483392829305,"CAPS2"
"ENSG00000180884.10",300.80672758809,-0.0291631046804304,0.0712777508898028,-0.409147375111727,0.682431511151475,0.813759455729533,"ZNF792"
"ENSG00000180891.13",2695.64085312234,0.0123366053492766,0.0841288387885848,0.146639434549648,0.883416625852075,0.938019126917339,"CUEDC1"
"ENSG00000180900.20",5146.37499572949,0.0372301244096268,0.106433243449422,0.349797893994643,0.726490379667567,0.842801846903922,"SCRIB"
"ENSG00000180901.11",2016.63593600174,0.0476021562057428,0.0548445594532254,0.86794673310013,0.385423493722021,0.576804657242767,"KCTD2"
"ENSG00000180902.18",981.858210767191,-0.0301012268722515,0.101577039022382,-0.296338888807528,0.766971289946123,0.869312483502186,"D2HGDH"
"ENSG00000180914.10",153.52926042914,0.128497434862553,0.173564792934839,0.740342742844134,0.459092051692993,0.641606848761926,"OXTR"
"ENSG00000180917.18",1428.04444432395,-0.0648680153353127,0.0642469272847637,-1.00966720241415,0.312654760893202,0.506703741148683,"CMTR2"
"ENSG00000180921.7",5756.48193530143,0.255643026040317,0.102084687335964,2.50422499898527,0.0122719964657192,0.061414624373343,"FAM83H"
"ENSG00000180929.6",6.39739338641558,-0.278775543493319,0.187237176588345,-1.4888899126386,0.136516360282971,0.298359805579698,"GPR62"
"ENSG00000180938.6",134.963915002776,-0.228039016225993,0.119047468577489,-1.91553015743095,0.0554249269599045,0.166474772058407,"ZNF572"
"ENSG00000180953.11",48.3252951913166,-0.108575188881838,0.141160331064956,-0.769162186449364,0.441797035176866,0.62687135167175,"ST20"
"ENSG00000180957.18",2929.41911685881,0.0468763833132659,0.0488975154861917,0.958665953620966,0.337727055294505,0.531136895957674,"PITPNB"
"ENSG00000180964.17",2059.6296374483,0.057128600245136,0.0687382850384539,0.831103077610633,0.405915401288763,0.595546512211651,"TCEAL8"
"ENSG00000180979.10",731.011194233939,-0.0265067157105578,0.0487958599283602,-0.543216489052016,0.586980754889389,0.744045317819624,"LRRC57"
"ENSG00000180988.2",3.89668979805431,-0.321271122368253,0.282894454889481,-1.13565719233968,0.256100062845801,0.446650536232636,"OR52N2"
"ENSG00000180992.7",3561.94804616341,0.177673121883467,0.0980323668247877,1.81239245402511,0.0699255779827093,0.193889586722607,"MRPL14"
"ENSG00000180998.12",129.182815615354,-0.394432584648027,0.132955190008453,-2.96665804939958,0.00301055583221345,0.0236962755833409,"GPR137C"
"ENSG00000180999.11",6.85511100600354,-0.0889231968758404,0.268231847537177,-0.33151617785996,0.740254623067713,0.851776358809475,"C1orf105"
"ENSG00000181004.10",248.071605702595,0.132911678122314,0.0770249128990388,1.7255673926763,0.0844252697876909,0.219420023968899,"BBS12"
"ENSG00000181007.9",280.496484862486,-0.0711767347260746,0.0957661394353936,-0.743234875559459,0.457339492061944,0.640321447883355,"ZFP82"
"ENSG00000181016.9",18.0791240232293,-0.359946510648583,0.154810704384013,-2.32507507850184,0.0200679459802705,0.0853721090622472,"LSMEM1"
"ENSG00000181019.13",12036.1495864092,0.151796434284751,0.198130408860418,0.766144052080824,0.4435905938243,0.628527800541133,"NQO1"
"ENSG00000181023.8",1.84348606864468,-0.950563155323331,0.353213457648898,-2.69118612198579,0.00711984609385766,0.0426793366947791,"OR56B1"
"ENSG00000181026.15",1252.82587289994,0.146640576485672,0.0730124448272224,2.00843262861125,0.0445973385406994,0.144771762093945,"AEN"
"ENSG00000181027.11",729.511929220461,0.0777373582884698,0.0640823476479672,1.2130853681503,0.225097183550812,0.410189410616157,"FKRP"
"ENSG00000181029.9",22.2709701414917,0.0140739109706089,0.0961914766141915,0.146311414129311,0.883675555651838,0.938148484102752,"TRAPPC5"
"ENSG00000181031.16",1138.46689179445,-0.0597040260858375,0.109586384666546,-0.544812444242114,0.585882519033599,0.743332445645577,"RPH3AL"
"ENSG00000181035.14",571.946590412414,-0.140447847501289,0.0823911742297675,-1.70464675147871,0.088260326443702,0.225796272564297,"SLC25A42"
"ENSG00000181036.14",105.874650613147,-0.147074344784704,0.135817405027307,-1.08288289527497,0.278860404971651,0.471323002468903,"FCRL6"
"ENSG00000181038.14",594.847048287392,0.0471786969291954,0.0540029419027734,0.873631977571438,0.382318705833198,0.573590044310967,"METTL23"
"ENSG00000181045.15",1031.02477895864,-0.14752775480617,0.078821343912053,-1.87167266484036,0.0612519035387609,0.178298494289325,"SLC26A11"
"ENSG00000181061.14",1868.21202767026,0.166883299937155,0.090464520597012,1.84473757044004,0.0650757227784791,0.185264670376802,"HIGD1A"
"ENSG00000181072.11",18.6954306930329,-0.00747582708474426,0.337357347083159,-0.0221599652397713,0.982320352852316,0.99125243256182,"CHRM2"
"ENSG00000181074.4",8.08202452085051,-0.725451002623729,0.194915100911663,-3.72188198467244,0.000197743444250442,0.00355863377807025,"OR52N4"
"ENSG00000181085.15",495.573202492481,-0.295979783396277,0.173263418037909,-1.70826471477966,0.0875872353817249,0.224760430673945,"MAPK15"
"ENSG00000181090.21",2378.98582765019,-0.0418067628119262,0.0572599989025769,-0.730121613922083,0.465315850805576,0.647080766086214,"EHMT1"
"ENSG00000181092.10",0.603050561670616,-0.420286435761506,0.4405258154571,-0.954056314101381,0.340055137687031,0.533347566447023,"ADIPOQ"
"ENSG00000181097.5",30.5039928243911,0.0658930299702954,0.108463528145095,0.60751324520947,0.543510355294627,0.711148260227235,"LINC02878"
"ENSG00000181104.7",2356.23179060489,0.12931303098144,0.0987298616680952,1.30976615176629,0.190274957050768,0.369088100653496,"F2R"
"ENSG00000181123.8",32.5984516673836,-0.950241906300678,0.249936865766932,-3.80192775237402,0.000143574598514789,0.00283849709522142,"AC004832.1"
"ENSG00000181126.13",146.310301113897,0.226953523070756,0.199772484912361,1.13605996927114,0.255931467038041,0.446508742446025,"HLA-V"
"ENSG00000181135.16",607.705608590299,-0.0289144350493677,0.0788544913567899,-0.366680889723068,0.71385706293172,0.834679818987509,"ZNF707"
"ENSG00000181143.15",3179.88817537537,0.212687617933497,0.266877251770013,0.796949221122768,0.425480522901697,0.612960755039645,"MUC16"
"ENSG00000181163.14",20623.7515508963,0.170481162984521,0.078372689774445,2.17526237105249,0.0296104606226933,0.109711676156248,"NPM1"
"ENSG00000181191.12",1345.63577612168,0.127989716418418,0.0652804627206533,1.9606128860653,0.0499241980290285,0.155586101748614,"PJA1"
"ENSG00000181192.12",2047.05654915936,-0.0667462080848238,0.0778485335407531,-0.857385554345512,0.391231840120046,0.582135492876724,"DHTKD1"
"ENSG00000181195.11",74.1303105342679,-0.985779228439238,0.234930112146489,-4.19605311312568,2.71606579304048e-05,0.00082883573279282,"PENK"
"ENSG00000181211.1",1.15235702880443,-2.315494448729,0.798941309732528,-2.89820343562432,0.00375307061817999,0.0275101233137531,"HECW1-IT1"
"ENSG00000181215.15",22.9937200017794,-0.475935126429736,0.194449521771043,-2.44760245278532,0.0143810232871966,0.0683142205673978,"C4orf50"
"ENSG00000181218.5",419.102938221558,0.347268315123608,0.207109025604301,1.67674158144654,0.0935930257029089,0.234543457647612,"H2AW"
"ENSG00000181220.17",1170.64957810388,0.10829703822433,0.0510407385556123,2.12177647285281,0.0338565132400948,0.120017570606723,"ZNF746"
"ENSG00000181222.19",9959.21328663397,0.0181150003597163,0.0725725974698732,0.249612126219354,0.802887320018915,0.891674498998,"POLR2A"
"ENSG00000181227.3",20.5029840040718,-0.219582892906529,0.111804592172121,-1.96398813895306,0.0495314674292744,0.154751654623655,"DLSTP1"
"ENSG00000181234.9",33.3147487014661,-0.321223972584815,0.286306754365045,-1.12195736805863,0.261880566754283,0.45342268316867,"TMEM132C"
"ENSG00000181240.14",12.793446837622,-0.230219501465739,0.177243153147097,-1.29889080270805,0.193981406470783,0.373458796370311,"SLC25A41"
"ENSG00000181264.9",335.73852654956,0.0594797155550008,0.0863128475734645,0.689117752769947,0.490749169099136,0.668898390519018,"TLCD5"
"ENSG00000181274.7",700.423479948561,0.0431211364617408,0.0863742985460245,0.499235735486335,0.617613322304867,0.767504025213539,"FRAT2"
"ENSG00000181284.3",178.597599201888,0.234284662196966,0.0708337338222223,3.30752947155053,0.000941228074782767,0.0105372139409125,"TMEM102"
"ENSG00000181291.8",35.5776410910062,0.237568971814668,0.174917022876887,1.35818097008132,0.174406267440292,0.34962113811956,"TMEM132E"
"ENSG00000181315.11",467.970212980622,-0.254778565818947,0.123508972001214,-2.06283447826318,0.0391283570416707,0.13269842018828,"ZNF322"
"ENSG00000181322.15",66.7760941734792,-0.712531126865245,0.167037987467638,-4.26568313991026,1.99291456706416e-05,0.000665497539430962,"NME9"
"ENSG00000181333.12",44.477709846035,0.0749308387639217,0.228088027762472,0.328517193554559,0.742520646432266,0.85323369625753,"HEPHL1"
"ENSG00000181350.12",209.00149341037,-0.195537966617895,0.130783951294498,-1.4951220289834,0.13488259767948,0.296351444573514,"LRRC75A"
"ENSG00000181355.21",8.83403490467299,0.559338462285324,0.458643034098146,1.21955076323176,0.222635221077961,0.407352957537292,"OFCC1"
"ENSG00000181359.5",5.99377209685607,0.178030915609248,0.188032766428244,0.946807936675158,0.343736656779114,0.53707642735813,"HSP90AA6P"
"ENSG00000181374.8",655.489645454772,0.201122903642545,0.186536810854808,1.07819417905183,0.280947109110664,0.473566377897088,"CCL13"
"ENSG00000181378.14",183.484549522493,-1.14875831429352,0.236398963989165,-4.85940502829858,1.17739044581093e-06,8.41349866914142e-05,"CFAP65"
"ENSG00000181381.14",1582.57015737957,0.225649351702209,0.103203711025542,2.18644610217904,0.0287829838440775,0.107695199047075,"DDX60L"
"ENSG00000181392.17",485.318325028154,-0.0636307448977262,0.113152638572387,-0.562344331520118,0.573881439554084,0.734205693696888,"SYNE4"
"ENSG00000181396.13",1872.95865282824,0.101222652010228,0.0658771867231202,1.53653574242117,0.124407038601258,0.281454439803729,"OGFOD3"
"ENSG00000181404.17",214.993202964302,-0.0388991525424248,0.0883013219753095,-0.440527408562485,0.659555165581746,0.797445893690985,"WASHC1"
"ENSG00000181408.4",4.58374355766152,-0.303382672893058,0.233967427448658,-1.29668764665813,0.194738681520624,0.37433227043107,"UTS2R"
"ENSG00000181409.14",912.400879617295,-0.248942455883661,0.156581644879281,-1.58985720245555,0.111866996461089,0.262757460026941,"AATK"
"ENSG00000181418.8",25.086852609638,-0.116907303293526,0.187231744117512,-0.624398943910666,0.532365618476151,0.702025925295144,"DDN"
"ENSG00000181433.9",4.7162058659362,0.00374727666632254,0.420406092566878,0.00891346898291307,0.992888174887797,0.996678356863267,"SAGE1"
"ENSG00000181444.13",496.498211170043,0.19038944070894,0.108547376770084,1.75397551165338,0.0794347033045246,0.210793844820464,"ZNF467"
"ENSG00000181449.4",992.006232803331,-0.464882502619821,0.234858819909862,-1.97941257985645,0.0477695732983174,0.151134885852027,"SOX2"
"ENSG00000181450.18",667.682399226007,-0.255907779455482,0.0932964409397137,-2.7429532882272,0.00608893464799001,0.0383761731215008,"ZNF678"
"ENSG00000181458.10",1649.39455742702,0.22522208332736,0.170705863868898,1.31935762616995,0.187049580900633,0.365022530337393,"TMEM45A"
"ENSG00000181467.5",2930.09306687681,0.229376541867242,0.077149642491533,2.97313810485144,0.002947717870147,0.0233931735258723,"RAP2B"
"ENSG00000181472.5",922.806497381394,0.0872246524433302,0.0477526033640051,1.82659470476281,0.0677607301416945,0.19000297593476,"ZBTB2"
"ENSG00000181481.14",1264.43666023814,0.186974419911981,0.0627839618770964,2.97806022942604,0.00290078975741071,0.0230932552351685,"RNF135"
"ENSG00000181499.2",0.774898608865684,-1.50528123015887,0.416027856088558,-3.61822221307808,0.000296633658237358,0.00475256226356898,"OR6T1"
"ENSG00000181513.15",647.79833508224,-0.0193861138387566,0.0805700910466118,-0.240611790143581,0.809856011402227,0.895478861788987,"ACBD4"
"ENSG00000181523.13",2104.59949620075,-0.0604773579514552,0.0684679070949322,-0.883294970117928,0.37707692072742,0.5685955850255,"SGSH"
"ENSG00000181524.6",122.090345994635,-0.219000937105134,0.132540276937373,-1.65233498952636,0.0984662802486461,0.242025682415517,"RPL24P4"
"ENSG00000181541.6",2.84880637229607,-1.70517867492312,0.481519998017679,-3.54124165547225,0.000398248647152006,0.00579718442899853,"MAB21L2"
"ENSG00000181544.15",74.8104375166461,0.052461730533055,0.121054858984144,0.433371538931174,0.664744873652535,0.801773397040678,"FANCB"
"ENSG00000181552.4",1.744877234287,-1.23654203938922,0.464758387198572,-2.66061263970455,0.00779986331884502,0.0453083296147856,"EDDM3B"
"ENSG00000181555.21",3127.20618051075,-0.158254578591701,0.0557933980774403,-2.83643914952172,0.00456196706287432,0.0314339803196937,"SETD2"
"ENSG00000181562.5",2.21221459054609,-1.28018514016102,0.345864038740632,-3.70141152813245,0.000214403414750588,0.00379354041058415,"EDDM3A"
"ENSG00000181577.16",761.483627967459,0.360975263936675,0.178030920511057,2.02759870532858,0.0426012212604732,0.140271427577875,"C6orf223"
"ENSG00000181585.7",44.076662421532,0.293441062215833,0.154269589322746,1.9021316093733,0.057153950978202,0.169986286396041,"TMIE"
"ENSG00000181588.16",1268.7798388554,0.195737266133158,0.0841521433755127,2.32599264001772,0.0200189433212837,0.0852750247378734,"MEX3D"
"ENSG00000181609.5",0.742466100605167,-1.58851131788318,0.505019157723321,-3.1454476401338,0.00165832876230816,0.0156626211300782,"OR52D1"
"ENSG00000181610.13",2747.50518465387,0.0769736459825752,0.0828633538718368,0.928922646573404,0.352929175610635,0.546495444128199,"MRPS23"
"ENSG00000181616.9",1.81663635173945,-1.23201167766726,0.538237494344029,-2.2889740878583,0.0220808579828801,0.0907569542232969,"OR52H1"
"ENSG00000181617.6",171.095136161991,-0.566152585221481,0.257961311772149,-2.19471897290377,0.0281837628875008,0.106217117705859,"FDCSP"
"ENSG00000181619.11",81.5582592342961,-0.191160036452452,0.111338333119581,-1.71692921113827,0.085992106856782,0.222105136817909,"GPR135"
"ENSG00000181626.12",3.19271985467628,-0.181321990089132,0.26909317485804,-0.673826046256238,0.500421913525765,0.676982802397939,"ANKRD62"
"ENSG00000181631.7",346.311387961575,-0.28996938550484,0.132431451961054,-2.18958095838227,0.028554641233812,0.107167342367208,"P2RY13"
"ENSG00000181634.8",1041.65723041894,-0.367323483994829,0.147082379452922,-2.49739965698883,0.0125107866852608,0.0621790268906146,"TNFSF15"
"ENSG00000181638.20",436.773561318728,0.0954584358256992,0.0856029570689209,1.11513012043315,0.264794665781563,0.456446557308977,"ZFP41"
"ENSG00000181649.8",1340.48669305505,0.472776046005284,0.152965309628683,3.09074029368442,0.00199658180433694,0.0178784825206535,"PHLDA2"
"ENSG00000181652.19",249.990558609532,-0.0809950838144503,0.173856554867445,-0.465873051931831,0.641306371317432,0.784214097563772,"ATG9B"
"ENSG00000181656.7",31.7944808487821,-0.376921117090615,0.190688227436543,-1.97663548587993,0.0480828479771154,0.151880669611205,"GPR88"
"ENSG00000181666.18",1411.6453446556,-0.122753828253902,0.065345253228753,-1.87854239119986,0.0603070036092505,0.176352612627165,"ZNF875"
"ENSG00000181690.8",336.846244733088,-0.242506089247646,0.134381263899169,-1.8046123560023,0.0711353631995885,0.19610082363202,"PLAG1"
"ENSG00000181704.12",3796.01993896116,-0.0369075669872172,0.0556807572703805,-0.662842403669145,0.507431492765195,0.682941209064626,"YIPF6"
"ENSG00000181722.17",244.975516244558,-0.724471373636052,0.173139534959463,-4.18432089358257,2.8601984888725e-05,0.00086176098000029,"ZBTB20"
"ENSG00000181741.7",2.46281314314863,-0.415746365326879,0.26084018381078,-1.59387391640726,0.110964277640459,0.261379205849992,"FDX1P1"
"ENSG00000181744.9",1155.49054859625,-0.0933972309603811,0.0964251863976741,-0.968597878309457,0.332745862377103,0.526250914261597,"DIPK2A"
"ENSG00000181751.10",538.669387502539,0.258230950895544,0.0980741074715625,2.63301861778779,0.00846297081511756,0.0479505934900798,"MACIR"
"ENSG00000181754.7",521.044864649487,-0.221118432816902,0.10856390881795,-2.03675821204718,0.041674277821594,0.138211580833359,"AMIGO1"
"ENSG00000181773.7",77.6159143228977,0.0590101860181488,0.117172468470623,0.503618185981493,0.614529710445446,0.765391510265348,"GPR3"
"ENSG00000181778.5",8.222347978693,-0.433280175735094,0.214542731147841,-2.01955187862562,0.0434298909326466,0.142202139931216,"TMEM252"
"ENSG00000181781.9",8.65151710848867,0.206025865627589,0.171592981131264,1.20066604280267,0.229880771358547,0.416180043685517,"ODF3L2"
"ENSG00000181788.4",1263.69854946619,0.146741636927079,0.0598684029595173,2.45106984106967,0.0142432314245197,0.0678883183702984,"SIAH2"
"ENSG00000181789.14",11933.4363905654,0.143508393776004,0.0610191270173308,2.35185917581621,0.018679845460316,0.0815510221492657,"COPG1"
"ENSG00000181790.11",235.051213709149,0.344799755388041,0.197998188793714,1.74142883573179,0.0816084373399327,0.214906252316704,"ADGRB1"
"ENSG00000181798.3",19.1686334938344,0.0806979371679983,0.112684476290906,0.71614067726302,0.473904488826677,0.654323483038468,"LINC00471"
"ENSG00000181800.6",26.7083032730458,-0.657458541079082,0.200041501285443,-3.2866107125488,0.00101400905126824,0.0111099896593059,"CELF2-AS1"
"ENSG00000181804.15",402.635503126427,-0.0793447496790941,0.106007282664249,-0.748483950205558,0.454168302386985,0.637463123582205,"SLC9A9"
"ENSG00000181817.6",1120.31497461564,0.19839626949726,0.0778848294444149,2.54730312581415,0.0108559088865533,0.05666795509587,"LSM10"
"ENSG00000181826.10",1051.40977736125,0.207723574226144,0.092373051680371,2.24874647364589,0.0245286305900526,0.0972412119831654,"RELL1"
"ENSG00000181827.15",1051.18372872236,-0.111563010690121,0.06577657513377,-1.69609029450431,0.089868781392803,0.228431923874682,"RFX7"
"ENSG00000181830.9",2373.37350014509,0.205153073494455,0.0939387130947513,2.1839033848327,0.0289693482528646,0.108125169437514,"SLC35C1"
"ENSG00000181847.12",426.832852529094,-0.185041379376245,0.131152678697718,-1.41088524621544,0.158278453154001,0.328392770030968,"TIGIT"
"ENSG00000181852.18",2361.54445004994,0.0837754016398815,0.0528950969742736,1.58380278006914,0.113238606462376,0.264881116064912,"RNF41"
"ENSG00000181856.15",36.8028662549881,-0.262827444993751,0.127690593398414,-2.05831485310504,0.0395599192956008,0.133671814991215,"SLC2A4"
"ENSG00000181873.13",501.151659490002,-0.138392367576151,0.0754542491117122,-1.83412291826345,0.0666357501273473,0.188088514539192,"IBA57"
"ENSG00000181885.18",4861.06888722497,0.112401030757388,0.100587917682501,1.11744067624676,0.263805951351928,0.455449675293495,"CLDN7"
"ENSG00000181894.15",508.949497065255,-0.0586393524993263,0.0785081686987555,-0.746920396581048,0.455111613179136,0.638329651496523,"ZNF329"
"ENSG00000181896.12",584.874912141517,-0.274965032628849,0.0680251073140251,-4.04211097175525,5.29721510822586e-05,0.00137781392654815,"ZNF101"
"ENSG00000181903.5",2.61019077828729,-0.417069796146735,0.333552298033478,-1.25038801592929,0.211157840196235,0.393650163973866,"OR4C6"
"ENSG00000181904.9",2674.00795053583,0.0139485686290111,0.0577564773007421,0.241506568282894,0.809162526374212,0.895089552037151,"C5orf24"
"ENSG00000181908.5",9.87158314552006,-0.20212746458094,0.135588309281579,-1.49074404461507,0.13602870760087,0.297805729565116,"LINC02724"
"ENSG00000181915.5",1106.15148858151,0.0456251271962986,0.0488137831268082,0.934677139810571,0.349954711394692,0.543572808488096,"ADO"
"ENSG00000181924.7",2103.46129391877,0.105248378478645,0.0779101513976647,1.3508942877218,0.176729298322475,0.352495119161884,"COA4"
"ENSG00000181929.13",2307.41319472882,0.0495720963305178,0.0605417253385544,0.818808781106031,0.412895520173501,0.601993893283836,"PRKAG1"
"ENSG00000181938.14",315.547659349166,0.283672872175121,0.0931425378540992,3.04557808613153,0.00232233466091633,0.0198077134811609,"GINS3"
"ENSG00000181982.19",1051.53105759829,0.0568465188968494,0.0623629527623881,0.911543093757009,0.362009290464411,0.555127599255292,"CCDC149"
"ENSG00000181991.16",612.328982890416,0.158464842166842,0.0581903495258628,2.7232151629612,0.00646499374798272,0.0399626878669864,"MRPS11"
"ENSG00000182004.13",2253.24488577643,0.167841828668531,0.0780364663586295,2.1508127738279,0.0314909804517911,0.114444843595839,"SNRPE"
"ENSG00000182010.11",2154.53797211996,-0.156025716839786,0.22044394656091,-0.707779547925465,0.47908216901684,0.658956624473693,"RTKN2"
"ENSG00000182013.18",546.1501979564,-0.0133018557097797,0.185428915070614,-0.0717356066324074,0.942812319150664,0.969971103523078,"PNMA8A"
"ENSG00000182022.18",3556.4498787476,0.224333405378896,0.095454363843843,2.35016395631624,0.0187651432897143,0.0817732873749292,"CHST15"
"ENSG00000182040.9",15.4996738226324,-0.34473557320918,0.280631855937103,-1.22842637396962,0.219286952322188,0.403523271512633,"USH1G"
"ENSG00000182048.11",17.7028975734817,-0.243276201126152,0.170279979457427,-1.42868352404855,0.153095215420784,0.321476040025608,"TRPC2"
"ENSG00000182050.13",14.7902886600363,-0.276180080465317,0.266082424417221,-1.03794935373959,0.29929363460145,0.492287720774089,"MGAT4C"
"ENSG00000182054.10",6221.3573849286,0.080250707278744,0.0947328404558608,0.847126581368954,0.396924570447264,0.587455422267204,"IDH2"
"ENSG00000182057.5",183.570009060026,0.239225813026647,0.0878544360493954,2.72297932562159,0.00646961063969791,0.0399763821506055,"OGFRP1"
"ENSG00000182077.12",5.65326670365272,-0.718778597520276,0.312899782312906,-2.29715275672989,0.0216100570896836,0.0894743975484188,"PTCHD3"
"ENSG00000182087.14",3571.77581521235,0.0687697031589844,0.0755499471665088,0.910254814704489,0.362688142183266,0.555733446138967,"TMEM259"
"ENSG00000182093.16",790.944462219938,0.0167020275099946,0.0680182418974563,0.24555217900478,0.806028911503369,0.893217937218006,"GET1"
"ENSG00000182095.14",7861.58043160553,0.0664124198851316,0.0852663407117124,0.778882022270354,0.436049214974293,0.621729615166559,"TNRC18"
"ENSG00000182103.5",7.1645281068321,-0.31061411641331,0.210983244257696,-1.47222172787297,0.140961011842051,0.30474123164009,"FAM181B"
"ENSG00000182107.7",3591.20784315116,0.0550156098010087,0.0845444752521568,0.650729803892245,0.515220920478219,0.689439312921275,"TMEM30B"
"ENSG00000182108.11",253.406067446071,-0.249420189069709,0.0959706209410198,-2.59892232251987,0.00935169321548619,0.0513186723257117,"DEXI"
"ENSG00000182111.9",4.60019248486889,0.400830956147244,0.527485614678512,0.759889833946541,0.447320438818742,0.631900855804157,"ZNF716"
"ENSG00000182117.6",2672.47476191701,0.310963004820156,0.0837806904159704,3.71163096503774,0.000205928073086161,0.00368204260862383,"NOP10"
"ENSG00000182118.8",726.833034546724,0.317674819302765,0.119178759973894,2.66553217513213,0.00768665758161954,0.0448181945472608,"FAM89A"
"ENSG00000182132.14",22.0312745037311,0.187000920609948,0.173671480888625,1.07675088421611,0.281591573129228,0.474012956021406,"KCNIP1"
"ENSG00000182134.16",1260.33695068291,-0.00988591785515515,0.0851817918273097,-0.116056702296155,0.907607603423042,0.950907258103765,"TDRKH"
"ENSG00000182141.10",397.989603294364,-0.42711099967295,0.0946459792836317,-4.51272207129897,6.40008659734034e-06,0.000286780730935736,"ZNF708"
"ENSG00000182149.21",6078.7658538519,-0.0278834226439437,0.0389212091685622,-0.716406895869667,0.473740138156472,0.654150819942906,"IST1"
"ENSG00000182150.18",885.535661818476,-0.127894987124604,0.0788046861765851,-1.62293631673144,0.104603019126655,0.251753882427438,"ERCC6L2"
"ENSG00000182154.8",1196.71531711518,0.302288208984297,0.0969210866930375,3.11891064471538,0.00181521001183847,0.0167638798679995,"MRPL41"
"ENSG00000182156.10",3.7982770670788,-0.0611444982181562,0.20808439134112,-0.293844712830573,0.768876566613326,0.870628104627491,"ENPP7"
"ENSG00000182158.15",7151.02894301514,-0.0259754598180123,0.0790034015649329,-0.328789131904189,0.74231507828851,0.853144708003982,"CREB3L2"
"ENSG00000182162.11",417.327277592871,-0.224161724427992,0.121516489906832,-1.84470210256945,0.065080884861802,0.185264670376802,"P2RY8"
"ENSG00000182165.18",183.262034110614,0.0923744285305599,0.0937320460202933,0.985515972952949,0.324370689441933,0.517890726311422,"TP53TG1"
"ENSG00000182168.15",403.905237850919,-0.124788362199133,0.127925253861043,-0.975478714583459,0.329322855017104,0.522875509161234,"UNC5C"
"ENSG00000182173.13",1718.31949293846,-0.0376405662639631,0.0701227493137981,-0.536781096467314,0.591418830776516,0.747820248121631,"TSEN54"
"ENSG00000182175.14",427.483668216302,-0.232188555883631,0.163686122239219,-1.41849872614307,0.156045210333394,0.325414488911387,"RGMA"
"ENSG00000182179.13",2475.87281542693,-0.0972907785699204,0.0893619564208283,-1.08872704299079,0.276274272626452,0.468902903678246,"UBA7"
"ENSG00000182180.14",2944.92123821033,0.127206128264286,0.0670813085916561,1.89629765630584,0.0579206960222275,0.171515941712,"MRPS16"
"ENSG00000182183.15",44.3294067664598,-0.332621234799575,0.122064400898191,-2.72496511965844,0.00643082804719766,0.0398402601740513,"SHISAL2A"
"ENSG00000182185.18",262.501382294772,-0.203769198961942,0.0999763475390927,-2.03817406794406,0.0415325279160728,0.137929421636889,"RAD51B"
"ENSG00000182195.9",1560.10527148539,0.349742655918955,0.138660446028338,2.52229576592792,0.0116591631805603,0.0594074869559829,"LDOC1"
"ENSG00000182196.13",13.7642606927721,-0.100141457380515,0.142949071656912,-0.700539403437764,0.48359050636077,0.662776993589212,"ARL6IP4"
"ENSG00000182197.12",3285.69271297587,0.254534802347624,0.071115396412366,3.57917996929514,0.000344674053594873,0.00528569012728425,"EXT1"
"ENSG00000182199.11",4615.51320737151,0.105216512007694,0.104651367771554,1.00540025656782,0.314704156376869,0.508786746868116,"SHMT2"
"ENSG00000182208.14",1218.83021927742,0.0314575414911761,0.0651960213849025,0.482507073636563,0.6294457746517,0.776009560284356,"MOB2"
"ENSG00000182218.9",208.172297383148,0.307500407502819,0.123589334966126,2.48808206296361,0.0128434093579542,0.0633715677842297,"HHIPL1"
"ENSG00000182220.15",7731.21187199482,0.0459171069950552,0.0536429970025226,0.855975794806839,0.392011168241013,0.582800206494956,"ATP6AP2"
"ENSG00000182223.7",2.39946095266357,-0.657072707740077,0.273153393588966,-2.4055081253313,0.0161499928136542,0.0739081389340191,"ZAR1"
"ENSG00000182230.12",2.02085776460498,-0.305368338968328,0.296231192755345,-1.03084464579167,0.302613678062503,0.495690882348581,"FAM153B"
"ENSG00000182240.16",4505.16440504624,0.280247363807825,0.134311820490107,2.08654281347089,0.0369294812498584,0.127659975002755,"BACE2"
"ENSG00000182247.10",1001.62403071094,0.157249309661618,0.0853158476893984,1.84314302583151,0.065308130779605,0.185647506663712,"UBE2E2"
"ENSG00000182253.15",590.268815460968,0.0507509661020774,0.118887855862825,0.426880994141528,0.669466009349167,0.804972311887969,"SYNM"
"ENSG00000182255.7",26.0690847972348,-0.181982072529171,0.321696939384701,-0.565694137088285,0.571601721476797,0.732630303878974,"KCNA4"
"ENSG00000182256.13",17.4089042832462,-0.612846781260011,0.333162232944982,-1.83948455334437,0.0658439478041322,0.186494372183848,"GABRG3"
"ENSG00000182257.8",28.113337546595,0.125837673541654,0.105573786207446,1.19194051915872,0.233284568884706,0.420141899376745,"PRR34"
"ENSG00000182261.4",0.988126052219348,-0.329158186444265,0.411560123868654,-0.799781532161541,0.423837384802298,0.611440248384735,"NLRP10"
"ENSG00000182263.14",254.852828502836,0.256757607110419,0.13799308458847,1.86065561093974,0.0627928261487319,0.180963158757757,"FIGN"
"ENSG00000182264.9",16.1556077623559,-0.45147415154113,0.1679359911908,-2.68837042220562,0.00718016968337933,0.0428557528269538,"IZUMO1"
"ENSG00000182272.12",562.507179545049,-0.153295215069238,0.226179293468121,-0.677759722027094,0.497924052976135,0.674755189504007,"B4GALNT4"
"ENSG00000182287.15",1158.2334751557,-0.0374405928587389,0.100040635204678,-0.374253849769519,0.708215463773285,0.830818091451867,"AP1S2"
"ENSG00000182307.14",2663.90784027224,-0.00287851544013688,0.073328819577705,-0.0392548994612763,0.968687163894595,0.984147139076679,"C8orf33"
"ENSG00000182308.7",24.5495864437899,-0.000952403172687989,0.141448174358155,-0.00673323057727456,0.99462769987155,0.997492857142406,"DCAF4L1"
"ENSG00000182310.15",154.704249626622,-0.113752124175917,0.0993956346896109,-1.14443782698444,0.252442108255649,0.442671184565222,"SPACA6"
"ENSG00000182318.6",232.903212020614,-0.0392842709737308,0.0562122489659486,-0.698856062448734,0.484641988395767,0.663788172126106,"ZSCAN22"
"ENSG00000182324.7",61.9138762290668,0.0329450170197344,0.116695551942735,0.282315962101976,0.777701247193744,0.876150772293629,"KCNJ14"
"ENSG00000182325.11",737.38487965121,0.0569784950000812,0.100964323003563,0.564342861963926,0.572520816582598,0.73316930327273,"FBXL6"
"ENSG00000182326.15",17501.7367235239,0.0660930877951612,0.111356851535753,0.593525112138616,0.552829782098037,0.718033860078413,"C1S"
"ENSG00000182327.8",60.0089654541313,0.0257540736492627,0.177627310108413,0.144989380481774,0.884719256338817,0.938713691162223,"GLTPD2"
"ENSG00000182329.14",53.6588192313325,-1.40064022418585,0.231815423962992,-6.04204931769101,1.52168933827347e-09,5.69231495945378e-07,"KIAA2012"
"ENSG00000182333.15",2.03390371706223,-1.26013228020471,0.426512989233876,-2.95449918762901,0.00313176977990169,0.024366910792771,"LIPF"
"ENSG00000182347.10",2.35372965842187,-1.49968646578819,0.392831155532279,-3.81763626603429,0.000134736372070056,0.00273356370221107,"PDSS1P1"
"ENSG00000182359.15",307.450760430548,-0.153879482970933,0.0848457675502621,-1.81363770302126,0.0697335218391898,0.193550491254035,"KBTBD3"
"ENSG00000182362.14",416.499234662799,0.272069858598909,0.0893425756017601,3.04524306319136,0.00232492333267463,0.0198077134811609,"YBEY"
"ENSG00000182366.10",8.03572829889492,-0.605901370836506,0.192880212618063,-3.14133504216059,0.00168179518463485,0.0158197637520769,"FAM87A"
"ENSG00000182372.10",780.857138231083,0.00870916378764015,0.0763859928354819,0.114015193942661,0.909225748962687,0.951866405467411,"CLN8"
"ENSG00000182376.2",5.17511148380287,-0.246660213309804,0.206716792826508,-1.19322774863685,0.232780190013282,0.419551259534008,"AC138028.1"
"ENSG00000182378.14",1568.31816557792,-0.210571403981879,0.138931950027607,-1.5156441980411,0.129609344751844,0.289311693920424,"PLCXD1"
"ENSG00000182379.10",266.164291444912,-0.539704948651648,0.25152731141673,-2.14571111825493,0.0318960335889892,0.115375341838137,"NXPH4"
"ENSG00000182383.8",2.89128328892652,-0.246974548202563,0.195257705718911,-1.26486454039413,0.205919890547905,0.387283409558885,"RPL27AP5"
"ENSG00000182389.20",201.130279723864,-0.899504958328935,0.182280695143869,-4.93472420444183,8.02640964047875e-07,6.30448771716352e-05,"CACNB4"
"ENSG00000182393.3",3.32178457778783,0.529619213649404,0.24699089812121,2.14428635904427,0.0320099491249293,0.115561400587321,"IFNL1"
"ENSG00000182397.14",5.92435170057359,-0.245281264451949,0.159416868438908,-1.53861549818328,0.123898192689733,0.280627425622103,"DNM1P46"
"ENSG00000182400.15",250.180517299049,-0.0900493741811489,0.073697845608702,-1.22187254508449,0.221755829309774,0.40636926602875,"TRAPPC6B"
"ENSG00000182405.6",144.676614007127,-0.0112884427046585,0.0702405713438076,-0.160711145833436,0.872320910445102,0.931715080962171,"PGBD4"
"ENSG00000182446.14",7378.70564216742,0.0917716374918201,0.0588133375506522,1.56038819277656,0.118668173346063,0.2729576491495,"NPLOC4"
"ENSG00000182459.5",5.81682193717838,1.24850406472133,0.307313708466489,4.06263707190749,4.85214381940184e-05,0.00128821709871886,"TEX19"
"ENSG00000182463.16",419.416981330737,-0.127326601810983,0.141131265312396,-0.902185646314048,0.366958258369389,0.559649166096751,"TSHZ2"
"ENSG00000182472.9",326.852520315583,-0.37305724444955,0.151427905997977,-2.46359640246582,0.0137550900167324,0.0663789262106207,"CAPN12"
"ENSG00000182473.22",2769.07829015152,0.0188400820773423,0.0488189177941787,0.385917650955975,0.699557657797013,0.82462530993057,"EXOC7"
"ENSG00000182477.5",1.12057324484458,-0.159557135620398,0.401525425708806,-0.397377414739638,0.691089167779236,0.819213546353134,"OR2B8P"
"ENSG00000182481.10",4954.65992204241,0.244623727349532,0.116408279121528,2.10142894642527,0.0356033291754135,0.124340883062734,"KPNA2"
"ENSG00000182484.15",329.80324545985,0.087997601648592,0.120750674463113,0.728754535242561,0.466151826927182,0.64775628256132,"WASH6P"
"ENSG00000182487.12",83.3494545583172,0.0483113779394218,0.138015579756672,0.3500429301141,0.726306479669003,0.84270511197701,"NCF1B"
"ENSG00000182489.9",654.866883042173,0.0602828500885578,0.188938440820732,0.319060800050506,0.749680408350708,0.857996212967347,"XKRX"
"ENSG00000182492.16",27603.0771425464,0.165741726016714,0.121153602344751,1.36802969791261,0.171302780396713,0.34545905068434,"BGN"
"ENSG00000182504.11",618.22759311128,-0.132650848771906,0.0768479437484954,-1.72614701580097,0.0843209672974339,0.219268762339566,"CEP97"
"ENSG00000182508.14",9.90192571381237,-0.266110460498851,0.208949213737166,-1.27356526372761,0.202817529330829,0.383702921014393,"LHFPL1"
"ENSG00000182511.12",1174.6377535079,-0.0109880651315818,0.0873127267616369,-0.125847233720911,0.899852851862765,0.946691922969081,"FES"
"ENSG00000182512.5",1653.068577116,0.101503034936655,0.0637126459058958,1.5931379633264,0.111129244476459,0.261599036957589,"GLRX5"
"ENSG00000182518.13",469.133406454899,-0.0177829224071279,0.0669225941142435,-0.265723746105399,0.790451973907143,0.883964850602617,"FAM104B"
"ENSG00000182533.7",7.13141945022411,-0.0356829567046078,0.281159694979687,-0.126913484904676,0.899008873538472,0.94617542571057,"CAV3"
"ENSG00000182534.13",3766.87194301591,0.0129386944507221,0.101042831333244,0.12805158248238,0.898108152089674,0.94571637750329,"MXRA7"
"ENSG00000182541.18",2830.22380407261,-0.166343501238372,0.075734317619158,-2.19640853007822,0.0280627156629532,0.105973119278582,"LIMK2"
"ENSG00000182544.9",1649.75183564375,0.207155750966946,0.0653900896546571,3.16799918857722,0.00153491948884689,0.0148121955194723,"MFSD5"
"ENSG00000182545.6",4.70283374707726,0.00884374400962885,0.230608858915017,0.0383495415190788,0.969408991393268,0.984610072011229,"RNASE10"
"ENSG00000182551.14",5087.38331969595,0.0564253268275059,0.093897517231716,0.600924587689173,0.547890215741885,0.714433219203141,"ADI1"
"ENSG00000182552.15",522.763253265028,0.14012056236241,0.0544239847982904,2.57461049354864,0.0100353027366024,0.0538792668940014,"RWDD4"
"ENSG00000182557.8",51.4246025971232,-0.139265694393046,0.126272931176788,-1.10289428696375,0.270073075506289,0.461981344234234,"SPNS3"
"ENSG00000182568.17",1242.22652863489,-0.331334778087823,0.103203976857098,-3.21048459737756,0.0013251136987941,0.0133850152833592,"SATB1"
"ENSG00000182574.8",3.90167902842845,0.280875995955497,0.185049444090678,1.51784295994892,0.12905399223429,0.288433910604359,"CSGALNACT2P1"
"ENSG00000182575.8",172.437283979126,-0.0923984408547741,0.159058854849067,-0.580907243060768,0.561302970491338,0.725075167661731,"NXPH3"
"ENSG00000182578.14",3873.53812879696,0.0695414323474229,0.115621654241555,0.601456818825114,0.547535764296535,0.71416682471007,"CSF1R"
"ENSG00000182580.3",1277.3567035841,0.179810104028596,0.118748128786462,1.51421421007769,0.129971518772754,0.289776541088826,"EPHB3"
"ENSG00000182583.12",6.19892803247375,0.114515541168968,0.393322201445405,0.291149446301631,0.770937024425081,0.87182568936683,"VCX"
"ENSG00000182584.6",4.87922310769289,0.168317529199156,0.154421834514382,1.0899852972766,0.27571962068817,0.468152454690496,"ACTL10"
"ENSG00000182585.10",42.2252307526238,0.0314614636636094,0.258320654610442,0.121792288390778,0.903063521456366,0.948384764994221,"EPGN"
"ENSG00000182600.9",72.0487285287062,0.393617000593171,0.141255035784805,2.78656968515321,0.00532691634781477,0.0349593979830075,"SNORC"
"ENSG00000182601.7",2.69621430600692,-1.18667299723246,0.314684184331676,-3.77099662556193,0.000162596872041619,0.00308980460095984,"HS3ST4"
"ENSG00000182606.17",3536.65224366796,0.054408825628656,0.0597982285234618,0.909873535924375,0.36288920775022,0.555822018256665,"TRAK1"
"ENSG00000182612.10",139.040122004184,0.270327209003411,0.110213838311244,2.45275196967559,0.0141768052620463,0.0676610143275198,"TSPAN10"
"ENSG00000182621.18",981.889253487974,-0.13543519399254,0.130304799789306,-1.03937225805595,0.298631641010732,0.491620965900599,"PLCB1"
"ENSG00000182625.3",1.59788836302935,-0.181959214724337,0.36818203682694,-0.494209919344504,0.621157935098572,0.769925954327504,"AC091046.1"
"ENSG00000182628.13",1730.12128593819,0.0610545358409655,0.0733339685729694,0.832554640489892,0.405095949884107,0.594606271911276,"SKA2"
"ENSG00000182632.15",5.55986567208673,-0.86215623758144,0.310301488338032,-2.77844699424141,0.00546194238442668,0.035560430771074,"CCNYL2"
"ENSG00000182636.8",832.854488292094,0.0751128775075288,0.117330975402959,0.640179434710765,0.52205595117764,0.694704375976545,"NDN"
"ENSG00000182648.13",481.047117090089,-0.163932739027633,0.108074684913632,-1.51684679125958,0.129305370182282,0.288729962034337,"LINC01006"
"ENSG00000182667.14",1063.68448429905,-0.115994372913141,0.170328713950887,-0.681003045361963,0.495869563465333,0.673066918478935,"NTM"
"ENSG00000182670.13",7555.63157877772,-0.117626786311523,0.0661658050518721,-1.77775795547726,0.0754436165630289,0.203845508180364,"TTC3"
"ENSG00000182674.6",10.4274786644455,-1.36601442476121,0.270913708369769,-5.04224918325927,4.60091607435999e-07,4.15865185255348e-05,"KCNB2"
"ENSG00000182676.5",3.24235819139487,0.0185048161496314,0.203466774603158,0.0909476064862341,0.927534222400974,0.961940499492208,"PPP1R27"
"ENSG00000182685.7",86.6844799962848,-0.0260585848622102,0.124081149706153,-0.210012438826701,0.833657964745622,0.909281718644809,"BRICD5"
"ENSG00000182687.4",12.0850750944627,0.805956365797408,0.189577326309763,4.25133311818368,2.12501821679824e-05,0.000697026911249891,"GALR2"
"ENSG00000182700.5",572.109680428699,-0.150682563170675,0.0930760832403039,-1.61891817881553,0.105464868953052,0.252934871204002,"IGIP"
"ENSG00000182704.8",3123.42455282127,0.323389394708363,0.135827450200869,2.38088393936658,0.017271152496454,0.0774109423888587,"TSKU"
"ENSG00000182718.18",44247.2815794553,0.413985408165307,0.0930273358948472,4.45014795041807,8.58111529752761e-06,0.000357113839500734,"ANXA2"
"ENSG00000182722.5",3.40324640626874,-0.0825483295313889,0.20408379084909,-0.404482537236038,0.685857916700443,0.81620916573877,"SEPHS1P1"
"ENSG00000182732.18",48.1241082967223,0.188026172105817,0.232541235874245,0.808571311659748,0.418761771948058,0.607121505771606,"RGS6"
"ENSG00000182742.6",209.175748048321,0.274373127345794,0.149127866324489,1.83985149193231,0.0657900433051915,0.186407000024673,"HOXB4"
"ENSG00000182747.5",9.97190471555964,-0.223781190348155,0.27865291516253,-0.803082179196401,0.421927237242036,0.609688520377565,"SLC35D3"
"ENSG00000182749.6",811.264211932798,0.0927497984244885,0.0860865471678554,1.07740177154092,0.281300813040665,0.47378701717827,"PAQR7"
"ENSG00000182752.10",313.055378603357,0.0168935099979267,0.183134899383459,0.0922462624808286,0.926502382564464,0.961573106492626,"PAPPA"
"ENSG00000182759.4",6.40258762606874,0.231524832620261,0.197000157282443,1.1752520191561,0.239893904223057,0.427672704326546,"MAFA"
"ENSG00000182768.9",667.749195736022,0.221272605554098,0.0775471100480549,2.85339589595251,0.00432546975462139,0.030342997164056,"NGRN"
"ENSG00000182771.19",77.5002828251782,0.0478095861364429,0.134937441845883,0.354309267186553,0.723107123439082,0.841225455544446,"GRID1"
"ENSG00000182774.13",180.446667351418,-0.153808434726905,0.0922970098664368,-1.66645089531591,0.0956236408984087,0.238007643104856,"RPS17"
"ENSG00000182782.8",364.924164102805,-0.0719572057677017,0.18395501491462,-0.391167404710873,0.695673499926055,0.822393134006965,"HCAR2"
"ENSG00000182791.5",37.9987673218314,0.0218906196127075,0.1282802396822,0.170646856187197,0.864501452349711,0.927832989975581,"CCDC87"
"ENSG00000182793.12",2.56203386770228,-0.153594487751824,0.286873480341779,-0.535408458003271,0.592367442753352,0.748508018505668,"GSTA5"
"ENSG00000182795.13",10090.6087750337,-0.124601348938083,0.163860323352209,-0.76041195567678,0.447008379057626,0.631658101062325,"C1orf116"
"ENSG00000182796.14",541.097275626225,0.00696829723489841,0.0809071273897175,0.0861271121558076,0.931365371314828,0.963698014271027,"TMEM198B"
"ENSG00000182798.10",2.83360820999235,-0.0137321511058337,0.315017282388975,-0.0435917388458631,0.965229836885613,0.982827820193128,"MAGEB17"
"ENSG00000182809.11",6596.93929383852,0.206779550956768,0.124585805831267,1.65973603154135,0.096967567426394,0.239954007902998,"CRIP2"
"ENSG00000182810.7",622.984545006981,0.124315462852526,0.0673523629000153,1.84574761002925,0.0649288607671498,0.184948371108891,"DDX28"
"ENSG00000182827.9",3912.32482864956,0.0386563451465544,0.0579744677251139,0.666782234721732,0.504911241968911,0.680822746996871,"ACBD3"
"ENSG00000182831.12",2820.37589013155,-0.0114355585355168,0.0611139424271399,-0.187118652165998,0.851567604129783,0.92010645650514,"C16orf72"
"ENSG00000182836.10",178.993420592343,-0.119696411977483,0.218770709383568,-0.547131799840814,0.584288186620374,0.74241304469705,"PLCXD3"
"ENSG00000182841.12",206.091647920168,-0.139566220709029,0.0844244098282024,-1.65315009003955,0.0983003211808192,0.241832010128797,"RRP7BP"
"ENSG00000182853.12",244.442354027358,0.140853950468687,0.153279809055613,0.918933493827501,0.358130359539193,0.551142514030685,"VMO1"
"ENSG00000182858.14",591.179071602716,0.058276242121558,0.0590138450768669,0.987501187994983,0.323397000808774,0.516952594930569,"ALG12"
"ENSG00000182866.17",696.878601381196,-0.114198752671834,0.118531390356387,-0.963447339379668,0.335323079259358,0.528648774662174,"LCK"
"ENSG00000182870.13",13.2272967845402,-0.231429818868588,0.213820843608283,-1.08235387609154,0.279095314877113,0.471575330806117,"GALNT9"
"ENSG00000182871.16",6692.83486022232,0.0553612647987605,0.120279157654559,0.4602731335861,0.645320182834206,0.787127490276579,"COL18A1"
"ENSG00000182872.16",2628.02017557582,-0.0223792790290039,0.0734647571619466,-0.304626053274371,0.760650974909294,0.865102454489194,"RBM10"
"ENSG00000182873.5",146.055367626666,-0.200663429194084,0.111760585695946,-1.79547581953451,0.0725779219567191,0.198859086141474,"PRKCZ-AS1"
"ENSG00000182885.17",113.863089106631,0.762176697723181,0.174761692703691,4.36123435251599,1.29330751100333e-05,0.000482379278812138,"ADGRG3"
"ENSG00000182890.5",92.7693594048829,0.174787107026202,0.121839173621744,1.43457232867352,0.151409004536754,0.319177238600674,"GLUD2"
"ENSG00000182898.4",1.25235469481538,0.691527328697125,0.545741170833623,1.26713424908151,0.205107291092239,0.386393427294973,"TCHHL1"
"ENSG00000182899.17",20241.4052257373,0.146765562615125,0.0883560365183386,1.66107001172085,0.0966993864469786,0.23953021283141,"RPL35A"
"ENSG00000182901.17",33.6115403471169,-0.454573966107653,0.303654203755837,-1.49701193161537,0.134390153449239,0.295782561099041,"RGS7"
"ENSG00000182902.14",61.8183743023583,-0.0522028252870924,0.135944671332635,-0.384000525915139,0.70097805770359,0.82561368175769,"SLC25A18"
"ENSG00000182903.16",764.66842379213,-0.0590894187551904,0.0689473631999889,-0.85702216898122,0.39143263287303,0.582330159803467,"ZNF721"
"ENSG00000182912.6",50.7349327106704,0.264333554652712,0.220537223057785,1.19858929475797,0.230687682831745,0.417153334925064,"TSPEAR-AS2"
"ENSG00000182916.8",78.742284459844,0.183093616834597,0.126374017714058,1.44882326404212,0.147386945177392,0.31340839090304,"TCEAL7"
"ENSG00000182919.15",972.972056939625,-0.138511733188332,0.0797188086666135,-1.73750380249148,0.0822982834260355,0.215898180686286,"C11orf54"
"ENSG00000182923.19",939.583857045086,-0.0845806398138285,0.0495123577237421,-1.70827332210178,0.0875856390147961,0.224760430673945,"CEP63"
"ENSG00000182931.9",53.1885364407536,-0.173843086105527,0.202116403692361,-0.860113691564253,0.389726374628158,0.580673984806233,"WFDC10B"
"ENSG00000182934.12",9571.61769772575,0.0406591509418044,0.0600673523607483,0.676892677033882,0.498474050684074,0.675307930293905,"SRPRA"
"ENSG00000182944.18",9242.44260553273,-0.0382722437318547,0.0443156457471631,-0.863628253330929,0.387792138329829,0.57891076631044,"EWSR1"
"ENSG00000182950.3",34.15047552635,0.00324542544579089,0.172079199497203,0.0188600682434232,0.984952734795664,0.992881715159162,"ODF3L1"
"ENSG00000182952.5",3331.96931660792,0.0503955070845085,0.0673560667717324,0.748195515265124,0.45434223570897,0.637653488468879,"HMGN4"
"ENSG00000182957.16",1749.80719326021,-0.279106558496283,0.0720653500290436,-3.87296472415382,0.000107519394891176,0.00231692117418247,"SPATA13"
"ENSG00000182963.11",496.842774206227,0.16809868428056,0.128218708626336,1.3110308634479,0.189847336590842,0.368536923534447,"GJC1"
"ENSG00000182968.5",3.78470038639268,-1.12693999167257,0.489038814626916,-2.30439784730033,0.0212003207419554,0.0883935226627328,"SOX1"
"ENSG00000182973.19",1077.24395137723,0.0282207158174751,0.0379473953623324,0.743679916579669,0.457070142330535,0.640078920190565,"CNOT10"
"ENSG00000182979.18",1907.57902206451,0.0446697832194893,0.0766071601464196,0.583101933737157,0.559824682051693,0.723730949386363,"MTA1"
"ENSG00000182983.15",233.575201163231,-0.495408715994098,0.13860120078011,-3.57434649343379,0.00035110372638228,0.00535124784014249,"ZNF662"
"ENSG00000182985.18",5655.417688676,-0.328064175255814,0.150359311403459,-2.18186803460093,0.0291192735983618,0.108514436524542,"CADM1"
"ENSG00000182986.14",1230.74449947429,-0.0864058029867011,0.0774958838262451,-1.11497280527096,0.264862075551426,0.456539118888616,"ZNF320"
"ENSG00000182993.5",69.2691479259217,0.213656449599548,0.0874219926397618,2.44396682285609,0.014526762354756,0.0687965148046787,"C12orf60"
"ENSG00000183010.17",3546.88979667249,0.114733233653019,0.143840873959047,0.797639992688619,0.425079435854422,0.612621516726603,"PYCR1"
"ENSG00000183011.13",1544.46589512341,0.266078542156966,0.101249085973687,2.62795994253337,0.00858986302095117,0.0484633637614858,"NAA38"
"ENSG00000183018.9",1383.90738425534,0.0633130146387993,0.147606108247164,0.428932212837579,0.667972556816015,0.804194399078518,"SPNS2"
"ENSG00000183019.7",782.534207214574,0.286699806154857,0.250385766567493,1.14503236380082,0.252195751164079,0.44249555433495,"MCEMP1"
"ENSG00000183020.14",4282.33605980194,-0.0741973458948164,0.0588201661727208,-1.26142700238115,0.20715504477428,0.388664207205079,"AP2A2"
"ENSG00000183022.5",5.90724421252568,0.0845942176483057,0.162339520183192,0.521094417137894,0.602300999899576,0.755981420910711,"TPM3P8"
"ENSG00000183023.18",732.734925711189,-0.131419236770876,0.115747282702214,-1.13539803011171,0.256208584680987,0.446758100339606,"SLC8A1"
"ENSG00000183032.12",88.5676538466381,-0.50683935197772,0.180055186226035,-2.81491115363625,0.00487907207397199,0.0328651854718846,"SLC25A21"
"ENSG00000183034.13",1.74656638344384,0.187427222868611,0.366218413361313,0.511790822171725,0.60879741430005,0.761036770708953,"OTOP2"
"ENSG00000183036.11",561.823915015562,-0.37832904034583,0.29378596306062,-1.28777098947973,0.197825693671815,0.378104989919957,"PCP4"
"ENSG00000183044.12",786.130703519941,-0.221388823990138,0.123514844333749,-1.79240661464078,0.0730678560054362,0.199774010839204,"ABAT"
"ENSG00000183048.12",340.02111491133,0.192508297983734,0.126762733285934,1.51865057650264,0.128850473218976,0.288139360886578,"SLC25A10"
"ENSG00000183049.13",2706.21216222138,-0.209329784972683,0.126995327288145,-1.64832667030123,0.0992856546826064,0.243339023950826,"CAMK1D"
"ENSG00000183055.5",4.31546795275927,-0.141608794358074,0.190652701347268,-0.742757869977084,0.457628286466506,0.6405920245232,"FAM133CP"
"ENSG00000183060.15",295.379179742846,-0.0878373431141295,0.0617136063747358,-1.42330594943303,0.154647483061117,0.323600175665022,"LYSMD4"
"ENSG00000183066.14",57.4993397110575,-0.359838987280983,0.122969187339359,-2.92625327585465,0.00343071507923538,0.0259833885452294,"WBP2NL"
"ENSG00000183067.5",10.1976386157234,0.26015958889763,0.208364167276966,1.2485812330285,0.211818279978719,0.394412685098739,"IGSF5"
"ENSG00000183072.10",4.35415043666808,-0.506439155202114,0.496563836786061,-1.01988730891071,0.307781909133064,0.501295587337561,"NKX2-5"
"ENSG00000183077.15",1360.68700793892,0.0273734032462345,0.0773274550705202,0.353993329035215,0.723343882627881,0.841226412448982,"AFMID"
"ENSG00000183087.15",4559.21762347416,0.125985555639288,0.129502492346599,0.972842710255345,0.330631481818666,0.524215688051061,"GAS6"
"ENSG00000183090.5",19.9307301001383,-0.237744209596828,0.288201068928002,-0.824924801566994,0.409414284658806,0.598777983847176,"FREM3"
"ENSG00000183091.19",316.898328506943,-0.65932857188627,0.193041916806581,-3.4154684267194,0.000636724105734533,0.00795842233979372,"NEB"
"ENSG00000183092.16",63.3683932996425,0.201709527674852,0.162129164915455,1.24412857970395,0.213452244035951,0.396278679567776,"BEGAIN"
"ENSG00000183098.11",1088.46927811005,0.432342719875415,0.164620227126155,2.62630375029245,0.0086317751335384,0.0486097630459397,"GPC6"
"ENSG00000183111.12",433.814337411952,-0.2135180507075,0.127044940583478,-1.68064977422067,0.0928309616927413,0.233368735118171,"ARHGEF37"
"ENSG00000183114.8",19.2741786176858,0.603173209275922,0.155114897263942,3.88855757838379,0.000100841748746157,0.00221990134103339,"FAM43B"
"ENSG00000183117.19",59.3100526066585,-0.136881665374343,0.242542866197862,-0.564360714953692,0.572508668963825,0.73316930327273,"CSMD1"
"ENSG00000183122.5",1.2171993424427,-0.312257504826367,0.472516337244993,-0.660839594768268,0.508715187517285,0.683965415456814,"OR2A3P"
"ENSG00000183128.7",6.56811379960164,1.00392877247783,0.255618029747151,3.92745681308507,8.58488300464675e-05,0.00197250869478057,"CALHM3"
"ENSG00000183134.5",24.0791394633209,-0.179826613790068,0.156589211621448,-1.14839721030588,0.250804624815911,0.440751563684144,"PTGDR2"
"ENSG00000183137.15",496.978557826054,-0.0658300801614819,0.074327702627503,-0.885673548816552,0.375793465911047,0.567431260400766,"CEP57L1"
"ENSG00000183145.9",101.11510621837,-0.236793461997546,0.209029333808461,-1.13282407633048,0.257288138622653,0.448124195614124,"RIPPLY3"
"ENSG00000183146.4",0.393292659466786,0.260774157514796,1.1763235675337,0.221685737421329,0.824558533764576,0.903978769251318,"PRORY"
"ENSG00000183150.8",54.2071758447139,0.110024250451757,0.144932311852139,0.759142313026821,0.447767429879309,0.632228251832958,"GPR19"
"ENSG00000183153.7",163.093989733445,-0.00923336640385029,0.111581546472242,-0.0827499411486222,0.934050373715433,0.965419769750809,"GJD3"
"ENSG00000183154.1",8.21998836857899,-0.119222901578489,0.124399006464195,-0.958391107511009,0.337865577621174,0.531269006552767,"AC138356.1"
"ENSG00000183155.5",976.638085435442,0.141758867611668,0.0532556370674481,2.66185657364554,0.00777109834694576,0.0451778056925795,"RABIF"
"ENSG00000183160.9",1467.31084532206,0.0153155732099276,0.121707485605753,0.125839204825407,0.899859207469424,0.946691922969081,"TMEM119"
"ENSG00000183161.6",785.887989885736,0.000709170863412237,0.0647808649282934,0.0109472274597943,0.991265550685253,0.995781907518078,"FANCF"
"ENSG00000183166.11",4.49017568603984,0.800091762728494,0.298864938970924,2.67710145420013,0.0074262144291588,0.0438215095692988,"CALN1"
"ENSG00000183171.5",12.0327956555402,-0.343275873791883,0.19328184181659,-1.77603788625745,0.0757266728058532,0.20415969857683,"BX322650.1"
"ENSG00000183172.9",1654.7075085054,0.0409210966960795,0.0833690090392163,0.490843026295664,0.62353747583586,0.771927013832718,"SMDT1"
"ENSG00000183185.9",1.60621943847947,-1.34147473413796,0.327593612851161,-4.09493555891593,4.22285826912829e-05,0.00116191421780238,"GABRR3"
"ENSG00000183186.8",61.0901550340451,-0.140392802840873,0.182884015086809,-0.767660327088913,0.442689011752903,0.627541738409666,"C2CD4C"
"ENSG00000183196.10",577.951279237457,-0.402764976014438,0.181205738453355,-2.22269437740856,0.0262364152998864,0.101544870330053,"CHST6"
"ENSG00000183199.6",69.3655082874443,0.0445155603673414,0.134405779783177,0.331202723864656,0.740491362881211,0.85192958061598,"HSP90AB3P"
"ENSG00000183207.14",3448.91766518395,0.214369655959838,0.0801805354531498,2.67358723346387,0.00750447557199881,0.0441467002646428,"RUVBL2"
"ENSG00000183208.12",203.046515842425,0.0900615326708107,0.0817221910273314,1.10204500807731,0.270442105015832,0.46239877784984,"GDPGP1"
"ENSG00000183230.17",8.84395093684203,-0.434962635488079,0.193814602303332,-2.24422014811523,0.0248182403081645,0.0980770401592287,"CTNNA3"
"ENSG00000183242.12",8.65005187469726,-0.123754325052976,0.259073746517687,-0.477679914373443,0.632878042315174,0.778151804442416,"WT1-AS"
"ENSG00000183248.12",808.181168974789,0.0481515726366418,0.157996821163566,0.30476292043112,0.760546724052621,0.865079674884999,"PRR36"
"ENSG00000183250.12",263.801156914643,0.116623439014947,0.130889665360313,0.891005708463739,0.372926107783297,0.56499179663111,"LINC01547"
"ENSG00000183251.4",1.63055477366625,-0.82629740416911,0.387843241112767,-2.13049324205926,0.0331309131513563,0.118287130460923,"OR51B4"
"ENSG00000183255.12",18669.2706428386,0.308234495501455,0.0646886499540937,4.76489300240759,1.8895389110367e-06,0.000119751545965459,"PTTG1IP"
"ENSG00000183258.12",2979.77157166548,0.176336902565966,0.0626622891066825,2.81408331996541,0.00489165478524558,0.0329138768725103,"DDX41"
"ENSG00000183273.7",67.8418310189812,-1.08621205055266,0.254499491427047,-4.26803230317662,1.97204775685116e-05,0.000659853125315031,"CCDC60"
"ENSG00000183283.16",13829.9228460541,-0.0135652451276842,0.0588228727062143,-0.230611741718815,0.817616444896483,0.900489738328711,"DAZAP2"
"ENSG00000183287.14",570.105639970931,0.466071451503146,0.217976885998814,2.13816914287729,0.0325030178141454,0.116626589138511,"CCBE1"
"ENSG00000183291.17",9253.27007747922,0.138569304312287,0.0764726193002871,1.81201200612946,0.0699843413955829,0.193971751422173,"SELENOF"
"ENSG00000183298.5",11.3078020907434,0.120229355744588,0.175715382302415,0.684227835771752,0.493831307639053,0.671379693969609,"RPSAP19"
"ENSG00000183305.13",0.96013876193191,-0.146242718204675,0.593345744487912,-0.246471335748586,0.805317390890009,0.892791844923614,"MAGEA2B"
"ENSG00000183307.4",66.4037468745659,-0.219268986722581,0.136634584298817,-1.60478394139982,0.108541361206145,0.257875457428287,"TMEM121B"
"ENSG00000183309.12",1787.04327958395,-0.102195775815865,0.0692545630185596,-1.47565404157525,0.140036789529777,0.303373557640217,"ZNF623"
"ENSG00000183317.17",497.758215922116,-0.0789594616621519,0.177052605362949,-0.445966109904391,0.655621726527311,0.79482973349624,"EPHA10"
"ENSG00000183323.13",947.305018487273,-0.106203032546828,0.068935438004834,-1.54061590990951,0.123410293444794,0.279903188204749,"CCDC125"
"ENSG00000183324.11",4.68384754746064,-0.229252198711547,0.247232551600335,-0.92727352133689,0.353784538551877,0.547355761978143,"REC114"
"ENSG00000183337.17",2205.20952519406,-0.122164928210111,0.0711868321226976,-1.71611693577749,0.0861406421161588,0.22241142783373,"BCOR"
"ENSG00000183340.7",812.044122343771,0.00148732404102781,0.0635555683835444,0.0234019469710683,0.981329651974117,0.990721861906223,"JRKL"
"ENSG00000183346.9",124.68313508608,-0.591993874538551,0.211617935667032,-2.79746550155379,0.00515052672429593,0.0341927190891295,"CABCOCO1"
"ENSG00000183347.15",161.727732284106,-0.533622238279405,0.23118377656637,-2.30821663269356,0.0209870905234112,0.0878123922076071,"GBP6"
"ENSG00000183354.12",1243.04078433043,-0.191755703502404,0.0761016671016899,-2.51973065512707,0.0117444664912172,0.0596840960684884,"KIAA2026"
"ENSG00000183378.12",20.7436340813883,-0.21824600378635,0.271923507230719,-0.802600724038084,0.422205549731009,0.609856926247814,"OVCH2"
"ENSG00000183379.9",62.5465207265874,-0.135997103002197,0.230657516590081,-0.589606204960091,0.555454690763009,0.720234967267988,"SYNDIG1L"
"ENSG00000183386.10",1007.81035695529,0.355456955088197,0.0882843554216652,4.02627343644815,5.66677881852534e-05,0.00145349820651128,"FHL3"
"ENSG00000183396.4",2.63594258880219,-0.220145468367349,0.218019653590079,-1.0097505648792,0.31261481000994,0.506688324310448,"TMEM89"
"ENSG00000183397.5",65.5498196869876,0.0709241484258503,0.111176963847651,0.637939245427135,0.523513229404204,0.695781474912341,"C19orf71"
"ENSG00000183401.12",595.326586660568,-0.106398254838115,0.0795549358158544,-1.33741864972897,0.181086020181398,0.357946735729934,"CCDC159"
"ENSG00000183421.12",1116.06768051182,0.0103122930225834,0.107482668876414,0.0959437752186885,0.923565227325709,0.959803256129193,"RIPK4"
"ENSG00000183423.12",13.4382233528712,-0.204367722583259,0.158121526684165,-1.29247248536543,0.196193568515979,0.376079912331444,"LRIT3"
"ENSG00000183426.17",113.510161506835,-0.377887100350586,0.110577777380679,-3.41738737476753,0.000632252476127306,0.00792231151212134,"NPIPA1"
"ENSG00000183431.12",3615.50937840501,0.0105809253722085,0.0477870105940195,0.221418440716036,0.824766635126435,0.904087830345858,"SF3A3"
"ENSG00000183432.6",1.64448040630046,-0.792108487931771,0.624452080742183,-1.26848562501437,0.204624581006318,0.385806216754069,"ZBTB8OSP1"
"ENSG00000183439.9",68.951772030452,0.141343264062114,0.146210568551477,0.966710310085079,0.333688871579036,0.527266426268669,"TRIM61"
"ENSG00000183444.10",16.0400695967382,-0.418191095283242,0.191845187043,-2.17983626135749,0.0292696009796043,0.108916153505529,"OR7E38P"
"ENSG00000183454.18",104.148275143126,0.108971194629651,0.286870475306037,0.379862007456151,0.704047850772987,0.827815801022453,"GRIN2A"
"ENSG00000183458.14",88.4046839894478,-0.237376404259429,0.119047761228984,-1.99395941434669,0.0461564900417319,0.147929151228281,"PKD1P3"
"ENSG00000183474.16",176.717541052559,-0.0328288410897972,0.0676869925543949,-0.485009598608109,0.627669536740882,0.775147434459246,"GTF2H2C"
"ENSG00000183475.13",758.105883721526,0.0168301286712985,0.0479093021296294,0.351291459553321,0.725369701471405,0.842408692555657,"ASB7"
"ENSG00000183476.12",6.23968077579991,0.0520574870104506,0.162542600524541,0.320269805223099,0.748763810553519,0.857331379114445,"SH2D7"
"ENSG00000183479.12",37.9402849424935,0.00154098239800664,0.124164604132779,0.0124108026499947,0.99009786638006,0.995029228006259,"TREX2"
"ENSG00000183484.12",524.417347605483,0.152466747330626,0.116792158534223,1.30545363014204,0.191738426834886,0.370798501204892,"GPR132"
"ENSG00000183486.13",2485.91694607094,0.121490798320369,0.115321876926183,1.05349307138085,0.292115068121964,0.484621634591615,"MX2"
"ENSG00000183495.14",2950.31316713001,-0.0778170797134549,0.0649968289663684,-1.19724424946516,0.231211367303658,0.417877425310281,"EP400"
"ENSG00000183496.6",220.789348433649,-0.0366380068524438,0.104921427567269,-0.349194704093726,0.726943141792285,0.843103115017437,"MEX3B"
"ENSG00000183506.17",203.955631100923,-0.0577837941967603,0.112433245467483,-0.513938683851942,0.60729486055359,0.76001457701803,"PI4KAP2"
"ENSG00000183508.5",3059.32905761518,-0.414341879953451,0.111997973821463,-3.6995479990911,0.000215983790360742,0.003811001777571,"TENT5C"
"ENSG00000183513.9",1230.90860227434,0.0645952469395283,0.0672331471384434,0.960764885905412,0.336670397852888,0.530060046657911,"COA5"
"ENSG00000183520.12",1469.36287359602,0.0198983289237533,0.0532637893433901,0.373580797931393,0.708716222249132,0.831229802978241,"UTP11"
"ENSG00000183527.12",998.015295588501,0.0498155258467255,0.0769211968147449,0.647617664695207,0.517232269153238,0.690945040404594,"PSMG1"
"ENSG00000183530.14",2183.59201389669,-0.115574943146769,0.0705334627517607,-1.63858314391184,0.101300105204328,0.246389859918739,"PRR14L"
"ENSG00000183535.9",3.47928854755294,0.113422494466994,0.318351594016555,0.356280592272128,0.721630442129946,0.840404480814737,"COL18A1-AS1"
"ENSG00000183542.5",3.92224636290629,-0.315257190938424,0.227046918916262,-1.3885112048347,0.164981435217329,0.336847800118198,"KLRC4"
"ENSG00000183549.10",43.6310011630166,-0.199073294991957,0.176844923032968,-1.12569414817097,0.260295001547437,0.451448295817816,"ACSM5"
"ENSG00000183560.9",1.4343703251561,-0.693301846963469,0.333518136066909,-2.07875306314491,0.0376400530198246,0.129150807501702,"IZUMO1R"
"ENSG00000183562.3",8.64349729117467,-0.426323404803164,0.213304548295916,-1.99866063902083,0.0456450845211364,0.146812052937533,"AC131971.1"
"ENSG00000183566.10",3.93406901456273,-0.841957087086129,0.509406855076451,-1.65281852549819,0.0983678026196657,0.241956535677096,"BPIFA4P"
"ENSG00000183569.18",79.0260381841145,-0.15318333853708,0.0880514629710622,-1.73970236686952,0.0819112935306349,0.215306544727256,"SERHL2"
"ENSG00000183570.16",151.989407848918,0.170233968003123,0.15393578858025,1.10587647988288,0.268779986285951,0.460550287360688,"PCBP3"
"ENSG00000183571.11",1.92418727912122,0.135273583328435,0.236305258139398,0.57245270119481,0.567015320849038,0.728979034485133,"PGPEP1L"
"ENSG00000183576.13",3153.36443509985,0.0160455132133318,0.0505973982725835,0.317121309813002,0.751151555869426,0.858966517015209,"SETD3"
"ENSG00000183578.8",238.531466339066,0.252770150003468,0.125358671948439,2.01637546150325,0.0437607294527129,0.14291994954573,"TNFAIP8L3"
"ENSG00000183579.16",1006.99167366207,-0.277004726937737,0.0805492754414462,-3.43894746935496,0.000583980539834109,0.00746925244437072,"ZNRF3"
"ENSG00000183580.10",473.20972880822,0.137408345306349,0.116562195915805,1.17884142647417,0.238461325021914,0.426051258834954,"FBXL7"
"ENSG00000183597.16",476.13771812505,0.0544874478524398,0.0620921858674759,0.877525039442693,0.380201524595406,0.571779512968509,"TANGO2"
"ENSG00000183598.4",6.36059070873703,-0.10355894170486,0.204865941512547,-0.505496135376498,0.613210412140849,0.764572475897134,"H3C13"
"ENSG00000183604.14",41.7892410866684,-0.4193735326759,0.13963954281619,-3.00325770349972,0.00267106145998405,0.0218173820380885,"SMG1P5"
"ENSG00000183605.17",1106.69279716002,0.0978758101299579,0.0868261531948608,1.12726185058894,0.259631786872001,0.45062668545144,"SFXN4"
"ENSG00000183607.10",610.344883801462,-0.113638320308888,0.321498736152183,-0.353464283153812,0.723740400757218,0.841268055023714,"GKN2"
"ENSG00000183615.6",221.955788568537,0.18081228180108,0.112964993754301,1.60060453944119,0.109464536208358,0.259069489950574,"FAM167B"
"ENSG00000183617.5",1272.50526448384,0.160481957394561,0.105399225646133,1.52261040259786,0.127856205654679,0.286840744936741,"MRPL54"
"ENSG00000183621.15",524.810290028342,0.0046544046295119,0.0562662069593523,0.0827211372693795,0.934073277362,0.965419769750809,"ZNF438"
"ENSG00000183624.14",2422.55016832168,0.0832979131509717,0.061035655877032,1.36474183743993,0.172334205091987,0.346761917691739,"HMCES"
"ENSG00000183625.15",43.7160252542166,0.0929751694168597,0.173604068178401,0.53555870200758,0.592263577129815,0.748433586631099,"CCR3"
"ENSG00000183628.14",33.9915607935862,-0.130716083944186,0.291318047569304,-0.44870575316172,0.653643933889864,0.793182952726172,"DGCR6"
"ENSG00000183631.5",7.54621055374963,1.27273524655138,0.354527794720325,3.58994489432175,0.000330747875418629,0.00513839898101372,"PRR32"
"ENSG00000183638.6",15.1083788213087,0.289778199576437,0.210858925865308,1.37427523348734,0.169356252078841,0.34252947575851,"RP1L1"
"ENSG00000183644.13",92.6020886628999,-0.92843077777517,0.25327161460766,-3.66575140768692,0.000246613400693621,0.00419974421958707,"HOATZ"
"ENSG00000183647.10",186.915523272738,-0.125877421104161,0.0812619230048037,-1.54903325505502,0.121373726092209,0.276792620233435,"ZNF530"
"ENSG00000183648.11",1788.0449906564,0.11050807911338,0.08791201491388,1.25703044369573,0.208742611921806,0.390862372521053,"NDUFB1"
"ENSG00000183654.9",3.0375271364391,-0.0332277163358884,0.632289476815569,-0.0525514302455812,0.958089316505742,0.978756293784156,"MARCHF11"
"ENSG00000183655.13",425.398104318816,0.0545727520571214,0.0883388246770022,0.617766336111654,0.536729377112828,0.705195395796758,"KLHL25"
"ENSG00000183662.11",4.56345028797338,-0.0665366674293188,0.165780741792296,-0.401353418436753,0.68815993966996,0.817390822090814,"TAFA1"
"ENSG00000183665.5",642.787374967466,0.13832449009929,0.0700056617174493,1.97590432981811,0.0481656137219095,0.151983487597719,"TRMT12"
"ENSG00000183666.17",324.521603046746,-0.345207879915615,0.0893789384788636,-3.86229558988608,0.000112326540785551,0.00239110455394716,"GUSBP1"
"ENSG00000183668.18",1.81840649114578,-0.435053618219718,0.519242260549814,-0.83786249940259,0.402107932304442,0.591942845340103,"PSG9"
"ENSG00000183671.12",44.4398268182625,0.868041051375477,0.200404043962754,4.33145476613638,1.48127381225041e-05,0.000529142156987693,"GPR1"
"ENSG00000183674.12",2.29765163845912,0.685501213655255,0.410001671795204,1.6719473621992,0.0945347022213888,0.236071247531618,"LINC00518"
"ENSG00000183682.8",518.228708107742,-0.155211799778071,0.151599998141996,-1.02382454934262,0.30591815279858,0.499212482164647,"BMP8A"
"ENSG00000183684.8",2719.08036951865,0.203188498432849,0.0911708238118533,2.22865704111837,0.0258367326271132,0.100511795502999,"ALYREF"
"ENSG00000183688.4",959.817709392668,0.0451334207100407,0.105335847943688,0.428471613331187,0.668307796211743,0.804409669532811,"RFLNB"
"ENSG00000183690.13",197.027980147523,-0.63191309704392,0.177522333844711,-3.55962589809511,0.000371383460532188,0.00555511750154974,"EFHC2"
"ENSG00000183691.6",82.739033878855,0.199609954726105,0.1988616582064,1.0037628999298,0.315492910774341,0.5095568389916,"NOG"
"ENSG00000183696.14",3217.14861813957,0.278992323718405,0.111264675341808,2.5074654005086,0.0121600485860834,0.0610717299104652,"UPP1"
"ENSG00000183709.8",1.28134879706484,1.16160564480063,0.395433716514162,2.93754830781868,0.0033081862727191,0.0253135935595581,"IFNL2"
"ENSG00000183715.13",21.7691412553551,-0.772600098895527,0.203092227805808,-3.80418348472827,0.000142272697583664,0.00283063677786416,"OPCML"
"ENSG00000183718.5",437.337085797092,-0.19274215675278,0.082305048280308,-2.34180236546796,0.0191908741028063,0.082953419986792,"TRIM52"
"ENSG00000183722.9",1604.94563911522,0.0415209088615268,0.110641772680231,0.375273351607694,0.707457182700785,0.830388514806672,"LHFPL6"
"ENSG00000183723.13",3376.93425478793,-0.115834445499901,0.0899464328246425,-1.2878158906616,0.197810059378485,0.378096814036508,"CMTM4"
"ENSG00000183726.11",6214.7878702344,0.0863228787409642,0.0507822721200454,1.6998624743868,0.0891567968552368,0.227333785532771,"TMEM50A"
"ENSG00000183734.4",133.088693716739,-0.544359992799791,0.176376390532034,-3.08635408150572,0.00202627372364521,0.018018357660609,"ASCL2"
"ENSG00000183735.11",1460.67682315852,0.0491050208558427,0.0577784883887351,0.849884138980288,0.395389504641953,0.586043218682422,"TBK1"
"ENSG00000183741.12",3220.36804513809,0.102200275052976,0.1047190855509,0.975946977719744,0.329090740406067,0.522679993337429,"CBX6"
"ENSG00000183742.13",3477.18580493796,-0.111517724625672,0.142492446108864,-0.782622010295708,0.433849112421929,0.619707332240573,"MACC1"
"ENSG00000183747.12",1.51999687508779,-0.247258855143014,0.306877467018475,-0.805725026165341,0.420401416128791,0.608381480795264,"ACSM2A"
"ENSG00000183751.15",2046.88789230431,0.172266441449417,0.0738685824088182,2.33206643246551,0.0196971966077013,0.0844921640801609,"TBL3"
"ENSG00000183760.11",23.0843275124927,0.339942887436541,0.303442684168769,1.12028697731751,0.262591489713884,0.454058978942708,"ACP7"
"ENSG00000183762.13",2752.16663236927,-0.477435595563258,0.123846170777353,-3.85506949925468,0.000115696756761845,0.00244409398659397,"KREMEN1"
"ENSG00000183763.9",231.03818730023,-0.00324409038880462,0.105229972947126,-0.0308285776186091,0.975406249603264,0.987799177998628,"TRAIP"
"ENSG00000183765.23",655.335755103837,-0.18840135515734,0.102543820951619,-1.83727652635676,0.066169083381371,0.187183897783668,"CHEK2"
"ENSG00000183770.7",7.01211462278784,1.22070847752787,0.370340757673284,3.29617643274571,0.000980104424547704,0.0108623890167998,"FOXL2"
"ENSG00000183773.15",103.055421959394,-0.0725985922483002,0.139414682665782,-0.520738496549467,0.602548952922805,0.756235619921549,"AIFM3"
"ENSG00000183775.11",69.4583622900644,-0.225520661925545,0.164046391220398,-1.37473711093441,0.169212961493126,0.342343651372791,"KCTD16"
"ENSG00000183778.17",91.2819044450588,0.459541624998988,0.254302913242108,1.80706394252544,0.0707523098944726,0.195384593009014,"B3GALT5"
"ENSG00000183779.7",1251.63014436847,0.176234673112505,0.154866323649673,1.13797931635008,0.255129119219849,0.445646052790473,"ZNF703"
"ENSG00000183780.13",136.928052017741,0.50980407727404,0.200708591620717,2.54002119768458,0.011084575040289,0.0575364447795982,"SLC35F3"
"ENSG00000183783.7",5.72657026702469,-0.398721081020762,0.315681757791266,-1.26304758250999,0.206572080042939,0.388222389673328,"KCTD8"
"ENSG00000183784.7",31.3065855101288,0.0770941224827239,0.134770603584808,0.57203960234704,0.567295145376374,0.72922006940804,"DOCK8-AS1"
"ENSG00000183785.15",7.61892582586059,0.0529247052286361,0.148773569597641,0.355739970290229,0.722035308584783,0.840506040688918,"TUBA8"
"ENSG00000183793.14",40.8380650052015,-0.0378354526507152,0.165189112834384,-0.229043258369263,0.81883529435068,0.901303863323606,"NPIPA5"
"ENSG00000183798.5",16.3915910433946,-0.533960342097584,0.196703723964199,-2.71454109427418,0.00663676656816159,0.0406396669769733,"EMILIN3"
"ENSG00000183801.8",550.209083884213,0.010986247092109,0.125148768071526,0.0877854993013599,0.930047163147981,0.963090767495976,"OLFML1"
"ENSG00000183807.8",142.774590937132,0.262491752809994,0.159924519477117,1.64134776623514,0.100725245998623,0.245403996709268,"FAM162B"
"ENSG00000183808.11",784.318352802086,-0.167337548030775,0.0860622256928682,-1.94437857821567,0.0518498151685564,0.159475254803808,"RBM12B"
"ENSG00000183813.7",231.51894214755,-0.582627437873851,0.145115827497918,-4.01491310713304,5.94676995090798e-05,0.0015055955283314,"CCR4"
"ENSG00000183814.15",443.106898806807,0.117665286045011,0.0804799066483183,1.46204550856632,0.143728739520691,0.308720059668539,"LIN9"
"ENSG00000183822.3",2.5879108870079,0.466699761524791,0.25466701605399,1.83258817241511,0.0668638383912619,0.188508575794757,"NCF4-AS1"
"ENSG00000183826.18",2546.85713199309,-0.257133268202799,0.0950088173923104,-2.706414786125,0.00680140352290295,0.0413511920175325,"BTBD9"
"ENSG00000183828.15",1079.36900559042,-0.0177254202082115,0.101185662931316,-0.175177191063555,0.860940406090559,0.925432784135112,"NUDT14"
"ENSG00000183831.7",54.0877281986445,-0.759099099933438,0.192819611454461,-3.93683554389236,8.25631469013338e-05,0.00191599079571674,"ANKRD45"
"ENSG00000183833.16",107.042592538314,-0.982455627275746,0.193139783381663,-5.08675949653686,3.64233241388465e-07,3.57711424942365e-05,"CFAP91"
"ENSG00000183837.9",87.7374600681487,-0.620728599265592,0.220267214191644,-2.81807077618699,0.00483131588326396,0.0326336468523026,"PNMA3"
"ENSG00000183840.7",423.73130378808,0.094527069033561,0.117865049591956,0.801994054733015,0.422556397327728,0.610121005127593,"GPR39"
"ENSG00000183844.17",1174.42058804581,-0.199706559351449,0.188954676292735,-1.0569019156851,0.290556354083113,0.482901991637834,"FAM3B"
"ENSG00000183850.14",40.0870675610726,-0.550539405448239,0.217033650324013,-2.53665459078042,0.0111917317401692,0.0578671105490685,"ZNF730"
"ENSG00000183853.18",2293.33549368599,0.060084517778064,0.10490076302443,0.572774840198935,0.566797156533149,0.728899507671272,"KIRREL1"
"ENSG00000183856.11",1358.70461079962,0.191579256356842,0.149811123057984,1.27880528792706,0.200965631340308,0.381513628188991,"IQGAP3"
"ENSG00000183864.5",3423.54264290436,0.0308275042365269,0.0671422643722266,0.459137095311887,0.646135719595786,0.787747052603724,"TOB2"
"ENSG00000183873.18",32.8084571437004,0.0807476798585474,0.20128687663515,0.401157200153241,0.688304389675507,0.817390822090814,"SCN5A"
"ENSG00000183876.9",211.757083282846,0.190435617968355,0.125038994885182,1.52300982700016,0.1277562468798,0.286727330713285,"ARSI"
"ENSG00000183878.15",340.489977221945,0.0545876113472606,0.460597898407741,0.118514677413785,0.905659866160488,0.949882932428602,"UTY"
"ENSG00000183888.4",3.71653765276708,-0.124952535795852,0.37064660857193,-0.337120407703941,0.736026133866438,0.849249990799304,"SRARP"
"ENSG00000183889.12",5.81535377271678,-0.307858058017192,0.185768236360884,-1.65721580851492,0.0974758515558194,0.240578387817733,"AC138969.1"
"ENSG00000183891.6",279.066591808974,-0.102348037772523,0.0878677717916463,-1.16479609856516,0.244101538501198,0.433017504332928,"TTC32"
"ENSG00000183908.7",36.7075223504227,-0.244302538373522,0.17631406560961,-1.38561003360022,0.165866012778542,0.337851157138941,"LRRC55"
"ENSG00000183914.14",1038.02720439346,-0.223168323290079,0.155172988507036,-1.43819053455918,0.150380000160216,0.317677750338457,"DNAH2"
"ENSG00000183918.17",215.249847466522,-0.305906797024572,0.137480610884694,-2.22509046952911,0.0260751654149988,0.101144178278172,"SH2D1A"
"ENSG00000183921.7",7.44825436763689,-0.223840458407554,0.156852203881914,-1.42707882240579,0.153557176000575,0.322106333701965,"SDR42E2"
"ENSG00000183929.7",15.3377838595579,0.0767056514316168,0.242726820078944,0.316016381735933,0.751990074003418,0.85933658645431,"DUSP5P1"
"ENSG00000183935.5",154.140028572112,-0.120451919633474,0.0834383631961933,-1.44360357777212,0.148850517956825,0.315628322676045,"HTR7P1"
"ENSG00000183943.6",1115.13307155595,-0.226675555416364,0.0745339908477645,-3.04123733129154,0.00235608037541787,0.0200053516803844,"PRKX"
"ENSG00000183955.13",1280.03107326731,0.0646788677609182,0.058540378269414,1.10485906775753,0.269220661112859,0.460925818699497,"KMT5A"
"ENSG00000183960.9",58.5069561991711,-0.238527420093433,0.231783313756629,-1.0290965998695,0.303434283774129,0.496665880727124,"KCNH8"
"ENSG00000183963.19",2073.95646092263,0.2255204572116,0.0862815944310807,2.61377248182102,0.00895486465197933,0.0497969448569146,"SMTN"
"ENSG00000183971.10",114.278149033005,0.605272490496179,0.275302762141453,2.19857035137622,0.0279084870793828,0.105550069332488,"NPW"
"ENSG00000183977.14",26.6286192756314,-0.247366667742488,0.149498143356131,-1.65464708918302,0.0979961056755129,0.241333260319169,"PP2D1"
"ENSG00000183978.8",2738.99746645069,0.0439758828911712,0.0884543124572193,0.497159286749755,0.619076729231376,0.768212113450699,"COA3"
"ENSG00000184005.11",178.060354833925,0.32812047644709,0.148187853556158,2.21421977964438,0.0268136638562612,0.102965087747002,"ST6GALNAC3"
"ENSG00000184007.22",10662.720177602,0.0631344073593516,0.0534083054020693,1.1821084171097,0.237162685015313,0.424736808618333,"PTP4A2"
"ENSG00000184009.12",157291.557376064,0.250721533629371,0.070358467596713,3.56348769655529,0.000365959855257549,0.00550311719109737,"ACTG1"
"ENSG00000184012.13",5403.66548542395,-0.269380159074953,0.158069268129744,-1.70419058848204,0.0883454869135344,0.225905245454094,"TMPRSS2"
"ENSG00000184014.8",3330.07813426617,-0.00534238241935403,0.0588834445608896,-0.0907280893499638,0.927708650599481,0.961977266776981,"DENND5A"
"ENSG00000184029.9",1.66550491711995,-0.46040520590334,0.967351532143808,-0.475944049918448,0.634114238721813,0.778995806419147,"DSCR4"
"ENSG00000184047.20",69.6176372136043,-0.114947843196702,0.113082150927914,-1.01649855661109,0.309392034496086,0.503204152636942,"DIABLO"
"ENSG00000184056.15",113.106703830896,0.0513414234816269,0.0582489097252304,0.881414325586742,0.37809360671531,0.569600922187447,"VPS33B"
"ENSG00000184058.14",291.893658392071,-0.0233310003375391,0.177217440515753,-0.131651829919444,0.895259687925671,0.944539256880129,"TBX1"
"ENSG00000184060.11",728.843151919421,-0.00909641574298372,0.0860249542749704,-0.105741593467262,0.915787378512065,0.955268640310875,"ADAP2"
"ENSG00000184068.2",10.4234162034361,-0.311648003122473,0.177504710153485,-1.75571680803848,0.0791367753924599,0.210254621589751,"SREBF2-AS1"
"ENSG00000184076.13",1047.0777342482,0.0123177383009355,0.0811787030888352,0.151736081413569,0.879395097805931,0.935479470596314,"UQCR10"
"ENSG00000184083.12",554.234525212331,-0.0563991399737131,0.0815220868311374,-0.691826499615211,0.489046292874802,0.667525732301005,"FAM120C"
"ENSG00000184100.6",18.1587985862666,-0.0647900315735072,0.124186255346599,-0.521716605373764,0.601867661277716,0.755693922421142,"BRD7P2"
"ENSG00000184106.8",30.8318073788077,0.0413470833473453,0.212177383785442,0.19487036087294,0.845494437941777,0.916190805962621,"TREML3P"
"ENSG00000184110.15",398.483821091359,0.0432239637071488,0.0922281433440722,0.468663491857304,0.639310186360124,0.782664241018114,"EIF3C"
"ENSG00000184113.9",2005.88928736561,0.503449446275347,0.191070110068972,2.63489378895325,0.0084163614215674,0.0478085515796355,"CLDN5"
"ENSG00000184117.12",2718.37588510719,0.0170666161666369,0.0902787556040167,0.189043546872699,0.850058686613883,0.919147779122765,"NIPSNAP1"
"ENSG00000184139.8",11.1113803674312,-0.0208669496364283,0.236892787214047,-0.0880860488908587,0.929808284647355,0.963044649725124,"RPL7AP28"
"ENSG00000184144.12",13.7922576977084,0.478926351101018,0.229732818606193,2.08471020382156,0.037095613875203,0.1279583068605,"CNTN2"
"ENSG00000184154.15",235.248031708657,-0.178063074348953,0.0853667559494918,-2.08585968118908,0.0369913354131193,0.127803375333231,"LRTOMT"
"ENSG00000184156.17",1671.58715888938,-0.188660187568082,0.16864841162698,-1.11865973564794,0.263285328759222,0.454928298234419,"KCNQ3"
"ENSG00000184160.8",80.7075366092026,0.101817193949054,0.186755901049638,0.545188630596426,0.585623790211545,0.743143053808751,"ADRA2C"
"ENSG00000184162.15",568.611052380955,0.0576412922149009,0.0800130232378848,0.72039887861166,0.471279440260786,0.652078231427245,"NR2C2AP"
"ENSG00000184163.3",59.4533721992463,0.154740714381606,0.180282961365741,0.85832134778218,0.39071504467908,0.581522463342152,"C1QTNF12"
"ENSG00000184164.15",2355.90695543365,0.0882203931177997,0.0869544734204464,1.01455841945281,0.310316368559658,0.504045109854839,"CRELD2"
"ENSG00000184178.16",728.505064903743,0.100225253791506,0.0536323881026413,1.86874493822083,0.061658308686072,0.178960446408691,"SCFD2"
"ENSG00000184182.19",664.963294490989,0.119129689251966,0.0539107800071829,2.20975636479556,0.0271220755863211,0.103671097875475,"UBE2F"
"ENSG00000184185.10",110.819104357505,0.496222448984333,0.173353614374296,2.86248689290617,0.00420330645389558,0.0297682094056867,"KCNJ12"
"ENSG00000184188.6",7.0198174903279,0.148280616140753,0.12781490908504,1.16011987335606,0.246000003924905,0.435110138164579,"AC026410.1"
"ENSG00000184194.6",157.329849009879,-0.14059429543191,0.137996817141216,-1.01882274058565,0.308287127620127,0.501995663692502,"GPR173"
"ENSG00000184203.8",2849.57880174831,0.0708396780102027,0.0560389562494702,1.26411487206942,0.20618879938532,0.387670097960611,"PPP1R2"
"ENSG00000184205.14",1402.90240435313,-0.184242019252239,0.0846570666544597,-2.17633360726104,0.0295303243193425,0.109543519505724,"TSPYL2"
"ENSG00000184206.12",11.4808306177941,-0.433927250777006,0.140502014732719,-3.08840589654517,0.0020123341389697,0.0179326331867333,"GOLGA6L4"
"ENSG00000184207.9",795.852612122514,0.287490106284351,0.0779842753456127,3.68651378768663,0.000227347129931582,0.00394839227794062,"PGP"
"ENSG00000184208.12",813.158628701041,0.149437241800861,0.0754090165307623,1.98168930819963,0.0475140245948088,0.150698715903112,"C22orf46"
"ENSG00000184209.15",805.813685779962,0.0697034679403464,0.0544052880096065,1.28118920954961,0.200127215278286,0.380703418670587,"SNRNP35"
"ENSG00000184210.6",2.5614919429659,0.0142119906442814,0.345429219048856,0.0411429892451318,0.967181903138442,0.983337182649126,"DGAT2L6"
"ENSG00000184216.14",7694.62884107851,0.076659004532078,0.088112787743537,0.870009978065879,0.384294951329196,0.575776599370097,"IRAK1"
"ENSG00000184220.12",851.847616180885,0.0301931993759583,0.0776716302798591,0.388728796694095,0.697476777833037,0.823318005063307,"CMSS1"
"ENSG00000184221.13",21.3178388367408,-0.0628997407864581,0.246964025615437,-0.254691915673593,0.798961060742942,0.889060817384096,"OLIG1"
"ENSG00000184224.3",3.72925148129363,0.110339288360596,0.166972843729671,0.660821759370855,0.508726626707028,0.683965415456814,"C11orf72"
"ENSG00000184226.15",377.367686175896,-0.320159218190712,0.215801321692969,-1.48358321292498,0.137919525599251,0.300165847312772,"PCDH9"
"ENSG00000184227.8",171.446892100861,0.0062149311851703,0.115862341331899,0.0536406490126676,0.957221469885586,0.978199895543166,"ACOT1"
"ENSG00000184232.9",837.863999888181,0.384590119679158,0.107765196137247,3.56877854320754,0.000358649417479901,0.00543987018503797,"OAF"
"ENSG00000184254.17",632.415117941773,0.226814686222329,0.146590656172829,1.54726564532815,0.121799202263695,0.277477818596222,"ALDH1A3"
"ENSG00000184260.6",37.044921851866,0.356762581396458,0.168469350277582,2.11767054843288,0.0342029787969043,0.120831894427561,"H2AC20"
"ENSG00000184261.5",57.2131502647154,-0.194820979901879,0.188406208696199,-1.03404755740308,0.301113930992531,0.493987686239003,"KCNK12"
"ENSG00000184270.6",8.70414389707945,-0.690551744094417,0.363605982380131,-1.89917596947698,0.0575413431865238,0.170819207579152,"H2AC21"
"ENSG00000184271.17",424.591600875689,-0.113408334375998,0.0722743033294028,-1.56913770388238,0.116615856034583,0.269711128514023,"POU6F1"
"ENSG00000184277.13",1625.57755438723,-0.0343141103889674,0.0455966548193802,-0.752557627854372,0.451715787926471,0.635199093066228,"TM2D3"
"ENSG00000184281.15",1361.17291086908,0.145872181963978,0.0750390569680686,1.94395009556225,0.0519014693649663,0.159567422621463,"TSSC4"
"ENSG00000184292.7",14846.0736800849,0.100807869174597,0.133281244498748,0.756354500993154,0.449436679599534,0.633338054015109,"TACSTD2"
"ENSG00000184293.7",47.7220937521954,-0.37495756485098,0.13538091690425,-2.7696485843435,0.005611680214452,0.036270456743331,"CLECL1"
"ENSG00000184302.7",1.72689318904455,-1.43891657313866,0.435709815574446,-3.30246536044081,0.000958389243441038,0.0106828938571623,"SIX6"
"ENSG00000184304.16",548.069235024761,-0.18643175461836,0.118063544523089,-1.57907976904675,0.114317761448534,0.266510602708706,"PRKD1"
"ENSG00000184305.15",240.809079860316,0.091026072195224,0.169085916326897,0.538342129093955,0.590340871307113,0.747053047566525,"CCSER1"
"ENSG00000184307.16",538.027810854008,-0.133166385763363,0.0899983537310806,-1.47965357412282,0.138965721253561,0.301622384620563,"ZDHHC23"
"ENSG00000184313.20",17.8181827698004,-0.317058276536888,0.160107269747728,-1.98028657309851,0.0476713366633157,0.151024462380944,"MROH7"
"ENSG00000184319.16",287.23767300928,0.159598842969845,0.0701434490776623,2.27532071873366,0.0228866974418862,0.0927869968257083,"RPL23AP82"
"ENSG00000184330.12",4.48322305099715,-1.13253234432037,0.55851850484006,-2.02774363697168,0.0425864195067985,0.140240322911953,"S100A7A"
"ENSG00000184343.11",238.572372463854,0.0384507795684796,0.188723112367566,0.203741762660162,0.838555304752918,0.912144991705783,"SRPK3"
"ENSG00000184347.15",1695.58350051665,-0.133408462420213,0.176416373324927,-0.756213609348488,0.449521134441621,0.633370313130682,"SLIT3"
"ENSG00000184349.13",1634.78493256322,0.317040531475118,0.130692123842756,2.42585797944925,0.0152722454620995,0.0712150419491585,"EFNA5"
"ENSG00000184350.11",27.7053201360244,0.622351365704643,0.249407884392996,2.49531552388293,0.0125845172370426,0.0624405860466258,"MRGPRE"
"ENSG00000184357.5",27.9344984990508,-0.632792526160048,0.33868397054148,-1.86838640502636,0.0617082306504868,0.179037222051996,"H1-5"
"ENSG00000184361.13",23.6926032211055,0.270911927573296,0.12612644923388,2.14793906606326,0.031718596417819,0.114958331214723,"SPATA32"
"ENSG00000184363.10",3574.74943293004,0.328936454487405,0.112145838502222,2.93311333599673,0.00335581365782889,0.0255546898696471,"PKP3"
"ENSG00000184368.16",423.933466326412,0.0249987063186316,0.203860345719034,0.122626625744497,0.902402769268598,0.948168889273127,"MAP7D2"
"ENSG00000184371.14",3279.52005007304,-0.0466427499566376,0.115653771221432,-0.403296403256361,0.686730187379124,0.816663385069766,"CSF1"
"ENSG00000184374.3",38.8701722197601,-0.34252362313126,0.198897055471726,-1.72211510280479,0.0850486697603522,0.220540958200125,"COLEC10"
"ENSG00000184378.3",92.1409536905797,0.111017268319493,0.0922588696689827,1.20332352561671,0.228851148671523,0.414895518009203,"ACTRT3"
"ENSG00000184381.20",635.965484501692,-0.15864185883591,0.126747224634854,-1.2516397048767,0.210701179835698,0.393122303310351,"PLA2G6"
"ENSG00000184384.14",1340.70194524956,-0.0402721942782939,0.109232237368545,-0.368684147175501,0.712363166341784,0.833837949823815,"MAML2"
"ENSG00000184385.2",22.7343694825519,-0.781403862611745,0.238487987223787,-3.2764914984104,0.00105105476965732,0.0113834633852313,"UMODL1-AS1"
"ENSG00000184388.6",0.949800471868019,-1.02175040518518,0.653307049744156,-1.56396659975629,0.11782541242759,0.271659380606077,"PABPC1L2B"
"ENSG00000184389.9",3.09298604736853,-0.197236351756258,0.206427504484483,-0.955475154577012,0.339337463931165,0.532753097550706,"A3GALT2"
"ENSG00000184402.15",1097.46429963675,-0.364408486572347,0.0818433313299465,-4.45251287613472,8.48711490315982e-06,0.00035453138829473,"SS18L1"
"ENSG00000184408.10",162.880913331948,-0.0882815206286476,0.183584457629088,-0.480876876881434,0.630604007803559,0.776969657799332,"KCND2"
"ENSG00000184414.2",4.41635541204048,0.0814028119706556,0.190799800881762,0.426639920977174,0.669641616056172,0.805054646421772,"IRS3P"
"ENSG00000184428.13",1418.07954032513,0.0488146120677936,0.0871889442373918,0.559871581136304,0.575567034272799,0.735581988880756,"TOP1MT"
"ENSG00000184432.11",9323.45029975822,0.113804001558301,0.0533513292882436,2.1331052679765,0.0329160917404778,0.117696857729108,"COPB2"
"ENSG00000184434.8",18.627136151663,0.0665790052653957,0.222021814587455,0.299875962139612,0.764271770439429,0.867449631924451,"LRRC19"
"ENSG00000184436.12",1128.1465876429,0.137636218167818,0.0774123859830591,1.77796119341856,0.075410228657146,0.203845508180364,"THAP7"
"ENSG00000184441.4",57.7684131369931,0.0416206268533621,0.0960258379179502,0.433431540466485,0.664701290949584,0.801773397040678,"AP001062.1"
"ENSG00000184445.12",1393.6044869147,-0.0757368619787867,0.115656952555671,-0.654840546160259,0.512570422301295,0.687190716775139,"KNTC1"
"ENSG00000184451.5",47.6236958098017,-0.207977704970059,0.171633001404221,-1.21175824735618,0.22560493518556,0.410912540042682,"CCR10"
"ENSG00000184454.7",697.908633368327,-0.0172024837573839,0.152154844365976,-0.113059060518684,0.909983731796171,0.95219922210815,"NCMAP"
"ENSG00000184459.8",1.73894011518306,-0.0774599525659005,0.32139752183992,-0.241009800332193,0.809547520816663,0.895317280906068,"BPIFC"
"ENSG00000184465.16",504.23667650601,-0.36855765844064,0.112728352754351,-3.26943177501912,0.00107763721447287,0.0115783476032628,"WDR27"
"ENSG00000184470.21",1426.72408378783,0.0212114138833382,0.0744136314460945,0.285047423047803,0.775607809966979,0.874911302661839,"TXNRD2"
"ENSG00000184478.7",5.42922979238399,-0.647605080722002,0.67145055028205,-0.964486633378985,0.334802006657219,0.528333662774971,"OR56A3"
"ENSG00000184481.17",852.415339531344,-0.0491972868382292,0.085099295458559,-0.578116264924742,0.56318562662365,0.726524297395427,"FOXO4"
"ENSG00000184486.10",92.4509210768366,-0.800417480281726,0.325354519672931,-2.46013942294812,0.0138883050844318,0.0667701575705397,"POU3F2"
"ENSG00000184489.12",3622.75970218276,-0.123437709591196,0.122729477960525,-1.0057706725592,0.314525897963281,0.50859734425623,"PTP4A3"
"ENSG00000184492.6",8.84066654886307,-0.0856353400150709,0.150204282284352,-0.570125822730902,0.56859236205861,0.730209264256246,"FOXD4L1"
"ENSG00000184497.13",338.93173017738,0.118984148522276,0.0979300894577422,1.21499070593231,0.224369636168989,0.409154751436389,"TMEM255B"
"ENSG00000184500.16",2400.27399616035,0.075101187918173,0.117869289193465,0.637156535277865,0.524022886135741,0.696153144252712,"PROS1"
"ENSG00000184502.4",1.30671340621112,-0.330569375141644,0.505651563237419,-0.653749338823723,0.51327331039381,0.687828382021458,"GAST"
"ENSG00000184507.16",2.72415887280558,0.0810491786517643,0.228762282622187,0.354294325632436,0.723118319812951,0.841225455544446,"NUTM1"
"ENSG00000184508.12",210.519512943348,0.283570808364046,0.0802857941213253,3.53201723253211,0.000412402479822769,0.00593093553379674,"HDDC3"
"ENSG00000184515.11",178.831172557226,-0.0991219942313546,0.1626058693148,-0.609584356635107,0.542137176833861,0.710102015435114,"BEX5"
"ENSG00000184517.12",472.814073510061,-0.107585023104238,0.064117725087281,-1.67792951103281,0.0933608606127789,0.234179396698655,"ZFP1"
"ENSG00000184524.6",13.1359517407593,0.0754424320574302,0.156904230706359,0.480818341977139,0.630645612983046,0.776969657799332,"CEND1"
"ENSG00000184530.9",7.3732954649955,0.0429700079510577,0.151675658864527,0.283301936993314,0.7769453925797,0.875607413826234,"C6orf58"
"ENSG00000184545.11",756.405046506514,-0.0944363593244526,0.115775317834967,-0.815686461418898,0.414679484237147,0.603511281198957,"DUSP8"
"ENSG00000184557.4",9059.64261202162,0.109796531623694,0.134459814131676,0.816575066184236,0.414171308931557,0.603179355763726,"SOCS3"
"ENSG00000184564.11",998.530301738629,0.509873697596053,0.235915691383679,2.16125385558532,0.030675735301874,0.112340474689835,"SLITRK6"
"ENSG00000184571.13",14.6203531991704,-2.56245704038803,0.510919802093775,-5.0153801631625,5.2928706051757e-07,4.61297227900823e-05,"PIWIL3"
"ENSG00000184574.10",267.790662807021,0.320806849808704,0.116992949106668,2.74210413754259,0.00610469840788777,0.0384216846829611,"LPAR5"
"ENSG00000184575.12",5022.52789730155,0.121192144097848,0.0857158404369663,1.413882702194,0.15739634561469,0.327326859753855,"XPOT"
"ENSG00000184584.13",4930.60574762564,-0.092707664316615,0.0997121263541554,-0.929753157477937,0.352498904614213,0.546051834697609,"STING1"
"ENSG00000184588.18",1159.70641818876,-0.0127261519702962,0.11512604743239,-0.110541030931944,0.911980311257427,0.953148971988495,"PDE4B"
"ENSG00000184599.13",5.0379592300229,0.0842490916312268,0.220073939046021,0.38282175525385,0.701851929700703,0.826194097067942,"TAFA3"
"ENSG00000184601.11",2.28055526984118,-0.0344283980087895,0.280442908046997,-0.122764373856157,0.902293686352277,0.948160214781247,"C14orf180"
"ENSG00000184602.6",1863.41170433336,0.0027587212985955,0.0736737321258369,0.0374451140045889,0.970130102100626,0.98501193928747,"SNN"
"ENSG00000184608.9",5.10312020315573,-0.80241967837376,0.292811080922314,-2.74040065644459,0.00613643296522921,0.0385326787460159,"FAM167A-AS1"
"ENSG00000184611.12",8.83156400957683,0.170115132951244,0.214585567750725,0.792761296737626,0.427916909829704,0.61511323686198,"KCNH7"
"ENSG00000184612.8",4.3913778008571,-0.343046979178125,0.190446693616203,-1.80127558354701,0.0716594542871303,0.19708865853626,"RPL7P26"
"ENSG00000184613.11",375.600657324372,-0.57962415828247,0.153508557780947,-3.77584264135672,0.000159467645392939,0.00305475047069455,"NELL2"
"ENSG00000184616.9",25.1753682315268,-0.00969846725172579,0.0807424294911339,-0.120116118784743,0.904391163894197,0.94921014531476,"SPDYE12P"
"ENSG00000184617.10",2.18969027217272,0.00388283245829103,0.30947467058373,0.0125465274782173,0.989989582066374,0.994950437882567,"ZNF840P"
"ENSG00000184619.8",317.464045053744,-0.171460968419307,0.085715253061532,-2.00035538944535,0.0454619018929467,0.146592067769673,"KRBA2"
"ENSG00000184624.4",0.618263093028361,0.336258199733176,0.833247701087851,0.403551308085426,0.686542697756558,0.81655708904005,"ZNF72P"
"ENSG00000184634.16",2512.64975117525,-0.076064693038528,0.0621406786734898,-1.22407245402324,0.220924896342074,0.405404430023517,"MED12"
"ENSG00000184635.16",260.381560738,-0.224330946201242,0.110029880584956,-2.03881841013207,0.0414681542153078,0.137853146109859,"ZNF93"
"ENSG00000184640.19",15673.3929851375,0.179669657830927,0.0708365932068266,2.53639608706665,0.0111999976377488,0.0579008573530389,"SEPTIN9"
"ENSG00000184661.14",281.126534664695,0.305637038172055,0.150044085511168,2.0369815786528,0.0416518880649493,0.138211580833359,"CDCA2"
"ENSG00000184669.9",121.359482719456,-0.046062463568245,0.11059836023504,-0.41648414560898,0.677055766416363,0.81049390291629,"OR7E14P"
"ENSG00000184672.12",1.10243080375964,0.355134529601872,0.489132454238359,0.7260498184584,0.467808230527608,0.649190922385714,"RALYL"
"ENSG00000184675.11",376.064607914373,0.0175651984519569,0.0768364550874076,0.228605008286433,0.819175931594721,0.901491564161671,"AMER1"
"ENSG00000184677.18",1545.20908461505,-0.168473733121646,0.0629014988481557,-2.67837390533955,0.0073980581645638,0.0437251110372488,"ZBTB40"
"ENSG00000184678.10",1452.95704629844,0.0762294879229965,0.138437553378649,0.550641686901938,0.581879326104222,0.740390743245034,"H2BC21"
"ENSG00000184697.7",545.827867877395,0.799621196283702,0.34892060882741,2.29169953294225,0.0219229873945561,0.0903207547737848,"CLDN6"
"ENSG00000184698.5",1.47989128740726,-1.27602536241173,0.444142152657818,-2.87301116270047,0.00406579750190177,0.029128295219614,"OR51M1"
"ENSG00000184702.20",7.04411096938155,-0.138679099938651,0.186167541738214,-0.74491556714897,0.456322763687347,0.63940882876443,"SEPTIN5"
"ENSG00000184708.18",943.027021893081,-0.0398078287305062,0.0402633384462099,-0.98868673753141,0.322816433643884,0.516484575198511,"EIF4ENIF1"
"ENSG00000184709.7",11.8606681237223,0.0282741529662461,0.26817164402294,0.105433044829406,0.916032196197523,0.955404276432572,"LRRC26"
"ENSG00000184719.12",350.514142226289,-0.0779122530692401,0.0983528779114392,-0.792170546746943,0.428261239803472,0.615302870337437,"RNLS"
"ENSG00000184730.11",901.500749781067,0.115661781185359,0.135559079147831,0.853220469720267,0.393537053917005,0.584364173589886,"APOBR"
"ENSG00000184731.6",506.376321879701,0.375899890657402,0.14440324399636,2.60312635820618,0.00923778997685386,0.0508773766252102,"FAM110C"
"ENSG00000184735.7",7.8503590718725,0.283101660139218,0.536040614040377,0.528134720996893,0.597405833552336,0.752447032741571,"DDX53"
"ENSG00000184743.13",5330.6591139069,0.0389093782284017,0.0651503961794359,0.597223969616981,0.550357857986932,0.715940458952015,"ATL3"
"ENSG00000184752.13",1620.72968638406,0.132507221189786,0.0694608559037401,1.90765315897369,0.056436059571506,0.168573342385082,"NDUFA12"
"ENSG00000184774.10",8.4603828749253,-0.198303962111414,0.236491786652532,-0.838523675254626,0.401736656698499,0.591684074826947,"MGAT4EP"
"ENSG00000184785.6",212.73080714098,0.000423577716873068,0.110986668811252,0.00381647382888318,0.996954901847443,0.998517336404953,"SMIM10"
"ENSG00000184786.6",91.5939055075029,-0.108469040904724,0.107152444947814,-1.01228712940289,0.311400786917249,0.505360292412184,"TCTE3"
"ENSG00000184787.19",3811.2815278134,-0.103338333140983,0.0536634799040207,-1.92567335040157,0.0541451734845542,0.164071877974521,"UBE2G2"
"ENSG00000184788.14",2.72164910738341,-0.474063619425299,0.28207368693211,-1.68063751206754,0.0928333448940156,0.233368735118171,"SATL1"
"ENSG00000184792.16",399.526557136839,0.0519816084344343,0.0983361498071625,0.528611385908136,0.597075060217894,0.752245631960202,"OSBP2"
"ENSG00000184809.13",13.6591900568603,-0.213166174658608,0.239517518042732,-0.889981561267588,0.373475786921524,0.565547592739848,"B3GALT5-AS1"
"ENSG00000184811.4",1.88517773463595,0.0997660513898668,0.251303225131388,0.39699471161863,0.69137136037611,0.819460525508271,"TRARG1"
"ENSG00000184828.10",690.56021583164,0.0126794576932866,0.167313720231958,0.0757825340068239,0.939592112004362,0.968366304759816,"ZBTB7C"
"ENSG00000184831.14",513.660192715503,0.0939044074843995,0.0767746132187764,1.22311794937749,0.22128515006452,0.40577475771635,"APOO"
"ENSG00000184838.15",116.034971254495,0.125657051041234,0.114663103121548,1.09588043250524,0.273131103289941,0.465514171282483,"PRR16"
"ENSG00000184840.12",10420.6253213603,0.182099694728877,0.0711997030079077,2.55759065046455,0.0105400082732173,0.0556173849783703,"TMED9"
"ENSG00000184844.6",1.97454629221523,0.322758413056328,0.198248381235217,1.62805068593919,0.10351413879952,0.249985218558859,"CYCSP45"
"ENSG00000184845.4",58.8244273019476,-0.227402854094,0.223852885419318,-1.01585848968635,0.309696778469681,0.503435546111918,"DRD1"
"ENSG00000184857.8",356.643136269523,0.0741319479307996,0.0579360185371659,1.27954853996817,0.200703957961185,0.381264228711728,"TMEM186"
"ENSG00000184860.10",491.795201374129,-0.106800790813466,0.125397556473359,-0.851697543533515,0.394381984376895,0.585122968175577,"SDR42E1"
"ENSG00000184863.11",2595.58173170953,-0.124629023583122,0.0579293862127371,-2.15139554776984,0.0314449923132759,0.114327632312536,"RBM33"
"ENSG00000184867.14",1188.64963843772,0.100791944402726,0.0909202392483281,1.10857544190393,0.267613377211164,0.459355133403345,"ARMCX2"
"ENSG00000184887.13",2701.02751947821,0.133267841480177,0.071963163384915,1.85188970595076,0.0640416624391101,0.183330960239492,"BTBD6"
"ENSG00000184897.6",2762.58356021592,0.189739429119531,0.0856426623506756,2.21547793951824,0.0267272769009273,0.102728149372267,"H1-10"
"ENSG00000184898.7",632.099522964645,-0.136353723538006,0.0759203967689802,-1.7960091008602,0.0724930696410591,0.198724723553708,"RBM43"
"ENSG00000184900.16",5315.42772249437,0.180287547778039,0.0684282315203729,2.63469541404651,0.00842128136026105,0.0478227611627503,"SUMO3"
"ENSG00000184903.10",403.094351823987,0.0673381637901347,0.083393592281559,0.807474075019854,0.419393404895441,0.60763586880125,"IMMP2L"
"ENSG00000184905.9",68.6322122217525,-0.360929264155266,0.234012475189917,-1.54235052580999,0.122988437096465,0.279174612139676,"TCEAL2"
"ENSG00000184908.18",55.7142791037262,-0.402793931185259,0.188162840972086,-2.14066671774483,0.0323009243015569,0.116120793950085,"CLCNKB"
"ENSG00000184916.9",1639.6788553981,-0.0671399850448092,0.117945987930805,-0.569243483586726,0.569190914907134,0.730582601187164,"JAG2"
"ENSG00000184922.14",1924.16065327528,0.187125718171083,0.0960430491747548,1.94835253335824,0.0513727952828838,0.158527618254987,"FMNL1"
"ENSG00000184923.12",17.1560515542796,-0.22673087248521,0.135609803608503,-1.67193570414546,0.0945370013073864,0.236071247531618,"NUTM2A"
"ENSG00000184924.5",497.310556088195,0.100718545624859,0.0908791347692291,1.1082691960109,0.26774557470646,0.459439924683135,"PTRHD1"
"ENSG00000184925.12",80.1656122499492,0.0941001911922526,0.174810871470309,0.53829713450193,0.590371929323123,0.74706395450227,"LCN12"
"ENSG00000184933.5",1.8541175329576,-1.60138811642915,0.44389672112855,-3.6075691488728,0.000309079180351944,0.00489542014817187,"OR6A2"
"ENSG00000184937.16",59.1000353440268,-0.337258196105503,0.238476653962964,-1.41421892038908,0.157297634342854,0.327212726044528,"WT1"
"ENSG00000184939.16",1175.51407887782,-0.169231711899236,0.0589942242868738,-2.86861491857754,0.00412273399945087,0.0293726049740462,"ZFP90"
"ENSG00000184949.16",413.279167170776,-0.269094393432094,0.163138069967198,-1.64948864165305,0.0990475682433238,0.242934336932737,"FAM227A"
"ENSG00000184956.16",183.225446827461,-0.280648110758549,0.292207547263926,-0.960441006354513,0.33683330841103,0.530218147164698,"MUC6"
"ENSG00000184967.7",913.997576402248,0.158466316942129,0.0826903610722284,1.91638196867604,0.0553164942419861,0.166292666452145,"NOC4L"
"ENSG00000184979.10",496.224966190634,0.17348059458734,0.0947430534570338,1.83106400160528,0.0670909908187226,0.188842905396503,"USP18"
"ENSG00000184983.11",2288.39343081612,0.198530948973391,0.0760327212038815,2.61112512915368,0.00902448670660047,0.0500920700104784,"NDUFA6"
"ENSG00000184984.10",12.8337518081964,-0.147481001030034,0.201553182407362,-0.731722512482873,0.464337952759276,0.646206724123838,"CHRM5"
"ENSG00000184985.16",1056.64981840278,-0.433242015268593,0.175111830330195,-2.47408764131847,0.0133576923962532,0.0651189567139711,"SORCS2"
"ENSG00000184986.11",85.1691431540588,0.168410594876345,0.130562712251191,1.28988278485161,0.197091358802742,0.377307952884808,"TMEM121"
"ENSG00000184988.8",471.561712800296,0.0418336584544156,0.0711613916495973,0.58787015662098,0.556619449186267,0.721282508692306,"TMEM106A"
"ENSG00000184990.13",2621.11279962706,0.110214165403609,0.0937283771322204,1.17588897595157,0.239639244690977,0.427424695890747,"SIVA1"
"ENSG00000184992.13",1358.89911869992,0.142292406266913,0.0899804409024903,1.58137040494291,0.113793370204943,0.265693433917748,"BRI3BP"
"ENSG00000184995.7",13.5665927993474,0.742800366732295,0.332249776701891,2.23566852055033,0.0253734925389338,0.0994771181227887,"IFNE"
"ENSG00000184999.12",3.18561144108394,-0.872554524080214,0.272303338885973,-3.2043475032291,0.00135368980742003,0.0135870951939811,"SLC22A10"
"ENSG00000185000.12",2261.98932244907,0.189143231416227,0.0961118250487785,1.9679496390817,0.0490738325142968,0.153756362309287,"DGAT1"
"ENSG00000185002.10",7.74429139554741,-1.24220888833047,0.450254978469276,-2.75890095108684,0.00579961104310833,0.0370820915034004,"RFX6"
"ENSG00000185008.17",407.522727415054,-0.293959876856729,0.18583860539236,-1.58180199553313,0.113694779337437,0.265612257980583,"ROBO2"
"ENSG00000185009.13",2500.82982585602,-0.00589158610126775,0.0467020006492477,-0.126152756185246,0.899611007605712,0.946580363332922,"AP3M1"
"ENSG00000185010.15",965.051082258778,-0.0642201180528596,0.120280741637685,-0.533918540727878,0.593397893836392,0.749326610259625,"F8"
"ENSG00000185013.16",11.8664689445755,-0.127130550470446,0.153107971506693,-0.830332667981879,0.406350722818289,0.595975093162524,"NT5C1B"
"ENSG00000185015.8",644.627047632976,0.0285558021081953,0.12858418214224,0.222078654096091,0.824252654534002,0.903814012452209,"CA13"
"ENSG00000185019.17",459.04248872352,-0.0450130701855985,0.0578328571087565,-0.77833038926211,0.436374264583882,0.621972000590945,"UBOX5"
"ENSG00000185022.12",1610.99261516702,0.0388153326263683,0.119297356802578,0.325366241689686,0.744903901958195,0.854677897602272,"MAFF"
"ENSG00000185024.17",1622.98382316996,0.0147678666528857,0.0672962469854316,0.219445620141085,0.826302936213493,0.90484832599927,"BRF1"
"ENSG00000185028.4",5.05132721720399,0.0452873786935529,0.234226310485934,0.193348811239856,0.846685801620822,0.916885959093536,"LRRC14B"
"ENSG00000185031.6",5.19378197902763,-0.795698074788436,0.264571842190134,-3.00749342107468,0.00263411826180709,0.0216108095939706,"SLC2A3P2"
"ENSG00000185033.14",8934.9173669389,0.277555676667742,0.117796463107426,2.35623098814624,0.0184614339243116,0.0808838688830248,"SEMA4B"
"ENSG00000185037.9",0.376923306292926,-0.0674230690265394,0.983918505614837,-0.0685250543025489,0.945367676498579,0.971635778507247,"ZNF733P"
"ENSG00000185038.14",40.4230366480933,-0.659898445378785,0.28945129019878,-2.27982554482863,0.0226180373264471,0.0922438861428768,"MROH2A"
"ENSG00000185040.13",4.66915616068278,0.31163210507465,0.220443934910035,1.41365696997665,0.157462645322662,0.327425135889537,"SPDYE16"
"ENSG00000185043.12",5802.1997779658,0.222280483657637,0.0949741785201635,2.34043070570435,0.0192615124016434,0.083163471973533,"CIB1"
"ENSG00000185046.18",61.7694743054308,-0.235188213475764,0.181516586341873,-1.29568442320089,0.195084230055077,0.374691866496155,"ANKS1B"
"ENSG00000185049.16",1560.38063299864,0.0746290571813661,0.0702871113833412,1.06177442368266,0.288338103447821,0.480797956886187,"NELFA"
"ENSG00000185052.12",545.018040753543,-0.301490151133364,0.138038418672348,-2.18410319411867,0.0289546660391344,0.108082486426831,"SLC24A3"
"ENSG00000185053.14",1.3479131249014,1.41658592687945,0.43842139380719,3.23110584220815,0.00123312268266352,0.0127300320849354,"SGCZ"
"ENSG00000185055.11",50.8617509881847,-0.740097541199878,0.136983558822097,-5.40282021845451,6.56012020688462e-08,1.02058916844771e-05,"EFCAB10"
"ENSG00000185056.10",2.93934474329981,-0.0355484602879476,0.209435874897542,-0.16973434138415,0.865219065403552,0.928079719842788,"C5orf47"
"ENSG00000185065.6",28.0121434546921,-0.192729160190123,0.0950400600191238,-2.02787287961879,0.0425732237264728,0.140221966653219,"AC000068.1"
"ENSG00000185070.11",738.632430669727,0.205764169260801,0.16195192196222,1.27052625722343,0.203897235923752,0.384936244718428,"FLRT2"
"ENSG00000185085.2",1624.37346056426,0.082938018394769,0.0658200497630653,1.26007225295824,0.207643298728788,0.389380891324634,"INTS5"
"ENSG00000185088.14",2386.25163021124,0.105728949835389,0.0874754853578516,1.20866948497473,0.226789849564592,0.412416127460889,"RPS27L"
"ENSG00000185090.14",385.471865452936,0.159085886457181,0.136561259679193,1.16494155685809,0.24404265044119,0.432936109188392,"MANEAL"
"ENSG00000185100.11",733.096923003104,0.315673109312311,0.145635187769367,2.16756069839537,0.0301921267477566,0.111131727563633,"ADSS1"
"ENSG00000185101.13",1636.19108008242,-0.242459122847051,0.137789124888494,-1.75963903568777,0.0784690285005411,0.209131393361232,"ANO9"
"ENSG00000185104.20",2253.26511484946,0.00561405287931908,0.0491713993463422,0.114173136293643,0.909100546765701,0.951866405467411,"FAF1"
"ENSG00000185105.5",4.2048123852553,-0.0517856442501959,0.191947666034387,-0.26979043465378,0.787321482091651,0.882091271710877,"MYADML2"
"ENSG00000185112.6",518.590544868605,0.278658877171562,0.130473520566371,2.13575042630823,0.0326997617944874,0.117149808395983,"FAM43A"
"ENSG00000185115.6",832.926164286195,0.0292055335056663,0.0572057779779665,0.510534679152781,0.609676925350957,0.761650051621366,"NSMCE3"
"ENSG00000185122.11",4098.02815945293,0.215705313800221,0.0802849040824737,2.68674810371119,0.00721513419202506,0.0429945086867661,"HSF1"
"ENSG00000185127.6",933.017225480218,0.000896637227641917,0.0677556906715113,0.0132333862846877,0.989441593566317,0.994669937031324,"C6orf120"
"ENSG00000185129.8",1776.57690982242,-0.152499972017202,0.0930615313880438,-1.63870043553565,0.101275663312566,0.246375964405241,"PURA"
"ENSG00000185130.5",10.535189212682,-0.153315228453125,0.223584407745944,-0.685715207061017,0.492892715328088,0.670605163341011,"H2BC13"
"ENSG00000185133.14",309.486623954581,-0.435835031675733,0.125690811996485,-3.46751703448238,0.000525290447450224,0.00697776875875372,"INPP5J"
"ENSG00000185155.12",45.037705167843,-0.417572249663024,0.171582312965618,-2.43365555834825,0.0149472111802379,0.070208451160223,"MIXL1"
"ENSG00000185156.6",186.795642081013,-0.0599786085736191,0.19683401765193,-0.304716681034686,0.760581943825189,0.865090179897237,"MFSD6L"
"ENSG00000185158.12",350.513213727559,-0.21917580520572,0.0683699458097027,-3.20573320060487,0.00134718834998331,0.0135463430190258,"LRRC37B"
"ENSG00000185163.10",1066.80805362939,-0.0749274517758486,0.070469166275165,-1.06326576198269,0.287661447211314,0.480127967213429,"DDX51"
"ENSG00000185164.14",687.195085922587,0.0467411486412754,0.0860291196605052,0.543317760610929,0.586911037855716,0.744043249639928,"NOMO2"
"ENSG00000185168.5",148.068068480147,0.115715147036384,0.155374165054364,0.744751529289932,0.456421941803688,0.63944014932125,"LINC00482"
"ENSG00000185176.13",0.805443807601823,1.12416026551342,0.733019506981469,1.53360211400464,0.125127567936595,0.282566107258568,"AQP12B"
"ENSG00000185186.10",5.5033453705751,0.43680409323462,0.206491382040449,2.11536234063781,0.0343990769168463,0.121215968225293,"LINC00313"
"ENSG00000185187.13",1901.97181753021,-0.103849954014206,0.0848163399642498,-1.22440975474748,0.220797691286128,0.405282695776218,"SIGIRR"
"ENSG00000185189.18",1343.89024437842,-0.0917202437679306,0.101753798631637,-0.901393805453601,0.367378973824033,0.559906073496155,"NRBP2"
"ENSG00000185198.12",4.00785787862252,0.148134694710629,0.256925193000311,0.576567416300237,0.564231715795411,0.727120188798706,"PRSS57"
"ENSG00000185201.16",5533.8697705541,0.0763630698854951,0.10464569027185,0.729729716408943,0.46555541304743,0.647197643600488,"IFITM2"
"ENSG00000185215.11",6897.74538038956,0.0617386879652683,0.139173762641693,0.443608671587162,0.657325535165927,0.795865449012227,"TNFAIP2"
"ENSG00000185219.17",1256.027680763,-0.182412374414586,0.0660146820014509,-2.76320916626663,0.00572360747887076,0.0367584999602709,"ZNF445"
"ENSG00000185220.12",374.34704893415,0.0103799207375603,0.0656320491133752,0.158153232723691,0.874336054743032,0.932929628567392,"PGBD2"
"ENSG00000185222.10",2260.74356548648,0.148433652777965,0.0875449086175642,1.69551439509053,0.0899778818292824,0.228604519211103,"TCEAL9"
"ENSG00000185231.5",2.42995796520103,-0.132750059761028,0.330023605288683,-0.402244135369975,0.687504363713255,0.817107660893793,"MC2R"
"ENSG00000185236.12",4126.47634441783,0.0664832935385851,0.077759384157055,0.854987398103682,0.392558124259416,0.583261557925794,"RAB11B"
"ENSG00000185238.13",789.929396455123,0.0461216786154611,0.0689044298707066,0.669357234389785,0.503267624946965,0.679332848221308,"PRMT3"
"ENSG00000185245.8",57.0962670009723,-0.387998416804358,0.123674100163746,-3.13726492685732,0.00170531960794593,0.0160065423477147,"GP1BA"
"ENSG00000185246.18",1146.20536439175,-0.270363961097178,0.0656356394203306,-4.11916397074716,3.80249499153619e-05,0.00107103608928269,"PRPF39"
"ENSG00000185247.15",6.29568988772868,-0.0809907343070819,0.605178494500214,-0.133829498310194,0.893537400733799,0.943768937617156,"MAGEA11"
"ENSG00000185250.16",274.255244528878,-0.411084677470353,0.150130270597791,-2.73818648186998,0.00617790338130415,0.0386836443998042,"PPIL6"
"ENSG00000185252.19",669.199148132683,-0.0323592656010665,0.0798340500003661,-0.405331629811065,0.685233759681558,0.815833631895809,"ZNF74"
"ENSG00000185261.14",201.305828456429,0.0317799817865907,0.147103128181898,0.216038789788982,0.828957511557879,0.90662206998116,"KIAA0825"
"ENSG00000185262.9",2470.10835245719,0.327767397864505,0.0826695509466772,3.96478986653645,7.34606308997858e-05,0.00177226433662795,"UBALD2"
"ENSG00000185267.10",71.1262397657562,-0.0806515882243696,0.0901454843574627,-0.894682510158291,0.370956830723083,0.563301262052742,"CDNF"
"ENSG00000185269.12",328.0398256053,-1.53385896552687,0.22455006560073,-6.83081058748926,8.44361586890157e-12,8.78479072260437e-09,"NOTUM"
"ENSG00000185271.9",16.0551117219953,-0.237342877119513,0.148612606548325,-1.59705749486558,0.11025289174309,0.260255922064853,"KLHL33"
"ENSG00000185272.14",75.3962455483989,0.0649010030771185,0.138976982722103,0.466991021145523,0.640506302056056,0.78356074315754,"RBM11"
"ENSG00000185274.12",235.449971157562,-0.065525524703235,0.164180100017817,-0.39910759401489,0.689813926975166,0.818483111189945,"GALNT17"
"ENSG00000185275.6",7.38850881477118,0.128583018377302,0.221171178283289,0.581373302685062,0.560988886572373,0.724851979762091,"CD24P4"
"ENSG00000185278.15",1049.42775097495,-0.415246654198018,0.114407854301081,-3.62952925509148,0.000283938551715488,0.00460456220275877,"ZBTB37"
"ENSG00000185290.4",55.172439337815,0.50303154019626,0.299560428443298,1.67923227647364,0.0931067838559346,0.233762081453774,"NUPR2"
"ENSG00000185291.12",600.144449205533,-0.0375469292905604,0.112767450928089,-0.332958925483772,0.739165288477156,0.851036406699186,"IL3RA"
"ENSG00000185296.8",1.75729101203976,0.340888047688049,0.379488155856019,0.8982837604486,0.369034288041263,0.561683210741417,"AC026785.1"
"ENSG00000185298.13",1410.35654416742,0.163704177599667,0.0849663772096666,1.92669362841849,0.0540178223917863,0.163819945426284,"CCDC137"
"ENSG00000185303.17",237918.704403799,-0.29218359443091,0.271006756702847,-1.07814136439145,0.280970674394052,0.473566377897088,"SFTPA2"
"ENSG00000185304.15",11.3422894447373,-0.580399750835456,0.182426870874676,-3.18154747736797,0.00146490510133297,0.0143211028483968,"RGPD2"
"ENSG00000185305.11",843.62385151431,-0.0877170621369785,0.072724911196304,-1.20614876930144,0.227760133267485,0.413577648362053,"ARL15"
"ENSG00000185306.13",106.22014625148,-0.174323058406056,0.306957122344647,-0.567906869449762,0.570098207201432,0.7314173261024,"C12orf56"
"ENSG00000185324.22",2165.54197806816,-0.085616567273851,0.0836919108043391,-1.02299692349015,0.306309300430617,0.499752795218883,"CDK10"
"ENSG00000185332.8",145.744367602735,0.117891519692688,0.143366172683634,0.822310573588642,0.410900160415952,0.600004343891592,"TMEM105"
"ENSG00000185338.6",421.611323669503,0.0136703266607184,0.114226311848364,0.119677563247125,0.904738574530647,0.949368602394151,"SOCS1"
"ENSG00000185339.9",2549.77003243111,0.0261141776209489,0.101289927919421,0.257816133917317,0.796548812256103,0.887830586087795,"TCN2"
"ENSG00000185340.15",1148.93805569076,0.24596006669325,0.0927866255107291,2.65081379282199,0.00802980978176695,0.0462883314720937,"GAS2L1"
"ENSG00000185344.15",1149.31316388078,-0.0926152100632241,0.0556262820853894,-1.66495416538993,0.0959219005171821,0.23830512947598,"ATP6V0A2"
"ENSG00000185345.23",101.951731494711,-0.0835488704562184,0.148914423380377,-0.561052909178627,0.574761469036793,0.734907964845301,"PRKN"
"ENSG00000185347.18",434.671929932233,0.131550628992211,0.10630373186503,1.2374977499307,0.215902349160557,0.399335383922357,"TEDC1"
"ENSG00000185352.8",31.2634058507872,0.649657566502306,0.260119612718991,2.4975339602867,0.0125060485716676,0.0621717000293457,"HS6ST3"
"ENSG00000185359.14",3477.20771251762,0.0978176857338219,0.0704491436101079,1.38848651269889,0.164988948924022,0.336847800118198,"HGS"
"ENSG00000185361.9",798.840810339642,-0.0493395427162829,0.0866252332583526,-0.569574716978041,0.568966180673741,0.73047165869084,"TNFAIP8L1"
"ENSG00000185379.20",656.367191725198,-0.00762057630713412,0.0551778338084339,-0.138109378008408,0.890153974226681,0.941728657108832,"RAD51D"
"ENSG00000185386.15",479.625876750481,0.196534015191376,0.10902871020149,1.80258956405311,0.0714526971875789,0.196617459911238,"MAPK11"
"ENSG00000185404.17",1106.27789488536,0.0826247693590484,0.0748853903537311,1.1033496516311,0.269875352286219,0.461690565935209,"SP140L"
"ENSG00000185414.20",1388.28775876561,0.0233977788787774,0.0552480785591933,0.423503938760671,0.671927625440652,0.806637811769214,"MRPL30"
"ENSG00000185418.16",530.996513235964,-0.105781308016344,0.0662893305798919,-1.59575164043716,0.110544254135027,0.260655375638884,"TARS3"
"ENSG00000185420.19",1277.76264725292,0.141693040311636,0.087186943809814,1.62516351783955,0.104127721644339,0.251066355497174,"SMYD3"
"ENSG00000185432.12",4067.53202772972,-0.18506786570568,0.13128150886875,-1.40970245772163,0.158627558731423,0.328861530160362,"METTL7A"
"ENSG00000185433.10",5.09070200307389,-0.144181617400731,0.198731409940274,-0.72550996062506,0.468139236444452,0.649426838727916,"LINC00158"
"ENSG00000185436.12",417.547134353608,-0.0871635366813682,0.114272698444385,-0.762767816529593,0.445601877894101,0.630274721654003,"IFNLR1"
"ENSG00000185437.13",7.09861748771413,-0.0524226202864859,0.146841764165339,-0.357000752370829,0.721091242490715,0.840116141016543,"SH3BGR"
"ENSG00000185442.13",1930.44405471003,-0.0840969957109274,0.109124726527231,-0.77065023104495,0.44091427901972,0.626229009987484,"FAM174B"
"ENSG00000185453.13",359.682004564653,0.060183712984012,0.0954531182994867,0.630505467565596,0.528363926677244,0.699324966640116,"ZSWIM9"
"ENSG00000185467.7",162.709288826674,0.0827274723591782,0.167846276471066,0.492876422989575,0.622099907306203,0.770749189265608,"KPNA7"
"ENSG00000185475.11",1196.25053722715,0.0700938119017638,0.0724857143596147,0.967001739874091,0.333543163891241,0.527111242959657,"TMEM179B"
"ENSG00000185477.5",1589.36873153732,-0.355264845663043,0.123650867983197,-2.87312860360446,0.00406428634028595,0.0291244694634396,"GPRIN3"
"ENSG00000185479.6",171.791532768887,-0.0541258929162535,0.369634551936917,-0.146430826427424,0.883581293609411,0.938120018003525,"KRT6B"
"ENSG00000185480.12",215.428587356813,-0.0954507085633186,0.130925231295144,-0.729047469453344,0.465972625877648,0.647615388576269,"PARPBP"
"ENSG00000185482.8",226.176636122063,0.0631166953933609,0.0972254049652876,0.649179043439268,0.516222655620342,0.690393575864882,"STAC3"
"ENSG00000185483.12",560.336694875183,0.172169383160307,0.141133257151469,1.21990653822669,0.22250030699497,0.407129402186821,"ROR1"
"ENSG00000185485.14",322.082122804827,-0.040105037830957,0.0874207827348664,-0.458758622106935,0.646407511672948,0.787907842987536,"SDHAP1"
"ENSG00000185495.10",233.013517253541,-0.44157564149115,0.12928834530687,-3.41543269382136,0.000636807650653605,0.00795842233979372,"AC138393.1"
"ENSG00000185499.16",32979.9170538567,-0.000694813532576184,0.137931596663638,-0.00503737757977649,0.995980771200273,0.998000346806693,"MUC1"
"ENSG00000185504.17",2114.91072289887,0.0543505150066603,0.0746723668460577,0.727853117589104,0.466703504679746,0.648412543299593,"FAAP100"
"ENSG00000185507.21",2182.89534684244,0.142564266089714,0.105689832056031,1.3488929191801,0.177371362915387,0.353288949179898,"IRF7"
"ENSG00000185513.17",181.043544433958,-0.218090999384166,0.125991126770776,-1.73100284896215,0.0834512563371166,0.217755519808106,"L3MBTL1"
"ENSG00000185515.15",1375.62989470418,0.146913152702715,0.0649881897856984,2.26061309273528,0.0237832262843674,0.095330478291048,"BRCC3"
"ENSG00000185518.12",99.3871969309504,-0.37017616162978,0.172509584108002,-2.14582954068237,0.0318865808775842,0.115366217904522,"SV2B"
"ENSG00000185519.9",15.1802171479422,0.274700648310759,0.232810153496805,1.17993414026304,0.238026410073709,0.42577978028068,"FAM131C"
"ENSG00000185522.9",187.657998629497,-0.24179080551947,0.142168063891282,-1.70073924411301,0.0889919624129741,0.227104814089771,"LMNTD2"
"ENSG00000185527.12",80.2847567917885,-0.178541186727392,0.146881432574273,-1.21554633283625,0.224157788621723,0.408947627627982,"PDE6G"
"ENSG00000185532.20",572.349073611611,-0.0627159122249804,0.130919744873938,-0.479040898570105,0.631909533446801,0.777549768896934,"PRKG1"
"ENSG00000185551.15",2387.7573475667,0.307933920128899,0.0911616955854222,3.37788715042441,0.00073045050252994,0.00883823251611077,"NR2F2"
"ENSG00000185559.16",109.305240028181,0.74182831127926,0.543295847645566,1.3654223835762,0.172120332665959,0.3464847850132,"DLK1"
"ENSG00000185561.10",699.394035604844,-0.158794555573086,0.10092331768219,-1.57341790995351,0.115622082617296,0.268419635770004,"TLCD2"
"ENSG00000185565.12",717.422841696179,-0.255597565983434,0.136596543009396,-1.87118619807129,0.0613192771358596,0.178406247809506,"LSAMP"
"ENSG00000185567.7",4990.25953149687,0.768092200394798,0.179696051270125,4.27439665460527,1.91655575044607e-05,0.000647795843650772,"AHNAK2"
"ENSG00000185585.20",1427.48648439337,-0.10387420261861,0.13004135472193,-0.798778225901493,0.424419018320201,0.612067156585569,"OLFML2A"
"ENSG00000185591.10",5089.01558742142,-0.00340690166077064,0.0481408553361263,-0.0707694459723071,0.943581249415591,0.970516560190098,"SP1"
"ENSG00000185596.16",208.590149787274,-0.10267379608298,0.0756418450281839,-1.35736768510504,0.174664410694766,0.350012171979105,"WASH3P"
"ENSG00000185607.5",8.86690257386708,0.231246176118102,0.129218439521031,1.78957567492111,0.0735221519001177,0.200464425235903,"ACTBP7"
"ENSG00000185608.8",1336.50480911772,0.150607153737207,0.0772943226693542,1.9484892102809,0.0513564546206869,0.158491883916067,"MRPL40"
"ENSG00000185614.7",90.5817744217913,0.238450123859554,0.124345947651099,1.91763485955021,0.0551573267507334,0.165945497877478,"INKA1"
"ENSG00000185615.16",60.5521402810998,-0.755100642939716,0.250158131377526,-3.01849329774596,0.00254035020791372,0.0211334031664346,"PDIA2"
"ENSG00000185619.18",1851.78383624945,-0.026745883489978,0.0676073547452319,-0.395606122895443,0.692395619447049,0.820090624292952,"PCGF3"
"ENSG00000185621.11",629.268210263504,0.0147168757283277,0.0698859771943524,0.21058410169182,0.833211819137622,0.909065085844629,"LMLN"
"ENSG00000185624.15",38100.344367286,0.197717844447072,0.0814566152339331,2.42727793045723,0.0152125968615881,0.0710540105657764,"P4HB"
"ENSG00000185627.18",5727.44376344466,0.0938216833006666,0.0674612096213256,1.39075008923362,0.164301222778908,0.33597939991267,"PSMD13"
"ENSG00000185630.19",2645.61359266765,-0.0914496964212942,0.112689631934807,-0.811518281239926,0.417068098821281,0.605584552926727,"PBX1"
"ENSG00000185633.10",1416.58195787714,0.139716219179357,0.17731579221626,0.787951357479509,0.430725158891428,0.616992200110675,"NDUFA4L2"
"ENSG00000185634.12",41.1162853351459,0.0474168598520375,0.137292567433284,0.345370916565308,0.729815538776762,0.845109691227948,"SHC4"
"ENSG00000185640.6",14.7202440290624,0.00127969105727162,0.242083466462395,0.00528615636570291,0.995782277092779,0.997970480170075,"KRT79"
"ENSG00000185641.6",257.046996530846,0.219837859250306,0.0992767671095675,2.21439381691067,0.0268016998722523,0.102931017862141,"AC034236.1"
"ENSG00000185650.10",22594.5464110522,-0.0136429249993137,0.0902299020145143,-0.151201815525846,0.879816518179139,0.935748373629942,"ZFP36L1"
"ENSG00000185651.15",4005.57025330621,0.153715035072392,0.0627208066559011,2.45078217688914,0.0142546185488665,0.0679134252071281,"UBE2L3"
"ENSG00000185652.12",39.9711063240897,-0.309931374387451,0.17778425961185,-1.74330041964408,0.0812811521079223,0.214344031455767,"NTF3"
"ENSG00000185658.14",3044.62256544331,-0.154179224883344,0.0917332406531843,-1.68073452747897,0.0928144908817004,0.233368735118171,"BRWD1"
"ENSG00000185662.10",3.36898207940055,-0.517441133714679,0.24871727260113,-2.08043907969554,0.0374852779212906,0.128804495306531,"SMIM23"
"ENSG00000185664.14",178.102177722506,0.236859290934976,0.112133654398014,2.11229440622931,0.0346612053520585,0.121881655025991,"PMEL"
"ENSG00000185666.15",100.852826597,0.147972521714608,0.199052966111461,0.743382651388119,0.457250044626229,0.64025006248648,"SYN3"
"ENSG00000185668.8",17.7378378927887,-0.477717817323953,0.153263163679325,-3.11697739923658,0.00182715579100644,0.0168321797869334,"POU3F1"
"ENSG00000185669.6",99.8353816404677,-0.073207037580176,0.0955061773657612,-0.766516256847074,0.443369182572108,0.628318656424177,"SNAI3"
"ENSG00000185670.9",225.811955254558,-0.14757580553035,0.0634519918953011,-2.32578680546163,0.0200299268841932,0.0852866550397037,"ZBTB3"
"ENSG00000185674.9",9.42970519257033,-0.0899663863100727,0.178642231492313,-0.503612082980189,0.614533999967051,0.765391510265348,"LYG2"
"ENSG00000185681.13",73.0067448071147,-0.870399671842192,0.272876098411034,-3.18972484915519,0.00142408309387268,0.0140479995390528,"MORN5"
"ENSG00000185684.15",591.010726039822,-0.21669207611565,0.091769951179907,-2.36125303903501,0.0182132983735052,0.0803118291756593,"EP400P1"
"ENSG00000185686.18",1013.8204448648,0.544257458341072,0.350879498380479,1.55112356479404,0.120872074971836,0.275969962421981,"PRAME"
"ENSG00000185689.16",9.8081720451785,-0.137921596698563,0.164870048452245,-0.836547317073862,0.402847069226989,0.592648148594981,"C6orf201"
"ENSG00000185697.16",385.181496373721,-0.169696035045174,0.12576995449187,-1.34925734632546,0.177254320844441,0.353076947700969,"MYBL1"
"ENSG00000185710.9",5.34474182479319,-0.971821936877465,0.303317667422936,-3.20397405510306,0.00135544690731088,0.0135924379171991,"SMG1P4"
"ENSG00000185716.12",596.672055283835,-0.0456069992430133,0.0622368810468874,-0.732796992327657,0.463682256009295,0.645853837461353,"MOSMO"
"ENSG00000185721.13",2112.76865744722,0.109006141674578,0.0693602155496662,1.57159462107673,0.116044594722707,0.269055982622187,"DRG1"
"ENSG00000185722.18",2678.37549594912,-0.040359321555183,0.058986404430477,-0.684213963282872,0.493840066248814,0.671379693969609,"ANKFY1"
"ENSG00000185728.17",4073.11655678355,-0.0233777444092837,0.0584080565682965,-0.400248626350855,0.688973402564568,0.817812018382137,"YTHDF3"
"ENSG00000185730.8",546.920524420879,0.0116323336417804,0.079100310118459,0.147058002988358,0.883086238164076,0.937778953508382,"ZNF696"
"ENSG00000185736.16",47.6627572309845,-0.216761938248264,0.196922830364171,-1.10074559586313,0.271007395740084,0.463008632748735,"ADARB2"
"ENSG00000185737.13",21.3115621084697,0.0271331242877702,0.22088809029708,0.122836519847122,0.902236554580196,0.948160214781247,"NRG3"
"ENSG00000185739.13",43.4951576402605,-0.112297003987018,0.160180279943291,-0.701066348658987,0.48326160992888,0.662551066669766,"SRL"
"ENSG00000185742.7",4.8503249442011,-0.263346258925467,0.286356846071176,-0.919643663277428,0.357759001559507,0.550842641581679,"C11orf87"
"ENSG00000185745.10",1913.13975884943,-0.0550223761855779,0.158082132064967,-0.348061956571823,0.727793654318594,0.843766205844237,"IFIT1"
"ENSG00000185753.13",1357.34771371451,0.077303327334231,0.0486986229951612,1.58738220055857,0.112426108119384,0.263573158060604,"CXorf38"
"ENSG00000185760.17",249.647994038316,0.0471202222720499,0.201220111048236,0.234172528911657,0.814851040894003,0.898658641473079,"KCNQ5"
"ENSG00000185761.11",167.289011546169,0.23173976200805,0.152238841846698,1.52221180348579,0.127956018516691,0.286966564530877,"ADAMTSL5"
"ENSG00000185774.16",11.527642836145,-0.300267275961868,0.181674349692291,-1.65277749154155,0.0983761565986769,0.241956535677096,"KCNIP4"
"ENSG00000185787.15",9408.16296076292,0.0765863017112597,0.0575646245079034,1.33044039400873,0.183373213024157,0.360762424256002,"MORF4L1"
"ENSG00000185798.8",405.437200894481,0.152289478349175,0.0674462359017243,2.25793887995581,0.0239494702209311,0.0957547390495326,"WDR53"
"ENSG00000185800.12",1008.52102714857,0.188893216613227,0.0585117023513597,3.2282980843547,0.00124529136812287,0.0128093361609988,"DMWD"
"ENSG00000185803.12",3099.39586171633,0.243642319014358,0.104987034335735,2.32068960282487,0.020303602274423,0.0860447849442927,"SLC52A2"
"ENSG00000185808.14",721.559591870277,0.060388721675391,0.0720849710135697,0.837743579920746,0.402174731986537,0.59196203656812,"PIGP"
"ENSG00000185811.19",1218.46401188266,-0.271738392155674,0.118596080628736,-2.29129319211103,0.021946462093021,0.0903839142086774,"IKZF1"
"ENSG00000185813.11",1745.96783682254,0.178362423585167,0.083429899743757,2.13787172384219,0.032527155757388,0.116694104058777,"PCYT2"
"ENSG00000185818.8",159.809086447216,-0.401224036058008,0.219903176270606,-1.82454861663423,0.0680691734711083,0.190519293179791,"NAT8L"
"ENSG00000185825.17",12642.8576487707,0.153684971850902,0.0740983154488594,2.07406836336207,0.038072962244196,0.13016118113582,"BCAP31"
"ENSG00000185829.18",63.9440242337141,-0.379046840434636,0.118949733711413,-3.18661361070596,0.00143948940078513,0.0141496665545731,"ARL17A"
"ENSG00000185834.10",35.5509112275269,0.128802755903896,0.166420606093006,0.773959180462985,0.438954930702714,0.624321877472892,"RPL12P4"
"ENSG00000185837.3",4.81743596519693,0.0453243818560993,0.130451082933238,0.347443507841903,0.72825815217627,0.843976828759147,"HDHD5-AS1"
"ENSG00000185838.14",244.393239148015,0.286603728461512,0.0925172754136157,3.09784012964278,0.00194936557581958,0.0175833725591334,"GNB1L"
"ENSG00000185839.3",17.0961440762687,-0.208767321953527,0.139557309241322,-1.4959253878457,0.13467309959092,0.296206084738092,"AL035411.1"
"ENSG00000185842.15",583.957224006029,-0.366415597742257,0.135565132778361,-2.70287492242802,0.00687426088256085,0.0416659779622796,"DNAH14"
"ENSG00000185860.13",53.9369048670459,-1.09674205100744,0.296331002755433,-3.70107089980255,0.000214691472986282,0.00379552947497061,"CCDC190"
"ENSG00000185862.7",1140.16347969464,-0.0995503106414637,0.115352737465526,-0.863007786626781,0.388133185768844,0.579196966273755,"EVI2B"
"ENSG00000185863.8",1.44443211219683,-0.340956292918861,0.34460464664917,-0.989412929379264,0.322461151198653,0.51615498262782,"TMEM210"
"ENSG00000185864.16",130.371006964832,-0.284500201657829,0.129693664774514,-2.19363221906376,0.0282618602250039,0.106383245825668,"NPIPB4"
"ENSG00000185869.15",176.942005217876,-0.192527611777456,0.108646393717357,-1.77205708528453,0.0763850816958933,0.205385925125293,"ZNF829"
"ENSG00000185875.13",435.002915871984,0.117211424812325,0.0808770750914329,1.4492540028162,0.147266661372769,0.313307492944188,"THNSL1"
"ENSG00000185880.13",1769.45822722419,0.107536232963436,0.0830311996870034,1.29513042529564,0.195275240739187,0.374973964120992,"TRIM69"
"ENSG00000185883.12",10.2088913357198,-0.146785981870433,0.130587837739708,-1.12404022006254,0.260995963770843,0.452357677225398,"ATP6V0C"
"ENSG00000185885.16",2939.53238527382,-0.0746497620292319,0.131076423789376,-0.569513264637009,0.569007871470379,0.7304970140309,"IFITM1"
"ENSG00000185896.11",15954.4520606698,0.0669462818755937,0.0651033894562257,1.02830716549109,0.303805361513037,0.497034322144752,"LAMP1"
"ENSG00000185900.11",2184.53524124413,-0.101452411474542,0.106297151655018,-0.954422671679864,0.339869734658372,0.533211586446501,"POMK"
"ENSG00000185904.12",122.499643562569,-0.0612279980885494,0.151526871513331,-0.404073531493473,0.686158648090182,0.816457175006156,"LINC00839"
"ENSG00000185905.4",351.058420846689,-0.10631681037833,0.131064200054375,-0.811181164148727,0.417261640867331,0.605707076930284,"C16orf54"
"ENSG00000185909.15",1327.42250853075,-0.189623438834852,0.0923231424248982,-2.05391014489248,0.0399843892601566,0.134627859186731,"KLHDC8B"
"ENSG00000185915.5",9.65369699009677,0.024560636747185,0.228348107062442,0.107557873210085,0.914346415367535,0.954692818378955,"KLHL34"
"ENSG00000185917.14",764.94802670682,-0.141634946554155,0.0661134347359916,-2.14230204677372,0.0321691842504437,0.115803544978453,"SETD4"
"ENSG00000185920.16",726.393756999154,-0.232935936257574,0.112037395614376,-2.07909095869491,0.0376089909603,0.129084137736213,"PTCH1"
"ENSG00000185924.7",231.05446900773,-0.326503869364364,0.191713418759185,-1.70308302609997,0.088552531960186,0.226260893825823,"RTN4RL1"
"ENSG00000185933.7",4.71637400221929,-0.266152169070376,0.189004455451789,-1.40817933859906,0.159077972695873,0.329387034684317,"CALHM1"
"ENSG00000185942.13",50.4220240548654,0.167752411124597,0.276703377525614,0.606253572416435,0.544346383330118,0.711739702376705,"NKAIN3"
"ENSG00000185946.16",627.038926235442,-0.317662417703312,0.10757958279799,-2.95281325174692,0.00314892398156105,0.0244774985099491,"RNPC3"
"ENSG00000185947.15",973.336354242014,-0.0724638739423421,0.0777999643033564,-0.931412688825821,0.351640129692112,0.54520350383456,"ZNF267"
"ENSG00000185950.9",2809.78945992639,-0.00162275424446074,0.138686055149859,-0.0117009186158425,0.990664230718718,0.995395579774562,"IRS2"
"ENSG00000185955.5",11.0051905584666,-0.195029338630115,0.155762506788492,-1.25209424688409,0.210535523806641,0.39292332496746,"C7orf61"
"ENSG00000185958.10",24.3795017622106,-0.213165409898287,0.147785464562229,-1.4423976710411,0.149190220495608,0.3160265961036,"FAM186A"
"ENSG00000185962.1",0.420928145560109,-0.274291698034642,0.841626043843041,-0.325906856187777,0.74449482818781,0.854587860807363,"LCE3A"
"ENSG00000185963.14",1894.99964264288,0.00794095775212831,0.0642150722912275,0.123661898504366,0.901582980624599,0.94776551578598,"BICD2"
"ENSG00000185966.4",0.546204333467401,0.840181950287777,0.813432632079464,1.03288449117161,0.301657957373018,0.49453901786586,"LCE3E"
"ENSG00000185972.6",14.7400552060954,0.551295038008536,0.171070042331669,3.22262758864402,0.00127020581449952,0.0129840227762151,"CCIN"
"ENSG00000185973.12",263.892267625527,0.00454822155726259,0.109497085503082,0.0415373755051642,0.966867497208969,0.983200143541328,"TMLHE"
"ENSG00000185974.7",23.185318327423,-0.39962553339235,0.275873373158451,-1.44858319894041,0.14745401594314,0.313505750864996,"GRK1"
"ENSG00000185985.11",25.4507193594296,-0.0719584606790417,0.225934511886098,-0.31849255821226,0.750111338689176,0.858282874488048,"SLITRK2"
"ENSG00000185986.12",1611.84782064274,-0.460628835320256,0.15568132333881,-2.95879316440411,0.00308846318807154,0.0241258106336147,"SDHAP3"
"ENSG00000185988.15",5.48708006862987,0.576502457818575,0.258240443899009,2.23242513494141,0.0255868781237692,0.0999136680007796,"PLK5"
"ENSG00000185989.11",1050.79485817156,0.141045967364355,0.0919170862079837,1.53449128103567,0.124908836609196,0.282206154806594,"RASA3"
"ENSG00000186001.14",1499.52152739892,-0.0303863765208769,0.060356874653825,-0.503445161717817,0.61465132642969,0.765451732281875,"LRCH3"
"ENSG00000186007.10",144.368313188351,0.566305940143804,0.223832096870051,2.530047960336,0.0114046936226795,0.0585589859315036,"LEMD1"
"ENSG00000186009.5",13.8178174585788,0.131370211642112,0.224578473732636,0.584963507226031,0.558572254718631,0.722532678387885,"ATP4B"
"ENSG00000186010.19",50.6486470601844,-0.0375868275721967,0.0849126908126982,-0.442652649591641,0.658016996439639,0.796482168785446,"NDUFA13"
"ENSG00000186017.14",369.601369916286,-0.117511412249114,0.0679367830405161,-1.7297170544421,0.0836808401391445,0.218149417489041,"ZNF566"
"ENSG00000186019.11",23.887176191097,-0.24543674279678,0.125994892284546,-1.94798962359908,0.0514162047517164,0.158617467086628,"AC021092.1"
"ENSG00000186020.13",540.644897386747,-0.155142395887031,0.0743461917166729,-2.08675646061691,0.0369101546746294,0.127612370157857,"ZNF529"
"ENSG00000186026.7",132.369422331104,-0.0860331286770695,0.0793900056365441,-1.08367706976793,0.27850800595868,0.471044948040149,"ZNF284"
"ENSG00000186038.9",2.39775598993777,-1.25162747870264,0.369446278732662,-3.38784703149857,0.000704435397118187,0.00860020816877733,"HTR3E"
"ENSG00000186047.10",46.0347164220118,-0.701828151437061,0.142249979521719,-4.93376627396918,8.06589528087334e-07,6.31853768437921e-05,"DLEU7"
"ENSG00000186056.10",59.510787259919,-0.0746162677006108,0.104506459055064,-0.71398713893173,0.475235132222443,0.655535434913896,"MATN1-AS1"
"ENSG00000186063.13",1348.41595745681,0.0914474422913627,0.0538237996755265,1.69901498672795,0.089316359879674,0.227601191693378,"AIDA"
"ENSG00000186073.14",293.210158454891,0.258321544491591,0.0824147440116737,3.13440935344045,0.00172200447780551,0.0161403983895211,"CDIN1"
"ENSG00000186074.19",509.453012654177,-0.150055950114896,0.143162899655312,-1.0481483015235,0.294570285248368,0.487118744065344,"CD300LF"
"ENSG00000186075.13",1.36500879605289,-0.154111025037497,0.260895699651354,-0.590699751829724,0.554721614273934,0.719613137722713,"ZPBP2"
"ENSG00000186076.5",17.6599890719898,0.0808192616374601,0.197780898716343,0.408630267948023,0.682811014620111,0.813950628728109,"AC012085.1"
"ENSG00000186081.12",616.226048315039,-0.46301803391426,0.259424599254304,-1.78478847127516,0.0742956340488133,0.201689868263792,"KRT5"
"ENSG00000186086.18",1.49364157568967,0.999039963527389,0.468903849278365,2.13058597208126,0.0331232662430584,0.118272512122495,"NBPF6"
"ENSG00000186088.16",1709.63885480602,-0.128309279761807,0.0986067233903975,-1.3012224253088,0.193182331395239,0.372631480830921,"GSAP"
"ENSG00000186094.17",34.1782862871767,-0.317029954797453,0.200969836501561,-1.57750018767115,0.114680478955376,0.26696775627972,"AGBL4"
"ENSG00000186104.11",590.875163025012,-0.145804317502092,0.0643664209973303,-2.26522331431384,0.023498979136594,0.094418478444922,"CYP2R1"
"ENSG00000186105.8",15.3962516040556,-0.278461458344908,0.143656078323531,-1.93838967062555,0.0525756996809929,0.161027078146232,"LRRC70"
"ENSG00000186106.11",1034.50691740516,-0.0297761456473277,0.0792628568455031,-0.375663290882468,0.707167231848691,0.830252312665481,"ANKRD46"
"ENSG00000186111.10",2490.26574008444,0.11967121416683,0.0675046897750712,1.77278370681474,0.0762645542594789,0.205194424192729,"PIP5K1C"
"ENSG00000186115.13",1.63813767867772,0.171889677717758,0.370593376273304,0.463822854704756,0.642774667541079,0.785288503410706,"CYP4F2"
"ENSG00000186118.9",4.7837452250432,-0.00265640440018568,0.165097060828355,-0.0160899557318433,0.987162626644102,0.993586612282494,"TEX38"
"ENSG00000186130.5",686.325310801786,-0.102054109830568,0.0641190065739316,-1.59163585469615,0.111466548918431,0.262117235000799,"ZBTB6"
"ENSG00000186132.15",282.476033091032,-0.0107304470511582,0.0787646570923184,-0.136234288922013,0.891636069213816,0.942627957968232,"C2orf76"
"ENSG00000186141.9",1579.03450627316,0.0843592406837872,0.0510651596068332,1.65199210838262,0.0985361596086692,0.242125940058412,"POLR3C"
"ENSG00000186150.5",3.6118488964711,-0.0596008632989463,0.222587302696911,-0.267763985532017,0.78888099409599,0.883017613929563,"UBL4B"
"ENSG00000186152.6",9.86412679170986,-0.833840614847563,0.317688897209645,-2.62470807815895,0.0086723285060585,0.0487551220790621,"LILRP1"
"ENSG00000186153.17",448.191528978595,-0.150008439194633,0.0894655072397054,-1.67671814337021,0.0935976110189155,0.234543457647612,"WWOX"
"ENSG00000186160.5",27.9208812292064,-0.768631062481382,0.219151187241825,-3.50730959825112,0.000452662163575084,0.00632947560348815,"CYP4Z1"
"ENSG00000186162.10",338.569169442716,0.186751924801585,0.0656337863557019,2.84536265802927,0.00443608850534321,0.0308588998345991,"CIDECP1"
"ENSG00000186166.9",1039.28885623926,-0.342534513714793,0.0987477426529114,-3.46878323000018,0.000522821112798969,0.00695876066750427,"CENATAC"
"ENSG00000186174.12",3715.7594675293,0.147347693886569,0.101482857637774,1.4519466372587,0.1465164434885,0.312588141772991,"BCL9L"
"ENSG00000186184.19",3322.93921670537,0.0519853103543235,0.0666923931609975,0.779478856439135,0.435697687854211,0.621471352647637,"POLR1D"
"ENSG00000186185.14",603.309667928767,0.133343472224192,0.168970990431764,0.789150089512198,0.430024289087543,0.616436526686503,"KIF18B"
"ENSG00000186187.12",1135.72451015362,0.0740646038894505,0.0742496468120403,0.997507827571784,0.31851807625916,0.512266185831419,"ZNRF1"
"ENSG00000186188.11",173.003303827798,0.105166374472454,0.183292199545149,0.573763502939192,0.566127849357563,0.728431581604018,"FFAR4"
"ENSG00000186191.8",18.628857267279,-0.195881373594551,0.336434458392676,-0.582227440466055,0.560413492408752,0.724295279610427,"BPIFB4"
"ENSG00000186193.9",455.623771727142,0.491031742537255,0.156607057078503,3.13543815775245,0.00171597603880667,0.0160974895069007,"SAPCD2"
"ENSG00000186197.15",117.268827559006,-0.265188769869893,0.18786672895408,-1.41157921546988,0.158073895856393,0.328163260880895,"EDARADD"
"ENSG00000186198.4",99.8593328485336,-0.0471463771037188,0.196549203491114,-0.239870608816027,0.810430566507143,0.895746091964125,"SLC51B"
"ENSG00000186204.15",97.9464558643487,0.503585864413208,0.211204093026966,2.38435655860567,0.0171090164486567,0.07684976856788,"CYP4F12"
"ENSG00000186205.13",630.089171251668,0.00154146139311478,0.142080606260836,0.0108492033760394,0.991343757943718,0.995830423716025,"MTARC1"
"ENSG00000186212.4",760.207574256775,0.149235233177711,0.125379254818578,1.19027053872391,0.233940076352157,0.420912611434953,"SOWAHB"
"ENSG00000186222.5",780.479495103229,0.238485443710764,0.0773824645490051,3.08190550792983,0.00205680116970249,0.0182071473924235,"BLOC1S4"
"ENSG00000186230.7",206.634308106087,-0.0699348634678598,0.0790925333677692,-0.884215746923575,0.376579759417588,0.568155191903027,"ZNF749"
"ENSG00000186231.17",66.9914644491179,-0.622718959912412,0.156598657525167,-3.97652808621513,6.99287431491106e-05,0.00170434673913861,"KLHL32"
"ENSG00000186235.11",38.1766271179849,0.0115242033644256,0.16501213932719,0.0698385186169553,0.944322188587008,0.971008667139022,"LINC02610"
"ENSG00000186260.17",3043.0167557447,-0.0373433138262052,0.0780543170247201,-0.478427270260764,0.632346127952145,0.777856997521181,"MRTFB"
"ENSG00000186265.10",90.8001196973938,-0.559001072443035,0.148974041965517,-3.75233876363793,0.000175192507251212,0.00326212759726768,"BTLA"
"ENSG00000186272.13",189.301444307187,-0.154124826537348,0.0599190871295479,-2.57221586510693,0.0101049863824281,0.054113770569435,"ZNF17"
"ENSG00000186280.7",60.8692066787261,0.0179825169642283,0.0809351100454148,0.222184376522598,0.824170355902157,0.903814012452209,"KDM4D"
"ENSG00000186281.12",204.706603052656,0.277703980238178,0.218976003016658,1.26819366694282,0.204728798095767,0.385915291303498,"GPAT2"
"ENSG00000186283.14",2953.51701063147,0.11696652755461,0.0644573242057755,1.81463517134535,0.0695799937366136,0.193382313337764,"TOR3A"
"ENSG00000186288.5",0.897029520786333,0.362515976601729,0.68398821668461,0.530003248241463,0.596109678670759,0.751354566971514,"PABPC1L2A"
"ENSG00000186297.12",3.50455259607578,1.46500596573842,0.416539297567419,3.51708944220636,0.000436306734530989,0.00615506784438144,"GABRA5"
"ENSG00000186298.12",6265.74196335981,0.0114072894369824,0.0574387331654442,0.198599251904203,0.842576238848326,0.914427444664645,"PPP1CC"
"ENSG00000186300.12",238.044459717879,-0.166239808575375,0.0707478019508179,-2.34975227486136,0.0187859090811301,0.0818316460863619,"ZNF555"
"ENSG00000186301.8",149.213513983928,-0.628451623587818,0.165245224777504,-3.80314544298633,0.000142870418608193,0.00283467511723634,"MST1P2"
"ENSG00000186310.10",102.406077014278,0.158148128056479,0.124008379114126,1.27530195286993,0.20220238679739,0.383158656937089,"NAP1L3"
"ENSG00000186312.10",146.029528935386,0.115018917352051,0.0663314415769663,1.73400297984767,0.0829175544501319,0.216889860175066,"CA5BP1"
"ENSG00000186314.11",205.031059310955,0.10223190204162,0.113029134912631,0.904473896227222,0.365744169899458,0.558488311171061,"PRELID2"
"ENSG00000186318.16",799.822342254382,0.0355898248082075,0.0718555268592043,0.495296971072847,0.620390508683637,0.769318429886931,"BACE1"
"ENSG00000186326.4",20.2083603884731,0.125449994251941,0.172941911704215,0.725388039346414,0.46821400864016,0.649483312764337,"RGS9BP"
"ENSG00000186329.9",42.9867614811987,-1.21603719789068,0.305709724872334,-3.97775111144567,6.95701358479772e-05,0.00169684874196828,"TMEM212"
"ENSG00000186340.16",4802.64308491802,0.178066714929689,0.183918268078053,0.968183948177023,0.332952510067363,0.526527711854496,"THBS2"
"ENSG00000186350.12",3847.20237026017,-0.00757160305242251,0.076573428395452,-0.0988802932176434,0.92123331594906,0.95857672171184,"RXRA"
"ENSG00000186352.9",229.316304437206,0.208959841204622,0.111644902926213,1.87164694247371,0.0612554644424144,0.178298494289325,"ANKRD37"
"ENSG00000186364.12",143.851954334364,0.0737365819514474,0.095057609407621,0.775704148368113,0.437923689935553,0.623361127411362,"NUDT17"
"ENSG00000186369.10",6.61798043382201,-0.322169839344647,0.212086891907304,-1.51904644576269,0.128750805458298,0.28805191627734,"LINC00643"
"ENSG00000186376.15",870.52147894809,-0.267215445549645,0.069142469075207,-3.86470788682701,0.000111222227320762,0.00237533057212623,"ZNF75D"
"ENSG00000186377.8",695.371882513028,-0.517906302270306,0.182190727673675,-2.84266004578421,0.00447387624121617,0.0310503985196602,"CYP4X1"
"ENSG00000186395.8",1238.65882891856,0.209977233848053,0.097818083756405,2.14660956118254,0.0318243780934353,0.115191239385164,"KRT10"
"ENSG00000186399.10",13.0079468245559,-0.226229336077596,0.128283585840031,-1.76350960722055,0.0778145783795013,0.207838712187495,"GOLGA8R"
"ENSG00000186407.7",253.967426986573,0.375502615426455,0.159281120221916,2.35748351658559,0.0183992721388158,0.0807380181221845,"CD300E"
"ENSG00000186409.18",276.482823756664,-0.496728900853696,0.121148374200191,-4.10016976400262,4.12847175376559e-05,0.00114350424374474,"CCDC30"
"ENSG00000186416.17",541.3692916582,-0.0227739858195664,0.0552045802489494,-0.412537976321264,0.679945151506592,0.811988017113561,"NKRF"
"ENSG00000186417.14",428.760259248715,-0.0677686361205493,0.178872853105165,-0.378864846979917,0.704788229629208,0.828273646431247,"GLDN"
"ENSG00000186431.19",38.7930047778398,0.324213372724812,0.188716190364928,1.71799447677419,0.0857976227167937,0.221688805053179,"FCAR"
"ENSG00000186432.10",4574.78208595717,0.086579778727646,0.0574814988631917,1.50621992188668,0.132010726931798,0.292514684308841,"KPNA4"
"ENSG00000186439.14",11.8047379749942,0.241734017742849,0.390672084886922,0.618764501212873,0.53607151111987,0.704874755912868,"TRDN"
"ENSG00000186442.7",10.255284600743,-0.0858814516517647,0.277394522534073,-0.309600387445342,0.756864861621302,0.862482815070966,"KRT3"
"ENSG00000186446.12",163.709994698232,-0.110534461495358,0.0916755579507103,-1.20571353985964,0.227927962505251,0.413785138540123,"ZNF501"
"ENSG00000186448.15",717.410880679261,-0.108453859838372,0.0511644123279568,-2.1197128023908,0.034030272679931,0.120323902754136,"ZNF197"
"ENSG00000186451.2",30.7265270172726,0.0279435369288537,0.133459470974096,0.209378448190293,0.834152815755485,0.909763797908254,"SPATA12"
"ENSG00000186452.11",2.32900786449082,-0.330075356628272,0.233184323396805,-1.41551263747087,0.15691824576786,0.326799908719519,"TMPRSS12"
"ENSG00000186453.13",18.8012350458513,0.533147090209259,0.212187160232085,2.5126265398251,0.0119836119559515,0.0604225947068747,"FAM228A"
"ENSG00000186462.9",107.525431839145,-0.220631316978199,0.158714093079018,-1.39011799581247,0.164493049496328,0.336247749547569,"NAP1L2"
"ENSG00000186466.5",3.14502991157418,0.0516381947793202,0.268225883926006,0.192517567743631,0.847336808220351,0.917231901290159,"AQP7P1"
"ENSG00000186468.13",4591.4445190968,0.123223841128388,0.0874096401603538,1.40972827370451,0.158619932805613,0.328861530160362,"RPS23"
"ENSG00000186469.8",761.102442327255,-0.0096143379146395,0.0984252439800594,-0.097681626439121,0.922185105751612,0.958937712021377,"GNG2"
"ENSG00000186470.14",3042.63106050998,0.124068595882696,0.0935411999246444,1.32635240923405,0.18472299463331,0.362381866733062,"BTN3A2"
"ENSG00000186471.13",38.7569812108154,-1.02557817675703,0.272936249876348,-3.7575740753442,0.000171568586879154,0.00321388632785963,"AKAP14"
"ENSG00000186472.20",530.060940210215,-0.402140394366939,0.139989592420003,-2.87264494034969,0.00407051311456011,0.029143998521086,"PCLO"
"ENSG00000186474.15",314.197013016021,-1.49140752609144,0.395309621659781,-3.77275797090264,0.000161452890938197,0.00307684665026067,"KLK12"
"ENSG00000186479.5",75.5201120468139,0.0812230792473568,0.187410774433655,0.433395996002942,0.664727108882042,0.801773397040678,"RGS7BP"
"ENSG00000186480.13",2721.30101435886,-0.00150617512807308,0.0953758768554361,-0.015791992459016,0.987400336733571,0.993666255934062,"INSIG1"
"ENSG00000186481.16",49.0726313328841,0.229083110827226,0.19563923535659,1.17094666828808,0.241620214839698,0.429815383203545,"ANKRD20A5P"
"ENSG00000186487.20",3.40018986361874,0.785380817346954,0.292436671635841,2.68564408476429,0.00723901551345874,0.0430330900032785,"MYT1L"
"ENSG00000186493.13",429.240451910397,-0.303129898347655,0.208579791246217,-1.45330425606682,0.14613929613988,0.31204563791592,"C5orf38"
"ENSG00000186496.12",198.602936082971,-0.280512178926778,0.0907065640138858,-3.09252347915897,0.00198462533430687,0.0178097388827705,"ZNF396"
"ENSG00000186501.14",1796.96789066469,0.0348804460331635,0.0604609321459669,0.576908836750216,0.564001040766283,0.726956509881218,"TMEM222"
"ENSG00000186510.12",36.0137453928087,0.313417985908536,0.195846565081731,1.60032414036846,0.109526694203294,0.259092811575264,"CLCNKA"
"ENSG00000186517.14",1991.18200865176,-0.13875602346564,0.104440670090642,-1.32856312914515,0.183992143178312,0.361459280275892,"ARHGAP30"
"ENSG00000186522.15",2981.10955008061,0.141397744199957,0.0798878402213044,1.76995327209071,0.076734925280545,0.205993861261505,"SEPTIN10"
"ENSG00000186523.14",44.1137348832638,0.00973615560802838,0.132567043263778,0.0734432583568727,0.94145339532775,0.96931969821712,"FAM86B1"
"ENSG00000186526.13",1.43741444661521,-0.681739189793264,0.439342334801718,-1.55172660540657,0.12072765387488,0.275839373536536,"CYP4F8"
"ENSG00000186529.16",461.134661667474,-0.62371290963341,0.310727600059425,-2.00726588019258,0.0447213601147314,0.145037520240294,"CYP4F3"
"ENSG00000186532.12",587.820618081143,-0.0802241416302888,0.0542726174418586,-1.47816975505616,0.139362347103962,0.302325576473069,"SMYD4"
"ENSG00000186564.6",75.2019745559847,0.310958873075826,0.117305264342826,2.65085181656506,0.00802890588294666,0.0462883314720937,"FOXD2"
"ENSG00000186566.13",2801.65134370304,-0.108495510000361,0.05140771687554,-2.11049073163534,0.0348161086642687,0.122254219233274,"GPATCH8"
"ENSG00000186567.13",373.873753176046,0.421049576698909,0.124558920248227,3.38032455531745,0.000724002810591766,0.00877474538515896,"CEACAM19"
"ENSG00000186575.19",2036.19432162858,0.020132200816952,0.0718609878595046,0.280154801883777,0.779358741509461,0.877394602545379,"NF2"
"ENSG00000186577.14",1022.25210699628,0.224958916214171,0.0954683869657148,2.35637076695304,0.0184544877367273,0.080874721629441,"SMIM29"
"ENSG00000186583.12",14.6297481071894,0.0203451924117795,0.118026914347693,0.172377567643979,0.863140706623636,0.927104902104166,"SPATC1"
"ENSG00000186591.13",8417.28805432492,0.0399250700746386,0.0591645648274452,0.674813888872182,0.499794015166345,0.676397544418921,"UBE2H"
"ENSG00000186594.14",1017.58546388245,-0.132129741732656,0.106247711529163,-1.24360082519413,0.21364651233468,0.396550891183504,"MIR22HG"
"ENSG00000186603.6",108.957446383324,0.255810113164471,0.208355178757187,1.22775980270971,0.219537149518065,0.403792625761281,"HPDL"
"ENSG00000186615.11",89.6497224403154,0.0326788120945821,0.101075911605015,0.323309595487839,0.7464607877608,0.855752866875118,"KTN1-AS1"
"ENSG00000186625.14",575.118311954469,-0.067518747260436,0.0499272275462751,-1.35234321188486,0.176265546890934,0.351865262779702,"KATNA1"
"ENSG00000186628.12",7.9676997381676,-0.10968937354907,0.19431668646671,-0.564487669811426,0.572422289247388,0.733099525923731,"FSD2"
"ENSG00000186635.14",4481.64266143578,-0.0837316055693905,0.0682706485979692,-1.22646565235476,0.220023493191933,0.404486038588571,"ARAP1"
"ENSG00000186638.16",252.940100683702,-0.00617564319261263,0.102667162723575,-0.0601520781210267,0.95203451267701,0.974790840532999,"KIF24"
"ENSG00000186642.16",331.893063608577,-0.0148949265041181,0.132681780759343,-0.112260526041133,0.910616839560357,0.952318856341016,"PDE2A"
"ENSG00000186645.10",3.41843478605346,-0.443604503512446,0.282439276025526,-1.57061903625739,0.116271165522497,0.269251715070904,"SPDYE17"
"ENSG00000186648.15",113.10441009696,-0.695095389342333,0.166178646651837,-4.182820135722,2.87915172627924e-05,0.000865122729449591,"CARMIL3"
"ENSG00000186652.10",5.23821930494795,-0.662902828680694,0.214031160764843,-3.09722577923608,0.00195341032297614,0.0176055468009867,"PRG2"
"ENSG00000186654.21",384.637660655902,0.210213278426849,0.0872124233743213,2.41035933062655,0.0159368156869866,0.0732952624211692,"PRR5"
"ENSG00000186660.15",3349.33642705111,-0.0244305215774512,0.0472513617504648,-0.517033174757358,0.605133000718526,0.758260740383222,"ZFP91"
"ENSG00000186665.10",578.239175301008,0.178549575308012,0.0850787339672456,2.09863930717107,0.0358487085923352,0.124961894583249,"C17orf58"
"ENSG00000186666.6",176.960743466144,-0.0231404147687266,0.0669726921669771,-0.345520151870745,0.729703363050144,0.845038577551513,"BCDIN3D"
"ENSG00000186675.7",14.1144618435678,-0.0795286598619589,0.242019169117408,-0.328604796686076,0.742454422015482,0.853232304766203,"MAGEE2"
"ENSG00000186676.3",48.3045440239859,0.0400070326281673,0.238102168064143,0.168024646534885,0.8665638895941,0.928693690619359,"EEF1GP1"
"ENSG00000186684.14",193.901333464776,0.205564474710861,0.20573028827575,0.99919402453436,0.317700709980952,0.511470490202894,"CYP27C1"
"ENSG00000186687.16",671.315544814134,-0.0526605403051269,0.0641597707027702,-0.820771953021541,0.411776177111836,0.600809197325986,"LYRM7"
"ENSG00000186704.9",4.69462375047443,0.04021010323687,0.20208183318115,0.198979307560145,0.842278931110189,0.914194185742046,"DTX2P1"
"ENSG00000186710.11",83.8801090654425,-0.937390312003352,0.232092770539774,-4.03886045146206,5.3711506413994e-05,0.00139269251015662,"CFAP73"
"ENSG00000186714.12",7.40503549766197,-0.529301915140503,0.174428411227898,-3.03449370096565,0.00240939786836523,0.0203749258906486,"CCDC73"
"ENSG00000186715.11",339.550355889995,-0.865550287489654,0.211215390357456,-4.09795084546073,4.16823764724505e-05,0.00115095940457677,"MST1L"
"ENSG00000186716.21",5156.42451618216,0.0368048923657413,0.076552121106804,0.480782136844933,0.630671347292367,0.776969657799332,"BCR"
"ENSG00000186723.4",9.00116803811931,-0.0983424876772067,0.314312214861365,-0.312881533161488,0.754370668098365,0.860760252690344,"OR10H1"
"ENSG00000186732.14",2.3037732484754,-0.84818546954996,0.296822261242044,-2.85755342608318,0.00426920757816304,0.0300623366962314,"MPPED1"
"ENSG00000186743.2",3.54000691533894,-0.768792413414902,0.289591594634361,-2.65474698734119,0.00793679133095593,0.0459011424787489,"TPI1P3"
"ENSG00000186765.12",95.8328262827285,-0.076376490926571,0.139507577670967,-0.547471988272261,0.584054509896892,0.742257769897211,"FSCN2"
"ENSG00000186766.8",7.08572084218923,-0.823901442962476,0.242308949619124,-3.40021053393832,0.000673339869104131,0.00829663370173347,"FOXI2"
"ENSG00000186767.7",504.586630244336,0.173250822739295,0.0953631546735497,1.81674802320008,0.0692557047701302,0.192819048244852,"SPIN4"
"ENSG00000186777.12",20.1569635991191,-0.184343631564816,0.214610164605501,-0.85896971331101,0.3903572257069,0.581298548142824,"ZNF732"
"ENSG00000186787.9",72.3517649808067,-0.0213632548807073,0.072145734254916,-0.296112515886573,0.767144156087223,0.86940356777955,"SPIN2B"
"ENSG00000186790.6",3.99518166928702,1.02103663930931,0.267627657504527,3.81513872231998,0.000136106451112868,0.00275464563945333,"FOXE3"
"ENSG00000186792.17",137.355102228904,0.271461684403209,0.100036541609304,2.71362524169829,0.00665514064046344,0.0407297053939245,"HYAL3"
"ENSG00000186806.5",367.713916696309,0.110521677344562,0.174555878852872,0.633159295870623,0.526629623626786,0.69791736563198,"VSIG10L"
"ENSG00000186810.8",288.154855268324,-0.0701107388872139,0.139862395319686,-0.501283699074084,0.616171475851372,0.766370178777635,"CXCR3"
"ENSG00000186812.13",1316.15057557026,-0.325978634054099,0.0856345279529064,-3.80662615707261,0.00014087544619156,0.00281185025782711,"ZNF397"
"ENSG00000186814.14",836.449478658506,-0.181912011685823,0.0852081139684977,-2.13491419083724,0.0327680199522339,0.117345389558447,"ZSCAN30"
"ENSG00000186815.13",3790.80792089298,-0.0338991690214812,0.0721318318838393,-0.469961293594653,0.638382671633122,0.781873755166153,"TPCN1"
"ENSG00000186818.12",1557.29357814667,0.0552621519375266,0.140419078561491,0.393551592160084,0.693912126548164,0.821156480741026,"LILRB4"
"ENSG00000186827.11",245.389429809156,0.0734230357192346,0.113699441481116,0.645764260253022,0.518432037088193,0.691894668814749,"TNFRSF4"
"ENSG00000186832.9",634.391280711392,0.244114452992536,0.300890226410371,0.811307352534604,0.417189188746588,0.605664644579028,"KRT16"
"ENSG00000186834.4",2293.89389956171,0.09701150581274,0.0720250650691743,1.3469131297496,0.17800821235486,0.353985629789175,"HEXIM1"
"ENSG00000186838.13",1.26014413438336,-1.75839848616695,0.479621689088318,-3.66621970226028,0.000246162459687763,0.00419635779333573,"SELENOV"
"ENSG00000186847.6",132.112043592807,-0.730710355202221,0.310692462281937,-2.35187667520282,0.0186789667209105,0.0815510221492657,"KRT14"
"ENSG00000186854.11",381.443274014816,0.0180867063845003,0.152098144458637,0.118914707663768,0.905342929412478,0.949789889677946,"TRABD2A"
"ENSG00000186862.20",89.3953928177037,0.0191354784958732,0.129418994505076,0.147856800843269,0.882455781327006,0.937383725321983,"PDZD7"
"ENSG00000186866.17",1300.50504405769,0.0220007295865089,0.0624792133792852,0.352128786464574,0.724741680735016,0.841987115773141,"POFUT2"
"ENSG00000186867.11",2.77113541027027,-0.490943453546478,0.322031662099518,-1.52451920517915,0.12737906305574,0.286097697749527,"QRFPR"
"ENSG00000186868.16",183.509926590971,-0.371597997607507,0.166105312632688,-2.23712289340936,0.0252783090793449,0.0992207904006873,"MAPT"
"ENSG00000186871.7",218.530894357184,0.243346928665513,0.143436337140644,1.69655007591907,0.0897817552322248,0.22833274592823,"ERCC6L"
"ENSG00000186889.10",178.195447396556,0.0479149794434547,0.0931569252944892,0.514346939768408,0.607009449209929,0.759892301427956,"TMEM17"
"ENSG00000186891.14",374.741304422596,0.12347248100556,0.163199497883118,0.756573902537309,0.449305181396271,0.633338054015109,"TNFRSF18"
"ENSG00000186897.5",6.43672157608406,-0.712478555247352,0.264889148301723,-2.68972345532178,0.00715112525975041,0.0427883595689283,"C1QL4"
"ENSG00000186907.8",446.207878478978,-0.535039621367873,0.188346182547447,-2.84072453251389,0.00450111742791506,0.0311874510983509,"RTN4RL2"
"ENSG00000186908.14",1422.82163018064,-0.191886299459198,0.0641819260893066,-2.9897248517004,0.00279228848386393,0.0225257234052052,"ZDHHC17"
"ENSG00000186910.4",2.99970671717677,-0.364772643292743,0.407983330515494,-0.894087125647625,0.371275277060793,0.563522580313881,"SERPINA11"
"ENSG00000186912.6",7.90630017130875,-0.253208457203043,0.213262231617202,-1.18731036097167,0.235105222757996,0.422301493460047,"P2RY4"
"ENSG00000186918.14",1892.27264583199,-0.0403573606516798,0.0665948519132629,-0.606013220124637,0.544505974527355,0.711776567982223,"ZNF395"
"ENSG00000186919.13",9.42773355345857,0.018028529328375,0.185882840815585,0.0969886690415993,0.922735392819627,0.959330151239542,"ZACN"
"ENSG00000186940.6",140.770964033695,0.590286860610793,0.161546476156598,3.65397546671701,0.000258210951065188,0.00432370310919086,"CHCHD2P9"
"ENSG00000186951.16",1261.73052051104,0.0902255642285861,0.0671360189934273,1.34392187057471,0.178973652909999,0.354996321502664,"PPARA"
"ENSG00000186952.15",107.934657257086,-0.902713360688465,0.202444928109614,-4.45905644126431,8.23212434343472e-06,0.000346488136240167,"TMEM232"
"ENSG00000186960.12",0.902786733230883,-0.743950913409218,0.532955732008224,-1.39589626066305,0.162745736871266,0.334153180243913,"LINC01551"
"ENSG00000186973.11",177.111572066638,-0.645855303403888,0.221775744134473,-2.91219991584055,0.00358892857784764,0.0267306933204209,"FAM183A"
"ENSG00000186976.15",130.206975365495,-0.536894662511329,0.142727925259722,-3.76166515091101,0.000168785916099439,0.00317901573028568,"EFCAB6"
"ENSG00000186994.11",278.503192249681,-0.144712489329511,0.168991860929964,-0.856328160025909,0.391816289264301,0.582588527465338,"KANK3"
"ENSG00000186998.16",505.798713409805,-0.075723052504975,0.116342623238397,-0.650862516223406,0.515135240027374,0.689352367307021,"EMID1"
"ENSG00000187010.21",29.8282526204153,-0.225656899804314,0.185338237190273,-1.21754098466281,0.22339845268704,0.408076631477539,"RHD"
"ENSG00000187013.4",31.0797933682296,0.0131432642194323,0.133327436111852,0.0985788417052144,0.92147267005302,0.958675966503396,"LINC02875"
"ENSG00000187017.17",627.78976754297,-0.113363194019496,0.173837621544041,-0.652121174994193,0.514323004982599,0.688648220338524,"ESPN"
"ENSG00000187021.15",1.56736737043388,-0.372803125522641,0.350619021039848,-1.06327125213287,0.287658958178273,0.480127967213429,"PNLIPRP1"
"ENSG00000187024.15",6.2409764908559,-0.28346614084994,0.151083603496202,-1.87622041234319,0.0606250202806529,0.176974028952545,"PTRH1"
"ENSG00000187037.8",53.2430414112316,-0.390427832941455,0.142331187022533,-2.74309405485142,0.00608632498107834,0.0383761731215008,"GPR141"
"ENSG00000187045.19",567.748106772096,0.265080454546047,0.237678516130743,1.11528992549007,0.264726201194929,0.456399431224835,"TMPRSS6"
"ENSG00000187048.13",7.44422201195324,-0.520938930558782,0.278959335761038,-1.86743680449909,0.0618406141828462,0.1792807008002,"CYP4A11"
"ENSG00000187049.10",686.431152916771,0.0475374181783229,0.0658530032121684,0.721871681769235,0.470373373191103,0.65135187508077,"TMEM216"
"ENSG00000187051.9",2427.87920651731,0.218714700598395,0.0852353058935932,2.56601062559024,0.0102875676719968,0.0546956228846677,"RPS19BP1"
"ENSG00000187054.16",6.8588664392921,-0.522331829783088,0.336474677760204,-1.55236594105705,0.120574688062899,0.275669076341032,"TMPRSS11A"
"ENSG00000187066.8",4.31900304595311,-0.278890350129053,0.143356980695358,-1.94542566937645,0.0517237677826915,0.159241668280853,"TMEM262"
"ENSG00000187068.3",148.836517944999,-0.131764403625755,0.142835650685318,-0.922489609516651,0.356273247642883,0.549673536019951,"C3orf70"
"ENSG00000187079.20",4240.99931813012,-0.00749760105531774,0.0750031337371723,-0.0999638372656669,0.920373035276882,0.957937602386262,"TEAD1"
"ENSG00000187091.14",805.300910618688,0.0461576514840478,0.0992563458544664,0.465034765149686,0.641906560684978,0.784602214732542,"PLCD1"
"ENSG00000187094.12",13.2178446277844,0.643620470732265,0.31861565000613,2.02005290926507,0.0433778997011098,0.142115766064657,"CCK"
"ENSG00000187097.13",1099.58891431876,-0.0276592938008249,0.0730474037677758,-0.378648553872719,0.704948861429663,0.828328596159306,"ENTPD5"
"ENSG00000187098.17",781.720501582638,0.0431613053166953,0.106998336021563,0.403382958291962,0.686666521570677,0.816663385069766,"MITF"
"ENSG00000187105.9",46.5426500542975,-0.197953947756772,0.12064024358914,-1.64086163843415,0.100826139739887,0.245541999148568,"HEATR4"
"ENSG00000187109.15",15575.2721969203,-0.00849354134829391,0.0539990358814906,-0.157290611020062,0.875015819477383,0.933266111736682,"NAP1L1"
"ENSG00000187116.14",211.294771694386,0.34123797560965,0.151101837461289,2.25833107884657,0.0239250260698791,0.0956799871404788,"LILRA5"
"ENSG00000187118.14",714.724072407146,0.131310375926591,0.0698292812795384,1.88044862442352,0.0600469619649799,0.175826165760781,"CMC1"
"ENSG00000187122.17",70.2471667654423,-0.210496596824374,0.173425439185768,-1.21375847633805,0.224839966998328,0.40983285087738,"SLIT1"
"ENSG00000187123.15",99.9058487047933,0.176405412592835,0.204542495287443,0.862438938886186,0.388446020692414,0.579557931625755,"LYPD6"
"ENSG00000187134.14",11890.3551536967,0.14956437837684,0.297668004455296,0.502453660246515,0.615348441153387,0.765852166425263,"AKR1C1"
"ENSG00000187140.6",9.55775218133579,0.00811421554716707,0.292354422236868,0.0277547214271069,0.977857779103184,0.988937394887069,"FOXD3"
"ENSG00000187144.11",3.70434977482686,-0.465833715338113,0.256504666283313,-1.81608281084287,0.069357670067138,0.192957683763362,"SPATA21"
"ENSG00000187147.18",1944.73072847988,0.0206147791849713,0.0495643897381887,0.415919156754753,0.677469161077671,0.810659554316892,"RNF220"
"ENSG00000187151.7",11.1495749601654,-0.224907308011913,0.205622325199066,-1.09378837047085,0.274047805777107,0.466646562895725,"ANGPTL5"
"ENSG00000187164.20",2819.71646386684,0.0932130998923415,0.083048322989954,1.12239593210831,0.261694133311732,0.453166689917169,"SHTN1"
"ENSG00000187166.1",2.70828496665874,-0.3905628330395,0.220536558668751,-1.77096638941452,0.0765662910508261,0.205665768205423,"H1-7"
"ENSG00000187172.15",5.42505768276814,0.250357642399172,0.696261915274837,0.359573943234203,0.71916577227667,0.838757714975907,"BAGE2"
"ENSG00000187185.4",100.32608958671,0.259748114353486,0.190831972778972,1.36113519433316,0.17347096936035,0.348501628223155,"AC092118.1"
"ENSG00000187187.14",221.219925498218,-0.182582193211687,0.101584556317919,-1.79734203534126,0.0722813367714212,0.198328494478243,"ZNF546"
"ENSG00000187189.11",1076.99563915871,-0.124382575751756,0.0656713242623124,-1.89401656124569,0.0582228116664462,0.171982261450714,"TSPYL4"
"ENSG00000187193.9",417.376094357308,0.354876089849494,0.153297003846722,2.31495776789171,0.0206152434057062,0.0868788985704022,"MT1X"
"ENSG00000187210.14",1047.40974526872,0.128237022576521,0.132964218627601,0.964447607785979,0.334821563551948,0.528333662774971,"GCNT1"
"ENSG00000187229.3",3.14678415483194,-0.344900741947839,0.49254251305696,-0.700245629168568,0.483773920286464,0.663001075540166,"AC100800.1"
"ENSG00000187231.14",2751.34174472834,-0.10751343684437,0.0846672112806966,-1.26983557410355,0.204143206031896,0.385247690648447,"SESTD1"
"ENSG00000187239.17",2571.52543511224,-0.0674526261767528,0.0722344113516106,-0.93380183924277,0.350406120603547,0.544050318204258,"FNBP1"
"ENSG00000187240.16",773.604252576646,-0.525812785452225,0.135000716655299,-3.89488884562588,9.82437714350218e-05,0.00217764972196151,"DYNC2H1"
"ENSG00000187242.6",5.57756710140605,-0.20304884120091,0.238561926888778,-0.851136825766732,0.394693350891552,0.585350159527482,"KRT12"
"ENSG00000187243.16",2.81538571541733,0.052522078225274,0.266292340153268,0.19723465644954,0.843643911328424,0.915049250361857,"MAGED4B"
"ENSG00000187244.12",15075.9298908532,-0.368905413241348,0.137258163711001,-2.68767556892342,0.00719512662745683,0.042929632761276,"BCAM"
"ENSG00000187257.16",1923.78324514066,-0.125193599070445,0.0560622783471083,-2.23311650474339,0.0255412624760379,0.099832905223938,"RSBN1L"
"ENSG00000187258.14",11.9779126348206,1.09435812594796,0.2817944456303,3.88353334466963,0.000102949406034991,0.0022429035103023,"NPSR1"
"ENSG00000187260.16",334.903286025662,-0.221269482745288,0.18008580573603,-1.22868918980558,0.219188360819278,0.403373948192816,"WDR86"
"ENSG00000187266.14",581.169651686688,-0.128909407747438,0.0948156241292328,-1.35957980481926,0.173962932480318,0.349131828987113,"EPOR"
"ENSG00000187268.12",2.91366973825493,0.887088783131353,0.318233147422587,2.78754363056144,0.00531093021318643,0.034896579125724,"FAM9C"
"ENSG00000187288.12",12.556040403693,1.56313941098459,0.288991705264211,5.40894213401553,6.33981081921499e-08,9.90945171850351e-06,"CIDEC"
"ENSG00000187323.12",89.565348520204,-0.388688027638869,0.192284949121814,-2.0214168057045,0.0432366364589317,0.1418483777717,"DCC"
"ENSG00000187325.5",1229.98170924556,-0.158618838207879,0.0664275230152358,-2.38784815401739,0.0169473423046371,0.0764055221382481,"TAF9B"
"ENSG00000187372.11",189.602048523359,0.139949249403065,0.139174540005288,1.00556645919395,0.314624165072035,0.508706829573273,"PCDHB13"
"ENSG00000187391.22",416.115788695903,-0.106235518160923,0.111747641861429,-0.95067346738877,0.34177016110984,0.535008180074755,"MAGI2"
"ENSG00000187398.12",55.2659963182389,-0.614338216428061,0.234359694625513,-2.62134757177304,0.00875829184213731,0.0491169201026879,"LUZP2"
"ENSG00000187416.12",56.9831667569147,-0.802309336386643,0.25993164638903,-3.08661660683616,0.00202448525391261,0.0180072635742753,"LHFPL3"
"ENSG00000187446.12",7397.74623107668,0.10386355080128,0.08745871559309,1.18757233166463,0.235001943887346,0.422267123104891,"CHP1"
"ENSG00000187474.5",1725.91483869188,-0.0467919325355746,0.119468469276248,-0.391667632631814,0.695303808513324,0.822128220101323,"FPR3"
"ENSG00000187475.6",2.642656380978,0.0369799294831138,0.285249118880006,0.129640819324213,0.896850606596967,0.94521151806723,"H1-6"
"ENSG00000187479.8",1168.99030634081,-0.13231245045953,0.158039186519147,-0.837212930373446,0.402472890582762,0.59227498078249,"C11orf96"
"ENSG00000187486.5",260.074859683402,-0.207652576435975,0.16761389822704,-1.23887445273005,0.215391996018175,0.39872369882864,"KCNJ11"
"ENSG00000187492.9",140.194866782293,-0.931007559359286,0.25202523187356,-3.69410456420637,0.000220662992257774,0.00386863243877728,"CDHR4"
"ENSG00000187498.16",20418.4329943076,0.290845035899436,0.107093457497996,2.71580582693279,0.00661146815549743,0.0405265129613914,"COL4A1"
"ENSG00000187510.10",125.009704259941,-0.84727271446182,0.176943039080858,-4.78839246156861,1.68122614522258e-06,0.000109536324956743,"PLEKHG7"
"ENSG00000187513.9",470.682884439907,0.143380913934637,0.123589227745649,1.16014086785719,0.245991457458073,0.435110138164579,"GJA4"
"ENSG00000187514.17",30560.3176013848,0.118991296401504,0.0628939293022572,1.89193611723085,0.058499492888722,0.172600462313384,"PTMA"
"ENSG00000187522.16",658.92242595624,-0.00434072225325212,0.0763804384343141,-0.0568302872074382,0.95468038721603,0.976595870419053,"HSPA14"
"ENSG00000187527.11",32.9469277014731,-0.0303532683168704,0.216079971799051,-0.140472381887842,0.888286772169049,0.940490745931759,"ATP13A5"
"ENSG00000187531.14",1419.6532098231,0.0891909075983339,0.0801835233586044,1.11233460270193,0.265994311361684,0.457621878092288,"SIRT7"
"ENSG00000187534.6",76.5616696380021,0.0871432383531324,0.0971018868684107,0.897441246133827,0.369483511640273,0.562084283894887,"PRR13P5"
"ENSG00000187535.14",1527.64063769952,-0.115302389679871,0.0913803663508621,-1.26178515456109,0.207026105483228,0.388606456306421,"IFT140"
"ENSG00000187546.14",28.5089882608086,0.414458450611076,0.224415541903999,1.84683488092983,0.0647710748500675,0.18467272372898,"AGMO"
"ENSG00000187550.9",5.67490106300582,-0.703191857970329,0.25452597305917,-2.76275088753656,0.00573164931129617,0.0367847622001124,"SBK2"
"ENSG00000187553.10",3.03257483778147,0.540497771067344,0.21778670515094,2.48177578467311,0.0130729505075075,0.0641470510311641,"CYP26C1"
"ENSG00000187554.14",561.729237489709,-0.181779391332788,0.0971104977180149,-1.87188198603029,0.0612229323066873,0.178250554025933,"TLR5"
"ENSG00000187555.16",5105.27644585943,0.0167724960121508,0.0462193751481152,0.362888852529949,0.716687914345943,0.836835504237347,"USP7"
"ENSG00000187556.7",20.0975037469253,-0.146473509562245,0.129868909896994,-1.12785661848105,0.259380477441727,0.450401827333617,"NANOS3"
"ENSG00000187566.6",206.583602017028,0.0531795275663858,0.0971231088180177,0.547547625004774,0.584002560651178,0.742220081377296,"NHLRC1"
"ENSG00000187569.3",0.942535357821621,0.00670125966690443,0.369652449074141,0.0181285412383684,0.985536309074591,0.992902630818265,"DPPA3"
"ENSG00000187581.3",1.76368565181092,0.906459741241001,0.284513357812921,3.18600064407884,0.00144254276110437,0.0141671316063268,"COX8C"
"ENSG00000187583.11",326.899852944267,0.244933431960137,0.148836417509837,1.64565525063077,0.0998347570394874,0.244127694903831,"PLEKHN1"
"ENSG00000187595.16",112.558146332564,-0.0728747121963637,0.127457207329006,-0.571758268704664,0.567485752764575,0.729314524663972,"ZNF385C"
"ENSG00000187601.5",992.240703672624,-0.0928844596622583,0.0924426731800615,-1.00477903187997,0.315003262633542,0.509023133662986,"MAGEH1"
"ENSG00000187605.15",1661.33835797797,-0.0419897486884935,0.0763507471614133,-0.549958582588889,0.582347781593508,0.740682483671785,"TET3"
"ENSG00000187607.16",182.58128494382,0.0204684026600562,0.0807131340912447,0.253594447675852,0.799808886557479,0.889766340099513,"ZNF286A"
"ENSG00000187608.10",4153.49334729232,0.348256492173742,0.163160571635296,2.13444025528533,0.0328067593302821,0.117432043692407,"ISG15"
"ENSG00000187609.16",547.675521317753,-0.0243492495398216,0.0858343499515593,-0.283677217262822,0.776657755770839,0.875449169246971,"EXD3"
"ENSG00000187616.5",2.52189002279934,-0.246696856485062,0.285714059765426,-0.863439680523958,0.387895770454676,0.578960905753262,"MYMK"
"ENSG00000187621.15",15.9113772779525,-0.784025070208955,0.2600268008458,-3.01517023498626,0.00256835057376543,0.021302465284597,"TCL6"
"ENSG00000187624.9",106.545022504743,-0.203311598524164,0.122688658206669,-1.65713442054021,0.0974923014903771,0.240578387817733,"C17orf97"
"ENSG00000187626.9",336.531002567441,-0.114746111527726,0.0585943801845827,-1.95831257479395,0.0501933461612818,0.156103416510748,"ZKSCAN4"
"ENSG00000187627.17",3.14537265257737,-0.730235214881471,0.233067331119228,-3.13315131457832,0.00172940262039209,0.0161915077167362,"RGPD1"
"ENSG00000187630.17",398.062668073647,0.0649719422780658,0.0764211963167868,0.850182219193996,0.395223785727392,0.585928017910766,"DHRS4L2"
"ENSG00000187634.12",181.889285013695,0.270735813479694,0.156700618974476,1.72772650964317,0.0840372684486758,0.218787361468702,"SAMD11"
"ENSG00000187642.9",11.4385274102527,-0.0189198996990127,0.175853064715262,-0.107589252024965,0.9143215231404,0.954692818378955,"PERM1"
"ENSG00000187650.4",226.374090615636,-0.0757139732360842,0.0577186600824725,-1.31177634976104,0.189595606932062,0.368294914615156,"VMAC"
"ENSG00000187653.11",264.061853797619,-0.0948370097747855,0.161528971823817,-0.587120741895307,0.557122617994526,0.721564069331649,"TMSB4XP8"
"ENSG00000187672.14",52.2307340968266,-0.219517753472134,0.132582326474979,-1.65570901724644,0.0977807603299754,0.240981186887695,"ERC2"
"ENSG00000187676.8",598.418566174393,-0.0188698481628888,0.077406087848964,-0.243777313739302,0.807403291362954,0.893957637377645,"B3GLCT"
"ENSG00000187678.10",3172.70024835081,-0.00323067786977528,0.117264857348331,-0.0275502647837507,0.978020849543316,0.988991750235041,"SPRY4"
"ENSG00000187682.2",3.43177002558424,0.0452706120657862,0.18677312489627,0.242382902202491,0.808483481513052,0.894533231545293,"ERAS"
"ENSG00000187686.4",4.33009856123492,-0.108916313406564,0.173306980546484,-0.628458894518394,0.529703366312559,0.700207026707061,"KRT18P59"
"ENSG00000187688.15",1253.40970678148,0.13289698869767,0.121839172544337,1.09075747908013,0.275379611109737,0.467972843606613,"TRPV2"
"ENSG00000187689.10",4.92912189655196,-0.440322947270073,0.296356480021461,-1.48578815363911,0.137335164564067,0.299514863152167,"AMTN"
"ENSG00000187690.4",2.70874434644701,-0.0127484658969446,0.312361856095345,-0.0408131327438817,0.967444869667273,0.983425196807295,"EZHIP"
"ENSG00000187699.10",169.289861797772,-0.318447006410862,0.137471301004241,-2.31646172026144,0.0205330721885871,0.0866972190709742,"C2orf88"
"ENSG00000187713.7",1420.0944057643,0.132024759678483,0.0555841628768977,2.37522259660325,0.0175383698997806,0.0783239368307705,"TMEM203"
"ENSG00000187714.7",7.43187546167172,-0.455177917293556,0.520134470319408,-0.87511584651184,0.381510875654577,0.572842717862618,"SLC18A3"
"ENSG00000187715.13",170.7274245933,-0.220184455212343,0.218906972238187,-1.00583573451816,0.314494594503237,0.508596130315066,"KBTBD12"
"ENSG00000187720.14",1133.52842309198,0.101268023417528,0.119567826694434,0.846950439906609,0.397022746170109,0.587564885011391,"THSD4"
"ENSG00000187726.9",94.1665401734777,-0.544092959390788,0.174562738457467,-3.11689060448235,0.00182769379787547,0.0168324784544034,"DNAJB13"
"ENSG00000187730.9",80.5164775056019,0.264506695459278,0.13764722144476,1.92162756852617,0.0546526371174816,0.165105492354819,"GABRD"
"ENSG00000187735.14",3958.50216731962,0.0339730247707914,0.0738496120821264,0.460029833779097,0.645494806540311,0.787282800093291,"TCEA1"
"ENSG00000187736.13",134.391020873444,0.0610440452785368,0.0712770143179363,0.856433814781374,0.391757867341841,0.582562272363123,"NHEJ1"
"ENSG00000187741.15",644.888252837314,0.0846950462330396,0.11243629245915,0.753271424916566,0.451286826417828,0.63489086464943,"FANCA"
"ENSG00000187742.15",2210.17833186349,-0.156049528828216,0.0570202086947708,-2.73674075209982,0.00620511720831264,0.0388175436332868,"SECISBP2"
"ENSG00000187753.13",6.41907629723579,0.105382797524604,0.178643820138768,0.589904523104935,0.555254661540702,0.720059729937077,"C9orf153"
"ENSG00000187758.8",7.80143627903508,-0.0359312297764469,0.256606942281685,-0.140024386935737,0.888640722218248,0.940775742966553,"ADH1A"
"ENSG00000187762.5",2.8841501098098,-0.952633351319609,0.252040841670634,-3.77967850371055,0.00015703098389296,0.00302023832856633,"HSPE1P11"
"ENSG00000187764.11",2311.27910847166,-0.0808207280346244,0.073204212192984,-1.1040447757509,0.269573714986514,0.461367649243964,"SEMA4D"
"ENSG00000187772.8",17.8683106915128,-0.905384758958127,0.642038747039097,-1.41017152490174,0.158489041671269,0.328656223255158,"LIN28B"
"ENSG00000187773.8",6.16121585948712,0.379108820789768,0.280314663743109,1.35244020318965,0.176234535694472,0.351839519694732,"DIPK1C"
"ENSG00000187775.17",273.452354492953,0.0457783817797612,0.124776777380763,0.366882225528761,0.713706870330363,0.834679818987509,"DNAH17"
"ENSG00000187778.14",2482.08934927331,0.0856189622582695,0.0636817331100775,1.34448228835532,0.178792480053272,0.354785336387926,"MCRS1"
"ENSG00000187783.12",16.3981925284717,-0.475892341013671,0.226955782576869,-2.09685047726196,0.0360068135793858,0.125355520704642,"TMEM72"
"ENSG00000187790.11",339.369014467723,-0.289730909259729,0.098029269808856,-2.95555510945522,0.00312106933076927,0.0243234459806417,"FANCM"
"ENSG00000187792.5",354.667989638528,-0.0825329694534349,0.0711825715426652,-1.15945473259513,0.246270878000846,0.43540693211988,"ZNF70"
"ENSG00000187796.15",272.084271844878,-0.0632574825118972,0.114762007636921,-0.551205785036702,0.581492614815414,0.7400188687378,"CARD9"
"ENSG00000187800.13",408.937053252483,-0.106944623710281,0.136083737029526,-0.785873654300641,0.431941510599779,0.617936950515574,"PEAR1"
"ENSG00000187801.15",113.97056584262,-0.247676002617092,0.105199687916532,-2.35434160996375,0.0185555496922595,0.081157372031581,"ZFP69B"
"ENSG00000187808.5",72.2686026209056,0.06632112339421,0.118557003596368,0.559402830557384,0.575886830036083,0.735778222030486,"SOWAHD"
"ENSG00000187815.10",252.930026402709,-0.04195551862873,0.0731756261087341,-0.57335373620701,0.566405208150531,0.728673001080244,"ZFP69"
"ENSG00000187821.8",2.95102581227553,-0.354362639839875,0.40681075504262,-0.87107490509377,0.383713255243393,0.575241597929498,"HELT"
"ENSG00000187824.9",203.022674937773,-0.0192907630581045,0.118599727152042,-0.162654362883771,0.870790581497651,0.930897544124289,"TMEM220"
"ENSG00000187837.4",2419.04180500325,0.044362772946657,0.153227173944399,0.289522881644705,0.772181272287364,0.87264871345089,"H1-2"
"ENSG00000187840.5",2088.91471038745,0.0742998426078457,0.143413897209398,0.518079795986303,0.604402596113823,0.757562519103136,"EIF4EBP1"
"ENSG00000187848.15",15.6917746949875,-0.750717823066637,0.225622647253445,-3.32731590647169,0.000876869055797645,0.0100390651563518,"P2RX2"
"ENSG00000187860.10",112.900307534102,-0.199785040675558,0.0859612638839597,-2.3241287022635,0.0201185971356881,0.0855202288538718,"CCDC157"
"ENSG00000187862.12",22.6501308492258,-0.471540213622324,0.179272769863722,-2.63029468435599,0.00853108832798288,0.0482462245122361,"TTC24"
"ENSG00000187866.10",939.801186014872,-0.0516238675487909,0.0518259804557068,-0.996100162406217,0.319201480977934,0.512936596493001,"FAM122A"
"ENSG00000187867.10",466.881393049243,-0.127343429783782,0.188025737602236,-0.677265949905083,0.498237230732075,0.675042205785333,"PALM3"
"ENSG00000187889.13",147.886763259917,-0.78670557053721,0.215306950625582,-3.65387911654226,0.000258307917105116,0.00432370310919086,"FYB2"
"ENSG00000187904.3",3.53992034263493,-0.508954473856643,0.253604578021589,-2.00688204379858,0.0447622242228631,0.145108931942725,"AC097382.1"
"ENSG00000187905.10",29.2368931448076,-0.648389423677201,0.276638647856441,-2.34381359474283,0.0190877084287762,0.0826596093547407,"LRRC74B"
"ENSG00000187908.20",8039.93911501263,-0.620362962828282,0.253561264839467,-2.44659989064592,0.0144210829905703,0.0684518272034585,"DMBT1"
"ENSG00000187912.12",41.856727560013,-0.609637025066942,0.171902866797276,-3.54640406192809,0.000390526909889559,0.0057288316114166,"CLEC17A"
"ENSG00000187918.5",0.986228414672404,-0.986625335723651,0.611650626072673,-1.61305374942333,0.106732830874795,0.2549687513552,"OR51I2"
"ENSG00000187922.14",3.60749975658273,-0.392883408353141,0.259037788189023,-1.51670306907674,0.12934166909196,0.288791643020496,"LCN10"
"ENSG00000187942.12",47.9819618334574,-0.166437126831404,0.12841470490676,-1.29609087177557,0.194944179471586,0.374504165584896,"LDLRAD2"
"ENSG00000187944.5",7.99443818486515,-0.363514387257135,0.161638518754028,-2.24893416531681,0.0245166849324687,0.0972054294934714,"C2orf66"
"ENSG00000187950.8",27.8966128291547,0.040377561318566,0.25848120429249,0.156210821707856,0.875866846963128,0.933755001311071,"OVCH1"
"ENSG00000187951.11",150.819134186784,0.0559578277850274,0.120428604632992,0.464655618617851,0.642178095638773,0.784818858310758,"AC091057.1"
"ENSG00000187952.9",15.5632486818833,0.0147843070347761,0.149672269750258,0.0987778635243859,0.921314644871051,0.958592547280027,"HS6ST1P1"
"ENSG00000187953.10",258.793128368764,-0.0563007896159546,0.0675568158835083,-0.833384298529359,0.404628027149515,0.594155202570847,"PMS2CL"
"ENSG00000187954.13",2267.12394085227,0.116362507335678,0.0773711555608777,1.50395204119862,0.132593715786712,0.293294087813236,"CYHR1"
"ENSG00000187955.12",2674.12195514774,-0.0902128362051789,0.15277985635333,-0.59047598524079,0.554871581252303,0.719731154970699,"COL14A1"
"ENSG00000187957.8",346.969451474076,0.937480868892109,0.233919485340831,4.00770747048352,6.13109950860354e-05,0.00153938684720918,"DNER"
"ENSG00000187959.9",3.33451598247717,-0.321871951020086,0.189790218048392,-1.69593540873649,0.0898981130304388,0.228471593673465,"CPSF4L"
"ENSG00000187961.14",431.772046897491,-0.0917384182355608,0.112153380403328,-0.81797283243402,0.413372700324921,0.602423659989692,"KLHL17"
"ENSG00000187980.7",56.9008021671585,0.175278365952285,0.161849208089455,1.08297326889241,0.278820288203141,0.471301982897399,"PLA2G2C"
"ENSG00000187984.13",34.6668530206416,-0.147532567312652,0.100447659030985,-1.46875067807347,0.141900426293666,0.306096338771221,"ANKRD19P"
"ENSG00000187987.9",43.8285640534693,-0.590364533305303,0.185007918622105,-3.19102305297091,0.00141769967883886,0.0139974719476815,"ZSCAN23"
"ENSG00000187994.14",564.163599005078,0.00413699562885946,0.092978416876749,0.0444941500170239,0.964510514970944,0.982392038881746,"RINL"
"ENSG00000187997.11",4.70293567011296,-0.0423547266421631,0.188349361275073,-0.224873216216043,0.822077906045784,0.902745554653417,"C17orf99"
"ENSG00000188000.5",3.97176039553299,0.768318961646875,0.234381217463009,3.27807394279849,0.00104518013037212,0.0113345869968987,"OR7D2"
"ENSG00000188001.10",243.224756200101,-0.125032370721301,0.140683251808379,-0.888750928871084,0.374136953577403,0.566033881461987,"TPRG1"
"ENSG00000188002.10",570.212847983981,-0.0367512065763137,0.121698654183872,-0.301985316294352,0.762663256607751,0.866435542467467,"AC026412.1"
"ENSG00000188010.15",620.597672495234,-0.0358378735802699,0.0823940842778906,-0.434956876993735,0.663593728817507,0.800878199576643,"MORN2"
"ENSG00000188011.5",7.03830305606076,-0.00728231505169111,0.205782790680604,-0.0353883579263633,0.971770067927455,0.985985459162794,"RTP5"
"ENSG00000188013.6",41.0160282210893,-0.134432625287438,0.162917855563317,-0.825155872710292,0.40928310228645,0.598767455820719,"MEIS3P2"
"ENSG00000188015.10",122.128890934385,0.488885592148806,0.170388282912227,2.86924419797486,0.00411453997049884,0.0293267778286915,"S100A3"
"ENSG00000188021.9",2627.88832219691,0.0749541122342042,0.0522797538615351,1.43371203377742,0.151654456685524,0.319558976356401,"UBQLN2"
"ENSG00000188026.13",393.586772727905,0.0665511209211581,0.0641691750843221,1.03711978272599,0.299680036639005,0.492654920986687,"RILPL1"
"ENSG00000188032.10",4.61745741059671,0.28876089792975,0.19952354447988,1.44725224625742,0.14782628844961,0.314045121080516,"C19orf67"
"ENSG00000188033.10",183.434698613676,-0.162086508577306,0.0640241256715603,-2.53164735757267,0.0113528103521766,0.0583916445319041,"ZNF490"
"ENSG00000188037.12",11.2841999154533,0.490193279660983,0.228522658772921,2.14505328396375,0.0319485869671727,0.115477614363053,"CLCN1"
"ENSG00000188039.16",269.631211423278,-1.34601103751023,0.233519042075031,-5.76403117086165,8.21282367432147e-09,2.00520950839792e-06,"NWD1"
"ENSG00000188042.8",4608.69474632679,0.1865992046143,0.103807755652894,1.79754589087004,0.072248999586576,0.198284225804622,"ARL4C"
"ENSG00000188050.3",12.4983925541375,-0.127448064452042,0.165880701339063,-0.768311584308628,0.442302094015738,0.627261996364708,"RNF133"
"ENSG00000188051.7",21.3314342616528,0.0446931312529073,0.129569713086339,0.344935017515444,0.730143224187515,0.845350186697065,"TMEM221"
"ENSG00000188056.12",14.7637497837928,-0.295685325736147,0.21938855013551,-1.34777008897461,0.177732341095622,0.353753980516324,"TREML4"
"ENSG00000188060.7",338.868808563263,0.076104713060225,0.119630444817043,0.636165093063188,0.524668822371336,0.696733241721865,"RAB42"
"ENSG00000188064.10",1709.67436235056,0.226098546856557,0.144099743639569,1.5690419784652,0.116638157915892,0.269725233833007,"WNT7B"
"ENSG00000188070.9",862.979752082393,-0.141306776669988,0.0766086432187532,-1.84452785916716,0.0651062495916909,0.185264670376802,"C11orf95"
"ENSG00000188089.13",218.784484476341,-0.185669882458983,0.234516238114974,-0.791714398761402,0.428527224690267,0.615405982470477,"PLA2G4E"
"ENSG00000188092.15",152.156317286891,-0.147854630460714,0.0770609088532278,-1.91867229002349,0.0550258204933136,0.165654638003788,"GPR89B"
"ENSG00000188095.6",48.5904882724429,-0.11744425496488,0.187470632076472,-0.626467482741365,0.531008358877675,0.701000756858718,"MESP2"
"ENSG00000188101.5",24.3043163638375,-0.846048562669472,0.338576367944253,-2.49884115600405,0.0124600146786199,0.0620419594389916,"ALOX15P2"
"ENSG00000188107.15",55.793013221397,-0.0235705578677859,0.164436147235177,-0.143341705969766,0.886020319298673,0.939398131013486,"EYS"
"ENSG00000188112.9",1620.65808844139,0.0791488721337608,0.094301658753169,0.839315799745686,0.401292119364791,0.59145904916671,"C6orf132"
"ENSG00000188124.3",4.85251427021427,0.263424400001663,0.230155743905851,1.14454845024168,0.252396256810154,0.442660726859846,"OR2AG2"
"ENSG00000188130.14",526.828622408612,0.184133492583046,0.117976713403245,1.56076133392253,0.118580073691218,0.272813654440033,"MAPK12"
"ENSG00000188133.6",19.6147733488133,-0.87668338726626,0.284210375455823,-3.08462837030568,0.00203806637046555,0.0180845798699119,"TMEM215"
"ENSG00000188152.13",14.9623534412851,0.101834791331141,0.128695326449451,0.791285854278008,0.428777201202878,0.61557910132158,"NUTM2G"
"ENSG00000188153.14",906.742600166552,0.00047618199229804,0.165083249032808,0.00288449612597221,0.997698508266915,0.998838563696599,"COL4A5"
"ENSG00000188157.15",16853.4020104052,0.243413365768449,0.107505325497602,2.2641982119656,0.0235619265170372,0.0946083219738368,"AGRN"
"ENSG00000188158.16",707.490783207615,-0.157808149836614,0.138775278011723,-1.13714886467951,0.255476059395278,0.446041451856258,"NHS"
"ENSG00000188162.12",3.97476935936824,-1.17684943725588,0.349932661289778,-3.3630740066339,0.000770796970678573,0.00915197701312472,"OTOG"
"ENSG00000188163.8",6.28795618631261,-0.361427472502286,0.213698163611359,-1.69129891616474,0.0907797269457993,0.230009851537785,"FAM166A"
"ENSG00000188167.9",130.407913306287,-0.102973330427181,0.0992691597550012,-1.03731441548736,0.299589349685898,0.49255447995519,"TMPPE"
"ENSG00000188171.16",468.683772957209,-0.391089350244218,0.155376512411695,-2.51704291835283,0.0118344412364249,0.0599594119008727,"ZNF626"
"ENSG00000188175.10",75.1036641998263,-2.55591465037229,0.294404943689107,-8.68162952138244,3.90138441070777e-18,1.29888791185694e-14,"HEPACAM2"
"ENSG00000188176.12",69.3040266389322,-0.06447329610882,0.175201761511905,-0.367994565536596,0.712877286383708,0.834091982002441,"SMTNL2"
"ENSG00000188177.14",780.588288478774,-0.279117839677089,0.0871033590414569,-3.2044440392275,0.00135323594061237,0.0135870951939811,"ZC3H6"
"ENSG00000188185.13",234.378584812098,-0.161149422740601,0.10453037844484,-1.54165157668151,0.123158284943086,0.279522038353683,"LINC00265"
"ENSG00000188186.10",2843.4375771093,0.143013385255184,0.0991844836342215,1.44189272369051,0.149332639214221,0.316227678244439,"LAMTOR4"
"ENSG00000188191.15",1051.63002447048,0.324126520182636,0.101266016084781,3.20074327710566,0.00137073601123108,0.0136675393896126,"PRKAR1B"
"ENSG00000188199.10",14.6476136937565,0.0826928839755754,0.138004650780834,0.599203602977849,0.549037120435389,0.715154071039639,"NUTM2B"
"ENSG00000188211.9",113.766918869996,-0.271522611896898,0.154058642454353,-1.76246270622143,0.0779911520699589,0.208224492852056,"NCR3LG1"
"ENSG00000188215.10",1048.40842728749,0.0156537934745708,0.0829679071186074,0.188672873864261,0.850349213239086,0.919297193024058,"DCUN1D3"
"ENSG00000188219.14",3.47714646486113,-0.059788944941683,0.222053033807952,-0.26925524914644,0.787733266851226,0.88230475629237,"POTEE"
"ENSG00000188227.13",324.015845025962,-0.239466616312029,0.121186503154601,-1.97601721378605,0.0481528276221849,0.1519751516843,"ZNF793"
"ENSG00000188229.6",12466.0955727696,0.118459989777986,0.0859326152990304,1.37852187281588,0.168042219445565,0.340668661337198,"TUBB4B"
"ENSG00000188234.13",86.5498453552695,-0.297766514749051,0.0995027765145161,-2.99254478296504,0.00276662073432589,0.0223801094509007,"AGAP4"
"ENSG00000188242.4",12.8299351716568,-0.28376731618309,0.15082548299582,-1.88142819467021,0.0599136945097886,0.175590372474858,"PP7080"
"ENSG00000188243.13",2452.3859706783,0.143709815071983,0.0705720954431861,2.03635465504459,0.0417147552851286,0.138272535614077,"COMMD6"
"ENSG00000188257.12",196.88879785421,0.382214228685851,0.218448600433523,1.74967579525493,0.0801742726318385,0.212265770078075,"PLA2G2A"
"ENSG00000188263.10",35.1998095033659,-0.582927632539044,0.221032921794995,-2.63728872515969,0.00835716664024464,0.0475472382651258,"IL17REL"
"ENSG00000188266.14",190.738708959096,-0.24543947305612,0.10741951005392,-2.28486866988054,0.02232052960846,0.0913789317539751,"HYKK"
"ENSG00000188269.10",1.4565654810116,-0.402486082576548,0.347117250508569,-1.15951045932421,0.246248175647069,0.43540693211988,"OR7A5"
"ENSG00000188277.10",114.917185511051,-0.0535486478617457,0.0997240597271097,-0.536968190106571,0.591289586957382,0.747756130111107,"C15orf62"
"ENSG00000188282.12",66.1797395313565,-0.151837267255215,0.181004077815631,-0.838861030577858,0.401547298024805,0.591614559151208,"RUFY4"
"ENSG00000188283.11",356.11130236056,-0.104721305727684,0.0641649228720841,-1.63206470202499,0.102665856692576,0.248676199844738,"ZNF383"
"ENSG00000188290.11",309.26433542828,0.134992751098996,0.127219742689549,1.06109907350163,0.288644878885692,0.481088226150098,"HES4"
"ENSG00000188293.6",6.59600900401572,0.99993927050995,0.331570218524935,3.01576925382022,0.00256328243867021,0.0212657269450903,"IGFL1"
"ENSG00000188295.15",244.970703813548,-0.0498566011596875,0.0696277788247109,-0.716044687928396,0.473963755750287,0.654378175341888,"ZNF669"
"ENSG00000188305.6",41.0481327645945,0.0426221873275088,0.128432619267284,0.331864191283109,0.739991810658455,0.85167662278398,"PEAK3"
"ENSG00000188306.6",25.4645587933007,-0.20432550621968,0.194368839092675,-1.0512256345898,0.293154972321453,0.485693381114613,"LRRIQ4"
"ENSG00000188312.14",135.865243258948,0.0209749381131377,0.0725245966276908,0.289211372257797,0.772419629740025,0.87274609472665,"CENPP"
"ENSG00000188313.13",3637.6132987421,0.161936649534378,0.0814717557361542,1.98764158291628,0.0468513439108101,0.149327400197265,"PLSCR1"
"ENSG00000188315.8",247.456818407241,-0.195774264404414,0.0749620589579238,-2.61164470568107,0.00901078449529808,0.0500410422355228,"C3orf62"
"ENSG00000188316.15",20.8625077030477,-0.69257018428622,0.174747123076372,-3.96327088019377,7.39298151045174e-05,0.00177809369879763,"ENO4"
"ENSG00000188321.13",449.501078501375,-0.208491749629841,0.067801449798315,-3.07503379721274,0.00210478701087617,0.0184893598820845,"ZNF559"
"ENSG00000188322.8",1320.87349179129,0.0216875483720701,0.162040894786973,0.133839969228642,0.893529120638132,0.943768937617156,"SBK1"
"ENSG00000188338.15",32.5663594746031,-0.574840090459187,0.212932979606919,-2.69962920502198,0.00694167953624649,0.0419740895024072,"SLC38A3"
"ENSG00000188342.12",1078.05979834132,0.0915884785923429,0.0544435902326292,1.68226375595362,0.0925177059425527,0.232853944961098,"GTF2F2"
"ENSG00000188343.13",740.112252776239,-0.0842959911091953,0.0851544049387025,-0.989919325604764,0.322213552683857,0.516015960820802,"CIBAR1"
"ENSG00000188352.12",2008.28639409772,-0.123024704803135,0.0745712540659127,-1.64976043844449,0.0989919432406891,0.242852063496017,"FOCAD"
"ENSG00000188365.3",7.49910892425786,-0.251605417021685,0.209451758053758,-1.2012571265079,0.229651475774684,0.415893526053446,"AC092171.1"
"ENSG00000188368.10",72.6128450564968,-0.0708633956794995,0.137470471476882,-0.515480851401724,0.606217047078597,0.75932220272339,"PRR19"
"ENSG00000188372.15",271.04441818992,0.471136241813497,0.147755485002047,3.1886209964183,0.0014295316953969,0.0140933961311368,"ZP3"
"ENSG00000188373.5",2.11180588117774,0.368835707550968,0.499893199794977,0.737829015682229,0.460618358760209,0.643100185280702,"C10orf99"
"ENSG00000188375.5",15.763980052038,-0.0995698840433267,0.111709707708718,-0.891327048343501,0.372753741930686,0.56489099777406,"H3-5"
"ENSG00000188383.8",5.29184043201817,-0.320849336000174,0.169932430408001,-1.88809949478053,0.0590125946854794,0.173587788948678,"GPAT2P2"
"ENSG00000188385.12",119.839667262006,-0.2889683002923,0.216263918166724,-1.33618359799403,0.181489270784991,0.358339597452538,"JAKMIP3"
"ENSG00000188389.11",187.226324823517,-0.000778139466311477,0.1498735701253,-0.00519197257836005,0.995857423851237,0.997985708635218,"PDCD1"
"ENSG00000188393.9",2.63077015351692,0.0869359665800514,0.559056268886205,0.155504859561367,0.876423323168987,0.93391973266882,"CLEC2A"
"ENSG00000188394.8",12.0625020076327,-0.668745034097221,0.22703052017587,-2.94561732748168,0.00322310882878742,0.024851079721357,"GPR21"
"ENSG00000188396.4",42.3350820261782,-0.503299086634575,0.155084198760675,-3.24532796156277,0.00117315426968958,0.0123016771970945,"TCTEX1D4"
"ENSG00000188403.7",69.7302739617587,-0.523628991938956,0.228561412757879,-2.29097722848628,0.0219647307249069,0.0904479628972574,"IGHV1OR15-9"
"ENSG00000188404.10",1000.83457550126,-0.052930127512543,0.13712332850749,-0.386003811960061,0.699493845654709,0.824608637886861,"SELL"
"ENSG00000188419.14",1310.82896028402,-0.0592378312275281,0.0722561709059197,-0.819830756111585,0.412312595189614,0.60133516900195,"CHM"
"ENSG00000188428.20",671.657117288826,-0.0287296898592969,0.0538464638876457,-0.533548310976249,0.593654078037576,0.749564821757624,"BLOC1S5"
"ENSG00000188451.8",6.56366539067472,-0.180296228118483,0.20795304120676,-0.867004526946162,0.385939529320082,0.577227526938611,"SRP72P2"
"ENSG00000188452.14",121.994268314109,-0.654631961289358,0.188403129638547,-3.47463421942764,0.000511550375612053,0.00685347144985718,"CERKL"
"ENSG00000188459.4",3.00217605105185,-0.13537007893085,0.19282189644393,-0.702047233366021,0.482649707654003,0.662360128479997,"WASF4P"
"ENSG00000188460.4",7.91468887941986,0.168715842493838,0.142482446716908,1.18411668511737,0.23636687617862,0.42379031765926,"ACTBP11"
"ENSG00000188467.11",1.64921912191076,-0.53840146726381,0.310464591743232,-1.73417994058753,0.0828861609787636,0.216824778617583,"SLC24A5"
"ENSG00000188483.8",468.992758559422,0.544637323576045,0.137657314815083,3.9564720865554,7.60647716830762e-05,0.00180629418234284,"IER5L"
"ENSG00000188486.3",2014.2676347765,0.335432833293711,0.103053943496739,3.25492476961179,0.00113422406277006,0.0120183710126683,"H2AX"
"ENSG00000188487.12",21.643461821576,0.509364210176245,0.213392731296388,2.38698013321162,0.0169874092357069,0.0765042985981799,"INSC"
"ENSG00000188488.14",163.546829275734,0.566133224776789,0.255715110843111,2.21392166818069,0.0268341678879052,0.102992315796311,"SERPINA5"
"ENSG00000188493.15",774.793105927972,0.170327716413909,0.0752189660523454,2.26442512245351,0.0235479802677137,0.0945697113453547,"C19orf54"
"ENSG00000188501.11",11.1409619796503,-0.11669429897903,0.135797030624946,-0.859328797117254,0.390159140806359,0.581161843237432,"LCTL"
"ENSG00000188505.5",271.081915689848,0.824696328822182,0.26565156508041,3.1044286472491,0.00190646905849141,0.0173430151218311,"NCCRP1"
"ENSG00000188508.11",4.00875403556915,-0.296399718718092,0.211469678919266,-1.40161804866243,0.161029334411634,0.331954105649629,"KRTDAP"
"ENSG00000188511.12",103.390595514572,0.0995777650266387,0.123606646957429,0.805602024468263,0.420472357937248,0.60841355039437,"C22orf34"
"ENSG00000188517.16",427.549729645619,-0.228045312554489,0.326615763704408,-0.698206693908605,0.485047940835483,0.664161807542053,"COL25A1"
"ENSG00000188522.15",903.247730634549,0.101283550421809,0.0958930176005292,1.05621402846801,0.290870443015921,0.483306905520807,"FAM83G"
"ENSG00000188523.9",84.5353473585383,-1.19627434512811,0.257525202835569,-4.64527095583702,3.3963039728613e-06,0.000182455092316881,"CFAP77"
"ENSG00000188525.4",2.09521454571904,0.487397061012518,0.34850111738962,1.39855236236621,0.161947260128847,0.333088906620727,"AC010969.1"
"ENSG00000188529.15",4697.70676182269,-0.0684309988531275,0.0436037927244235,-1.56938180322093,0.116559001508495,0.269673303490086,"SRSF10"
"ENSG00000188536.13",705.755728940318,-0.17645656809628,0.240707335776992,-0.733075157542193,0.463512590953255,0.645759915077488,"HBA2"
"ENSG00000188542.10",190.032621440631,-0.117217541056981,0.0667631282724474,-1.75572271836393,0.0791357657123065,0.210254621589751,"DUSP28"
"ENSG00000188549.12",810.741255021071,0.131353077779965,0.122361566394225,1.07348313404857,0.283054402010606,0.475563891827653,"CCDC9B"
"ENSG00000188554.15",7347.89074794959,0.0592089230803152,0.047555433394288,1.24505064625122,0.213113134078695,0.395996940379969,"NBR1"
"ENSG00000188559.15",3979.47595285692,-0.235791378278813,0.0917951932711071,-2.56866803017047,0.010209020458955,0.0544693779070494,"RALGAPA2"
"ENSG00000188566.14",650.083265876476,-0.027524406015667,0.0811469967176408,-0.339191924889604,0.734465152083501,0.848261252028343,"NDOR1"
"ENSG00000188573.8",12.7490381764124,-0.0983318726707226,0.266714588770755,-0.368678268121434,0.71236754893938,0.833837949823815,"FBLL1"
"ENSG00000188580.15",28.5540637793959,-0.599149884806305,0.30238791526148,-1.98139493864432,0.0475470009248718,0.150731508454747,"NKAIN2"
"ENSG00000188581.9",0.92389900995105,0.744954545426383,0.560560390857406,1.3289461003246,0.18386575297468,0.361265777839087,"KRTAP1-1"
"ENSG00000188582.10",3.01097638104362,1.17905242395533,0.387131167164491,3.04561483021684,0.00232205090560062,0.0198077134811609,"PAQR9"
"ENSG00000188585.9",1.58883439855,-0.280577351136934,0.294091986395428,-0.954046230826833,0.340060241458642,0.533347566447023,"CLEC20A"
"ENSG00000188596.11",195.519179255179,-0.811589548132628,0.176770664262865,-4.59120042070874,4.40703879761788e-06,0.000221302477660772,"CFAP54"
"ENSG00000188599.17",71.9705158830211,-0.190296693961365,0.0973227307280307,-1.9553160144381,0.0505457821367392,0.156792157712349,"NPIPP1"
"ENSG00000188603.22",61.6882910098096,-0.127463646027744,0.106196071225208,-1.20026705844356,0.230035639010932,0.416362755767693,"CLN3"
"ENSG00000188610.12",51.2288855035887,0.214017407196003,0.151268071999375,1.41482207294138,0.157120670630181,0.327020410558302,"FAM72B"
"ENSG00000188611.16",41.3889429836809,0.0333031480835247,0.12402172028117,0.268526738768203,0.788293895821744,0.88267103037449,"ASAH2"
"ENSG00000188612.12",6121.14873902611,0.0996376739608242,0.0607086538294162,1.64124334301323,0.100746911802992,0.245420863002635,"SUMO2"
"ENSG00000188613.7",147.590517827786,0.150985548799956,0.125079704144963,1.20711469404316,0.227387976746469,0.413187856665221,"NANOS1"
"ENSG00000188620.11",1.60248374759126,1.04330731110747,0.374229596603857,2.78788027610726,0.00530541466914201,0.0348820257141198,"HMX3"
"ENSG00000188624.3",5.53668904408971,0.00605651303971351,0.36647455277898,0.0165264218041523,0.986814423413082,0.9933479779173,"IGFL3"
"ENSG00000188626.6",5.00658680739392,-0.327945393641996,0.189413934742447,-1.73136888839734,0.0833859918871868,0.217685242160634,"GOLGA8M"
"ENSG00000188636.4",1973.47481859912,0.0835025313799368,0.0659042190428635,1.2670286150516,0.205145058312674,0.386415526246328,"RTL6"
"ENSG00000188641.14",2825.12455289412,-0.0483496773545535,0.11714222529331,-0.412743374419359,0.679794642561185,0.811968839778486,"DPYD"
"ENSG00000188643.11",9606.98848605664,0.680295772271381,0.137764460641298,4.93810790609262,7.88841925888103e-07,6.25307481871253e-05,"S100A16"
"ENSG00000188647.13",2255.88315535623,-0.126315743003376,0.0889827990308659,-1.41955236718908,0.155738041036664,0.325083298404148,"PTAR1"
"ENSG00000188649.15",40.473617663611,-0.884829183605926,0.159822767446343,-5.53631499281219,3.08901806160298e-08,5.61981848770208e-06,"CC2D2B"
"ENSG00000188659.9",198.335590305425,-0.986918545341411,0.198557336864154,-4.97044612366364,6.67990218432022e-07,5.50480156986567e-05,"SAXO2"
"ENSG00000188660.4",3.30658760318563,0.662756017035765,0.278295155889535,2.38148599790518,0.0172429462778578,0.0773157455122854,"LINC00319"
"ENSG00000188672.19",60.9821370201026,0.00333740583702329,0.152658376246813,0.0218619241149761,0.982558097664915,0.991372147333333,"RHCE"
"ENSG00000188676.13",28.7437435041578,-0.402740016508368,0.155113190667654,-2.59642661449263,0.00941990255941961,0.0515647510540541,"IDO2"
"ENSG00000188677.15",989.558714371153,0.177727658161187,0.0912785610656458,1.94709092788359,0.0515238344575052,0.158831761166085,"PARVB"
"ENSG00000188681.11",89.8969500479178,0.12483693837719,0.129443832692828,0.96441009030867,0.334840365378665,0.528333662774971,"TEKT4P2"
"ENSG00000188687.17",94.1128100166548,-0.311824710133256,0.151650495140614,-2.0562063436992,0.0397626310813026,0.134090470182919,"SLC4A5"
"ENSG00000188690.15",1714.36962871472,0.089678770187532,0.0594254414960779,1.50909724740456,0.131273932900087,0.29158069571303,"UROS"
"ENSG00000188693.8",7.33369429722605,-0.00506813571972964,0.129003362617448,-0.0392868497138241,0.968661690931172,0.984147139076679,"CYP51A1-AS1"
"ENSG00000188706.13",8261.37995928224,0.020645803319933,0.0978916200916431,0.210904705638798,0.832961632149006,0.908881476767726,"ZDHHC9"
"ENSG00000188707.6",780.712420059526,0.0777634450078409,0.0898685809395335,0.865301801751635,0.38687316217057,0.57818234897629,"ZBED6CL"
"ENSG00000188710.3",19.7570299573461,0.0672519299257851,0.116489895211073,0.57731985940865,0.563723400435948,0.726833421470397,"QRFP"
"ENSG00000188725.8",2768.33532945825,0.181916678964424,0.0586319416448386,3.10268897568461,0.00191771067561267,0.0173920843157649,"SMIM15"
"ENSG00000188729.6",2.82962441197921,0.550830988427516,0.305111280083026,1.80534455585393,0.0710207814449331,0.195914730022881,"OSTN"
"ENSG00000188730.5",11.4852875619398,0.358534745291527,0.232266815305825,1.54363310496786,0.122677240402888,0.278715256225832,"VWC2"
"ENSG00000188732.11",371.43124941092,-0.281244653318345,0.099571003772965,-2.82456380533855,0.0047345020695416,0.0321619623344722,"FAM221A"
"ENSG00000188735.13",786.717350658883,-0.0915196058163243,0.0713450975508313,-1.28277357461204,0.199571414685217,0.380240992853091,"TMEM120B"
"ENSG00000188738.15",154.467404209424,0.709530419311483,0.232805967236369,3.0477329586277,0.00230574728120254,0.0197289242439158,"FSIP2"
"ENSG00000188739.15",42.7184054278945,-0.0378090287521906,0.0904692213269573,-0.417921456575249,0.676004544233487,0.809605355989981,"RBM34"
"ENSG00000188747.8",551.1236975564,-0.0829209259172038,0.130101704610334,-0.637354646240487,0.523893863405351,0.696077589455095,"NOXA1"
"ENSG00000188760.11",160.419200377077,-0.198166026649431,0.133373033269142,-1.48580280280151,0.137331288587278,0.299514863152167,"TMEM198"
"ENSG00000188761.13",608.231711777436,0.180915602416735,0.18170878705055,0.99563485813378,0.319427591550597,0.513183554769774,"BCL2L15"
"ENSG00000188763.5",79.6672417288234,0.151896985070626,0.253214859631709,0.599873898757579,0.548590278752132,0.714926063745048,"FZD9"
"ENSG00000188765.7",11.4825924915607,-0.0214427861562346,0.166800087554911,-0.128553806359217,0.897710720095192,0.945656794941599,"TMSB4XP2"
"ENSG00000188766.12",175.102094823474,0.298853480309403,0.152931632196672,1.95416393598071,0.050681832830202,0.157104402615944,"SPRED3"
"ENSG00000188771.5",2.52935195325617,-0.824481110846728,0.325212475158717,-2.53520751454675,0.0112380731702188,0.0580166180890208,"PLET1"
"ENSG00000188778.6",7.7752884672469,0.141146512598615,0.205633589141346,0.686398137522152,0.492462078633432,0.670272678301904,"ADRB3"
"ENSG00000188779.12",17.8964308496261,-0.333709493300445,0.137628927654089,-2.42470459509194,0.0153208477242247,0.0713593988923631,"SKOR1"
"ENSG00000188783.6",4259.17946208425,-0.103128054485757,0.149138073431782,-0.691493809144109,0.489255269896497,0.667682230720777,"PRELP"
"ENSG00000188785.12",538.153454755807,-0.13341152652733,0.063818805461831,-2.0904735769008,0.0365752795537237,0.126659120260258,"ZNF548"
"ENSG00000188786.10",1165.93385476122,-0.114660053613152,0.0598261744955848,-1.91655332435829,0.0552947026122278,0.166253638044694,"MTF1"
"ENSG00000188803.15",32.4981018007779,-0.226195794369262,0.210358219601633,-1.0752885948437,0.282245540835439,0.474758908417059,"SHISA6"
"ENSG00000188807.13",778.280160352934,0.100327666195056,0.0739993632216826,1.35579093963959,0.175165694886225,0.350552505400763,"TMEM201"
"ENSG00000188811.14",1499.69245029008,-0.0567414416518882,0.0608291934585869,-0.932799506712485,0.350923495971887,0.544485618420671,"NHLRC3"
"ENSG00000188816.3",3.49141475191772,0.80109639832356,0.474824362213085,1.68714257749912,0.0915759397188624,0.231304418967838,"HMX2"
"ENSG00000188817.8",360.631350876096,-0.968250362711284,0.254591289527261,-3.80315589158287,0.000142864390374221,0.00283467511723634,"SNTN"
"ENSG00000188818.12",326.532225519249,-0.205627952597373,0.165933252508903,-1.23922088844935,0.215263706910314,0.398574862030204,"ZDHHC11"
"ENSG00000188820.13",67.5068429422765,0.0171969161236806,0.186006382780551,0.0924533656673997,0.926337841272051,0.961484944236496,"CALHM6"
"ENSG00000188822.8",47.679202574422,-0.604324599652649,0.18307147306867,-3.30103095541252,0.000963302536862142,0.0107154130837793,"CNR2"
"ENSG00000188825.14",259.207319983893,-0.136072758177951,0.0935137240584506,-1.45511003382669,0.145638801815667,0.311396354045919,"LINC00910"
"ENSG00000188827.11",568.998990009903,-0.0130303530955561,0.0756443595523225,-0.172258092641304,0.863234629041192,0.927117640137834,"SLX4"
"ENSG00000188828.12",2.36158417310264,-0.360550551560199,0.270876140144317,-1.33105319415769,0.183171508473557,0.360527876536218,"GLRA4"
"ENSG00000188831.4",14.6413950242051,-0.595284675092295,0.250836532488122,-2.37319767255387,0.0176348233036562,0.0785439695315889,"DPPA3P2"
"ENSG00000188833.10",169.232202592107,0.159222979746313,0.219047224790233,0.726888824539049,0.46729406371554,0.648828979200996,"ENTPD8"
"ENSG00000188846.14",19563.33771198,0.198283798567522,0.0819776380127464,2.41875471621531,0.0155737377470967,0.0721336186441415,"RPL14"
"ENSG00000188848.16",28.7082594368563,-0.327316379584747,0.210353458442265,-1.55603041665504,0.119700859704496,0.274315355555314,"BEND4"
"ENSG00000188850.9",1.84757634036887,-0.334180441426319,0.293655007421728,-1.1380035517201,0.255118999261656,0.445646052790473,"AC114947.1"
"ENSG00000188856.6",10.1990446945436,0.0261674797017022,0.157266294457411,0.166389624629889,0.867850338488977,0.929495989414105,"RPSAP47"
"ENSG00000188859.7",72.8358589960895,0.177749987442056,0.127982783728414,1.38885858131709,0.164875757406875,0.336678642747,"FAM78B"
"ENSG00000188868.14",112.656464888569,-0.16945178145237,0.0785357802201064,-2.15763797058436,0.0309559901147696,0.113080730622232,"ZNF563"
"ENSG00000188869.13",6.95114258204272,-0.61459515517047,0.17038314143787,-3.60713595244154,0.000309595465427491,0.00489893623121552,"TMC3"
"ENSG00000188873.4",14.872701292277,-0.192322613801455,0.136445780726354,-1.40951675293767,0.158682423272557,0.328920572868064,"RPL10AP2"
"ENSG00000188878.19",232.736226949847,0.0363675297264702,0.085786868986475,0.423928861795899,0.671617694684216,0.806411133479573,"FBF1"
"ENSG00000188883.5",142.767748438843,-0.0858813052199541,0.191001129043008,-0.449637683558488,0.652971711560886,0.792822216816308,"KLRG2"
"ENSG00000188886.3",6.74048233444119,-0.74685491620109,0.174775576141356,-4.27322245298762,1.92668066825612e-05,0.000649240683079464,"ASTL"
"ENSG00000188895.12",3910.15865376088,0.0244107521992709,0.0493212071552565,0.494934199855027,0.620646568558512,0.769492652851396,"MSL1"
"ENSG00000188897.9",88.100370647561,-0.0740620560171642,0.140352436232354,-0.527686287500944,0.597717092215396,0.752615461179293,"AC099489.1"
"ENSG00000188906.16",5999.44211108066,-0.387146075935455,0.205301964329976,-1.8857397550917,0.0593300328355817,0.174294077754789,"LRRK2"
"ENSG00000188910.8",600.184379661411,1.32136720935071,0.240540499258169,5.49332529626334,3.94435286179136e-08,6.80411087189739e-06,"GJB3"
"ENSG00000188916.9",83.0239453824264,0.14002702318413,0.213740495239936,0.655126315801511,0.512386430162255,0.687082383574672,"INSYN2A"
"ENSG00000188917.15",1145.47355817593,-0.0955106587689676,0.0594152846838346,-1.60750990721002,0.107942557863182,0.257051348975084,"TRMT2B"
"ENSG00000188921.14",1113.16839512985,-0.0980857427292352,0.110478025565705,-0.887830337544369,0.374632021378639,0.566448244141834,"HACD4"
"ENSG00000188931.4",374.972206780409,-0.276425816220283,0.11075128537388,-2.49591519671406,0.0125632632407728,0.0623444213854596,"CFAP126"
"ENSG00000188933.16",29.7047971625339,-0.0467390460736221,0.247532608056059,-0.188819753650546,0.850234089155676,0.919232432625185,"USP32P1"
"ENSG00000188938.17",2627.14381716469,0.0549585889833402,0.0486788748705137,1.12900286067685,0.258896626910707,0.449937119577082,"FAM120AOS"
"ENSG00000188958.9",9.76553968794277,-0.579048609325395,0.159129475073809,-3.63885200436194,0.000273856115332055,0.00448254259968049,"UTS2B"
"ENSG00000188959.9",925.967088689057,-0.233331747299665,0.166266026070699,-1.40336395121664,0.160508336938518,0.331337057396705,"C9orf152"
"ENSG00000188976.11",3827.77049141989,0.164284396352018,0.0767386813972375,2.14082902339174,0.0322878285326277,0.116098787702427,"NOC2L"
"ENSG00000188981.11",41.1993665745991,-0.032827460068504,0.119153937934515,-0.275504617283782,0.782928578949909,0.879510111650278,"MSANTD1"
"ENSG00000188985.6",14.2516796221123,0.0214049799778104,0.134373129823484,0.159295091257668,0.873436387988996,0.93238802312805,"DHFRP1"
"ENSG00000188986.9",3254.65619554283,0.118156394719323,0.0657541734309393,1.79694137351481,0.0723449274728248,0.19844934253545,"NELFB"
"ENSG00000188991.3",5.53878031213896,-0.42905975301216,0.3095980397226,-1.38586069019235,0.165789446155852,0.337777861261049,"SLC15A5"
"ENSG00000188992.11",3.75749049414106,-0.101191216085616,0.226730120430491,-0.446306895146904,0.655375576246856,0.794618123747645,"LIPI"
"ENSG00000188993.3",27.8025930638206,0.441770829655325,0.195058072241859,2.26481695721651,0.0235239143972197,0.0944958593178856,"LRRC66"
"ENSG00000188994.13",1914.97429577265,-0.190689511255558,0.0850512334691435,-2.24205462375499,0.0249578421772176,0.0984854142000838,"ZNF292"
"ENSG00000188996.4",6.85068150440282,0.175699730022853,0.147997356081353,1.18718154617757,0.235156018261583,0.4223471605968,"HUS1B"
"ENSG00000188997.8",532.950654814288,0.208694506952349,0.0658753636261491,3.1680205689143,0.00153480661257248,0.0148121955194723,"KCTD21"
"ENSG00000189001.11",36.5434422809165,0.438276196229149,0.290438935726533,1.50901322900389,0.131295402127403,0.291608927486834,"SBSN"
"ENSG00000189002.10",2.96154814363934,-2.03230189442573,0.382901334248585,-5.30763858113466,1.11054566735492e-07,1.54298489801712e-05,"PROS2P"
"ENSG00000189007.16",384.672829603823,-0.228284108485323,0.0915357235716929,-2.49393460364713,0.0126335818151725,0.0626280284950174,"ADAT2"
"ENSG00000189013.14",40.4464210092758,0.0455986357212548,0.214967812119937,0.212118434251049,0.832014638473372,0.90842636499567,"KIR2DL4"
"ENSG00000189014.7",6.38237419562169,-0.194350947385548,0.11759710631527,-1.65268477665178,0.0983950342288058,0.241956535677096,"SHLD2P3"
"ENSG00000189023.10",1.28593305270016,0.313202569152307,0.922228713940771,0.339614853037879,0.734146591200258,0.848001334379842,"MAGEB16"
"ENSG00000189042.13",327.505973441806,0.0181600262155012,0.0662636818248785,0.27405700551766,0.784040813900674,0.880137715812104,"ZNF567"
"ENSG00000189043.10",7440.47565748687,0.234308186952977,0.0896246524578714,2.614327425851,0.00894033128170626,0.0497458498050276,"NDUFA4"
"ENSG00000189045.15",144.118470293226,-0.519751041318287,0.158490839242888,-3.27937591725264,0.00104036950084327,0.0112934534697016,"ANKDD1B"
"ENSG00000189046.11",515.044350758454,0.0324787527606143,0.088034799079084,0.368930844397541,0.712179272080832,0.833784959632397,"ALKBH2"
"ENSG00000189050.16",611.824605561988,-0.286147533729094,0.0807629647613439,-3.54305385611667,0.00039552191991209,0.0057805580683201,"RNFT1"
"ENSG00000189051.5",9.55476969914404,0.320209646777932,0.237092159891159,1.35057037282435,0.176833096722441,0.352575415569544,"RNF222"
"ENSG00000189052.7",6.17062682643152,1.06567938212457,0.433562256274539,2.45796161151483,0.0139728109243471,0.0670312383435574,"CGB5"
"ENSG00000189056.14",169.559181333292,-0.129313262695238,0.170756204241971,-0.757297594364384,0.448871591814328,0.633017701892342,"RELN"
"ENSG00000189057.11",552.946667608013,0.249389480710513,0.142246238310571,1.75322373141434,0.0795636110408024,0.211068629671827,"FAM111B"
"ENSG00000189058.9",2517.34985198089,-0.270255756112402,0.214047865598316,-1.26259495910866,0.206734780416054,0.388333392258615,"APOD"
"ENSG00000189060.5",14427.2109237198,0.0593515185848961,0.0949380856721373,0.625160262761805,0.531865879399238,0.701596298169902,"H1-0"
"ENSG00000189064.8",2.85594960768912,-0.187355473101633,1.179443266068,-0.158850771793572,0.87378644651512,0.932582296718211,"GAGE2A"
"ENSG00000189067.13",10851.2018917746,0.0438598720266669,0.0613349220801222,0.715088085860327,0.474554615391133,0.654949887037372,"LITAF"
"ENSG00000189068.11",14.5622952780958,0.263847643924474,0.215134479209628,1.22643122986985,0.220036439760013,0.404487504220093,"VSTM1"
"ENSG00000189077.11",1656.28138697256,0.111281717458735,0.0805581538230281,1.38138366109036,0.167161026935113,0.339424996856508,"TMEM120A"
"ENSG00000189079.17",1479.19890872757,-0.139069372930719,0.0702566145668418,-1.97944882183882,0.0477654963290792,0.151134885852027,"ARID2"
"ENSG00000189089.5",10.5389827955651,-0.368328136388332,0.16081902207324,-2.29032692550878,0.0220023720917181,0.0905581622017025,"RIMKLBP1"
"ENSG00000189091.13",7543.61729451752,-0.0270382974698147,0.0578483794373694,-0.467399393600788,0.640214156370916,0.783482812279246,"SF3B3"
"ENSG00000189099.11",2.67844159134371,-0.71058038073834,0.345388883254896,-2.05733425477373,0.0396540845022389,0.133867718042288,"PRSS48"
"ENSG00000189108.13",20.4331557872461,-0.250434620148939,0.2716749061382,-0.921817269429897,0.356623897951657,0.550010628364503,"IL1RAPL2"
"ENSG00000189114.8",726.204578117313,0.200689480919082,0.0664264150676755,3.02123004402117,0.00251750014367685,0.0210062988179031,"BLOC1S3"
"ENSG00000189120.5",299.643901282375,0.215642613130968,0.16674283223296,1.29326466537218,0.195919537105785,0.375719069178134,"SP6"
"ENSG00000189127.8",107.438491662348,-1.07708027074164,0.29335934873687,-3.67153893468633,0.00024109433988188,0.00413111366839291,"ANKRD34B"
"ENSG00000189129.14",290.417288673114,0.32601381702174,0.160793790613517,2.0275274049938,0.0426085047035429,0.140271427577875,"PLAC9"
"ENSG00000189134.4",16.0390036495426,-0.0669133002319959,0.138610085799587,-0.48274481503997,0.629276938574447,0.775973818139896,"NKAPL"
"ENSG00000189136.9",88.8936034616602,-0.345968790928898,0.13111737670788,-2.63861892005124,0.00832444980950345,0.0474240088137916,"UBE2Q2P1"
"ENSG00000189143.9",19302.9872391862,0.216778342541705,0.110544219864996,1.96101019851105,0.0498778332220098,0.15549158168622,"CLDN4"
"ENSG00000189144.14",122.240657874032,-0.238336427262063,0.115740978280571,-2.05922250531099,0.0394729281974414,0.133486256828585,"ZNF573"
"ENSG00000189149.12",20.8941712633053,-0.658495747734202,0.171180419117838,-3.84679364104666,0.000119673682288553,0.00249955828383488,"CRYM-AS1"
"ENSG00000189157.14",100.725662747209,-0.483456461274129,0.128248018753945,-3.76969925907145,0.000163444375366438,0.00310060033565517,"FAM47E"
"ENSG00000189159.16",6771.90113919831,0.271175966562903,0.106838953463836,2.53817505480052,0.0111432230469557,0.057718845512012,"JPT1"
"ENSG00000189164.15",245.847664307342,-0.129601305602594,0.0594447776438026,-2.18019665880785,0.0292428871809405,0.108877593705553,"ZNF527"
"ENSG00000189166.6",2.55088646964102,0.193218745354957,0.207028178796328,0.933296841417149,0.350666725534003,0.544194966550536,"TNRC18P3"
"ENSG00000189171.14",679.885772538623,0.171910497339635,0.101799144368151,1.68872241909943,0.0912726372216072,0.230819590658486,"S100A13"
"ENSG00000189180.16",1979.37822493464,-0.270251413908974,0.0764805238256226,-3.53359784152568,0.00040994432551648,0.00590790072786155,"ZNF33A"
"ENSG00000189182.10",0.442123589626211,-0.368780418083525,0.439419873913652,-0.839243830277899,0.401332496162825,0.5914749838974,"KRT77"
"ENSG00000189184.12",422.363579130454,0.0464164263037047,0.109017119795644,0.425771900695171,0.670274064030504,0.805524109799211,"PCDH18"
"ENSG00000189186.10",2.24912960472905,0.446112853384755,0.68944495972287,0.647060866996655,0.517592550971232,0.691319262411434,"DCAF8L2"
"ENSG00000189190.10",563.765708404671,-0.0918535477534528,0.0761223546364375,-1.20665668044752,0.227564388538358,0.41339560144091,"ZNF600"
"ENSG00000189195.15",326.839154981504,0.0148497353154046,0.0796333376067809,0.186476364820105,0.852071211913906,0.920411630325092,"BTBD8"
"ENSG00000189212.12",23.2225407386743,-0.42397316999106,0.247153438388699,-1.7154249309867,0.086267347758185,0.222608805527302,"DPY19L2P1"
"ENSG00000189221.10",6356.37401033399,-0.197803399557367,0.150303286656634,-1.31602843794924,0.18816449796536,0.366338012196625,"MAOA"
"ENSG00000189223.15",1500.20741592588,-0.106247901154172,0.194810254403065,-0.545391727348927,0.585484128879476,0.74311017890223,"PAX8-AS1"
"ENSG00000189227.6",111.506784237438,0.0122889977350855,0.0725265633731567,0.169441335195456,0.865449512739078,0.928177387096032,"C15orf61"
"ENSG00000189229.11",18.361670978724,-0.287960562651633,0.361161602733281,-0.797317767094671,0.42526650424339,0.61275849241648,"AC069277.1"
"ENSG00000189233.12",115.106044401806,-0.320506220653539,0.149504004342876,-2.14379689736258,0.0320491640576076,0.115615214971278,"NUGGC"
"ENSG00000189238.6",18.1645696408513,0.0554697386940295,0.195260852702217,0.284080182619216,0.776348933580041,0.875308511824996,"LINC00943"
"ENSG00000189241.8",3065.35467265096,-0.0543010282849216,0.0606790878955894,-0.894888670349783,0.370846603762748,0.563224436080248,"TSPYL1"
"ENSG00000189266.13",2908.51601029442,-0.0425664603007223,0.0499759917664747,-0.85173818059729,0.394359424396895,0.585115571836795,"PNRC2"
"ENSG00000189269.12",11.1937851836347,-0.321351879260682,0.160018395006671,-2.00821836294062,0.0446200925121921,0.144831504339321,"DRICH1"
"ENSG00000189280.3",126.047402603497,0.81946833567801,0.270612795746523,3.02819507635399,0.00246019217913655,0.0206679733080982,"GJB5"
"ENSG00000189283.10",240.730511811959,-0.0120865554239184,0.0830242919251806,-0.14557854266087,0.88425410797777,0.938459420366716,"FHIT"
"ENSG00000189292.16",77.5344906810841,0.0287999602784305,0.219456064440743,0.131233376265193,0.8955906938265,0.944597209245784,"ALKAL2"
"ENSG00000189295.13",1.90558600970639,-0.569770166087812,0.425565156263019,-1.33885530265468,0.180617783095362,0.357424384961596,"ANKRD62P1-PARP4P3"
"ENSG00000189298.14",311.823707058801,-0.21656920791028,0.071143597388484,-3.04411381853087,0.00233366831361346,0.0198457802320756,"ZKSCAN3"
"ENSG00000189299.7",0.797299541932471,-1.20394347963974,0.902965150533241,-1.33332219845778,0.182426091942391,0.359485757859604,"FOXR2"
"ENSG00000189306.11",1632.44928505156,0.223869280620445,0.0811564631402884,2.75848985968574,0.00580691067631278,0.0371145089549782,"RRP7A"
"ENSG00000189308.11",774.676595101076,0.0258204233708708,0.0548201630954535,0.471002308510318,0.637639086363314,0.781403429968057,"LIN54"
"ENSG00000189316.3",3.71199803034495,-0.102756179765852,0.21019919616336,-0.488851440164374,0.624946876760485,0.773187118060861,"AC073349.1"
"ENSG00000189319.14",1528.94465384489,-0.109707893181377,0.0776534846156776,-1.41278776766223,0.157718135983876,0.327731238379178,"FAM53B"
"ENSG00000189320.9",67.3523938012044,0.164132585572865,0.16188095582094,1.01390917010903,0.310626095289612,0.504471931242783,"FAM180A"
"ENSG00000189325.7",55.0969843997172,0.0535027641623942,0.260126689086104,0.205679641525304,0.837041162259015,0.911165201565151,"BNIP5"
"ENSG00000189334.9",7572.83133752487,0.46136298649886,0.154587606653466,2.98447590001884,0.00284064577795408,0.0227668800879695,"S100A14"
"ENSG00000189337.17",522.6225601331,-0.198208560071918,0.127183582787286,-1.55844453920929,0.119127905448797,0.27363911660734,"KAZN"
"ENSG00000189339.12",2056.37818974539,-0.187203362031201,0.0741317150792536,-2.52528033151619,0.0115606030261462,0.0590565857479646,"SLC35E2B"
"ENSG00000189343.7",258.162155278127,0.117267308399872,0.13557824228721,0.864941943645,0.387070654653837,0.578272965322253,"RPS2P46"
"ENSG00000189350.13",192.26056928001,-0.873114349294887,0.179411428171881,-4.86654812456215,1.13564279855238e-06,8.25523050048134e-05,"TOGARAM2"
"ENSG00000189362.12",426.239870214495,0.0314399711878426,0.0703326147648483,0.447018375371935,0.654861792475117,0.794255506625649,"NEMP2"
"ENSG00000189366.9",167.925666787252,-0.0587999985206834,0.188997298198501,-0.31111555075738,0.755712779602865,0.861645036562677,"ALG1L"
"ENSG00000189367.15",9.53492473260934,-0.835395132055912,0.251040938086995,-3.32772470666285,0.000875583437807789,0.0100277947694994,"KIAA0408"
"ENSG00000189369.9",483.760269295286,0.102897828647,0.114455651869663,0.899019200591121,0.368642433558025,0.561189416572808,"GSPT2"
"ENSG00000189376.12",165.154948888449,-0.0186628606414128,0.100120049407293,-0.186404828522321,0.852127306179027,0.920442359503547,"C8orf76"
"ENSG00000189377.9",11607.2373880233,-0.230017686047338,0.181004812237021,-1.27078215879772,0.203806157540883,0.384880201297136,"CXCL17"
"ENSG00000189398.5",5.05692608886593,-0.0254963380410737,0.205108522574587,-0.124306575470564,0.901072541211775,0.947459435762992,"OR7E12P"
"ENSG00000189403.15",8416.60586028543,0.109086266280272,0.0633912033205691,1.72084233404788,0.0852794380705111,0.220881307894937,"HMGB1"
"ENSG00000189409.14",11.5200442979115,0.0231285293009322,0.16145506064084,0.143250568976478,0.886092293342439,0.939422052741771,"MMP23B"
"ENSG00000189410.12",29.2922390592103,1.45189356859145,0.240383276020771,6.0399108982357,1.54199354106119e-09,5.70417677361668e-07,"SH2D5"
"ENSG00000189419.8",38.7855365631212,-0.00167406381765292,0.123632640591876,-0.0135406298016328,0.989196470674168,0.994483575859255,"SPATA41"
"ENSG00000189420.8",148.311672321022,-0.271295384691681,0.112117947089363,-2.41973200307928,0.0155319493027622,0.0719901417425676,"ZFP92"
"ENSG00000189423.13",25.0333329420583,-0.305876555110378,0.158122657682537,-1.9344258412636,0.0530607917938955,0.161935369070874,"USP32P3"
"ENSG00000189430.13",19.8288133921704,-0.00242369151914541,0.170227168402457,-0.0142379829371022,0.988640117051686,0.994169552614426,"NCR1"
"ENSG00000189431.8",255.469548701494,-0.531358038872136,0.175663247810408,-3.02486744094375,0.00248742121574064,0.0208179272336986,"RASSF10"
"ENSG00000189433.7",19.9126261243049,0.745256326218093,0.295800544819614,2.51945555635324,0.011753647748606,0.0596952396697062,"GJB4"
"ENSG00000196072.12",1753.51802417159,0.0651469583408364,0.0588659782327515,1.10669966416341,0.268423800632532,0.460200504375039,"BLOC1S2"
"ENSG00000196074.13",316.34014558111,-0.364641927917115,0.194765425571389,-1.87221077276603,0.0611774492827406,0.178149288810486,"SYCP2"
"ENSG00000196081.10",37.6598146450801,-0.145901032405657,0.146704336120705,-0.99452433556983,0.31996766378967,0.513730670301657,"ZNF724"
"ENSG00000196083.10",1499.24046922178,0.223736847346519,0.113486109754848,1.97149102942936,0.048667738076798,0.153030162781748,"IL1RAP"
"ENSG00000196090.12",204.951862837772,-1.10021394918406,0.271702232386665,-4.04933717150444,5.13628998362116e-05,0.00134541701356962,"PTPRT"
"ENSG00000196091.15",22.7143654186633,1.40875591549817,0.253476406573553,5.55773980916596,2.7329036420101e-08,5.20012703769821e-06,"MYBPC1"
"ENSG00000196092.14",261.606838014039,-0.351784470133112,0.197866473498683,-1.77788820871391,0.0754222171878762,0.203845508180364,"PAX5"
"ENSG00000196096.3",3.80390643725117,-0.46637759294843,0.177342601605358,-2.62981138613418,0.00854322526101463,0.0482738626298303,"SPAG16-DT"
"ENSG00000196104.11",122.042047370029,0.023545933382568,0.262110925097678,0.0898319418536004,0.928420764869021,0.962340068423958,"SPOCK3"
"ENSG00000196109.9",31.1774704448808,-0.433643919694739,0.266525256777404,-1.62702749052,0.103731259354186,0.25032510780114,"ZNF676"
"ENSG00000196110.8",272.999061672916,-0.115700969348338,0.088914983638303,-1.3012539013559,0.193171560742296,0.372631480830921,"ZNF699"
"ENSG00000196114.3",4.45013906075331,0.218774839071114,0.139309386651212,1.57042425015379,0.116316444442662,0.269276710555215,"IFITM3P3"
"ENSG00000196116.8",1090.59311875874,0.0633491469860208,0.0640765072488897,0.988648565689705,0.322835115913035,0.516489645078937,"TDRD7"
"ENSG00000196118.12",20.0051831339457,-0.259133771924896,0.128236490340175,-2.02074909596705,0.0433057447086606,0.142005137258489,"CCDC189"
"ENSG00000196119.8",0.96321038153868,0.338069206184463,0.584284912262561,0.578603347595162,0.562856845427849,0.726240861714893,"OR8A1"
"ENSG00000196123.13",789.957689913444,-0.192304670342315,0.102216521244902,-1.88134626379594,0.0599248315397642,0.175592121145942,"KIAA0895L"
"ENSG00000196126.11",41621.8519174327,-0.0963743434600361,0.136224688534365,-0.707466058443026,0.479276898132081,0.659141274042295,"HLA-DRB1"
"ENSG00000196132.14",39.8500452765428,-0.382824953474953,0.236402818962453,-1.619375585939,0.105366476490265,0.252789947523988,"MYT1"
"ENSG00000196136.18",60.423718653075,0.376445327853301,0.259650317873968,1.44981654917913,0.147109683327365,0.313173648380202,"SERPINA3"
"ENSG00000196139.14",8129.62168171239,-0.0983076678877651,0.250402876590816,-0.392597997380078,0.694616418898617,0.82158108691174,"AKR1C3"
"ENSG00000196141.14",4274.74352280749,0.271203808092275,0.0873370889411614,3.10525357989644,0.00190115959142812,0.0173189896566433,"SPATS2L"
"ENSG00000196150.14",541.939032582346,-0.122790706602032,0.0673647035090186,-1.82277513602643,0.0683374550166888,0.191061378054301,"ZNF250"
"ENSG00000196151.11",550.885148245716,-0.094772774205673,0.0565305257853201,-1.67648846157174,0.0936425544315084,0.234585520292567,"WDSUB1"
"ENSG00000196152.10",223.468648155398,-0.1016749106686,0.0527225071438285,-1.92849157175375,0.0537940115818955,0.163374836515081,"ZNF79"
"ENSG00000196154.12",9589.95016923357,0.541402550352787,0.157117264488169,3.44585015603779,0.00056926592238252,0.00736594261713223,"S100A4"
"ENSG00000196155.13",999.339802239178,-0.174905779345138,0.137020695155991,-1.27649169452846,0.20178176091387,0.382547700364755,"PLEKHG4"
"ENSG00000196159.14",1011.16769706064,-0.105988014761284,0.15228242849202,-0.695996352375207,0.486431114090367,0.665320403385877,"FAT4"
"ENSG00000196167.10",984.028016484921,-1.05567669851544,0.207198306471884,-5.09500640469129,3.48729466011906e-07,3.47612278800431e-05,"COLCA1"
"ENSG00000196169.15",199.572161161745,-1.3539010786823,0.210829911788867,-6.42176941210388,1.34699358391839e-10,8.6241264210375e-08,"KIF19"
"ENSG00000196172.9",318.011107031411,-0.233556008073272,0.112206927014306,-2.08147584367491,0.0373903729203938,0.128612220853257,"ZNF681"
"ENSG00000196177.13",1939.92345734514,-0.358510411388061,0.109319501306176,-3.2794735349548,0.00104000964284129,0.0112932293017336,"ACADSB"
"ENSG00000196182.11",3488.62907469086,0.032016568505117,0.0717484266778031,0.44623373623079,0.655428416013215,0.794624312819197,"STK40"
"ENSG00000196183.5",7.76629950946316,0.0551419362865138,0.135954223507957,0.405591932811757,0.685042457294071,0.815712258400508,"RPS2P4"
"ENSG00000196187.12",4603.7599677664,-0.12135880916387,0.0857188025260592,-1.41577816753769,0.156840463710624,0.326702719033837,"TMEM63A"
"ENSG00000196188.12",12869.3470108603,0.319270757285419,0.244436791077409,1.30614853794375,0.191502049453074,0.370568733345372,"CTSE"
"ENSG00000196189.13",2096.42827471744,-0.313887940265989,0.0957780517553017,-3.27724290182813,0.00104826147373033,0.0113606019677422,"SEMA4A"
"ENSG00000196196.3",86.2382003646855,0.442405409312909,0.166840116240586,2.65167286670403,0.00800941012320438,0.0462036511486825,"HRCT1"
"ENSG00000196199.14",2202.6320954665,-0.10594489952878,0.0542725710578891,-1.95208919466474,0.0509276158762063,0.157577427078674,"MPHOSPH8"
"ENSG00000196204.12",346.273837920698,0.194560923748361,0.0645093677425024,3.01601039596258,0.00256124478392669,0.0212575018025687,"RNF216P1"
"ENSG00000196205.8",2530.84228429105,0.213921474366621,0.177894354298808,1.20251974948737,0.22916221905831,0.415323775672745,"EEF1A1P5"
"ENSG00000196208.14",361.67602116035,-0.491707705140588,0.175993135343711,-2.79390275183344,0.00520761366053449,0.03450290181098,"GREB1"
"ENSG00000196209.13",318.070530258612,-0.0114218613759457,0.122338260904893,-0.0933629535965463,0.925615220675313,0.961033728620445,"SIRPB2"
"ENSG00000196214.11",908.036128875349,-0.0226082104651134,0.050922870440954,-0.443969679425829,0.657064505542997,0.795796448872021,"ZNF766"
"ENSG00000196218.13",675.902165311985,0.242098855183899,0.18358625846467,1.31871991514272,0.187262766312648,0.365255098649422,"RYR1"
"ENSG00000196220.16",318.154625258064,-0.31163933791408,0.111759596220011,-2.78847945460169,0.00529561062656003,0.0348570115836424,"SRGAP3"
"ENSG00000196227.11",1056.96684854356,-0.0724697930933254,0.073347375818051,-0.988035253955062,0.323135382927705,0.516796190796564,"FAM217B"
"ENSG00000196228.3",2.02465983017592,-0.557455804694875,0.632653076219666,-0.881139799439336,0.378242158041179,0.569740237602941,"SULT1C3"
"ENSG00000196230.13",23595.5777192421,0.260713377123096,0.0811253077201359,3.21371202710871,0.00131031016002651,0.0132676873959132,"TUBB"
"ENSG00000196233.14",2461.56623833429,-0.140585546557054,0.0887104567096537,-1.58476860306542,0.113018918384258,0.26447872705188,"LCOR"
"ENSG00000196235.14",7719.0141405789,0.099113905160862,0.0661369520729239,1.49861616016984,0.133973237937619,0.295244239043213,"SUPT5H"
"ENSG00000196236.13",1018.29934965181,0.121942808839942,0.0704203047375278,1.73164273137486,0.0833371930084383,0.217577255868094,"XPNPEP3"
"ENSG00000196242.10",1.47226259346191,-0.0776051223472704,0.282611722028273,-0.274599800002303,0.783623720004683,0.879964399288852,"OR2C3"
"ENSG00000196247.11",734.539768132576,-0.193423776481624,0.099135871956753,-1.95109774760445,0.0510454191164429,0.157853904759774,"ZNF107"
"ENSG00000196260.5",5933.08530998863,-0.00483220763380636,0.177496531947332,-0.0272242368951762,0.978280884621409,0.989094885714737,"SFTA2"
"ENSG00000196262.15",16465.541199012,0.305620925535158,0.0694917864070254,4.39794314316636,1.0928159633165e-05,0.000428502303075072,"PPIA"
"ENSG00000196263.8",222.07223898344,-0.295612143991146,0.125881337838471,-2.34833970679969,0.018857313884172,0.0820460730718424,"ZNF471"
"ENSG00000196267.12",222.112334070498,-0.191837895695332,0.0723769362068707,-2.65053904944268,0.00803634367790481,0.0462986944978504,"ZNF836"
"ENSG00000196268.12",546.596790946531,-0.489430468652725,0.130478358297312,-3.75104710880477,0.000176097606299269,0.00327470223611519,"ZNF493"
"ENSG00000196274.5",5.04584071350726,-0.0269299705548136,0.146154784566891,-0.184256510210163,0.853812229555452,0.921783856235478,"Metazoa_SRP"
"ENSG00000196275.14",133.553423520271,-0.061712407773478,0.0834561324377924,-0.739459234100956,0.459628185132315,0.642139023507514,"GTF2IRD2"
"ENSG00000196277.16",9.45464178323863,-0.817961179934343,0.230255326906605,-3.55240936626026,0.000381720494499585,0.00564946979287802,"GRM7"
"ENSG00000196284.17",355.539427800562,-0.0707609373598225,0.0717476861888054,-0.986246959569034,0.324011940554977,0.517526844026907,"SUPT3H"
"ENSG00000196289.7",4.29486095126491,0.399791361092999,0.269306987205304,1.48451908077758,0.137671264981751,0.299946955371863,"BECN2"
"ENSG00000196290.16",1105.67579570874,0.0399658361019478,0.0629821377341155,0.634558265879558,0.525716554438975,0.697429122048804,"NIF3L1"
"ENSG00000196295.12",1463.47207912517,-0.402146635408134,0.125630396532726,-3.20102973887675,0.00136937398079588,0.0136611312770877,"GARS1-DT"
"ENSG00000196296.14",66.7498527811419,-0.051946370719377,0.134719315032565,-0.385589629124971,0.699800615136982,0.824782706023632,"ATP2A1"
"ENSG00000196301.3",14.9405128320298,-0.184220968801603,0.164385716240051,-1.1206628715392,0.262431391990613,0.453971128210717,"HLA-DRB9"
"ENSG00000196305.18",5613.89032239289,0.0909555659953649,0.0644677368125731,1.41086953711125,0.158283085954613,0.328392770030968,"IARS1"
"ENSG00000196312.15",995.077704693375,-0.114320156520189,0.0758155082043651,-1.50787298308457,0.131587038477915,0.291983955748149,"MFSD14C"
"ENSG00000196313.11",1523.01364350378,0.0580843982276736,0.0699231585687231,0.830688993698505,0.406149345617038,0.595782231744869,"POM121"
"ENSG00000196323.14",2612.00019785091,-0.1607261850175,0.0651158559822762,-2.46831102183849,0.0135752310613131,0.0658162469381532,"ZBTB44"
"ENSG00000196329.11",86.0436848140507,-0.582924649424004,0.164142266881329,-3.55133787597466,0.000383278041022576,0.00566377089203933,"GIMAP5"
"ENSG00000196335.13",255.70940309861,-0.0750712608427628,0.1578419842327,-0.475610219978534,0.634352093046249,0.779103818763835,"STK31"
"ENSG00000196337.12",8.5491769561181,0.351691176570164,0.203613325354561,1.7272502964025,0.0841227214312538,0.218975587537977,"CGB7"
"ENSG00000196338.13",70.3799968317645,-0.111216580449941,0.107408922206007,-1.03545011127317,0.300458753536108,0.493472116890022,"NLGN3"
"ENSG00000196341.3",1.45667054174915,-0.384079668940202,0.547271321183796,-0.701808507175937,0.482798592703097,0.662383754374153,"OR8D1"
"ENSG00000196344.11",43.6635463034895,-2.01212987365301,0.29521567541381,-6.81579618301965,9.37431228313279e-12,9.45754481340424e-09,"ADH7"
"ENSG00000196345.13",131.314320107651,-0.202607795740159,0.0945856096852948,-2.14205730041045,0.0321888713623104,0.115855577758422,"ZKSCAN7"
"ENSG00000196350.9",1.74139846212855,-0.8996242828995,0.626526031303079,-1.43589290460672,0.151032817812984,0.318713038185187,"ZNF729"
"ENSG00000196352.16",20785.4944986498,0.0675552603969092,0.134530875426542,0.502154320952117,0.61555897189618,0.765988397830908,"CD55"
"ENSG00000196353.11",160.833932486169,0.393152120918856,0.190448888242131,2.06434453121624,0.0389850616562129,0.132333774237387,"CPNE4"
"ENSG00000196357.12",144.410439190117,0.035276577381697,0.0590667749487908,0.597232156525912,0.550352392766946,0.715940458952015,"ZNF565"
"ENSG00000196358.11",165.059326603022,-0.216566231473788,0.169888770558223,-1.27475306791727,0.202396656990997,0.383317684049179,"NTNG2"
"ENSG00000196361.10",4.12404136901873,0.287732879026228,0.271386369956031,1.06023334581189,0.289038454284495,0.481425939617515,"ELAVL3"
"ENSG00000196363.9",1938.12000422789,0.0904608300298501,0.0604769419539089,1.49579041378767,0.134708280226857,0.296220372874768,"WDR5"
"ENSG00000196364.9",12.5408446866869,-1.11464309742644,0.43998743599434,-2.53335210562872,0.0112977403871232,0.0582253360229863,"PRSS29P"
"ENSG00000196365.12",4004.56948560993,0.166488799377265,0.0738222910121783,2.25526459683837,0.0241167254216286,0.0961463464809342,"LONP1"
"ENSG00000196366.3",15.9172751560377,0.0163283179318276,0.140054415179266,0.11658552792447,0.907188506552691,0.950690907365834,"C9orf163"
"ENSG00000196367.14",4352.15263909657,-0.0135505513766063,0.07947150226746,-0.170508307883777,0.864610401288045,0.927862232656866,"TRRAP"
"ENSG00000196368.5",50.8528925796025,0.321039433215695,0.163880358367494,1.95898664375494,0.0501143509703138,0.155962611965326,"NUDT11"
"ENSG00000196369.11",105.240223521096,0.134521343917223,0.0837968177255812,1.60532759558669,0.108421729247857,0.257724163347772,"SRGAP2B"
"ENSG00000196371.3",393.006570707332,0.303924589125241,0.0971537592355792,3.12828439698645,0.00175829957652101,0.0163581703179309,"FUT4"
"ENSG00000196372.13",1153.98744726271,0.0425078993093576,0.0637708537077162,0.666572530206133,0.505045220390155,0.680881828046733,"ASB13"
"ENSG00000196376.11",26.7749501267135,-0.0444084844320436,0.14998774613823,-0.296080750430881,0.76716841420802,0.86940356777955,"SLC35F1"
"ENSG00000196378.13",315.296194370918,-0.0758828748081722,0.0671279949116757,-1.13042069717732,0.258298996980662,0.449273732118342,"ZNF34"
"ENSG00000196381.11",37.0133747542754,-0.144105439736312,0.134115860373077,-1.07448469804724,0.282605499389967,0.475071188648834,"ZNF781"
"ENSG00000196387.9",680.691432630858,-0.0723326532730352,0.0571132580459202,-1.26647744758106,0.205342198628069,0.386676129028877,"ZNF140"
"ENSG00000196388.8",124.621197977077,-0.177800334868008,0.074959662902153,-2.37194683092553,0.017694636799032,0.0787155990045659,"INCA1"
"ENSG00000196391.11",187.543613584069,-0.116984091475051,0.0831709009777132,-1.40655072988086,0.159560651759444,0.330139305895031,"ZNF774"
"ENSG00000196396.10",4337.99226970146,-0.00721240278046068,0.0751375431029684,-0.095989334793351,0.923529043049696,0.959803256129193,"PTPN1"
"ENSG00000196405.13",3160.37891325873,-0.0741477657093443,0.0827673798623453,-0.895857351442841,0.370328954624396,0.562753292542335,"EVL"
"ENSG00000196406.4",1.32420082304265,1.98585126635325,0.767263550140137,2.58822573546018,0.0096471737108895,0.052344092952517,"SPANXD"
"ENSG00000196407.12",273.246589726559,0.201684694459313,0.14630561043902,1.37851647557545,0.168043884634981,0.340668661337198,"THEM5"
"ENSG00000196411.10",5630.84389038843,-0.00475239129913492,0.0935543012366472,-0.0507982127632343,0.959486315048603,0.979522196949379,"EPHB4"
"ENSG00000196415.10",7.3858150388688,0.25704054884118,0.267396483034704,0.961271240085162,0.336415804603232,0.529790046954042,"PRTN3"
"ENSG00000196417.13",526.416666662836,-0.0279530773630548,0.0577989697221385,-0.483625875987684,0.628651407262828,0.775518931687842,"ZNF765"
"ENSG00000196418.12",406.881532003177,-0.51950656704821,0.133663470968669,-3.8866757183792,0.000101626369384243,0.00222595178678262,"ZNF124"
"ENSG00000196419.13",14304.602580061,0.18414457667039,0.0615055537205426,2.99395039197714,0.00275390716732479,0.0223082478969847,"XRCC6"
"ENSG00000196420.7",33.9138511185929,0.441606347811038,0.189586996423656,2.32930715788236,0.0198427994528952,0.0848479735660469,"S100A5"
"ENSG00000196421.8",69.3841987570786,0.116624975944086,0.139545017345109,0.835751631716529,0.403294642156595,0.593060447054749,"C20orf204"
"ENSG00000196422.11",1517.1333000562,-0.0440515234554329,0.0767906406174866,-0.573657454882616,0.566199623849364,0.728492969424057,"PPP1R26"
"ENSG00000196427.13",2.6952197105209,0.821683807693889,0.398886761421142,2.05994253799353,0.0394040344628523,0.133361646779683,"NBPF4"
"ENSG00000196428.12",2115.42802585161,0.253681722703275,0.0946612458743032,2.67988996299636,0.00736463651514069,0.0436179122210386,"TSC22D2"
"ENSG00000196433.13",5.34125022350003,0.161759406338613,0.173907385083081,0.930146849493114,0.352295056728335,0.545786846145019,"ASMT"
"ENSG00000196436.8",130.812685106768,0.194736552994536,0.22705927980486,0.857646307880026,0.39108779630715,0.581947170932956,"NPIPB15"
"ENSG00000196437.12",229.527022174739,-0.0655673653762686,0.0791601040224057,-0.828288014347608,0.407507408997911,0.59696150691985,"ZNF569"
"ENSG00000196440.11",472.994737876056,-0.287095842360012,0.094274945992835,-3.04530370541747,0.00232445456354519,0.0198077134811609,"ARMCX4"
"ENSG00000196449.4",876.49256977137,0.0640272574436727,0.0659024761611988,0.971545549928363,0.331276682060199,0.524899798963936,"YRDC"
"ENSG00000196453.8",902.188995269412,0.210625395656224,0.0728692216148931,2.89045760320262,0.00384681415644717,0.0279511094959833,"ZNF777"
"ENSG00000196455.8",1565.25677264102,-0.0193597628856053,0.0524233092790359,-0.369296848135974,0.711906474604642,0.833664072953703,"PIK3R4"
"ENSG00000196456.13",156.703903976244,0.07291433209231,0.0919206971341505,0.793230843167972,0.427643340673177,0.614877509503984,"ZNF775"
"ENSG00000196458.11",669.724663605251,-0.143255466783734,0.0849451447549754,-1.68644679100795,0.0917097754791724,0.231417761317832,"ZNF605"
"ENSG00000196459.14",689.996932768429,-0.0998378938724886,0.0568138804714536,-1.75727996475531,0.0788701010664744,0.209864312244736,"TRAPPC2"
"ENSG00000196460.14",41.875021804688,0.330511992974524,0.168170987930944,1.96533300446711,0.0493757080183144,0.154397055231872,"RFX8"
"ENSG00000196465.10",1172.59689939977,0.123792267270579,0.0952270562668664,1.29996948476135,0.193611428085635,0.373120062333729,"MYL6B"
"ENSG00000196466.10",166.434538744918,-0.16647817359149,0.0758600012453659,-2.19454483072079,0.0281962647316964,0.106240181271205,"ZNF799"
"ENSG00000196468.8",1.72121050558373,-0.209938093364215,0.305106561778181,-0.688081213791937,0.491401639996336,0.669446948520356,"FGF16"
"ENSG00000196470.12",515.492401053343,-0.052720834316435,0.0609666318090572,-0.864749006990456,0.387176564870132,0.57835020523247,"SIAH1"
"ENSG00000196476.12",516.195948345338,-0.227080837397075,0.095114769789614,-2.3874403302385,0.0169661566820406,0.0764556381179181,"C20orf96"
"ENSG00000196482.18",119.917836281249,-0.211122222309,0.205803407737486,-1.02584415209635,0.304965050685331,0.498267725006954,"ESRRG"
"ENSG00000196497.17",10.4798828619296,-0.0613009205996164,0.119706423825419,-0.512093826217866,0.608585345164646,0.76094309898098,"IPO4"
"ENSG00000196498.13",12090.3465233884,-0.00136744848087515,0.076667723168759,-0.0178360387442986,0.985769654567104,0.993047569049066,"NCOR2"
"ENSG00000196502.12",928.027737908805,0.0777103803153364,0.130979126315126,0.593303547684163,0.552978024961838,0.718086332204325,"SULT1A1"
"ENSG00000196503.5",59.4469577160062,0.0134857852146083,0.174681516750094,0.0772021302854933,0.938462746984077,0.967929385137521,"ARL9"
"ENSG00000196504.19",5202.84991392786,0.0206399395254087,0.0468826877961779,0.440246506666611,0.659758579679532,0.797637533345582,"PRPF40A"
"ENSG00000196505.11",1105.74686819466,-0.126233882447548,0.0850270609150701,-1.48463184648518,0.137641374539369,0.299902844278655,"GDAP2"
"ENSG00000196507.11",857.644091585561,0.0555125035178781,0.0737191883941773,0.753026514902092,0.451433980882629,0.635036007586169,"TCEAL3"
"ENSG00000196510.12",1888.73827881927,-0.0224089245617138,0.0582344491513113,-0.384805298037393,0.700381673566726,0.82523382849862,"ANAPC7"
"ENSG00000196511.14",294.342999597207,0.162227262814414,0.111805992534016,1.45097108963152,0.146787910671008,0.312848723511291,"TPK1"
"ENSG00000196517.13",836.75997185199,0.000410581150228688,0.0905407793960951,0.00453476491993172,0.996381793484376,0.998210732139965,"SLC6A9"
"ENSG00000196526.10",497.057825548411,0.165724009263385,0.0909132836279662,1.82288003083859,0.0683215630060396,0.19103298875956,"AFAP1"
"ENSG00000196531.14",15185.9207580596,0.0973528769418485,0.0611972832961935,1.5908039000794,0.111653714976637,0.262406571414977,"NACA"
"ENSG00000196534.5",0.739764440042423,0.300711305055991,0.518952587240417,0.579458147911071,0.562280078517489,0.725890521310743,"OR9K1P"
"ENSG00000196535.17",3174.40032463489,-0.0950808402522045,0.0846416201403969,-1.12333436073756,0.261295515778496,0.452759009410507,"MYO18A"
"ENSG00000196542.8",232.259084100975,-0.418652517565322,0.285625163935707,-1.46574101454016,0.142718855960876,0.307304286088827,"SPTSSB"
"ENSG00000196544.8",259.774681086788,0.111904888306707,0.0716558422401759,1.56169943452237,0.118358812085816,0.272549448801568,"BORCS6"
"ENSG00000196547.15",1952.47151780782,-0.0533916734175332,0.0715177508428615,-0.746551349676043,0.45533442446524,0.638609232637026,"MAN2A2"
"ENSG00000196549.12",1311.08299822146,0.427277199354173,0.205391338143516,2.08030778326015,0.0374973113616997,0.12880705604262,"MME"
"ENSG00000196550.10",48.4329152003295,0.310941819137372,0.140643374886828,2.2108529419717,0.027046022282455,0.103475433216476,"FAM72A"
"ENSG00000196553.15",5.46097936814783,-0.353428155396186,0.266915752706274,-1.32411875961894,0.185463606175179,0.363406499934685,"CCDC196"
"ENSG00000196557.13",596.406261005917,-0.273641905488241,0.168876318559683,-1.62036872796663,0.105153093315029,0.252446965199173,"CACNA1H"
"ENSG00000196562.14",2453.01251149644,0.114114477039705,0.128942615412093,0.88500203501381,0.376155533792197,0.567786653578042,"SULF2"
"ENSG00000196569.13",1245.33034724985,-0.271269843045152,0.123440484204218,-2.19757597998698,0.0279793364974326,0.105754168879471,"LAMA2"
"ENSG00000196576.15",18142.3167889314,0.192341092292351,0.0862172533721533,2.23088865359835,0.0256885055082394,0.100146067199744,"PLXNB2"
"ENSG00000196581.11",34.648156352109,-0.0486575767440712,0.177732319497288,-0.27376887266029,0.784262246041177,0.880167499944469,"AJAP1"
"ENSG00000196584.3",307.080119194667,0.133122790339527,0.141642215407187,0.939852500589826,0.347293224651546,0.541084436722539,"XRCC2"
"ENSG00000196586.16",7033.33575276747,-0.188570531450906,0.0762303866484199,-2.47369244394112,0.0133724761378883,0.06515583902513,"MYO6"
"ENSG00000196588.20",2464.89120358389,0.226143721349765,0.0602431647147476,3.75384863030618,0.000174140047159818,0.00324762950077097,"MRTFA"
"ENSG00000196591.12",4322.08407264553,0.0932752973240737,0.0686746793776373,1.35821962576861,0.174394004907054,0.349617607356569,"HDAC2"
"ENSG00000196593.9",3.05472537820374,-0.079181088932845,0.303850063022877,-0.260592636200584,0.794406668987625,0.88660055749405,"ANKRD20A19P"
"ENSG00000196597.13",168.604673438375,-0.292968629786027,0.0920663612583411,-3.18214628863139,0.00146187958897216,0.0142979897637045,"ZNF782"
"ENSG00000196604.13",6.62292054110862,0.11765691785101,0.207060978758257,0.568223518292038,0.569883203978354,0.731201314046266,"POTEF"
"ENSG00000196605.7",272.822323946114,-0.153406170580369,0.0772044598128914,-1.98701177305244,0.0469210922077651,0.149482819254494,"ZNF846"
"ENSG00000196611.5",2932.52653165705,0.606602489896552,0.242338894993969,2.50311651339191,0.0123105009735842,0.061539565902934,"MMP1"
"ENSG00000196616.14",3877.28648066751,-0.0146474943765764,0.25941316924112,-0.0564639583234181,0.95497220678992,0.976770804321253,"ADH1B"
"ENSG00000196620.10",28.1856526778318,-1.54591627407036,0.286556480406109,-5.39480479338482,6.85980892230035e-08,1.04763127729425e-05,"UGT2B15"
"ENSG00000196628.20",3251.0806606119,-0.145398116007875,0.118257409805335,-1.22950533287696,0.218882399619813,0.402966806599339,"TCF4"
"ENSG00000196632.10",135.861012371517,-0.292069330447153,0.191837805436399,-1.522480565198,0.127888711475331,0.286894338059981,"WNK3"
"ENSG00000196636.8",740.553185587837,0.0738134252409821,0.100318417871151,0.735791361221304,0.461857679344639,0.64423612026232,"SDHAF3"
"ENSG00000196639.7",720.436798630682,0.236223593708042,0.0951046169745471,2.48382887416772,0.0129978252471075,0.0638962882742031,"HRH1"
"ENSG00000196642.19",3863.32047109972,0.0526554725331576,0.0692471104973661,0.760399562594896,0.447015784673338,0.631658101062325,"RABL6"
"ENSG00000196646.12",477.21284924981,-0.214941345186075,0.063697706260448,-3.37439694150398,0.000739776101945039,0.00892045119958572,"ZNF136"
"ENSG00000196652.12",744.998628663754,0.0486594941603039,0.0544328385608007,0.893936370890377,0.371355936395109,0.563593617650653,"ZKSCAN5"
"ENSG00000196653.12",238.669855397487,-0.247500022172339,0.114106254166597,-2.16903117169183,0.0300803174246463,0.110848890271413,"ZNF502"
"ENSG00000196655.12",1761.00911588499,0.0211212976855529,0.0642858753536513,0.328552696363856,0.742493807517689,0.853232304766203,"TRAPPC4"
"ENSG00000196656.7",4.00155709534605,-0.0777523463056835,0.19285578297373,-0.403163156980752,0.686828201409077,0.816666140183646,"AC004057.1"
"ENSG00000196659.10",432.54235603339,-0.0359619395425372,0.0753314526450074,-0.477382796691902,0.633089562163845,0.7782539154865,"TTC30B"
"ENSG00000196660.11",9.0135509794176,-1.19087850724677,0.375460500369027,-3.17178106905066,0.00151507177220591,0.0146802341420406,"SLC30A10"
"ENSG00000196663.16",1180.21910619805,0.0136301828182509,0.0577282938464693,0.236109226690483,0.813347914456925,0.897927821223942,"TECPR2"
"ENSG00000196664.5",339.850394071249,-0.196982357186872,0.131928931632287,-1.49309446191759,0.135412462012005,0.297104412455685,"TLR7"
"ENSG00000196668.4",33.0788245053215,-0.284508918054306,0.158563977034242,-1.79428470057147,0.0727677388056172,0.199214036128929,"LINC00173"
"ENSG00000196670.14",957.789928318831,-0.0870808922220384,0.0679642187662624,-1.28127555650306,0.200096895387447,0.380697522037504,"ZFP62"
"ENSG00000196678.14",510.566057829676,-0.0416948400717342,0.0653208098290216,-0.638308682652147,0.523272761077906,0.695545176450942,"ERI2"
"ENSG00000196683.11",5577.94077567273,0.193158510648286,0.0719265321460882,2.68549733853381,0.00724219515478837,0.0430330900032785,"TOMM7"
"ENSG00000196684.12",940.321836991603,-0.0127826854183988,0.0976716728767929,-0.130874029715079,0.895874959237936,0.944769243519436,"HSH2D"
"ENSG00000196689.12",308.541648063448,-0.0931451442286625,0.1174027706259,-0.793381141961856,0.427555794467393,0.614806507372821,"TRPV1"
"ENSG00000196693.15",1373.55161724416,-0.199273282603753,0.077042952779453,-2.58652187402788,0.00969500165715006,0.0525055977472219,"ZNF33B"
"ENSG00000196696.13",135.710290731792,-0.253369457721515,0.139947815298723,-1.81045668473417,0.0702249956894828,0.194428339417044,"PDXDC2P-NPIPB14P"
"ENSG00000196700.9",2201.16755908803,-0.222813236946062,0.0944448278693159,-2.35918940160885,0.0183149054110076,0.080528017148531,"ZNF512B"
"ENSG00000196704.13",2839.61213192352,0.0564874111159528,0.057923438130555,0.975208187549822,0.329457001620385,0.523012204603636,"AMZ2"
"ENSG00000196705.8",1246.31008747435,-0.387462766405232,0.104545535391683,-3.70616272568305,0.000210423131242015,0.00373466020317525,"ZNF431"
"ENSG00000196711.9",56.3100451293236,-0.028828166767287,0.207078552494799,-0.13921367722527,0.889281300884107,0.941207813597052,"ALKAL1"
"ENSG00000196712.18",4454.3280197306,-0.0888590018441454,0.0826687167321396,-1.07488062421561,0.282428177798021,0.474916981838957,"NF1"
"ENSG00000196715.7",4790.5808973378,0.00415682630880445,0.062996925461116,0.0659845901744871,0.947390093974315,0.972211521705356,"VKORC1L1"
"ENSG00000196724.13",150.817280055031,-0.0969991897477347,0.137113390717361,-0.707437758195944,0.479294479418795,0.659141274042295,"ZNF418"
"ENSG00000196730.13",4346.03935147429,-0.337728460696224,0.116173384257711,-2.9071070181362,0.0036478837468905,0.0270166561368193,"DAPK1"
"ENSG00000196735.13",13406.1945516123,-0.153748612250754,0.140169555376543,-1.09687593598862,0.272695629453738,0.464938576914186,"HLA-DQA1"
"ENSG00000196739.15",1156.66128200287,-0.267602831278182,0.130753869707974,-2.04661500172689,0.0406959007223578,0.136087647925819,"COL27A1"
"ENSG00000196741.5",90.8742624474515,-0.0866474667899108,0.0678684456636908,-1.27669738038905,0.201709106663124,0.38247529833326,"LINC01560"
"ENSG00000196743.9",5917.46262261412,0.0574352493335617,0.0848994307507308,0.676509239528292,0.498717381816365,0.675490225669131,"GM2A"
"ENSG00000196747.4",39.862244406677,-0.232680888803887,0.229752590213525,-1.01274544320759,0.311181765801274,0.505152592950501,"H2AC13"
"ENSG00000196748.10",17.9112955757682,0.54745151110923,0.271058245336061,2.01968219203402,0.0434163634340374,0.142171829232754,"CLPSL2"
"ENSG00000196754.13",1801.534491389,0.503380240927902,0.227136719584135,2.2161993087227,0.0266778552104141,0.102597416370604,"S100A2"
"ENSG00000196756.13",1069.79447048439,-0.0954822077406567,0.0911792427384548,-1.04719237485383,0.295010861391708,0.487552191114876,"SNHG17"
"ENSG00000196757.8",416.592080204553,-0.296720872539297,0.0770814002311977,-3.84944839675088,0.000118384119896219,0.00247935644267255,"ZNF700"
"ENSG00000196776.17",11535.5807031951,-0.0422661655791382,0.0848259591565631,-0.498269232666472,0.618294290644569,0.767891663312926,"CD47"
"ENSG00000196781.16",1595.54454659518,0.355962428081389,0.0766614147407629,4.6433062745464,3.42877486891329e-06,0.000183527655483489,"TLE1"
"ENSG00000196782.12",757.827985885313,0.0165756161528569,0.0825059739568637,0.200902011792784,0.840775194603165,0.913373800149086,"MAML3"
"ENSG00000196787.3",96.3374708246356,-0.311437729938343,0.204210083037916,-1.52508497771149,0.12723790361074,0.285916004651212,"H2AC11"
"ENSG00000196792.12",1869.28734796416,0.00271117391575666,0.0748321164780187,0.0362300846662949,0.971098897635972,0.985484670923718,"STRN3"
"ENSG00000196793.14",269.903701185821,-0.0324444734616334,0.102483376259552,-0.316582792700581,0.751560194123099,0.858989006196374,"ZNF239"
"ENSG00000196800.6",4.82831970951283,-0.244106038193062,0.251509303755442,-0.970564645315948,0.331765118750825,0.525373672877246,"SPINK14"
"ENSG00000196805.7",0.706542072614484,-0.344132672288251,0.715026285386902,-0.481286743328661,0.630312717564227,0.776761967199652,"SPRR2B"
"ENSG00000196810.5",906.730090101097,0.118199273092626,0.0574050788694857,2.05903859763627,0.0394905411258624,0.133523526919938,"CTBP1-DT"
"ENSG00000196811.13",2.89028843129905,-0.201134052863616,0.289895194643289,-0.693816443253254,0.487797329281975,0.666512208970893,"CHRNG"
"ENSG00000196812.5",222.706830847076,-0.159415421987345,0.0769632246060086,-2.07131942305467,0.0383289553391595,0.130706331056708,"ZSCAN16"
"ENSG00000196814.15",1286.54951777218,-0.25563184742404,0.110379053617755,-2.31594527263569,0.0205612570007924,0.086792796730473,"MVB12B"
"ENSG00000196821.10",7138.48378829249,0.0767689110102726,0.0621285812495234,1.23564564756356,0.21659030911289,0.400281249582203,"ILRUN"
"ENSG00000196839.13",383.015659450834,0.204590275448995,0.109576014787313,1.86710819741076,0.0618864799093471,0.179366812537816,"ADA"
"ENSG00000196843.17",1319.39631789353,0.0082862080680516,0.0945076178284301,0.0876776735934075,0.930132865163147,0.963111170959993,"ARID5A"
"ENSG00000196844.9",1.5390270590961,-0.0157871063299727,0.337324906447249,-0.0468008914498626,0.962671918539477,0.981442574963838,"PATE2"
"ENSG00000196850.6",2326.0130016911,0.0559509294824862,0.0648809591624022,0.862362859686407,0.388487871700795,0.579557931625755,"PPTC7"
"ENSG00000196859.8",9.7569693269816,-0.334331408734114,0.206829028045316,-1.6164626981705,0.105994312042422,0.253692928168824,"KRT39"
"ENSG00000196860.8",6.91891999031988,-0.0726982804234084,0.110667316258753,-0.656908316574978,0.511239870368208,0.686263567622319,"TOMM20L"
"ENSG00000196862.10",36.1873086949153,-0.237090341585185,0.12349574134769,-1.91982605228208,0.0548798749565176,0.165499608417331,"RGPD4"
"ENSG00000196865.4",1945.61500035507,-0.156484377643369,0.071553273474226,-2.18696322397795,0.0287452088072784,0.107602230359874,"NHLRC2"
"ENSG00000196866.3",0.944066127630571,0.112099718897919,0.538949418801095,0.207996733992751,0.835231517485698,0.910284238302061,"H2AC7"
"ENSG00000196867.8",331.854670715545,-0.170880625861737,0.089585507552239,-1.90745836609893,0.0564612574794078,0.168615158646735,"ZFP28"
"ENSG00000196872.12",787.287627270325,-0.166793210066982,0.111610918012277,-1.4944166129754,0.135066762058406,0.296523422961458,"CRACDL"
"ENSG00000196873.16",30.7483788720186,-0.272759895610354,0.109106754011696,-2.49993593963134,0.0124215765701721,0.0619274556380262,"CBWD3"
"ENSG00000196876.18",227.025372760306,-0.330121061188361,0.172969994140269,-1.90854525277172,0.0563207801738086,0.168335374299902,"SCN8A"
"ENSG00000196878.15",18651.0889222071,0.61336822756861,0.144337957922163,4.24952823497324,2.14221206826259e-05,0.0007005959370203,"LAMB3"
"ENSG00000196890.4",55.277655526879,-0.0316325852986819,0.206841923326693,-0.152931208480016,0.878452524579624,0.935104230107092,"H2BU1"
"ENSG00000196911.11",564.320080024768,-0.320056499204795,0.0811745522268049,-3.9428181668381,8.0529711151688e-05,0.0018788196730015,"KPNA5"
"ENSG00000196912.12",90.0162275320766,-0.540204933267964,0.135366531133296,-3.99068313818296,6.58832526214214e-05,0.0016223750958025,"ANKRD36B"
"ENSG00000196914.9",9815.30104388515,-0.132271749012989,0.0687032291253147,-1.92526247597075,0.0541965295459766,0.164182443873903,"ARHGEF12"
"ENSG00000196917.6",431.257966262996,-0.316399529922125,0.215243815268061,-1.4699587513262,0.141572925952971,0.305627507700186,"HCAR1"
"ENSG00000196922.10",1274.74014537915,-0.175671195016994,0.0707241628746664,-2.48389217880613,0.0129955149279148,0.0638962882742031,"ZNF252P"
"ENSG00000196923.14",2725.29705031682,0.462250911192885,0.0996441240531139,4.6390182620953,3.50068122544954e-06,0.000186477088062227,"PDLIM7"
"ENSG00000196924.19",56224.1953091731,0.162771769056543,0.102500844713591,1.588004172174,0.112285395689666,0.263367591999351,"FLNA"
"ENSG00000196932.12",99.6447763720779,-0.157204179246954,0.120085021869659,-1.30910730413643,0.19049800542698,0.369336716438413,"TMEM26"
"ENSG00000196933.5",3.34665455847723,0.141891261912969,0.170539628423059,0.832013434208843,0.405401361609681,0.594949639957292,"RPS26P11"
"ENSG00000196935.9",712.694484000537,0.176205134156859,0.106712692275822,1.65121065169474,0.0986955688688404,0.242374535247496,"SRGAP1"
"ENSG00000196937.11",3030.15851330498,0.00170240129742185,0.114264911626294,0.014898723266768,0.988112978495632,0.993934539641521,"FAM3C"
"ENSG00000196943.14",1093.71821094484,0.0347674960734633,0.0614832389489978,0.565479253659749,0.571747831537666,0.732630303878974,"NOP9"
"ENSG00000196950.14",2040.67182790231,0.141235735731775,0.0821702623340056,1.71881811886739,0.0856474952543327,0.221457340202221,"SLC39A10"
"ENSG00000196951.11",35.9339974536952,-0.113357373770004,0.109880775939445,-1.03163972770337,0.302240922242172,0.495202117333103,"SCOC-AS1"
"ENSG00000196954.14",3915.54610606206,0.107174818486973,0.0788538245879593,1.35915815177008,0.174096478944232,0.349294568729077,"CASP4"
"ENSG00000196961.13",4173.92904916832,0.248029561180284,0.0656619741827315,3.77736984407504,0.000158493285328528,0.00303958349564671,"AP2A1"
"ENSG00000196967.11",277.119078085463,-0.0831157335346948,0.0830608352360443,-1.00066094084528,0.316990756895682,0.510945207907429,"ZNF585A"
"ENSG00000196968.11",1069.39006430475,0.0594429476489821,0.0592050952320896,1.00401743153964,0.31537021156021,0.509418293798169,"FUT11"
"ENSG00000196972.9",89.0345216871669,0.263184755202261,0.117355744354645,2.24262354305321,0.0249211007468066,0.098375409907924,"SMIM10L2B"
"ENSG00000196975.16",6770.63968654809,0.261280533015217,0.0907139969175403,2.88026701384046,0.00397338503800802,0.0286643354432071,"ANXA4"
"ENSG00000196976.7",1006.76839189424,0.121571628225935,0.106472768898034,1.14180958647145,0.253533176707333,0.443906392433198,"LAGE3"
"ENSG00000196979.1",4.37552974760043,0.653029278031097,0.223076719006671,2.92737530361279,0.00341836106651902,0.0259360745186002,"GPRACR"
"ENSG00000196981.4",497.051444907898,-0.142085833447767,0.0594443015942895,-2.39023471782897,0.0168376082067034,0.076061667574732,"WDR5B"
"ENSG00000196990.9",12.2117818144088,-0.269742540488659,0.186627849223987,-1.44534988540172,0.148359632319245,0.314948494472016,"FAM163B"
"ENSG00000196993.8",2.3922026267673,0.107589861844416,0.226311389886419,0.475406305879756,0.634497400724412,0.779150264175194,"NPIPB9"
"ENSG00000196998.19",910.942126948528,0.0900295052657246,0.0630417755585044,1.42809279193247,0.153265151938126,0.321690625613165,"WDR45"
"ENSG00000197006.14",4646.19166581279,0.195774452167268,0.0688974548031369,2.841533881428,0.00448970809873661,0.0311332954216665,"METTL9"
"ENSG00000197008.10",462.790463956596,0.00058046919988929,0.0884402191281084,0.00656340752670979,0.994763196066992,0.997492857142406,"ZNF138"
"ENSG00000197013.10",683.311458948341,-0.319951654687285,0.0872250003558342,-3.66811869741523,0.000244341751194957,0.00417172816540191,"ZNF429"
"ENSG00000197016.12",320.728597185056,-0.185783682440563,0.0808978074225951,-2.29652308708521,0.0216459906543118,0.089589752219543,"ZNF470"
"ENSG00000197019.5",1372.97575541635,0.195225254414025,0.110455359557955,1.76745841211618,0.0771514879451647,0.206712094653015,"SERTAD1"
"ENSG00000197020.11",506.875922534192,-0.360090082211902,0.0916371926049026,-3.92951892103946,8.51159793153202e-05,0.0019604066550397,"ZNF100"
"ENSG00000197021.9",705.77860473913,0.0102728260766264,0.0616056450691609,0.166751375869755,0.867565679319173,0.929339258737877,"EOLA2"
"ENSG00000197024.9",924.301759010457,0.0158122687178205,0.0485844856212282,0.325459218424072,0.744833542922213,0.854672531813311,"ZNF398"
"ENSG00000197037.11",802.019563877889,-0.053757291058771,0.0497774267345198,-1.07995319536056,0.280163023137778,0.472659751156686,"ZSCAN25"
"ENSG00000197043.14",5861.09526540383,0.117292200694461,0.0889969421092151,1.31793517748646,0.187525348564327,0.365660151678115,"ANXA6"
"ENSG00000197044.11",284.596550933429,-0.283469910571678,0.0908679577988145,-3.11958051483112,0.00181108756799424,0.0167304490569457,"ZNF441"
"ENSG00000197045.13",3478.04963837606,0.0504117466623545,0.072619704687499,0.694188263079408,0.487564152144845,0.666275635896988,"GMFB"
"ENSG00000197046.12",59.5962740034935,0.268481559471093,0.154662338285032,1.7359207318869,0.0825778514859824,0.216312982531829,"SIGLEC15"
"ENSG00000197050.11",340.338154534915,-0.0632900474941699,0.0715250929332227,-0.884864945974399,0.376229476135379,0.567857827045751,"ZNF420"
"ENSG00000197054.12",56.2634799367767,-0.310665358473988,0.099234455817973,-3.13061986296217,0.00174437797026164,0.0162996283367726,"ZNF763"
"ENSG00000197056.11",603.995797167174,-0.11307261434279,0.0723146836837259,-1.56361901321898,0.117907067043121,0.271772361054183,"ZMYM1"
"ENSG00000197057.10",238.697938241463,-1.04386115290351,0.206749369427631,-5.04892061239828,4.443133136876e-07,4.12047998679701e-05,"DTHD1"
"ENSG00000197061.5",15.4826120439187,-0.00198373722890876,0.304034749044741,-0.00652470559744089,0.994794075077629,0.997492857142406,"H4C3"
"ENSG00000197062.11",464.614673926317,-0.15480938262779,0.0595734490886422,-2.59863051403053,0.00935964572038264,0.0513361919223557,"ZSCAN26"
"ENSG00000197063.11",1810.03306735185,0.0302735683660641,0.0780904348045489,0.387673195082538,0.698257894665928,0.823760813783732,"MAFG"
"ENSG00000197070.14",1900.36990338691,0.116789461043608,0.0828596116664229,1.40948598110476,0.158691515876695,0.328920572868064,"ARRDC1"
"ENSG00000197077.13",3203.87411826587,-0.253885371447108,0.0808176922138642,-3.14145782306259,0.00168109019743884,0.0158192583220269,"KIAA1671"
"ENSG00000197081.16",10313.373837226,0.00282392870039791,0.070835823056354,0.0398658274662992,0.96820009516508,0.983954900490928,"IGF2R"
"ENSG00000197083.11",47.8130400576523,0.0879899556021646,0.16034891147001,0.548740585735883,0.583183489356283,0.741462151956722,"ZNF300P1"
"ENSG00000197085.11",15.2444861193418,-0.52552790235501,0.29155388022024,-1.80250697386715,0.0714656784812975,0.196636928403127,"NPSR1-AS1"
"ENSG00000197093.11",543.509513592463,0.100216811140605,0.110351534327413,0.908159653161336,0.36379387730005,0.556556821843147,"GAL3ST4"
"ENSG00000197099.8",6.14984022313403,-0.023058618137462,0.178030714222,-0.129520449537199,0.896945844846253,0.94521151806723,"AC068631.1"
"ENSG00000197102.12",15610.6440362143,0.0452967493712623,0.0734908268913374,0.616359228591039,0.537657456086523,0.706011727212883,"DYNC1H1"
"ENSG00000197106.7",42.9312530457255,0.732616651405573,0.228783571504835,3.20222578302607,0.00136370066418535,0.0136382758327714,"SLC6A17"
"ENSG00000197110.9",1.12816082992991,0.937730940388218,0.376026470093291,2.49378970622885,0.0126387398747607,0.062634945914023,"IFNL3"
"ENSG00000197111.16",6655.02981623524,0.0651506138225329,0.0624687074252996,1.0429319975996,0.296979788824652,0.489642356724564,"PCBP2"
"ENSG00000197114.12",220.555046162497,-0.175553396367262,0.0927898368004374,-1.89194638573213,0.0584981245890154,0.172600462313384,"ZGPAT"
"ENSG00000197119.13",1607.72039242684,-0.347377663090485,0.111692985573118,-3.11011171657757,0.00187016596188919,0.0171147430921322,"SLC25A29"
"ENSG00000197121.15",744.612646936328,-0.373885446809097,0.109476157576822,-3.41522259352895,0.000637299079661158,0.00796157533176695,"PGAP1"
"ENSG00000197122.12",3927.68696467531,0.0531976628664382,0.0770226144450327,0.690675891096929,0.489769243362994,0.668109785269367,"SRC"
"ENSG00000197123.9",0.975033735820499,0.754282353152633,0.807508483335224,0.934085980171065,0.350259543238935,0.543898832698408,"ZNF679"
"ENSG00000197124.12",293.847586744344,-0.705617386541572,0.142351706747363,-4.9568593356865,7.16418048511966e-07,5.78924905075458e-05,"ZNF682"
"ENSG00000197128.12",361.85198984142,-0.166975430655865,0.0978040469325025,-1.70724459664843,0.0877765990738438,0.225020891119233,"ZNF772"
"ENSG00000197134.13",90.3870563454334,-0.541993382691116,0.184460844580666,-2.93825708064618,0.00330063204212935,0.0252732158644463,"ZNF257"
"ENSG00000197136.4",3850.79889855256,0.0370967344170238,0.0685730335200598,0.540981381641397,0.588520415728571,0.745526486146597,"PCNX3"
"ENSG00000197140.15",45.7890141321,0.0630523641802681,0.161837708287594,0.389602428552811,0.696830556054056,0.823045036963308,"ADAM32"
"ENSG00000197142.10",5349.58827289077,-0.218972600156826,0.122589808904053,-1.78622189001216,0.074063338133764,0.201442419162361,"ACSL5"
"ENSG00000197147.15",1495.02023744424,-0.00896274882633421,0.0726319515350698,-0.12339953198155,0.9017907276663,0.947820708748654,"LRRC8B"
"ENSG00000197149.5",209.234193883021,0.264268479648316,0.113462367404232,2.32912890585834,0.0198522377799661,0.0848685100089846,"AC107956.1"
"ENSG00000197150.13",1755.32971932834,0.131454208113729,0.067943749897199,1.93475055928799,0.0530209127848831,0.16184333449593,"ABCB8"
"ENSG00000197153.5",8.90948460185814,-0.302431315428585,0.258000502941015,-1.17221211579471,0.24111190527817,0.429158149703108,"H3C12"
"ENSG00000197157.11",11299.4833700986,0.0613293266075422,0.0577148099217044,1.06262719552817,0.287951048986534,0.480466810700581,"SND1"
"ENSG00000197162.10",367.071510201749,-0.205867702947823,0.0671499672143827,-3.06579007388895,0.00217095679757903,0.0188961214802088,"ZNF785"
"ENSG00000197165.11",39.3045312279597,0.13161637045971,0.163661560176679,0.804198434364333,0.421282382864829,0.609059674697218,"SULT1A2"
"ENSG00000197168.13",166.618327472108,-0.701346025194847,0.175104448710456,-4.00530100953951,6.19385567308498e-05,0.00155046644303773,"NEK5"
"ENSG00000197170.10",3364.06284172469,0.123438864706921,0.0536209021672124,2.30206616669722,0.0213314410598583,0.0886626301130916,"PSMD12"
"ENSG00000197171.6",0.890200966417821,-1.86877764069492,0.51151047187802,-3.65344942760149,0.000258740768412554,0.00432659789189311,"AL672167.1"
"ENSG00000197172.10",385.715819641986,-0.282877885328659,0.610183181761917,-0.46359502159965,0.642937921827036,0.785372674055679,"MAGEA6"
"ENSG00000197177.15",12.2939108041759,-0.864234567633269,0.31434318107265,-2.74933454794278,0.00597164020961339,0.0378404677386103,"ADGRA1"
"ENSG00000197180.2",247.440920085281,-0.0640569560741725,0.103744845768595,-0.617447118453024,0.536939851252887,0.705320121040141,"CH17-340M24.3"
"ENSG00000197181.12",19.9402864483122,0.0513210167290607,0.167109725496107,0.307109694404089,0.758759878981202,0.863927734748046,"PIWIL2"
"ENSG00000197182.14",112.627118748242,0.298075228709841,0.151966858923521,1.96144890288119,0.0498266800878392,0.155384007134173,"MIRLET7BHG"
"ENSG00000197183.14",1616.29906964314,0.0373654763385144,0.0742621174922101,0.503156624135233,0.61485415843913,0.76558171646307,"NOL4L"
"ENSG00000197191.6",81.0577734246144,0.00639114309698577,0.1559837160085,0.0409731429698566,0.967317306681656,0.983385602349762,"CYSRT1"
"ENSG00000197208.6",154.201722370779,-0.312560900766789,0.125087244954426,-2.49874318425244,0.0124634596192924,0.0620433554283945,"SLC22A4"
"ENSG00000197213.10",1.52418542724509,-0.0359268227315377,0.22367070609977,-0.160623728328162,0.87238976505552,0.93171887364044,"ZSCAN5B"
"ENSG00000197217.13",2632.5496137226,-0.173446535674907,0.0708790816555435,-2.44707650866328,0.0144020263529039,0.0683906237865111,"ENTPD4"
"ENSG00000197223.12",781.815059057247,0.0639980229051081,0.0661333675691262,0.967711538932505,0.333188453688508,0.526772984918507,"C1D"
"ENSG00000197226.13",6421.48929223931,0.0821918630368338,0.0603872825161522,1.36107901551704,0.173488720365107,0.348516259404786,"TBC1D9B"
"ENSG00000197238.5",8.07534651184016,0.0131607853684667,0.20211630860168,0.0651149106151708,0.948082508673404,0.972622283340944,"H4C11"
"ENSG00000197241.3",2.46651096435598,0.263889534121188,0.220435081138972,1.19713038758482,0.231255737413796,0.417889560666387,"SLC2A7"
"ENSG00000197245.6",99.7545058401235,0.0104686095600064,0.146493428430947,0.071461291282025,0.943030630845337,0.970100073931956,"FAM110D"
"ENSG00000197249.14",42815.123758428,-0.115995912640452,0.177317741380788,-0.654169806908109,0.513002411501813,0.687576058217789,"SERPINA1"
"ENSG00000197251.3",7.40730527596593,-0.280604620191664,0.204921711102936,-1.36932596688454,0.170897404571828,0.344871335338214,"LINC00336"
"ENSG00000197253.13",979.52870125437,-0.0282703936769033,0.189896069933114,-0.148872979239965,0.881653863024883,0.936886410529199,"TPSB2"
"ENSG00000197256.11",4562.68572907852,-0.0464300136259882,0.0951779845604821,-0.487823038493567,0.625675191350644,0.773595430075277,"KANK2"
"ENSG00000197258.5",114.97452231907,0.00548879339565685,0.0860446088297375,0.06379009063215,0.94913736871955,0.973231850204431,"EIF4BP6"
"ENSG00000197261.11",239.729265304049,0.315790402113146,0.17242999497054,1.83141223293023,0.0670390367973023,0.188759844400502,"C6orf141"
"ENSG00000197265.9",1399.81445670473,0.159104131549723,0.0712843034350774,2.23196585900047,0.0256172194753863,0.0999969618940131,"GTF2E2"
"ENSG00000197272.2",12.3335879291873,0.0930944757596203,0.145092121111561,0.641623232511986,0.521117844548886,0.694072901482056,"IL27"
"ENSG00000197273.4",7.62738819570003,0.0709650466682299,0.303695887031677,0.233671411759448,0.815240083476366,0.898883527046817,"GUCA2A"
"ENSG00000197275.14",83.2652033443542,-0.075890222396378,0.116910941271575,-0.649128486786288,0.516255330379564,0.69040725906113,"RAD54B"
"ENSG00000197279.4",221.075526191627,-0.0538709611291245,0.0914645004352289,-0.58898218295385,0.555873225733275,0.720644116181223,"ZNF165"
"ENSG00000197283.17",635.337177438727,-0.123938451891917,0.0800290316642555,-1.54866864329777,0.12146139542301,0.276935061768145,"SYNGAP1"
"ENSG00000197291.9",65.6203878220969,-0.748788247741011,0.189513036042183,-3.95111736574334,7.77871629662152e-05,0.00183151910653055,"RAMP2-AS1"
"ENSG00000197296.6",915.015928866787,-0.118522439507034,0.0754501056147159,-1.57087175082652,0.116212441506624,0.269226972032568,"FITM2"
"ENSG00000197299.12",311.023758562458,0.168488177284733,0.11747913762736,1.43419657896343,0.151516173054739,0.319368657772169,"BLM"
"ENSG00000197301.7",33.6812131131337,-0.0119091780310572,0.209708777620918,-0.0567891252152778,0.954713176779771,0.976595870419053,"HMGA2-AS1"
"ENSG00000197302.10",832.079457755148,-0.213414403791617,0.0690413200339146,-3.09111128939573,0.00199408880117036,0.0178753899992904,"ZNF720"
"ENSG00000197312.12",2348.32338774867,-0.119835973745075,0.0666854607714155,-1.79703300177904,0.072330380732187,0.198425788210012,"DDI2"
"ENSG00000197320.5",14.6004060450378,-0.584587912849234,0.222852898217945,-2.62320085367488,0.0087107903173009,0.0489052853345529,"AC060834.1"
"ENSG00000197321.15",3802.16301110854,0.0534511452285386,0.0754286316814879,0.708632041135871,0.478552847434463,0.658583827283217,"SVIL"
"ENSG00000197323.12",2428.99591145577,-0.116528710449462,0.0637956937192442,-1.82659210451238,0.06776112139295,0.19000297593476,"TRIM33"
"ENSG00000197324.9",14022.1949093602,0.197641340810789,0.0718406761745001,2.75110635555156,0.00593943562596779,0.0377441554295373,"LRP10"
"ENSG00000197329.12",3124.54984715859,-0.141925414336562,0.0947051696798945,-1.49860260866723,0.133976755580182,0.295244239043213,"PELI1"
"ENSG00000197332.9",10.9165325110354,-0.272730629082857,0.137713581103859,-1.98041926509174,0.0476564369732829,0.151006543842344,"AC008543.1"
"ENSG00000197343.11",2932.59977621847,-0.219105446627416,0.0709392333719838,-3.08863567045465,0.00201077859675769,0.0179326331867333,"ZNF655"
"ENSG00000197345.13",1326.70216908179,0.121880152429312,0.076514910737464,1.59289413337361,0.111183942613636,0.261674466381719,"MRPL21"
"ENSG00000197353.4",7.1351818406672,0.209402390827125,0.293304900999411,0.713940988076245,0.47526367065824,0.655547640022571,"LYPD2"
"ENSG00000197355.11",763.062992847787,-0.049253737378099,0.0915668966244906,-0.537898948132807,0.590646814659322,0.747298183493684,"UAP1L1"
"ENSG00000197358.9",11.7639458625125,0.170458796929306,0.167842457966803,1.01558806391539,0.309825591169047,0.503564899765235,"BNIP3P1"
"ENSG00000197360.9",8.80100595888178,-0.514279194811388,0.320216712608902,-1.60603483378928,0.108266256551819,0.257474645024021,"ZNF98"
"ENSG00000197361.8",35.7783169366423,-0.0917593168625003,0.0931056721256095,-0.985539492574708,0.32435914260856,0.517890726311422,"FBXL22"
"ENSG00000197362.15",374.198231956055,-0.00798170792027548,0.0651435090839371,-0.122524991860526,0.902483254460475,0.948185116167802,"ZNF786"
"ENSG00000197363.9",595.394701822057,-0.0321875625971916,0.083973326031946,-0.383306987089525,0.701492159221202,0.825945242158312,"ZNF517"
"ENSG00000197372.10",466.562327301011,-0.220129104233293,0.0934395983243147,-2.35584386256947,0.0184806837427537,0.0809362541235858,"ZNF675"
"ENSG00000197375.13",684.285907219584,0.140622499460685,0.0706219846804684,1.99120005047913,0.0464588983275384,0.148569407551507,"SLC22A5"
"ENSG00000197380.11",312.091025028968,0.145227105392778,0.114988992154465,1.26296528625709,0.206601655403398,0.388236660458617,"DACT3"
"ENSG00000197381.16",1299.40916486696,-0.127011923935011,0.110511841990129,-1.14930600782454,0.250429821661661,0.440278822019416,"ADARB1"
"ENSG00000197385.6",135.564358385634,0.0834570178662036,0.0996057460225752,0.837873528373438,0.402101737426779,0.591942845340103,"ZNF860"
"ENSG00000197386.12",4996.89308453247,0.000187823596278963,0.0630709516141502,0.0029779730838376,0.997623924765887,0.998806848820506,"HTT"
"ENSG00000197403.4",2.07668103877104,0.0635957737716156,0.352522898143505,0.180401823843304,0.856837122596315,0.923193473223272,"OR6N1"
"ENSG00000197405.8",1575.03299790241,0.198185143670454,0.136581519755697,1.45103923301591,0.146768935814945,0.312848337287083,"C5AR1"
"ENSG00000197406.7",37.3826172409127,0.902011948916911,0.208115860997516,4.33418166493171,1.46303325079502e-05,0.000525326370675363,"DIO3"
"ENSG00000197408.10",16.9715580989999,1.41257794192471,0.322658705291592,4.37793221989203,1.19810595752833e-05,0.000455869047359893,"CYP2B6"
"ENSG00000197410.14",56.4923406388197,-0.412210325695513,0.209063189514439,-1.97170208037529,0.0486436260267072,0.15299879464404,"DCHS2"
"ENSG00000197415.12",875.798437560172,-0.0994060518869505,0.204974286329611,-0.484968400997869,0.627698760490832,0.775147434459246,"VEPH1"
"ENSG00000197417.9",175.949007737911,0.0777405277499341,0.0834346252067828,0.931753783962754,0.351463783966929,0.545031615800036,"SHPK"
"ENSG00000197421.10",10.169280999363,-0.451902034945542,0.194222703924673,-2.32672095390459,0.0199801218727935,0.0851933297961255,"GGT3P"
"ENSG00000197429.11",595.72260178276,-0.0604541117781298,0.0591404014645474,-1.02221341555096,0.306679902603464,0.500210366322611,"IPP"
"ENSG00000197442.10",1908.20817876124,-0.0357262377363901,0.0763543835463607,-0.467900283874309,0.639855900478079,0.783159534378027,"MAP3K5"
"ENSG00000197444.10",141.629648399092,0.056419944013803,0.25989911200661,0.2170840199422,0.828142867266727,0.906007435155437,"OGDHL"
"ENSG00000197446.9",67.0748498536933,-1.12218490596494,0.295419414544981,-3.79861597008911,0.000145506342972529,0.00286455385381605,"CYP2F1"
"ENSG00000197448.14",4669.22727956706,0.154044789558289,0.0730120833107691,2.10985336362218,0.0348709883297492,0.122335070017107,"GSTK1"
"ENSG00000197451.12",5106.88729471926,0.24237103740372,0.0609272402097676,3.97804063616301,6.9485498396335e-05,0.00169684874196828,"HNRNPAB"
"ENSG00000197457.10",1709.24017296246,0.0765945819295506,0.150365110355584,0.509390654177817,0.610478425893751,0.762222322643189,"STMN3"
"ENSG00000197461.13",1457.22944523167,-0.0529301193595877,0.116544180737078,-0.454163554326209,0.649711112703924,0.79039836574165,"PDGFA"
"ENSG00000197465.14",38.5593553311362,-0.194117004035683,0.202400044325043,-0.959075896860682,0.337520511879687,0.530977196144707,"GYPE"
"ENSG00000197467.16",345.347913440223,-0.00731846905786889,0.133447501466326,-0.0548415592457953,0.956264690713554,0.977643606758941,"COL13A1"
"ENSG00000197471.12",1431.06570652856,-0.0878740292767625,0.146978595956188,-0.597869565327434,0.549926968761639,0.715812961463781,"SPN"
"ENSG00000197472.15",40.2936779701105,-0.071971843864904,0.223354227555427,-0.322231840662355,0.7472770644903,0.856423246405354,"ZNF695"
"ENSG00000197476.3",28.50166390931,-0.508352837092622,0.239168124133707,-2.12550413619679,0.0335445693054602,0.119303423340101,"AC034105.1"
"ENSG00000197479.7",230.049800435318,0.0311873103548883,0.149105936435926,0.209162097099266,0.834321700100482,0.909836303994578,"PCDHB11"
"ENSG00000197483.10",324.192460777103,0.16374625020912,0.089709648367852,1.82529140608916,0.0679570663547847,0.19031751431274,"ZNF628"
"ENSG00000197496.6",1355.50646314833,0.223425165273191,0.138671385294072,1.61118434635514,0.107139548606892,0.25555215587973,"SLC2A10"
"ENSG00000197497.11",114.6907321585,-0.220268772082253,0.0942652833893051,-2.33669028684259,0.0194552939595251,0.0837828355703619,"ZNF665"
"ENSG00000197498.13",1153.07090059425,0.125586694511476,0.0607145878211647,2.06847644064377,0.0385952437450681,0.131331914350424,"RPF2"
"ENSG00000197506.8",259.74560526561,0.155238905931405,0.188447842761656,0.823776508430226,0.41006655787569,0.59939175094856,"SLC28A3"
"ENSG00000197520.10",127.639263825409,-0.171648828082449,0.21672226743649,-0.792022112507431,0.428347782888081,0.615302870337437,"FAM177B"
"ENSG00000197530.12",1307.64634409409,-0.085401157642169,0.0884773042235755,-0.965232365425225,0.334428439397736,0.527983973485813,"MIB2"
"ENSG00000197535.15",1842.42251131198,-0.0366692285932874,0.0839326064745585,-0.436888953334274,0.662191883607251,0.799663725619534,"MYO5A"
"ENSG00000197536.11",328.787059038009,-0.272272533740289,0.11645778066596,-2.33795056185433,0.0193898129087858,0.0836198239860368,"IRF1-AS1"
"ENSG00000197540.8",136.400119515292,0.214400208732813,0.15422874212999,1.39014431273847,0.164485059513263,0.336247749547569,"GZMM"
"ENSG00000197548.12",1323.26176209659,0.128903329817688,0.0583595341790671,2.2087792788436,0.0271899969942514,0.103871092361401,"ATG7"
"ENSG00000197549.9",4.71417886112673,-0.166443283962508,0.246677826523623,-0.674739543104288,0.499841256706279,0.676397544418921,"PRAMENP"
"ENSG00000197550.3",3.62304148774403,1.32294025991971,0.472235408963483,2.80144232052283,0.00508747347619757,0.0338466326662682,"AL359955.1"
"ENSG00000197555.9",2246.41173037005,0.0651077839663687,0.068235068261964,0.954168957762463,0.339998125070804,0.533332870740396,"SIPA1L1"
"ENSG00000197557.7",587.001603413016,-0.0500390583437413,0.088946255328696,-0.562576335100614,0.573723410225892,0.734105443744444,"TTC30A"
"ENSG00000197558.13",95.8341919041127,0.197624664227657,0.16597225555012,1.19070903490842,0.233767829816919,0.420761872633112,"SSPOP"
"ENSG00000197561.7",13.8249604829821,-0.273876537132984,0.228775579481883,-1.19714061156896,0.231251753047442,0.417889560666387,"ELANE"
"ENSG00000197562.10",2386.82708409947,0.163278186932271,0.0946121023815263,1.72576428197152,0.0843898280917988,0.219390308379149,"RAB40C"
"ENSG00000197563.11",1325.99087841745,-0.0710297038098293,0.0653361814032765,-1.08714195234966,0.276974079780226,0.469583514494316,"PIGN"
"ENSG00000197565.16",136.551695457538,0.0215750031150369,0.224714616528173,0.0960106798942112,0.923512090421255,0.959803256129193,"COL4A6"
"ENSG00000197566.10",176.962055649855,-0.0620941197213229,0.0648815430796956,-0.957038269651681,0.338547939213778,0.531990208158037,"ZNF624"
"ENSG00000197568.14",291.914635513123,0.203003091551515,0.104498232295806,1.94264617775417,0.0520589234244589,0.159942801848485,"HHLA3"
"ENSG00000197576.14",7.08642775710366,-0.0868166519912322,0.182598704408566,-0.475450536587486,0.634465881052744,0.779150264175194,"HOXA4"
"ENSG00000197579.8",1108.20078866759,0.0231880530543168,0.0575157773668357,0.403159865273546,0.68683062280786,0.816666140183646,"TOPORS"
"ENSG00000197580.13",75.8960253960833,-0.362804985858362,0.150677195686945,-2.40782942770015,0.0160476768102874,0.0736425288415948,"BCO2"
"ENSG00000197582.5",77.0850382748598,0.376601433641828,0.167964321197359,2.24215137451316,0.0249515905993679,0.0984724165273538,"GPX1P1"
"ENSG00000197584.12",20.5085768675493,-0.328099984786178,0.20690478538493,-1.58575348644437,0.112795240800747,0.264139223853239,"KCNMB2"
"ENSG00000197585.10",5.87161892696646,0.00676585317479718,0.263630867579471,0.0256641160305617,0.979525245682642,0.989867138616668,"AC068051.1"
"ENSG00000197586.13",3558.24668995173,0.0887429558159907,0.0739499113062573,1.20004140976545,0.230123258445016,0.416453424113166,"ENTPD6"
"ENSG00000197587.11",94.8594579970943,-0.246121891130721,0.270857773953857,-0.908675750885591,0.363521307856492,0.556364952225286,"DMBX1"
"ENSG00000197594.13",351.776227323451,0.286014367687837,0.15049535898331,1.9004862981825,0.0573693314052138,0.170489792954903,"ENPP1"
"ENSG00000197595.4",8.68305876268135,-1.71185526495819,0.32254416064552,-5.30735159344441,1.11229500352659e-07,1.54298489801712e-05,"ATP11AUN"
"ENSG00000197599.12",95.1812067409857,-0.716796064147161,0.20450806690882,-3.50497696732299,0.000456646787404651,0.00636647466208671,"CCDC154"
"ENSG00000197601.13",2815.99386273794,-0.208031535118348,0.0657738800236044,-3.16282899904478,0.00156244078547292,0.0149995216466984,"FAR1"
"ENSG00000197603.15",1523.07992622621,-0.306090391021363,0.109161728407373,-2.8040082864856,0.00504716078872748,0.0336541406246954,"CPLANE1"
"ENSG00000197608.11",579.528847761331,-0.118221615483084,0.094381741243243,-1.25258989636989,0.210354993743981,0.392696467798496,"ZNF841"
"ENSG00000197614.11",402.046880899869,0.0234030797904349,0.218269287173549,0.10722113080356,0.914613552105857,0.954836037713699,"MFAP5"
"ENSG00000197616.13",3.65312578116736,-0.378612992888773,0.297312625786521,-1.27345077218695,0.202858130556351,0.383717454659046,"MYH6"
"ENSG00000197619.14",447.574902168501,-0.109028064626555,0.0923847547450046,-1.18015212496356,0.237939716251195,0.425670444554059,"ZNF615"
"ENSG00000197620.11",515.363607261075,-0.00409581211798717,0.0593162057241068,-0.0690504739469973,0.944949442942233,0.971473622896362,"EOLA1"
"ENSG00000197622.13",5847.05486821656,0.0292209454781087,0.0539304343515398,0.541826629610195,0.587937944660204,0.745000828989712,"CDC42SE1"
"ENSG00000197629.6",2271.90384438473,-0.184852161087691,0.120092284438844,-1.53925093482442,0.123743047197786,0.280447737941177,"MPEG1"
"ENSG00000197632.9",19.1248064988927,-0.06375998507122,0.252849276483079,-0.252165977921977,0.800912774162776,0.890326104187774,"SERPINB2"
"ENSG00000197635.11",5972.67970948839,-0.229815033828773,0.176564817264269,-1.30159018874526,0.193056515541583,0.372464106048556,"DPP4"
"ENSG00000197641.12",15.0079167287513,-1.90743182239398,0.384157247995243,-4.96523710628415,6.86171854111216e-07,5.59919596542272e-05,"SERPINB13"
"ENSG00000197646.8",337.670986663042,0.0647452045640224,0.135171166996382,0.478986798758312,0.631948020127309,0.777568387689353,"PDCD1LG2"
"ENSG00000197647.11",153.974141376495,-0.160760483476039,0.091896292342259,-1.74936854772445,0.0802273339638413,0.212355591481807,"ZNF433"
"ENSG00000197653.16",214.16763178595,-1.0941306451513,0.18908420371922,-5.78647302963509,7.18796212430522e-09,1.88432144098027e-06,"DNAH10"
"ENSG00000197670.6",92.01456485771,-0.38345325041029,0.168742021221203,-2.27242300190077,0.0230609737286349,0.0932890641977453,"AL157838.1"
"ENSG00000197694.18",12929.3495912342,0.0447769202183634,0.0692118732904039,0.646954317079172,0.517661510019091,0.691319262411434,"SPTAN1"
"ENSG00000197696.10",465.437800887338,0.585271835289369,0.139353526661897,4.19990687935275,2.67024778120305e-05,0.000819359994281965,"NMB"
"ENSG00000197702.14",4496.26778474168,-0.06944800366378,0.0731390086465788,-0.949534385943972,0.342348891876781,0.535637090899651,"PARVA"
"ENSG00000197705.10",34.1480082599985,-1.17898097235703,0.198238927384648,-5.94727275773353,2.72646883894873e-09,9.077232705512e-07,"KLHL14"
"ENSG00000197712.12",3796.44746189867,0.250923198335847,0.0758327964667699,3.30890076625094,0.00093663028181196,0.0105029410482875,"FAM114A1"
"ENSG00000197713.15",1772.29343501661,0.133330527830517,0.0680256878202424,1.96000264169092,0.0499954815314161,0.155743720329562,"RPE"
"ENSG00000197714.9",95.7957178520682,-0.215076286670578,0.118460513983372,-1.81559474493559,0.0694325603306691,0.193037013034569,"ZNF460"
"ENSG00000197721.17",9.38094636853907,-0.325837788414386,0.1561974657213,-2.08606322074247,0.0369728967186418,0.127772912635094,"CR1L"
"ENSG00000197724.11",2299.52934390003,-0.0124294879333094,0.0586801438067077,-0.211817612006067,0.832249327879619,0.908580694946753,"PHF2"
"ENSG00000197728.11",6442.79946006803,0.236307762183734,0.115244108616113,2.05049754839003,0.0403159027857054,0.135238020296674,"RPS26"
"ENSG00000197744.5",70.2563310524456,0.0265532259150375,0.128258266327798,0.207029353158211,0.835986934570789,0.910809379300519,"PTMAP2"
"ENSG00000197746.14",90523.596779543,0.0785429819294243,0.0734692598673989,1.06905911494389,0.285043032964827,0.477589911795629,"PSAP"
"ENSG00000197747.9",21931.9829681975,0.464089114674613,0.111611348067933,4.15808179641502,3.20931116182711e-05,0.000943050278117475,"S100A10"
"ENSG00000197748.13",354.023624162226,-1.0837207739846,0.198908066949928,-5.44835003729341,5.08392299426392e-08,8.37916080435785e-06,"CFAP43"
"ENSG00000197753.11",134.375671673349,-0.0863566148524667,0.134611358472308,-0.641525468820166,0.521181339035822,0.694095376635851,"LHFPL5"
"ENSG00000197756.10",31773.847700157,0.11793378686507,0.0823556208736553,1.43200652990032,0.152141952541263,0.320160674164481,"RPL37A"
"ENSG00000197757.8",120.329366548042,0.491932330991277,0.212634164030843,2.31351501407798,0.0206943402457745,0.0870909707751954,"HOXC6"
"ENSG00000197763.19",472.006459660879,0.041550103178068,0.0579734371302133,0.716709328183233,0.47355346889846,0.654027850350489,"TXNRD3"
"ENSG00000197766.8",1547.33726257874,0.222126407672712,0.181544803140099,1.22353492818682,0.221127720166601,0.405597773539015,"CFD"
"ENSG00000197768.10",14.7221543450516,-0.44805258429021,0.191120723503761,-2.34434328248759,0.0190606189745611,0.0826175221351466,"STPG3"
"ENSG00000197769.6",122.389289280138,0.299862291164399,0.194423583934778,1.54231438951867,0.122997213894062,0.279175500557335,"MAP1LC3C"
"ENSG00000197771.13",3289.06155069819,0.0719853816170133,0.0519031641103094,1.38691701846969,0.165467067776387,0.337492806927601,"MCMBP"
"ENSG00000197774.13",476.346335898861,0.00963540468929653,0.112708461043247,0.0854896305043091,0.931872138950833,0.963952745753925,"EME2"
"ENSG00000197776.8",146.673434638032,-0.239959925020521,0.0932160677438712,-2.57423350746629,0.0100462445619322,0.0539119310445535,"KLHDC1"
"ENSG00000197779.15",463.255542042249,-0.232675281677698,0.076822351270706,-3.02874460139601,0.00245572191135661,0.020651262842838,"ZNF81"
"ENSG00000197780.10",1422.15790358144,0.108848994057039,0.0677643523127842,1.60628693910654,0.108210878730258,0.25742513651779,"TAF13"
"ENSG00000197782.14",538.880854279092,-0.134943798938916,0.0780118931641284,-1.7297849528534,0.0836687038263352,0.218149417489041,"ZNF780A"
"ENSG00000197785.14",1148.43190720624,0.129884935258066,0.0939295876321535,1.38279043411455,0.166729132954037,0.338945656923659,"ATAD3A"
"ENSG00000197794.2",10.0566796989755,-0.568899928399555,0.228507787399879,-2.48963037484584,0.0127876008106484,0.0631564447098228,"IGKV7-3"
"ENSG00000197798.9",1096.15510738343,-0.218678570658804,0.0773732674033356,-2.82628067803915,0.00470919803627587,0.0320685887137927,"FAM118B"
"ENSG00000197808.12",281.730144983336,-0.113784253236464,0.0763499517594321,-1.49029895388778,0.13614564744274,0.297903041770661,"ZNF461"
"ENSG00000197813.6",28.3929928871359,-0.220914779364607,0.113345085187619,-1.94904595112287,0.0512899373915671,0.158345315799095,"AC011450.1"
"ENSG00000197815.4",31.5896793003195,-0.247232761086633,0.137591938756123,-1.79685498526802,0.0723586445113557,0.198470617211778,"AC122129.1"
"ENSG00000197816.16",57.923011003361,-0.627448501119872,0.162402803492754,-3.86353244910497,0.000111759039502536,0.00238359622175395,"CCDC180"
"ENSG00000197818.12",1378.16599605153,-0.0457016081892889,0.0602907916377192,-0.758019706622943,0.44843918539462,0.632573228615167,"SLC9A8"
"ENSG00000197822.11",1754.57734053292,-0.0886871229431554,0.109217129329193,-0.812025764528586,0.416776847798447,0.605372871766227,"OCLN"
"ENSG00000197826.12",24.0816997429442,-1.04115657140213,0.253280718868568,-4.11068231349423,3.94491656653839e-05,0.00110460981707117,"CFAP299"
"ENSG00000197837.3",85.3949333244633,-0.0560370004500386,0.156609566070305,-0.357813394520757,0.720482965978785,0.839576989409649,"H4-16"
"ENSG00000197838.5",11.526404879089,-1.55849894485238,0.333085968255697,-4.67896907520277,2.8832092036307e-06,0.000162420785137863,"CYP2A13"
"ENSG00000197841.15",393.172692666127,-0.0406116559652899,0.0635299716437348,-0.639251913931791,0.522659064886966,0.695229064176826,"ZNF181"
"ENSG00000197847.12",72.6673319450043,-0.339096001993852,0.154592908345734,-2.19347708521981,0.0282730237961276,0.106396945998019,"SLC22A20P"
"ENSG00000197849.6",0.786426427609567,-0.237224678798918,0.580680739567424,-0.408528581429508,0.682885651503977,0.814010454547866,"OR8G1"
"ENSG00000197852.12",367.039479656864,-0.134100331257622,0.109629213712018,-1.22321712175996,0.221247700360351,0.405750781541103,"INKA2"
"ENSG00000197857.14",564.792289495741,-0.349846730510004,0.0669527296494056,-5.22527957175097,1.7389216709506e-07,2.16022086533426e-05,"ZNF44"
"ENSG00000197858.11",6022.90204135072,0.126228495869958,0.0891485465831802,1.41593442302708,0.156794705257426,0.326668718531633,"GPAA1"
"ENSG00000197859.11",932.590900544989,-0.121791402046192,0.123790674420524,-0.983849571999739,0.32518948139383,0.518719190397194,"ADAMTSL2"
"ENSG00000197860.10",546.307604111651,-0.0203089155528749,0.0743910796556885,-0.273002027217143,0.784851657254644,0.88049085121932,"SGTB"
"ENSG00000197863.9",225.232429304096,-0.103075484789166,0.0902696166337902,-1.14186244090664,0.253511202804041,0.443891263014354,"ZNF790"
"ENSG00000197870.12",20.3721121999828,-0.0921165261690379,0.202063156167569,-0.45587987397686,0.648476362815377,0.789461354641622,"PRB3"
"ENSG00000197872.11",948.71458369775,-0.0704838155228615,0.112053964021768,-0.629016707603216,0.529338118171505,0.699946539371035,"CYRIA"
"ENSG00000197879.17",10919.4724785906,0.138519570059923,0.0802118908371135,1.72692064249196,0.0841819165979646,0.2190542599113,"MYO1C"
"ENSG00000197880.9",10.0244931400172,-0.12801936369681,0.130315444841096,-0.982380590826472,0.325912384627196,0.519316599090324,"MDS2"
"ENSG00000197882.3",2.14876056156028,-0.913769923767928,0.420560756336893,-2.17274177392802,0.0297997578166406,0.110162484675707,"OR7E13P"
"ENSG00000197885.11",461.094387693003,-0.0595814159459295,0.0570452896864391,-1.04445811868834,0.296273486386839,0.488984217715953,"NKIRAS1"
"ENSG00000197888.2",15.8878984921369,-0.542532687685797,0.208753339856639,-2.59891740203237,0.00935182726098858,0.0513186723257117,"UGT2B17"
"ENSG00000197889.10",15.2558556435872,-0.116819962479166,0.153951831481776,-0.758808527022916,0.447967104048113,0.632344658895802,"MEIG1"
"ENSG00000197891.12",0.305160194863956,-0.67671561369151,0.599426887431901,-1.12893770346328,0.258924114228261,0.449961401764353,"SLC22A12"
"ENSG00000197892.13",2389.27251992918,0.0566023105838008,0.100545715812914,0.562950993248891,0.573468255232403,0.733932869644215,"KIF13B"
"ENSG00000197893.14",18.885928391246,-0.636446899785199,0.22827579103236,-2.78806130473545,0.0053024508660323,0.0348820257141198,"NRAP"
"ENSG00000197894.11",5749.10802475113,0.0364482544220772,0.0704201383593086,0.517582828879223,0.60474936476515,0.757911560366126,"ADH5"
"ENSG00000197903.8",1289.68255384835,0.274370651759169,0.128096496994912,2.14190597085623,0.0322010492999446,0.115867933532379,"H2BC12"
"ENSG00000197905.10",635.251208167978,0.314604398936405,0.102227691235846,3.0774870794117,0.00208753888129338,0.0184058347391156,"TEAD4"
"ENSG00000197912.16",3958.11998893513,-0.00115477644601478,0.0666655723318874,-0.0173219310300952,0.986179789795305,0.993190263828879,"SPG7"
"ENSG00000197915.7",14.581271094818,0.0256779914428917,0.199868642401441,0.128474337616787,0.897773605524046,0.945660699500628,"HRNR"
"ENSG00000197921.6",7.64006233784864,-0.100612239397657,0.213632731336242,-0.470958915182808,0.637670074454154,0.781403429968057,"HES5"
"ENSG00000197927.13",29.9723783362036,-0.0278621108170824,0.133213857192372,-0.209153247299544,0.834328608444852,0.909836303994578,"NBEAP2"
"ENSG00000197928.10",280.441103631961,-0.236149610318823,0.138871535362703,-1.70048966263713,0.0890388592068045,0.22713744077635,"ZNF677"
"ENSG00000197930.13",9806.2525258952,0.567065725173411,0.119529099810599,4.74416460988965,2.09368549021744e-06,0.000127664965248735,"ERO1A"
"ENSG00000197933.13",242.775142333119,-0.0751921070911392,0.0704691872608586,-1.06702106287671,0.285962324789262,0.478472454801636,"ZNF823"
"ENSG00000197934.8",3.78822548541963,-0.821949267783296,0.351786848083892,-2.33649800229963,0.0194653015997676,0.0838033678285442,"CYYR1-AS1"
"ENSG00000197935.7",108.126760315063,0.137858576247424,0.130425886542089,1.0569878411594,0.290517136595805,0.482885023898358,"ZNF311"
"ENSG00000197937.13",539.706883392237,-0.21786314432107,0.0847137204518467,-2.57175748106717,0.0101183743762351,0.0541419219074247,"ZNF347"
"ENSG00000197943.10",1267.12606015309,-0.21641224647645,0.0922686399929541,-2.345458288894,0.0190037047977862,0.0824489783913186,"PLCG2"
"ENSG00000197948.11",701.937842383599,-0.104861040836393,0.0726320641202361,-1.44372932404626,0.148815129403452,0.31559348386707,"FCHSD1"
"ENSG00000197951.10",414.74087967473,0.032246837896409,0.066101247025772,0.487840083922114,0.625663116789211,0.773595430075277,"ZNF71"
"ENSG00000197953.6",5.17254704785811,-1.2940205606614,0.417665010497375,-3.0982259182315,0.00194682956091497,0.0175677767807062,"AADACL2"
"ENSG00000197956.10",71588.6349530889,0.472331918946726,0.13731185758534,3.43984800186079,0.000582040968701589,0.00745590225893882,"S100A6"
"ENSG00000197958.13",28066.9783179803,0.12067603486697,0.0926302483216622,1.30277136306401,0.19265283020316,0.371948420614652,"RPL12"
"ENSG00000197959.14",417.468765384615,0.0843849537726267,0.152451468160153,0.553520112275853,0.579907312515541,0.738763838508453,"DNM3"
"ENSG00000197961.12",1645.61023419643,-0.18504786506304,0.0902377135546081,-2.0506710307,0.0402989939497735,0.135213856402014,"ZNF121"
"ENSG00000197965.12",8180.28494724844,0.15536010278823,0.0568513432382525,2.73274286831091,0.00628093454821373,0.0391593310975406,"MPZL1"
"ENSG00000197969.14",1986.25296453433,-0.266668175951344,0.0997927920855705,-2.67221880837526,0.00753514970218315,0.0442595911706705,"VPS13A"
"ENSG00000197971.16",2527.91033456408,0.0118948391713223,0.0781684857399958,0.152169241334506,0.879053453270553,0.935385023642819,"MBP"
"ENSG00000197976.12",2002.78228748666,-0.0903388074290883,0.0803200008236618,-1.12473613673663,0.260700863795954,0.451893260704884,"AKAP17A"
"ENSG00000197977.4",91.1120950426466,-0.179663005969268,0.172895027916321,-1.03914501263867,0.298737299274446,0.491687804268546,"ELOVL2"
"ENSG00000197978.9",153.783158175588,-0.342775568928628,0.127013848525152,-2.69872594924758,0.00696054692233088,0.0420271107517523,"GOLGA6L9"
"ENSG00000197980.13",47.6825803448327,-0.230832542135836,0.117219114259905,-1.96923977453047,0.0489255634273707,0.153537447750726,"LEKR1"
"ENSG00000197982.14",1450.66435216658,0.203459988330785,0.0812604244799703,2.50380169231009,0.0122866878935938,0.0614651172094204,"C1orf122"
"ENSG00000197989.14",582.194637952607,-0.289372710951814,0.101215314089114,-2.85898150448891,0.00425003563623273,0.0299526749443472,"SNHG12"
"ENSG00000197992.7",23.628350551144,-0.0968865459686157,0.161528383708591,-0.599811276161881,0.54863201747271,0.714928497267472,"CLEC9A"
"ENSG00000197993.9",26.8803994573059,-0.492704457084229,0.16181663110875,-3.04483200341196,0.00232810313988273,0.0198234112112828,"KEL"
"ENSG00000198000.12",1325.2787244962,-0.0228285843846963,0.0488125557734252,-0.467678531127533,0.640014496176842,0.783296056362004,"NOL8"
"ENSG00000198001.14",1127.78643601494,-0.0957223428661414,0.056396721513168,-1.6973033236301,0.0896393292105449,0.228057633150441,"IRAK4"
"ENSG00000198003.12",104.78858981137,-0.66474962470068,0.180504147177269,-3.68273879074836,0.000230741558801275,0.00399069024268616,"CCDC151"
"ENSG00000198010.13",14.0573595436391,-0.0945821087672405,0.188012154760964,-0.503063798654353,0.614919417825302,0.765613768797972,"DLGAP2"
"ENSG00000198015.14",2452.0566478364,-0.0795886776762677,0.0691536883294096,-1.15089562970455,0.24977517595051,0.43954569125854,"MRPL42"
"ENSG00000198018.7",1201.56453510212,0.0328566118456523,0.0855295279288752,0.384155187585921,0.700863429863381,0.825596934877456,"ENTPD7"
"ENSG00000198019.13",63.8560459126916,0.0718712722003424,0.135586849104572,0.530075539589473,0.59605955756351,0.751319836821336,"FCGR1B"
"ENSG00000198026.8",1331.60693864691,-0.114402937596586,0.0645957072978897,-1.7710609943321,0.0765505594204799,0.205665768205423,"ZNF335"
"ENSG00000198028.4",17.9882052395772,-1.73404187556429,0.408163141289196,-4.2484038859738,2.15298980852195e-05,0.000703429732042408,"ZNF560"
"ENSG00000198033.12",5.16948740225924,0.869578734311883,0.676027364102805,1.28630700543602,0.198335938574015,0.378753789836235,"TUBA3C"
"ENSG00000198034.11",56409.3980674932,0.0132204542058484,0.0831212678765039,0.159050199107771,0.873629324000738,0.932474387149159,"RPS4X"
"ENSG00000198039.11",351.418325527862,-0.244954279333995,0.0899069804291545,-2.72453015510865,0.00643930497746352,0.0398779353821973,"ZNF273"
"ENSG00000198040.11",1331.09363086434,-0.183229999041408,0.0675329220509245,-2.7131951865379,0.00666378428816821,0.0407601268245424,"ZNF84"
"ENSG00000198042.11",644.340124832479,0.0316406454092761,0.0641567666952451,0.493177057372206,0.621887487228642,0.770545686684922,"MAK16"
"ENSG00000198046.12",161.617051501171,-0.178477941128368,0.162478305671422,-1.09847244154122,0.271998244996754,0.464070751231302,"ZNF667"
"ENSG00000198049.7",13.6480371346924,-0.0883794007068163,0.267813440017143,-0.330003605125864,0.741397238082333,0.852531283372193,"AVPR1B"
"ENSG00000198053.12",3029.26877206927,0.187389180172953,0.111088858836586,1.68684044588671,0.0916340359735882,0.231364474417463,"SIRPA"
"ENSG00000198054.12",5.94293807105244,-0.626650234989766,0.849761528819371,-0.737442463252498,0.460853320552253,0.64326852848252,"DSCR8"
"ENSG00000198055.11",1871.17402900146,0.122845232443932,0.0631972362151616,1.94383868347807,0.051914907300903,0.15959399896297,"GRK6"
"ENSG00000198056.15",217.224269537626,-0.0556123061792362,0.103905920712766,-0.535217875918438,0.592499206635101,0.748609045779797,"PRIM1"
"ENSG00000198060.10",2172.37612905135,-0.0163186475677582,0.0535955161558467,-0.304477850727407,0.760763864763239,0.865102454489194,"MARCHF5"
"ENSG00000198064.13",7.50194326428192,0.124050107096407,0.167266144700154,0.741633086114247,0.458309671631836,0.641113609144484,"NPIPB13"
"ENSG00000198074.10",2411.08515618769,-0.173296604809326,0.38042639336731,-0.455532549346555,0.648726156282353,0.789661801071565,"AKR1B10"
"ENSG00000198075.10",264.225715169445,-0.144446286232695,0.161469979135919,-0.894570538781738,0.371016706594541,0.563335203960729,"SULT1C4"
"ENSG00000198077.10",5.21239316164831,0.107572670605511,0.252651550522929,0.425774828544931,0.67027193037768,0.805524109799211,"CYP2A7"
"ENSG00000198081.11",529.153563950141,-0.00736102044018128,0.0415658056983712,-0.177093173499334,0.859435203937273,0.924676494857943,"ZBTB14"
"ENSG00000198087.7",5808.60876978999,0.0902112936881169,0.0772019207662549,1.16851100066863,0.242600704538565,0.431182215257444,"CD2AP"
"ENSG00000198088.10",143.861962513623,0.183301146265014,0.125609636066009,1.45929207348939,0.144484736119274,0.309704501649432,"NUP62CL"
"ENSG00000198089.16",1001.70918221787,-0.172350448073661,0.0772753873290859,-2.23034078547788,0.0257248274598286,0.100217257268906,"SFI1"
"ENSG00000198092.6",1.68033492751203,-0.411062138309558,0.429860543528925,-0.956268595705383,0.338936551723788,0.53234222177393,"TMPRSS11F"
"ENSG00000198093.11",326.790036751809,-0.181304629305263,0.108291864992753,-1.67422206014641,0.0940869655099431,0.235362336969159,"ZNF649"
"ENSG00000198099.9",10.1398611993767,0.0539671852136375,0.274961430443891,0.196271837568325,0.844397403031308,0.9155004322625,"ADH4"
"ENSG00000198105.15",621.754852177795,-0.220124675446651,0.0756824909749224,-2.90852841405009,0.00363134175608185,0.0269321142983366,"ZNF248"
"ENSG00000198108.4",216.647511376654,0.0151400756963615,0.122368347930421,0.123725423709816,0.901532681113888,0.94776551578598,"CHSY3"
"ENSG00000198113.3",1829.31680235146,0.281428219637036,0.0997917756922113,2.82015444343878,0.00480005409051901,0.0324919197396896,"TOR4A"
"ENSG00000198121.13",1280.34866909766,0.261356564866212,0.120020773626119,2.17759440278541,0.0294362466298676,0.109304144439904,"LPAR1"
"ENSG00000198125.13",433.35515594823,0.161458011472551,0.203125255971987,0.79486920865625,0.426689587171052,0.614144499835106,"MB"
"ENSG00000198130.16",1179.33458641115,-0.105005194188996,0.0661283092500304,-1.58790078530472,0.112308775902873,0.263390819676976,"HIBCH"
"ENSG00000198131.14",1006.0185909586,0.0407667789841973,0.074118136645217,0.550024337219061,0.582302681088962,0.740653415911932,"ZNF544"
"ENSG00000198133.8",257.440304888614,-0.0177163345012135,0.101169677189871,-0.175115064051892,0.860989221763542,0.925432784135112,"TMEM229B"
"ENSG00000198134.3",27.7665626286047,0.128897753202126,0.106870948638201,1.20610656913409,0.22777640225773,0.413577648362053,"PTMAP9"
"ENSG00000198142.5",1285.05707119617,0.364994923376403,0.0956333308483155,3.81660787236746,0.000135298937471101,0.0027416357426813,"SOWAHC"
"ENSG00000198146.4",1007.97569151702,-0.0398132719863494,0.0924701247449292,-0.430552809311881,0.666793560471903,0.803289939188877,"ZNF770"
"ENSG00000198155.5",57.0017297397348,-0.337254619042318,0.155696929687054,-2.16609678636689,0.0303037917324714,0.111382660427155,"ZNF876P"
"ENSG00000198156.10",5.62600676227718,0.123405279198438,0.198276306287669,0.622390448505709,0.533685159488189,0.702872397324509,"NPIPB6"
"ENSG00000198157.11",280.807078486842,-0.131739849973583,0.108993462624824,-1.20869496941351,0.226780055071426,0.412416127460889,"HMGN5"
"ENSG00000198160.15",2433.01567096503,-0.0190138378262457,0.065072571223988,-0.292194352683525,0.770138029230915,0.871493334937115,"MIER1"
"ENSG00000198162.12",3030.18010698879,-0.0641877895442824,0.0686879525570311,-0.934483954678774,0.350054308909122,0.543656206862499,"MAN1A2"
"ENSG00000198168.9",1528.70568224495,-0.00732178310992423,0.0657851883260784,-0.111298352961038,0.911379761439147,0.95285034535842,"SVIP"
"ENSG00000198169.9",828.618572474222,-0.112038243757785,0.0790794350245402,-1.41678103444994,0.156546956318553,0.326254636413996,"ZNF251"
"ENSG00000198171.13",2663.30348070755,0.0911104887649054,0.0793203638770198,1.14863931923163,0.250704736843992,0.440645803175325,"DDRGK1"
"ENSG00000198176.13",3370.14163425936,0.120624786830645,0.062733385673885,1.92281646423014,0.0545031036483811,0.164812304011415,"TFDP1"
"ENSG00000198178.11",8.99687171010089,-0.205714749342044,0.196436761818953,-1.04723142164012,0.294992856511515,0.487549502176225,"CLEC4C"
"ENSG00000198182.13",340.521165910315,0.00283528595644439,0.0820518077386163,0.0345548262078083,0.972434723432191,0.986389289111813,"ZNF607"
"ENSG00000198183.12",4788.81376313618,-0.442961571357545,0.332205527805742,-1.3333961487136,0.182401835604171,0.359459234803461,"BPIFA1"
"ENSG00000198185.11",227.541420781232,-0.196998951984408,0.16145378238149,-1.22015693332554,0.222405389314344,0.407044287089355,"ZNF334"
"ENSG00000198189.11",3802.80017149124,-0.0420154167175703,0.0994665478235175,-0.422407509227301,0.672727597766786,0.807043574553529,"HSD17B11"
"ENSG00000198198.17",2027.79709135113,-0.264462701656452,0.0784967913219868,-3.36908932457696,0.000754169838696014,0.00903511206898394,"SZT2"
"ENSG00000198203.10",781.995734390562,0.177136068643572,0.198144957924539,0.893972122727607,0.371336806865222,0.563590276758016,"SULT1C2"
"ENSG00000198205.6",180.720627377597,-0.0684507542194693,0.0742006628912925,-0.922508661678036,0.356263314401248,0.549673536019951,"ZXDA"
"ENSG00000198208.12",201.462265004642,-0.0604808265788499,0.124703926623192,-0.484995366357629,0.627679632399517,0.775147434459246,"RPS6KL1"
"ENSG00000198216.12",40.0813665267058,-0.330883475449221,0.209140779552836,-1.58210883672081,0.11362472666001,0.265541767843024,"CACNA1E"
"ENSG00000198218.11",2960.752503359,-0.0394210982052708,0.0354752115560565,-1.11122940431177,0.266469617540874,0.458087033457266,"QRICH1"
"ENSG00000198221.10",41.8124148060123,-0.111395845066059,0.133168458207483,-0.836503227307014,0.402871861922975,0.592648148594981,"AFDN-DT"
"ENSG00000198223.17",801.341083331568,0.0493014125691794,0.119423822477421,0.412827286436092,0.679733158276248,0.811938721243224,"CSF2RA"
"ENSG00000198225.5",36.4520218783681,0.0293281506226322,0.109234008612547,0.268489191188243,0.788322793732818,0.88267103037449,"FKBP1C"
"ENSG00000198231.13",6420.87046291271,-0.0684106727654443,0.0492256940823497,-1.38973505687904,0.164609345222725,0.336382207862766,"DDX42"
"ENSG00000198237.8",4.17437782738145,-0.0355971568604892,0.158708165277106,-0.224293166002747,0.822529193498369,0.902877401414509,"GUSBP13"
"ENSG00000198242.14",6235.28185628804,0.172294479692284,0.0866832546978985,1.98763279358569,0.0468523166847122,0.149327400197265,"RPL23A"
"ENSG00000198246.9",713.39241684714,0.0496554995326059,0.0826418219004685,0.60085194627497,0.547938601740898,0.714440348858765,"SLC29A3"
"ENSG00000198251.7",5.52689904148646,-0.167924957283644,0.249506584895872,-0.673028158169556,0.500929377106997,0.677421574882134,"CYP2A7P2"
"ENSG00000198252.12",1491.59638751039,0.0175446136101972,0.0671800018232671,0.261158278267875,0.793970450986464,0.886321694765703,"STYX"
"ENSG00000198258.11",4530.8261932337,0.103196084928023,0.085940293827948,1.20078813245183,0.229833396509257,0.416132438002104,"UBL5"
"ENSG00000198265.12",2960.28731930283,-0.210894416616717,0.0756304771387226,-2.78848454479391,0.00529552740856676,0.0348570115836424,"HELZ"
"ENSG00000198270.13",670.010175424595,-0.0975502677273106,0.0896415109487584,-1.08822650014314,0.276495128650196,0.469134253294821,"TMEM116"
"ENSG00000198276.16",1481.57203476382,-0.13276424436219,0.0740668427253381,-1.7924922877369,0.0730541434759509,0.199752923681409,"UCKL1"
"ENSG00000198286.10",1201.53437731018,0.475885090214617,0.143955807916085,3.30577207758106,0.000947150982784389,0.0105852627290502,"CARD11"
"ENSG00000198298.13",144.406673496373,-0.0525157415215817,0.0831314461349673,-0.631719330809189,0.527570294186527,0.698680317846657,"ZNF485"
"ENSG00000198300.14",50.1684996428101,-0.252941952902575,0.180543541381133,-1.40100250038082,0.161213325404627,0.332187503635013,"PEG3"
"ENSG00000198301.12",2082.47035913359,0.111821331433889,0.0507990493444953,2.20124850517515,0.0277184361655796,0.105046089386527,"SDAD1"
"ENSG00000198315.11",1452.37273019024,-0.21887190800129,0.0786284765122655,-2.78362137624717,0.00537557451007951,0.0351678133550947,"ZKSCAN8"
"ENSG00000198324.13",898.486635363157,0.185671396535165,0.0823115268010335,2.25571561786209,0.0240884468360738,0.0960566128294891,"PHETA1"
"ENSG00000198331.11",305.275719506992,0.16570158230935,0.0930510144080249,1.78076062215459,0.074951564899671,0.202919311080411,"HYLS1"
"ENSG00000198336.9",14.4578873753131,-0.0725875991182678,0.133149335619158,-0.545159303880326,0.585643958272917,0.743143053808751,"MYL4"
"ENSG00000198342.10",88.4545499269383,-0.274953864779338,0.101240949933311,-2.71583647684514,0.00661085614375769,0.0405265129613914,"ZNF442"
"ENSG00000198346.11",319.591980210338,-0.0193749379982842,0.0813837542373114,-0.238068864970124,0.811827682702089,0.896826921071305,"ZNF813"
"ENSG00000198353.8",112.430930518999,-0.147902777702352,0.181781258300291,-0.813630508916528,0.415856654657285,0.604605954161104,"HOXC4"
"ENSG00000198354.7",19.9956173142071,0.541310513811453,0.296160573259399,1.82776021755379,0.067585546207319,0.189653088367533,"DCAF12L2"
"ENSG00000198355.5",5625.98254489155,0.186370216410951,0.0968434430454781,1.92444847632514,0.0542983931141121,0.164326552308711,"PIM3"
"ENSG00000198356.12",2833.88859793485,0.123225929230808,0.0824502307660503,1.49454923395494,0.135032123608779,0.296468144723751,"GET3"
"ENSG00000198358.4",11.0363283703197,0.272702673577115,0.345325843827108,0.789696683442108,0.429704928711899,0.616273205462448,"AL354714.1"
"ENSG00000198363.18",19646.4362674762,0.328645454175421,0.138010438436265,2.38130867417824,0.017251249627836,0.0773410306256121,"ASPH"
"ENSG00000198369.10",2917.5347516938,0.0936489931241385,0.0734799765832311,1.27448316505738,0.202492235222853,0.383392515199866,"SPRED2"
"ENSG00000198373.13",3523.15424601215,-0.149437254795291,0.0679265441381526,-2.19998318317737,0.0278080881889404,0.105266023885662,"WWP2"
"ENSG00000198380.13",7986.45569117887,0.153600628599024,0.0814523104200454,1.88577374671035,0.059325450158378,0.174294077754789,"GFPT1"
"ENSG00000198382.9",1314.4522371685,-0.0731691774982358,0.0551993624795493,-1.32554388694877,0.18499082335142,0.362658626962297,"UVRAG"
"ENSG00000198393.8",847.829320980945,-0.253145290337532,0.0747679809759974,-3.38574463337185,0.000709854073131645,0.00864132004055485,"ZNF26"
"ENSG00000198398.2",0.887142122288714,-0.434100397467658,0.509310333365357,-0.8523298449479,0.394031045812773,0.584810788527312,"TMEM207"
"ENSG00000198399.15",3128.54438155363,-0.0698271174789298,0.0628835403689422,-1.11041962760444,0.26681824421249,0.458427416843993,"ITSN2"
"ENSG00000198400.12",38.2037711467592,-0.193669432205179,0.129815586463785,-1.49188119455291,0.135730293415545,0.297568066553652,"NTRK1"
"ENSG00000198406.7",46.2222854765076,0.167410790342281,0.167699023033657,0.998281250026614,0.31814299702129,0.511910241159432,"BZW1P2"
"ENSG00000198408.14",6150.90855376209,-0.11566744682359,0.0523611878822564,-2.209030228338,0.0271725384310933,0.103828224720118,"OGA"
"ENSG00000198414.5",1.48030591392751,0.18461396934184,0.505583607994319,0.365150227227925,0.714999269650886,0.83556708499726,"TATDN2P1"
"ENSG00000198416.9",22.2297816911328,-0.0940727578817468,0.119849944704449,-0.784921162155986,0.432499793569664,0.618443311743109,"ZNF658B"
"ENSG00000198417.7",413.694473334226,0.18293347988432,0.131155285132966,1.39478542323979,0.163080555878417,0.334502020510194,"MT1F"
"ENSG00000198420.10",800.974468266995,0.111249867435716,0.0655356256075385,1.69754795814322,0.0895931122398168,0.227974842367683,"TCAF1"
"ENSG00000198429.10",245.552206730898,-0.304781058223792,0.105977015087219,-2.87591661241786,0.00402856122964962,0.0289494688147474,"ZNF69"
"ENSG00000198431.16",19242.1059750592,0.660093064845047,0.167472870872265,3.94149250208122,8.09761667566871e-05,0.00188659168637536,"TXNRD1"
"ENSG00000198435.4",389.800731245354,0.221155113538244,0.122574686439421,1.80424784237603,0.0711924623137436,0.196204664090386,"NRARP"
"ENSG00000198440.9",173.458454747037,-0.0222737916718322,0.0720476851967721,-0.309153467054485,0.757204789026437,0.862697106630233,"ZNF583"
"ENSG00000198443.6",44.6182595151414,0.709716970403238,0.37924692570852,1.87138490068792,0.0612917502507884,0.178373801757884,"KRTAP4-1"
"ENSG00000198453.13",308.711177922768,-0.190458356787082,0.0897988067582874,-2.12094529607438,0.0339264062224734,0.12008418481446,"ZNF568"
"ENSG00000198455.4",718.321082458149,-0.0131145432552489,0.0687103311773693,-0.190867123335425,0.848629698385341,0.918055642454304,"ZXDB"
"ENSG00000198464.14",785.99980098491,-0.0606021788284245,0.0593271926163267,-1.0214907558553,0.30702198657352,0.50062116754786,"ZNF480"
"ENSG00000198466.12",796.203340336062,-0.19278267919408,0.086188494254494,-2.23675655157449,0.0253022556680884,0.0992531549238409,"ZNF587"
"ENSG00000198467.16",5251.23915089348,0.414067612252751,0.116898933119766,3.5420991552466,0.000396956228629392,0.00578628008745987,"TPM2"
"ENSG00000198468.9",146.372932570809,0.113299033084914,0.130628276600344,0.867339262474934,0.385756150172839,0.577157487378132,"FLVCR1-DT"
"ENSG00000198478.8",2694.98953543094,-0.145230973994198,0.10751323064377,-1.35081955145967,0.176753243497664,0.352504978735849,"SH3BGRL2"
"ENSG00000198482.14",323.528382762542,-0.16434196933907,0.0890185759549354,-1.8461536547413,0.0648698980650015,0.184844674622255,"ZNF808"
"ENSG00000198483.13",176.335826643377,0.029464403290482,0.129586183119578,0.227373031454236,0.820133688917813,0.901948905686628,"ANKRD35"
"ENSG00000198488.10",713.279356834371,0.00495967432645807,0.295443433225252,0.0167872214058544,0.986606364302981,0.993307169128322,"B3GNT6"
"ENSG00000198492.16",4085.78371199398,0.012765972638231,0.0405587164788188,0.314752875498361,0.75294929425744,0.859993167989054,"YTHDF2"
"ENSG00000198496.12",355.179947457353,-0.0581870240145167,0.0843330708984777,-0.689966858725727,0.490215028918483,0.668516168276287,"NBR2"
"ENSG00000198498.10",809.080659088465,0.183788792392192,0.0582530093945116,3.15500940299074,0.00160492932750356,0.0153015212200962,"TMA16"
"ENSG00000198502.6",16058.0086353608,-0.201443791945699,0.166471643346737,-1.2100787130822,0.22624869051803,0.411791911951496,"HLA-DRB5"
"ENSG00000198513.13",381.026512045749,0.0231475066621978,0.0932437274035689,0.248247333163901,0.803943045698912,0.892172611269142,"ATL1"
"ENSG00000198515.16",75.170297165913,0.294857639461519,0.187949728247664,1.56881120398845,0.116691936981094,0.269793379021636,"CNGA1"
"ENSG00000198517.10",2693.74493719346,0.412454784884766,0.142663311020176,2.89110621319055,0.00383888354332937,0.0279056658969573,"MAFK"
"ENSG00000198520.12",151.218927552111,-0.218366883777341,0.113393236935599,-1.92574874550376,0.0541357541029149,0.164071877974521,"ARMH1"
"ENSG00000198521.12",711.215469268467,-0.441246488176435,0.111740606973494,-3.94884635163206,7.85287336467951e-05,0.00184506501715085,"ZNF43"
"ENSG00000198522.14",1812.96209921094,0.190427871645979,0.0725135096514306,2.62610198515225,0.00863689353540457,0.0486255606913086,"GPN1"
"ENSG00000198523.6",504.937321073019,0.00668857455344917,0.153583722749361,0.0435500223182145,0.965263090279485,0.982827820193128,"PLN"
"ENSG00000198535.5",746.825581155875,-0.183952880688315,0.214588455686558,-0.857235679802871,0.391314647439921,0.582232684895303,"C2CD4A"
"ENSG00000198538.11",847.947960862321,0.080392798838166,0.0761954939353199,1.05508599900158,0.29138599478949,0.483802932597792,"ZNF28"
"ENSG00000198542.14",850.204549820595,-0.066602582836632,0.141949354818159,-0.469199616454418,0.638926959618716,0.782322300260985,"ITGBL1"
"ENSG00000198546.15",328.089156080299,0.201882954195979,0.092576392023684,2.18071745704165,0.0292043210328732,0.108770495597656,"ZNF511"
"ENSG00000198547.10",2.4262273204347,0.0483658510989958,0.220143489944775,0.219701482479127,0.826103650023878,0.904749963508764,"C20orf203"
"ENSG00000198551.10",855.662629465936,-0.0412234227179035,0.0826784599424487,-0.498599305630493,0.618061694418091,0.767803283293339,"ZNF627"
"ENSG00000198553.9",25.5707856279805,-0.608707962429559,0.186559020622472,-3.26281709883846,0.00110310687540168,0.0117786200137101,"KCNRG"
"ENSG00000198554.12",747.152432405993,0.161717379756477,0.110224363095873,1.46716547244474,0.142331047023289,0.306826440594818,"WDHD1"
"ENSG00000198555.7",1.35014489564666,0.454072951853761,0.483798542689576,0.938557915717228,0.347957768450517,0.541764859235049,"AC133561.1"
"ENSG00000198556.14",378.288235697689,-0.209944556961747,0.0893232993999437,-2.35038963374745,0.0187537683253221,0.0817596515906902,"ZNF789"
"ENSG00000198561.15",1063.48424048862,-0.100767663415939,0.0800873045331962,-1.25822268589613,0.208311232768775,0.390315772203889,"CTNND1"
"ENSG00000198563.14",3456.00176841487,-0.296536608037721,0.098624083480046,-3.006736261308,0.0026406876012696,0.0216329754697512,"DDX39B"
"ENSG00000198569.10",31.1304039283078,-0.448862464037159,0.209431710911207,-2.14324020982412,0.0320938150667949,0.115663789368778,"SLC34A3"
"ENSG00000198570.6",5.74247079036208,-0.183140278363448,0.209504344132421,-0.87415981335304,0.382031227687554,0.573313755393362,"RD3"
"ENSG00000198573.7",1.06373680248843,-1.24156983753617,0.713819188435731,-1.73933379439821,0.0819760662450205,0.215408774545814,"SPANXC"
"ENSG00000198574.6",44.2446765628687,-0.0641712523538739,0.160624669389476,-0.399510564583788,0.689517040953262,0.818311440646525,"SH2D1B"
"ENSG00000198576.4",103.820547444681,-0.492053778448734,0.22501938635759,-2.18671727095898,0.0287631700106022,0.107644867566461,"ARC"
"ENSG00000198580.7",17.5976411836142,-0.33084875453664,0.131796249240945,-2.51030478061476,0.0120626998973696,0.0606835097738176,"AC073343.1"
"ENSG00000198585.12",2561.99719354808,0.065949833950081,0.0799450014471147,0.824940055742049,0.409405623875833,0.598777983847176,"NUDT16"
"ENSG00000198586.14",3052.73961425125,-0.00610989329496342,0.0593758358679823,-0.10290201738883,0.918040736557815,0.956630054529556,"TLK1"
"ENSG00000198589.14",4834.13826859665,-0.116406076263577,0.0816741287446906,-1.42525029715905,0.15408486186898,0.322820924183748,"LRBA"
"ENSG00000198590.12",66.7990571670294,-0.448899909146117,0.149644834042746,-2.99976883276766,0.0027018457701605,0.0220099062122882,"C3orf35"
"ENSG00000198597.9",7.60951010320771,-0.723430134876975,0.263423808590053,-2.746259492447,0.00602790647848124,0.0380954993143652,"ZNF536"
"ENSG00000198598.6",334.755306046161,0.157134888251395,0.177094087508982,0.887296072170822,0.374919519720635,0.566702786255294,"MMP17"
"ENSG00000198604.11",3793.91154019178,-0.150309457468725,0.0796703405206728,-1.88664258852669,0.0592084144391006,0.174038272156296,"BAZ1A"
"ENSG00000198610.11",21.0232379980598,0.0260189220439235,0.326546214967828,0.079679141424092,0.936492449430223,0.966749654859707,"AKR1C4"
"ENSG00000198612.11",2270.22428039503,0.156247184049177,0.0503439289987579,3.10359535214331,0.00191184617087358,0.0173613816731372,"COPS8"
"ENSG00000198618.5",1264.69993052143,0.309557510633573,0.080498167251298,3.84552246596126,0.000120295841473586,0.00250006061730021,"PPIAP22"
"ENSG00000198624.13",2377.10023145955,-0.101588970070921,0.116995026328491,-0.868318707717424,0.385219883588597,0.576592291532852,"CCDC69"
"ENSG00000198625.13",2280.15867690958,-0.327895735127558,0.0972731906504762,-3.37087467713235,0.000749299361765963,0.00900918152808747,"MDM4"
"ENSG00000198626.17",241.635248011855,-0.0504962734961887,0.170779859923517,-0.295680494871019,0.767474094333181,0.869539479014698,"RYR2"
"ENSG00000198633.10",5.033777082079,-0.38695334075446,0.203134350951815,-1.90491336862197,0.0567913331771429,0.169270712217244,"ZNF534"
"ENSG00000198642.7",1786.47550050817,-0.108668116480893,0.0737232580061069,-1.47400046362427,0.140481466337294,0.304012067602939,"KLHL9"
"ENSG00000198643.7",85.0171182709273,-0.618999522742493,0.228438223338084,-2.70970205291076,0.00673436730549998,0.0410260367249791,"FAM3D"
"ENSG00000198646.14",3052.11056767466,0.00223796846367912,0.0654024810924893,0.0342184031292984,0.97270299155889,0.986466410232675,"NCOA6"
"ENSG00000198648.11",2693.6369129995,0.131093475637446,0.094985666392684,1.38013955806224,0.167543679518476,0.340061679095813,"STK39"
"ENSG00000198650.11",22.0962667490324,0.092772159749923,0.175529308822564,0.528528029718975,0.597132897786515,0.752245631960202,"TAT"
"ENSG00000198658.4",6.03057263960623,-0.238403420478889,0.142272632671076,-1.67568010799421,0.0938008682079498,0.234823092356363,"ABHD17AP1"
"ENSG00000198663.17",5335.61722160485,-0.0471263640227133,0.0446873079029442,-1.05458051142992,0.29161722076986,0.484012768886332,"C6orf89"
"ENSG00000198668.13",15337.0521690993,0.0796745646105995,0.0597286793652107,1.33394150778774,0.182223026851359,0.359234440606483,"CALM1"
"ENSG00000198670.12",3.75621874123186,-0.695522573461392,0.289917705201681,-2.39903448800256,0.0164383663600937,0.0748463360105318,"LPA"
"ENSG00000198673.10",52.1789357668134,0.117351030071273,0.139989632533383,0.838283721069762,0.40187137639192,0.591777775851042,"TAFA2"
"ENSG00000198677.12",3247.80276931654,-0.0977564133433483,0.0570632409154772,-1.71312410187403,0.0866897108439335,0.223281697813748,"TTC37"
"ENSG00000198680.4",504.192161894784,0.167907896429144,0.0905289273813641,1.85474302287722,0.0636329318918118,0.182616257346271,"TUSC1"
"ENSG00000198681.7",27.3312014011019,0.49185982014058,0.587979634111586,0.836525266531997,0.402859468642554,0.592648148594981,"MAGEA1"
"ENSG00000198682.13",4551.6024868724,-0.108619378423863,0.119618792934119,-0.908046100111431,0.363853865828878,0.556592473003999,"PAPSS2"
"ENSG00000198689.13",1185.45326497326,-0.00131382644005969,0.0543020008005567,-0.0241948072021358,0.980697220171702,0.990514838822735,"SLC9A6"
"ENSG00000198690.10",853.913817622726,-0.146720950001971,0.0656497850947424,-2.23490373639809,0.02542366921742,0.0995630127546275,"FAN1"
"ENSG00000198691.13",981.153475014377,-0.00419681925826943,0.251025718185351,-0.0167186824067588,0.986661042838546,0.993307169128322,"ABCA4"
"ENSG00000198692.10",393.685752889,0.300452466610989,0.452133979136099,0.664520873182479,0.506356993989895,0.681783785699204,"EIF1AY"
"ENSG00000198695.2",41370.827671411,-0.0855577753859209,0.147583976400541,-0.579722660092302,0.56210165974684,0.725744611725414,"MT-ND6"
"ENSG00000198700.10",4670.77499937087,0.068720075000697,0.0525497371270319,1.30771491462603,0.190970022667636,0.369864163157279,"IPO9"
"ENSG00000198707.17",871.326422304253,-0.176794940374384,0.088357041441171,-2.00091512222143,0.04540153761789,0.14649674277112,"CEP290"
"ENSG00000198711.5",29.9286842704536,-0.114828484041732,0.128984386184395,-0.890251040754455,0.373331103594293,0.565379932312809,"SSBP3-AS1"
"ENSG00000198712.1",164731.664660784,0.0970045260249937,0.110452631983847,0.87824549114574,0.379810509661446,0.571346073475444,"MT-CO2"
"ENSG00000198715.13",2141.1914714839,0.0639364562640969,0.0798147726846594,0.801060431716116,0.423096661597407,0.610734665182907,"GLMP"
"ENSG00000198718.13",907.940646231524,-0.313391693044722,0.0805185717780295,-3.89216656635028,9.93529933569564e-05,0.00219638725619731,"TOGARAM1"
"ENSG00000198719.9",404.096549432937,-0.0817112742111284,0.146799643919018,-0.556617659482911,0.57778868557036,0.737221427535891,"DLL1"
"ENSG00000198720.13",358.844507226613,0.000622217542361528,0.132786102075564,0.00468586344983186,0.996261235581559,0.99815002456265,"ANKRD13B"
"ENSG00000198721.13",779.508561003698,0.130760679859409,0.0856795829236023,1.52615915481292,0.126970232901807,0.285537512363226,"ECI2"
"ENSG00000198722.14",5692.89384111395,-0.421243318736667,0.111648520533729,-3.77294134058327,0.00016133422991184,0.00307684665026067,"UNC13B"
"ENSG00000198723.11",23.6186022000497,-0.212719163612918,0.205834255575701,-1.03344879606147,0.301393921049751,0.494227838915892,"TEX45"
"ENSG00000198727.2",152462.758002684,-0.0301672007289779,0.117581701013416,-0.256563737970892,0.797515571031393,0.888100846471554,"MT-CYB"
"ENSG00000198728.11",3894.52634641443,-0.137683419132644,0.0569548526685918,-2.41741331390662,0.0156312567111804,0.0723248573489378,"LDB1"
"ENSG00000198729.5",964.033803854732,-0.181157086629599,0.164544063907759,-1.1009639747998,0.270912336544022,0.462965014914286,"PPP1R14C"
"ENSG00000198730.9",2620.00081520619,-0.0891673826767342,0.0477042940074052,-1.8691688983573,0.0615993198552514,0.178892721209079,"CTR9"
"ENSG00000198732.11",987.624526900646,0.347555850035619,0.274985067156337,1.26390808646356,0.20626301901563,0.387714590959303,"SMOC1"
"ENSG00000198734.12",753.27081487769,0.0672496320031824,0.199899697644266,0.336416877042292,0.736556524367587,0.849576509346247,"F5"
"ENSG00000198736.12",2859.36033744943,0.350377572387704,0.120595644865311,2.9053915900448,0.00366793887718425,0.0271009074651787,"MSRB1"
"ENSG00000198739.11",3.71256853035599,0.129971114911847,0.396628244523058,0.327690013776343,0.74314605471694,0.853657716581827,"LRRTM3"
"ENSG00000198740.9",2027.08455553851,-0.209392087510486,0.0702462596427159,-2.98082899467515,0.00287469269369553,0.022934853546898,"ZNF652"
"ENSG00000198742.10",3229.57086250268,3.13513252809647e-06,0.0722160400853316,4.34132434344496e-05,0.99996536124334,0.99996536124334,"SMURF1"
"ENSG00000198743.7",3155.10756604091,0.160921408569888,0.141367412506476,1.13832039305746,0.254986721568826,0.445537573275476,"SLC5A3"
"ENSG00000198744.5",130.80763096036,0.392910862883114,0.178139915810971,2.20563067572145,0.027409869425668,0.104397506241126,"MTCO3P12"
"ENSG00000198746.13",577.688513648005,0.0395757078822521,0.054745624277275,0.722901755249141,0.46974024509887,0.650624536343,"GPATCH3"
"ENSG00000198752.11",4545.18367104938,0.177730567829317,0.0743155409423997,2.39156663028359,0.016776638501576,0.0758582949386079,"CDC42BPB"
"ENSG00000198753.12",796.580546669373,-0.130306724132831,0.188142402738267,-0.69259625813383,0.488562959229861,0.667124387882842,"PLXNB3"
"ENSG00000198754.5",18.9951982772785,-0.281511754545584,0.170129746870324,-1.65468861104083,0.0979876784652872,0.241330357977867,"OXCT2"
"ENSG00000198755.11",25709.0434100207,0.00238039821420508,0.092183279820376,0.0258224508700863,0.97939895461341,0.989804492485331,"RPL10A"
"ENSG00000198756.12",140.663616150664,-0.335579742041182,0.18112934897787,-1.85270771376859,0.063924263795511,0.183152367860925,"COLGALT2"
"ENSG00000198758.11",80.4862222819187,0.607714957806212,0.370771882524574,1.63905351632465,0.101202114692887,0.246259465317226,"EPS8L3"
"ENSG00000198759.12",792.706358049256,0.179989161254165,0.116447744706206,1.54566463874653,0.122185581514495,0.278059176400137,"EGFL6"
"ENSG00000198763.3",134989.464200114,0.000399051955990242,0.12857411348794,0.00310367262246512,0.99752363150847,0.998783623464301,"MT-ND2"
"ENSG00000198768.11",110.206710062644,0.406214750241724,0.237363485994247,1.71136157922609,0.0870143851385432,0.223894421857757,"APCDD1L"
"ENSG00000198771.11",1237.09716575091,-0.233642310528187,0.117734287198651,-1.98448825815683,0.0472014357743712,0.150093352553595,"RCSD1"
"ENSG00000198774.5",511.603599726401,-0.249218164385096,0.161277374158023,-1.54527667433937,0.122279355031573,0.278160512094919,"RASSF9"
"ENSG00000198780.12",96.1370332677873,0.150653321997026,0.152237094813179,0.989596669470759,0.322371298559463,0.516094808758425,"FAM169A"
"ENSG00000198783.6",660.337569238461,0.0255541889011602,0.0430873401633549,0.593078820931575,0.553128403542666,0.718197571824265,"ZNF830"
"ENSG00000198785.7",61.1639406616477,-0.0658065752147483,0.12619672806209,-0.521460232965557,0.602046201250411,0.755775580793709,"GRIN3A"
"ENSG00000198786.2",107082.899269266,-0.106855107720453,0.125933696192371,-0.84850291027133,0.396157952379502,0.586695863273175,"MT-ND5"
"ENSG00000198788.9",37.7896355737915,1.34589504165982,0.344695975029138,3.90458589354298,9.43868653969861e-05,0.00212469365088699,"MUC2"
"ENSG00000198791.12",3540.00653048164,-0.0222288469472784,0.0599320378493904,-0.370900902838306,0.710711342677496,0.832705048328291,"CNOT7"
"ENSG00000198792.13",4690.46499464662,0.14873370868668,0.0758603389914256,1.96062541591715,0.0499227352927204,0.155586101748614,"TMEM184B"
"ENSG00000198793.13",3195.84536497791,-0.0336890745293112,0.0544665123248749,-0.61852821286531,0.536227206259065,0.704895643129158,"MTOR"
"ENSG00000198794.12",776.247827927234,-0.144411774999797,0.118561238157471,-1.21803531444224,0.223210553133973,0.407850751157174,"SCAMP5"
"ENSG00000198795.11",466.12119232343,-0.0988448849443495,0.123965183806747,-0.797360048273247,0.425241955123189,0.612749639122109,"ZNF521"
"ENSG00000198796.7",76.4006158659481,-0.361896580963661,0.19454348590554,-1.86023489442036,0.0628523001731396,0.181031372061972,"ALPK2"
"ENSG00000198797.7",10.3185298160705,0.537051458454868,0.249245795133924,2.15470619340359,0.0311848328438675,0.113716724179759,"BRINP2"
"ENSG00000198799.12",959.887373222712,-0.313236318938033,0.0775895386740312,-4.03709474616159,5.41172169190467e-05,0.00140102994003563,"LRIG2"
"ENSG00000198804.2",404715.415382526,-0.042763108999217,0.102193321547753,-0.418453068669802,0.675615892979521,0.809431067147691,"MT-CO1"
"ENSG00000198805.12",1749.82358681208,0.356038613178457,0.0912102126842266,3.9034950440372,9.48134926448938e-05,0.0021288868817272,"PNP"
"ENSG00000198807.13",632.109156526914,-0.411685322718205,0.195185386848005,-2.10920156148162,0.0349271872026342,0.122484425392779,"PAX9"
"ENSG00000198814.13",961.467985105428,-0.330615939252653,0.115712446177605,-2.8572202055533,0.00427369233149503,0.0300748338178956,"GK"
"ENSG00000198815.9",3212.73340877317,-0.152927473682165,0.0601509655780587,-2.54239432754756,0.01100958866293,0.0573133413517669,"FOXJ3"
"ENSG00000198816.7",1070.30790999516,0.135245789141554,0.0918974558833926,1.4717033006133,0.141101015922275,0.304953722768296,"ZNF358"
"ENSG00000198818.10",1944.85624548904,0.0611872000309354,0.0538361350511228,1.13654518424906,0.255728466440333,0.446293131705232,"SFT2D1"
"ENSG00000198821.11",415.841071316591,-0.162797786528657,0.117393941062414,-1.3867648113296,0.165513490410455,0.337520403084371,"CD247"
"ENSG00000198822.10",5.99631770979768,-0.120798604311716,0.208099811894075,-0.580483966862996,0.561588295772081,0.72530681709752,"GRM3"
"ENSG00000198824.7",1018.28225278986,0.0337245410676848,0.0643499434008962,0.524080353227087,0.600222652860255,0.754312792206991,"CHAMP1"
"ENSG00000198825.15",1088.14569815762,-0.157645609418205,0.080733023132762,-1.95267813963765,0.0508577455912604,0.157478322541837,"INPP5F"
"ENSG00000198826.11",624.348720229572,0.284309134785271,0.132910902395156,2.13909566229559,0.0324279216483542,0.116476728389109,"ARHGAP11A"
"ENSG00000198829.6",339.730832472078,0.441664985270264,0.164960424409158,2.67739966632714,0.0074196071069618,0.0437980459950495,"SUCNR1"
"ENSG00000198830.11",8161.65179096844,0.0911962143856641,0.0725335502771072,1.25729698928645,0.208646113790339,0.390733213321057,"HMGN2"
"ENSG00000198832.10",2711.48951283837,0.237284646705388,0.110520545437732,2.14697317829539,0.031795416994864,0.115136482272135,"SELENOM"
"ENSG00000198833.7",4572.96264275191,-0.0346288312002737,0.0551300442058341,-0.628129937117104,0.529918823014691,0.700327775416984,"UBE2J1"
"ENSG00000198835.4",96.2121261004336,0.154432513734665,0.144926154829218,1.06559450167328,0.286606985784628,0.479097373441535,"GJC2"
"ENSG00000198836.11",3010.41429449934,0.0428354464830111,0.0637875973068441,0.671532528133255,0.501881344699187,0.678130503614855,"OPA1"
"ENSG00000198837.10",2595.5550994709,-0.0377464108342221,0.0684082636290468,-0.551781449079123,0.581098098591867,0.739627388561902,"DENND4B"
"ENSG00000198838.14",87.452096694012,-0.230899171821422,0.133398955816811,-1.73089189797334,0.0834710469515167,0.217790091391602,"RYR3"
"ENSG00000198839.10",1237.11908714478,0.0541396357951305,0.0706715461522978,0.766074024734922,0.443632257636513,0.628530948274073,"ZNF277"
"ENSG00000198840.2",43202.2341569205,0.0711555478106708,0.110437327205107,0.644307043745445,0.51937634896813,0.692689051243678,"MT-ND3"
"ENSG00000198841.4",179.022757659319,0.0475389990914345,0.066269890346652,0.717354425105613,0.473155433136415,0.653608866357882,"KTI12"
"ENSG00000198842.10",11.1340222706455,-0.270731106928621,0.259376362600866,-1.04377709755005,0.296588530038221,0.489336534543956,"STYXL2"
"ENSG00000198843.13",5377.3871878531,0.0472303752748625,0.0845253647763322,0.558771623167102,0.576317591224823,0.736048837095615,"SELENOT"
"ENSG00000198844.12",605.938426986242,-0.167607215709047,0.147346408123091,-1.13750459101134,0.255327406457785,0.445892190030572,"ARHGEF15"
"ENSG00000198846.6",700.809465984404,-0.329413722955398,0.141499601756108,-2.32801872844267,0.0199111092138167,0.0850304011746052,"TOX"
"ENSG00000198848.13",6860.65820751792,0.518987379756243,0.231216215639176,2.24459767374684,0.0247939722390925,0.0980130275179418,"CES1"
"ENSG00000198851.10",1101.96726420959,-0.120554277262779,0.124424453142853,-0.968895375608925,0.332597392991262,0.526116073780496,"CD3E"
"ENSG00000198853.12",1123.16391961904,0.0865577125522154,0.0818962862816888,1.05691865262966,0.290548714847876,0.482901991637834,"RUSC2"
"ENSG00000198855.7",525.83258727596,-0.0844107289985543,0.0675699104270441,-1.24923547278775,0.211578961189562,0.394229816145293,"FICD"
"ENSG00000198856.13",4587.07006735267,0.0616173772731849,0.0846945877784445,0.727524377760382,0.46690478726797,0.648531898807315,"OSTC"
"ENSG00000198857.3",19.2032506428796,-0.28466363187704,0.175512780465863,-1.62189688478217,0.104825428686845,0.252021334615233,"HSD3BP5"
"ENSG00000198858.10",4007.62595252394,0.159431578616391,0.0751439037962452,2.12168347080681,0.0338643275847642,0.120017570606723,"R3HDM4"
"ENSG00000198860.13",1793.80403426618,-0.0005103791544254,0.0674759887817103,-0.00756386328885841,0.993964967807923,0.997160498219974,"TSEN15"
"ENSG00000198862.14",1730.34939095441,-0.0695154660778577,0.072719169043022,-0.955944175279714,0.339100439060667,0.532531647058811,"LTN1"
"ENSG00000198863.7",1373.6896680286,0.0294814408788967,0.0456671812349338,0.645571723098697,0.518556754966543,0.691984049184381,"RUNDC1"
"ENSG00000198865.10",50.5186842864983,-0.183425371253129,0.125736862460563,-1.4588034699105,0.144619207304804,0.309912929248124,"CCDC152"
"ENSG00000198868.3",3.36079601706868,-0.416555749117246,0.205296133578818,-2.02904819421414,0.0424533817654659,0.139936683589648,"MTND4LP30"
"ENSG00000198870.8",50.178810989247,-0.102305401965509,0.102065096634283,-1.00235443201594,0.316172441948664,0.510194315131682,"STKLD1"
"ENSG00000198873.12",1449.72935362582,-0.210592490127811,0.145214440583636,-1.45021727371886,0.1469979395676,0.313035845082776,"GRK5"
"ENSG00000198874.13",912.734405157823,0.0722413590417289,0.0467754828499545,1.54442786349129,0.122484714262242,0.278421158025774,"TYW1"
"ENSG00000198876.13",4210.40472497845,0.0180241454039586,0.0669277443967138,0.269307528087613,0.787693039543983,0.88230475629237,"DCAF12"
"ENSG00000198879.12",735.639639729693,-0.0268212944544032,0.118967606416457,-0.225450400006474,0.821628907136889,0.902580842404112,"SFMBT2"
"ENSG00000198881.10",8.04405629134641,-0.0656986117223661,0.147044201504171,-0.44679498443536,0.655023092988973,0.794335391377645,"ASB12"
"ENSG00000198883.12",21.5036997514222,-0.42603243214995,0.295358143166571,-1.44242656587153,0.149182073941827,0.3160265961036,"PNMA5"
"ENSG00000198885.10",134.384350407693,-0.184154592265574,0.106989405617656,-1.72124138088664,0.0852070316538658,0.220728773163591,"ITPRIPL1"
"ENSG00000198886.2",315505.248383819,0.0164413370756849,0.121191430077209,0.13566418900421,0.892086758958902,0.942835276683245,"MT-ND4"
"ENSG00000198887.9",2032.73284929025,-0.0994234549872488,0.0640735455478202,-1.5517083398022,0.120732026287039,0.275839373536536,"SMC5"
"ENSG00000198888.2",121592.644497205,-0.00664135451681514,0.125002184488956,-0.0531299076409492,0.957628402246709,0.978435549976973,"MT-ND1"
"ENSG00000198889.5",5.48472258420572,-0.184600890616938,0.54003073850966,-0.341834042866498,0.732475788652564,0.846898756325632,"DCAF12L1"
"ENSG00000198890.9",723.499541139225,0.116325376140059,0.0944731763797552,1.23130586477228,0.218208489232477,0.402148642790859,"PRMT6"
"ENSG00000198892.7",835.110682627716,0.146008404036759,0.0935155063163164,1.56132827365426,0.118446315820342,0.272675507717235,"SHISA4"
"ENSG00000198894.8",1051.8651062616,-0.145748364621589,0.0579647715200217,-2.51443007191439,0.0119224943857907,0.0601964824971385,"CIPC"
"ENSG00000198898.14",7591.72843938465,0.259233153320976,0.0950823955263229,2.72640536543075,0.00640283102272895,0.0397333556830783,"CAPZA2"
"ENSG00000198899.2",95801.3890964972,0.0698456859687509,0.11881859308838,0.58783464905024,0.556643284526369,0.721282508692306,"MT-ATP6"
"ENSG00000198900.6",6847.28330864779,0.0535285609737553,0.0678016518411152,0.789487564391394,0.429827095166408,0.616289124865427,"TOP1"
"ENSG00000198901.14",11.0432126860147,0.278454221343014,0.127218817128574,2.18878171977965,0.0286127090056488,0.107295481481029,"PRC1"
"ENSG00000198909.8",1762.1886955558,-0.0959421508476605,0.0750313906215318,-1.27869349152284,0.201005012520593,0.381553103475005,"MAP3K3"
"ENSG00000198910.14",139.956380269956,0.0894366876136248,0.209269546199172,0.427375550996337,0.669105812214743,0.804900683842396,"L1CAM"
"ENSG00000198911.12",7979.47117315356,0.0165327234365039,0.0807746626460257,0.204677096690014,0.837824415766021,0.911707412129372,"SREBF2"
"ENSG00000198912.11",1043.28507222503,0.0162730399933997,0.0568379226921376,0.286306029893853,0.77464374016449,0.874274180185646,"C1orf174"
"ENSG00000198914.5",3.65075766001968,-0.277164239497763,0.386788853845003,-0.716577628187888,0.473634752661743,0.654059555368013,"POU3F3"
"ENSG00000198915.12",494.298463770379,0.0162884461587954,0.152300726143871,0.106949235050977,0.914829253228144,0.954836037713699,"RASGEF1A"
"ENSG00000198917.13",4.85786401670698,-0.171548307769707,0.148970163305109,-1.15156152053318,0.249501301231094,0.43922554088262,"SPOUT1"
"ENSG00000198918.8",6462.94634287478,0.0696462558448553,0.114695052120461,0.607229819920284,0.543698405149692,0.711335363801182,"RPL39"
"ENSG00000198919.13",851.919445599369,-0.299650459278014,0.0787144985199048,-3.80680135060811,0.000140775730762313,0.00281154553345511,"DZIP3"
"ENSG00000198920.11",798.426000880912,-0.107213710514391,0.0573525138586994,-1.86938118839106,0.0615697998705452,0.178838191161234,"KIAA0753"
"ENSG00000198924.8",776.630394888173,0.00793167826404782,0.0764323174231532,0.103773881670178,0.917348793946014,0.95626894433577,"DCLRE1A"
"ENSG00000198925.12",1191.67097601858,0.0754446114585832,0.0590209638676462,1.27826803418133,0.201154934768089,0.381694984275077,"ATG9A"
"ENSG00000198929.13",143.053479870469,-0.171589453882396,0.123005461446732,-1.39497427077011,0.163023598472348,0.334451790980324,"NOS1AP"
"ENSG00000198930.13",189.813987767279,-0.0559057643136565,0.492295559263464,-0.113561382510333,0.909585501542217,0.952043774773193,"CSAG1"
"ENSG00000198931.11",4459.82382867072,0.306707750037931,0.0951659193806855,3.22287381905102,0.00126911446464043,0.0129808380556909,"APRT"
"ENSG00000198932.13",329.799717011901,-0.382304360563583,0.119037689660627,-3.21162450021941,0.00131986766771861,0.0133441707444141,"GPRASP1"
"ENSG00000198933.9",747.441309626384,-0.0426301340138598,0.0889422033314545,-0.479301528600468,0.631724134863325,0.777409010848388,"TBKBP1"
"ENSG00000198934.5",197.116795979433,-0.115978751664462,0.0987608772443841,-1.17433901865282,0.24025926044814,0.428158579652492,"MAGEE1"
"ENSG00000198937.9",728.012483471127,-0.0532495020098974,0.104970969277441,-0.507278368261588,0.611959514342064,0.763478911207998,"CCDC167"
"ENSG00000198938.2",205104.598234854,0.00719452904274734,0.108473510417961,0.0663252163134206,0.947118907707553,0.972211521705356,"MT-CO3"
"ENSG00000198939.8",58.0402467451271,-0.389675901869694,0.119356316856216,-3.26481171783411,0.00109536861945062,0.0117223103334521,"ZFP2"
"ENSG00000198944.6",29.1867711961454,-0.0667466132484839,0.194601490241561,-0.342991274967271,0.731605024035061,0.846397425646026,"SOWAHA"
"ENSG00000198945.8",421.611099865653,0.147330355172522,0.0797229528168689,1.84802933116331,0.0645980997938455,0.184383178886065,"L3MBTL3"
"ENSG00000198947.16",884.662685588806,-0.499586954717925,0.133536405785526,-3.74120414413666,0.000183140681463061,0.00337800704041534,"DMD"
"ENSG00000198948.12",245.299557296271,0.238371955897421,0.160537413972545,1.48483739708295,0.137586902778269,0.299887151831767,"MFAP3L"
"ENSG00000198951.12",2955.81673527278,0.196254928258522,0.0593911225850391,3.30444887579815,0.000951633305661708,0.0106282212832591,"NAGA"
"ENSG00000198952.8",6078.69450122791,-0.0181900275764838,0.0657782477234908,-0.276535605705831,0.782136716019165,0.879083944229737,"SMG5"
"ENSG00000198954.9",1290.76888700941,0.0260648475500609,0.0488689477438716,0.533362160500572,0.593782905854172,0.749566254512744,"KIFBP"
"ENSG00000198959.12",25045.1758053792,0.0683294752856891,0.116256885652876,0.587745619555902,0.556703049976563,0.721282508692306,"TGM2"
"ENSG00000198960.11",535.11738631418,-0.00517621668397404,0.0679200121737939,-0.0762104793316161,0.939251645636857,0.968226079117195,"ARMCX6"
"ENSG00000198961.10",5790.04552807849,-0.00226165042164687,0.0685757184316309,-0.0329803387171467,0.973690266542182,0.986851047033057,"PJA2"
"ENSG00000198963.11",123.203753163239,-0.108115652594669,0.200017224077798,-0.540531712172029,0.58883039722918,0.745793594116681,"RORB"
"ENSG00000198964.14",2543.26753584591,0.0835863668221488,0.100787718508122,0.829330875422214,0.406917204352465,0.596502632579717,"SGMS1"
"ENSG00000198976.1",10.6675168256238,0.0269249154397878,0.193890664903701,0.138866486703526,0.889555654063846,0.941415060578773,"MIR429"
"ENSG00000199038.1",3.70927863426225,0.328819184204236,0.208576553670275,1.57649159705671,0.114912553792203,0.267355925560634,"MIR210"
"ENSG00000199161.1",4.78670970693776,-0.687536731650476,0.213118581676743,-3.22607595377736,0.00125500047492377,0.0128919255821157,"MIR126"
"ENSG00000199200.2",0.806847277853877,-0.257089229264271,0.992336071876033,-0.259074759600584,0.795577559015323,0.887445976504409,"Y_RNA"
"ENSG00000199218.1",1.49421879090421,-0.907673027381572,0.858526934563052,-1.05724467205392,0.290399936918001,0.48273842120087,"RN7SKP184"
"ENSG00000199319.1",1.18756856254672,-0.221337384862636,0.637167315591317,-0.347377179347666,0.728307975402027,0.843976828759147,"RN7SKP25"
"ENSG00000199331.1",5.45745407967297,-0.220580303429632,0.185896880419143,-1.18657345369265,0.235395912112456,0.422641217815888,"Y_RNA"
"ENSG00000199366.1",1.48016118582026,-1.18245115416188,0.439588004827196,-2.68990768896597,0.00714717863978524,0.0427883595689283,"Y_RNA"
"ENSG00000199370.2",1.00591321639047,0.0291893197975618,0.410978263119718,0.0710239991185591,0.943378655185446,0.970350962461412,"U3"
"ENSG00000199377.1",6.15908473081593,-0.446314321394946,0.294097514067207,-1.5175725738809,0.129122185174103,0.288495061472479,"RNU5F-1"
"ENSG00000199400.1",4.7054458085554,-0.56922839994077,0.26763890884174,-2.12685219202327,0.0334323661825551,0.119044253188857,"RNY4P19"
"ENSG00000199405.1",1.66413524635342,-1.34852312387665,0.543393760717771,-2.48166839842877,0.0130768904592498,0.0641474751819367,"SNORA1B"
"ENSG00000199436.1",4.80636595114906,-0.322470273251381,0.277584564937421,-1.16170102370093,0.245356929749244,0.434388102214389,"SNORD9"
"ENSG00000199459.1",0.920962561710499,-1.86724858872447,0.796520126972551,-2.34425788563761,0.0190649840926789,0.0826256854201455,"Y_RNA"
"ENSG00000199466.1",2.53298230976278,-0.495769132462567,0.26927262292828,-1.84114198863289,0.0656007538883245,0.186161430208318,"Y_RNA"
"ENSG00000199506.1",5.11739229590385,-1.34695266298492,0.296072393896776,-4.54940308772769,5.37983032114604e-06,0.000254841830087526,"RNU6-247P"
"ENSG00000199512.1",1.41281222882493,-0.301759560358458,0.899010878861225,-0.335657295649966,0.737129312356467,0.849972160713603,"RNU6-212P"
"ENSG00000199530.1",1.25677749082718,-0.22166544426593,0.372135231838147,-0.595658312627436,0.551403512587853,0.716831657087076,"Y_RNA"
"ENSG00000199536.1",2.36038259826653,-0.565351370574809,0.319918238435782,-1.7671745547833,0.0771989996757903,0.206803308402084,"RNU6-315P"
"ENSG00000199545.1",2.11212136337009,-0.57208861232476,0.40592610070146,-1.40934177757026,0.158734131061571,0.328920572868064,"RNA5SP195"
"ENSG00000199562.1",3.73427860024885,-0.0281919361750087,0.219998978020669,-0.12814575971512,0.898033623524732,0.945667808325181,"RNU6-37P"
"ENSG00000199568.1",22.5478125613504,-2.24445168017782,0.589554101247861,-3.80703259535837,0.000140644214276472,0.00281154553345511,"RNU5A-1"
"ENSG00000199572.1",1.41823742900021,1.29506895306641,0.486913857572245,2.6597496311229,0.00781987570989721,0.0453724506813538,"RNA5SP174"
"ENSG00000199598.1",1.32027484673898,-0.289901582440668,0.758332114765347,-0.382288415321001,0.702247446567937,0.826437760289372,"RNU6-859P"
"ENSG00000199627.1",4.439414396067,-0.281089888490067,0.251686617829884,-1.11682492662386,0.264069188736451,0.455691468439468,"RNU6-1010P"
"ENSG00000199630.1",2.04750243035743,-1.16007191042116,0.478163629823226,-2.42609817658033,0.015262140932411,0.0711855503029925,"Y_RNA"
"ENSG00000199643.1",1.24915571485337,0.70557476316244,0.526295342494515,1.34064413304169,0.18003602112974,0.356548643832755,"RNU4-90P"
"ENSG00000199674.1",0.896508902012873,-0.487747135761549,0.83364307229227,-0.585079096765466,0.558494533434421,0.722486859878245,"RNU6-862P"
"ENSG00000199676.1",2.93378638445786,0.0487215335153621,0.228181529290792,0.213520935137883,0.83092066172418,0.907814839063536,"Y_RNA"
"ENSG00000199683.1",3.25065557804353,-0.947241698081467,0.489849565030021,-1.93374000040893,0.0531451030971131,0.162118372495161,"RN7SKP185"
"ENSG00000199687.1",2.34269222976263,-0.985296382861938,0.323609512001966,-3.04470773051922,0.00232906525302542,0.0198265327202698,"RNU1-38P"
"ENSG00000199691.1",7.77743363084831,-0.505634656028226,0.214345050216072,-2.35897519218903,0.0183254807856142,0.080553238948436,"RN7SKP173"
"ENSG00000199697.1",1.5612192552369,-0.689409176897197,0.33792892994012,-2.04010108580925,0.0413402586058506,0.137565340306305,"RNU6-446P"
"ENSG00000199719.1",4.35071001329229,-1.10422491221278,0.299790302533085,-3.68332431997502,0.00023021196013505,0.00398761240021257,"RN7SKP74"
"ENSG00000199730.1",1.28567916875637,-1.69737068381071,0.729872718460065,-2.32557080279961,0.0200414586842061,0.0852955877482564,"RN7SKP95"
"ENSG00000199753.1",48.805113917021,-0.354668538707981,0.135951109946951,-2.60879472662177,0.00908617294355053,0.0503691409641238,"SNORD104"
"ENSG00000199762.1",1.19218184058326,-1.45672062013678,0.627820690905422,-2.3202813179603,0.0203256640703189,0.0861163570747169,"Y_RNA"
"ENSG00000199788.1",0.709797538007867,-0.848838607274702,1.09322809653171,-0.776451510867369,0.437482440389201,0.623052696576878,"RNY3P2"
"ENSG00000199804.1",9.79206409149199,-0.219404851535614,0.125937533494894,-1.74217205504115,0.0814783422730474,0.214660002318317,"RNA5SP383"
"ENSG00000199805.1",2.70884038727069,-0.795227319304552,0.312659176192391,-2.54343188960243,0.010976945533067,0.0571828270430919,"RNU1-134P"
"ENSG00000199824.1",2.28879750427691,-1.12464796433632,0.350489417316467,-3.20879293003258,0.0013329345169763,0.0134395484172296,"RNU6-199P"
"ENSG00000199831.1",0.685648180568389,-1.55308747602154,1.33344255652445,-1.16472019617371,0.244132271165362,0.4330489479412,"RN7SKP291"
"ENSG00000199836.1",2.51527435252778,0.0794059377127355,0.239656917905772,0.331331715381386,0.740393937545043,0.851853598288231,"RNU1-47P"
"ENSG00000199846.1",2.11635748325907,-0.00745927748803731,0.298459536503094,-0.0249925922134506,0.980060872321827,0.990142824003478,"RNU1-72P"
"ENSG00000199872.1",3.12935060996598,-1.18606293316014,0.334641312667471,-3.5442812595548,0.000393685026680058,0.00576129916187216,"RNU6-942P"
"ENSG00000199879.1",1.64801600383411,0.259606173823755,0.380209339213177,0.682797993234455,0.494734497921033,0.672183955243428,"RNVU1-22"
"ENSG00000199881.1",0.702136576917144,-1.73502950588448,0.966309761188981,-1.79552103846042,0.0725707238570428,0.198859086141474,"Y_RNA"
"ENSG00000199883.1",1.7927151816064,-1.04934611490612,0.682264951373731,-1.53803315382577,0.124040508663507,0.280780147055866,"RN7SKP90"
"ENSG00000199899.2",6.92385310591158,-0.739717200484857,0.261597892451936,-2.82768792038631,0.00468854884001919,0.0319672038768705,"Y_RNA"
"ENSG00000199906.1",9.10578362225015,-0.127916544078057,0.122119232146505,-1.04747255472911,0.294881683842259,0.487419766474061,"RNU5B-2P"
"ENSG00000199933.1",2.46341031675997,-0.56667932627727,0.246319357403732,-2.30058787198137,0.0214149372076864,0.0888876080857128,"RNY1P16"
"ENSG00000199938.1",2.50080827485963,-1.30478663716557,0.838225036034044,-1.55660661645111,0.11956391195353,0.274154385840288,"Y_RNA"
"ENSG00000199975.1",2.27223714063019,-0.9332070776275,0.354324803138101,-2.63376164852839,0.00844447444681857,0.0478865419448016,"RN7SKP243"
"ENSG00000199977.1",1.65928230299226,-0.432932482714053,0.398193390542752,-1.08724175989951,0.276929979796577,0.469560978730199,"SNORA73"
"ENSG00000199990.1",2.56335320989486,-0.406855947581474,0.528724357391132,-0.769504831570481,0.441593677394875,0.626736596181574,"VTRNA1-1"
"ENSG00000200033.1",38.9065407846103,-0.0171073169768827,0.221639523676506,-0.0771853173707936,0.938476121840193,0.967929385137521,"RNU6-403P"
"ENSG00000200065.1",1.577529080542,-0.430318057960513,0.36517802762933,-1.17837883279577,0.238645612481027,0.426159748275619,"Y_RNA"
"ENSG00000200070.1",1.61896165615557,-0.973428700694267,0.517560417462311,-1.88080206262132,0.0599988494918636,0.17576800769837,"RNU4-80P"
"ENSG00000200075.1",1.62597470151611,-0.599495023313247,0.695180206642645,-0.862359166134048,0.388489903586098,0.579557931625755,"AC022973.1"
"ENSG00000200086.1",1.22504738695419,-2.15114483568773,0.958685840037722,-2.24384751067471,0.0248422143269791,0.0981454659532594,"RNU6-433P"
"ENSG00000200087.1",302.099881836083,-0.44995954816271,0.303833879714167,-1.48093934944322,0.138622736121456,0.301166135158566,"SNORA73B"
"ENSG00000200090.1",13.8979733148496,-0.338117183966507,0.136792227467642,-2.47175727909313,0.0134450767330481,0.0653660834803404,"Y_RNA"
"ENSG00000200091.1",2.64610155795924,-1.62366894004975,0.407234611862666,-3.9870602663737,6.68970371449464e-05,0.00164126975509705,"RN7SKP163"
"ENSG00000200105.1",1.4900719834222,-0.807105549105875,0.801987301064595,-1.0063819564655,0.314231869851249,0.508294706197533,"RNU6-251P"
"ENSG00000200113.1",0.960079505545807,-0.667247624468422,0.917017609779414,-0.727627929226927,0.466841379025019,0.64852499507135,"AC078843.1"
"ENSG00000200114.1",1.66316761443607,-0.310368014046548,0.337117533007362,-0.920652246348073,0.357232015426043,0.550516954661358,"RNA5SP123"
"ENSG00000200120.1",2.13710602126109,-1.19615957388309,0.423448257930633,-2.82480693090733,0.00473091131268466,0.0321509520991421,"Y_RNA"
"ENSG00000200151.1",0.826286770396213,-0.116460982500962,1.13019962787767,-0.103044612321858,0.917927563869278,0.956572004003377,"RN7SKP231"
"ENSG00000200156.1",34.1462531037636,-2.44770654866738,0.875176253122706,-2.79681554422181,0.00516089880794674,0.0342373212815106,"RNU5B-1"
"ENSG00000200164.1",3.85990071377869,0.167288769372649,0.238583427705804,0.701175144398261,0.483193719459028,0.662551066669766,"Y_RNA"
"ENSG00000200169.1",1.87308769643088,0.457446715217437,0.567198202879076,0.806502405852937,0.419953221370442,0.608056373455213,"RNU5D-1"
"ENSG00000200170.1",12.8224569064554,-0.119415969402612,0.13863096669161,-0.86139462381632,0.389020736045812,0.580137852553688,"Y_RNA"
"ENSG00000200176.1",1.73075502557307,-1.20195471379718,0.735669938018447,-1.63382333799677,0.102295950460245,0.248152895547372,"RNU1-19P"
"ENSG00000200243.1",1.53189843776602,0.533179723500012,0.993133305686383,0.536866219718124,0.591360026237683,0.74777429273923,"RN7SKP79"
"ENSG00000200253.1",7.84478571633652,-0.23152450714376,0.146748238913488,-1.577698709422,0.114634842935698,0.266928089652971,"RNU6-529P"
"ENSG00000200296.1",1.11865786389171,-0.541878100729721,0.812277920098454,-0.667109233578627,0.504702362576856,0.680643891816392,"RNU1-83P"
"ENSG00000200312.1",6.87940333330899,-5.3530785604226,0.846972945478948,-6.32024740459157,2.61144869228137e-10,1.33968370428279e-07,"RN7SKP255"
"ENSG00000200344.1",4.35208617406117,-0.171139326734649,0.162504907189044,-1.05313328498788,0.292279909690967,0.484846787909386,"Y_RNA"
"ENSG00000200351.1",1.59673604664318,-0.609543668795168,0.62623775863124,-0.973342249639243,0.330383230751627,0.524007855815059,"Y_RNA"
"ENSG00000200355.1",1.06767276018028,-0.67434965149581,0.625601726921617,-1.0779216592225,0.281068718671163,0.473659690763264,"SNORA72"
"ENSG00000200356.1",3.58983750712555,-0.480370805647581,0.213777338415081,-2.2470614014048,0.0246361032818628,0.0975688452995859,"RNU6-833P"
"ENSG00000200385.1",3.6914140574456,0.00270317502678362,0.259228805574931,0.0104277571344295,0.991680004362356,0.996017931254854,"AL136296.1"
"ENSG00000200394.1",5.42159456430374,-0.705071511101005,0.315112476280104,-2.2375233104838,0.025252157540573,0.0991308852232508,"SNORA38B"
"ENSG00000200397.1",2.29648720773964,-1.1619338802352,0.367038759861782,-3.16569803328879,0.00154711310016733,0.0148910194980835,"Y_RNA"
"ENSG00000200428.1",2.51334205309235,-0.161936480256471,0.220408010054443,-0.73471231928672,0.462514716006979,0.644804212999807,"Y_RNA"
"ENSG00000200455.1",1.1317444334954,-1.74533796835975,1.00154544451441,-1.74264480750143,0.0813956780408909,0.214590323159964,"RNU6-1112P"
"ENSG00000200488.1",7.69460671510589,-4.72883652439712,0.680391190588227,-6.95017306192463,3.64838369356382e-12,4.38540922105398e-09,"RN7SKP203"
"ENSG00000200502.1",8.09439988122507,-0.305392290688202,0.200225230090095,-1.52524379944918,0.127198299700007,0.285899991391366,"Y_RNA"
"ENSG00000200506.1",2.17411882567424,-0.652294607650799,0.366633751012927,-1.77914500737768,0.0752159914980192,0.203441872202742,"Y_RNA"
"ENSG00000200522.1",1.10540754151083,-0.951606094957062,0.986814016992578,-0.964321623498199,0.334884703079647,0.52837212540598,"RNU6-957P"
"ENSG00000200525.1",3.53442592099748,-0.575443029987502,0.28297030050182,-2.03358101174226,0.0419938579306667,0.138976293447881,"RNU6-1209P"
"ENSG00000200534.1",37.1575285122319,-0.503725161789023,0.133337006047905,-3.77783465160487,0.000158197850555002,0.00303566630462691,"SNORA33"
"ENSG00000200550.1",5.21809819212112,-0.124408789298547,0.14263641090943,-0.872209196132557,0.38309426358194,0.574494721743774,"RNU6-137P"
"ENSG00000200560.1",1.4381698505427,-0.674973922932534,0.338673839993355,-1.99299102329775,0.0462624300550055,0.148140337003106,"RNU6-288P"
"ENSG00000200571.1",1.18985032259891,-0.760617434703744,0.896889661368993,-0.848061325116352,0.396403818766828,0.58694562322455,"RNU6-1284P"
"ENSG00000200575.1",1.12444993835681,-0.320141642395214,0.598177288745411,-0.535195247995229,0.592514851931139,0.748609045779797,"RNU6-414P"
"ENSG00000200594.1",1.92475937619809,-0.46771319802457,0.275871419121131,-1.69540287832138,0.0899990202787005,0.22864077696595,"RNU6-824P"
"ENSG00000200597.1",1.71863124021771,-1.0275369492371,0.786320011569966,-1.30676688131785,0.191291896269631,0.370229107226184,"RNVU1-33"
"ENSG00000200651.1",4.13790253273699,-0.386041053252006,0.237335320804394,-1.62656385043578,0.1038297621721,0.250511216174774,"Y_RNA"
"ENSG00000200665.1",1.64444427236185,-1.77162736016164,0.906019061866274,-1.95539744661921,0.050536177276776,0.156788831430035,"RNU6-1188P"
"ENSG00000200685.1",0.779958057396645,-1.88104663030252,0.978935872243464,-1.92152181122105,0.0546659553091991,0.165108740824564,"Y_RNA"
"ENSG00000200701.1",1.22794425156193,-1.50152379992827,0.628295312149184,-2.38983766215296,0.0168558214447755,0.0760953793466543,"RNU6-674P"
"ENSG00000200714.1",11.1025004753209,-0.234695198488629,0.103089217170321,-2.27662218155049,0.0228087971206955,0.0926524611935996,"Y_RNA"
"ENSG00000200718.1",1.68233727140683,-1.212474025067,1.04206251820918,-1.16353290122235,0.244613357241221,0.433575262717914,"RN7SKP103"
"ENSG00000200731.1",2.4356193345784,-0.59095583651247,0.342220925642099,-1.7268255452342,0.0841989992498809,0.219064242009856,"RNU1-124P"
"ENSG00000200742.1",2.90833897756616,-0.883508855971253,0.299914441000831,-2.94586967210694,0.0032204806214363,0.0248423219021035,"Y_RNA"
"ENSG00000200753.1",1.26437653326832,-0.312689022499741,0.47154285309246,-0.663118994273951,0.507254346562792,0.682785597158366,"AC004130.1"
"ENSG00000200769.1",7.99369054872824,-0.637568203714461,0.179743518909201,-3.5470998208093,0.000389496983452479,0.00572012486549774,"Y_RNA"
"ENSG00000200783.1",3.36116024880634,0.229268010641857,0.373069551966879,0.614544953972045,0.538855276583274,0.707082954567513,"RN7SKP180"
"ENSG00000200792.1",3.26067074584059,-0.63876574053434,0.697043102311409,-0.916393460341519,0.359460564106914,0.552593644586577,"SNORA80A"
"ENSG00000200795.1",36.5461199423289,-4.25898186249581,0.401787781795574,-10.6000780896387,2.97731517462224e-26,4.95618770543491e-22,"RNU4-1"
"ENSG00000200814.1",3.16567794638669,-0.432751110678785,0.233224631461526,-1.85551203561522,0.0635231421425592,0.182458456677786,"RNU6-595P"
"ENSG00000200816.1",3.81164331135523,-1.94974701854126,0.471648805558888,-4.13389580459315,3.56665223202017e-05,0.00102379516926056,"SNORA38"
"ENSG00000200834.1",3.98309140932639,-0.908051555475864,0.31028633842128,-2.92649544319605,0.00342804527753439,0.0259767835837439,"Y_RNA"
"ENSG00000200840.1",1.46146318081623,-0.454929658151381,0.864502718692246,-0.526232767479973,0.598726489724482,0.753369402562349,"RNU6-82P"
"ENSG00000200855.1",1.27627889568163,-0.629123642117647,0.625410892303045,-1.00593649688596,0.314446118438814,0.508591849066432,"Y_RNA"
"ENSG00000200867.1",1.06572325625311,-0.206662356653789,1.25187721496338,-0.165081969847845,0.868879464275521,0.929835832522502,"RN7SKP36"
"ENSG00000200879.1",13.7586950842237,0.26873190943531,0.185396064602209,1.4495016925624,0.147197528004181,0.313220458893212,"SNORD14E"
"ENSG00000200882.1",1.75613521557414,-2.54328236918293,0.858176899643893,-2.96358754265966,0.0030407555626788,0.0238451532659506,"RNU6-681P"
"ENSG00000200883.1",1.71659574295549,-1.41219180752217,0.789532546984115,-1.78864292918196,0.0736723395218196,0.200729952673714,"Y_RNA"
"ENSG00000200888.1",2.17627781325654,-0.991935151661983,0.362510783740811,-2.73629143228798,0.00621359697936182,0.0388559887742098,"Y_RNA"
"ENSG00000200913.1",9.30187279046739,-0.236487780969363,0.166272500966879,-1.42229039434771,0.154941966273149,0.324004954659378,"SNORD46"
"ENSG00000200926.1",1.01899776630639,-0.483031658317453,0.976153088849817,-0.494831869954538,0.620718805816439,0.769496246725003,"RNU6-960P"
"ENSG00000200953.1",5.83598214087164,-0.105238443084851,0.201768982457805,-0.521578895838757,0.601963560426623,0.755750864421169,"Y_RNA"
"ENSG00000200959.1",8.50377060068831,-1.46547504999586,0.521887036784545,-2.80803113835698,0.00498454068828232,0.0333434424623233,"SNORA74A"
"ENSG00000200972.1",1.71339495268212,-1.64790179545445,0.889831609076483,-1.85192544144923,0.0640365300443433,0.183330960239492,"RNU5A-8P"
"ENSG00000200974.1",1.20005886931492,-1.86061828935614,1.0026201598354,-1.85575591225055,0.0634883572755778,0.182378482744694,"RNU4-87P"
"ENSG00000201012.1",1.0239620119227,-0.630454893358205,0.865014074628217,-0.728837728599011,0.466100929914059,0.647712591185774,"Y_RNA"
"ENSG00000201013.1",1.14637326896497,-0.732363323466071,0.671936183096715,-1.08992988008306,0.275744033175401,0.468163535748543,"Y_RNA"
"ENSG00000201028.1",1.67851239382404,-1.50050540860831,0.561129680834747,-2.67407955746723,0.00749346723120689,0.0441089116917558,"RNU6-151P"
"ENSG00000201044.1",1.6103676110226,-2.0345711923441,0.651049148756398,-3.12506543665779,0.00177765510572594,0.0164994344675031,"RNU6-268P"
"ENSG00000201047.1",0.93621685295021,-0.512329405553759,0.741102088779734,-0.691307463992361,0.489372342213178,0.667814624310503,"Y_RNA"
"ENSG00000201071.1",1.76398195329292,-1.45415674067825,0.496026481018691,-2.93161110610838,0.00337208720862873,0.0256566088247229,"Y_RNA"
"ENSG00000201076.1",1.90472153986224,-2.1434560280329,0.456547051885249,-4.69492907506858,2.66699242784089e-06,0.000152826469707585,"RNU4-51P"
"ENSG00000201098.1",59.7339516690091,-2.76875238161576,0.599097790061387,-4.62153662982476,3.80908059225881e-06,0.000198770721250898,"RNY1"
"ENSG00000201114.1",0.890354813498579,-1.2709448031454,0.933098126441336,-1.36206982645282,0.173175849677913,0.348034743651259,"Y_RNA"
"ENSG00000201121.1",1.58322256522253,-0.426793794080914,0.339494119793751,-1.25714635157805,0.208700645543314,0.390813352386162,"RNY1P12"
"ENSG00000201134.1",5.12782883702477,0.0754757316841887,0.17828002314845,0.423354957842595,0.672036302489414,0.806681014521923,"Y_RNA"
"ENSG00000201151.1",5.62552946096874,-0.097785690939137,0.153918660804401,-0.635307573676221,0.525227835005244,0.697169695830858,"AL135844.1"
"ENSG00000201157.1",0.92625778102452,-0.651756113988628,0.964404017441649,-0.675812317453418,0.499159813268022,0.675824630464915,"SNORA62"
"ENSG00000201176.1",2.51654364689515,-1.1469058371569,0.292200573630081,-3.92506360582597,8.6706824336983e-05,0.00198537159742172,"RNU6-853P"
"ENSG00000201178.1",1.12132315879251,-0.371870920181987,0.596219656291973,-0.623714626409229,0.532815015704912,0.702368162728208,"Y_RNA"
"ENSG00000201183.1",3.1997815906319,0.306669851119806,0.219109145016792,1.39962141286391,0.1616267182992,0.332717389002365,"RNVU1-3"
"ENSG00000201185.1",1.8303860834278,-0.176854020221559,0.797370033286862,-0.221796672609508,0.824472169826408,0.903973388770973,"RNA5SP202"
"ENSG00000201198.1",1.73666500533423,-1.57404783584065,0.520610110338358,-3.0234676672292,0.002498957306925,0.0208987153025506,"RNU6-879P"
"ENSG00000201207.1",7.04784924539623,-0.175139537629527,0.131256804005647,-1.33432730559241,0.182096612532833,0.359099395323922,"Y_RNA"
"ENSG00000201208.1",3.42579220585004,-0.410444939483872,0.203995462380936,-2.01202975151191,0.044216800868766,0.143929404705106,"Y_RNA"
"ENSG00000201217.1",4.9179652835654,-0.810810818253623,0.195676771512279,-4.14362324146758,3.41861216727714e-05,0.000994024933494827,"Y_RNA"
"ENSG00000201221.1",1.71145338730854,-1.57906355292596,0.495462382299318,-3.1870503379044,0.00143731757444669,0.0141450233538438,"RNU4-40P"
"ENSG00000201229.1",3.35724447248199,-0.939940216682003,0.714660498253865,-1.31522620737898,0.188433889839716,0.366680080333957,"SNORA63D"
"ENSG00000201264.1",3.30570834776615,-0.230739770457337,0.18750281155572,-1.23059365639842,0.218474879000664,0.402461359296692,"SNORD73B"
"ENSG00000201302.1",19.5393011845796,-0.206622584849815,0.145983900712756,-1.41537925648646,0.156957328260625,0.326816556720577,"SNORA65"
"ENSG00000201315.1",3.6945846848254,-1.07485007576004,1.55514181941511,-0.691158878464404,0.489465702656516,0.667887275648321,"RN7SKP227"
"ENSG00000201321.1",0.772972791838769,0.884445490397448,1.27660266576514,0.692811878053969,0.488427617026332,0.667072267040968,"RNA5S9"
"ENSG00000201342.1",1.11000156619197,-0.970008368247555,0.403331278211215,-2.40499167966732,0.0161728339979758,0.0739821602493278,"RNU4-38P"
"ENSG00000201343.1",0.766860304486619,-1.05503858329582,0.696555360468817,-1.51465144505632,0.129860696693892,0.289681510068306,"Y_RNA"
"ENSG00000201358.1",1.23587057107343,-0.441709391198671,0.935454553096798,-0.472186906072993,0.636793385040115,0.780903980556946,"RN7SKP193"
"ENSG00000201365.1",1.21014458841213,-0.720751540261301,0.712851678320139,-1.01108205561047,0.311977158103657,0.506048990243365,"Y_RNA"
"ENSG00000201367.1",0.940813803259244,-1.055459866359,1.10028463601336,-0.95926075109367,0.337427402558905,0.530905978893838,"RNU6-522P"
"ENSG00000201376.1",1.32720526091585,-0.654964824734744,0.441435107691131,-1.48371711566045,0.137883983658636,0.300165847312772,"SNORA70"
"ENSG00000201388.1",3.28832748306063,-0.207574420548577,0.179487384584399,-1.15648473584487,0.247482939561028,0.436851148232083,"SNORA68B"
"ENSG00000201395.1",1.78173603982461,-1.27588844025603,0.674458221719721,-1.89172345916815,0.0585278360057423,0.172668785479768,"RN7SKP257"
"ENSG00000201413.1",0.808289981532586,-1.8629961568798,1.3122765308491,-1.41966735903931,0.155704545110498,0.32505176489513,"RNA5SP141"
"ENSG00000201428.1",2.73926290765456,-0.933529427917581,0.752435230020941,-1.24067745723655,0.214724925187319,0.397901450427351,"RN7SKP71"
"ENSG00000201435.1",1.67501895413902,-0.709977805953757,0.575445278991604,-1.23378856665208,0.217281700926365,0.401097617694265,"RNU4-24P"
"ENSG00000201440.1",1.914921853369,-0.197563277477532,0.262380986009086,-0.752963392975019,0.451471912164595,0.635036007586169,"RNA5SP515"
"ENSG00000201448.1",4.39910633978387,-2.0755367671503,0.325872955451288,-6.36915930711702,1.90067112571124e-10,1.05465072980507e-07,"SNORA63C"
"ENSG00000201464.1",4.9415807464279,-1.15279490154367,0.350567727165523,-3.28836573424617,0.00100770837485042,0.0110685841037828,"Y_RNA"
"ENSG00000201470.1",1.47778477676377,-2.24831107915016,0.577243337627042,-3.89491040016609,9.82350356407636e-05,0.00217764972196151,"RNY4P7"
"ENSG00000201496.1",1.69061674805153,-0.433821455489475,0.346029317845604,-1.25371300383005,0.209946339659363,0.392204399033972,"RN7SKP275"
"ENSG00000201499.1",4.80414600869864,-0.206108546851388,0.151327643369293,-1.36200195986935,0.173197266603624,0.348056775338592,"RNU6-312P"
"ENSG00000201501.1",1.63916925371799,-0.599109003423954,0.485675813969195,-1.23355741873931,0.217367868328675,0.401199048689798,"Y_RNA"
"ENSG00000201510.1",0.789843211876892,-0.455350466545409,1.17239003213406,-0.388395034130878,0.697723718554554,0.823471791337401,"RN7SKP217"
"ENSG00000201519.1",0.92127568440686,-1.5078428954547,0.76454793969957,-1.97220189494881,0.0485865634482512,0.152862640038048,"RNU6-645P"
"ENSG00000201533.1",2.48611036848255,-0.475620763866588,0.450599404145045,-1.05552905638883,0.291183427735358,0.48356454121308,"RN7SKP237"
"ENSG00000201544.1",5.28807870090145,-0.551520991606919,0.195900675060324,-2.81530929608634,0.00487303091570234,0.0328416636187202,"SNORA16B"
"ENSG00000201547.1",1.47644320182388,-1.27426199014364,0.418239430343258,-3.04672849496239,0.00231346570719452,0.0197746376866822,"Y_RNA"
"ENSG00000201554.1",1.18777772655717,-1.1344369153154,1.1937068462203,-0.950348001192612,0.34193545613741,0.535191440984571,"Y_RNA"
"ENSG00000201563.1",2.00935330735896,-1.16207149645849,0.330933948137455,-3.51149074611051,0.000445600976339173,0.00625174601991575,"Y_RNA"
"ENSG00000201564.1",1.69495307236858,-1.2294568224065,0.561738000614506,-2.18866592799766,0.0286211301544504,0.107295481481029,"RN7SKP50"
"ENSG00000201573.1",2.08480446208395,-0.571915156634218,0.385484770483909,-1.4836258146237,0.137908217020725,0.300165847312772,"Y_RNA"
"ENSG00000201579.1",4.71749807695792,-0.502396215370232,0.169965430043137,-2.95587293982502,0.00311785504944517,0.0243040852636801,"RNU6-343P"
"ENSG00000201581.1",2.16159601450645,-1.01610076630183,0.337013329658669,-3.01501654943723,0.00256965234158106,0.0213079540244728,"RN7SKP78"
"ENSG00000201586.1",2.10995915492855,-0.683377005919005,0.354241741860093,-1.92912614513086,0.0537152039524279,0.163266575971872,"RNU6-593P"
"ENSG00000201592.1",2.15049526662054,-0.214007160677687,0.452894775113675,-0.472531750060424,0.636547284763716,0.780745975229826,"AL732366.1"
"ENSG00000201616.1",1.82371525660671,-0.907425027335346,0.457773454873521,-1.98225785631467,0.0474503882356996,0.150539906187455,"RNU1-91P"
"ENSG00000201619.1",1.44399984833313,-1.0601094082673,0.887470217963737,-1.19452955919995,0.232270885104272,0.418909463449482,"AL512326.1"
"ENSG00000201627.1",1.21357934933654,-1.12500071495032,1.13585669397174,-0.990442474760214,0.321957893267191,0.515805020958788,"Y_RNA"
"ENSG00000201643.1",6.98972427456225,-0.988935616173888,0.393461360859457,-2.51342498794217,0.0119565201983625,0.0603316803522403,"SNORA14A"
"ENSG00000201649.1",1.41084791700054,-1.15503234342259,0.616647847133217,-1.87308258480478,0.0610569818096361,0.177922984279056,"RNY4P34"
"ENSG00000201662.1",1.4558926450775,-1.58918403084483,0.79144332539288,-2.00795683008122,0.0446478793011758,0.144893444348771,"RNU6-60P"
"ENSG00000201684.1",8.60395609059061,-0.287302431861934,0.20507715644502,-1.40094799851079,0.161229623982164,0.332187503635013,"RN7SKP239"
"ENSG00000201711.1",0.85111843899883,-1.63230131714387,1.27366162466474,-1.28158161126472,0.199989454255511,0.380617972602775,"RNU6-1303P"
"ENSG00000201715.1",1.46026145973298,-0.07651346381337,1.2341285992625,-0.0619979667103519,0.950564451218372,0.97408791512245,"RN7SKP133"
"ENSG00000201724.1",2.45736441276691,-0.909386791157846,0.320864555064612,-2.83417652964106,0.00459439445612662,0.0315644190317424,"Y_RNA"
"ENSG00000201772.1",19.5573787600876,-0.0975171621858193,0.15972336520311,-0.610537863773489,0.54150556927128,0.709514047315096,"SNORA5C"
"ENSG00000201785.1",3.78863111153903,-0.265079975890751,0.178044992603137,-1.48883701818908,0.136530291746531,0.298359805579698,"SNORD117"
"ENSG00000201791.1",1.01676163254541,-2.21086041466826,0.843558469450548,-2.62087394618692,0.00877046842906565,0.0491491677173679,"SNORA63"
"ENSG00000201793.1",6.30868199223639,0.10608410678612,0.597250687150263,0.177620736264519,0.859020838312457,0.924469251678841,"RN7SKP9"
"ENSG00000201794.1",1.32554984585372,-1.10638226534597,0.655705654342321,-1.68731542578458,0.0915427163986702,0.231256670237569,"RN7SKP130"
"ENSG00000201800.1",1.23207829798018,-1.60828235714357,0.772717144790771,-2.08133385933742,0.0374033580175123,0.128643594883991,"Y_RNA"
"ENSG00000201801.1",1.62426143509744,-1.08562828880135,0.599838164550226,-1.8098686495138,0.0703161588691762,0.194616001099965,"RNU5E-4P"
"ENSG00000201813.1",2.28424769515564,-1.59450851257815,0.408060487020058,-3.90752979839426,9.32445445683698e-05,0.00210467160834897,"RNU6-915P"
"ENSG00000201818.1",1.40953139909915,-0.765461188024116,0.410937358073525,-1.8627198841512,0.0625016868221117,0.180439833423565,"RNY4P17"
"ENSG00000201820.1",3.85116491503509,-0.285780460908059,0.184220119203933,-1.55129885998878,0.120830079915024,0.275921984075605,"Y_RNA"
"ENSG00000201821.1",1.14692032570295,-0.343055832876234,0.775049404199692,-0.442624471443172,0.658037381269711,0.796482168785446,"RNU4-9P"
"ENSG00000201850.1",1.08716199094449,-1.09817285834447,0.946105243374377,-1.16073012599288,0.245751666453499,0.434809493077341,"Y_RNA"
"ENSG00000201882.1",1.84899466462748,-0.108026932479848,0.463846139412668,-0.232893891531864,0.815843801889409,0.89931091932272,"AL732366.2"
"ENSG00000201900.1",3.95403461099794,-0.482509772393283,0.226239631952911,-2.13273761201004,0.0329462566514308,0.117754130187449,"RNY1P13"
"ENSG00000201901.1",2.47251924917037,-0.425182403488067,1.48726450243899,-0.285882170112178,0.774968370277508,0.8744923383829,"RN7SKP48"
"ENSG00000201912.1",1.33121657351109,0.0201980520512277,1.45561042375519,0.0138760012442894,0.988928908120272,0.994334686459537,"RN7SKP189"
"ENSG00000201944.1",3.11204211799222,-0.854261803639741,0.229229840705526,-3.72666054738111,0.000194033496649383,0.00351084630649343,"SNORA72"
"ENSG00000201957.1",1.15560061247515,-1.274120716245,0.74061027685719,-1.72036596852502,0.0853659389695922,0.221019379898486,"AC076966.1"
"ENSG00000201988.2",4.18703586519301,-0.54893037516668,0.180266341155152,-3.04510743186509,0.00232597208676406,0.0198103322293773,"Y_RNA"
"ENSG00000201998.1",10.0941624325669,-3.07071962775489,0.342035434325766,-8.97778218156844,2.76279369830789e-19,1.45918556357607e-15,"SNORA23"
"ENSG00000202000.1",3.95367696024197,-0.463236965333874,0.246452198500362,-1.87962196382351,0.0601596177002312,0.176047653343922,"RNU1-36P"
"ENSG00000202016.1",1.11298696424648,-0.632518656157788,0.807677200003133,-0.783132984508333,0.433549023397246,0.619438144192109,"RNU6-619P"
"ENSG00000202019.1",2.2190732776525,-0.878004861407334,0.323745632490038,-2.71202071408438,0.00668744136771617,0.0408373047423651,"Y_RNA"
"ENSG00000202058.1",15.3138964899663,-0.631204498777455,0.217534486829666,-2.90162956677163,0.00371227227906811,0.0273072649109621,"RN7SKP80"
"ENSG00000202059.1",1.45394472856102,-1.26544619627737,0.49187839045478,-2.57268101391357,0.0100914169373505,0.0540671940932106,"AC023271.1"
"ENSG00000202071.1",1.27423852950184,-1.73502958397708,0.706129912680708,-2.45709684977134,0.0140064920588168,0.0671251101359131,"Y_RNA"
"ENSG00000202078.1",5.52828264208355,-1.19492532147433,0.223555439251509,-5.3450961670854,9.03690614907575e-08,1.30811181052687e-05,"Y_RNA"
"ENSG00000202079.1",5.68499604410484,0.0758894601490727,0.147660500814942,0.513945569263524,0.607290046471928,0.76001457701803,"Y_RNA"
"ENSG00000202081.1",4.6887459020144,0.0288123341971926,0.240631821578392,0.119736176238878,0.904692142007009,0.949368602394151,"RNU6-1280P"
"ENSG00000202100.1",1.24299153445929,-0.769665953026472,0.634367049091559,-1.21328173354632,0.225022124235397,0.410075077024965,"Y_RNA"
"ENSG00000202111.1",0.925242016608435,0.309855481780747,0.445718550264234,0.695181929486795,0.486941295443369,0.66573035160917,"VTRNA1-2"
"ENSG00000202141.1",1.4728895998759,-3.23913327213951,1.11589665745823,-2.90271796271669,0.00369939630609222,0.0272424479660962,"Y_RNA"
"ENSG00000202150.1",4.62619451193376,-0.48285134134835,0.234253297742545,-2.06123604662772,0.0392805261536838,0.133059448771123,"RNU6-407P"
"ENSG00000202172.1",1.0465862897606,-1.31809275982556,0.588117473170109,-2.24120659554746,0.0250126958295268,0.098620047637664,"RNU6-1327P"
"ENSG00000202184.1",2.17881325185401,-2.15489823407498,0.604085499138024,-3.56720735251851,0.000360805972450683,0.00545108943493151,"RNU6-1283P"
"ENSG00000202190.1",0.790922264670586,-0.432388158579082,0.858706985391825,-0.503533994639376,0.614588885868141,0.765431235119259,"Y_RNA"
"ENSG00000202191.1",0.649400812718335,-0.909094517992645,1.11666442895946,-0.814116125145822,0.415578429023657,0.604378683244689,"SNORD113-1"
"ENSG00000202205.1",1.24006826611775,-1.02564296156433,1.08458739219457,-0.945652668420788,0.344325771301276,0.537668866560357,"RNU6-1034P"
"ENSG00000202222.1",1.73378671419892,-2.68778766024078,0.662614303892291,-4.05633812076245,4.98480827696788e-05,0.0013119306084197,"Y_RNA"
"ENSG00000202227.1",2.852764422958,-0.23234601013898,0.221230337112451,-1.05024479540923,0.293605579030693,0.486125449705036,"RNU6-282P"
"ENSG00000202239.1",0.674219090374068,-1.91724619760247,0.97005754689605,-1.97642521697521,0.0481066378444526,0.151911086440672,"RNU6-396P"
"ENSG00000202241.1",3.48066247078253,-1.49025766328905,1.631040471915,-0.913685275718108,0.360882243160045,0.553988569081995,"RN7SKP186"
"ENSG00000202260.1",2.11406471102493,-1.18221731017958,0.504750909104948,-2.34217965506186,0.0191714840387271,0.0829037820627799,"RN7SKP69"
"ENSG00000202273.1",1.10280821020479,-1.8359589800356,1.07640748065551,-1.70563565659869,0.088075936300943,0.225493090377368,"Y_RNA"
"ENSG00000202290.1",5.26246335003242,-0.403703114998272,0.178873514823495,-2.2569194516954,0.0240131083513426,0.0958825157521287,"RNA5SP37"
"ENSG00000202297.1",1.07564276689019,-1.82379452528842,0.700994713861279,-2.60172364958708,0.009275656277234,0.0510099809114555,"RNY3P12"
"ENSG00000202310.1",0.836701721369957,-0.640571216466606,0.452819816827219,-1.4146271710344,0.157177837936193,0.327072638032046,"Y_RNA"
"ENSG00000202314.1",13.2427963215875,-0.420070131460154,0.134891427583674,-3.1141351158107,0.00184484985494256,0.0169542316442527,"SNORD6"
"ENSG00000202318.1",7.30057964420582,-0.638941470571357,0.181241935096155,-3.52535118449479,0.000422921722263983,0.00601466591171926,"Y_RNA"
"ENSG00000202337.1",10.0110731552494,-0.143482841081414,0.160274517657697,-0.895231775944905,0.370663201755917,0.563055617833633,"RNU6-8"
"ENSG00000202343.1",9.43836757996097,-0.27719263716986,0.114474812529521,-2.42142905539485,0.0154596183412467,0.0717447830269202,"AL078581.1"
"ENSG00000202347.1",2.20476684975502,-0.465959715461736,0.260044564631341,-1.79184562508475,0.0731576980394222,0.199888325057569,"RNU1-16P"
"ENSG00000202354.1",6.74391153074904,-0.463125607546717,1.96192687693067,-0.236056508013822,0.813388821852833,0.897942636976801,"RNY3"
"ENSG00000202358.1",4.55677304438231,-0.480494914860938,0.267223057299917,-1.79810424937117,0.0721604889779587,0.198139312127273,"RNU6-652P"
"ENSG00000202382.1",2.85101301686849,-0.460261013930907,0.231757458994815,-1.98595987342614,0.047037779634882,0.149698714736587,"Y_RNA"
"ENSG00000202392.1",2.2602472268931,-0.450514727638874,0.32335654658217,-1.39324449249829,0.163545869568161,0.335072777571247,"RN7SKP292"
"ENSG00000202399.1",3.92899713454689,-0.00458834144085512,0.172097459686644,-0.0266612967397055,0.978729882877845,0.989398615128806,"Y_RNA"
"ENSG00000202412.1",2.03004858341805,-1.30599989769531,0.597612789876826,-2.18536135741755,0.0288623618455283,0.107883082173928,"RNY3P13"
"ENSG00000202415.1",5.20893240599276,-0.185028727176302,0.177663462295371,-1.04145627235771,0.297663837573299,0.490357354989008,"RN7SKP269"
"ENSG00000202417.1",2.16098733046053,-1.09867023366362,0.446569374489844,-2.46024536482988,0.013884205744368,0.0667697076465886,"Y_RNA"
"ENSG00000202441.2",9.55243200939618,-0.388666755154684,0.123851228259434,-3.13817440986968,0.00170003687845399,0.0159659598855765,"RNY4P10"
"ENSG00000202469.1",1.14883796877551,-0.607306535326191,0.529247125899291,-1.14749141867188,0.251178577725269,0.441245693763581,"Y_RNA"
"ENSG00000202470.1",1.6583443083452,-0.570706481242697,0.491862147674687,-1.16029762391912,0.245927651590789,0.435028388736631,"Y_RNA"
"ENSG00000202512.1",2.3216947382053,-0.682683778666129,0.475435975727892,-1.43591106588209,0.151027649258813,0.318713038185187,"RN7SKP230"
"ENSG00000202514.1",2.1125669765757,-0.809561585951343,0.439361305145899,-1.8425873568509,0.0653892812734722,0.185787130341703,"Y_RNA"
"ENSG00000202515.1",1.50747787005203,-0.312503592044854,0.37221520029649,-0.839577727604696,0.401145191414795,0.591388516041835,"VTRNA1-3"
"ENSG00000202533.1",11.2647646970957,-0.3613748699346,0.159123232943439,-2.2710377563976,0.0231446924130853,0.0935254575201902,"Y_RNA"
"ENSG00000202538.1",111.563366813778,-4.21025795258651,0.394483527033711,-10.6728359083717,1.36398695747812e-26,4.54112177753191e-22,"RNU4-2"
"ENSG00000203258.3",2.88832474272855,-0.285009026268087,0.299643891842894,-0.951159139321017,0.341523597232337,0.534846556860063,"AC013549.1"
"ENSG00000203279.4",4.72436070562739,0.144307931534934,0.194476062575324,0.742034416081625,0.458066483843247,0.640840846103993,"AL590705.1"
"ENSG00000203280.4",16.397059456511,-0.32344464725313,0.175377810587363,-1.8442734925808,0.065143292547505,0.185321339723497,"KIAA1671-AS1"
"ENSG00000203286.5",4.88186202071199,-0.57129065457757,0.145216125012929,-3.93407174669278,8.35188350451277e-05,0.00193230894729495,"Metazoa_SRP"
"ENSG00000203288.4",35.2559242180255,-0.18359280515147,0.127945903853592,-1.43492522716127,0.151308406064577,0.319011510550817,"TDRKH-AS1"
"ENSG00000203321.2",5.51788784087121,-0.894983592691995,0.211958476445116,-4.2224477534577,2.41663428549984e-05,0.000763349196082982,"CARNMT1-AS1"
"ENSG00000203325.3",8.68957961876198,-0.739053649231227,0.190576289962129,-3.87799368629797,0.000105321449976712,0.0022813708744793,"AL445248.1"
"ENSG00000203326.12",406.321044380314,-0.00974762250175657,0.0825993184300051,-0.118010931410006,0.906058996397332,0.95018121102547,"ZNF525"
"ENSG00000203327.2",9.58077047075102,-0.762433883292808,0.187391349798466,-4.06867170823404,4.7281910676825e-05,0.00126134347128488,"AC012358.1"
"ENSG00000203362.2",28.0959515825184,-0.12649621818255,0.0881099438665291,-1.43566336138143,0.151098155603039,0.318770096603002,"POLH-AS1"
"ENSG00000203392.3",61.0375659396928,-0.121430860967588,0.143483631560172,-0.846304624765953,0.397382828556385,0.587767848910557,"AC105020.1"
"ENSG00000203397.2",1.86999157360979,-0.481224103889107,0.353832609828692,-1.36003322057312,0.173819411495213,0.348929106808606,"SHISA5P2"
"ENSG00000203414.2",11.8843250767002,-0.422549818504683,0.220756070103325,-1.91410282991045,0.0556070180176883,0.16674092145032,"BTBD7P1"
"ENSG00000203435.2",4.18470535364499,-0.63758906009086,0.183352865460993,-3.47738803256664,0.000506324474203106,0.00680573022721974,"E2F3P2"
"ENSG00000203437.3",1.52491587619411,0.160396040457416,0.406739894417364,0.394345483831075,0.693325986988705,0.820929727747883,"AC022080.1"
"ENSG00000203446.2",29.4662568262001,-0.145401486323618,0.169376443316903,-0.858451644610178,0.390643120672407,0.581493401437291,"SUGCT-AS1"
"ENSG00000203485.14",5754.09100205416,0.285887472111174,0.0910730023978931,3.13910230896031,0.00169466269537252,0.015924472231735,"INF2"
"ENSG00000203492.4",0.983706713266886,-1.18982538075062,0.683677255031205,-1.74033196511169,0.0818007443255206,0.215103628760124,"AL645937.1"
"ENSG00000203497.2",58.1319841431363,0.0427312907756298,0.0876398029656646,0.487578581074298,0.625848370004857,0.773723348777263,"PDCD4-AS1"
"ENSG00000203499.12",1718.98377768635,0.127006926336454,0.124832543442852,1.01741839774816,0.308954433575669,0.502803793361836,"IQANK1"
"ENSG00000203506.5",7.89496949824089,-0.178612170169344,0.269051971883066,-0.663857502768913,0.506781517983305,0.682231898355027,"RBMS3-AS2"
"ENSG00000203523.3",6.31396842418129,0.467128962163022,0.246133546821746,1.89786791843261,0.0577134834454184,0.171054482715954,"TAS2R2P"
"ENSG00000203546.7",12.231347603107,-0.18839581357497,0.129121563926575,-1.45905771155391,0.144549224148919,0.309802840195053,"AL139353.1"
"ENSG00000203585.4",16.3589917536405,0.0470501724242594,0.141771959457906,0.331872202402827,0.7399857611868,0.85167662278398,"LINC02408"
"ENSG00000203588.3",12.5942316799107,-0.228610831305284,0.133877424081336,-1.70761301148424,0.0877081724714971,0.224909632214312,"IGBP1-AS1"
"ENSG00000203601.3",1.93244877170153,-0.613339469930691,0.295647987293295,-2.07455993712628,0.0380273383720381,0.130064123322402,"LINC00970"
"ENSG00000203635.2",19.5352240277761,-0.014606661826211,0.239936714101488,-0.06087714371229,0.951457052352474,0.974612628268134,"AC144450.1"
"ENSG00000203644.3",387.833653776922,-0.00583057517071266,0.0761387750668871,-0.0765782633827582,0.938959051473714,0.968125230743709,"AC083799.1"
"ENSG00000203645.2",11.1214875214811,-0.786834527308375,0.322505228269195,-2.43975743131706,0.0146971268746436,0.0693566895871734,"LINC00501"
"ENSG00000203647.2",2.06010779510242,-1.37107259959039,0.657772130417067,-2.08441880734754,0.0371220885567718,0.1280134905985,"AC106827.1"
"ENSG00000203650.9",99.8330479490732,-0.00614737678851286,0.202277600312851,-0.0303907935382121,0.975755387158159,0.987848789201296,"LINC01285"
"ENSG00000203666.12",618.751479702569,-0.193090730614249,0.0994161208582539,-1.94224768525775,0.0521071228591861,0.16000760388774,"EFCAB2"
"ENSG00000203667.10",62.4160667091491,-0.560176792567866,0.158771926479056,-3.52818539769851,0.000418418987965142,0.00598167531209448,"COX20"
"ENSG00000203668.3",1897.34591790537,0.103866754677642,0.12097018595715,0.858614491296507,0.390553240414552,0.581435950139637,"CHML"
"ENSG00000203684.5",7.40678594822147,-0.185087118468172,0.148183440730894,-1.24904049707077,0.211650262222753,0.394296468031006,"IBA57-DT"
"ENSG00000203685.10",385.557227280689,-0.247524437441476,0.277426320169286,-0.892216849830384,0.372276712387003,0.564347900259561,"STUM"
"ENSG00000203688.6",9.7255122975937,0.00789496118265575,0.226567604550102,0.0348459401260515,0.972202587933392,0.986274019137864,"LINC02487"
"ENSG00000203697.12",4001.44468123982,-0.193684675287565,0.177650351293641,-1.09025776688401,0.275599613307552,0.468078358205588,"CAPN8"
"ENSG00000203705.11",680.896933466366,0.0111001052556314,0.0607342975027319,0.182765022599169,0.854982394217413,0.922359251180465,"TATDN3"
"ENSG00000203706.8",126.60107342805,0.116545162844723,0.132547745483907,0.879269295899662,0.379255279642469,0.570909190307376,"SERTAD4-AS1"
"ENSG00000203709.12",516.029576132563,-0.859070803509283,0.188831611620675,-4.54940142773862,5.37987275726113e-06,0.000254841830087526,"MIR29B2CHG"
"ENSG00000203710.12",381.953304312845,-0.0634003593974134,0.143342078773637,-0.44230110195021,0.658271333650916,0.796649491502725,"CR1"
"ENSG00000203711.14",42.796365305023,0.216530882365975,0.122453887612295,1.76826466344246,0.0770166684232058,0.206483809133016,"C6orf99"
"ENSG00000203721.7",53.3640137178803,0.511114980272141,0.177546370184106,2.87876896464931,0.00399230687034313,0.0287509999209028,"LINC00862"
"ENSG00000203722.8",26.1675941180585,0.355029628435355,0.18551422226197,1.91375962503838,0.0556508765751215,0.166827357627906,"RAET1G"
"ENSG00000203724.11",170.697049289103,0.233820062157342,0.121388696505549,1.92620951446376,0.0540782182885313,0.163973235107475,"C1orf53"
"ENSG00000203727.4",380.52833932759,0.0173724397966862,0.162052022457056,0.107202857041108,0.914628048902833,0.954836037713699,"SAMD5"
"ENSG00000203730.3",3.60501292319714,0.0121013841644772,0.250602783022098,0.0482891052467286,0.961485837179398,0.980603599428475,"TEDDM1"
"ENSG00000203734.12",105.045393702091,-1.24643554379904,0.216428248604048,-5.75911671345349,8.45552245542723e-09,2.03992542832275e-06,"ECT2L"
"ENSG00000203737.5",3.96079564328886,-1.3854040637513,0.294151257607182,-4.70983559622041,2.47916687379539e-06,0.000146866374963114,"GPR52"
"ENSG00000203739.4",104.783868676544,-0.162526377472643,0.100067522513918,-1.6241670962728,0.104340151206882,0.251377163587344,"PRDX6-AS1"
"ENSG00000203740.4",9.20065686690993,-0.27623981329509,0.271514765626639,-1.01740254404782,0.308961972274113,0.502803793361836,"METTL11B"
"ENSG00000203747.12",5721.19597634109,0.228343406705054,0.135804489069788,1.68141280357612,0.0926827603017397,0.233163604256145,"FCGR3A"
"ENSG00000203757.2",2.61479915959098,0.1458635345576,0.345067410934989,0.422710258735736,0.67250666986815,0.806983764999832,"OR6K3"
"ENSG00000203760.9",335.94637740254,0.108372259100954,0.134143195848992,0.807884875673833,0.419156858669471,0.607451760574705,"CENPW"
"ENSG00000203761.5",151.405249448215,-0.306418978650273,0.105132626385557,-2.91459453820292,0.00356150921176435,0.0266088897903388,"MSTO2P"
"ENSG00000203772.7",10.132314945207,-0.0474165581814594,0.148924097931965,-0.31839412720916,0.750185992486594,0.858315989022286,"SPRN"
"ENSG00000203778.8",344.523313461154,-0.13518634892188,0.118357951496275,-1.14218222952376,0.253378280955893,0.443681854934231,"FAM229B"
"ENSG00000203780.12",299.234854588796,-0.25592950175571,0.119927138244966,-2.13404159809887,0.0328393758327215,0.117510892046302,"FANK1"
"ENSG00000203783.5",1.22913134104146,-0.500102586133729,0.611851585993748,-0.817359303435456,0.413723125524573,0.602751794945283,"PRR9"
"ENSG00000203785.9",4.38676915777058,0.293698417356436,0.492677490231303,0.59612712815142,0.551090302577119,0.716529307338125,"SPRR2E"
"ENSG00000203791.15",268.116225455314,-0.0472463915492975,0.0820584864675707,-0.57576484265243,0.564774140102083,0.727502338714643,"EEF1AKMT2"
"ENSG00000203797.12",144.355083886499,0.0833359862198881,0.139399376364341,0.597821800881498,0.549958842437811,0.715812961463781,"DDO"
"ENSG00000203799.13",192.72198781912,0.0534303642946284,0.214209293893567,0.249430654120806,0.803027675744759,0.891708371975527,"CCDC162P"
"ENSG00000203801.8",3.36194181001806,-0.378488734556869,0.222849954928285,-1.69840166527594,0.0894319780213129,0.227741842402038,"LINC00222"
"ENSG00000203804.5",19.3386653695601,0.0302131693500236,0.186979240420021,0.161585688775686,0.871632127902399,0.931298088390712,"ADAMTSL4-AS1"
"ENSG00000203805.11",126.380245538004,0.199293475664252,0.217373559859382,0.916824823558002,0.35923444249702,0.552322540595423,"PLPP4"
"ENSG00000203808.12",12.0863370442843,-0.0504682645090022,0.199718382953021,-0.252697141659081,0.800502256842962,0.890180755438483,"BVES-AS1"
"ENSG00000203811.1",4.83353745621753,0.254807071243155,0.278175338273209,0.91599446890183,0.359669795946636,0.552837471117788,"H3C14"
"ENSG00000203812.2",3.77879081526242,0.00987598234729569,0.291367448139262,0.0338952838086956,0.97296065400435,0.986592119324059,"H2AC18"
"ENSG00000203814.6",130.706002019466,0.0676317144708151,0.195206023131229,0.346463256542803,0.728994593271864,0.844475856298269,"H2BC18"
"ENSG00000203837.5",4.05888110752199,0.296966079340215,0.513240513661618,0.578609972197179,0.562852374454614,0.726240861714893,"PNLIPRP3"
"ENSG00000203855.7",2.9842153004109,-0.559321980200022,0.276049375667733,-2.02616643796815,0.0427477316680933,0.140609553339188,"HSD3BP4"
"ENSG00000203857.10",1.23127349369934,0.591798526643363,0.510897385697395,1.15835105680867,0.246720803592458,0.435960027445162,"HSD3B1"
"ENSG00000203865.11",453.010483033391,-0.439330889315014,0.140792904182922,-3.1204050506993,0.00180602511039705,0.0167115047249719,"ATP1A1-AS1"
"ENSG00000203867.8",58.8928980624342,-0.76066235552878,0.170892457726125,-4.45111718591952,8.54247069357991e-06,0.000356396587470371,"RBM20"
"ENSG00000203872.7",30.9009453588382,-0.460575977244518,0.148369835253073,-3.10424269501221,0.00190766777154995,0.0173430151218311,"C6orf163"
"ENSG00000203875.13",3602.27701302673,-0.0628804167268128,0.119283099913465,-0.527152771620036,0.59808750269551,0.752821445264333,"SNHG5"
"ENSG00000203876.10",12.9937886246482,-0.339595099120893,0.133058535785764,-2.5522233287436,0.0107037883830033,0.0561464040704789,"ADD3-AS1"
"ENSG00000203877.8",2.07957308535746,-0.194451391543272,0.522600724046189,-0.372084045421425,0.709830274815489,0.832067436780229,"RIPPLY2"
"ENSG00000203878.11",105.570085743988,-0.597702833336447,0.371638333589188,-1.60829166239119,0.107771315848781,0.256727992168966,"CHIAP2"
"ENSG00000203879.12",6024.00032518716,0.0225358802118562,0.067908074812662,0.331858623205354,0.739996015314688,0.85167662278398,"GDI1"
"ENSG00000203880.12",2820.89328921405,-0.226162423392542,0.0588225457514358,-3.84482549171244,0.000120638259128755,0.00250243586365958,"PCMTD2"
"ENSG00000203883.7",363.143953661585,0.118890769815103,0.134020270948249,0.88711035258996,0.375019490884529,0.566761268867183,"SOX18"
"ENSG00000203896.10",67.7698214959961,-0.242435160165614,0.139696949590675,-1.73543632037758,0.0826635515408085,0.216480580622051,"LIME1"
"ENSG00000203907.9",14.5419437301716,0.0370662179145105,0.280224753767633,0.13227317507163,0.894768224113934,0.944412577082966,"OOEP"
"ENSG00000203909.4",0.553275100503475,-0.417373499887735,0.626355440592919,-0.666352477903987,0.505185830061985,0.68094106324428,"DPPA5"
"ENSG00000203914.4",4.40167389240473,0.0452464222286282,0.19854931842687,0.227885054389111,0.819735601921491,0.901810691806018,"HSP90B3P"
"ENSG00000203930.12",89.6934797724493,-0.0535783338588515,0.196874337555183,-0.272144833725897,0.785510657661604,0.880786419117683,"LINC00632"
"ENSG00000203943.9",64.2695364041232,0.66355096838051,0.155686868490969,4.26208693650357,2.02526619170833e-05,0.000672926021163128,"SAMD13"
"ENSG00000203950.6",2086.01837746105,0.132898968825288,0.0922459913312456,1.44070183329768,0.149668936761044,0.316718229936149,"RTL8A"
"ENSG00000203952.9",72.0944651636014,-0.0768521445253652,0.222398324250371,-0.345560807548382,0.729672804392647,0.845038577551513,"CCDC160"
"ENSG00000203963.11",20.2088504196012,-1.04030550285413,0.352205072399966,-2.95369256258967,0.00313996643832765,0.0244192718129509,"C1orf141"
"ENSG00000203965.13",280.065480770895,-0.112704170892685,0.0679653224233656,-1.65825993130195,0.0972650127943462,0.240350632447277,"EFCAB7"
"ENSG00000203972.10",2.54227157224175,-2.59221882809846,0.586294641350979,-4.42135855467704,9.80822606539211e-06,0.000394588252983486,"GLYATL3"
"ENSG00000203985.11",344.497172938195,-0.919070619912752,0.232537837234235,-3.95234870524306,7.73878578856032e-05,0.00182872572613743,"LDLRAD1"
"ENSG00000203993.6",460.741412270033,-0.0707971993681348,0.0608339626488679,-1.16377753947699,0.244514176632352,0.433449256302694,"ARRDC1-AS1"
"ENSG00000203995.10",151.211283094803,-0.169546689642139,0.224073290595319,-0.756657293654618,0.44925520669703,0.633338054015109,"ZYG11A"
"ENSG00000203999.9",152.440972329813,-0.206723532418637,0.147319322188328,-1.40323434392651,0.160546969420803,0.331355170350678,"LINC01270"
"ENSG00000204001.9",3.62884608370637,-0.0759181208829519,0.420688373466927,-0.180461656825228,0.856790153592688,0.923172742922468,"LCN8"
"ENSG00000204010.3",2.15253037511617,-0.323142854713863,0.311075262801906,-1.03879315829636,0.298900943965108,0.491874904038282,"IFIT1B"
"ENSG00000204011.5",2.00248021127238,-0.769994224823052,0.376697683637508,-2.04406413489924,0.0409472116802423,0.136680922244867,"COL5A1-AS1"
"ENSG00000204019.5",167.30891124795,-0.26824291915767,0.375943544439509,-0.71351915234398,0.475524565994233,0.65582598904913,"CT83"
"ENSG00000204020.6",25.874104353576,0.0494137620387485,0.212583483803688,0.232444031655724,0.816193152965219,0.899467384374487,"LIPN"
"ENSG00000204021.4",14.6718257513176,0.209755217368494,0.384081458643281,0.546121695406563,0.584982287438946,0.742869714143679,"LIPK"
"ENSG00000204022.9",4.80974353784429,-0.789328323231978,0.203681144291348,-3.87531367215276,0.000106487437424721,0.00230213393128652,"LIPJ"
"ENSG00000204025.8",2.99898913797563,0.163324155911059,0.232681217454044,0.701922388485511,0.482727565861547,0.662383754374153,"TRPC5OS"
"ENSG00000204044.6",5.9887087414795,0.289174362577137,0.209297622767343,1.38164188753632,0.167081685795823,0.339350944073696,"SLC12A5-AS1"
"ENSG00000204049.1",3.42743862853971,-1.59467205604334,0.451894620111762,-3.52885824497967,0.00041735662661118,0.0059763673848456,"AL391421.1"
"ENSG00000204052.4",67.4683921346677,-0.23804759147185,0.141443236416323,-1.68299027583887,0.092376973895868,0.23258765725744,"LRRC73"
"ENSG00000204054.14",1866.35717792568,-0.0973864826620919,0.0673162889509294,-1.44670011047523,0.147980933520994,0.314284844329833,"LINC00963"
"ENSG00000204060.7",191.537145267399,-0.00348804845396713,0.171862789645051,-0.0202955419330212,0.983807612077926,0.992148425650522,"FOXO6"
"ENSG00000204065.3",5.67274577245395,0.467156630474579,0.239938727088485,1.94698303247354,0.0515367689099056,0.158856925036338,"TCEAL5"
"ENSG00000204070.10",1915.44725705036,0.0412275982787291,0.0537998088381078,0.766314958530606,0.443488919871835,0.62843484185116,"SYS1"
"ENSG00000204071.10",1.49489363621046,-0.606868728085433,0.257018468599399,-2.36118723838219,0.0182165305577199,0.0803118291756593,"TCEAL6"
"ENSG00000204072.3",2.78874027156921,0.0412587638343051,0.336229762253848,0.122710028873516,0.902336721997481,0.948160214781247,"ARMCX7P"
"ENSG00000204084.13",1124.35194745318,-0.31146671493265,0.0830164035909188,-3.75186952770767,0.000175520806973271,0.00326641376554561,"INPP5B"
"ENSG00000204086.4",5.57320862191697,0.0505246543062079,0.194810372255146,0.259352999131047,0.795362890491275,0.887365013885316,"RPA4"
"ENSG00000204091.8",1.25077647565562,-0.0827437551974489,0.53035812045229,-0.15601487373642,0.876021297239278,0.933829951619726,"TDRG1"
"ENSG00000204099.12",16.3691302912995,-0.126101143140484,0.225200220703856,-0.559951241372493,0.575512696001236,0.735557763751743,"NEU4"
"ENSG00000204103.4",2260.15262590542,0.064809797242384,0.106160776192979,0.610487221048316,0.541539106007987,0.709514047315096,"MAFB"
"ENSG00000204104.12",1151.97024208136,-0.0376279707547997,0.0589764148439332,-0.638017262567978,0.523462442980047,0.69574175073395,"TRAF3IP1"
"ENSG00000204113.6",2.47289779461924,-1.09270980134776,0.730716443613128,-1.49539511653071,0.134811354293862,0.296314413316534,"BMP2KL"
"ENSG00000204116.11",549.915292462787,-0.15558718496278,0.0912800082773331,-1.70450450103011,0.0882868758886818,0.225801709339297,"CHIC1"
"ENSG00000204118.2",9.47447857475344,0.38879790481881,0.262074869076582,1.48353753333441,0.137931651995193,0.300165847312772,"NAP1L6P"
"ENSG00000204120.16",3114.50312049114,-0.0362292997125972,0.0497392098758914,-0.728385107101543,0.466377877307848,0.648043350133981,"GIGYF2"
"ENSG00000204121.2",7.28854298758707,0.268744795301,0.287387117813963,0.935131669593377,0.349720447329341,0.543416543122177,"ECEL1P1"
"ENSG00000204128.6",188.40008705083,0.399828438789649,0.222938328384972,1.79344862629104,0.0729012182338317,0.199433053299832,"C2orf72"
"ENSG00000204130.14",799.895899667182,-0.174542451846036,0.0625797606885115,-2.78911983564167,0.00528515050157936,0.0348156936385203,"RUFY2"
"ENSG00000204131.9",550.266304364952,-0.235718547488586,0.124102758180935,-1.89938201973659,0.0575142658139156,0.170768077387202,"NHSL2"
"ENSG00000204136.11",407.23158219593,0.0294559689617621,0.124956964582869,0.235728909229605,0.81364303564106,0.898064356471866,"GGTA1"
"ENSG00000204138.13",2507.34688424708,-0.0533772178339415,0.0497648935836443,-1.07258780216672,0.283456100010303,0.475948352715504,"PHACTR4"
"ENSG00000204140.10",10.6979053545969,0.149979737357739,0.331936391417983,0.451832764455405,0.651389464120079,0.791572414094601,"CLPSL1"
"ENSG00000204147.11",214.356448412226,0.0777087432740255,0.0821669011856978,0.945742654921392,0.344279860689695,0.537622392211163,"ASAH2B"
"ENSG00000204149.13",18.5477894304626,-0.292282387655591,0.130353290286649,-2.24223252833017,0.0249463478680611,0.0984633976966639,"AGAP6"
"ENSG00000204152.14",103.691474863242,-0.101099769746993,0.0614171741530353,-1.6461156206093,0.0997399570122847,0.244001100069953,"TIMM23B"
"ENSG00000204160.12",2457.05961213822,0.0853321639018406,0.0743828246670292,1.14720251998799,0.251297930328742,0.441432068508142,"ZDHHC18"
"ENSG00000204161.14",622.730133345295,-0.0424884201021639,0.12121331081583,-0.350526025699606,0.72594396187327,0.842531280856403,"TMEM273"
"ENSG00000204172.12",137.01531930155,-0.293743362245734,0.115826075681573,-2.53607281881229,0.0112103420713451,0.0579363425304709,"AGAP9"
"ENSG00000204173.11",14.9130628429751,0.113566568951466,0.166162126333908,0.683468438067836,0.494310887351668,0.671827742186441,"LRRC37A5P"
"ENSG00000204174.8",8.77344049758194,-0.581026318068466,0.244671695913455,-2.37471815405239,0.017562354705015,0.0783844172743735,"NPY4R"
"ENSG00000204175.5",464.05399324215,-0.305244544144649,0.169491857493093,-1.80093928203654,0.0717124506229607,0.197202289767555,"GPRIN2"
"ENSG00000204176.14",33.3736334024888,-0.432974777878219,0.193012993152285,-2.24324161190852,0.0248812382757779,0.0982413503220439,"SYT15"
"ENSG00000204177.10",107.02786776719,-0.389810791156242,0.122833439647882,-3.17349080408142,0.0015061767302023,0.0146195748917275,"BMS1P1"
"ENSG00000204178.11",1971.77834121308,-0.066507960651789,0.0521673547965516,-1.27489616660006,0.202345996100251,0.383290011843745,"MACO1"
"ENSG00000204179.10",87.5143091170784,-0.217918411052285,0.229358777886586,-0.950120213668223,0.342051173362647,0.535322226050045,"PTPN20"
"ENSG00000204186.10",445.425218646444,-0.0441304346838798,0.114737615601784,-0.384620461671801,0.700518632013217,0.825357304623864,"ZDBF2"
"ENSG00000204188.7",4.34863531990394,-0.295259428973144,0.163183123710524,-1.80937478251069,0.0703927981346414,0.194786530654216,"GGNBP1"
"ENSG00000204195.4",2.73216930417792,-0.010873540385252,0.317945558536877,-0.0341993781428806,0.972718162422386,0.986466410232675,"AWAT1"
"ENSG00000204209.13",2459.69477284051,0.0761034570242887,0.0593081787448134,1.2831865458513,0.199426728423426,0.380130564153811,"DAXX"
"ENSG00000204217.15",5914.73739725324,-0.0636209399623521,0.0866440312195236,-0.734279546633287,0.462778380924804,0.645090349964978,"BMPR2"
"ENSG00000204219.11",2537.52003782975,-0.130511362698093,0.126624494498789,-1.03069602145059,0.302683391063525,0.495766068839202,"TCEA3"
"ENSG00000204220.12",1598.16317039773,0.115592681421418,0.0875697011103608,1.3200077190596,0.186832440806125,0.364849141025779,"PFDN6"
"ENSG00000204227.5",2142.75794660653,0.0287660888854382,0.0599089839590163,0.480163190634598,0.631111358419708,0.776969657799332,"RING1"
"ENSG00000204228.4",747.386924894438,0.0732598787428968,0.101947665510411,0.718602808373431,0.472385682528738,0.653037094112855,"HSD17B8"
"ENSG00000204231.11",2297.2533157134,-0.0527180207008748,0.0519900453351979,-1.01400220678754,0.310581699289124,0.504424436042383,"RXRB"
"ENSG00000204237.5",960.307234264323,0.141194017723613,0.0873204375816434,1.61696415677715,0.10588601816966,0.253593012957051,"OXLD1"
"ENSG00000204241.8",18.4534183473219,0.0156926555408527,0.161212804932333,0.097341247473732,0.922455400764653,0.959098955612179,"LINC02731"
"ENSG00000204248.11",81.7696089134518,-0.0198696079346299,0.175000151673079,-0.113540518363371,0.909602041745297,0.952043774773193,"COL11A2"
"ENSG00000204252.14",3366.513530584,-0.0337789179368476,0.140444060048165,-0.240515105624712,0.809930954307154,0.895491208214269,"HLA-DOA"
"ENSG00000204253.4",470.931273388644,0.103383976557053,0.0861635093177921,1.19985800689417,0.230194491303835,0.416537050871165,"HNRNPCP2"
"ENSG00000204256.14",9796.6069076813,-0.0738528550503786,0.0561183230518398,-1.31602034833002,0.188167213069223,0.366338012196625,"BRD2"
"ENSG00000204257.15",6488.58044497514,-0.0226198255503853,0.116990463505727,-0.193347601783611,0.846686748757146,0.916885959093536,"HLA-DMA"
"ENSG00000204261.9",315.197812631944,0.0243107575225395,0.0855373834553011,0.284212078280877,0.776247859844734,0.875308511824996,"PSMB8-AS1"
"ENSG00000204262.14",10295.5113397096,0.142137546417051,0.152075457296388,0.934651448326942,0.349967955724697,0.543572808488096,"COL5A2"
"ENSG00000204264.12",5272.80085206545,0.28764583931336,0.0977210854835266,2.94353913375072,0.00324482796980801,0.0249896038859167,"PSMB8"
"ENSG00000204267.16",1962.57840472747,0.194313012228236,0.0932090777730278,2.08470051276985,0.0370964940923781,0.1279583068605,"TAP2"
"ENSG00000204271.13",557.858569447179,-0.196837054659469,0.0809069766863288,-2.4328811027335,0.0149792187277925,0.0703015769267349,"SPIN3"
"ENSG00000204272.13",1278.70226307806,0.26905723989518,0.084015379260883,3.20247604976832,0.00136251629500724,0.0136382758327714,"NBDY"
"ENSG00000204277.1",25.3711374169581,-0.743360986216907,0.207323969830523,-3.58550430432414,0.00033642745396296,0.00519994392979983,"LINC01993"
"ENSG00000204287.14",76563.6717215015,0.00504703921686662,0.134069323759566,0.0376449964491336,0.969970731350996,0.984940237254665,"HLA-DRA"
"ENSG00000204290.10",2.61513206181523,-0.470455826958754,0.203545357788637,-2.31130708196882,0.0208158991267089,0.0873796531509071,"BTNL2"
"ENSG00000204291.11",3137.47897247984,0.22498657631332,0.146292243210012,1.53792553437257,0.124066823156184,0.280780147055866,"COL15A1"
"ENSG00000204296.11",3.70602364362062,-0.560043391892123,0.292706914642537,-1.91332477600014,0.0557064878365304,0.166979031200289,"TSBP1"
"ENSG00000204301.6",1236.03143292253,-0.151410125192894,0.119627937261056,-1.26567529842533,0.205629355466731,0.386931513066758,"NOTCH4"
"ENSG00000204304.12",2666.81630135324,-0.0559105139702146,0.0614987283282124,-0.909132846972477,0.363280005977852,0.556230741308895,"PBX2"
"ENSG00000204305.14",15467.7027453379,-0.0690597556832777,0.306186800793175,-0.225547788161929,0.821553153358545,0.902571773412664,"AGER"
"ENSG00000204308.8",2056.94864592375,0.0693533088061175,0.0740163619061063,0.936999698716561,0.348758712895681,0.542442508307965,"RNF5"
"ENSG00000204310.13",1378.17994755906,0.0655023655584562,0.0654938567408342,1.00012991779757,0.317247639339838,0.511087082964349,"AGPAT1"
"ENSG00000204311.15",82.994553335406,-0.0475769778979713,0.110432608611189,-0.430823635303955,0.66659661261825,0.803163036475803,"PJVK"
"ENSG00000204314.12",41.367601653416,0.145301536338002,0.137143559557862,1.05948494268663,0.289378983089337,0.481762900489714,"PRRT1"
"ENSG00000204315.4",339.379672206999,0.165944892624425,0.0780431608309377,2.1263220358784,0.0334764544581733,0.119163006337642,"FKBPL"
"ENSG00000204316.13",74.847304014344,-0.221924730974253,0.0995382993206395,-2.22954111622275,0.025777922772044,0.100353646263992,"MRPL38"
"ENSG00000204323.5",188.425432331508,-0.100960408810268,0.153606361951613,-0.657267104874675,0.511009184009223,0.686119888821547,"SMIM5"
"ENSG00000204334.7",131.814458685684,-0.0133976720394695,0.151374190763157,-0.0885069771268454,0.929473739158394,0.962877876588475,"ERICH2"
"ENSG00000204335.4",232.137465879819,-0.326050664772777,0.211387341839326,-1.54243230429856,0.122968576508927,0.279157192793972,"SP5"
"ENSG00000204338.8",23.5937787489408,-0.354292357286413,0.173966223901238,-2.03655830046381,0.0416943251402487,0.138232340857827,"CYP21A1P"
"ENSG00000204344.14",536.096115842701,-0.100571826818522,0.0539027698693735,-1.86580071974492,0.0620692516061443,0.179677557927429,"STK19"
"ENSG00000204347.4",1.86695474393243,-0.801936404937045,0.374113424219469,-2.14356490043137,0.0320677656818409,0.11564472734462,"BTBD17"
"ENSG00000204348.10",488.191654020084,-0.126965646759668,0.0770816567798623,-1.64715772939689,0.0995256297361327,0.243658121244582,"DXO"
"ENSG00000204351.12",2900.15276178815,-0.00883612504405528,0.0628081449810219,-0.140684381726689,0.888119283949236,0.940421530390396,"SKIV2L"
"ENSG00000204352.4",1.79059545690571,-0.205189699835169,0.236281427159831,-0.86841230942951,0.385168658573243,0.576592291532852,"C9orf129"
"ENSG00000204356.14",3439.07682645151,0.0979823083691415,0.0755401020637306,1.29708996536008,0.19460023378008,0.374174160164031,"NELFE"
"ENSG00000204361.10",3.68619137544642,0.307001173740595,0.27388507248801,1.12091239932047,0.262325152441367,0.453860517144222,"NXPE2"
"ENSG00000204362.6",7.51028589777064,-0.126003584433894,0.316464212044211,-0.398160612285255,0.690511797675091,0.818972606314707,"LINC02783"
"ENSG00000204366.4",234.478078496331,0.0141848431277217,0.109519762224476,0.129518571257011,0.896947330979425,0.94521151806723,"ZBTB12"
"ENSG00000204368.6",0.576547308617801,-0.989955953886003,0.681981170043792,-1.45158839770083,0.146616086718797,0.312662655337492,"AC245047.1"
"ENSG00000204370.13",2370.58418023576,0.0586748503392655,0.0668613744814994,0.87755973900149,0.38018268623389,0.571779512968509,"SDHD"
"ENSG00000204371.11",2112.40456921126,-0.0266625546793639,0.0761355100412699,-0.350198674244268,0.726189601648886,0.842669492443497,"EHMT2"
"ENSG00000204379.11",8.07510787678934,0.298221829247343,0.342119752973788,0.871688426801219,0.383378375569064,0.574868993281127,"XAGE1A"
"ENSG00000204380.4",69.2945961086042,-0.748015986805978,0.195243625434174,-3.8311928757857,0.000127523486462743,0.00261430999680055,"PKP4-AS1"
"ENSG00000204381.12",543.559536944043,0.259189463662285,0.129352740787545,2.0037415680893,0.0450977509901805,0.145840367652147,"LAYN"
"ENSG00000204382.11",13.7680500598124,0.584608265990195,0.313834386637078,1.86279225885545,0.062491499587718,0.180439833423565,"XAGE1B"
"ENSG00000204385.13",5493.83170400793,-0.130851072348169,0.151640971373834,-0.862900515359979,0.38819216731063,0.579243538287595,"SLC44A4"
"ENSG00000204386.12",5289.7151743072,-0.0106473314631896,0.0883486486705732,-0.120514932864344,0.904075251143419,0.949028166739749,"NEU1"
"ENSG00000204387.14",682.748580647903,0.124210235374269,0.0952007896889735,1.30471854046664,0.191988705840315,0.371210870755655,"SNHG32"
"ENSG00000204388.7",3890.30367136717,0.0731478383144635,0.102345294229576,0.714716185683941,0.474784434286634,0.65510374117058,"HSPA1B"
"ENSG00000204389.10",4016.56364084708,0.169360521614628,0.116781859960811,1.45022969895719,0.146994475774294,0.313035845082776,"HSPA1A"
"ENSG00000204390.10",106.218767658442,-0.00163771515362599,0.0665313833248609,-0.0246156786734663,0.980361513316178,0.990356399636967,"HSPA1L"
"ENSG00000204392.11",1764.8663172618,0.0196266945185988,0.0950325096780519,0.206526109697508,0.836379971742715,0.910909692800884,"LSM2"
"ENSG00000204394.13",5636.70174589965,0.115187878483849,0.0846940237258011,1.36004730223673,0.173814955602664,0.348929106808606,"VARS1"
"ENSG00000204396.11",384.137020840809,-0.297916973383571,0.110230950421408,-2.70266175012234,0.00687867069035778,0.041668774252926,"VWA7"
"ENSG00000204397.8",412.187930189181,0.0601508688611981,0.116334508640144,0.517050955596176,0.605120588717796,0.758260740383222,"CARD16"
"ENSG00000204403.9",16.7381583725099,-0.280824379824657,0.178690061647247,-1.57157246035895,0.116049737496008,0.269055982622187,"CASP12"
"ENSG00000204406.14",869.077691714306,-0.169121134681397,0.0852376803832687,-1.98411235407802,0.0472433162110778,0.150154818769968,"MBD5"
"ENSG00000204410.16",102.879435126401,-0.340889174509865,0.134578212656859,-2.53301903614256,0.011308481140565,0.0582652562592537,"MSH5"
"ENSG00000204420.10",25.0112650134056,-0.395692373225134,0.160071271729233,-2.47197619504431,0.0134368463385622,0.0653642497296539,"MPIG6B"
"ENSG00000204421.3",6.82096717365896,-0.0249919182958627,0.235645645345313,-0.106057204066894,0.915536965782218,0.955147362499026,"LY6G6C"
"ENSG00000204427.12",50.2116039386051,-0.159241358781201,0.0794666484671742,-2.00387661808815,0.0450832788088092,0.145837310666701,"ABHD16A"
"ENSG00000204428.12",108.285004974368,-0.1003178496471,0.0829554028178098,-1.20929856572961,0.226548161693983,0.41215671843048,"LY6G5C"
"ENSG00000204429.4",3.0692234966661,0.317998727296115,0.192551411411513,1.65150037055039,0.0986364451527842,0.242282954734517,"AL451142.1"
"ENSG00000204434.6",5.59990434536473,0.137840517922042,0.179399035079181,0.768345927062559,0.442281696050406,0.627261996364708,"POTEKP"
"ENSG00000204435.15",539.199836034459,0.0279569425772448,0.062458701778682,0.447606847102077,0.654436960712396,0.793884850901723,"CSNK2B"
"ENSG00000204438.11",835.745882728142,0.0973813291026028,0.0630461588123963,1.54460368303129,0.122442154796569,0.278371118522409,"GPANK1"
"ENSG00000204439.4",1049.30747621885,-8.94559987158076e-05,0.0535908885629691,-0.00166923895301152,0.998668140629608,0.999208366821383,"C6orf47"
"ENSG00000204442.4",147.974669359058,0.429073877591734,0.165804145767766,2.58783563948224,0.00965810522772659,0.0523948667666126,"FAM155A"
"ENSG00000204444.11",66.3590087852429,0.0903939818255917,0.100469935366183,0.899711754527688,0.368273666327211,0.560908551985654,"APOM"
"ENSG00000204446.4",2.83459757394556,0.0799830615436447,0.211024098402858,0.379023353962884,0.704670521511692,0.828235390548922,"LINC02872"
"ENSG00000204455.7",8.64298960290097,-1.02778270019286,0.368663270853853,-2.78786302148418,0.00530569724014966,0.0348820257141198,"TRIM51BP"
"ENSG00000204460.3",0.547764936035513,-0.25016066730618,0.791791928936645,-0.315942431545292,0.752046204480111,0.85933658645431,"LINC01854"
"ENSG00000204463.13",11461.6486031197,0.0312957042676707,0.0645403160575887,0.484901627065877,0.627746128184494,0.775148425400429,"BAG6"
"ENSG00000204464.7",4.99851096696674,-0.342582627420821,0.271555530370822,-1.2615564372893,0.207108439855762,0.388664207205079,"C1orf195"
"ENSG00000204469.13",13672.194800853,0.044834665438878,0.0728332603481829,0.6155795473736,0.53817205337401,0.70643702136896,"PRRC2A"
"ENSG00000204472.13",1588.61408905012,0.0437086102355669,0.118947453528512,0.367461504546541,0.713274801327856,0.834464713738088,"AIF1"
"ENSG00000204475.10",47.3608143405375,-0.154335387567022,0.146797066201601,-1.05135198924935,0.293096957572201,0.485691790177605,"NCR3"
"ENSG00000204482.11",948.691129193986,0.0635057933405361,0.139805007079009,0.454245485675966,0.649652147973681,0.790355512770875,"LST1"
"ENSG00000204498.11",689.977005248106,0.114083450423683,0.0789402327106336,1.44518766294839,0.148405180755634,0.31500501644229,"NFKBIL1"
"ENSG00000204511.3",2.06698466875852,0.345786864895272,0.47201706945797,0.73257279719216,0.463819027541022,0.645862515534872,"MCCD1"
"ENSG00000204514.10",501.359422652328,-0.246735085488673,0.100116218089075,-2.46448667556688,0.0137209665018502,0.0662782728560676,"ZNF814"
"ENSG00000204516.10",518.174538622523,0.20341109645762,0.109282043993934,1.86134051874901,0.0626961046171869,0.180863132399272,"MICB"
"ENSG00000204519.11",354.560297807254,-0.169966579534465,0.086002090654038,-1.97630753208305,0.0481199570533732,0.151925816043429,"ZNF551"
"ENSG00000204520.14",898.132034779309,-0.00895121414286895,0.0853817176201802,-0.104837597466572,0.91650467595666,0.95572379483064,"MICA"
"ENSG00000204524.7",492.126816596421,-0.177593582924331,0.0887065337356311,-2.00203497358612,0.0452809702259124,0.146245952083913,"ZNF805"
"ENSG00000204525.17",69493.2156886148,0.156956724844477,0.102053677130879,1.53798206254918,0.124053000666964,0.280780147055866,"HLA-C"
"ENSG00000204528.3",32.5690621999667,-0.597878215248426,0.251501756221062,-2.37723276462097,0.017443077122064,0.0779820554082017,"PSORS1C3"
"ENSG00000204529.4",17.8873878663884,-0.0603526266812427,0.360699120235507,-0.167321247254048,0.867117286909584,0.928978498940686,"GUCY2EP"
"ENSG00000204531.20",132.018314185534,-0.512560222790229,0.190227106462804,-2.69446469707225,0.00705017947436241,0.0423761735403408,"POU5F1"
"ENSG00000204536.14",1284.91673956881,-0.0848650781186366,0.0906357049622488,-0.936331638331542,0.349102463333957,0.542766055236419,"CCHCR1"
"ENSG00000204538.4",8.98511552366649,0.25099606572251,0.253049780811649,0.991884145947282,0.321254043764887,0.515098770904662,"PSORS1C2"
"ENSG00000204540.11",133.246435188709,0.286163196752497,0.140958316838133,2.03012637474316,0.0423436952179669,0.139648206527169,"PSORS1C1"
"ENSG00000204542.3",5.68538232583674,-0.734128654574985,0.3960346640789,-1.85369797434885,0.0637823816889768,0.182913262597674,"C6orf15"
"ENSG00000204544.5",4286.44161197609,0.495451630724884,0.279822936555864,1.77058977660315,0.0766289432500774,0.205775722505632,"MUC21"
"ENSG00000204556.4",4.38913418673091,-0.22925497037149,0.201726660803914,-1.13646341766562,0.255762667488065,0.446293131705232,"AL450124.1"
"ENSG00000204560.10",2278.58871959293,0.0204343685491384,0.0594784628916148,0.34355912301189,0.731177870480887,0.846126979503701,"DHX16"
"ENSG00000204564.12",617.278797610552,0.0587425351351839,0.0825988035048481,0.711179007959069,0.476973315188316,0.657061924137893,"C6orf136"
"ENSG00000204568.12",3223.2904900594,0.127385521466047,0.0755786865744566,1.68546884366074,0.0918981510469906,0.231697473896816,"MRPS18B"
"ENSG00000204569.10",4018.80015125578,-0.038158749380685,0.0602057159347707,-0.63380608947542,0.526207378625996,0.697628806746202,"PPP1R10"
"ENSG00000204572.10",5.54584970972016,-0.583825798501368,0.18726629724627,-3.11762344365463,0.00182315578405012,0.016799979385104,"KRTAP5-10"
"ENSG00000204574.14",4482.61426301174,0.0984253546074544,0.0688360950829306,1.42985093051655,0.152759807932237,0.321075270548483,"ABCF1"
"ENSG00000204576.12",705.818747069769,-0.0534574572200433,0.0678522101753233,-0.787851377013581,0.430783644995637,0.617014751823849,"PRR3"
"ENSG00000204577.11",529.511203393046,0.0396507840511026,0.115807202447203,0.342386166086513,0.732060297957132,0.846665746255645,"LILRB3"
"ENSG00000204580.13",12772.1188219847,0.0439017588991124,0.0891725325055136,0.492323786995708,0.622490466972354,0.771060909178904,"DDR1"
"ENSG00000204581.3",86.148570976306,-0.79560701418162,0.17114592045644,-4.648705689623,3.34024419881706e-06,0.000180530438492234,"ACOXL-AS1"
"ENSG00000204583.10",18.8322020214167,-0.228247256024583,0.188005522474263,-1.21404548664696,0.22473035489795,0.409677911932182,"LRCOL1"
"ENSG00000204584.1",79.9764445618451,-0.399042147132526,0.153166372959646,-2.6052856082037,0.00917977033614653,0.0506835976453278,"AC027801.1"
"ENSG00000204588.5",84.4003561964311,-0.328648974477987,0.132881314782068,-2.47325197690125,0.0133889703892698,0.0652251563972095,"LINC01123"
"ENSG00000204590.12",3248.46566535825,0.123872015170962,0.0663318642873175,1.86745867166356,0.0618375630458934,0.1792807008002,"GNL1"
"ENSG00000204592.9",45535.0329704259,0.0597042226144684,0.100320308441974,0.595135955438191,0.551752596172426,0.717138363629459,"HLA-E"
"ENSG00000204599.14",572.832020453403,-0.0861709821264818,0.0481521207330886,-1.78955736143243,0.0735250982655697,0.200464425235903,"TRIM39"
"ENSG00000204603.7",22.3246233306594,-0.108096412378888,0.300545155383875,-0.359667791819237,0.719095580739623,0.838734906444936,"LINC01257"
"ENSG00000204604.12",993.350066697403,0.0664834417345495,0.0802039795196085,0.828929463759282,0.407144321900855,0.596665899685058,"ZNF468"
"ENSG00000204610.13",55.6643697841437,0.443467107665154,0.346740976453952,1.27895789012421,0.200911885079114,0.381506837959217,"TRIM15"
"ENSG00000204611.7",495.504495219464,-0.0465356835582911,0.0548886119026582,-0.847820375578445,0.396538013815555,0.587065994928907,"ZNF616"
"ENSG00000204613.11",15.2264340212792,0.153792764074719,0.277896381680044,0.553417655692215,0.579977451858623,0.738796652308278,"TRIM10"
"ENSG00000204614.9",3.28829212914878,0.0147872080471912,0.359893342886262,0.0410877509669982,0.96722593967069,0.983337182649126,"TRIM40"
"ENSG00000204616.11",237.786475312906,0.501754996207077,0.215200770989884,2.33156690795807,0.0197234864032669,0.0845170828484301,"TRIM31"
"ENSG00000204618.8",360.284388752032,-0.0196750954917554,0.152859230887741,-0.128713819750962,0.897584099797332,0.945613171145895,"RNF39"
"ENSG00000204619.8",3408.69377921813,0.0763180206981836,0.0610017135994058,1.25107994833324,0.210905310416759,0.393459066440948,"PPP1R11"
"ENSG00000204620.3",14.5863010302055,-0.0702064459305507,0.0886642984302135,-0.791823170921601,0.428463789728049,0.61534142659891,"AC115618.1"
"ENSG00000204622.11",30.130092233372,-0.219745260442244,0.10994073513458,-1.99876106134138,0.0456342127392351,0.14680984063279,"HLA-J"
"ENSG00000204623.9",272.945721980939,-0.309436266021321,0.116154509188093,-2.66400562650771,0.00772162711674856,0.0449525581610641,"ZNRD1ASP"
"ENSG00000204624.8",34.1672522866725,0.120309809610971,0.221267384298119,0.543730428199369,0.586626990258478,0.743856486057272,"DISP3"
"ENSG00000204625.10",5.562229293817,0.138230431974392,0.154175813182833,0.896576636248823,0.369944869738033,0.562426345869142,"HCG9"
"ENSG00000204628.12",44528.1797744058,0.196808190950957,0.0817608937750546,2.40711887876895,0.0160789349765626,0.0736959231857794,"RACK1"
"ENSG00000204632.11",336.063447817357,-0.132304501709892,0.160919559035784,-0.822177878827469,0.410975666808727,0.600061962769185,"HLA-G"
"ENSG00000204634.13",1879.83551236459,-0.260114158587575,0.101706468980558,-2.55749866448807,0.0105427962814554,0.0556173849783703,"TBC1D8"
"ENSG00000204642.14",4208.51209372373,0.159377586622075,0.112055553486303,1.42230868228728,0.154936659507938,0.324004954659378,"HLA-F"
"ENSG00000204644.10",68.2001492533891,-0.172301966102958,0.260849402193719,-0.660541924397429,0.508906123698325,0.684068619843683,"ZFP57"
"ENSG00000204650.14",578.972133354047,-0.110645551043098,0.0745406672849442,-1.48436491211081,0.137712138070513,0.300007511907811,"LINC02210"
"ENSG00000204652.6",4.88118195111974,0.281988362126438,0.199326843965039,1.41470339125972,0.157155479659589,0.32705196801517,"RPS26P8"
"ENSG00000204653.10",20.6298890819415,-0.0536836131512517,0.154380661380978,-0.347735348916354,0.728038946855713,0.843815514627232,"ASPDH"
"ENSG00000204657.4",2.49660699403508,0.410398030962572,0.275171457571871,1.49142659847045,0.135849529124108,0.297705586744198,"OR2H2"
"ENSG00000204659.5",4.29912081699961,-0.391571917381976,0.176009372152724,-2.22472197129485,0.0260999083685831,0.101204780959147,"CBY3"
"ENSG00000204666.3",8.53769962522781,-0.879831916151799,0.228520967344963,-3.85011461475065,0.000118062563705576,0.0024767844571202,"AC010624.1"
"ENSG00000204670.7",12.2802750348756,-0.231294152165891,0.254448429199406,-0.909002083029681,0.363349026270216,0.55625967405225,"IGKV1OR2-3"
"ENSG00000204673.11",2130.74698607882,0.282240137279475,0.0751111393339071,3.7576335518594,0.000171527824798631,0.00321388632785963,"AKT1S1"
"ENSG00000204677.13",21.041964476523,-0.646365180410364,0.179582452129475,-3.59926692583721,0.00031911550407183,0.0050030071992012,"FAM153CP"
"ENSG00000204681.11",1020.02865879599,-0.247267847556031,0.12247148679567,-2.018982981472,0.0434889883887927,0.142353641768565,"GABBR1"
"ENSG00000204682.8",90.1688539999919,0.20935866950435,0.132886774414135,1.57546656111837,0.115148791051544,0.267675513229931,"MIR1915HG"
"ENSG00000204685.7",183.521782846837,-0.0812597438574391,0.0516903219069134,-1.57204948353341,0.115939075677678,0.268874313634503,"STARD7-AS1"
"ENSG00000204687.4",2.41717465299151,-0.186772552891571,0.290453110197374,-0.643038570888955,0.520199072524975,0.693435673813835,"MAS1L"
"ENSG00000204706.14",53.1899516285286,-0.707326741176879,0.159790393189885,-4.42659115517875,9.57339367761277e-06,0.000387973326656904,"MAMDC2-AS1"
"ENSG00000204709.4",10.3817847265033,0.351881868079941,0.200094797233554,1.75857579979562,0.0786495864106356,0.209443785767168,"LINC01556"
"ENSG00000204710.2",8.61472322040265,-0.579319734488957,0.324205979842725,-1.7868878753254,0.0739556125468678,0.201259130989281,"SPDYC"
"ENSG00000204711.9",124.665293698433,-0.76789460953531,0.273777455561778,-2.80481315731285,0.00503457547086394,0.0335838515629369,"C9orf135"
"ENSG00000204713.11",3797.15242771571,-0.0155578058325382,0.0535156118498938,-0.290715275313985,0.771269087939179,0.872007706252351,"TRIM27"
"ENSG00000204740.11",78.1824070614061,-0.119313015786179,0.185700671094207,-0.642501801868293,0.520547419750532,0.693529126508193,"MALRD1"
"ENSG00000204745.4",70.1245645417486,0.149961074738744,0.0609879496359053,2.4588640154982,0.0139377399329583,0.0669305027532065,"AC083899.1"
"ENSG00000204758.8",19.5115001995547,-0.476017350066821,0.13859024591169,-3.43471033574859,0.000593187526037485,0.00756666371814789,"AC008429.1"
"ENSG00000204764.14",383.804848862789,-0.167419023010809,0.125868397689939,-1.33011165696432,0.183481485359088,0.360867084487861,"RANBP17"
"ENSG00000204767.4",61.360979994827,-0.152910813707336,0.222193483090459,-0.688187662304584,0.491334612323359,0.669446948520356,"INSYN2B"
"ENSG00000204776.6",4.54666982279358,-0.41988346149926,0.264983327872375,-1.58456558331658,0.113065069771092,0.264568131001474,"IGKV1OR-3"
"ENSG00000204778.4",11.9567167951228,-0.110884491894974,0.132955550574727,-0.833996711048572,0.404282837208174,0.593911968484265,"CBWD4P"
"ENSG00000204780.5",1.4625326429293,-0.130217165126299,0.358376601893423,-0.363352865221441,0.716341307140949,0.836665537226579,"IGKV1OR9-1"
"ENSG00000204789.4",527.282873135732,-0.321307551440665,0.126613941448439,-2.53769488387273,0.0111585221451547,0.0577581899531461,"ZNF204P"
"ENSG00000204790.9",3.56558436054269,-0.0515550237781737,0.270350910640952,-0.190696689927717,0.848763232158465,0.918089420977022,"AL163540.1"
"ENSG00000204791.10",11.4916887948064,0.148577894258534,0.142393338663757,1.04343289969049,0.296747842846371,0.489439542559043,"SMPD5"
"ENSG00000204792.2",177.900373633524,0.179890476977309,0.245247493633681,0.733505873238429,0.463249946983277,0.645475034942422,"LINC01291"
"ENSG00000204805.9",4.87016962830013,-0.324663884950064,0.18567213481473,-1.74858702020109,0.0803624315561461,0.212628660398853,"AL391987.2"
"ENSG00000204815.10",219.014244103664,-0.557504177376305,0.153909643031401,-3.62228231055388,0.000292015176586741,0.00470119017122939,"TTC25"
"ENSG00000204832.10",67.6621229551281,-1.15955026566424,0.331650590597168,-3.49630092193221,0.000471756360744516,0.00648747811576505,"ST8SIA6-AS1"
"ENSG00000204839.9",1814.71602407724,0.00807935843342777,0.157168383339982,0.0514057488009579,0.959002203951132,0.979282221278423,"MROH6"
"ENSG00000204842.18",2279.98686906561,-0.0803115351868192,0.0638942642576968,-1.25694436143609,0.208773783394164,0.390862372521053,"ATXN2"
"ENSG00000204843.12",5131.17310269601,-0.0280704155499977,0.0605119895000913,-0.463881881622077,0.642732374493904,0.785288503410706,"DCTN1"
"ENSG00000204850.4",16.057418651111,0.00774911895918525,0.139404384855401,0.0555873401487559,0.955670550008904,0.97721489055089,"AC011484.1"
"ENSG00000204851.7",101.137726919209,-0.0193760932571271,0.139120150970994,-0.139275964854056,0.889232082022387,0.941192297147396,"PNMA8B"
"ENSG00000204852.16",1233.11462330007,-0.0455380171192858,0.0689027657449095,-0.660902601324826,0.508674777725098,0.683965415456814,"TCTN1"
"ENSG00000204856.12",189.4296586299,-0.205213910771183,0.100821471623569,-2.03541872050208,0.0418087592537005,0.138487615345085,"FAM216A"
"ENSG00000204859.13",958.809767681083,-0.126611262820184,0.0636070493147855,-1.99052250000776,0.0465334079622395,0.148707054505339,"ZBTB48"
"ENSG00000204860.5",111.541277061264,-0.167119002106826,0.126627553499297,-1.31976807170766,0.186912464686655,0.36491389707458,"FAM201A"
"ENSG00000204866.8",134.412373672512,-0.0583427798693421,0.234591058393984,-0.24869993029043,0.803592902765994,0.892068237530867,"IGFL2"
"ENSG00000204869.8",12.8085131514823,-0.351468282620629,0.220259306386585,-1.59570230373719,0.110555274055513,0.260655375638884,"IGFL4"
"ENSG00000204872.4",6.83468882040517,-0.050995767278372,0.14218010714153,-0.358670198691083,0.719841824970326,0.839173330671013,"NAT8B"
"ENSG00000204876.4",17.8074434957004,-0.155167842347068,0.228063775603024,-0.680370400502174,0.496269958102127,0.673403191839912,"AC021218.1"
"ENSG00000204882.4",21.4008146338542,-0.0757781215676156,0.14508616085107,-0.522297379178716,0.601463293684703,0.75541411787554,"GPR20"
"ENSG00000204889.10",39.1691370484374,-0.892869826287843,0.303788383432368,-2.93911773781377,0.0032914801258734,0.0252263461857052,"KRT40"
"ENSG00000204894.4",8.65529164061516,0.426646143406913,0.381824207567013,1.11738893174298,0.263828065530003,0.455464235711194,"AC104692.1"
"ENSG00000204899.6",1109.57868840538,0.220647642199924,0.0891290065046192,2.47559858292023,0.0133013034453787,0.0649549990416952,"MZT1"
"ENSG00000204904.7",6.12536538564516,-0.0779858866038108,0.1329865489019,-0.586419357805414,0.557593738891383,0.721771708744588,"LINC01545"
"ENSG00000204909.8",4.10137282754226,-0.307181495174307,0.250948752893456,-1.22408058072608,0.220921830929177,0.405404430023517,"SPINK9"
"ENSG00000204920.11",102.555571198273,-0.0411720256761631,0.0746838604300181,-0.551284111976817,0.581438928144482,0.739978831602227,"ZNF155"
"ENSG00000204922.5",271.948311417662,0.170680460630778,0.0921435050461161,1.85233305966986,0.0639780112316891,0.183196003090791,"UQCC3"
"ENSG00000204923.4",197.710162810552,-0.0530679430415079,0.0598276672697211,-0.88701340806523,0.375071681785167,0.566761268867183,"FBXO48"
"ENSG00000204929.13",11.2872595641825,-0.444723447521715,0.149112269330883,-2.98247387366136,0.00285929051465883,0.0228671003763336,"AC007389.1"
"ENSG00000204930.10",9.58621243217821,-0.293927195498546,0.210307907702994,-1.39760410680155,0.162231984432655,0.333443476023541,"FAM221B"
"ENSG00000204933.3",3.30666981929959,-1.31824225640877,0.441319392275378,-2.98704810956099,0.00281685390601453,0.0226525403606139,"CD177P1"
"ENSG00000204934.10",61.9281352686874,0.0196802672836908,0.115007511847267,0.171121581256594,0.864128166766499,0.927716586248656,"ATP6V0E2-AS1"
"ENSG00000204936.10",183.549564283951,-1.74937231052338,0.257589885054042,-6.79130824627048,1.11121210821814e-11,1.05701670625447e-08,"CD177"
"ENSG00000204941.14",1.46343364922611,0.301973697954763,0.478779039218676,0.630716203548836,0.528226102372634,0.699244566795998,"PSG5"
"ENSG00000204946.10",740.918981234257,-0.104957133782253,0.0789265472767103,-1.32980774408238,0.183581623769747,0.360908355486636,"ZNF783"
"ENSG00000204947.9",125.179231197826,0.0281621993802974,0.08235508505027,0.341960661726074,0.732380496904733,0.846874986773967,"ZNF425"
"ENSG00000204949.9",217.758148688071,0.950986984089015,0.23158404676563,4.10644427960723,4.01796328910515e-05,0.00112317423832223,"FAM83A-AS1"
"ENSG00000204950.4",262.794219835725,-0.670328771334916,0.203188839720847,-3.29904325580013,0.000970149608766826,0.0107771741490404,"LRRC10B"
"ENSG00000204952.3",2.35478812975943,0.0864222358486489,0.228119989630114,0.378845518925275,0.704802583227622,0.828273646431247,"FBXO47"
"ENSG00000204954.10",315.602705424403,-0.0266936429421033,0.0742484338590039,-0.359517925897184,0.719207670073343,0.838757714975907,"C12orf73"
"ENSG00000204956.5",57.3557337591287,0.144553139903091,0.156361920698742,0.924477898820378,0.355237553238701,0.548792187434779,"PCDHGA1"
"ENSG00000204959.4",167.975676520153,-0.210418872884883,0.0959334862925289,-2.19338294704787,0.0282797999160015,0.106410418015759,"ARHGEF34P"
"ENSG00000204961.7",11.4101545063172,0.262874422340984,0.240075856012556,1.09496401140494,0.273532403462668,0.465983436958636,"PCDHA9"
"ENSG00000204962.6",7.40904620899133,0.560260892259629,0.224575850712449,2.49475128551109,0.0126045444035796,0.0625213195513074,"PCDHA8"
"ENSG00000204963.6",28.3193224641386,0.123848505141073,0.185878963212331,0.666285753916107,0.505228469627568,0.680966846097493,"PCDHA7"
"ENSG00000204965.9",22.1774724551681,0.509101357754286,0.193608202597853,2.62954436290982,0.0085499375595116,0.0483035925961004,"PCDHA5"
"ENSG00000204967.12",102.795255522898,0.859703141396421,0.208987117939163,4.11366571238464,3.89425256274049e-05,0.00109410422423054,"PCDHA4"
"ENSG00000204969.7",16.3185128602902,0.320625091020319,0.176039603577042,1.8213236368713,0.0685576754620601,0.191548396203287,"PCDHA2"
"ENSG00000204977.10",1283.9154344019,-0.152833244230815,0.0769596820560497,-1.98588715737556,0.0470458550532816,0.149698714736587,"TRIM13"
"ENSG00000204978.3",3.86373399451096,-0.40997095933294,0.204013451846923,-2.00952905615534,0.0444810564246608,0.14453521486885,"ERICH4"
"ENSG00000204983.14",43.3838835633346,-0.590920339409084,0.331861581401685,-1.78062292391066,0.074974072244811,0.20295241785889,"PRSS1"
"ENSG00000204991.11",898.759730923839,0.0443742422091649,0.120238646604115,0.369051411192832,0.712089404672998,0.833776202777594,"SPIRE2"
"ENSG00000205002.4",131.791170276017,0.0086012019948191,0.237037602621875,0.0362862343344732,0.971054126121847,0.985484670923718,"AARD"
"ENSG00000205018.2",4.05877387060835,-0.370480722900994,0.185237908964416,-2.00002647931079,0.0454974046849051,0.146667855598774,"AC092384.1"
"ENSG00000205025.8",2.86080300009375,-0.191892181732315,0.264182713942111,-0.726361611132374,0.467617118509997,0.649035728404973,"OR5G5P"
"ENSG00000205035.8",2.63164349174258,-0.13059238906491,0.415435343638193,-0.314350695155693,0.753254698972027,0.860223945833214,"AC136759.1"
"ENSG00000205037.2",4.12318377607324,-0.412219375163918,0.242165332772361,-1.70222290054791,0.0887135914048727,0.226585469784613,"AC134312.1"
"ENSG00000205038.12",191.85793904463,-0.573288963913492,0.182348194113388,-3.14392454886067,0.00166698414558081,0.015735441780216,"PKHD1L1"
"ENSG00000205041.1",14.3385629807149,-0.252901927017476,0.172172067091016,-1.46889057726062,0.141862470820967,0.306052458689579,"AC118344.1"
"ENSG00000205045.11",53.6640930303656,-0.284698257230851,0.13720689702761,-2.07495587611432,0.0379906243552064,0.12999386914577,"SLFN12L"
"ENSG00000205054.8",5.15315901624733,0.285468444400744,0.189670044158491,1.50507923202782,0.132303707676602,0.292929928820715,"LINC01121"
"ENSG00000205056.8",20.8008728464299,-0.909035290142272,0.225926430065202,-4.02358984683609,5.73177032678762e-05,0.00146340360038144,"LINC02397"
"ENSG00000205057.6",7.86117813108755,0.118567033513079,0.274487019560699,0.431958617579944,0.665771490196267,0.802409750664488,"CLLU1-AS1"
"ENSG00000205060.11",918.215383495953,0.0649863443807198,0.0663107951247123,0.980026619474226,0.32707297894903,0.520692425197248,"SLC35B4"
"ENSG00000205076.4",4.8906205963824,-0.611607429383607,0.358058989994148,-1.7081191828017,0.0876142301916989,0.224795049766664,"LGALS7"
"ENSG00000205078.6",85.8011905864678,0.418840535122682,0.136397558126542,3.07073338317468,0.00213533732471274,0.0186761934130484,"SYCE1L"
"ENSG00000205084.11",550.538969309373,-0.409794792072837,0.122240865993132,-3.35235511253546,0.000801271693110908,0.00939321777420474,"TMEM231"
"ENSG00000205085.12",82.4204675857956,-0.212173975907978,0.133266921186739,-1.59209782906797,0.111362724825067,0.262021144706781,"FAM71F2"
"ENSG00000205086.8",27.6538454852406,-0.149961031064257,0.237449331310701,-0.631549603599572,0.527681226485433,0.698754716147463,"C2orf91"
"ENSG00000205089.8",59.0064064929283,-0.0858732465791536,0.154211222872044,-0.556854715109851,0.577626696983538,0.737127740529455,"CCNI2"
"ENSG00000205090.9",33.9506337652942,0.132610167238559,0.102705296275735,1.29117165372405,0.196644162027335,0.376760300217131,"TMEM240"
"ENSG00000205100.2",4.18391393917426,0.155625275490047,0.194287272389035,0.801006023587729,0.423128158685277,0.610734665182907,"HSP90AA4P"
"ENSG00000205105.6",6.38573421243328,0.212937870271126,0.142374934864116,1.49561346928345,0.13475441111027,0.296286393289513,"COX17P1"
"ENSG00000205106.4",9.34058184900693,0.092888996638184,0.163623206360517,0.567700625750593,0.570238266595155,0.731499257335174,"LINC02716"
"ENSG00000205108.6",2.54784822738099,0.121716248537458,0.253825921195707,0.479526472174651,0.631564140378758,0.777325875254343,"FAM205A"
"ENSG00000205111.8",7.57684026414205,-0.0505571757292471,0.195327265391773,-0.258833172255001,0.795763962044671,0.887483598881145,"CDKL4"
"ENSG00000205116.3",10.0761387886577,-0.428934182762666,0.233497277831206,-1.83699864403875,0.0662100955619171,0.187268092051899,"TMEM88B"
"ENSG00000205129.8",87.2303277644626,-0.202140516188819,0.132035027720022,-1.53096128867754,0.125778960322581,0.283594671950405,"C4orf47"
"ENSG00000205133.12",2263.64440300176,0.0539429866845824,0.0842959202770221,0.639924049791607,0.522221977679155,0.694869761515212,"TRIQK"
"ENSG00000205138.4",516.698631077808,0.0776105299121095,0.0756814434761944,1.02548955658492,0.305132250590754,0.498443060640693,"SDHAF1"
"ENSG00000205143.3",4.60889295507522,0.0904844448592139,0.188321006104135,0.48047982926121,0.630886242512627,0.776969657799332,"ARID3C"
"ENSG00000205155.8",796.801619973358,0.209470457092106,0.096343763590021,2.17419840461581,0.0296902381473049,0.109891839759669,"PSENEN"
"ENSG00000205177.6",6.74489892058778,0.0844329083148574,0.204153515169352,0.413575579361529,0.679184960882974,0.811662475418244,"C11orf91"
"ENSG00000205181.7",297.259179571963,-0.238636725104827,0.112768214106626,-2.1161701193493,0.0343303415738538,0.121101934945784,"LINC00654"
"ENSG00000205189.12",2260.66223573275,-0.139156694378374,0.114353075540821,-1.2169038193354,0.223640812300725,0.40838490368188,"ZBTB10"
"ENSG00000205208.5",524.888600695932,0.0195314886030316,0.0830286699303001,0.235237883726521,0.814024103890095,0.898149269875506,"C4orf46"
"ENSG00000205209.7",30.4346143900305,-0.316198448924685,0.124448543305464,-2.54079670622229,0.0110600206920981,0.0574547734872054,"SCGB2B2"
"ENSG00000205212.5",2.98421455589191,0.211707827318419,0.323141561299011,0.65515505485387,0.512367928494152,0.687082383574672,"CCDC144NL"
"ENSG00000205213.14",2966.87914299488,0.0765886842038765,0.125429737193842,0.610610258120164,0.541457629928629,0.709514047315096,"LGR4"
"ENSG00000205220.12",897.878448892828,0.197589440517551,0.0971920490397836,2.0329794717742,0.0420545970162182,0.139066716176098,"PSMB10"
"ENSG00000205221.12",10.8175116915838,-0.611527211298426,0.230063014642368,-2.6580857086005,0.00785859046589383,0.0455256746791375,"VIT"
"ENSG00000205231.1",11.1724587114541,-0.575761175932019,0.224091273792016,-2.56931546770712,0.0101899646542797,0.0544025806983536,"TTLL10-AS1"
"ENSG00000205238.9",16.1513758931552,-0.25360916512527,0.160965018855686,-1.5755545330793,0.115128501418996,0.267660719514966,"SPDYE2"
"ENSG00000205240.4",3.65424963705602,-0.513124221532003,0.296398171401114,-1.73119901214773,0.0834162755025746,0.217698366411164,"OR7E36P"
"ENSG00000205250.9",3072.48760169199,0.0842668171017125,0.0581107932759621,1.45010612230912,0.147028928108764,0.313052265248707,"E2F4"
"ENSG00000205268.11",1564.77366473397,-0.163466141380009,0.0793809642912057,-2.05926122011243,0.039469221311646,0.133486256828585,"PDE7A"
"ENSG00000205269.6",607.435443661425,-0.329086906854261,0.106008951098054,-3.10433131773816,0.00190709639220241,0.0173430151218311,"TMEM170B"
"ENSG00000205277.9",29.9982642931095,0.644441615741146,0.173784242144906,3.70828567531337,0.000208667168741782,0.00371704443494925,"MUC12"
"ENSG00000205279.8",0.961200253885915,0.132314708100269,0.392771571522987,0.336874452464096,0.736211544791561,0.849384584701994,"CTXN3"
"ENSG00000205293.5",3.77095669410415,-0.335778079866912,0.315721859293761,-1.06352496662098,0.287543949170882,0.480004046316997,"LINC01602"
"ENSG00000205302.7",3252.87687732495,0.0337595021569399,0.0599697663457211,0.56294203252884,0.573474357160763,0.733932869644215,"SNX2"
"ENSG00000205309.14",105.938238487292,0.178640557712658,0.110510152108105,1.61650811536216,0.105984500231887,0.253692928168824,"NT5M"
"ENSG00000205318.5",2.71083766353628,-0.273380600796621,0.198247109227218,-1.37898909024338,0.167898117637608,0.340573449735508,"GCNT2P1"
"ENSG00000205323.9",8.2529917833562,-0.363733217479731,0.167009314290274,-2.17792174661311,0.0294118631797707,0.109225784812505,"SARNP"
"ENSG00000205325.3",1.47639672432414,-0.0609185544170962,0.439946418319634,-0.138468122208548,0.889870461687253,0.941568640742212,"AC005863.1"
"ENSG00000205334.2",55.9817553789319,-0.340233642683497,0.222321891858083,-1.53036500292415,0.125926406592614,0.283811796282689,"LINC01460"
"ENSG00000205336.14",7747.12630032368,0.171505860153183,0.115810634923105,1.48091632747768,0.138628871573755,0.301166135158566,"ADGRG1"
"ENSG00000205339.10",8832.67414725256,0.0317390853824452,0.0620510247621771,0.51149977786977,0.609001143912233,0.761205702217674,"IPO7"
"ENSG00000205352.11",2651.45669806106,0.171827449662408,0.0717408655454674,2.39511258131543,0.0166152627401998,0.0753742938287877,"PRR13"
"ENSG00000205356.10",1724.56472153146,0.00723134223854923,0.0781832866345775,0.0924921751159932,0.926307007925698,0.961484944236496,"TECPR1"
"ENSG00000205358.4",40.690724846958,0.0127629248750395,0.214217789269175,0.0595792017020689,0.95249078357426,0.974981572868189,"MT1H"
"ENSG00000205359.10",8.02349677625462,0.0821627717951845,0.450392695683247,0.182424743080132,0.855249409419049,0.922557626613154,"SLCO6A1"
"ENSG00000205361.8",10.6216681647842,0.292793962593216,0.173601422553757,1.68658734638277,0.0916827267431875,0.231404971942909,"MT1DP"
"ENSG00000205362.11",103.41605501745,0.798249844657628,0.235390298981361,3.39117562665927,0.000695934892022163,0.00852456231055698,"MT1A"
"ENSG00000205363.6",105.528854360406,-0.242251524982158,0.176211354612018,-1.37477817769206,0.169200225547815,0.342343651372791,"INSYN1"
"ENSG00000205364.4",303.084261126941,0.536569167589322,0.230694527578133,2.32588598100835,0.0200246341092931,0.0852750247378734,"MT1M"
"ENSG00000205403.13",517.97907356458,-0.18340921843331,0.123603538645128,-1.48385087064447,0.137848487984709,0.300165847312772,"CFI"
"ENSG00000205413.8",1543.09603944205,0.234563737693746,0.117969071507568,1.98834944359716,0.0467730560211965,0.149187138734786,"SAMD9"
"ENSG00000205414.1",7.42748365022819,-0.504281660549491,0.241316893147449,-2.08970724747962,0.0366441055753857,0.126831500875488,"AC007608.1"
"ENSG00000205420.11",3698.9065889717,1.62914471591741,0.352123173135042,4.6266330653922,3.71658117805309e-06,0.00019516740877117,"KRT6A"
"ENSG00000205423.11",727.561976012707,-0.0246668114101724,0.0541386111145359,-0.455623277035815,0.648660901742234,0.789630842761033,"CNEP1R1"
"ENSG00000205424.2",1.97004979285181,-0.562036173974849,0.415177893973319,-1.35372374621412,0.175824529277711,0.351279767957442,"PCBP3-AS1"
"ENSG00000205426.10",368.383360562179,1.80044941379123,0.278953563099802,6.45429796194098,1.0872171469212e-10,7.38708581070357e-08,"KRT81"
"ENSG00000205436.7",64.9951681476247,-0.101178910423786,0.15900353559495,-0.636331198832786,0.52456057408385,0.696617279336802,"EXOC3L4"
"ENSG00000205444.3",2.27391887781916,-0.450336882333863,0.265922970419654,-1.69348620626185,0.090362958248001,0.229267944593103,"KU-MEL-3"
"ENSG00000205456.11",2.18429189351976,-0.140787854993891,0.294554380391114,-0.477968974037836,0.632672287824969,0.77805697689704,"TP53TG3D"
"ENSG00000205464.12",214.282854408736,0.0903016151176215,0.0889261146137091,1.01546790287519,0.30988283918292,0.50360877501303,"ATP6AP1L"
"ENSG00000205476.9",753.007452473124,0.149804711523802,0.0834411606368098,1.79533350663529,0.0726005796135821,0.198872066568618,"CCDC85C"
"ENSG00000205482.9",17.7721491328557,-0.148761964454317,0.111287100233971,-1.33674041413209,0.181307385096801,0.358214157737096,"SPDYE18"
"ENSG00000205485.13",99.2121126597795,-0.174813691478669,0.092441901231065,-1.89106551412989,0.0586155993165653,0.172851120287547,"AC004980.1"
"ENSG00000205488.9",57.6099562499375,-0.67290078051433,0.224078426323134,-3.00296994920863,0.00267358829947321,0.0218326650121073,"CALML3-AS1"
"ENSG00000205500.8",4.60990925565767,-0.961231805981996,0.21802641085132,-4.40878608343231,1.03951638399615e-05,0.000413126003673332,"MAPRE3-AS1"
"ENSG00000205502.4",219.493953279289,-0.262832006420476,0.184956342996433,-1.42104889274084,0.155302546085063,0.32445362603829,"C2CD4B"
"ENSG00000205517.13",1211.62438395027,-0.240347509191284,0.121436278615431,-1.97920680649664,0.0477927269055819,0.151159663036723,"RGL3"
"ENSG00000205531.13",5398.87011248584,0.0559298426539139,0.043363324156497,1.28979601407089,0.197121492249615,0.377343942126634,"NAP1L4"
"ENSG00000205534.6",35.5745042394946,-0.146107937930333,0.101138483734046,-1.44463247357493,0.148561146341209,0.315235579677366,"SMG1P2"
"ENSG00000205537.2",5.83878093322674,-0.639936020040845,0.217229513019974,-2.94589814774387,0.00322018416603247,0.0248423219021035,"AC121338.1"
"ENSG00000205542.11",92019.5875453255,0.163216730216752,0.0965485580270363,1.69051442664786,0.0909295806059066,0.230231844787623,"TMSB4X"
"ENSG00000205544.4",273.230917272251,0.0584726923681474,0.117615708530476,0.497150364511017,0.619083020571359,0.768212113450699,"TMEM256"
"ENSG00000205559.5",98.6959128374635,0.12017558299765,0.0945465668076251,1.27107294379258,0.203702699681506,0.384809009333657,"CHKB-DT"
"ENSG00000205560.13",21.4931797992847,-0.275258506464781,0.15926955423057,-1.72825564681557,0.0839424010805938,0.218608757757839,"CPT1B"
"ENSG00000205562.3",10.2879670564288,-0.283016067844668,0.201981901559899,-1.40119518461281,0.161155713892506,0.332117436250275,"AL049775.1"
"ENSG00000205571.14",138.873436015296,-0.0128356326155461,0.156198464447484,-0.0821751523675289,0.934507432143448,0.965568739940159,"SMN2"
"ENSG00000205572.10",24.6387732603441,-0.0345095702927222,0.100493261459226,-0.343401834029679,0.731296179971336,0.846146279281935,"SERF1B"
"ENSG00000205578.6",17.0628331759513,0.0238746854455767,0.13871649936185,0.172111360619749,0.863349981557271,0.927122276106039,"POM121B"
"ENSG00000205581.11",6626.52294213933,0.0569992667944163,0.0547212405308447,1.04162965315612,0.297583415144841,0.490286882748171,"HMGN1"
"ENSG00000205583.13",10.509951445796,-0.0388879858105985,0.127002477779015,-0.3061986387247,0.759453408803524,0.864308550601481,"STAG3L1"
"ENSG00000205592.15",3.41447482678529,-0.315417734948943,0.251922171607387,-1.25204436329055,0.210553699079516,0.392935218803494,"MUC19"
"ENSG00000205593.12",531.292369521007,-0.01201052332158,0.0948776532570577,-0.126589591007686,0.899265235831357,0.94639600115484,"DENND6B"
"ENSG00000205609.13",38.0556928959168,0.0194498227150543,0.172486523862513,0.112761404656503,0.910219717748137,0.952218810315884,"EIF3CL"
"ENSG00000205611.5",153.352378448588,-1.13301257426067,0.226220521503845,-5.00844294199637,5.48721372242306e-07,4.71167432448968e-05,"LINC01597"
"ENSG00000205622.11",87.0168615731419,-0.954859535399854,0.196487258275748,-4.85965117422431,1.17592760273562e-06,8.41349866914142e-05,"AP001042.1"
"ENSG00000205628.4",40.1879564491227,0.778257575320262,0.449417594668271,1.73170250687385,0.0833265440777853,0.217577255868094,"LINC01446"
"ENSG00000205629.12",1298.0573179783,0.0393520958366845,0.0549089956927604,0.716678484831092,0.473572504382279,0.654027850350489,"LCMT1"
"ENSG00000205634.7",3.53107573354587,-0.496887442955447,0.441772955784574,-1.12475749465694,0.260691810728975,0.451893260704884,"LINC00898"
"ENSG00000205639.12",30.6232486992828,0.288204194513752,0.116720694278053,2.46917820611304,0.0135423758517289,0.0657239532407593,"MFSD2B"
"ENSG00000205642.10",1.92766092098703,-0.349641288010978,0.340308637765702,-1.02742407688077,0.304220819015499,0.497466784257516,"VCX3B"
"ENSG00000205643.11",326.10339230892,0.137954961033743,0.0690889028758918,1.99677452226386,0.045849682442336,0.147286132531136,"CDPF1"
"ENSG00000205644.5",1.80321346211198,-0.215402039859597,0.352829685418206,-0.610498630817536,0.541531550115062,0.709514047315096,"AC025186.1"
"ENSG00000205659.11",605.804427435089,-0.0893583172770917,0.0552639053560571,-1.61693815703703,0.105891630857205,0.253593012957051,"LIN52"
"ENSG00000205667.3",25.4039888282727,0.0331596124943637,0.22918464006699,0.144685143317943,0.884959469636453,0.938789052466429,"ARSH"
"ENSG00000205683.11",39.6532927846279,-0.136203627861499,0.124473429624501,-1.09423857181717,0.273850358651419,0.466405769929492,"DPF3"
"ENSG00000205693.4",7.21868719385759,-0.0864244248686784,0.173773212137162,-0.497340319637196,0.618949083503421,0.768212113450699,"MANSC4"
"ENSG00000205696.4",1.94013451146268,-0.597877943577019,0.440490732589329,-1.35729970994514,0.174685999471999,0.350034365357886,"ADARB2-AS1"
"ENSG00000205702.11",50.7250249606747,-0.420585268558074,0.155262611233864,-2.70886380961717,0.00675140469339294,0.0411032313901282,"CYP2D7"
"ENSG00000205704.7",9.9725034599018,0.169865587979682,0.20917380123175,0.812078697138,0.416746476020552,0.605355166935088,"LINC00634"
"ENSG00000205707.11",791.714077053716,-0.0188622940566933,0.0827969618955408,-0.22781384274088,0.819790964692552,0.901810691806018,"ETFRF1"
"ENSG00000205710.4",38.9630665045441,0.115120127499102,0.112767213043326,1.02086523549067,0.307318291856829,0.500760957849913,"C17orf107"
"ENSG00000205726.15",1546.38241289104,0.0503655212983516,0.0659093980332003,0.764162969186596,0.444770131125117,0.629551306235422,"ITSN1"
"ENSG00000205730.6",2615.60368109216,-0.00844828519105905,0.0793821538117695,-0.106425497235708,0.915244764085831,0.955061712293044,"ITPRIPL2"
"ENSG00000205740.2",48.3374719509917,-0.564661173937917,0.146336131595016,-3.85865860866549,0.000114011066206214,0.00242386361890388,"AL359878.1"
"ENSG00000205744.10",1259.30059540354,-0.0881836384194296,0.0756289137103551,-1.16600429773667,0.243612707856222,0.432380737960187,"DENND1C"
"ENSG00000205746.9",36.6734710040216,-0.234135981822281,0.128761977231811,-1.81836274073955,0.0690087091914122,0.192444718107053,"PKD1P4"
"ENSG00000205754.12",1.85419889633757,0.890711475416505,0.5632340947734,1.58142321937179,0.113781301869267,0.265685460087656,"SLCO1B7"
"ENSG00000205755.12",43.7304375899506,-0.032159933678102,0.214328118912632,-0.150049997365075,0.880725169553201,0.936355613146236,"CRLF2"
"ENSG00000205758.12",782.135665759866,-0.0417140610918093,0.0556409392121382,-0.749700880007958,0.45343487741288,0.636621573554886,"CRYZL1"
"ENSG00000205763.13",208.926327079306,-0.0427423197162346,0.0847378892555288,-0.504406235413114,0.613975937203627,0.765063348090914,"RP9P"
"ENSG00000205765.9",2141.86969848541,-0.147958910098653,0.0670463424399935,-2.20681553555402,0.0273269492472313,0.104238053287326,"C5orf51"
"ENSG00000205771.6",55.390579763545,-0.0983175180779176,0.0922705860963374,-1.06553477372807,0.286633998147725,0.479097373441535,"CATSPER2P1"
"ENSG00000205777.18",1.07919963251703,-0.242324874586232,0.8197463853972,-0.295609567669903,0.767528266089393,0.869539479014698,"GAGE1"
"ENSG00000205784.4",20.6232963188708,-0.290082163562205,0.128701375941484,-2.25391656802562,0.0242014171784625,0.096403180440602,"ARRDC5"
"ENSG00000205790.1",13.2020428014479,-0.188173389451647,0.126148125067691,-1.49168597908747,0.135781486446771,0.297660698510065,"DPP9-AS1"
"ENSG00000205791.3",38.7618671401005,-0.0926657593558794,0.102670776613009,-0.902552434225363,0.366763480946302,0.559505891273151,"LOH12CR2"
"ENSG00000205794.4",5.78016610166377,-0.162207932756903,0.16277439255227,-0.996519969839941,0.318997569108406,0.512740118202393,"AC098591.2"
"ENSG00000205795.4",364.783894590283,0.178586944269517,0.193950729064223,0.920785114503909,0.35716262807911,0.550509971140639,"CYS1"
"ENSG00000205808.7",530.66070331693,-0.0530009952953413,0.0718864019073899,-0.737288192050864,0.460947111367884,0.643299581307227,"PLPP6"
"ENSG00000205809.9",14.8527161756124,0.405529447805687,0.224638536693659,1.80525324716974,0.0710350620522683,0.19593788905602,"KLRC2"
"ENSG00000205810.9",2.89612292385383,0.199497580723463,0.228571868768459,0.872800234772341,0.382771971635655,0.574166580385937,"KLRC3"
"ENSG00000205832.7",15.0716885740816,-0.39295696206544,0.158034474365751,-2.48652683942867,0.0128996838871293,0.0635403426030766,"C16orf96"
"ENSG00000205835.9",6.80613175566393,-1.5436937283044,0.324606722935573,-4.75558150596525,1.97876004227419e-06,0.0001222242265073,"GMNC"
"ENSG00000205837.7",6.40303630508794,-0.415022427159898,0.204429943571954,-2.03014499690364,0.0423418028375975,0.139648206527169,"LINC00487"
"ENSG00000205838.14",33.1443952363677,-0.605519920409568,0.139758592232426,-4.33261319205733,1.47349862122757e-05,0.0005280644735902,"TTC23L"
"ENSG00000205846.4",23.7972484962024,0.223052116303242,0.203568039150042,1.09571284978994,0.27320445754845,0.465567692335596,"CLEC6A"
"ENSG00000205847.6",7.3231455865197,0.421604233375534,0.248981374324214,1.69331635557018,0.0903952665578282,0.229303701314098,"OR7E91P"
"ENSG00000205853.12",10.9473221195113,-0.372841302576705,0.14609226651772,-2.55209472386057,0.0107077402794832,0.0561582856214294,"RFPL3S"
"ENSG00000205869.2",42.3698183067812,-0.0321716776793698,0.165015035903403,-0.194962098473271,0.845422619247347,0.916152005079387,"KRTAP5-1"
"ENSG00000205871.5",58.0260149145869,0.1281279214296,0.120074074237847,1.06707398947586,0.28593842619911,0.478472454801636,"RPS3AP47"
"ENSG00000205885.7",225.393160816686,-0.189313701541514,0.111145141012358,-1.70330164519262,0.0885116328831064,0.226173750370501,"C1RL-AS1"
"ENSG00000205890.3",72.4995806462241,-0.178949968400296,0.159689595031355,-1.12061132326849,0.26245334300955,0.453985511966382,"AC108134.1"
"ENSG00000205903.7",1839.91878064639,0.0391282651414587,0.0836349295517599,0.467845974775922,0.639894740367073,0.783178280679397,"ZNF316"
"ENSG00000205913.7",69.7024870018751,0.0512891096918579,0.104663304648387,0.490039081645299,0.624106243960452,0.7724875150634,"SRRM2-AS1"
"ENSG00000205918.9",18.1678818713542,-0.124342823643506,0.119800380086953,-1.0379167708254,0.299308804971288,0.492287720774089,"PDPK2P"
"ENSG00000205922.5",4.01839592745531,1.38047967802813,0.294162172642218,4.69292045822348,2.69332230299821e-06,0.000153279964843965,"ONECUT3"
"ENSG00000205929.11",8.77987425688302,-0.105406202781286,0.201036205967428,-0.524314524709865,0.600059796131836,0.754296789997899,"C21orf62"
"ENSG00000205930.10",83.495461375399,-0.078103045931235,0.119118462828349,-0.655675401417681,0.512032999303353,0.686870752626723,"C21orf62-AS1"
"ENSG00000205937.12",6045.47571893161,0.161474881522432,0.0527696829665421,3.05999339857344,0.00221341870161913,0.0191356397904456,"RNPS1"
"ENSG00000205940.8",48.1807812823853,0.314853416806129,0.132839540383139,2.3701784566404,0.0177795013221878,0.0789981232509807,"HSP90AB2P"
"ENSG00000205955.4",4.91970655418164,-0.1879553701147,0.144985057937656,-1.29637752185139,0.194845452386502,0.374472645979554,"HSP90AA5P"
"ENSG00000205959.4",34.4387807416744,-0.122736808748695,0.117037114894049,-1.04869988344984,0.294316267919328,0.48691470422571,"AC105345.1"
"ENSG00000205978.6",2191.83012654718,0.0174407472551673,0.118576249935584,0.14708465872923,0.883065198736019,0.937778953508382,"NYNRIN"
"ENSG00000205981.8",1009.79284324121,0.0461236019946089,0.0610546527420181,0.755447781997888,0.4499803525919,0.633722329900259,"DNAJC19"
"ENSG00000206013.2",7.98598642883239,-0.283449498322352,0.299494116945803,-0.946427600024097,0.343930533564696,0.53727849352334,"IFITM5"
"ENSG00000206014.7",1.19387906113378,-0.0800734573774476,0.407596742065677,-0.196452643295528,0.84425589553321,0.915414803126108,"OR7E161P"
"ENSG00000206026.7",0.618465763190608,0.673298659457787,0.600671949180323,1.12090910916778,0.262326553071404,0.453860517144222,"SMIM21"
"ENSG00000206043.7",8.6923272158717,-0.669263772837028,0.302032219687971,-2.21586880210477,0.0267004887278695,0.102648888131288,"C18orf63"
"ENSG00000206052.11",248.924948417193,-0.189687927131002,0.162415475110548,-1.16791781695611,0.242839916578055,0.431423123939872,"DOK6"
"ENSG00000206053.13",6868.25162884481,0.165094253365482,0.074577351009391,2.21373179834039,0.0268472341440104,0.103022702438513,"JPT2"
"ENSG00000206069.6",4.07661200508853,0.334986811751,0.229499757858493,1.4596390640096,0.144389297220421,0.309579654325057,"TMEM211"
"ENSG00000206072.13",15.1649532208296,-1.71853304645124,0.442709517383472,-3.8818524991471,0.000103663750759561,0.00225087144883004,"SERPINB11"
"ENSG00000206073.11",82.3813596457995,0.171517906539373,0.374260006270175,0.458285426350247,0.646747393021355,0.788143121287945,"SERPINB4"
"ENSG00000206075.14",898.197662295535,0.708341446599283,0.322341030203244,2.19749079461791,0.0279854131978181,0.105756908240063,"SERPINB5"
"ENSG00000206077.13",457.792589987237,-0.833298723880839,0.199570732502684,-4.17545555618799,2.97390313503958e-05,0.000886393527975584,"ZDHHC11B"
"ENSG00000206113.11",48.4447237132521,-0.574883913839547,0.17108858609898,-3.36015351431427,0.000778991741567217,0.00922039414319024,"CFAP99"
"ENSG00000206120.11",11.4634832298646,-0.198393989940971,0.241210437616202,-0.82249338752348,0.410796148546272,0.599905087005484,"EGFEM1P"
"ENSG00000206127.11",4.37173799699722,-0.138247141766561,0.154488664671354,-0.894869161181864,0.370857033791391,0.563224436080248,"GOLGA8O"
"ENSG00000206140.11",17.7065922419454,0.217759194135558,0.127674714544345,1.70557807716832,0.0880866639737635,0.225503214431258,"TMEM191C"
"ENSG00000206144.5",0.791461715784288,-1.18560392881127,0.542489660177992,-2.18548668452459,0.0288531812070829,0.107872988425313,"MAPK6P1"
"ENSG00000206145.8",1.34598796442952,0.220906100692739,0.315088853983862,0.701091447379643,0.483245947422749,0.662551066669766,"P2RX6P"
"ENSG00000206147.5",4.39638931454096,0.0720336515405711,0.158167419322921,0.455426609657861,0.648802355239808,0.789725680498645,"RPL23AP57"
"ENSG00000206149.10",261.889850035535,-0.322568266296277,0.100604193816371,-3.20631033418992,0.00134448904386744,0.013530230659677,"HERC2P9"
"ENSG00000206159.11",28.5180604653365,0.0449509374570262,0.457672333523385,0.0982164185258303,0.921760445399278,0.958735683985072,"GYG2P1"
"ENSG00000206172.8",15.1087560820204,0.358653671665563,0.278090741099767,1.28970015415542,0.1971547860598,0.3773857964404,"HBA1"
"ENSG00000206181.6",2.21097537994126,-0.435244801183166,0.326933792866146,-1.33129340154006,0.183092488542049,0.360393651473953,"ELOA2"
"ENSG00000206187.4",2.24463532137809,-0.274096020662595,0.296707788115441,-0.923791122584052,0.355595078090557,0.549136181403077,"LINC02346"
"ENSG00000206190.12",1495.59648452499,0.20669919855579,0.134126246739631,1.54107942017522,0.123297457897022,0.279696845141677,"ATP10A"
"ENSG00000206192.7",1.52437225228487,-0.235826391138412,0.460618814594278,-0.511977330639723,0.608666875221383,0.760975600515227,"ANKRD20A9P"
"ENSG00000206195.11",185.063103749828,-0.0404519487167285,0.197612725422491,-0.204703156794398,0.837804053872272,0.911707412129372,"DUXAP8"
"ENSG00000206199.11",45.3428377157345,-1.24054380965325,0.257450695997482,-4.81856848297426,1.44591896426301e-06,9.79955724417737e-05,"ANKUB1"
"ENSG00000206228.4",14.3796970435844,-0.104745970569416,0.133984985029777,-0.781773946880223,0.434347434799584,0.620232860681216,"HNRNPA1P4"
"ENSG00000206262.9",5.40518979307444,0.859758374862938,0.362427670865607,2.37222056696038,0.0176815319490415,0.0786783270755733,"FOXL2NB"
"ENSG00000206337.12",2901.23849691257,0.091371748057301,0.105534784779295,0.865797454823897,0.386601245191368,0.577853787202847,"HCP5"
"ENSG00000206341.7",1917.02060389775,0.25078605940277,0.121810942887267,2.05881387548954,0.0395120719322764,0.133571264139841,"HLA-H"
"ENSG00000206344.7",75.4272845928253,-0.223630653980167,0.11844149053528,-1.88811077072315,0.0590110812085053,0.173587788948678,"HCG27"
"ENSG00000206384.10",565.20909547522,-0.429260041883791,0.208412171026708,-2.05966877927096,0.0394302160432618,0.133396014909899,"COL6A6"
"ENSG00000206417.8",85.2113231800513,-0.221452952436591,0.114685917614497,-1.93095156792467,0.0534890420921444,0.162735143779015,"H1-10-AS1"
"ENSG00000206418.4",1608.79939793162,0.140640892247444,0.062368335809574,2.25500472991383,0.0241330318947851,0.0961883192712893,"RAB12"
"ENSG00000206432.4",81.2724332175562,-0.0160980371650268,0.168939180663082,-0.0952889501526076,0.924085319217281,0.960133961635956,"TMEM200C"
"ENSG00000206503.13",62967.1637224754,0.209110420511414,0.102472165225072,2.04065582153084,0.0412850494727762,0.137428959769954,"HLA-A"
"ENSG00000206527.10",3583.7868379718,0.175667854658857,0.0692201417701079,2.53781414147173,0.0111547206459432,0.0577557900056314,"HACD2"
"ENSG00000206530.11",446.716628307448,-0.437363009655421,0.122058260857202,-3.58323153700429,0.000339369537315168,0.0052308472249231,"CFAP44"
"ENSG00000206531.10",3.38860559654494,-0.773397954367195,0.266096123491666,-2.90646080904451,0.00365542686425071,0.0270464044449442,"CD200R1L"
"ENSG00000206535.8",136.526233024233,-0.0907720531188195,0.0869870277539273,-1.04351252666776,0.296710982220135,0.489439542559043,"LNP1"
"ENSG00000206538.9",1532.91993623126,0.470419676446406,0.159653843548212,2.94649766013525,0.00321394850644423,0.0248034278222179,"VGLL3"
"ENSG00000206549.13",7.67066374204507,0.10691586573217,0.243843029938297,0.438461848834572,0.66105152033199,0.798794579936591,"AC109583.1"
"ENSG00000206557.6",71.9181206806785,-0.517947091085661,0.263098175408658,-1.9686456976798,0.0489937910583995,0.153650177628796,"TRIM71"
"ENSG00000206559.8",33.6369630221949,-0.0925090585959327,0.0924478771443136,-1.00066179401311,0.316990344285472,0.510945207907429,"ZCWPW2"
"ENSG00000206560.11",2530.3027945707,-0.0738100686384214,0.0740290106147311,-0.997042484095199,0.318743888886159,0.512456069764676,"ANKRD28"
"ENSG00000206561.13",54.3345007524867,-0.0980421117284339,0.107714744190924,-0.910201407104069,0.362716302227615,0.555751017076902,"COLQ"
"ENSG00000206562.12",577.941023245465,0.0265854450924746,0.0484752467877965,0.548433414044371,0.58339433823102,0.741616941684817,"METTL6"
"ENSG00000206567.10",180.967517652944,-0.0146892622551854,0.094597947621711,-0.155280982563454,0.876599807474169,0.934009310874329,"AC022007.1"
"ENSG00000206573.9",804.838034147457,-0.336131746026633,0.094854913461422,-3.54364084854012,0.000394642448749601,0.00577277286740794,"THUMPD3-AS1"
"ENSG00000206579.9",28.9580178765502,-0.291688315561526,0.21871806375084,-1.33362700162622,0.18232612919257,0.359392218530165,"XKR4"
"ENSG00000206585.1",7.2821960941949,-0.640008844793819,0.397545128043448,-1.60990237245185,0.107419170995615,0.256064200373925,"RNVU1-7"
"ENSG00000206592.1",0.888395397450886,-0.535728425075849,0.584948076519305,-0.915856375259263,0.359742230321828,0.552873474315867,"AC016559.1"
"ENSG00000206596.1",1.47671182387381,-0.0306847750738155,0.694090920577333,-0.0442085815620415,0.964738141645523,0.982513909703442,"RNU1-27P"
"ENSG00000206603.1",4.08759135300295,-0.477661162905089,0.257859072645541,-1.85241169916753,0.0639667266084919,0.183195202492604,"SNORA22B"
"ENSG00000206605.1",1.06237747655646,-0.677469056697758,0.901199401206591,-0.751741574384885,0.452206483539695,0.635559379905537,"RNU6-946P"
"ENSG00000206612.1",10.2446738966914,-0.523007057580241,0.19645533166922,-2.6622186994693,0.00776274236049447,0.045143228193527,"SNORA2A"
"ENSG00000206623.1",1.14353230708808,-1.09925863443938,0.581543678846145,-1.89024259814919,0.0587255219126788,0.173045683892915,"RNU6-979P"
"ENSG00000206633.1",7.72512048502629,-0.812855262610659,0.307126211590678,-2.64664894083996,0.00812936974257749,0.0466237910145792,"SNORA80B"
"ENSG00000206634.1",13.6348812427208,-1.86378379293286,0.276608216608104,-6.73799142985492,1.60591038381159e-11,1.33663936020598e-08,"SNORA22"
"ENSG00000206635.1",1.5483758251754,-1.04981806681029,0.707026524525439,-1.48483547702108,0.137587411525714,0.299887151831767,"RNU6-1062P"
"ENSG00000206647.1",2.30398104209719,-0.627899889741701,0.272948935643914,-2.30042988905754,0.0214238771134428,0.0889052877945262,"AC007240.1"
"ENSG00000206650.1",2.53535292213605,-1.7235481960688,0.495282752200987,-3.47992775522572,0.000501549008855493,0.00677406537599429,"SNORA70G"
"ENSG00000206651.1",2.06143258814842,-1.31550839698799,0.289228881158887,-4.54832999981533,5.40732980196796e-06,0.000254841830087526,"Y_RNA"
"ENSG00000206654.1",2.45485242304192,-1.56861445762142,0.683243780213145,-2.29583422937574,0.0216853614867535,0.0896635295552016,"RNU6-608P"
"ENSG00000206687.1",1.1348815095849,-0.765362084981424,0.859883332238347,-0.890076660736199,0.373424724128052,0.565495990011155,"RNU1-109P"
"ENSG00000206699.1",1.0901776150122,-2.15544397496355,0.984959240231097,-2.18835855020541,0.0286434950672206,0.107342174839371,"Y_RNA"
"ENSG00000206702.1",3.30880530982225,-0.0434212749484571,0.811282841494626,-0.0535217469513618,0.957316203918754,0.978236652560299,"RNU1-11P"
"ENSG00000206712.1",5.11146110315422,0.137282141898676,0.216250372144154,0.634829621505404,0.52553954188127,0.697336254409748,"RNU6-26P"
"ENSG00000206715.1",1.50457347657005,-1.15627675748926,0.512436428658769,-2.25642966194977,0.0240437357463163,0.0959357735141549,"RNU6-444P"
"ENSG00000206728.1",3.91996725521587,-0.533020219575303,0.266264591546225,-2.00184416741258,0.0453014940373277,0.146287356060597,"Y_RNA"
"ENSG00000206732.1",0.848584910427501,-0.631397499985295,0.864069821205861,-0.730725092451606,0.464947085664948,0.646648981662758,"RNU6-936P"
"ENSG00000206734.1",0.756468347527185,0.306474235901021,0.626933070367807,0.48884681696759,0.624950150092145,0.773187118060861,"Y_RNA"
"ENSG00000206737.1",1.37552508471082,-0.254351512291834,1.25763745947988,-0.202245496406433,0.83972480695727,0.912731243814182,"RNVU1-18"
"ENSG00000206738.1",1.10461308081617,-1.32558563311304,0.792622878431826,-1.67240395045834,0.094444693643989,0.235973522363176,"Y_RNA"
"ENSG00000206739.1",4.41302008516255,-0.448541698948409,0.2344962266469,-1.91278855682319,0.0557751266908897,0.167139630325814,"Y_RNA"
"ENSG00000206754.1",8.115984531641,-0.15267653946918,0.136551894871615,-1.11808437087398,0.263530960851153,0.455147131520591,"SNORD101"
"ENSG00000206755.1",1.32452975124239,-0.378585486535033,0.484244977434811,-0.781805706154171,0.434328767080939,0.620232860681216,"SNORA30"
"ENSG00000206756.1",1.64874333370828,-2.50010399706922,0.612243272697622,-4.08351403528444,4.43597487427669e-05,0.00120210452021126,"Y_RNA"
"ENSG00000206762.1",13.9852281057183,-0.332902255042334,0.203476585175588,-1.63607156447539,0.101824610617554,0.247340344468862,"RNU6-418P"
"ENSG00000206768.1",1.25152282568771,-0.239946413540499,0.445996696363113,-0.538000428023673,0.590576753093103,0.747277851456917,"Y_RNA"
"ENSG00000206779.1",1.81586255745768,-0.858328823438652,0.654862597487284,-1.31070063664053,0.189958923512849,0.368678001662195,"Y_RNA"
"ENSG00000206784.1",1.33356381982804,-0.949367139145903,0.878486798726845,-1.08068458230879,0.279837443576092,0.472493559639863,"Y_RNA"
"ENSG00000206819.1",1.21469504865388,-0.9418180376338,0.85153839225552,-1.10601946570976,0.268718094114494,0.460539045987534,"RNU6-260P"
"ENSG00000206828.1",4.40370315232491,-0.22517270684048,0.230554479355029,-0.976657263265483,0.328738859495039,0.52234538486939,"RNVU1-30"
"ENSG00000206838.1",9.98847286286224,-0.683400657403275,0.219575710073746,-3.11236911028888,0.00185592292373257,0.0170406072531243,"SNORA5A"
"ENSG00000206847.1",1.28885954479242,-1.41631768410715,0.49928968407144,-2.83666522520121,0.00455873841215894,0.0314339803196937,"Y_RNA"
"ENSG00000206848.1",2.60372873408667,-0.500104067449572,0.341726147180234,-1.46346444829054,0.143340334804829,0.30820393739713,"RNU6-890P"
"ENSG00000206859.1",2.37968291427193,-0.505291794221219,0.323152841590514,-1.56363097949021,0.117904255203204,0.271772361054183,"RNU6-767P"
"ENSG00000206875.1",2.12984285184509,-0.69329377555065,0.430313165918798,-1.61113772587074,0.107149707289096,0.255558077568299,"RNU6-761P"
"ENSG00000206878.1",3.60900301071791,-0.109117051305785,0.295933657575052,-0.3687213282866,0.712335449543682,0.833837949823815,"AL713899.1"
"ENSG00000206899.1",0.965207778516092,-1.3480086882422,0.484819213045757,-2.78043578300799,0.00542859952591973,0.0354034013744262,"RNU6-36P"
"ENSG00000206903.1",1.95614552042809,-0.267654963311541,0.374745932487179,-0.714230469521371,0.475084678743864,0.65538220806412,"SNORA24B"
"ENSG00000206913.1",6.63957792324931,-0.271196618230064,0.13475322877214,-2.01254263590701,0.0441627669871483,0.143823828749206,"AP000577.1"
"ENSG00000206932.1",1.16841983769397,0.000875341520419956,0.485792650016242,0.00180188300582706,0.998562306147257,0.999192560067343,"RNU6-4P"
"ENSG00000206936.1",2.29586439705296,0.0555232097355374,0.228359167550993,0.243139832444603,0.807897075043658,0.894134085615692,"RNU4-52P"
"ENSG00000206938.1",0.875316631382431,-0.163412642941591,0.696700068157154,-0.234552356760687,0.8145561917393,0.89851631076723,"RNU4-31P"
"ENSG00000206976.1",1.56207267634413,-0.962907810392126,0.52982011786753,-1.81742402358696,0.0691522120232986,0.192643677925837,"AC087441.1"
"ENSG00000206985.1",1.32254995292314,-0.154164078881274,0.757110577509301,-0.203621615469215,0.838649200314153,0.912152320778013,"RNU6-198P"
"ENSG00000206992.1",4.85904805977804,-0.394204136290098,0.169688232615698,-2.32310826869694,0.0201733368938909,0.0857109373670634,"RNU6-574P"
"ENSG00000207003.1",4.97164773182665,-0.368627831902591,0.187118112785623,-1.97002752119951,0.0488352165079326,0.153369574870163,"RNU6-611P"
"ENSG00000207005.1",1.47773253772424,-2.40537585571301,0.810762729074391,-2.96680615604902,0.00300910608154569,0.0236962755833409,"RNU1-2"
"ENSG00000207008.1",12.0434635864517,0.110228134769565,0.521893349801884,0.211208161229509,0.8327248426609,0.908753058985353,"SNORA54"
"ENSG00000207009.1",1.35831615270615,-0.193352698699841,0.285425539671604,-0.677419052696906,0.498140113215862,0.674965560591579,"Y_RNA"
"ENSG00000207021.1",2.69572867833376,-0.764138767368981,0.252943339433946,-3.02098789823453,0.00251951429701674,0.0210178375070354,"Y_RNA"
"ENSG00000207034.1",3.77573186009227,-1.08937074372734,0.279254599775205,-3.90099480762096,9.57982058873884e-05,0.0021386767553753,"Y_RNA"
"ENSG00000207036.1",1.13627359145495,-0.82278947299213,0.65372537203367,-1.25861639794172,0.208168921232382,0.390102887233462,"RNY3P14"
"ENSG00000207041.1",1.08015265286097,-0.462256634591286,0.552762760814328,-0.836265876359491,0.403005345563101,0.592792125555904,"RNU6-3P"
"ENSG00000207042.1",1.86626748794695,-0.142981518102297,0.3363916320563,-0.425044812287028,0.670804007622861,0.80589917096521,"RNU6-196P"
"ENSG00000207082.1",1.1355684957489,-1.30282398914754,0.714517073590843,-1.82336299201379,0.0682484315261835,0.190876598689619,"RNU6-171P"
"ENSG00000207086.1",1.14180381365891,-1.74198319428235,0.594503205114347,-2.93014937395887,0.00338799099548006,0.025752599135278,"Y_RNA"
"ENSG00000207088.1",8.25627320736548,-2.39844301029809,0.271671166947163,-8.82847833007085,1.06109395727568e-18,3.92522234661991e-15,"SNORA7B"
"ENSG00000207091.1",0.978599797919183,-1.24332797879863,0.849552284311605,-1.46350966474782,0.143327971008082,0.308197257558101,"Y_RNA"
"ENSG00000207092.1",1.26332433568259,-2.26842325937991,0.673138931910857,-3.36991838065357,0.000751904512795564,0.00902095745747845,"Y_RNA"
"ENSG00000207109.1",1.29048041311863,-0.368343604945556,0.581157456974742,-0.63381033922028,0.526204604845556,0.697628806746202,"SNORD38C"
"ENSG00000207117.1",2.59917595231901,-1.14652735283865,0.440790256098354,-2.60107236259511,0.00929328489073798,0.0510647522474566,"Y_RNA"
"ENSG00000207136.1",1.06616100925517,-2.11943440283195,1.04052409799708,-2.03689122328995,0.041660943852569,0.138211580833359,"RNU6-769P"
"ENSG00000207139.1",1.87648792083688,-3.59433415051568,1.01613854269519,-3.53724812069635,0.000404319633844798,0.00584799223547079,"Y_RNA"
"ENSG00000207146.1",3.08918233931574,-0.00351817971243079,0.240954908584669,-0.014600987932124,0.988350511081482,0.994143435313326,"Y_RNA"
"ENSG00000207175.1",6.6470489757014,0.0763019735964399,0.244128011940068,0.312549031100829,0.754623306513407,0.86095999944316,"RNU1-67P"
"ENSG00000207181.1",8.67646793039083,-0.23411601715996,0.236783067870855,-0.98873631153242,0.322792171920693,0.516484575198511,"SNORA14B"
"ENSG00000207199.1",2.09335599833971,-0.392948658638048,0.700518007084928,-0.560940125255637,0.574838355044308,0.734942452405975,"SNORD38D"
"ENSG00000207205.1",5.02730814976108,-0.409858739814171,0.26325300731143,-1.55690050419559,0.119494109741405,0.274102066668086,"RNVU1-15"
"ENSG00000207217.1",4.15634437047082,-0.820834495400401,0.259003652616655,-3.1692004614904,0.00152858927638513,0.0147682306380412,"SNORA80D"
"ENSG00000207223.1",1.24784218743186,-1.02232129527592,0.487843941247379,-2.09559084132914,0.0361185023714604,0.125586767566896,"Y_RNA"
"ENSG00000207233.1",4.32529594220976,-1.8150431443601,0.466674385507402,-3.88931383578434,0.000100528049224249,0.00221501015408533,"SNORA37"
"ENSG00000207248.1",3.06021067129583,-0.596112374816656,0.311062860561802,-1.91637270273936,0.0553176728128288,0.166292666452145,"RNU6-1005P"
"ENSG00000207258.1",2.81148605945216,-1.39448899523156,0.377998818280987,-3.68913585913637,0.000225017041531428,0.00391405034676376,"Y_RNA"
"ENSG00000207286.1",1.23983401129537,-0.558726668852696,1.0312638505684,-0.541788280995928,0.587964365402147,0.745000828989712,"Y_RNA"
"ENSG00000207296.1",9.92255851903072,-1.23154661980833,0.551495864817144,-2.2331021833077,0.025542206670997,0.099832905223938,"RNU6-140P"
"ENSG00000207298.1",1.02711922228023,-1.52086300232491,1.01817848780718,-1.49370962020652,0.135251532983075,0.296831198919283,"RNU6-83P"
"ENSG00000207313.1",2.99316108569613,-0.838990030173259,0.34660505668998,-2.42059373912623,0.0154951836650896,0.0718797756391009,"SNORA2B"
"ENSG00000207322.1",1.51190444231027,-0.746164628892082,1.46257485073691,-0.510171926254669,0.609931018334641,0.761750700308943,"RNU1-89P"
"ENSG00000207326.1",1.90133410672219,-2.3242329743372,0.613806697579329,-3.78658783539392,0.000152730123767016,0.00295537668183776,"Y_RNA"
"ENSG00000207327.1",2.86180402162857,-0.0307874223858798,0.237083105670116,-0.129859199789285,0.896677824731242,0.945178168484746,"RNU6-883P"
"ENSG00000207340.1",4.89486361339466,-0.0593500264123405,0.253384033392275,-0.234229543265886,0.814806780658776,0.898658641473079,"RNVU1-1"
"ENSG00000207342.1",3.4752642994344,-0.321957943256412,0.217149664237214,-1.4826545755314,0.138166209116113,0.300415856851015,"Y_RNA"
"ENSG00000207344.1",4.5452617219935,-1.32954733646717,0.403881398301765,-3.29192515936023,0.000995040875217512,0.0109913390373645,"SNORA22C"
"ENSG00000207357.1",1.60231149288445,-0.0693164206324305,0.331940548911188,-0.208821793118672,0.83458735792453,0.909992519114268,"RNU6-2"
"ENSG00000207359.1",5.16991974306952,-0.224251411850139,0.145066746635267,-1.54584987291376,0.122140829041939,0.278046811712361,"RNU6-925P"
"ENSG00000207368.1",1.36249512797822,-1.62969283334186,0.774276961296201,-2.10479313579681,0.0353093189494174,0.123560348516182,"Y_RNA"
"ENSG00000207370.1",2.63925750891048,-2.10874275581636,0.372626461764954,-5.65913313248944,1.52139502600877e-08,3.33235556584934e-06,"Y_RNA"
"ENSG00000207385.1",0.90625695272348,-1.72669438729283,1.00933309393168,-1.71072800215715,0.0871313359217413,0.224075863302611,"RNU6-310P"
"ENSG00000207392.1",3.34470161017028,-1.688156451706,0.416329044421648,-4.05486111124228,5.01640997464131e-05,0.00131920487587467,"SNORA20"
"ENSG00000207425.1",35.8451948351224,-0.136974586663493,0.135286456719803,-1.01247818876051,0.31130947023629,0.505274479126359,"Y_RNA"
"ENSG00000207438.1",1.86001904450408,-0.313444319314773,0.37019197401742,-0.846707495878945,0.397158179579269,0.587618312715874,"Y_RNA"
"ENSG00000207444.1",1.60903064443108,-1.44447441304659,0.844364217520919,-1.71072433325943,0.0871320135258343,0.224075863302611,"SNORD56B"
"ENSG00000207445.1",11.2786636404697,-0.0695409413366334,0.225069392493119,-0.30897555889906,0.757340118946032,0.862788276076862,"SNORD15B"
"ENSG00000207452.1",1.67573589012358,-1.18633642217237,0.595524968445729,-1.99208510982942,0.0463617204230183,0.148344138206973,"RNU6-606P"
"ENSG00000207468.1",2.5430908486669,-1.17551322785709,0.354986555337406,-3.31143027864759,0.000928203666017871,0.0104400961664638,"SNORA19"
"ENSG00000207475.1",6.51483565574988,-0.94174466275425,0.273209791484703,-3.44696527030211,0.000566921454861698,0.00735706276488895,"SNORA80E"
"ENSG00000207484.1",2.07800105463131,-0.396439907382773,0.443243290680333,-0.894407012397814,0.371104161903593,0.563365594923,"Y_RNA"
"ENSG00000207490.1",1.13154946558241,-2.45438953555425,0.826992056279087,-2.96785140427753,0.00299889270146481,0.0236312744875427,"RNU6-987P"
"ENSG00000207493.1",3.26489149322343,-1.5505056857705,0.439429918474994,-3.52844815653745,0.000418003816763699,0.00598167531209448,"SNORA46"
"ENSG00000207497.1",1.76475698071933,-0.735591806719219,0.353801094472632,-2.07911116786022,0.0376071338637719,0.129084137736213,"Y_RNA"
"ENSG00000207507.1",0.7445477165741,-0.193546775490679,0.418017975748195,-0.463010651980352,0.643356731916166,0.785682476549223,"RNU6-9"
"ENSG00000207508.1",1.66858774596021,-1.19641148188617,0.626954247645592,-1.90829153224349,0.0563535468376649,0.168372847066892,"RNU6-1237P"
"ENSG00000207523.1",14.3052634194487,-0.445307418457065,0.157406344035347,-2.82903094653585,0.00466891840246125,0.0319248922516209,"SNORA66"
"ENSG00000207547.1",16.7767095031096,-0.355358128883925,0.148857719006794,-2.38723346867694,0.0169757069547,0.0764856953635484,"MIR25"
"ENSG00000207554.1",22.4064791121586,-0.359810109381639,0.142025368372134,-2.53342141270753,0.0112955065261622,0.058222836162799,"MIR647"
"ENSG00000207561.1",23.406580331058,-0.224197252848433,0.0789378316483666,-2.84017496005126,0.00450887967597741,0.0312198747376574,"MIR635"
"ENSG00000207563.1",3.25452115781537,-0.304285015654389,0.256750771701182,-1.18513768678573,0.235963012524084,0.423248562898783,"MIR23B"
"ENSG00000207583.1",0.964893031844062,-2.13959895475978,1.00947688172101,-2.1195125846885,0.0340471713504943,0.120358088317265,"MIR606"
"ENSG00000207590.1",1.63556920721644,-0.507825187629231,0.417681767412928,-1.21581842265857,0.224054099307175,0.408848074992259,"MIR215"
"ENSG00000207595.1",1.67703199736416,-1.2109293735353,0.617009152885828,-1.96257927110422,0.0496950812905123,0.155090937871701,"MIR181A2"
"ENSG00000207606.1",2.40024229912997,0.0170517095037584,0.353699835145031,0.0482095489153014,0.961549240104046,0.98063589679228,"MIR554"
"ENSG00000207607.3",4.17730978856113,0.0372587716301172,0.216053892353959,0.172451286223886,0.863082755489003,0.927072565849182,"MIR200A"
"ENSG00000207612.1",1.86262002242621,-0.859904111341622,0.499813303019535,-1.72045062855803,0.0853505607850639,0.221013939505105,"MIR604"
"ENSG00000207624.1",1.37098923610909,-1.11554136379058,0.457000445624971,-2.44100716852699,0.0146463640310778,0.0691857828726836,"MIR194-1"
"ENSG00000207626.1",0.95200126681244,-1.83011335534071,1.08521085070012,-1.68641269497076,0.0917163379499465,0.231417761317832,"MIR562"
"ENSG00000207627.1",1.8404270355196,-0.9800282889597,0.417150681359698,-2.34933881868611,0.018806784619599,0.0818904368742229,"MIR581"
"ENSG00000207642.1",1.82794407384384,-0.431220029651435,0.349964174367195,-1.23218335257078,0.217880600498928,0.401700012870241,"MIR571"
"ENSG00000207650.1",31.5138303814878,-0.215625334647024,0.152431840418773,-1.41456885946296,0.157194944554597,0.327072638032046,"MIR570"
"ENSG00000207697.1",10.0014970689588,-0.0724806073725241,0.157046637676887,-0.461522821785258,0.6444235517665,0.786552528099208,"MIR573"
"ENSG00000207719.1",1.35249246260733,-0.136477625184034,0.392238948079292,-0.347945113182501,0.727881404146578,0.843809171219472,"MIR623"
"ENSG00000207721.1",20.4142691300916,-0.360445988087749,0.170772707390325,-2.11067677965601,0.0348001031777066,0.122240961710845,"MIR186"
"ENSG00000207730.3",2.25173822569427,0.0596652790043207,0.236224915837857,0.252578263358445,0.800594128817659,0.89018831932862,"MIR200B"
"ENSG00000207737.1",1.88362167310205,-0.161347938283424,0.431618349957063,-0.373820849598899,0.708537606530667,0.831078866059241,"MIR181B2"
"ENSG00000207741.1",9.46581943447672,-0.182884598489067,0.155166659313931,-1.17863334364283,0.238544208352605,0.426110759130984,"MIR590"
"ENSG00000207750.1",2.63701143123171,-1.21887184204191,0.307286509640172,-3.96656476546657,7.29159684026366e-05,0.00176167731206747,"MIR553"
"ENSG00000207751.3",8.76097048582528,-0.294134966629107,0.176583551133184,-1.66569855879307,0.0957734691904678,0.238162546160143,"AP000553.1"
"ENSG00000207766.1",0.975326587900504,-0.946734360859423,1.04042015031986,-0.909953887925338,0.362846828699188,0.555822018256665,"MIR626"
"ENSG00000207813.1",0.916845635275343,-1.41976536932219,1.14212601385478,-1.24308994988246,0.213834688830299,0.396789560541028,"MIR605"
"ENSG00000207821.1",1.11672994487909,-0.0203503200994843,0.839135801688483,-0.0242515216947435,0.980651981827694,0.990514838822735,"MIR640"
"ENSG00000207864.3",5.66141258472812,-0.035696165996832,0.226932581944403,-0.157298549599975,0.875009563281827,0.933266111736682,"MIR27B"
"ENSG00000207870.1",7.34655067505805,-0.315174608808987,0.199970805931628,-1.57610310835446,0.115002042824496,0.267488756027798,"MIR221"
"ENSG00000207923.1",10.8317965383614,-0.438004843898762,0.166345657181191,-2.63310056493791,0.00846092911720459,0.0479505934900798,"MIR559"
"ENSG00000207930.1",0.999542993266262,-0.982278690676508,0.800401204143797,-1.22723289968969,0.219735067263245,0.404045045531604,"MIR603"
"ENSG00000207938.1",0.932606486747401,-0.22167259294667,0.794775169406473,-0.278912328265378,0.78031210724808,0.878141258335936,"MIR511"
"ENSG00000207951.1",1.80456582112149,-0.112854463243601,0.437025994307596,-0.258232839038334,0.796227215274853,0.887766461135197,"MIR561"
"ENSG00000207952.1",2.13610239956261,-2.00788345630331,0.580799338352265,-3.45710355318189,0.000546014987995082,0.007156880706819,"MIR624"
"ENSG00000207956.1",2.29740791451953,-0.357298959982031,0.272448745009927,-1.31143551411482,0.189710666960169,0.368415110967515,"MIR579"
"ENSG00000207967.1",1.08570112747352,-0.776441483464209,1.10743288448935,-0.701118319980386,0.48322917825703,0.662551066669766,"MIR620"
"ENSG00000207973.1",5.10280467166945,0.0169078678968462,0.131028006634052,0.129040106242845,0.89732591391179,0.945460840935034,"MIR589"
"ENSG00000207982.1",0.656640354724904,-1.92424110328821,1.01904331860848,-1.88828194851991,0.0589881093788482,0.173580619193034,"MIR548B"
"ENSG00000207988.1",1.19063264309424,-0.671819743669028,0.700641164656601,-0.958864219744071,0.337627151907818,0.531094768177037,"MIR576"
"ENSG00000207997.1",2.20503715832579,-1.53707957332975,0.521377327027846,-2.94811357082212,0.00319719582624001,0.0247247377372144,"MIR644A"
"ENSG00000208002.1",1.91261745390859,-0.0791554641361163,0.308053294256924,-0.256953798618036,0.797214439141429,0.888073154555811,"MIR643"
"ENSG00000208025.1",0.833195569845428,-1.14383663500346,0.870560758777849,-1.31390787313829,0.188877208896024,0.367327309477907,"MIR591"
"ENSG00000208028.1",5.36895645276245,-0.184030690968628,0.163168420153349,-1.1278572826511,0.259380196901759,0.450401827333617,"MIR616"
"ENSG00000208308.1",1.96392919992557,-1.07789036493304,0.720174590773392,-1.49670701902368,0.134469509100088,0.29591129890066,"SNORA40B"
"ENSG00000208772.1",20.006975500491,-0.340580895165272,0.185973184423228,-1.83134410598786,0.0670491983211149,0.188759844400502,"SNORD94"
"ENSG00000208892.1",10.4732051801686,-5.15557718692917,0.549708431291813,-9.37874861190245,6.67603428333309e-21,7.40884031316695e-17,"SNORA49"
"ENSG00000209042.1",3.27471918695866,-0.133842963120066,0.250978410510546,-0.533284766796473,0.593836470921338,0.749566254512744,"SNORD12C"
"ENSG00000209082.1",12.5419234974802,0.00510797907583632,0.172890609769047,0.0295445720427485,0.976430271092421,0.988124046794127,"MT-TL1"
"ENSG00000209482.1",6.03971023840173,-0.125948336065949,0.158758171627622,-0.793334508546555,0.427582956433194,0.614819010474662,"SNORD83A"
"ENSG00000210049.1",4.60362829488048,-0.110593989519025,0.193028077459048,-0.572942501292273,0.566683626233496,0.728862196955448,"MT-TF"
"ENSG00000210077.1",2.49125138889918,-0.478811880950011,0.327147058438414,-1.46359830724307,0.143303735353332,0.308184953240648,"MT-TV"
"ENSG00000210082.2",254948.293990016,0.147735488487839,0.105244143336266,1.40374070997764,0.160396075079185,0.331207996502594,"MT-RNR2"
"ENSG00000210112.1",3.40410589204284,0.17419412179253,0.265823487939231,0.655299962930108,0.512274644672909,0.687036088811947,"MT-TM"
"ENSG00000210140.1",17.3250005357179,-0.25376037065706,0.141904099422618,-1.78825257120523,0.0737352680866144,0.200807221301239,"MT-TC"
"ENSG00000210144.1",20.5880425475709,-0.171666744202512,0.137954583872104,-1.24437144010859,0.213362889105901,0.396223263442814,"MT-TY"
"ENSG00000210195.2",14.449152149204,0.409791272695399,0.181280601825337,2.26053570304356,0.0237880231558642,0.0953382273899345,"MT-TT"
"ENSG00000210196.2",2142.70597065137,0.0865645201542894,0.0981764652362841,0.881723740470306,0.377926219512551,0.569437799883751,"MT-TP"
"ENSG00000211445.12",12705.1421857607,-0.0184570200208825,0.164208524478255,-0.11239988958872,0.910506342869023,0.952296044016662,"GPX3"
"ENSG00000211448.13",781.797144946938,-0.133250032354448,0.193973190911035,-0.686950767415908,0.492113753530894,0.670034208282534,"DIO2"
"ENSG00000211450.10",332.00329398536,0.0329208980726303,0.0865165724385046,0.380515514481694,0.703562782248386,0.827475604265176,"SELENOH"
"ENSG00000211451.12",53.7887717878322,-0.0705983528597685,0.0738147074548859,-0.956426643063197,0.338856729418217,0.532299570280301,"GNRHR2"
"ENSG00000211452.11",61.9507896904328,0.440100876925719,0.213440240944799,2.0619395619945,0.0392134903877697,0.132892379425897,"DIO1"
"ENSG00000211454.15",54.6479150144872,-0.616632691654991,0.196894160042789,-3.13179777155901,0.00173739502631237,0.0162442013388554,"AKR7L"
"ENSG00000211455.8",2152.33739340367,0.104523083490272,0.0899073987888033,1.16256375891601,0.245006541916127,0.433975462865164,"STK38L"
"ENSG00000211456.13",2311.59671052614,-0.0823379471488776,0.0594966949738762,-1.38390791597803,0.166386652591071,0.338518138885023,"SACM1L"
"ENSG00000211459.2",33041.7709911036,0.209589228080645,0.122851634028286,1.70603533065249,0.0880015017190801,0.225389183532067,"MT-RNR1"
"ENSG00000211460.12",4223.60761651427,0.0105184756629339,0.0656807010150871,0.160145605944701,0.872766376403852,0.931941722621426,"TSN"
"ENSG00000211514.1",0.90622470180424,-1.33345612671148,0.592370681946002,-2.251050174075,0.024382359701591,0.0968458484305739,"MIR454"
"ENSG00000211584.14",1488.38673757084,0.0711075294381229,0.0787126016566291,0.903381770409748,0.366323311635103,0.559013705562977,"SLC48A1"
"ENSG00000211592.8",253266.34847231,-0.207804413067361,0.19034617477155,-1.09171835639336,0.274956914243769,0.467620583669687,"IGKC"
"ENSG00000211593.2",27.2226311955169,-0.432539123725515,0.208570436393659,-2.07382758172464,0.0380953266129757,0.130176301850128,"IGKJ5"
"ENSG00000211594.2",27.3236771235496,-0.329102793817243,0.198272215660343,-1.65985331187817,0.0969439657773978,0.239931270638337,"IGKJ4"
"ENSG00000211595.2",14.5768488324025,-0.326610982563591,0.211400341937148,-1.54498795778058,0.122349176194424,0.278197727294151,"IGKJ3"
"ENSG00000211597.2",101.804637917698,-0.193088324469877,0.186415003037168,-1.03579819930791,0.300296297832182,0.493326983308341,"IGKJ1"
"ENSG00000211598.2",12271.6804822928,-0.487079975089833,0.206727398971335,-2.35614619790854,0.0184656486171717,0.0808916893962498,"IGKV4-1"
"ENSG00000211599.2",175.447343565116,0.0225895587781603,0.236060881680451,0.0956937829654433,0.923763778715236,0.959949668667406,"IGKV5-2"
"ENSG00000211611.2",319.13953982273,-0.939122322866274,0.243410285389581,-3.85818668822149,0.000114231381970329,0.00242544987240954,"IGKV6-21"
"ENSG00000211623.2",2.49172039741624,-0.529205143969913,0.321046486733871,-1.64837544043456,0.099275652571811,0.243332422960561,"IGKV2D-26"
"ENSG00000211625.2",594.474356477169,-0.404369483848956,0.20672721509062,-1.95605345755612,0.0504588570848189,0.156607320679116,"IGKV3D-20"
"ENSG00000211626.2",3.40194370224651,0.799348728745533,0.340519722554772,2.34743738996487,0.018903049813975,0.0821806264633936,"IGKV6D-41"
"ENSG00000211632.4",201.939315470917,-0.189012272132268,0.201423264781178,-0.938383519588002,0.348047352234358,0.541828148660394,"IGKV3D-11"
"ENSG00000211633.3",32.5736102018483,0.0480676158504269,0.237206292781397,0.20264055934943,0.839415985854773,0.912455152705464,"IGKV1D-42"
"ENSG00000211637.2",1747.36915003007,-0.203923241146606,0.223915980539583,-0.910713208834851,0.362446502564226,0.555498515751236,"IGLV4-69"
"ENSG00000211638.2",1081.6699935063,-0.12653531465896,0.227789701850752,-0.55549181385674,0.578558307870936,0.737776236970394,"IGLV8-61"
"ENSG00000211639.2",311.086807252853,-0.207604929575135,0.263421721025777,-0.788108622047991,0.430633172324823,0.616913520060686,"IGLV4-60"
"ENSG00000211640.4",2976.35516339418,-0.104074399568865,0.218291285899364,-0.476768457064498,0.633527009346279,0.778627803167565,"IGLV6-57"
"ENSG00000211641.3",2.37252807066666,-0.147956060988263,0.269727271483468,-0.548539493891448,0.583321518857703,0.741609322462653,"IGLV11-55"
"ENSG00000211642.3",389.474017194912,0.0767367143194378,0.247552655924909,0.309981381669016,0.756575114757062,0.862270823483735,"IGLV10-54"
"ENSG00000211644.3",83.559909799312,-0.23508908863202,0.226620093546748,-1.03737089219551,0.299563038423789,0.49255447995519,"IGLV1-51"
"ENSG00000211645.2",44.4696949902273,-0.440492278139121,0.21166691804559,-2.08106340946602,0.0374281024754546,0.128702108625832,"IGLV1-50"
"ENSG00000211647.1",22.4276058959628,-0.448400751078874,0.242701803937699,-1.84753777600259,0.064669238444853,0.184505935657459,"IGLV5-48"
"ENSG00000211648.2",2779.08675892493,0.026929047738532,0.200648628208041,0.134209976808866,0.893236536935793,0.94369066811168,"IGLV1-47"
"ENSG00000211649.3",652.216495619819,-0.218354064924327,0.219765765831655,-0.993576338416561,0.320429168430584,0.514271514874635,"IGLV7-46"
"ENSG00000211650.2",395.799033947187,-0.332131820396716,0.222994528555344,-1.4894169042999,0.136377619898388,0.298221352990281,"IGLV5-45"
"ENSG00000211651.3",4075.49149728791,0.214481354294082,0.205052365820104,1.04598331960847,0.295568733721663,0.48821045107141,"IGLV1-44"
"ENSG00000211652.2",474.047819987558,-0.200949745962189,0.210651266906508,-0.953945109911804,0.340111427750399,0.533389691652646,"IGLV7-43"
"ENSG00000211653.2",5838.55178224754,-0.246379040190875,0.196025066517642,-1.25687517707691,0.208798838368323,0.3908872990214,"IGLV1-40"
"ENSG00000211654.2",82.5835661547548,-0.344846723815662,0.284074778316243,-1.21392939513893,0.224774686803651,0.409736292583988,"IGLV5-37"
"ENSG00000211655.3",363.583209205069,-0.308898829325158,0.226100130463959,-1.36620367574002,0.171875044128217,0.346172767341848,"IGLV1-36"
"ENSG00000211656.3",12.9170363153938,0.0358142611067854,0.229169659217287,0.156278371356429,0.875813604017353,0.933728138803308,"IGLV2-33"
"ENSG00000211657.3",3.45428513342826,-0.450100847821851,0.267068995746163,-1.68533545634647,0.0919238686443219,0.231744764408255,"IGLV3-32"
"ENSG00000211658.2",515.240935821172,-0.882863222309764,0.234712015080547,-3.76147434125514,0.000168914751655765,0.00317901573028568,"IGLV3-27"
"ENSG00000211659.2",4529.35029073886,0.0741682454289848,0.211990534851371,0.34986583472222,0.72643938846331,0.842801846903922,"IGLV3-25"
"ENSG00000211660.3",6789.71601123547,-0.353317481970578,0.208707854367024,-1.69288062033952,0.0904781928533,0.229385506751821,"IGLV2-23"
"ENSG00000211661.2",6.43073316602284,-0.1223108697559,0.28480052936549,-0.429461525329317,0.667587387645895,0.80391039278808,"IGLV3-22"
"ENSG00000211662.2",7681.94752209857,-0.302891084103524,0.20839584506256,-1.4534410895409,0.146101324967355,0.311984568798546,"IGLV3-21"
"ENSG00000211663.2",5158.21614937334,-0.205804220528732,0.211366995232959,-0.973681914254892,0.330214499964962,0.523889985577007,"IGLV3-19"
"ENSG00000211664.3",438.898570739096,0.142508751437319,0.231310441977077,0.616093031595357,0.537833120941004,0.706159170859678,"IGLV2-18"
"ENSG00000211665.3",63.8373821683914,0.243575493408755,0.234578384546367,1.03835438154196,0.299105099404564,0.492098540940708,"IGLV3-16"
"ENSG00000211666.2",6869.19105849971,-0.257998145533986,0.199845343166979,-1.29098902904342,0.196707481793723,0.376811403415328,"IGLV2-14"
"ENSG00000211667.3",42.3447209034321,-0.187653132758342,0.23691901679403,-0.792056016851875,0.428328014405746,0.615302870337437,"IGLV3-12"
"ENSG00000211668.2",3012.41746027562,-0.0986209361355033,0.197256995497732,-0.499961666184037,0.617102069725532,0.767011842282242,"IGLV2-11"
"ENSG00000211669.3",1754.52839869206,-0.300087653971832,0.217254376494783,-1.38127322824743,0.167194966522129,0.339457374095698,"IGLV3-10"
"ENSG00000211670.2",789.439437158438,-0.226071171029855,0.225031867388685,-1.00461847316663,0.315080598554769,0.509073976884594,"IGLV3-9"
"ENSG00000211672.2",26.3493202649024,-0.818294199889619,0.250903139390869,-3.26139482302308,0.00110865552933809,0.0118208002471095,"IGLV4-3"
"ENSG00000211673.2",7433.21110549357,-0.38049582830592,0.205404256568926,-1.85242426160843,0.0639649240736104,0.183195202492604,"IGLV3-1"
"ENSG00000211676.2",15.0610610255267,0.155350785478392,0.194930696801259,0.796953933001017,0.425477786265922,0.612960755039645,"IGLJ2"
"ENSG00000211677.2",18012.4465706942,-0.00797543109735047,0.187297358467532,-0.0425816528466044,0.966035021130796,0.983060261321076,"IGLC2"
"ENSG00000211678.2",3.68090293469944,-0.445201154539972,0.250435692236736,-1.77770648649844,0.0754520737955598,0.203845508180364,"IGLJ3"
"ENSG00000211679.2",11390.1247023516,-0.128826937829885,0.195556758809158,-0.658770060489732,0.510043435725088,0.685122621462049,"IGLC3"
"ENSG00000211685.3",559.725542387222,0.334114944573074,0.247800933383128,1.34831995994339,0.177555495039951,0.3535073576494,"IGLC7"
"ENSG00000211688.1",4.54410910307946,-0.170541847243554,0.287358322050863,-0.593481497338949,0.552858962055799,0.718037477499469,"TRGJP2"
"ENSG00000211689.7",58.089528079672,-0.00659424539253813,0.168352797849551,-0.0391692058389852,0.968755484967833,0.984156486056208,"TRGC1"
"ENSG00000211694.2",19.3714136521882,-0.265367562052527,0.1599603245984,-1.65895863689178,0.0971241275385791,0.240162921727712,"TRGV10"
"ENSG00000211695.2",10.8167619443814,0.101797738158833,0.17540596488768,0.580355053626703,0.561675208530101,0.725390927405743,"TRGV9"
"ENSG00000211696.2",5.96652588271187,0.0357124393078092,0.158405577003135,0.225449381161008,0.821629699658829,0.902580842404112,"TRGV8"
"ENSG00000211697.4",5.47477679099398,0.0198885207794052,0.178972463314498,0.111126149861704,0.911516312573346,0.952881042003189,"TRGV5"
"ENSG00000211698.2",8.64711965488028,-0.254225272046714,0.171219384931406,-1.48479257853053,0.137598778463403,0.299887151831767,"TRGV4"
"ENSG00000211699.2",7.77796180421654,-0.18118289383238,0.154394742660044,-1.17350429626558,0.240593635017118,0.428550164358899,"TRGV3"
"ENSG00000211701.2",2.56219279517135,-0.599618992374448,0.251581573251386,-2.38339789605853,0.0171536422698578,0.0769878959410053,"TRGV1"
"ENSG00000211706.2",12.961087252765,-0.314568518274542,0.152835446692976,-2.05821702413357,0.0395693051159467,0.133689960952427,"TRBV6-1"
"ENSG00000211710.3",11.2938156587775,-0.462146033099663,0.186125071779803,-2.48298646002086,0.0130286039730094,0.064004915460145,"TRBV4-1"
"ENSG00000211714.3",10.0881397194198,0.135483809748368,0.158295480936291,0.855891835616561,0.392057611352282,0.582834350204782,"TRBV7-3"
"ENSG00000211716.2",14.9842740808332,-0.254273810726284,0.147848111219383,-1.71983130950508,0.0854631095703639,0.221133388274355,"TRBV9"
"ENSG00000211721.2",18.2186336765192,-0.260151299095311,0.142561733669709,-1.8248325998759,0.0680262947378208,0.190474020061856,"TRBV6-5"
"ENSG00000211724.3",10.3326924148474,-0.245668205987947,0.187569057424932,-1.309748043524,0.190281084901229,0.369088100653496,"TRBV6-6"
"ENSG00000211725.3",3.7098417451245,-0.226061765736842,0.19190306771989,-1.17799974967994,0.23879670602337,0.426287331562256,"TRBV5-5"
"ENSG00000211727.3",9.33947390602146,-0.742979156598213,0.188639896729322,-3.93861091677923,8.19547061927833e-05,0.00190406003717818,"TRBV7-6"
"ENSG00000211728.2",12.3648061602407,-0.189330870233717,0.168275833056204,-1.125122168734,0.260537268428014,0.451708911666934,"TRBV5-6"
"ENSG00000211734.3",32.239269195234,-0.366469927233263,0.140249324739957,-2.61298888898575,0.00897542201214554,0.0498779377483494,"TRBV5-1"
"ENSG00000211745.3",15.3534668366725,-0.268833398505969,0.17088592099051,-1.57317464743569,0.115678384008263,0.268484781195455,"TRBV4-2"
"ENSG00000211746.3",36.20270328051,0.0648977387854237,0.14681025257074,0.44205181619828,0.658451710536618,0.796751937155471,"TRBV19"
"ENSG00000211747.3",51.4152401413743,-0.262525432748625,0.139129970430067,-1.88690784549963,0.0591727216971858,0.173954739378756,"TRBV20-1"
"ENSG00000211749.1",3.77223988366708,-0.623083132222062,0.211335104387449,-2.9483181889164,0.00319508016901148,0.0247151031753948,"TRBV23-1"
"ENSG00000211750.2",7.47452742842931,-0.0826701621943183,0.170244770108676,-0.485595899019662,0.627253704644915,0.774814851382529,"TRBV24-1"
"ENSG00000211751.9",616.868611059973,-0.162657517610076,0.127987670044207,-1.27088427778937,0.203769820456381,0.384870291737351,"TRBC1"
"ENSG00000211752.3",21.2546098095453,-0.631287165287687,0.162628180897109,-3.88178212290948,0.000103693761843664,0.00225087144883004,"TRBV27"
"ENSG00000211753.4",28.3693522972057,-0.110198672691141,0.169663611205466,-0.649512714648569,0.516007030851834,0.690241555633015,"TRBV28"
"ENSG00000211764.1",3.44465687222303,-0.0792254062009335,0.188529227097651,-0.420228775243946,0.674318335612839,0.808312823056033,"TRBJ2-1"
"ENSG00000211767.1",3.28709564646804,-0.0726929103272858,0.184475810180788,-0.394051178070697,0.693543255009536,0.821028850776517,"TRBJ2-3"
"ENSG00000211771.1",3.95702579518809,-0.348343670107331,0.183452248494767,-1.89882475121185,0.0575875217337576,0.170884173611963,"TRBJ2-7"
"ENSG00000211772.11",1072.81241321832,-0.108083705012797,0.133673331310575,-0.808565956672967,0.418764853228581,0.607121505771606,"TRBC2"
"ENSG00000211776.2",11.6273868706992,-0.191517206360551,0.154166203260818,-1.24227750511922,0.214134192049838,0.397079740220299,"TRAV2"
"ENSG00000211777.2",12.3301392805625,-0.231164778726659,0.157077506993171,-1.47166060342879,0.141112551289711,0.304953722768296,"TRAV3"
"ENSG00000211778.2",13.1028919468796,-0.373707570773447,0.146574182793701,-2.54961387913335,0.0107842284138729,0.05638742728435,"TRAV4"
"ENSG00000211779.3",6.66805829389291,-0.154780824840966,0.173388120832572,-0.892684136016598,0.372026348203275,0.56407288752564,"TRAV5"
"ENSG00000211780.3",4.73589376900484,-0.448195816860198,0.180627628102154,-2.4813248204019,0.0130895032343832,0.064180976610062,"TRAV6"
"ENSG00000211782.2",6.9838219169011,-0.227545069891661,0.183382226399716,-1.24082401200476,0.214670768760161,0.397849254966942,"TRAV8-1"
"ENSG00000211784.2",4.2683787798109,-0.296650010033687,0.196978564407679,-1.50600148257616,0.132066793076387,0.292571770080863,"TRAV10"
"ENSG00000211785.1",14.6622830392845,-0.631059769182749,0.163651827350938,-3.85611196280439,0.000115204738122645,0.00243834160605037,"TRAV12-1"
"ENSG00000211786.3",13.1193522093726,-0.347506128617635,0.146348180293677,-2.37451622507567,0.0175719639080803,0.0783898424751061,"TRAV8-2"
"ENSG00000211787.1",13.505365888138,-0.385862622492345,0.142807997017881,-2.70196789080397,0.00689304187748251,0.0417330502322286,"TRAV8-3"
"ENSG00000211788.2",22.0230435865157,-0.558221341051789,0.156759224019234,-3.561011127379,0.000369429425312906,0.00553810704811916,"TRAV13-1"
"ENSG00000211789.2",18.9031239818145,-0.224276698449036,0.15952518858594,-1.40590147823716,0.15975338231319,0.330434229457817,"TRAV12-2"
"ENSG00000211790.2",12.174204834169,-0.315391806741392,0.134543304782256,-2.34416574835752,0.0190696947326189,0.0826280882533678,"TRAV8-4"
"ENSG00000211791.2",10.5421351257014,-0.10722649827009,0.15524581258865,-0.690688505423364,0.489761314410883,0.668109785269367,"TRAV13-2"
"ENSG00000211792.2",9.70162547830829,-0.44638802046044,0.16742739364365,-2.66615880917627,0.00767234404993006,0.0447518008732148,"TRAV14DV4"
"ENSG00000211793.2",12.359938140072,-0.417602646590308,0.151770884768152,-2.75153332095445,0.00593169849256711,0.0377172061924269,"TRAV9-2"
"ENSG00000211794.3",15.4875187809335,-0.135377216094911,0.16805473054578,-0.805554331349408,0.420499867059712,0.60841355039437,"TRAV12-3"
"ENSG00000211795.3",16.986893113305,-0.221345773859788,0.138464069129199,-1.59857914946334,0.109914145705554,0.259695667658434,"TRAV8-6"
"ENSG00000211796.1",8.54682078339158,0.0613152920344208,0.155706528618699,0.393787547499517,0.693737898802288,0.821110470738425,"TRAV16"
"ENSG00000211797.2",14.3006517965896,-0.342565597488898,0.145145164006655,-2.36015853392946,0.0182671267381509,0.0804028887484476,"TRAV17"
"ENSG00000211798.3",4.22495878490619,-0.0113823524463303,0.220057689909791,-0.0517244021374409,0.958748293168199,0.979282221278423,"TRAV18"
"ENSG00000211799.3",20.4099482946802,-0.263889830806113,0.156217690886071,-1.68924421625568,0.0911726387134465,0.230608052424431,"TRAV19"
"ENSG00000211800.3",5.97030686709409,-0.239342375294667,0.169696410214724,-1.41041507591007,0.158417156395681,0.328568551450375,"TRAV20"
"ENSG00000211801.3",14.2419814273724,-0.463152964110688,0.150890495457894,-3.06946413493574,0.00214443151776848,0.0187338122595293,"TRAV21"
"ENSG00000211802.3",6.26618007095113,-0.142984393459455,0.161711847839708,-0.884192440872875,0.376592338222165,0.568155191903027,"TRAV22"
"ENSG00000211803.2",7.51578209233938,-0.370202905721687,0.172868631370461,-2.14152737131547,0.0322315336227459,0.11595898518501,"TRAV23DV6"
"ENSG00000211804.3",11.0030219120574,0.352686071075336,0.215730199477758,1.63484793473108,0.102080929262266,0.247764115909355,"TRDV1"
"ENSG00000211805.1",4.61261051690975,-0.251226900071856,0.196285466402447,-1.27990576519182,0.20057827980544,0.381204769049862,"TRAV24"
"ENSG00000211806.2",5.43590333681174,-0.326305545868054,0.168761438774496,-1.93353142896627,0.0531707652369328,0.162137230906137,"TRAV25"
"ENSG00000211807.3",10.1251512946338,-0.207925350415273,0.14553636390335,-1.4286831472123,0.153095323779954,0.321476040025608,"TRAV26-1"
"ENSG00000211809.2",6.61698421687113,-0.511381173230971,0.178036460685062,-2.87233958293285,0.00407444880263962,0.0291482498021819,"TRAV27"
"ENSG00000211810.3",12.3251323269905,-0.171690829058891,0.154467500818953,-1.11150130706215,0.266352627754135,0.457993907438199,"TRAV29DV5"
"ENSG00000211812.1",5.00323505465338,-0.388120673222831,0.197911179423161,-1.96108514109239,0.0498690917647996,0.155487139176388,"TRAV26-2"
"ENSG00000211814.1",3.90816180160026,-0.152573674410522,0.186550715825216,-0.817867000593403,0.41343313503303,0.602461126828671,"TRAV35"
"ENSG00000211815.3",5.63568649995208,-0.216430628435983,0.159615433251025,-1.3559505119759,0.175114914342974,0.350514089053126,"TRAV36DV7"
"ENSG00000211817.2",8.02013405481411,-0.107827856392597,0.156909030821316,-0.687199811433345,0.491956823180788,0.669913637128634,"TRAV38-2DV8"
"ENSG00000211818.1",7.47447941311135,-0.118904243068655,0.152885510780779,-0.777733890290958,0.436725908532113,0.622214809686736,"TRAV39"
"ENSG00000211820.1",8.94503063424932,-0.108166111517205,0.153983831115836,-0.702451099790053,0.482397887316296,0.662096420102299,"TRAV41"
"ENSG00000211821.2",1.9914292390128,-0.165352496654239,0.253344285178023,-0.652679007691242,0.513963238633066,0.688280532496867,"TRDV2"
"ENSG00000211829.9",58.7965041213321,0.02377927901162,0.165442233393825,0.143731612683292,0.88571240707038,0.939296466304444,"TRDC"
"ENSG00000211849.1",1.13275160332649,-1.13746021377439,0.634352127410689,-1.79310538204908,0.072956075229523,0.199533936795901,"TRAJ40"
"ENSG00000211850.1",1.79121526705969,-1.1219240158831,0.420117621500389,-2.67049978021944,0.00757384211570162,0.0443702138937276,"TRAJ39"
"ENSG00000211851.1",1.26300392429731,-1.02408364974158,0.485647934547402,-2.10869557325713,0.0349708671904054,0.12260794875423,"TRAJ38"
"ENSG00000211855.1",1.1360926698315,-0.865612100720343,0.461600149661836,-1.87524224451505,0.0607594049021638,0.177257524308424,"TRAJ34"
"ENSG00000211858.1",1.82852083011653,-0.612624662510219,0.388727505305446,-1.57597456868622,0.115031664222246,0.267496626175262,"TRAJ31"
"ENSG00000211862.1",1.16448125417112,-1.0085207457079,0.590611502765513,-1.70758737509437,0.087712932588551,0.224909632214312,"TRAJ27"
"ENSG00000211865.1",0.892057142044736,-1.31095557652223,0.625513171793464,-2.09580810706747,0.0360992169062186,0.125573670751212,"TRAJ24"
"ENSG00000211867.1",1.12098217833843,-1.67908680500658,0.602622443826194,-2.78629981708888,0.00533135358774447,0.0349816229792622,"TRAJ22"
"ENSG00000211868.1",1.07274345121367,-1.43338258576928,0.628888874017846,-2.27923031395305,0.0226533779911438,0.0923019108382269,"TRAJ21"
"ENSG00000211869.1",0.686588732121805,-0.921014732570425,0.522742002833857,-1.76189157859418,0.078087617743973,0.208339598384154,"TRAJ20"
"ENSG00000211870.1",1.00892651917746,-1.66235385405203,0.460741358806763,-3.60799789790354,0.000308568989548381,0.00488966557307675,"TRAJ19"
"ENSG00000211872.1",1.12139897523768,-0.715601698702199,0.374155604735319,-1.9125777875449,0.0558021255405821,0.167162809731165,"TRAJ17"
"ENSG00000211873.1",1.32113135438627,-0.958742226921418,0.429690044487742,-2.23124142441882,0.0256651413844106,0.100078420251954,"TRAJ16"
"ENSG00000211875.1",0.911654029449184,-1.81581550641115,0.55528581315978,-3.27005564229796,0.0010752633137046,0.0115703754050314,"TRAJ14"
"ENSG00000211876.1",1.17932856039536,-0.729691582830624,0.448688818854442,-1.62627538768097,0.103891085127096,0.250604687518939,"TRAJ13"
"ENSG00000211879.1",1.20048866303018,-1.26809530050918,0.406912417224478,-3.11638388712434,0.00183083764814262,0.0168474510280852,"TRAJ10"
"ENSG00000211880.1",1.32476581531472,-1.18837659290585,0.481909805379278,-2.46597305064288,0.0136641614322276,0.0661318398841625,"TRAJ9"
"ENSG00000211881.1",1.0428815624601,-1.08597926417265,0.548071296729485,-1.9814561912894,0.0475401375996775,0.150726471875539,"TRAJ8"
"ENSG00000211883.1",1.42261464074965,-0.635937175302865,0.376229274085844,-1.69029158309931,0.0909721845758877,0.230304687178544,"TRAJ6"
"ENSG00000211886.1",2.21201867080684,-0.699200535437989,0.288229542870805,-2.42584617965895,0.0152727420033338,0.0712150419491585,"TRAJ3"
"ENSG00000211890.4",14191.2542585995,0.157416739021114,0.202231966023463,0.778396917739752,0.436335055292257,0.621972000590945,"IGHA2"
"ENSG00000211891.6",49.4930877581864,-0.234931421072698,0.233775154378368,-1.00494606322646,0.314922822294804,0.508976237875042,"IGHE"
"ENSG00000211892.4",19307.6653809385,-0.316668614326906,0.223047562148478,-1.41973582350165,0.155684604723825,0.32505176489513,"IGHG4"
"ENSG00000211893.4",35197.6669000196,0.125603453174147,0.196358773326553,0.639663056792798,0.522391678045792,0.695040008679157,"IGHG2"
"ENSG00000211895.5",139372.897836206,0.0433302041565092,0.190291640827388,0.227704191146334,0.819876213964752,0.901844873675239,"IGHA1"
"ENSG00000211896.7",281531.330400912,-0.272387267224183,0.206219168837686,-1.32086298649849,0.186547053243986,0.364521131802561,"IGHG1"
"ENSG00000211897.9",37832.3079835815,-0.0205072442815786,0.20146487731284,-0.1017906672126,0.918922833656928,0.957369442387661,"IGHG3"
"ENSG00000211898.7",4297.65525483389,-0.345312689925608,0.263425463216314,-1.31085539609378,0.18990662274038,0.368619472416947,"IGHD"
"ENSG00000211899.10",44230.6168603492,-0.296792622256799,0.214324958054721,-1.38477863217882,0.166120166615334,0.338203308697138,"IGHM"
"ENSG00000211900.2",95.9457498931801,-0.368188576760779,0.243746662977814,-1.51053791778184,0.130906221638233,0.291062418938515,"IGHJ6"
"ENSG00000211904.2",51.5142029654704,0.0857655792238275,0.215238506795486,0.398467637137623,0.690285509280117,0.818814816705132,"IGHJ2"
"ENSG00000211905.1",18.3621014912727,-0.704435103367476,0.234200718020915,-3.00782640343813,0.00263123394190425,0.0215980452731307,"IGHJ1"
"ENSG00000211924.1",2.96583478928372,-0.15820582248282,0.261000503550258,-0.606151407107749,0.544414217095983,0.711740459034657,"IGHD3-9"
"ENSG00000211930.1",4.70415548377512,-0.586664788320348,0.254837467461017,-2.302113555614,0.0213287691643163,0.0886625935556975,"IGHD3-3"
"ENSG00000211933.2",969.226927905412,-0.13870024791781,0.214507170399321,-0.646599587601705,0.517891124996501,0.691511559497413,"IGHV6-1"
"ENSG00000211934.3",2740.40491737444,-0.481951216685494,0.218310901469057,-2.20763696838934,0.0272695899429021,0.104079612285801,"IGHV1-2"
"ENSG00000211935.3",2247.35428128125,-0.304026239973248,0.244367610108956,-1.24413476826038,0.213449966762926,0.396278679567776,"IGHV1-3"
"ENSG00000211937.3",2136.03522381513,-0.365868870636228,0.203697063287066,-1.79614209813431,0.0724719206224699,0.19868310715447,"IGHV2-5"
"ENSG00000211938.2",2896.93510735666,-0.317813705164449,0.193945956309844,-1.63867146916286,0.101281699052296,0.246375964405241,"IGHV3-7"
"ENSG00000211941.3",2294.32237908661,-0.36505137208685,0.20532870685499,-1.7778876498972,0.0754223089855938,0.203845508180364,"IGHV3-11"
"ENSG00000211942.3",442.471433814637,-0.674123175424281,0.234301149667261,-2.87716546155077,0.00401265131203887,0.0288662921632909,"IGHV3-13"
"ENSG00000211943.2",3002.3171108529,-0.180301246347077,0.205055853989431,-0.879278707919115,0.379250177631346,0.570909190307376,"IGHV3-15"
"ENSG00000211944.2",2.41255016195344,-0.462637209006157,0.252793832362997,-1.83009690023543,0.0672354503870599,0.189043986972079,"IGHV3-16"
"ENSG00000211945.2",4661.57010204167,-0.460176592909106,0.212099874890802,-2.16962217986231,0.0300354797189554,0.11074731665834,"IGHV1-18"
"ENSG00000211946.3",382.909304472861,-0.406757450437673,0.22258300737989,-1.82744161481944,0.0676333971626422,0.189746245195572,"IGHV3-20"
"ENSG00000211947.2",4406.39560472163,-0.14882111159797,0.20466515473301,-0.727144353381064,0.467137530633633,0.648692796971242,"IGHV3-21"
"ENSG00000211949.3",5606.85551993069,-0.375765494611546,0.191000000798543,-1.96735860230641,0.0491418833875,0.15391163909878,"IGHV3-23"
"ENSG00000211950.2",1941.9536979869,-0.128940817637982,0.23039683139924,-0.559646662043494,0.575720470382791,0.735680667581222,"IGHV1-24"
"ENSG00000211951.2",623.647580985967,-0.368818042743706,0.229647777250294,-1.60601616597286,0.108270358043321,0.257474645024021,"IGHV2-26"
"ENSG00000211952.3",317.918701513884,-0.352370538561832,0.193662968899687,-1.81950395867551,0.0688345794183796,0.192064168000009,"IGHV4-28"
"ENSG00000211955.2",1585.4485627061,-0.190633234278308,0.210891124211234,-0.903941476870147,0.366026434327308,0.558803796977503,"IGHV3-33"
"ENSG00000211956.2",2102.22683170374,-0.394935585486866,0.201503950147061,-1.95993966966223,0.0500028422371875,0.155743720329562,"IGHV4-34"
"ENSG00000211957.2",32.4670689634399,-0.333219202220703,0.205882153291016,-1.61849483743108,0.105555998509269,0.253116958972134,"IGHV3-35"
"ENSG00000211958.2",25.5543350458923,-0.131979663810048,0.205318043272521,-0.642805969248743,0.520350009356507,0.693487683527953,"IGHV3-38"
"ENSG00000211959.2",4271.30941453806,-0.373746418827349,0.206034886616294,-1.81399579928126,0.0696783724930731,0.19344580181887,"IGHV4-39"
"ENSG00000211961.3",121.074222968039,0.0827331630156184,0.236702652959975,0.349523598409385,0.726696257640553,0.842992979290137,"IGHV1-45"
"ENSG00000211962.2",2115.61251238417,-0.53664673031661,0.205962111340427,-2.6055604442198,0.00917240879940375,0.0506597555007547,"IGHV1-46"
"ENSG00000211964.3",2037.73608182003,0.131180480471733,0.208928681313548,0.627872054937564,0.530087758826727,0.700437043761637,"IGHV3-48"
"ENSG00000211965.4",1569.06879545845,-0.21721220529997,0.217256503320345,-0.999796102672659,0.317409192290682,0.511198927966993,"IGHV3-49"
"ENSG00000211966.2",5185.91247257413,-0.46192615556872,0.212933423890911,-2.16934545609604,0.0300564666185845,0.11079162346463,"IGHV5-51"
"ENSG00000211967.3",614.897257525842,-0.179710934743836,0.205011608607482,-0.876589067148451,0.380709879572539,0.572181925812954,"IGHV3-53"
"ENSG00000211968.3",280.265688607355,0.345109191565198,0.242155341806311,1.42515621993272,0.154112048422232,0.322825116586777,"IGHV1-58"
"ENSG00000211970.3",262.179663390927,-0.29242966929023,0.211563494070597,-1.38223123310985,0.166900712939307,0.339162323284058,"IGHV4-61"
"ENSG00000211972.2",305.605069688764,-0.378444312345095,0.207668679704734,-1.82234659980105,0.0684024116508787,0.191178768560502,"IGHV3-66"
"ENSG00000211973.2",776.089899343241,-0.590257227574097,0.238414940608374,-2.4757560330234,0.0132954394675197,0.0649515871155003,"IGHV1-69"
"ENSG00000211974.3",304.527617019803,-1.02297823852771,0.247837881535898,-4.12761048548399,3.6655232739389e-05,0.0010448310475963,"IGHV2-70D"
"ENSG00000211976.2",1371.96161652244,-0.0906090389320796,0.254608185404335,-0.3558763783976,0.721933146552971,0.840483975528484,"IGHV3-73"
"ENSG00000211978.2",31.7274120926284,-0.343544486784875,0.186254660353999,-1.84448800439102,0.0651120524240925,0.185264670376802,"IGHV5-78"
"ENSG00000211979.2",30.3735065953739,-0.780835232693579,0.20276824934624,-3.85087524901521,0.00011769644365258,0.00247403708846828,"IGHV7-81"
"ENSG00000212017.2",1.01932162923485,-0.289489016739998,1.45930100317666,-0.198375123507644,0.84275157923476,0.914508745767425,"MIR548U"
"ENSG00000212123.4",54.9171070488917,-0.0448188097604228,0.12592633768143,-0.355912913736966,0.721905784472191,0.840481510785867,"PRR22"
"ENSG00000212124.2",10.3545162386347,-0.474981709311592,0.186097221501883,-2.55233100998654,0.0107004804461624,0.0561378971783933,"TAS2R19"
"ENSG00000212125.2",16.721869293235,-0.65858383592432,0.161403824293159,-4.08034839823949,4.49682499091606e-05,0.00121224934755116,"TAS2R15P"
"ENSG00000212126.3",2.94703324796567,-1.3305891860914,0.37076578452464,-3.58875937756057,0.000332255324706646,0.00515460229518097,"TAS2R50"
"ENSG00000212127.6",62.691560885502,-0.272540079908628,0.122786369356881,-2.21962813410082,0.0264440208611473,0.102039961350275,"TAS2R14"
"ENSG00000212128.2",3.65090055843148,-1.29399052179602,0.364109094288339,-3.55385389185393,0.000379630056299501,0.00563001751106475,"TAS2R13"
"ENSG00000212135.1",2.82541784174959,-0.449074215301232,0.3377836713534,-1.32947283538581,0.183692022093246,0.361043580055576,"SNORD67"
"ENSG00000212175.1",6.77238436313948,-0.843505201309834,0.203726435148239,-4.14038168731548,3.46728406767434e-05,0.00100292170690775,"AC015982.1"
"ENSG00000212181.1",1.07386188172871,-0.450975774464591,0.932179199173525,-0.483786566857991,0.628537349472652,0.775518931687842,"AC019070.1"
"ENSG00000212195.2",2.58770960400654,-0.721433852614513,0.380740394750017,-1.89481826084723,0.0581164830951494,0.171808996330513,"U3"
"ENSG00000212205.1",2.44260148334095,-0.407527093744998,0.321111916758201,-1.26911233273186,0.204401002300231,0.385559352384225,"Y_RNA"
"ENSG00000212232.1",89.2853487629962,-0.237333329694269,0.280998136136448,-0.844608199034547,0.398329629757906,0.588610944368761,"SNORD17"
"ENSG00000212237.1",4.55461749365375,0.39287946068649,0.237059578531754,1.65730262037846,0.0974583078036448,0.240578387817733,"RNA5SP18"
"ENSG00000212242.1",5.60654002920681,-0.0194404239257903,0.142055479163008,-0.136850926415042,0.891148628822062,0.942262244716007,"RNA5SP219"
"ENSG00000212248.1",1.10661809679343,-1.12879857710741,0.854809011920588,-1.32052723048769,0.18665905063807,0.364632973824635,"RNU6-750P"
"ENSG00000212257.1",0.960184968091053,-1.19106305469395,0.539730543862845,-2.2067734876917,0.0273298881790488,0.104238053287326,"RNU6-1176P"
"ENSG00000212259.1",1.01246362840356,-0.488043763311388,0.809477536656523,-0.602912052788038,0.54656719744173,0.713539011857173,"RNU6-308P"
"ENSG00000212260.1",1.73659926536082,-0.909197291150263,0.435919310857539,-2.0857008820318,0.0370057265022012,0.127817372386947,"RNU6-724P"
"ENSG00000212283.1",13.8919436521893,-0.359835177408467,0.179595898672644,-2.00358237614519,0.0451148152920442,0.145854296515637,"SNORD89"
"ENSG00000212296.1",3.96871630857463,-0.231615687637915,0.200322888279992,-1.15621180198932,0.247594533581373,0.436975756740395,"SNORD72"
"ENSG00000212327.1",5.03561601974222,-0.15689167053169,0.157634807615231,-0.995285704377205,0.31959732859637,0.513357160272058,"RNU6-882P"
"ENSG00000212338.1",1.252088617195,-0.854945194524691,0.826617068362599,-1.03426995067765,0.301009980598495,0.493938847851825,"AL512326.2"
"ENSG00000212342.1",1.92991025994945,-0.879812784695471,0.434996189971898,-2.02257584084198,0.0431168970948674,0.141525274078618,"AC103725.1"
"ENSG00000212371.1",5.03624891079062,-0.087531317943775,0.144593584279748,-0.605361008095813,0.544939153035775,0.712147088319205,"AF111168.1"
"ENSG00000212389.1",1.00843475200337,-2.14256515754257,1.08620269572227,-1.97252793238364,0.0485493708715859,0.152803384801258,"RNU6-1275P"
"ENSG00000212391.1",4.11248702215774,-0.316949089349332,0.22930718521194,-1.382203043731,0.166909365815807,0.339162323284058,"AC073149.1"
"ENSG00000212402.1",14.7743848215366,-2.14052278476573,0.391978033952598,-5.46082330987093,4.73931550895219e-08,8.0094432101292e-06,"SNORA74B"
"ENSG00000212411.1",1.68069080628166,-2.32139857449271,0.856525933163596,-2.71024902412303,0.00672327090041761,0.0409734318300574,"SNORD115"
"ENSG00000212418.1",1.44745225068901,-1.10139093573174,0.376464948548519,-2.92561349995055,0.00343777747011926,0.026024084882374,"RNY4P36"
"ENSG00000212420.1",1.04508124012667,-0.138616801456534,0.666014478461698,-0.208128810918193,0.835128391839648,0.910248866152082,"RNU6-1111P"
"ENSG00000212443.1",22.2801869861395,-0.489590924619919,0.29343308471792,-1.66849258014163,0.0952179836450676,0.237246843997548,"SNORA53"
"ENSG00000212445.1",0.918310884563374,-1.18612557257412,0.572096180396092,-2.07329748601521,0.0381446025302918,0.13028505332655,"AC130462.1"
"ENSG00000212452.1",5.7000181738625,-0.196712779317185,0.159409786127666,-1.23400692075231,0.21720032537424,0.401023205006908,"SNORD69"
"ENSG00000212458.1",1.30036171573686,-0.814070363363565,0.488816298343756,-1.66539120344771,0.0958347332479983,0.238216839803338,"AC092535.1"
"ENSG00000212461.1",1.97108681446065,-1.89413564779275,0.700263357867276,-2.70489041945809,0.00683269249036647,0.0414959560528586,"AC078860.1"
"ENSG00000212464.1",28.7985368872383,-2.2231328436626,0.338309561804929,-6.57129769493322,4.98786219391686e-11,3.77411127322896e-08,"SNORA12"
"ENSG00000212493.1",5.16010526842753,-0.349110873558558,0.162410689311575,-2.14955601160469,0.031590351067469,0.114630796521989,"SNORD19"
"ENSG00000212533.1",2.14734644540131,-0.981924624793382,0.313434440596031,-3.13279109636497,0.00173152633006218,0.0161977257956618,"SNORA75"
"ENSG00000212534.1",2.02284126414215,-0.745831352681506,0.408240643799481,-1.82694046761263,0.0677087208761133,0.189941560846683,"SNORD70"
"ENSG00000212541.1",5.73821005290621,-0.201891347607732,0.136786733227334,-1.47595708183334,0.139955414107843,0.303276204236685,"RNU6-510P"
"ENSG00000212567.1",1.85841491179366,-0.630399951605147,0.454951381887574,-1.38564245917804,0.165856106426711,0.337851157138941,"AC008810.1"
"ENSG00000212597.1",1.16419455841756,-0.291027418439196,0.541121126070581,-0.537823057385558,0.590699212018247,0.747307678436066,"RNU6-876P"
"ENSG00000212607.1",10.5678974792101,-0.475570106789073,0.169373802962255,-2.80781383231417,0.00498790526112763,0.0333458493692213,"SNORA3B"
"ENSG00000212615.1",1.06923574074176,-1.40052621795212,0.567129660216043,-2.46949915724493,0.0135302337270961,0.0657033359796109,"SNORD58"
"ENSG00000212624.1",1.0070090270019,-0.36307212102274,0.643523382478897,-0.564194139495227,0.572622015809669,0.73323224263043,"AL050343.1"
"ENSG00000212664.5",35.0443278922557,0.0334483419918569,0.147120883169773,0.227352781408051,0.820149433853597,0.901948905686628,"AC064799.1"
"ENSG00000212694.8",256.210541762395,-0.178555199566674,0.117653761009114,-1.51763273893848,0.129107008775752,0.288480512964504,"LINC01089"
"ENSG00000212695.5",4.76908482249225,0.0101848413375329,0.165775381591484,0.0614375985128548,0.951010709617808,0.974365273282218,"AL583805.1"
"ENSG00000212719.13",375.130696794853,0.108838541273515,0.0820547949584026,1.32641293331718,0.18470295715358,0.362364322830325,"LINC02693"
"ENSG00000212724.3",4.36238593843648,-0.420310092448792,0.336133020670852,-1.25042785623959,0.211143294024245,0.393650163973866,"KRTAP2-3"
"ENSG00000212743.2",31.9852309608167,-0.507539442758753,0.165126730144453,-3.07363588145151,0.00211467360437826,0.0185370795973053,"LINC02656"
"ENSG00000212747.5",794.847700513377,0.148252794504183,0.0874275038525915,1.69572260411491,0.0899384256724185,0.228521713036086,"RTL8B"
"ENSG00000212766.9",9.313126642453,-0.291012630441464,0.194658661378013,-1.4949893746384,0.134917215192405,0.296351444573514,"EWSAT1"
"ENSG00000212789.4",16.4647843953314,0.0849370060734847,0.122647249417875,0.692530867806855,0.488604007998747,0.667148966013299,"ST13P5"
"ENSG00000212802.4",168.842664020129,0.0438756365668871,0.108785655040241,0.403321895250409,0.686711436437776,0.816663385069766,"RPL15P3"
"ENSG00000212807.2",6.54429748556987,-0.244544718566891,0.193133780893675,-1.26619339939044,0.205443850083298,0.386781390003575,"OR2A42"
"ENSG00000212829.8",7.68533297934847,0.114487689948224,0.135278932142706,0.846308350715331,0.39738075054162,0.587767848910557,"RPS26P3"
"ENSG00000212864.3",340.341506590782,0.0918221293821459,0.117189585963916,0.783534890296645,0.433313073302498,0.619260480316796,"RNF208"
"ENSG00000212901.4",6.15240210156295,-0.435309907979749,0.376539915515046,-1.15607905043564,0.247648824224186,0.436981784232341,"KRTAP3-1"
"ENSG00000212907.2",20642.7993578298,0.0118038753076114,0.113242445417751,0.104235432783767,0.916982515818022,0.956036041058761,"MT-ND4L"
"ENSG00000212916.4",214.116668830626,-0.0261413860698087,0.122214591580845,-0.213897421999042,0.830627050658838,0.907762158534161,"MAP10"
"ENSG00000212930.3",1.30093916353393,-0.340133429183774,0.457910955181195,-0.742793823417446,0.457606515539716,0.6405920245232,"AC093281.1"
"ENSG00000212939.2",4.60307773433416,-1.57176743813822,0.327029116231307,-4.80620030488817,1.53825786858563e-06,0.000102576047649562,"Z97192.1"
"ENSG00000212961.4",4.85940344415871,-0.525521785654247,0.249938306658645,-2.10260600977817,0.0355002241598778,0.124097959151072,"HNRNPA1P40"
"ENSG00000212978.6",393.293491752053,0.0403508089441904,0.0972907884427239,0.414744392455462,0.678329031037558,0.811110678675021,"AC016747.1"
"ENSG00000212993.5",19.6670869804215,-0.41029963846839,0.172653131446103,-2.37643901985336,0.0174806505200003,0.0781290505789192,"POU5F1B"
"ENSG00000212994.5",4.92802527976085,0.0939817226444354,0.16169994140894,0.581210616562656,0.561098513297857,0.724876995206472,"RPS26P6"
"ENSG00000213003.3",3.17532218422138,-1.053872384485,0.301396822949049,-3.49662738370391,0.000471179473952111,0.00648490211917636,"BTF3P12"
"ENSG00000213005.3",1.7685621131889,-0.441622663315987,0.365925003429498,-1.20686659609767,0.227483523820666,0.413316358795101,"PTTG3P"
"ENSG00000213015.9",646.241062459355,0.0057557384368853,0.0758229297362777,0.0759102616702431,0.939490492785792,0.968366304759816,"ZNF580"
"ENSG00000213018.2",9.58658033227877,-0.360114485599308,0.170678768119004,-2.10989620775926,0.0348672969819321,0.122335070017107,"PABPN1P1"
"ENSG00000213020.10",482.315551709817,-0.120197039442797,0.0750696023427889,-1.60114128344444,0.109345630252808,0.258929298815368,"ZNF611"
"ENSG00000213023.11",37.3849816462508,-0.00796258727795415,0.189228793856597,-0.0420791525204586,0.966435599327174,0.983137474314135,"SYT3"
"ENSG00000213024.12",2894.68582790738,0.152971769255739,0.0608170860069622,2.51527620442431,0.0118939162588949,0.0601160094136008,"NUP62"
"ENSG00000213025.2",19.0794307030492,-0.275982827561263,0.244857483289557,-1.12711616509959,0.259693369587184,0.45067347272553,"COX20P1"
"ENSG00000213030.5",3.09276782502203,1.84713936720611,0.485794894688292,3.80230296242886,0.000143357270147053,0.00283805957459458,"CGB8"
"ENSG00000213036.3",11.306196911516,0.125388242391853,0.136041486574953,0.92169121014985,0.356689666746336,0.550061099401814,"AL445305.1"
"ENSG00000213041.4",2.70843253361176,-0.318774593735971,0.308174080138139,-1.0343978104618,0.300950227587288,0.493889482282426,"AC093422.1"
"ENSG00000213045.3",2.81109604016039,0.460401162785574,0.241084885609299,1.90970562763399,0.0561711259869548,0.168008741126915,"AC097065.1"
"ENSG00000213046.4",3.89368983437381,-0.560570905187978,0.412864249189855,-1.35776082886315,0.174539588081127,0.349867331325483,"EEF1A1P32"
"ENSG00000213047.13",1585.44236349125,-0.126810182308179,0.0963351197476586,-1.31634426406846,0.188058520423583,0.366292185132062,"DENND1B"
"ENSG00000213049.3",2.0954477005509,-0.610959443481485,0.259117592232354,-2.35784625126352,0.0183813042093557,0.0807264070965344,"HNRNPA1P34"
"ENSG00000213050.5",2.44519632818806,-0.100016438454035,0.298842133590788,-0.3346798433416,0.737866608126816,0.850457118695427,"TPM3P1"
"ENSG00000213051.3",4.04397454041926,-0.233763312230233,0.19495522731437,-1.19906152530747,0.230504023095107,0.416983831824897,"RPL5P5"
"ENSG00000213055.3",4.51324018865004,-0.835314604138449,0.219739489448368,-3.80138593311296,0.000143888977492976,0.00283965366192866,"EEF1B2P7"
"ENSG00000213057.5",26.7327364762204,-0.0666412970714908,0.147418833444421,-0.452054161021533,0.651229965111035,0.791532901596006,"C1orf220"
"ENSG00000213058.3",89.7944871018362,-0.521586785617255,0.300386036542073,-1.73638825433286,0.0824952076853458,0.2162268106966,"AL365357.1"
"ENSG00000213062.5",166.41394499542,-0.0767416080271768,0.100259484212173,-0.765429910498772,0.44401558781321,0.628886708290019,"Z99572.1"
"ENSG00000213064.10",5003.35847874934,-0.115967939810339,0.0796585550969382,-1.45581274565193,0.145444391369073,0.311160527043474,"SFT2D2"
"ENSG00000213066.13",458.395945767437,-0.220707668689031,0.0768640851966892,-2.87140174925984,0.0040865579477813,0.0292148966621178,"CEP43"
"ENSG00000213070.3",5.10847163558179,-0.493789566813847,0.201533788930348,-2.45015771020166,0.0142793655729316,0.0680021338892305,"HMGB3P6"
"ENSG00000213071.11",84.8377757107633,-0.285350645146128,0.145854542504695,-1.95640560962949,0.0504173918742214,0.156522400938871,"LPAL2"
"ENSG00000213075.7",3.88257419139923,-0.104654075945323,0.16698847084456,-0.626714379837273,0.530846476147986,0.70095008815755,"RPL31P11"
"ENSG00000213079.10",1569.01811670747,-0.0858818876169668,0.0568467646637956,-1.510761221415,0.130849298038228,0.291025832025301,"SCAF8"
"ENSG00000213080.3",42.4380533609587,0.351318058316858,0.109344835931611,3.21293690116823,0.00131385150766976,0.0132995008345543,"AL354714.2"
"ENSG00000213082.3",6.57340717427634,0.160807358717656,0.205805407859467,0.781356332616207,0.434592946548653,0.620490257419126,"PPP1R14BP2"
"ENSG00000213085.10",284.509611141923,-0.351167358572286,0.175679015357304,-1.99891465613047,0.0456175886940481,0.146795513279619,"CFAP45"
"ENSG00000213087.3",8.75754037768185,-0.00165099525508974,0.156278832541112,-0.0105644201984642,0.991570969019877,0.995968511180195,"AL356535.1"
"ENSG00000213088.12",805.64454537831,-0.0331714491799855,0.204241325384619,-0.162413013710709,0.870980623436936,0.930990397023338,"ACKR1"
"ENSG00000213089.4",13.5817262059892,-0.0934337833643977,0.13298257320235,-0.702601710242336,0.482303996395704,0.662066734457422,"PDCL3P5"
"ENSG00000213090.2",7.61321510972058,-0.365825809007319,0.193133733595808,-1.89415801266973,0.0582040393793938,0.171957323902579,"SCYL2P1"
"ENSG00000213096.11",1122.21636016334,-0.31807002118469,0.102934290414373,-3.09002976466119,0.00200136437792272,0.0179068595093203,"ZNF254"
"ENSG00000213104.3",5.8970163730219,0.0719449865114896,0.182525087107395,0.39416492084268,0.693459282659167,0.820999960796972,"NPM1P46"
"ENSG00000213109.4",2.83988872821886,-0.849245878027429,0.34282909237576,-2.47716981117988,0.0132428878584859,0.0647899287983204,"AL365223.1"
"ENSG00000213115.2",0.287542571312859,0.744218616838021,0.608151417277424,1.22373901580258,0.221050696377826,0.405545866231717,"AC104131.1"
"ENSG00000213123.11",43.1136300104104,0.119910521440638,0.123163770186669,0.97358599252767,0.330262144104235,0.523903694631572,"TCTEX1D2"
"ENSG00000213130.3",2.25911671312568,0.424896840301668,0.397677110741644,1.06844680979818,0.285319011464968,0.477775165914051,"EEF1DP5"
"ENSG00000213131.3",64.5630571864657,0.127167376601876,0.0867124864556946,1.46654053873604,0.142501085606971,0.307033953087813,"YWHAZP4"
"ENSG00000213137.3",2.03141142207173,-1.13660578156186,0.379320216524018,-2.99642816820413,0.00273162586137056,0.022186879678607,"ARF1P2"
"ENSG00000213139.8",72.0184721054959,-0.127363928243222,0.104782261379158,-1.21551039810404,0.224171485368492,0.408950206157436,"CRYGS"
"ENSG00000213144.2",28.5678299576936,-0.00702932897823822,0.163128350861517,-0.0430907867401024,0.965629163595503,0.982995977683894,"AC084880.1"
"ENSG00000213145.10",148.914461406768,0.106532511115594,0.127811027186987,0.833515804232897,0.40455388832248,0.594098743060312,"CRIP1"
"ENSG00000213149.3",6.68186163528962,-0.136820468270427,0.0980956489839778,-1.3947659217054,0.163086438498227,0.334502020510194,"CNN2P9"
"ENSG00000213152.5",6.53584599683858,-0.214698130369991,0.141086228581582,-1.52175114841802,0.128071446220077,0.287130145387543,"RPL7AP60"
"ENSG00000213160.10",1148.51862057289,-0.133697062139214,0.103337003048033,-1.29379658975661,0.195735690957394,0.375515805264735,"KLHL23"
"ENSG00000213169.3",11.2285081675441,-0.00569314409756062,0.164312208655599,-0.0346483328545205,0.972360160571749,0.986373760692116,"AC069218.1"
"ENSG00000213171.3",23.1092708867952,0.145084954568282,0.174104356641996,0.833321792553503,0.404663268924347,0.594173929215562,"LINGO4"
"ENSG00000213176.4",3.59674879168794,-0.297446109694882,0.268612636800272,-1.10734220563141,0.26814600315992,0.459934227885811,"RPL13P6"
"ENSG00000213177.3",1.89369128722977,-0.0636284239848798,0.30758142075862,-0.206866929179098,0.836113784528314,0.910858160017707,"PRDX2P4"
"ENSG00000213178.3",71.1505033993475,-0.0707078895168247,0.1396012095914,-0.506499117907217,0.612506308763736,0.763980688508581,"RPL22P1"
"ENSG00000213180.4",2.18300308177481,-0.531323359981328,0.389247560438244,-1.36500113034267,0.172252694751663,0.346682598340773,"RPL36AP48"
"ENSG00000213185.7",77.7865717207957,-0.29144636619138,0.117265543949224,-2.48535380791458,0.0129422733133815,0.0637048422172468,"FAM24B"
"ENSG00000213186.8",461.878112708002,0.11426438492112,0.105455466591422,1.08353211658365,0.278572303411314,0.471122000278009,"TRIM59"
"ENSG00000213188.3",2.86592947373285,-0.308443688342824,0.203512531278194,-1.51560047140878,0.129620407798989,0.289316990939376,"YBX1P4"
"ENSG00000213189.5",61.3334881334001,-0.0407115445605993,0.084739339441013,-0.480432640012948,0.630919789787228,0.776969657799332,"BTF3L4P2"
"ENSG00000213190.4",455.376523240342,-0.1446710335207,0.202929144045694,-0.71291402819954,0.475898957973675,0.656233598733331,"MLLT11"
"ENSG00000213197.3",5.00457499611331,-0.0308235227478502,0.183299418543237,-0.168159413667641,0.866457869406208,0.928693690619359,"NUDCP1"
"ENSG00000213199.8",93.5514251252504,0.127395589033548,0.161233709187871,0.7901299900327,0.4294518570636,0.616096034697222,"ASIC3"
"ENSG00000213203.3",358.948306872281,-0.0500816293596711,0.132783883723005,-0.377166474992886,0.706049892717384,0.829271116850345,"GIMAP1"
"ENSG00000213204.8",16.9561870944324,-0.515449894151091,0.17429579170495,-2.95732839622227,0.00310317425144957,0.024217998207574,"AL049697.1"
"ENSG00000213212.3",14.3533863447139,-0.480210694228277,0.187758146481407,-2.55760244350213,0.0105396508847981,0.0556173849783703,"NCLP1"
"ENSG00000213213.14",34.7519903352191,-0.139378245779829,0.103882894617399,-1.34168619668484,0.179697764461061,0.356048186169262,"CCDC183"
"ENSG00000213214.5",247.846233784769,0.236034935633545,0.126378131810826,1.86768812176194,0.0618055552649939,0.17925710875838,"ARHGEF35"
"ENSG00000213216.2",4.07053472777733,-0.595632424690086,0.267762618817714,-2.22447938147624,0.0261162082299095,0.101230286530179,"AC007066.1"
"ENSG00000213221.5",7.25556571750671,0.0936133133046408,0.134082499203111,0.698176972095618,0.485066525819612,0.664161807542053,"DNLZ"
"ENSG00000213222.3",41.3283965071104,0.181478432680684,0.115088122208517,1.57686500742344,0.114826589722449,0.267225056034496,"TOMM40P4"
"ENSG00000213225.7",10.0053743065653,0.322101180435442,0.128938275050942,2.49810368804906,0.0124859666916689,0.0621248105366802,"NOC2LP1"
"ENSG00000213228.5",10.0800013334651,0.145538458617252,0.143957758626925,1.01098030426011,0.312025856627557,0.506087735041597,"RPL12P38"
"ENSG00000213232.2",1.32136022736338,-1.20310434419731,0.916840310523104,-1.31222889132228,0.189442916458703,0.368080596689068,"PPP1R2P10"
"ENSG00000213234.4",3.26780835327921,-0.0847522577383722,0.228365722135058,-0.371125127475342,0.710544336348464,0.832640617720228,"ST13P10"
"ENSG00000213235.3",25.4569189175143,-0.135516343649532,0.141931992008314,-0.954797729053177,0.339679996057639,0.533064629212679,"EEF1A1P16"
"ENSG00000213236.3",21.3471410246128,0.205195872507062,0.12502241056082,1.64127272531863,0.100740815165941,0.245420863002635,"YWHAZP2"
"ENSG00000213237.4",6.43210879462285,0.17110059289626,0.139539440666264,1.22618087100894,0.220130618146858,0.404571276288343,"PTMAP10"
"ENSG00000213250.5",22.4054268246135,0.0757079796408833,0.101342728526052,0.747048956960158,0.455034009544537,0.638274585201865,"RBMS2P1"
"ENSG00000213252.3",2.14414197758889,-0.0954935058897362,0.220957890927933,-0.432179658706473,0.665610842209654,0.802352596172077,"AP001282.1"
"ENSG00000213253.5",4.7665245689741,-0.279686197192571,0.14733569827885,-1.89829213462736,0.0576576095104437,0.170960163816915,"RPL12P42"
"ENSG00000213260.3",77.2978642511727,0.22121575593443,0.110631077819075,1.99958059069265,0.0455455715225506,0.146688490446161,"YWHAZP5"
"ENSG00000213261.3",48.7072910735092,0.26546882474144,0.113171700253722,2.34571738470201,0.0189905008558269,0.0824316486301231,"EEF1B2P6"
"ENSG00000213262.3",3.2838721318288,-0.321533824036729,0.236366251220797,-1.36032036035625,0.17372856807695,0.348829697665152,"VDAC2P3"
"ENSG00000213269.2",1.97586004638039,-0.458558649629291,0.242601473656735,-1.8901725645662,0.0587348846826291,0.173049603162723,"RPS6P26"
"ENSG00000213275.2",4.08721807037434,-0.0476765889584261,0.166941277714105,-0.285588978419553,0.775192945983547,0.87468646209687,"IFITM9P"
"ENSG00000213277.3",8.24079201127715,0.0887919472651909,0.203166725934722,0.437039809824567,0.662082477282577,0.799576027139032,"MARCKSL1P1"
"ENSG00000213279.2",11.5467059198087,-0.372555209591496,0.176107855318985,-2.11549455824492,0.0343878182412961,0.121193550283084,"Z97192.2"
"ENSG00000213280.2",27.0817419707966,-0.107620459252852,0.150024982031619,-0.717350255907183,0.473158005011535,0.653608866357882,"AC090114.1"
"ENSG00000213281.5",3811.30958615602,0.134236939773677,0.0694425627929891,1.93306431062809,0.0532282759343159,0.162274573698523,"NRAS"
"ENSG00000213287.3",1.13421991085016,-0.901030431521606,0.72261645062391,-1.2468999712692,0.212434177288981,0.395005365232172,"AP001102.1"
"ENSG00000213290.4",8.25844452888752,-0.0657018505081721,0.129277113129482,-0.508224920232912,0.611295616270093,0.762927910949175,"PGK1P2"
"ENSG00000213293.4",7.61129804249823,0.0834494988448044,0.156025888803653,0.534843925483541,0.592757786052944,0.748773902377473,"AC012618.1"
"ENSG00000213300.5",48.4515849707515,0.0260969867095729,0.115784512627008,0.225392724099835,0.82167377136297,0.902599474395782,"HNRNPA3P6"
"ENSG00000213302.3",2.08726825782978,-0.216292195601104,0.29028325689552,-0.7451073751696,0.456206810960618,0.639353988773862,"AC015983.1"
"ENSG00000213303.3",10.5229631713776,-0.231421618943584,0.158050661250318,-1.46422430069471,0.143132672607568,0.307996126494555,"AC008481.1"
"ENSG00000213304.3",6.58894485360795,-0.017299039067632,0.124804739432749,-0.138608831253188,0.889759264349886,0.941498694642467,"AC008481.2"
"ENSG00000213309.3",6.43495464909426,-0.134209548657322,0.166250953686574,-0.807270849768127,0.419510454577603,0.60769967211644,"RPL9P18"
"ENSG00000213312.3",6.70413834095957,-0.365088598269407,0.204467116528988,-1.78556143631852,0.074170295593658,0.201541101830226,"RPL7AP34"
"ENSG00000213315.5",27.1731559491098,-0.218192680670375,0.146397090961377,-1.49041677834937,0.136114683565747,0.297881725944289,"AL122020.1"
"ENSG00000213316.10",104.535891528133,-0.0718610372661037,0.124364655526015,-0.577825242728001,0.563382111033817,0.7266932944345,"LTC4S"
"ENSG00000213326.4",72.4439707003199,-0.284008359284522,0.151411093042031,-1.8757434054431,0.060690522600949,0.17710312638736,"RPS7P11"
"ENSG00000213337.9",204.938467421533,0.0461275942509175,0.0606880406345889,0.760077171195198,0.447208457546414,0.631823092598886,"ANKRD39"
"ENSG00000213339.9",1152.56220814051,-0.0426042584566835,0.0784346040349906,-0.543181915442286,0.587004556818373,0.744047160212978,"QTRT1"
"ENSG00000213341.11",1514.77609009096,-0.0114764548252746,0.0548856771358933,-0.209097444436364,0.834372169656864,0.909854005580753,"CHUK"
"ENSG00000213344.2",1.51454688686045,0.936841181350483,0.358473859289572,2.61341561475954,0.00896422174894623,0.0498406537554554,"PCNPP3"
"ENSG00000213347.10",306.966990087457,0.0589153040848641,0.108944738291292,0.540781546763082,0.588658163419364,0.74563218059355,"MXD3"
"ENSG00000213352.3",5.08971474807958,0.166089506615666,0.174532316791832,0.951626092340045,0.341286643868972,0.534603191602978,"GAPDHP44"
"ENSG00000213362.3",22.5276955881164,-0.019580216022873,0.150677984641116,-0.129947424433032,0.89660802308858,0.945153117585033,"FTH1P12"
"ENSG00000213363.4",5.12723015722874,0.046539826405864,0.167215578501931,0.278322311968838,0.780764950021283,0.87844302257641,"RPS3P6"
"ENSG00000213366.13",253.021294844873,-0.354840798291551,0.124061096311965,-2.86021008067885,0.00423360453001414,0.0299090801555385,"GSTM2"
"ENSG00000213370.3",2.8125898360542,-0.139212545201607,0.212443069243715,-0.655293419066085,0.512278857060417,0.687036088811947,"RANP6"
"ENSG00000213371.4",7.51456566771091,-0.108317406136108,0.12205835626191,-0.88742311016939,0.374851145807278,0.566625162195763,"NAP1L1P3"
"ENSG00000213373.7",4.78852827726657,-0.456720490892407,0.166501856577217,-2.74303542483682,0.00608741179816962,0.0383761731215008,"LINC00671"
"ENSG00000213376.4",4.00373067627179,0.349457935291846,0.191436561414323,1.82545033566247,0.067933099294232,0.1903144290477,"GAPDHP71"
"ENSG00000213380.16",306.548590424467,-0.0536226683589596,0.0615803317963765,-0.870775892151247,0.383876530910237,0.575359291923407,"COG8"
"ENSG00000213383.2",3.15771646862476,-0.486136629084038,0.209946294916426,-2.31552849874086,0.0205840267729363,0.0868132763302975,"AC104297.1"
"ENSG00000213384.2",1.80860928497702,-2.27908086495856,1.05496534374792,-2.1603371887666,0.0307465760376535,0.112513272809584,"EIF4E2P1"
"ENSG00000213385.3",11.7827513980537,-0.146291494168501,0.119794913373642,-1.22118285366772,0.222016794746557,0.406617175992358,"AC105052.2"
"ENSG00000213390.11",609.068888675021,-0.0803123154637677,0.0559602360510163,-1.43516756059697,0.151239355145854,0.318986607067732,"ARHGAP19"
"ENSG00000213394.3",3.23638865209844,-0.0608171612886841,0.180601644434011,-0.336747549997563,0.736307214969809,0.849410739051508,"RPSAP46"
"ENSG00000213397.10",24.7699408731249,-0.292783607193066,0.111448975711432,-2.62706413696572,0.00861250990956096,0.0485404306280087,"HAUS7"
"ENSG00000213398.8",300.169707242149,-0.17647650899902,0.104382367598739,-1.69067355970906,0.0908991668397625,0.23017234268301,"LCAT"
"ENSG00000213399.3",16.9612126510919,0.236079777527597,0.134652673240819,1.75324983786532,0.079559131719753,0.211068629671827,"RPS2P17"
"ENSG00000213401.10",246.965413452035,-0.431632794644525,0.562183272421912,-0.767779505044735,0.442618192597865,0.627521504329119,"MAGEA12"
"ENSG00000213406.3",21.6744017534024,0.0508794156608997,0.139099490895424,0.365777152262558,0.714531370047417,0.835196183793443,"ANXA2P1"
"ENSG00000213409.4",5.16590165423936,-0.363039496437134,0.219146713182369,-1.65660479760433,0.0975994017636088,0.240694583919691,"C1QBPP2"
"ENSG00000213411.2",10.9146472344522,0.187484045635626,0.155175598583514,1.20820571885678,0.226968142571224,0.412560077015929,"RBM22P2"
"ENSG00000213412.3",3.99775876495647,0.755100742190298,0.246085690588734,3.06844636266253,0.00215174951964509,0.0187780332260928,"HNRNPA1P33"
"ENSG00000213413.2",9.14247694356131,-0.490523504425258,0.175216055622878,-2.79953513781308,0.0051176246403475,0.0340198011568879,"PVRIG"
"ENSG00000213420.8",121.922685637559,-0.439341325648007,0.195454141795933,-2.2477974711158,0.0245891072094003,0.097422961599734,"GPC2"
"ENSG00000213430.6",19.6491885353199,0.304289732135613,0.165143524421763,1.84257743802586,0.0653907305843291,0.185787130341703,"HSPD1P1"
"ENSG00000213432.2",7.13481731865508,0.139355925896099,0.141653948014585,0.983777210937679,0.325225066692385,0.518719190397194,"RPL17P34"
"ENSG00000213433.5",26.7694069186878,0.230287938981837,0.103811453921264,2.21832880942501,0.0265324212282717,0.102281470707427,"RPLP1P6"
"ENSG00000213435.3",2.71862905362055,-0.287225197640393,0.188263769092069,-1.52565307188728,0.127096287416375,0.285771371442788,"ATP6V0CP3"
"ENSG00000213440.2",3.93088991551904,-0.502470618053182,0.266652350677748,-1.88436597980876,0.0595154882688914,0.174683825656149,"H2AZP1"
"ENSG00000213442.5",473.485042474551,-0.0200471972019062,0.142234797283101,-0.140944393248613,0.887913871430471,0.940275343412153,"RPL18AP3"
"ENSG00000213445.10",2900.03732362325,0.0947981557250163,0.0745734697944416,1.27120483982203,0.203655785239348,0.384764048233663,"SIPA1"
"ENSG00000213453.3",53.4590483337253,0.118079882003583,0.102492827645471,1.1520794646434,0.249288420775131,0.438990955090268,"FTH1P3"
"ENSG00000213455.3",6.99681476992373,0.159093982130503,0.143174392180665,1.11119020452868,0.266486486686421,0.458087033457266,"PPIAP82"
"ENSG00000213462.5",1497.65584146592,0.0605890023280301,0.15939340210832,0.380122398584951,0.703854559845559,0.827696534324145,"ERV3-1"
"ENSG00000213463.5",1803.06591527645,-0.11324833480898,0.0595467619470919,-1.90183867444552,0.0571922485085201,0.170069804358178,"SYNJ2BP"
"ENSG00000213465.8",1141.24888925725,0.157706096105735,0.0842759349958253,1.87130639504086,0.0613026246566326,0.178383134179297,"ARL2"
"ENSG00000213468.7",104.910882999848,0.117109738427603,0.193931629906409,0.603871263723819,0.54592923533934,0.713021145979077,"FIRRE"
"ENSG00000213478.2",3.36934219127593,0.0113753142308977,0.165980024086398,0.0685342365354551,0.945360367319969,0.971635778507247,"CFL1P2"
"ENSG00000213483.4",1.32047526530749,-0.0396732762282881,0.401745136340511,-0.0987523497849189,0.92133490284485,0.958592547280027,"NDUFAF4P2"
"ENSG00000213484.2",1.76000866139506,-0.275649070753902,0.383111302628958,-0.719501275118649,0.471832116850026,0.652544621205829,"EIF4A1P8"
"ENSG00000213492.2",11.1144780511124,0.285378683068006,0.15157534557747,1.88275132727407,0.0597340759864133,0.175141047275708,"NT5C3AP1"
"ENSG00000213493.3",3.22995694975098,0.24727813357698,0.184914458339682,1.33725689054956,0.181138797481441,0.357966046450384,"ACTN4P1"
"ENSG00000213512.3",2.93271283798744,0.143910490659342,0.225384967175472,0.638509712794204,0.523141933487607,0.695448854499569,"GBP7"
"ENSG00000213513.3",13.8440822469823,-0.0304457054491782,0.144140730568607,-0.211222083647528,0.832713979220265,0.908753058985353,"IMPDH1P5"
"ENSG00000213514.2",14.4388088038536,-0.625406932764729,0.168951755118839,-3.70168946942767,0.000214168637817411,0.00379272152066759,"AL731556.1"
"ENSG00000213516.10",940.069091786627,-0.0136416548841191,0.0620400232878103,-0.219884747960748,0.82596091499592,0.90471185204669,"RBMXL1"
"ENSG00000213519.2",4.50707740271052,-0.0231253227726903,0.175453776126602,-0.131802935697455,0.895140164461746,0.944533674663058,"AC132008.1"
"ENSG00000213523.10",1629.94052219162,0.17721122079819,0.0652194022217775,2.71715493796748,0.00658457753733069,0.0404689569780969,"SRA1"
"ENSG00000213533.13",35.0399156400385,-0.078194715721977,0.0713133436551737,-1.09649487338691,0.272862265635023,0.465121841476051,"STIMATE"
"ENSG00000213538.5",4.04378689131742,-0.178422774060184,0.151025424855424,-1.18140885371444,0.237440342515005,0.425074007815888,"KRT8P41"
"ENSG00000213539.4",9.3857808531966,0.23139958303606,0.171791560816865,1.34697875690611,0.177987074478026,0.353964737506536,"YBX1P6"
"ENSG00000213542.3",12.9650045460106,-0.0947796148369079,0.138548376021794,-0.684090406241925,0.493918079559388,0.671430918409648,"AC007000.1"
"ENSG00000213551.7",460.52591672609,0.144219363806612,0.0763812559290061,1.88815124931513,0.0590056483657019,0.173587788948678,"DNAJC9"
"ENSG00000213553.4",394.043962148041,0.060162334669894,0.153617326762934,0.391637687867971,0.6953259370322,0.822128220101323,"RPLP0P6"
"ENSG00000213561.4",4.12959807882999,-0.358472800019153,0.245316656928071,-1.46126563319449,0.143942557331152,0.30894014706202,"AC103591.2"
"ENSG00000213563.7",1025.02330402953,0.153182586734001,0.0912824999610038,1.67811559498744,0.0933245348667592,0.234123558082964,"C8orf82"
"ENSG00000213574.2",9.61089941004764,0.464157241753105,0.159483180294724,2.91038365861119,0.00360985333341523,0.0268325177560601,"LDHAP5"
"ENSG00000213585.11",7885.2761788259,0.324865804924671,0.0671116134999074,4.8406793993281,1.29395982519298e-06,9.03140554720126e-05,"VDAC1"
"ENSG00000213588.6",614.803798120822,0.131772495911332,0.0598124232035315,2.20309575926948,0.0275880000349058,0.104754480515752,"ZBTB9"
"ENSG00000213590.2",13.6629552847939,-0.229453283894901,0.146118155152477,-1.57032699773318,0.116339056397027,0.269276710555215,"AL807752.1"
"ENSG00000213592.4",6.75518791576215,-0.119751141694473,0.179828543243323,-0.665918432828762,0.505463237912886,0.681118208598119,"PPIAP42"
"ENSG00000213593.10",3226.14075810278,0.0469142609683916,0.0562711019139664,0.833718540648438,0.404439607755182,0.593999856390109,"TMX2"
"ENSG00000213598.4",22.4654388630625,-0.0128257684044198,0.143320608594199,-0.0894900498276208,0.92869246094372,0.962404727374293,"AL049873.1"
"ENSG00000213600.3",4.97915551704041,-0.510334833943599,0.190882470796101,-2.67355526054949,0.00750519098602944,0.0441467002646428,"U73169.1"
"ENSG00000213606.3",4.68238488082662,-1.03625441976612,0.488339327891958,-2.12199665392378,0.0338380190317956,0.120000976525945,"AKR1B10P1"
"ENSG00000213608.5",2.43279048944476,-1.02417103903698,0.33269796078275,-3.07838087323223,0.00208128723228129,0.0183701738664742,"SLC25A14P1"
"ENSG00000213609.3",42.8456501005716,0.0863368881339466,0.112242614600149,0.769198832738453,0.441775283268607,0.62687135167175,"RPL7AP50"
"ENSG00000213612.3",4.70988790472182,-0.259398110917931,0.170758771013671,-1.51909099238693,0.128739593732945,0.288046189123047,"FAM220CP"
"ENSG00000213613.2",10.2444193175311,-0.864827081927651,0.166770797389776,-5.18572253334245,2.15178974830067e-07,2.47098191092921e-05,"RPL11P3"
"ENSG00000213614.10",1174.71562917519,0.0747298115071525,0.0611823159344799,1.22142828962507,0.22192390149084,0.406520630114693,"HEXA"
"ENSG00000213619.11",2571.42209903571,0.037333409258852,0.0695126036818933,0.537073958985896,0.591216527823993,0.747749487774089,"NDUFS3"
"ENSG00000213621.3",20.3967976589036,0.00990961660124946,0.1330443769806,0.0744835432067486,0.940625635409176,0.968943356425671,"RPSAP54"
"ENSG00000213625.9",5978.65229102485,0.0895789757720376,0.0559824330215869,1.60012652071581,0.109570518673099,0.259141243033565,"LEPROT"
"ENSG00000213626.13",7199.07621806645,-0.0565453020085788,0.0992633522183676,-0.569649329232664,0.568915563825828,0.73047165869084,"LBH"
"ENSG00000213638.6",67.8047114682011,0.119413970496736,0.108566519147828,1.09991525411381,0.271369047765419,0.46334118197108,"ADAT3"
"ENSG00000213639.10",13187.6858987393,0.0180861528317487,0.0588651748446123,0.307247075702928,0.758655315994894,0.863872749005336,"PPP1CB"
"ENSG00000213640.3",7.1261697275796,-0.0508207059574346,0.183209287637357,-0.277391537365882,0.781479478978596,0.878831153306347,"EEF1DP4"
"ENSG00000213642.3",3.87593886259543,-0.0668416873670158,0.348815745223002,-0.191624627851254,0.848036249770328,0.917688321074845,"AC016769.1"
"ENSG00000213650.3",1.98281031908085,-0.00427410142213749,0.224670370149586,-0.0190238767100966,0.984822057994733,0.992874080998657,"AC092447.2"
"ENSG00000213654.10",1893.12740261508,0.0141043477803359,0.100256576827894,0.140682519058557,0.888120755508658,0.940421530390396,"GPSM3"
"ENSG00000213658.12",21.3905879370345,-0.212313967306304,0.141692698977894,-1.49841148370974,0.134026374609081,0.295251775945222,"LAT"
"ENSG00000213659.4",1.91772577919858,-1.10286907131719,0.938286290532909,-1.17540784986936,0.239831584455802,0.427647818741631,"RSU1P3"
"ENSG00000213664.4",1.38566149324217,0.160648587844858,0.492767385458811,0.326013028835664,0.744414497619275,0.854554577933885,"RPS16P8"
"ENSG00000213672.8",1199.9600710702,0.0700726480339933,0.0650971999494943,1.07643106137221,0.28173451696787,0.474181652768378,"NCKIPSD"
"ENSG00000213676.13",4051.67958104067,-0.0138551060984451,0.0649956583566869,-0.213169717004946,0.831194587730549,0.907950202258903,"ATF6B"
"ENSG00000213683.4",3.65034854898358,0.144159822461718,0.164193586960354,0.87798692464479,0.379950814507526,0.571479668732735,"AC002056.1"
"ENSG00000213684.4",4.51028895394466,0.107895793383674,0.197846675141322,0.54535055141363,0.585512442636443,0.743115788650593,"LDHBP2"
"ENSG00000213693.4",34.9462546044319,-0.290740179734905,0.0982896269054798,-2.9579945401003,0.00309647608522725,0.0241770587020335,"SEC14L1P1"
"ENSG00000213694.6",964.145684807876,0.359798309656798,0.102042929063374,3.52595043046387,0.000421965940663179,0.00600778674435448,"S1PR3"
"ENSG00000213695.3",7.36280468551417,-0.0758194115101011,0.143698442383982,-0.527628624585236,0.597757121516358,0.752615461179293,"RPS7P14"
"ENSG00000213699.9",2842.98660852845,0.253530609543454,0.0582439069739376,4.35291213649012,1.34341001314499e-05,0.000493985773447645,"SLC35F6"
"ENSG00000213700.3",56.0728616309836,0.0516766696107434,0.106369515650947,0.485822176537131,0.627093249535651,0.774715780058274,"RPL17P50"
"ENSG00000213704.3",1.49803377830322,-0.552655487175976,0.286812606538668,-1.92688701464546,0.0539937121301185,0.163784299209339,"EEF1A1P15"
"ENSG00000213707.2",75.4947454792162,0.135735111464593,0.0961131567913437,1.41224277711808,0.15787848894725,0.327880265268593,"HMGB1P10"
"ENSG00000213713.3",64.0058357560914,-0.0632597212960914,0.0924691252937072,-0.684117223940004,0.49390114643582,0.671430918409648,"PIGCP1"
"ENSG00000213714.1",7.29191730285059,-0.292873172504704,0.107156629661209,-2.73313161706059,0.00627352574475962,0.0391278554927467,"FAM209B"
"ENSG00000213716.3",0.759271428172688,-1.18726318514471,1.22417949487993,-0.969844038484864,0.332124237851976,0.525680937186473,"FABP5P5"
"ENSG00000213719.8",18895.0389071635,0.268911438648892,0.0816037623621597,3.29533137768153,0.000983056811055171,0.010887861081324,"CLIC1"
"ENSG00000213722.10",2744.32904917984,0.113984651145692,0.0895110991565549,1.27341360143878,0.202871313396466,0.383717454659046,"DDAH2"
"ENSG00000213729.3",4.36222151122052,0.0695934851572521,0.163327412085539,0.426098009321327,0.670036430693308,0.805346875558804,"RPS16P2"
"ENSG00000213730.3",1.90566679325161,0.23133989183114,0.33075423387903,0.699431384802015,0.484282479771936,0.663506855927863,"POLD2P1"
"ENSG00000213731.2",4.9006567164809,-1.07239450915492,0.305098936185099,-3.51490740205109,0.000439907347205912,0.00619798362696844,"RAB5CP1"
"ENSG00000213740.2",10.6070167392481,0.193078642289195,0.166655714831315,1.15854798309572,0.246640482240813,0.435891246187885,"SERBP1P1"
"ENSG00000213741.11",14409.9324670554,0.118464316249105,0.103362787180234,1.14610218513689,0.251752873574679,0.441974711027304,"RPS29"
"ENSG00000213742.7",129.641996284052,-0.338771581206288,0.112421708042663,-3.01340005506522,0.00258338118252677,0.0213726468568818,"ZNF337-AS1"
"ENSG00000213744.3",1.86162387103294,-0.0811289687958824,0.323026053427284,-0.251153019810971,0.801695805335881,0.890972341925009,"RPS10P14"
"ENSG00000213753.11",857.017634019613,0.0559697650016183,0.0581223653853823,0.962964336198447,0.335565421063558,0.52887613915305,"CENPBD1P1"
"ENSG00000213754.2",4.54595596446195,-0.22362547493713,0.148355487260405,-1.50736234342721,0.131717805505147,0.292105983103991,"KPNA4P1"
"ENSG00000213757.3",87.7669807794815,-0.0243135238960721,0.118552940180149,-0.205085794237799,0.837505095097658,0.911449304755699,"RPS3AP20"
"ENSG00000213759.10",15.5958803679238,-0.913353971327981,0.468166211140962,-1.95091817733291,0.0510667799541647,0.157890630109027,"UGT2B11"
"ENSG00000213760.11",20.760093192826,-0.106751306473418,0.117670782004208,-0.907203170193944,0.364299367600168,0.55699069723334,"ATP6V1G2"
"ENSG00000213762.12",840.01005182492,-0.0540254198971567,0.071149394289493,-0.759323679936582,0.447658955568254,0.632164472672798,"ZNF134"
"ENSG00000213763.4",40.5648714699988,0.254263283360164,0.105922726995148,2.4004601332801,0.0163744742877991,0.0746379206549419,"ACTBP2"
"ENSG00000213771.3",4.72910982600209,0.279079678658154,0.194115904123376,1.43769610181336,0.150520299643261,0.317913616445035,"KRT8P37"
"ENSG00000213772.3",3.16532044694956,0.215554596751575,0.222195431015791,0.970112642578398,0.331990347903718,0.525530365764477,"EIF1P7"
"ENSG00000213779.4",1.91060297826679,0.140857513122861,0.275134520344037,0.511958706405609,0.608679909942645,0.760975600515227,"AC107956.2"
"ENSG00000213780.11",5.61835093340786,-0.429162726509113,0.13754456100188,-3.12017228004565,0.00180745294872126,0.0167172156041456,"GTF2H4"
"ENSG00000213782.7",60.894789668638,-0.231903106732414,0.113468660099304,-2.0437635072932,0.0409769158999925,0.136762149363876,"DDX47"
"ENSG00000213790.2",48.9030794595481,0.231516222075114,0.103716438766246,2.23220373577327,0.0256015006327037,0.0999473218298082,"OLA1P1"
"ENSG00000213791.4",2.06635356593582,-0.215703339879525,0.224888400818178,-0.959157249083387,0.33747953350409,0.53095646399222,"AC104212.2"
"ENSG00000213793.5",650.714377614277,-0.011875274008238,0.0925148317940971,-0.128360758788038,0.897863484156841,0.945660699500628,"ZNF888"
"ENSG00000213799.13",511.132855523113,-0.0188383439142051,0.0627363669321637,-0.300277890407247,0.763965196429445,0.867249498251688,"ZNF845"
"ENSG00000213801.4",91.3660926001303,-0.28967327331627,0.118879817952709,-2.43669008167141,0.014822376932594,0.0697894774737452,"ZNF321P"
"ENSG00000213809.9",20.7871432072515,-0.253770997853633,0.172915232224256,-1.46760348749678,0.14221196014151,0.306669006346998,"KLRK1"
"ENSG00000213820.3",3.80278604029077,-0.12439152382903,0.184901391648721,-0.672745200670807,0.501109405955792,0.677609985479313,"RPL13P2"
"ENSG00000213830.3",7.58729422579974,0.00313193976429654,0.112209233803066,0.0279116045814311,0.977732652932697,0.988897889845134,"CFL1P5"
"ENSG00000213839.4",127.699499724003,-0.193464469749237,0.0798665463912952,-2.42234675832086,0.0154206280750751,0.0716599791261908,"TMX2P1"
"ENSG00000213842.2",5.08512049144226,-0.51600575069039,0.212097604659201,-2.4328692986397,0.0149797070470747,0.0703015769267349,"SUGT1P2"
"ENSG00000213851.3",4.21246374018515,0.138166467867414,0.157721235994438,0.876016897764396,0.381020847649093,0.572339247463511,"AC098590.1"
"ENSG00000213853.10",14590.3515329725,-0.0906997134882873,0.151954744239149,-0.596886355489782,0.550583257585031,0.716121748438428,"EMP2"
"ENSG00000213856.3",5.51062009051661,0.409294548994817,0.143115782585465,2.85988408546344,0.00423795879893521,0.0299182277974873,"VDAC1P2"
"ENSG00000213857.3",5.94305881837087,-0.0848244013177773,0.140669591615153,-0.603004532421207,0.546505674032877,0.713522094336336,"AL080243.1"
"ENSG00000213859.7",787.180858303866,0.186102295619403,0.0714826752130379,2.60346014002368,0.00922879983756399,0.0508446852543468,"KCTD11"
"ENSG00000213860.4",23.5078962889281,-0.101924040140709,0.115641717246227,-0.881377781027675,0.378113379598404,0.569600922187447,"RPL21P75"
"ENSG00000213862.4",41.5051961616668,-0.115035893248045,0.148618448301504,-0.774035084895179,0.438910043715107,0.624298305838382,"AC044787.1"
"ENSG00000213864.3",8.19678530124648,0.0765781781950618,0.144159459126742,0.531204671957988,0.595276955810642,0.750786915481799,"EEF1B2P2"
"ENSG00000213866.3",179.476044104554,0.2312250249382,0.0801834025404681,2.88370183369933,0.00393030693187058,0.0284089684504488,"YBX1P10"
"ENSG00000213871.3",2.56014616914498,-1.48113194818293,0.360251169541323,-4.11138692504101,3.93289475058508e-05,0.00110309911483765,"TAF9BP1"
"ENSG00000213872.3",4.70174847382105,-0.0384653956858526,0.206941974945977,-0.185875271055542,0.852542575080781,0.920831168964588,"AC092798.1"
"ENSG00000213875.3",5.68474035776098,0.384810387530485,0.156863643143612,2.45315217611122,0.0141610416815429,0.0676224269511775,"AC005019.1"
"ENSG00000213876.4",17.6416379993127,-0.114610506730114,0.143169695801977,-0.800522108314287,0.423408359610446,0.610980171485376,"RPL7AP64"
"ENSG00000213880.3",1.75133151534297,0.47276300819575,0.29617895131266,1.59620731351932,0.110442515304707,0.260574208917837,"RPL7AP7"
"ENSG00000213881.3",23.0043758497161,0.0642908289804234,0.122366359232828,0.525396272173929,0.599307744446412,0.753787409741383,"NPM1P6"
"ENSG00000213885.4",49.9738628512777,0.187691117944009,0.108024474437856,1.73748698080437,0.0823012500734032,0.215898180686286,"RPL13AP7"
"ENSG00000213888.3",52.815808470846,-0.0263042891166214,0.0975680762472454,-0.269599341591651,0.787468506927706,0.882109922315673,"LINC01521"
"ENSG00000213889.10",104.03037000669,0.0482939098830816,0.15028200563733,0.321355239293435,0.747941199480345,0.856828389020587,"PPM1N"
"ENSG00000213891.3",10.4476027843653,-0.883829766230707,0.198731923139921,-4.4473467184657,8.69374531101117e-06,0.000360449393075336,"RPL3P6"
"ENSG00000213892.12",5.35125570494347,-0.180123431239244,0.262536145884983,-0.686090026316438,0.492656339892751,0.67042744835681,"CEACAM16"
"ENSG00000213901.11",27.1844831956321,-0.216513934247328,0.151185912699354,-1.43210389368674,0.152114090313671,0.320143029140234,"SLC23A3"
"ENSG00000213903.9",497.920169358046,-0.0663190242120524,0.114543582800796,-0.578985069180073,0.562599247800638,0.72607732515512,"LTB4R"
"ENSG00000213904.9",24.8018344844646,0.0142460493112633,0.106367562660489,0.13393227178416,0.893456130982416,0.943768937617156,"LIPE-AS1"
"ENSG00000213906.10",52.4459014798327,-0.233256444012787,0.126622677373534,-1.84213798705808,0.0654549685141494,0.185886843594427,"LTB4R2"
"ENSG00000213917.2",2.21643526871339,-0.547605867689652,0.270876336716026,-2.02160836316882,0.0432168273886876,0.141797362200806,"RPL5P8"
"ENSG00000213918.10",789.12236770393,0.014356211877385,0.0970423539048291,0.147937589101192,0.882392022764479,0.937383725321983,"DNASE1"
"ENSG00000213923.13",3305.83434139671,0.280779485372341,0.0805804491373771,3.48446165761195,0.000493128110703538,0.00670384409540747,"CSNK1E"
"ENSG00000213928.9",195.528003165968,-0.264468592771802,0.112404506240403,-2.35282909571415,0.0186311950205891,0.0813706383078151,"IRF9"
"ENSG00000213930.12",512.858111036126,-0.0705315574894671,0.0561368555971024,-1.25642159218315,0.208963157180901,0.391040997809215,"GALT"
"ENSG00000213937.4",314.694268904898,-0.111751740780125,0.222262648885244,-0.502791365713557,0.615110964797386,0.765737711299708,"CLDN9"
"ENSG00000213939.4",30.7278747898588,-0.151570615821795,0.144988115956514,-1.04540027175231,0.295838011169298,0.488538650857064,"AC091153.1"
"ENSG00000213942.3",12.411597563993,-0.168022577340858,0.130240649762806,-1.29009320551502,0.197018298671267,0.377211468035109,"AC005840.1"
"ENSG00000213943.3",7.3462305990881,0.428790577386846,0.160902225229025,2.66491390517759,0.0077008035123154,0.0448692424458377,"KRT18P17"
"ENSG00000213946.3",1.35476611553796,-0.6707471994676,0.347008032240888,-1.93294430430353,0.0532430592654115,0.162283362823706,"DNAJB1P1"
"ENSG00000213949.10",4131.48074719191,0.025679972233642,0.10989366545406,0.233680186456036,0.815233270843591,0.898883527046817,"ITGA1"
"ENSG00000213950.2",12.1845406058103,-0.0894246885801148,0.168240721189811,-0.53152820522699,0.59505280133274,0.750676098471862,"RPS10P2"
"ENSG00000213963.6",97.7048105889573,-0.1526142265083,0.102492335825054,-1.48903062145838,0.136479305406672,0.298306559539413,"AC019080.1"
"ENSG00000213965.3",1203.66671594971,0.175548748637232,0.0737448201494457,2.38048920970283,0.0172896673912008,0.0774650881347523,"NUDT19"
"ENSG00000213967.11",143.53405651882,-0.496048687918564,0.136084612214369,-3.64514899845661,0.000267236926997861,0.00440495124335287,"ZNF726"
"ENSG00000213970.4",4.80360633619411,-0.747567703810484,0.19814203216749,-3.77288804214223,0.000161368711598986,0.00307684665026067,"AC006122.1"
"ENSG00000213973.9",6.37397581023755,-0.861468336202607,0.257860386272193,-3.34083241189772,0.000835276248764707,0.00971200925781385,"ZNF99"
"ENSG00000213976.4",41.3922425675263,-0.362866730628101,0.132736357876951,-2.73374029867901,0.0062619412445439,0.0390702417268741,"AC010615.1"
"ENSG00000213977.8",6.15005019605267,0.0526363990767079,0.109936584626616,0.478788742214249,0.632088926333363,0.777713020600047,"TAX1BP3"
"ENSG00000213981.8",8.18126326697667,-0.218119763676117,0.236944245891872,-0.920553115164716,0.357283789941923,0.550516954661358,"AC007277.1"
"ENSG00000213983.12",1289.73027665655,-0.133900652553051,0.0895660131132874,-1.49499400384929,0.134916007036693,0.296351444573514,"AP1G2"
"ENSG00000213985.4",17.342578633776,-0.113757695913293,0.120001186214749,-0.947971428463353,0.343143999693584,0.536572139298294,"AC078899.1"
"ENSG00000213988.11",206.036895516291,-0.721732749074725,0.191811514252517,-3.76271858280925,0.000168076296322724,0.00317040460819968,"ZNF90"
"ENSG00000213994.3",4.35046602650573,0.253536205766673,0.183969363909243,1.37814362336845,0.168158949257236,0.340853087133152,"AL157395.1"
"ENSG00000213995.11",1853.6608222488,-0.0548289530509475,0.0671462252558257,-0.816560466981581,0.414179654945921,0.603179355763726,"NAXD"
"ENSG00000213996.13",12.4488644152654,-0.135519863678637,0.159068442073321,-0.851959457905363,0.394236594291457,0.585046006565407,"TM6SF2"
"ENSG00000213997.3",5.73443737784995,-0.0774705589254847,0.175820486529445,-0.44062304942212,0.659485913340325,0.79741283970086,"PGAM1P7"
"ENSG00000214003.2",1.16222187259902,-0.453091017287772,0.382172133765988,-1.18556790842633,0.235792981903442,0.423148757358306,"ATP5PBP3"
"ENSG00000214012.4",3.24527551908067,0.363227257029186,0.185601482960776,1.95702777388879,0.0503442030505345,0.156361627025262,"KRT18P38"
"ENSG00000214013.9",1118.20389491871,-0.189770185954201,0.0961990934663059,-1.9726816450788,0.0485318444583976,0.152762664040222,"GANC"
"ENSG00000214016.3",11.4208292513282,-0.0805007198726255,0.153593331794323,-0.524115981678321,0.600197873434223,0.754312792206991,"RPSAP61"
"ENSG00000214018.3",16.7475582821279,-0.210962515498167,0.170404251155257,-1.23801204528611,0.215711594561211,0.399093421379627,"RRM2P3"
"ENSG00000214019.2",2.98539104682704,-0.20871764998257,0.188571130567513,-1.10683777179691,0.268364074271333,0.460145497487536,"RBM39P1"
"ENSG00000214021.16",580.30945031952,-0.309866093881075,0.116559393192716,-2.65843949074744,0.00785034461646549,0.0455016579589111,"TTLL3"
"ENSG00000214022.11",4351.71597503993,0.0118787564261915,0.0752015066044449,0.157959021867381,0.874489089066582,0.933003212379225,"REPIN1"
"ENSG00000214026.11",1104.18897857883,0.154793232105985,0.0837158985452462,1.84903028929832,0.0644534391700042,0.184072952940296,"MRPL23"
"ENSG00000214029.5",302.13233743755,-0.370490301216753,0.115835635376759,-3.1984138560791,0.00138185811282429,0.0137496121190255,"ZNF891"
"ENSG00000214039.9",111.331619087197,-1.32984963152695,0.517587973861886,-2.56932096316792,0.0101898030439084,0.0544025806983536,"LINC02418"
"ENSG00000214041.4",1.78815446867522,0.285347356277143,0.284083631830495,1.00444842400284,0.315162519321167,0.509181625455409,"PGAM1P4"
"ENSG00000214043.8",7.33980453981348,-0.14949685381941,0.369354273546334,-0.404751926609715,0.685659868802263,0.816050051781632,"LINC02347"
"ENSG00000214046.9",1205.41889600883,0.00801565646009792,0.0552655627319697,0.145038900607468,0.884680158262631,0.938702122861897,"SMIM7"
"ENSG00000214049.8",53.8334391054008,0.975664539124341,0.294591682068545,3.31192154603105,0.000926575264903269,0.0104288270096094,"UCA1"
"ENSG00000214050.8",127.089803681442,-0.15563840825801,0.109887759884034,-1.4163398036529,0.156676039244284,0.326482779906112,"FBXO16"
"ENSG00000214062.5",2.53001491801778,-0.72953572215013,0.301355025251345,-2.4208513581005,0.0154842073312986,0.0718388677091589,"RPL7P17"
"ENSG00000214063.11",2963.05414199026,0.030035861950906,0.109045106402383,0.275444382071322,0.782974850284827,0.879532414148484,"TSPAN4"
"ENSG00000214067.2",1.83443331535374,-1.32481631044312,0.570313453209309,-2.32296170288113,0.0201812098803237,0.0857334465414847,"AL360182.1"
"ENSG00000214077.4",8.96036861411016,0.0654633496296956,0.137864254409137,0.474839180832338,0.634901603894556,0.779451796362761,"GNAQP1"
"ENSG00000214078.13",4668.23203803761,-0.0024805144326364,0.0838777519871472,-0.0295729722586807,0.976407620895745,0.988124046794127,"CPNE1"
"ENSG00000214087.8",1042.57371501701,-0.0409001913582117,0.0851160456521874,-0.480522691636117,0.630855771911663,0.776969657799332,"ARL16"
"ENSG00000214089.3",4.67138026803132,-0.0204275239063154,0.1810016746807,-0.112858203894252,0.910142973016514,0.952218810315884,"RPL9P21"
"ENSG00000214093.3",7.97408063663899,-0.100891605953218,0.129918861557212,-0.77657396889049,0.437410164475317,0.623003063353015,"AL096701.1"
"ENSG00000214102.7",4.39077864842506,-0.723729009834806,0.198988181820308,-3.63704519139913,0.000275783559942109,0.00450302209963347,"WEE2"
"ENSG00000214106.9",374.550068554878,-0.220571888713375,0.0798315303438403,-2.76296706030005,0.0057278546630251,0.0367715899144031,"PAXIP1-AS2"
"ENSG00000214107.8",4.95016166609293,-0.319124201189568,0.775967141839236,-0.411259941282004,0.680881939753811,0.81268239069894,"MAGEB1"
"ENSG00000214108.4",6.68069341773464,0.121596764242712,0.150215399088186,0.809482682739648,0.41823755981257,0.606621202354269,"TPT1P5"
"ENSG00000214113.11",1124.39299487954,0.0204545925595726,0.0837353958417232,0.244276537466138,0.807016653533742,0.893826616776891,"LYRM4"
"ENSG00000214114.9",1082.00411909625,-0.0343425946422982,0.0609623449632869,-0.563341102823065,0.573202634475272,0.733675572241945,"MYCBP"
"ENSG00000214121.4",5.41869796032623,-0.0115426909523476,0.14862491804578,-0.0776632283746132,0.938095945229566,0.967839747172767,"PRDX1P1"
"ENSG00000214128.11",198.441454609907,-0.343875513789866,0.247583657948812,-1.38892654159332,0.16485508870157,0.33666974279551,"TMEM213"
"ENSG00000214135.8",487.240807010317,-0.0527012840455593,0.0803226285933975,-0.656120012111896,0.511746909203231,0.686639658570232,"AC132008.2"
"ENSG00000214140.11",40.6189211688385,-0.124690813849055,0.102539357276909,-1.21602882210707,0.223973942774595,0.408769020764971,"PRCD"
"ENSG00000214144.3",2.94390765394709,0.0284291938087203,0.18462923955417,0.153979910643456,0.877625575647763,0.934654387115364,"AL390728.1"
"ENSG00000214145.7",21.4883684302942,0.790179719516379,0.221514693884457,3.56716615796395,0.000360862677277177,0.00545108943493151,"LINC00887"
"ENSG00000214146.3",26.7361021337822,-0.121687935320925,0.129138151212405,-0.942308172902162,0.346034885023324,0.53972939167038,"LINC02026"
"ENSG00000214160.10",2400.03964050501,0.297251466584491,0.0880996755559876,3.37403588274949,0.00074074711167105,0.00892516172652335,"ALG3"
"ENSG00000214174.8",365.699350690824,-0.0832850958122874,0.0680241806872972,-1.22434544555772,0.22082193993586,0.40530485948975,"AMZ2P1"
"ENSG00000214176.9",927.420578009449,-0.0636124824064646,0.0981919879227472,-0.647837809908807,0.517089857700002,0.690921561467754,"PLEKHM1P1"
"ENSG00000214182.5",148.167599029057,0.0534899580510717,0.104407565293404,0.51231879510604,0.608427913244572,0.760889133635772,"PTMAP5"
"ENSG00000214184.3",10.5659892723554,0.152114398284253,0.0997693843151862,1.52466008814589,0.12734390156834,0.286076957821507,"GCC2-AS1"
"ENSG00000214185.3",6.58710140196214,-0.0711892414851305,0.145682611736177,-0.488659838238281,0.625082541613321,0.773264706942084,"XPOTP1"
"ENSG00000214188.9",3.11562540311346,-0.339303394039862,0.326202164562052,-1.0401629139874,0.298264218211329,0.491103393516804,"ST7-OT4"
"ENSG00000214189.9",8.28012449235993,-0.320677600883975,0.18149277565814,-1.76688906608604,0.0772468085073944,0.206859691413601,"ZNF788P"
"ENSG00000214192.3",5.35963027260211,-0.0413536261831497,0.18445988737426,-0.224187636519832,0.82261130327907,0.902877401414509,"UBE2V1P2"
"ENSG00000214193.11",611.751945177028,0.100038556437967,0.107259573684688,0.932677177442924,0.350986671978058,0.544494630733213,"SH3D21"
"ENSG00000214194.9",1596.77660583671,0.119902209552444,0.0770359136244781,1.55644560973111,0.11960216671295,0.274198797436596,"SMIM30"
"ENSG00000214198.8",33.2177303974831,-0.379814359035221,0.100052290091642,-3.79615857555419,0.000146955517219966,0.00287660730736914,"TTC41P"
"ENSG00000214199.3",128.560336695483,-0.213894464840401,0.125975043671538,-1.6979114164715,0.0895244822051321,0.227881330928848,"EEF1A1P12"
"ENSG00000214203.4",6.52315535950364,-0.283906919231332,0.143217407149096,-1.98234924708399,0.0474401657533768,0.1505321322512,"RPS4XP1"
"ENSG00000214207.2",13.9588027796208,0.489595282056213,0.140886773894816,3.47509754479678,0.000510667621119149,0.00684446743555549,"KRT18P10"
"ENSG00000214212.9",141.272411255405,0.0279348071242786,0.123753902351891,0.225728696981585,0.821412437104052,0.902529817327725,"C19orf38"
"ENSG00000214222.2",3.57089940938226,0.139854311767315,0.199219986546762,0.702009442885329,0.482673274572992,0.662365167567644,"TUBBP2"
"ENSG00000214223.4",29.3400559435667,-0.0717303222064256,0.133455611333172,-0.537484497578381,0.590932990407334,0.747560735119367,"HNRNPA1P10"
"ENSG00000214226.9",91.5703479459063,-0.0370108116692499,0.0930392503923706,-0.397797827402583,0.690779218880015,0.819081732470798,"C17orf67"
"ENSG00000214243.3",7.57670120516568,-0.118126600727003,0.163164240252493,-0.723973589704489,0.469081949219282,0.650226718934031,"AC004980.2"
"ENSG00000214248.2",4.45474623056413,-0.0748915375089133,0.173346482659563,-0.432033787821317,0.665716856343001,0.802409750664488,"AC010336.1"
"ENSG00000214249.3",2.56596282742688,-0.163912483816536,0.201643672735543,-0.81288186032749,0.416285795653932,0.604923529950956,"CTAGE11P"
"ENSG00000214253.9",3931.21312407509,0.151703744344104,0.0902927257635138,1.68013251412337,0.0929315360479267,0.233539251876738,"FIS1"
"ENSG00000214259.3",1.2917184414519,-0.086767166236472,0.272521570891101,-0.318386415991797,0.750191841064473,0.858315989022286,"AC018695.1"
"ENSG00000214263.2",69.028184451806,0.0764063492259923,0.324490785652411,0.235465389479002,0.813847538909154,0.898149269875506,"RPSAP53"
"ENSG00000214264.4",2.95619014775757,-0.585980063347041,0.227965732338455,-2.57047433110276,0.0101559352822005,0.0542644123495907,"KCTD9P4"
"ENSG00000214269.3",13.5967179883939,-0.116138758107223,0.143094917199496,-0.811620429154085,0.417009465207877,0.605552236453345,"LGMNP1"
"ENSG00000214273.4",2.42641213736322,0.773614702543422,0.228578722818369,3.38445631773936,0.000713193661942145,0.00866582357191235,"AGGF1P1"
"ENSG00000214274.10",272.441379376676,0.0092769031702037,0.126996202382323,0.0730486659929842,0.941767391060953,0.969509469461081,"ANG"
"ENSG00000214279.13",140.63988298224,-0.448147182612529,0.1547445472252,-2.89604506684387,0.00377898125675195,0.0276391966127071,"SCART1"
"ENSG00000214282.3",3.20954812832913,0.295407596501129,0.179371969635669,1.64689944087221,0.0995787168565122,0.243752240298791,"KRT8P14"
"ENSG00000214283.4",1.89006404439127,-2.20751167735671,0.770301783508425,-2.86577510868838,0.00415989648647206,0.0295299432247578,"RAD51AP1P1"
"ENSG00000214290.8",137.927859657943,0.0185534432201938,0.150600994503628,0.12319602059299,0.901951876672544,0.947934965277449,"COLCA2"
"ENSG00000214293.9",717.492406349713,-0.244412292973845,0.0897172101947443,-2.7242520408661,0.00644473035351002,0.0398883320975758,"APTR"
"ENSG00000214300.7",6.54539364419928,-0.445312330196806,0.191486429189373,-2.32555556068367,0.0200422726385309,0.0852955877482564,"SPDYE3"
"ENSG00000214309.5",59.7156098832106,0.201789368238963,0.0949810742655471,2.12452185658379,0.0336265303999634,0.119531078006191,"MBLAC1"
"ENSG00000214313.8",3.22348412085914,-0.0162144538913356,0.320732944249154,-0.0505543761003227,0.959680618901986,0.979570372661613,"AZGP1P1"
"ENSG00000214331.8",99.1558184281245,-0.378065616655677,0.117319536062854,-3.22252908034965,0.00127064266853333,0.0129845016462493,"AC009053.1"
"ENSG00000214336.5",93.5616698451185,-1.1252828620905,0.335997657784159,-3.3490794832069,0.000810805320803945,0.00948807098266945,"FOXI3"
"ENSG00000214338.10",4.62241654350594,-0.257241001213174,0.15433332852379,-1.66678839673649,0.0955564882842092,0.237894426414879,"SOGA3"
"ENSG00000214353.8",37.923785267111,-0.153055610685867,0.208517366073776,-0.734018530771744,0.462937444253753,0.645228631956303,"VAC14-AS1"
"ENSG00000214357.9",1997.80620131447,0.287316770737009,0.127356519036907,2.25600364166476,0.0240704030664544,0.0960064164123115,"NEURL1B"
"ENSG00000214359.3",5.23766185690878,-1.01002553812314,0.251802144589805,-4.01118719528187,6.04141832556669e-05,0.00152199611505819,"RPL18P10"
"ENSG00000214362.2",6.9686715981102,-0.323414483339895,0.172604323683558,-1.87373338302245,0.0609671822931267,0.177707967088519,"RPS3AP36"
"ENSG00000214367.9",588.718615118366,-0.042663369786518,0.0535364264521031,-0.796903577878647,0.425507032805918,0.612972421929273,"HAUS3"
"ENSG00000214376.6",34.7588423344603,0.636071903782355,0.172337223556799,3.69085616360019,0.000223500501433229,0.00390220482306099,"VSTM5"
"ENSG00000214381.6",0.768176742030443,-0.193871434983238,0.607233098515031,-0.31927020357972,0.74952162535087,0.857902962588321,"LINC00488"
"ENSG00000214389.2",169.333099472527,-0.0686985234467108,0.166786061964544,-0.411896069956463,0.680415601486081,0.812404124956108,"RPS3AP26"
"ENSG00000214391.3",33.2711230072673,0.0864023872645792,0.130915512492446,0.659985861259681,0.509262902605004,0.684358044889467,"TUBAP2"
"ENSG00000214401.4",107.129888662268,-0.0944455711814613,0.119193941315538,-0.792368891732836,0.428145612645374,0.615256037715921,"KANSL1-AS1"
"ENSG00000214402.7",19.7532330247598,-0.617455442095265,0.190253368569153,-3.24543763266316,0.00117270248980887,0.0123008141125415,"LCNL1"
"ENSG00000214413.9",525.342479286493,-0.261900480053541,0.0766795774481756,-3.41551803973552,0.000636608125459318,0.00795842233979372,"BBIP1"
"ENSG00000214415.4",0.930036726312678,-1.69729676884058,0.787908682080559,-2.15417954826781,0.0312260940856073,0.113805183403626,"GNAT3"
"ENSG00000214417.4",6.83581131401464,0.589212225943556,0.172030306044688,3.42504898985936,0.000614688570285943,0.00775770529587941,"KRT18P13"
"ENSG00000214425.8",233.74686091572,-0.34390903900747,0.145270336094939,-2.36737277721114,0.0179148781500559,0.0793983011514657,"LRRC37A4P"
"ENSG00000214429.3",14.1010898413272,0.093283172403836,0.41620313644877,0.224128951068869,0.822656965762026,0.902877401414509,"CYCSP6"
"ENSG00000214432.9",8.47994434066556,0.249543601715764,0.132747647371534,1.87983445776136,0.0601306427103766,0.176009274464267,"VPS33B-DT"
"ENSG00000214433.4",11.0475238250719,-0.122982346744561,0.146529241461018,-0.83930241853657,0.401299626396744,0.59145904916671,"GOLGA2P8"
"ENSG00000214439.4",30.6689606815156,-0.403739127524307,0.126507364696009,-3.19142785476933,0.00141571462443338,0.013990319676836,"FAM185BP"
"ENSG00000214456.8",175.400835791025,-0.568894515199665,0.159997168918858,-3.55565363464761,0.000377040537412851,0.00560393330896699,"PLIN5"
"ENSG00000214460.3",13.1506005276127,-0.242764347632959,0.157639096105656,-1.540000885759,0.12356013751552,0.280185782475426,"TPT1P6"
"ENSG00000214465.3",4.2625349272028,-0.336521291390561,0.168357497621057,-1.998849449212,0.0456246456196714,0.14680403272598,"SMARCE1P6"
"ENSG00000214485.6",101.640033932546,-0.0906996099084925,0.137295872468601,-0.660614250652256,0.508859727656833,0.684061492081036,"RPL7P1"
"ENSG00000214491.8",373.786962407249,-0.439924554284415,0.195544155333542,-2.24974535052725,0.024465114912961,0.0970194128819114,"SEC14L6"
"ENSG00000214510.10",30.7348406770405,-0.627128885267063,0.248642175206979,-2.52221444228043,0.0116618591560052,0.0594121311217873,"SPINK13"
"ENSG00000214511.3",1.75000371727306,-1.25253230094409,0.381371400324839,-3.28428482019686,0.00102241539304078,0.0111561987956495,"HIGD1C"
"ENSG00000214513.4",9.39918341262564,-0.39477460997216,0.344904242467042,-1.14459192252436,0.252378239882398,0.442660726859846,"NOTO"
"ENSG00000214514.8",12.127245935993,-0.768330157542944,0.216653746710947,-3.54635065955275,0.000390606066077424,0.0057288316114166,"KRT42P"
"ENSG00000214517.10",2617.94077049365,0.0790324894919189,0.0622816430345427,1.26895318815025,0.204457760474262,0.385600873475873,"PPME1"
"ENSG00000214530.9",4995.58629516177,-0.0603059270526143,0.114685789090363,-0.525836091210031,0.599002095925587,0.75358169681164,"STARD10"
"ENSG00000214534.5",3.6123429014343,-0.0491805198962875,0.175572411821709,-0.280115306191895,0.779389041955184,0.877399045574286,"ZNF705E"
"ENSG00000214535.3",61.4613827828848,-0.0526963738227719,0.107149501386829,-0.49180232423601,0.622859093302428,0.77134532782762,"RPS15AP1"
"ENSG00000214541.3",4.05194361644875,-0.281664747046103,0.177244476742963,-1.58913130734431,0.112030750938513,0.262905778219192,"RPS4XP3"
"ENSG00000214544.7",11.1307561641482,-0.112912766225864,0.131318504378023,-0.859838959944478,0.389877819806322,0.580873635317814,"GTF2IRD2P1"
"ENSG00000214546.4",13.4657785589282,-0.160633710804252,0.162234642764167,-0.990131996886496,0.322109605706323,0.51589912458655,"AC087491.1"
"ENSG00000214548.18",1016.66631524317,-0.582991068035105,0.193469396111644,-3.01335032698754,0.00258380458306206,0.0213726468568818,"MEG3"
"ENSG00000214553.10",17.7968603274456,0.478798723865047,0.202947069290639,2.35922955447739,0.0183129236856648,0.080528017148531,"LRRC37A11P"
"ENSG00000214562.15",43.8682443817463,-0.131772272129841,0.0967045033403019,-1.36262808430065,0.172999753155256,0.34778055404809,"NUTM2D"
"ENSG00000214563.2",2.0432038006514,-1.2658975666786,0.334190941339062,-3.78794697907221,0.000151897253508018,0.00294360608908175,"GAPDHP15"
"ENSG00000214575.9",34.7247510967051,0.0323227230479822,0.161685993340335,0.199910470784849,0.841550601239548,0.913671748477687,"CPEB1"
"ENSG00000214578.5",19.9161612661399,-0.770675390628677,0.190609028366732,-4.04322605929189,5.27207452369119e-05,0.0013734207912148,"HMGN2P15"
"ENSG00000214584.3",3.21353649486452,-0.490252479775481,0.283604171554851,-1.72865045350951,0.0838716738999352,0.218544230973667,"PGGT1BP2"
"ENSG00000214593.3",2.79026537221586,-0.0384189898377296,0.236107114822068,-0.162718475750646,0.870740099323507,0.930897544124289,"AL354710.1"
"ENSG00000214595.12",136.581666319423,-0.396078717935524,0.152746295303481,-2.59304958688904,0.0095129053649937,0.0518691710312373,"EML6"
"ENSG00000214612.3",6.31269217740863,-0.00996679858501761,0.166165530311276,-0.0599811439011865,0.952170652633777,0.974862659045875,"RPS19P1"
"ENSG00000214617.9",2.82807893511523,0.940468803680403,0.544970642442005,1.72572379214076,0.0843971156115142,0.219390308379149,"SLC6A10P"
"ENSG00000214626.2",2.56419859583871,-0.029467710179017,0.304577100541132,-0.0967495918986119,0.922925255885165,0.959437661405883,"POLR3DP1"
"ENSG00000214628.3",0.946174870791039,-1.13193011607978,0.713072316214672,-1.58739876775557,0.112422358219924,0.263573158060604,"NDUFB5P2"
"ENSG00000214629.3",4.64180289840314,-0.279224598375034,0.259078872267253,-1.07775904662345,0.281141300123618,0.473674664630485,"RPSAP6"
"ENSG00000214650.3",19.3940837142835,-0.602414091955056,0.180932739069512,-3.32949191535545,0.000870045900426795,0.00998761984029653,"AC073592.1"
"ENSG00000214651.4",1.37580449294489,-1.03114800457209,0.458136707754521,-2.25074303612581,0.0244018173045728,0.0968653515585004,"AL513122.1"
"ENSG00000214652.6",244.25360186082,0.0777589976641537,0.193845920952326,0.401138168304701,0.688318400955653,0.817390822090814,"ZNF727"
"ENSG00000214653.4",7.21712734389853,0.0765699947479318,0.166469091778081,0.459965233966716,0.645541175083838,0.787310511468468,"HNRNPA3P3"
"ENSG00000214654.8",131.565337657683,-0.118036659595263,0.0884212806437861,-1.33493496967981,0.181897631250025,0.358963164339193,"B3GNT10"
"ENSG00000214655.11",1891.8573526634,-0.133259587124587,0.0638985095784123,-2.08548819062922,0.037025009016101,0.127836768956416,"ZSWIM8"
"ENSG00000214659.4",4.28844783235997,0.398129069683407,0.213329691956563,1.86626186927825,0.0620047368076824,0.179558556760339,"KRT8P26"
"ENSG00000214671.4",2.42887093530085,-1.92686937358877,0.493516928721983,-3.90436327803102,9.44737820094848e-05,0.00212521325975796,"RPL6P12"
"ENSG00000214676.4",2.63046923979496,-1.00530462456314,0.336524802798069,-2.9873121273809,0.00281442217649453,0.0226384531340982,"RPL9P16"
"ENSG00000214688.6",3.91992532810622,0.187086571541291,0.19998502262696,0.935502914587113,0.349529181998007,0.543220756990927,"C10orf105"
"ENSG00000214691.9",11.2637209844938,-0.231598321537352,0.258132844178959,-0.897205941669276,0.369609035279378,0.562172488992477,"LINC01913"
"ENSG00000214694.12",43.5202439066814,-0.221526900615187,0.169804605820342,-1.30459889203223,0.192029465758224,0.371246559635825,"ARHGEF33"
"ENSG00000214700.5",4.75101802169533,-0.231683894616081,0.172676941965225,-1.34171877251996,0.179687197876433,0.356048186169262,"C12orf71"
"ENSG00000214706.10",1782.39643960312,0.188017659407762,0.0741317024752735,2.536265229717,0.0112041839903032,0.0579135068450809,"IFRD2"
"ENSG00000214708.4",106.414832691927,0.0316788609887185,0.168262501669903,0.188270474254959,0.850664629586131,0.919429195624162,"AC116407.1"
"ENSG00000214711.10",41.4555002603514,-0.159536184366797,0.19624894082655,-0.812927619863178,0.416259557836344,0.604923529950956,"CAPN14"
"ENSG00000214717.12",3573.64269986597,0.0366516396151611,0.0745680218761375,0.49151953737008,0.623059037216858,0.771478151073373,"ZBED1"
"ENSG00000214719.13",15.0136236225622,-0.11419060584715,0.0905003992796743,-1.26176908340775,0.207031890052173,0.388606456306421,"AC005562.1"
"ENSG00000214725.9",32.7932128429027,-0.371836703624118,0.237744763337133,-1.56401637792053,0.117813722233509,0.271659380606077,"CDIPTOSP"
"ENSG00000214745.2",1.22825417049612,0.0271194875188016,0.442715666467885,0.0612571218343567,0.951154438456699,0.974452556221771,"GOT2P6"
"ENSG00000214753.4",2343.62831964229,-0.0230915260101655,0.0606878406304389,-0.380496748117671,0.70357670998524,0.827475604265176,"HNRNPUL2"
"ENSG00000214754.3",0.791910997222543,-0.833004642665364,0.45395958344046,-1.8349753437348,0.0665093428260279,0.187843192289358,"AC004870.1"
"ENSG00000214756.8",117.686819629208,-0.122706340624752,0.0941806839997077,-1.30288224096072,0.192614967771331,0.371924957778153,"CSKMT"
"ENSG00000214760.3",3.74221658059829,-0.663075092316132,0.234415792662066,-2.82862807486705,0.00467479917751991,0.0319519788579697,"RPL21P1"
"ENSG00000214761.3",3.80857042167045,-0.600289430604134,0.283344889853654,-2.11858216646921,0.0341257941766599,0.120597608058968,"HNRNPA1P15"
"ENSG00000214765.8",396.145253068743,-0.272329736677084,0.0751322674421336,-3.62467080987314,0.000289329746524661,0.00466924636502449,"SEPTIN7P2"
"ENSG00000214770.3",9.6114981089095,-0.0502261023841125,0.136811801979898,-0.367118199287311,0.713530852610034,0.834656316484111,"AL161756.1"
"ENSG00000214772.2",10.3369476698404,-0.0530686258075572,0.224143862854102,-0.236761449239858,0.812841860330298,0.897606688645614,"AC010168.1"
"ENSG00000214773.1",4.24430950687496,-1.39062658875412,0.250260564486696,-5.55671482483227,2.74899335786768e-08,5.20012703769821e-06,"AC112512.1"
"ENSG00000214776.12",18.4989657462874,-0.359898963982861,0.265784960566939,-1.35409830268488,0.175705017646073,0.351209603295552,"AC092821.1"
"ENSG00000214782.7",2.61176723676873,-0.315085355555552,0.356357411795462,-0.884183533514945,0.37659714579389,0.568155191903027,"MS4A18"
"ENSG00000214783.9",74.9614898926792,-0.344331051896058,0.119095870447881,-2.89120899491428,0.00383762818625025,0.0279030958608422,"POLR2J4"
"ENSG00000214784.4",32.7985716730106,0.161508160641904,0.152597071300264,1.05839620161586,0.28987485042,0.482202627912114,"RPS3AP21"
"ENSG00000214787.10",38.5472965625909,-0.511097124257174,0.154358281656843,-3.31110918553373,0.000929269423957286,0.0104485535061837,"MS4A4E"
"ENSG00000214796.8",261.531136146635,-0.20908114815602,0.156801730439328,-1.33341097429356,0.182396972970577,0.359459234803461,"TUBA5P"
"ENSG00000214797.3",18.7847605795014,-2.40402094451823,0.304697623460227,-7.8898578768601,3.02530867668821e-15,7.19440012664146e-12,"AP002358.1"
"ENSG00000214803.3",4.33576077918092,-0.488452067137295,0.203422753891165,-2.40116731188599,0.0163428622263128,0.0745652887625916,"AC090921.1"
"ENSG00000214810.4",1.55618840245425,0.177826406650488,0.252388104364751,0.704575229874911,0.481074617889744,0.660988702628998,"CYCSP55"
"ENSG00000214814.7",30.0781760981435,0.290886079772012,0.261172246371751,1.1137710220479,0.265377431607548,0.45707246924522,"FER1L6"
"ENSG00000214820.3",11.3898681362866,-0.0123256608171749,0.109092086046963,-0.112984005199689,0.910043236010669,0.95221371306399,"MPRIPP1"
"ENSG00000214822.8",34.3515094414275,-0.430825551509921,0.259076449570503,-1.66292826779178,0.0963267951645703,0.238883276827861,"KRT16P3"
"ENSG00000214826.5",148.786766400224,-0.132835359244362,0.138516468126287,-0.95898604000829,0.337565777885319,0.531023315211488,"DDX12P"
"ENSG00000214827.11",32.3240569459549,-0.0984788224811944,0.0941417260708418,-1.04606986286919,0.295528778185277,0.48816867338737,"MTCP1"
"ENSG00000214832.5",8.96588428106516,-0.0970589552109963,0.132527959672678,-0.732365875478021,0.463945281258282,0.645912331979236,"UPF3AP2"
"ENSG00000214837.8",17.4539429585728,-0.0921085095156634,0.162847744554554,-0.565611207988251,0.571658107042611,0.732630303878974,"LINC01347"
"ENSG00000214842.5",5.78640046160183,-0.0375803722766596,0.239077641523392,-0.157188986963394,0.875095907535445,0.933321631521577,"RAD51AP2"
"ENSG00000214846.4",6.08737157586688,-0.268876315378129,0.159078607756969,-1.69021038824342,0.0909877116675073,0.230326481489228,"AC114744.1"
"ENSG00000214851.5",11.7298609661518,-0.625718690856713,0.190451775033507,-3.28544425877168,0.0010182168698002,0.0111255314231238,"LINC00612"
"ENSG00000214855.9",8.67705803096099,-0.186620181503351,0.161124777198588,-1.15823391503182,0.246768591511852,0.435960027445162,"APOC1P1"
"ENSG00000214856.11",80.1234347042495,-0.388034037142257,0.264789943657188,-1.46544098987621,0.142800641041884,0.307400862679906,"KRT16P1"
"ENSG00000214857.4",3.17866942247232,0.039601801444579,0.160609058269033,0.246572652074472,0.805238971622028,0.8927346347723,"SEM1P1"
"ENSG00000214860.5",10.9466975324038,-0.0873178496829209,0.186278368294639,-0.468749272834564,0.639248862863047,0.78264672494022,"EVPLL"
"ENSG00000214866.9",1.34022298825478,0.419737244989384,0.300432085148825,1.39711191226948,0.16237992017147,0.333587232029419,"DCDC2C"
"ENSG00000214867.3",8.18431454694491,-0.0857307593525683,0.104796503809799,-0.818068888139298,0.413317852755651,0.602396356857145,"SRSF9P1"
"ENSG00000214870.9",102.035710031957,-0.0516925498830806,0.122789602911485,-0.420984746732538,0.673766220111455,0.807892725063183,"AC004540.1"
"ENSG00000214872.8",44.1966741843349,-0.356167934783468,0.175362673947549,-2.03103617643283,0.0422513249410036,0.139467912082176,"SMTNL1"
"ENSG00000214881.4",5.84642862407073,-0.0311112039976077,0.154318011483657,-0.201604489965207,0.840225934820766,0.913101993281164,"TMEM14DP"
"ENSG00000214888.3",6.98398005489738,-0.0227260714730555,0.320047828356651,-0.0710083601871227,0.943391101821734,0.970350962461412,"AL772337.1"
"ENSG00000214894.6",12.2203617043975,0.0386433364798493,0.137894661514606,0.280238089389387,0.779294845802958,0.877382006063977,"LINC00243"
"ENSG00000214897.5",7.73036832831384,-0.0169711913503022,0.521592115002811,-0.032537285097208,0.974043582552652,0.987028853870809,"PNMA6E"
"ENSG00000214900.11",163.352950444929,-0.00285629513927302,0.0948155876323612,-0.0301247422559679,0.975967568216454,0.987956102302606,"LINC01588"
"ENSG00000214914.3",7.92204971714814,-0.243648785436337,0.183838941211038,-1.32533827616338,0.185058979175124,0.362741748229461,"RPL23AP3"
"ENSG00000214919.3",6.40912461706956,-0.505653483290801,0.209713914534783,-2.41115847945765,0.0159019369730802,0.073204220488448,"AC104472.1"
"ENSG00000214922.9",76.2428996414417,0.0132026979593537,0.138774431839343,0.0951378275116145,0.924205352318817,0.9601987453503,"HLA-F-AS1"
"ENSG00000214929.4",0.467939562728307,-1.26527233256608,0.841431120322965,-1.50371468561851,0.13265484626772,0.293294087813236,"SPATA31D1"
"ENSG00000214941.8",711.952257892324,-0.0184752195557729,0.0696092908708075,-0.265413126964076,0.790691224828684,0.884054234752372,"ZSWIM7"
"ENSG00000214942.6",1.77746349152976,-0.523688824421108,0.386527092861465,-1.35485670757057,0.175463215115322,0.35091737460653,"AC113167.1"
"ENSG00000214943.5",1.91059234377291,-1.23537716407431,0.271504639503099,-4.55011437865396,5.36167627250196e-06,0.000254841830087526,"GPR33"
"ENSG00000214944.9",915.795062186728,-0.0290111364818719,0.123484261884641,-0.234937926818351,0.81425691194308,0.898364772313128,"ARHGEF28"
"ENSG00000214954.8",43.0565904818316,-0.164926892058141,0.125558767167474,-1.31354341698941,0.188999900921244,0.367480797837469,"LRRC69"
"ENSG00000214960.11",139.985249574668,-0.0234174392720118,0.10268792184453,-0.228044728643607,0.819611468063783,0.901792015805133,"CRPPA"
"ENSG00000214973.3",10.5114496971364,0.122770568427763,0.0945173052830937,1.29892158965013,0.193970839632475,0.373458796370311,"CHCHD3P3"
"ENSG00000214975.4",126.098777196387,0.415622788746416,0.178414013345734,2.32954116637136,0.0198304148055724,0.0848168037155602,"PPIAP29"
"ENSG00000214988.4",3.67299846450281,-0.256781853455709,0.215097499621356,-1.19379283305353,0.232559015868674,0.419221372407757,"RPL7AP26"
"ENSG00000214998.2",1.68113577891467,-0.956368469314128,0.400624134316708,-2.38719634538563,0.0169774213419224,0.0764856953635484,"CCNB2P1"
"ENSG00000214999.3",8.66986222832544,-0.364240221807666,0.197975278202763,-1.8398267961246,0.06579367005947,0.186407000024673,"AC129492.1"
"ENSG00000215006.4",61.2137377657752,0.445850206858066,0.150287341368721,2.96665176719176,0.00301061734005899,0.0236962755833409,"CHCHD2P2"
"ENSG00000215007.3",4.22768268230058,0.0288092148177972,0.175450701157077,0.164201195138029,0.86957276029382,0.930232180080398,"DNAJA1P3"
"ENSG00000215009.5",9.93920865840699,0.278050444124207,0.22047097061512,1.26116578227255,0.207249124045175,0.388816921381495,"ACSM4"
"ENSG00000215012.9",1450.45562562273,-0.0165100238156224,0.0740144868921275,-0.2230647608175,0.823485104159503,0.903411677933649,"RTL10"
"ENSG00000215014.5",29.0801718842199,0.0614712336351333,0.0878057523913318,0.700082078463025,0.483876047272858,0.66305915549289,"AL645728.1"
"ENSG00000215018.10",328.695080299901,-0.433246449461217,0.187137831003839,-2.31511954123445,0.0206063908791687,0.0868578820856822,"COL28A1"
"ENSG00000215021.10",7792.98002357667,0.100352197747763,0.0887137950436974,1.13119045012484,0.25797494055707,0.448944628925123,"PHB2"
"ENSG00000215022.7",38.9752279479921,-0.420990281758732,0.125366805188188,-3.35806819936731,0.000784892452335686,0.00926317774392485,"AL008729.1"
"ENSG00000215023.2",2.26718482874022,-0.549516917929368,0.323360432610197,-1.69939442959552,0.0892448908376347,0.227453888896683,"AC131097.1"
"ENSG00000215030.5",464.413931701487,0.13153576588646,0.121793788967285,1.07998746899804,0.280147760358155,0.472659751156686,"RPL13P12"
"ENSG00000215039.7",530.296078297003,-0.0298480073635722,0.0743634831878807,-0.40137989889689,0.688140446421795,0.817390822090814,"CD27-AS1"
"ENSG00000215041.10",683.701249166897,-0.117522908179518,0.0707774641114374,-1.66045661080031,0.0968226296963157,0.239737900526509,"NEURL4"
"ENSG00000215045.8",92.4123496669836,0.125099763997481,0.115987865319217,1.07855906868522,0.280784336286743,0.473348164868831,"GRID2IP"
"ENSG00000215049.3",1.05740369393465,-0.161745809515121,0.376818900917929,-0.42924017113024,0.667748451629471,0.804027095844484,"PRDX2P1"
"ENSG00000215065.3",1.24185338817357,-0.613735268206964,0.324689621382461,-1.89022139233711,0.0587283567808863,0.173045683892915,"DUSP8P1"
"ENSG00000215067.10",95.9852086425118,-0.209533972703914,0.0931378849733583,-2.24971796131993,0.0244668546107749,0.0970194128819114,"ALOX12-AS1"
"ENSG00000215068.8",278.433582318972,-0.373928001877069,0.13096963542709,-2.85507400748041,0.00430268013264844,0.0302153294792541,"AC025171.2"
"ENSG00000215086.2",7.98612722150019,0.0302619483458824,0.16414376596386,0.184362459141734,0.853729118240421,0.92176617788182,"NPM1P24"
"ENSG00000215089.3",15.035543142336,0.291244429350818,0.147130160914276,1.97950187467346,0.0477595287840939,0.151131830796392,"KRT18P11"
"ENSG00000215093.3",16.0675709905605,-0.258266019422078,0.133484133166047,-1.93480688151011,0.0530139983346002,0.16184333449593,"EEF1A1P29"
"ENSG00000215097.3",4.57491261388657,-0.39999518896177,0.175723454270342,-2.27627661101173,0.0228294590848156,0.0927130008917742,"AL731733.1"
"ENSG00000215105.4",306.175599650334,-0.120136544177617,0.129038761171007,-0.931011295268151,0.351847721387176,0.545423764405795,"TTC3P1"
"ENSG00000215114.10",1661.96616346393,-0.131471353262064,0.0659787332495234,-1.99263227387006,0.0463017284509229,0.148237661824846,"UBXN2B"
"ENSG00000215124.2",2.1975582387636,-0.0458252540917472,0.290397496044252,-0.157801822384736,0.874612962596043,0.933075571625279,"AMD1P4"
"ENSG00000215126.10",73.9420973892149,-0.254652946353566,0.0921457075894549,-2.76358989491018,0.00571693422815865,0.0367369023852704,"CBWD6"
"ENSG00000215146.5",135.725008902224,-0.0660084608844996,0.185941918681414,-0.354995050887886,0.722593298908441,0.840870279642039,"BX322639.1"
"ENSG00000215148.11",2.73688951798145,-0.01601817428069,0.378052423442225,-0.0423702462606695,0.966203547085066,0.98310213721579,"PRSS41"
"ENSG00000215154.6",76.1195272669796,0.221369400279096,0.078021597414936,2.83728361907031,0.00454991752537978,0.0313818943800433,"AC141586.1"
"ENSG00000215156.5",16.5433901144613,-0.65100298162744,0.222998373569648,-2.91931717351344,0.00350799099244812,0.0263423022482412,"AC138409.1"
"ENSG00000215158.9",211.778861341387,-0.776696054664453,0.17026139414595,-4.5617860617226,5.0720313412873e-06,0.000243318644734118,"AC138409.2"
"ENSG00000215160.3",5.71683901300965,-0.537791260481255,0.298950216040752,-1.79893250322303,0.0720293583183064,0.197860843769916,"OR7E122P"
"ENSG00000215177.3",2.46200151250159,-0.013220957636519,0.283623400847206,-0.0466144810231697,0.962820490389507,0.981489950043053,"IGLV8OR8-1"
"ENSG00000215182.8",2481.97259402415,-0.269567771879877,0.358516799288726,-0.751897184217538,0.452112891600602,0.635489086382625,"MUC5AC"
"ENSG00000215184.2",2.91195633677096,-1.34713517144916,0.388717485971089,-3.46558932918534,0.000529070736523758,0.00700650438786216,"RPS12P16"
"ENSG00000215187.12",124.917622721776,-0.812002588541489,0.200923641922809,-4.04134914523123,5.31445639915522e-05,0.00138098887366286,"FAM166B"
"ENSG00000215190.9",287.587290247795,-0.156910188262107,0.0961766318832945,-1.63147934367789,0.102789214967132,0.248866361275596,"LINC00680"
"ENSG00000215193.13",2278.62126126889,0.0608511608205414,0.0447841839879012,1.35876453251846,0.174221215600324,0.349418489818168,"PEX26"
"ENSG00000215196.5",11.818443813999,0.0993214379379276,0.198095270685685,0.501382176334334,0.61610218125346,0.766319094368537,"BASP1-AS1"
"ENSG00000215199.3",11.3161228875719,0.224835744424837,0.115650478291968,1.94409696998591,0.0518837585961421,0.159544633838052,"YWHAZP6"
"ENSG00000215208.3",1.53854324912805,-0.00624771992249167,0.321942151495714,-0.0194063433243063,0.984516950121325,0.99259653626035,"KRT18P60"
"ENSG00000215210.3",13.0222977498306,-0.169789004434931,0.125333522572775,-1.35469745802718,0.175513968108921,0.350933069500349,"RBMXP2"
"ENSG00000215217.7",266.97069505719,-0.505716362641645,0.207198814249361,-2.44073000356567,0.0146576087860272,0.0692192580586104,"C5orf49"
"ENSG00000215218.4",73.6723421434071,0.0519658994698468,0.199801105510272,0.260088147846486,0.794795780058884,0.88694562933232,"UBE2QL1"
"ENSG00000215223.3",2.34976165362918,-0.389794660099893,0.354237526479094,-1.10037652976582,0.271168100208059,0.463211880976239,"CYP51A1P3"
"ENSG00000215237.6",6.93187274163286,-0.0418661463265097,0.160635855302031,-0.260627655312645,0.794379660699281,0.886600135556861,"AL592293.1"
"ENSG00000215241.4",32.0182111522052,-0.181630566617381,0.132663232609653,-1.36911006195521,0.170964873544788,0.344944763040218,"LINC02449"
"ENSG00000215244.3",51.4117591206342,-0.71303908446111,0.155184648047279,-4.59477850053746,4.33209187772047e-06,0.000218859385257887,"LINC02649"
"ENSG00000215246.5",26.8699602021403,0.163130741854586,0.147539801089998,1.10567277879871,0.268868176281544,0.4606302780292,"AC116351.1"
"ENSG00000215251.4",894.726872015686,-0.0214260783751643,0.0602697429386814,-0.355503065559168,0.722212748739401,0.840633116938114,"FASTKD5"
"ENSG00000215252.11",947.107801834809,-0.341729696078811,0.141549471839038,-2.41420679031149,0.0157695095608116,0.0728125460556155,"GOLGA8B"
"ENSG00000215256.4",969.894282403234,-0.0987382726490176,0.0846258226776314,-1.16676292796757,0.243306122019965,0.431974761114052,"DHRS4-AS1"
"ENSG00000215262.8",13.4996677031513,-0.787875529500311,0.538305377517423,-1.46362188156816,0.143297290450283,0.308184953240648,"KCNU1"
"ENSG00000215267.8",16.7477118382984,0.321694778758505,0.209127281654552,1.53827265487962,0.123981962867302,0.280721673676625,"AKR1C7P"
"ENSG00000215270.3",12.6081728024155,0.164997376180638,0.184940932478108,0.892162562228725,0.372305805552444,0.564366306254042,"TOMM40P2"
"ENSG00000215271.9",906.957386962853,-0.0147686647862271,0.0648980638977961,-0.227567109081796,0.819982792209699,0.90189322612672,"HOMEZ"
"ENSG00000215277.8",11.6957016706205,-0.19690787177085,0.161919480664619,-1.21608512430139,0.223952496630296,0.408752287172439,"RNF212B"
"ENSG00000215283.3",12.5999512400055,-0.408561878275057,0.11903122607703,-3.43239242121777,0.000598281186294544,0.00760831762234693,"HMGB3P24"
"ENSG00000215284.2",2.95366075063622,-0.113897252752265,0.201401084326491,-0.56552452601311,0.571717047109021,0.732630303878974,"CHMP5P1"
"ENSG00000215297.3",1.32940237724218,-1.11756218061065,0.671309185535944,-1.66475031876472,0.0959625794375134,0.238352891466214,"AL354941.1"
"ENSG00000215301.11",14306.1406590644,-0.0226854510101782,0.0545591850536779,-0.415795268713401,0.677559821264072,0.810738899128262,"DDX3X"
"ENSG00000215302.8",16.2921523936457,-0.136838222663798,0.116222540882635,-1.17738109685609,0.239043431314536,0.426567666760725,"AC127502.1"
"ENSG00000215305.10",1175.54443700374,-0.0302083902238487,0.0572544577025258,-0.527616388942167,0.597765615593789,0.752615461179293,"VPS16"
"ENSG00000215319.2",2.36025857239389,-1.05316504116788,0.366406271638837,-2.87430953749059,0.00404911907881659,0.0290595648827421,"EIF5P1"
"ENSG00000215326.3",7.20202855648066,0.202804195487923,0.141183656250983,1.43645660463275,0.15087245610482,0.318475569433031,"GPX1P2"
"ENSG00000215333.3",2.69387773736746,0.3627445737043,0.185958596007028,1.95067386769574,0.0510958539022726,0.157934471282232,"KRT18P23"
"ENSG00000215347.4",7.46324986845166,-0.252031818792751,0.143667101917581,-1.75427648660538,0.0793831427625194,0.210724204432512,"SLC25A5P1"
"ENSG00000215367.10",4.49113344585064,-0.609555502709909,0.329939130053679,-1.84747866253614,0.0646777977935012,0.184505935657459,"TMED11P"
"ENSG00000215369.3",1.14171654972105,-1.05749335435621,0.472476654242986,-2.23819176007871,0.0252085527708673,0.0990493127536626,"RPL37P3"
"ENSG00000215374.6",31.8608472762057,0.0940748201018072,0.137713345598045,0.683120576972915,0.494530653979387,0.672000631171219,"FAM66B"
"ENSG00000215375.6",327.852222491574,-0.0191637919173982,0.0992262183886313,-0.193132341719816,0.846855324421962,0.916979032620431,"MYL5"
"ENSG00000215386.13",223.938391038495,-0.783919151570778,0.184421266957017,-4.25069822209544,2.13105139146608e-05,0.000698222251378648,"MIR99AHG"
"ENSG00000215388.3",18.0892894234009,-0.130384446438857,0.105722583428069,-1.23326958357547,0.217475201976319,0.401285922485041,"ACTG1P3"
"ENSG00000215397.4",0.878905265435258,-0.293832022184431,0.601874489958201,-0.488194843089025,0.625411836934457,0.773470887335025,"SCRT2"
"ENSG00000215399.2",4.15724578778386,-0.282352766603913,0.199959945970971,-1.41204662380186,0.157936233493084,0.327959272855065,"HMGB3P7"
"ENSG00000215414.4",25.2814077794528,0.231777618720957,0.141520420234812,1.63776802200268,0.10147009471913,0.246713201160008,"PSMA6P1"
"ENSG00000215417.13",76.9024650903796,-0.367070985795943,0.169421749002009,-2.16661076844149,0.0302645456066528,0.111275264150446,"MIR17HG"
"ENSG00000215421.9",682.054615838006,-0.140943905591844,0.0844136889718583,-1.66968067985788,0.0949825582438062,0.236837500869611,"ZNF407"
"ENSG00000215424.10",198.287733349304,-0.249441120655085,0.115607570784385,-2.15765385400502,0.0309547542554357,0.113080730622232,"MCM3AP-AS1"
"ENSG00000215440.12",310.345874132032,-0.125327137135718,0.10581623687493,-1.18438474885332,0.236260794585846,0.423645749671276,"NPEPL1"
"ENSG00000215441.3",2.01299224479707,-0.137429284761515,0.240388026055907,-0.571697713136315,0.567526784000483,0.729314524663972,"CTAGE12P"
"ENSG00000215452.5",3.08816694838742,-0.242510973776654,0.307676460432732,-0.788201259971509,0.430578992254168,0.616862446280735,"ZNF663P"
"ENSG00000215458.8",184.331649538502,-0.0363530436883413,0.131939761763723,-0.27552758321212,0.78291093724268,0.879510111650278,"AATBC"
"ENSG00000215464.4",6.56509863828436,-0.0710925654968112,0.166631649323728,-0.426645032833435,0.66963789220146,0.805054646421772,"AP000354.1"
"ENSG00000215474.8",2.38002802853301,0.543364761511923,0.623746170060966,0.871131219064342,0.383682509823873,0.575221407644716,"SKOR2"
"ENSG00000215475.5",13.1542005886349,-0.545761826813306,0.191618389666849,-2.84817040662004,0.00439713731377754,0.0306888877733883,"SIAH3"
"ENSG00000215478.8",2.55974495438846,0.492129900560857,0.283275538633163,1.73728343412721,0.0823371541312715,0.215914529969472,"CES5AP1"
"ENSG00000215481.9",11.4739229979864,-0.290616296043477,0.196162909320933,-1.48150482193355,0.1384721009429,0.300963027594463,"BCRP3"
"ENSG00000215482.3",4.10015761938178,-0.348367977228849,0.181250066643628,-1.92202951248458,0.0546020443380115,0.1649937086598,"CALM2P3"
"ENSG00000215483.11",27.2193257909566,-0.107889189118871,0.15392846069587,-0.700904749070659,0.483362460494767,0.662551066669766,"LINC00598"
"ENSG00000215492.6",21.9237917065504,-0.0905904566088817,0.133661543300889,-0.677760067493393,0.497923833898863,0.674755189504007,"HNRNPA1P7"
"ENSG00000215493.3",36.3267990045033,-0.198315397291467,0.131320618919679,-1.51016191457919,0.131002114148677,0.291210081214656,"AC007731.1"
"ENSG00000215512.9",0.992463079068968,0.201224882751974,0.490798821191185,0.409994633368505,0.681809884313019,0.813368800287851,"AP005901.1"
"ENSG00000215529.12",8.76721531723563,-0.365163793090163,0.153716019207316,-2.37557409418512,0.017521674172197,0.078280877377208,"EFCAB8"
"ENSG00000215533.8",7.10464794029717,0.0572373006980785,0.198010035720783,0.289062624981239,0.772533454182137,0.872809701713244,"LINC00189"
"ENSG00000215548.2",30.9917620414434,0.139897231245458,0.174179403649177,0.803178954081339,0.421871308031071,0.609652305008092,"FRG1JP"
"ENSG00000215559.8",18.7929843194789,-0.498376489016903,0.205000896403256,-2.43109419403001,0.0150533005186628,0.070527657496178,"ANKRD20A11P"
"ENSG00000215568.9",0.954287155233135,-0.820650519316876,0.532002907088846,-1.54256773484102,0.122935691582143,0.279111973530024,"GAB4"
"ENSG00000215580.11",18.4686361453283,0.0583419599731975,0.415293629577829,0.140483638124923,0.888277879173109,0.940490745931759,"BCORP1"
"ENSG00000215595.2",20.284847701155,0.300338719885139,0.159897794557379,1.87831683805597,0.0603378344510685,0.17638875209873,"C20orf202"
"ENSG00000215612.8",0.780162373393117,0.295517518612391,0.522086398964069,0.566031827679789,0.571372144530062,0.732430802704426,"HMX1"
"ENSG00000215630.6",6.47814822617244,-0.843942252374828,0.206528645167402,-4.08632057645451,4.38268121359739e-05,0.00119307118270072,"GUSBP9"
"ENSG00000215644.10",6.41448394474055,-0.216146755224227,0.239309184493993,-0.903211281594807,0.366413771478534,0.559074871394813,"GCGR"
"ENSG00000215704.10",8.27759970054805,0.01125328456853,0.155825889795972,0.072217040334339,0.942429184355354,0.969900922248618,"CELA2B"
"ENSG00000215712.11",609.128016808654,0.0584902079550545,0.0553199242710132,1.05730817107612,0.290370965306438,0.48273842120087,"TMEM242"
"ENSG00000215717.7",2515.5448026593,0.0148609248454831,0.0450132440973616,0.330145608109018,0.741289943078157,0.852512225056229,"TMEM167B"
"ENSG00000215720.4",2.69810003041098,-1.09890883366969,0.354147675167135,-3.10296780333536,0.00191590482719358,0.0173851783624301,"MFFP1"
"ENSG00000215765.3",0.355356117111856,-0.104594669471288,0.799903990812756,-0.130759029424285,0.895965934426992,0.944794586184078,"AC245128.1"
"ENSG00000215769.8",61.9662639241458,-0.25849078241726,0.130541310279833,-1.98014545635516,0.0476871866463851,0.151024462380944,"ARHGAP27P1-BPTFP1-KPNA2P3"
"ENSG00000215784.6",31.6166596070129,0.274771230951972,0.159825982976461,1.71918999548678,0.0855797819069537,0.221366457853174,"FAM72D"
"ENSG00000215788.11",597.043507247094,-0.203977886875879,0.130283991638584,-1.56564044676898,0.11743281542782,0.27098360619599,"TNFRSF25"
"ENSG00000215790.8",88.5670564431416,-0.153324118218709,0.0911727300059538,-1.68168835361951,0.092629287575353,0.233081919072347,"SLC35E2A"
"ENSG00000215795.2",14.9567813896284,-0.299982611070157,0.156267730492117,-1.91967087590928,0.0548994852366725,0.165508268512607,"AL390728.2"
"ENSG00000215796.3",3.15628977171605,-0.361162733020847,0.310481604298705,-1.16323391795342,0.244734608605906,0.433632215237702,"AL512637.1"
"ENSG00000215807.4",2.0501617772964,0.161565838483509,0.201140804498144,0.803247450892045,0.421831724224561,0.609629882129111,"KRT18P65"
"ENSG00000215808.4",86.1921608268204,-0.181112358883739,0.274040513445431,-0.660896290868332,0.508678824914344,0.683965415456814,"LINC01139"
"ENSG00000215811.6",3.97476555143011,0.199899461729466,0.228171731767261,0.876092144198507,0.380979943095129,0.572339247463511,"BTNL10"
"ENSG00000215817.7",12.9806800832424,0.12728573016228,0.142529891827345,0.893045862382814,0.371832612916832,0.563916900228448,"ZC3H11B"
"ENSG00000215834.10",3.68156502438963,0.223378706056627,0.388128336811493,0.575527950089143,0.564934293321419,0.727522673613192,"FMO9P"
"ENSG00000215835.2",14.8856174092645,-0.111205506510325,0.104427174900644,-1.0649096522637,0.286916816673953,0.479363101375016,"AL596087.1"
"ENSG00000215840.3",11.4000626949454,0.0360008816341257,0.114838414342668,0.313491629435967,0.753907179174613,0.860632441362553,"AL592295.1"
"ENSG00000215841.3",6.53572612581356,-0.333458561041948,0.160788654672362,-2.07389359480265,0.0380891940506994,0.130168706377534,"AP002761.1"
"ENSG00000215845.11",1366.717471108,0.106944291332706,0.103328224056905,1.03499592980336,0.300670812025134,0.493698626196132,"TSTD1"
"ENSG00000215853.3",1.32050965950127,-0.752864922025743,0.453084133913624,-1.66164485947166,0.0965840031467299,0.239342852010724,"RPTN"
"ENSG00000215859.9",31.1430277309019,-0.070537702961368,0.150340682276014,-0.469185731323648,0.638936883621074,0.782322300260985,"PDZK1P1"
"ENSG00000215861.6",101.037445777163,0.0868316214653475,0.125988016512503,0.689205401187742,0.490694018347894,0.668891811764329,"AC245297.1"
"ENSG00000215866.8",4.53329948433514,0.364308514221091,0.253112317709749,1.43931562682324,0.150061117303835,0.317205382755338,"LINC01356"
"ENSG00000215867.4",3.93981119279699,-0.98447142837525,0.24387266390303,-4.03682566393215,5.41792989842714e-05,0.00140154732018908,"KRT18P57"
"ENSG00000215869.4",8.31802828816198,-0.0300846476672372,0.260151736577707,-0.115642694002355,0.907935724957286,0.951071456155899,"AC092506.1"
"ENSG00000215875.4",2.06754384435337,0.226763948454834,0.284589524146289,0.796810596367099,0.425561040078308,0.612997175067154,"ST13P20"
"ENSG00000215883.10",304.997089401243,-0.232416187814197,0.077696647711219,-2.99132838623921,0.0027776661463306,0.0224349439616169,"CYB5RL"
"ENSG00000215887.5",1.30432058492481,-0.26579439272816,0.780946116330082,-0.340349208697283,0.733593563441085,0.8476860512163,"ZNF859P"
"ENSG00000215893.3",1.76918329203096,-2.11002317507633,0.498483145415698,-4.23288770037898,2.30709721542778e-05,0.000742845141133822,"RPL23AP17"
"ENSG00000215895.4",18.3461425800677,0.073310551888312,0.142188858466394,0.51558576866723,0.606143752001754,0.759316097956669,"HSPA5P1"
"ENSG00000215899.3",7.43600612506907,-0.259687646500309,0.164321604028138,-1.58036216866433,0.114023950101918,0.26606341378607,"AC209007.1"
"ENSG00000215908.10",875.335441863048,-0.366014749781516,0.0975035712738209,-3.7538599355877,0.000174132189231922,0.00324762950077097,"CROCCP2"
"ENSG00000215912.12",53.0859691581757,-0.309994766560879,0.160366934111363,-1.93303418986367,0.0532319861266865,0.162274573698523,"TTC34"
"ENSG00000215914.4",9.00798643092026,0.0370739284601253,0.260351457348961,0.142399542670635,0.886764423601272,0.939655875583474,"MMP23A"
"ENSG00000215915.10",506.355040785924,-0.252390864329104,0.132226610055666,-1.90877512645035,0.0562911069012089,0.168276898811345,"ATAD3C"
"ENSG00000216035.1",1.39568303576613,-2.23787463861826,0.536603306063054,-4.17044511901552,3.04005262580335e-05,0.00090126867382788,"MIR938"
"ENSG00000216285.5",8.13318703985923,0.114850316837747,0.148670786053816,0.772514357973285,0.439809846353695,0.62523947819535,"AC078819.1"
"ENSG00000216307.2",0.498407869742978,0.322067875250262,0.619443492197466,0.519931001466707,0.603111666901126,0.756713650881447,"AL136309.1"
"ENSG00000216316.1",3.13004444131633,-0.37332678735655,0.23430187430904,-1.59335809180996,0.111079881513574,0.261558985446737,"AL022722.1"
"ENSG00000216378.1",0.537248340932854,-1.53237765628697,0.662278849361429,-2.31379525069311,0.0206789560162765,0.0870372291592786,"AL080285.1"
"ENSG00000216490.4",37.4410873525254,-0.240306150943076,0.137339054864166,-1.74972917340045,0.0801650571888911,0.212258251072829,"IFI30"
"ENSG00000216588.9",4.56240975038506,-0.0187339583631993,0.18129106581594,-0.103336357359272,0.917696021062466,0.956480406637845,"IGSF23"
"ENSG00000216613.2",1.57642895935499,-0.679293678289229,0.361798297894031,-1.87754802121316,0.0604430221506967,0.17665960288501,"AL023284.2"
"ENSG00000216624.3",8.24170601137688,0.544012358818143,0.165680042411598,3.28351170665841,0.00102522386600581,0.0111727588120889,"GAPDHP72"
"ENSG00000216636.1",2.04655466210735,-1.50016992911021,0.35452367359984,-4.23150847410967,2.32129247101827e-05,0.000743103752284724,"RPL7P25"
"ENSG00000216639.1",2.0194059804449,-0.31102388925873,0.337895041678332,-0.920474854303477,0.357324667584235,0.550517123790705,"AL133406.1"
"ENSG00000216657.1",5.41797696592904,-0.51352658950606,0.208824438745214,-2.45913070611727,0.0139273901669809,0.0669001011151774,"GLRX3P2"
"ENSG00000216687.2",1.01110216368734,-2.18381446976873,0.495496606468586,-4.40732477530537,1.0465520434838e-05,0.000414308286355731,"AL390237.1"
"ENSG00000216721.3",1.06792938852958,-0.874220125368341,0.291407256470052,-2.99999435826742,0.00269984607029055,0.0220099062122882,"AC093850.1"
"ENSG00000216740.2",3.72707482392911,0.115649720708292,0.184191935803522,0.627876134770936,0.530085085959256,0.700437043761637,"ANXA2P3"
"ENSG00000216775.3",344.100507107548,-0.191956907718466,0.131347870308208,-1.46143905697168,0.143894988797314,0.30894014706202,"AL109918.1"
"ENSG00000216802.1",1.69686238754569,-0.645515774061766,0.376221097247141,-1.71578834569643,0.0862007879960715,0.222488784770386,"AL590617.1"
"ENSG00000216809.1",6.13810201916813,-0.344947429265758,0.175011155525261,-1.97100252398464,0.0487235871184431,0.153134559231032,"AL589993.1"
"ENSG00000216813.1",2.04611193537892,-1.66954907510506,0.503588234039378,-3.31530596279681,0.000915428690474436,0.0103383200108431,"AL358178.1"
"ENSG00000216863.10",16.6001162027981,-0.636360242545925,0.191151078354384,-3.32909574993947,0.000871284451048379,0.00999482049926647,"LY86-AS1"
"ENSG00000216866.5",36.0076956526827,0.21845435145353,0.131285204632965,1.66396778726335,0.0961188669504811,0.238563101042371,"RPS2P55"
"ENSG00000216895.9",77.7067387661587,-0.182262780905361,0.0900255553704052,-2.02456713713624,0.0429118315861205,0.140991178229222,"AC009403.1"
"ENSG00000216906.2",8.03775540109408,-0.00161559612439809,0.138184695185498,-0.011691570634717,0.990671688818374,0.995395579774562,"AL355312.1"
"ENSG00000216915.2",6.30803811701148,0.248107927938789,0.311782420520195,0.795772665838031,0.426164182033453,0.613653566560258,"GPR89P"
"ENSG00000216921.9",5.44215943554207,-0.688839557837489,0.22435063968227,-3.07037037564519,0.00213793466472212,0.0186868623766326,"FAM240C"
"ENSG00000216937.13",154.045877665972,-0.649432567326569,0.137405999569954,-4.72637708221713,2.28561038673573e-06,0.000137355282681575,"CCDC7"
"ENSG00000217026.3",5.72086511678885,-0.299505023639584,0.157982096889656,-1.89581623194162,0.0579843487283623,0.171592037191419,"RPL10P1"
"ENSG00000217027.1",29.724936814643,-0.170765562274036,0.142758709557624,-1.19618314569527,0.231625096551153,0.418307260074725,"TPT1P4"
"ENSG00000217030.1",2.10549591659799,0.232622112678843,0.217906148887311,1.0675334948861,0.285730996864521,0.47817643905753,"AL359643.1"
"ENSG00000217041.1",1.67371369708338,-0.649875068726416,0.535032860065339,-1.21464515029423,0.224501460606323,0.409350300014586,"AL512430.2"
"ENSG00000217078.1",5.97772229908374,-0.332787539452299,0.186942167788121,-1.78016304929917,0.0750492806459276,0.20308423367516,"AL021407.1"
"ENSG00000217083.1",1.67999999387368,-0.734097583069557,0.563526825735538,-1.30268436131924,0.192682543269092,0.371948420614652,"MTCO2P33"
"ENSG00000217094.2",19.7517770741444,0.318923573139809,0.160392067964641,1.98839990771936,0.0467674790024734,0.149187138734786,"PPIAP31"
"ENSG00000217128.12",1387.54972191244,-0.0979423902138931,0.0723381703526949,-1.35395172059732,0.175751781117741,0.351234675443713,"FNIP1"
"ENSG00000217130.1",23.5847972755322,-0.0695106580988038,0.156702273512054,-0.443584234873636,0.657343205839318,0.795865449012227,"AL139100.1"
"ENSG00000217159.2",2.39867155723973,-0.0997510944577358,0.247367337467831,-0.403250871674633,0.686763679158704,0.816666140183646,"LARP1P1"
"ENSG00000217165.1",234.728948486891,-0.363989076832479,0.0936413935311058,-3.88705318350019,0.000101468528959958,0.00222395769233962,"ANKRD18EP"
"ENSG00000217181.1",3.7260965399465,-0.366989579429752,0.285114066546193,-1.28716756726661,0.198035888998454,0.37841983885815,"AL139039.2"
"ENSG00000217195.1",1.48483303705267,-2.53610499155062,0.69582645821723,-3.64473779575492,0.000267664550915938,0.00440719876045714,"AL513475.1"
"ENSG00000217227.1",2.03646358702989,-1.76886536627275,0.414888522731796,-4.26347143716056,2.01275239435205e-05,0.000669436218433194,"AL079341.1"
"ENSG00000217236.2",4.31763191230955,0.456406415550385,0.502007847867009,0.909161913483264,0.363264665102659,0.556230741308895,"SP9"
"ENSG00000217241.1",10.2507324253798,0.283869941105713,0.167646267392914,1.69326729142382,0.090404601070761,0.229303701314098,"CBX3P9"
"ENSG00000217275.2",13.9238202262505,0.456661067902099,0.204266524026071,2.23561383873068,0.0253770773085015,0.0994794577689792,"AL031777.1"
"ENSG00000217325.2",22.601126223795,0.231520557009848,0.113292376798748,2.04356695085602,0.0409963469921259,0.136790076208543,"PRELID1P1"
"ENSG00000217330.1",3.54582423817698,-0.934743199988824,0.424079170721161,-2.20417144845681,0.0275122889075187,0.104569676611617,"SSXP10"
"ENSG00000217442.4",24.4491313230671,0.566491098462205,0.175023336109379,3.23666038515105,0.00120937245230713,0.0125549226862056,"SYCE3"
"ENSG00000217455.8",1.89191195140257,0.548198867278913,0.407717358817208,1.34455611325758,0.178768623980448,0.354785336387926,"AC073316.1"
"ENSG00000217488.2",2.41073315737863,-1.76467692644664,0.68228651828417,-2.58641623299914,0.00969797398190743,0.0525084806927377,"AL356057.1"
"ENSG00000217495.2",1.40502290374338,-0.364219395139959,0.471538286390518,-0.772406834507432,0.43987350722264,0.62523947819535,"AL136116.2"
"ENSG00000217512.1",1.89482441325601,-2.1739613535825,0.496895991067758,-4.3750833024653,1.21386113802483e-05,0.000460810477403202,"AL356776.1"
"ENSG00000217527.1",4.1790144127895,-0.738120029046324,0.352148070142411,-2.09605018919406,0.0360777389698395,0.125536217313843,"RPS16P5"
"ENSG00000217555.13",10.5882477924163,-0.568354693615544,0.194340392807076,-2.92453197920494,0.00344974631695623,0.0260672728394062,"CKLF"
"ENSG00000217624.2",51.7650659264048,0.160770823034883,0.107284771846871,1.49854280591054,0.133992279783747,0.295244239043213,"YWHAZP10"
"ENSG00000217643.1",11.3742433380037,-0.304862377875926,0.163329198869961,-1.86655160243975,0.0619642315424713,0.179514023733336,"PTGES3P2"
"ENSG00000217644.5",10.5265858320635,0.00080879650837735,0.172464703304033,0.00468963499709007,0.996258226355296,0.99815002456265,"AL355864.1"
"ENSG00000217646.1",2.21898280486387,1.03747780817806,0.299151008788418,3.46807390815734,0.000524203096417546,0.00697088173546215,"H2BC16P"
"ENSG00000217648.1",41.5828900702561,0.2616924545087,0.0946083601744382,2.76606056828586,0.00567379955864473,0.0365569502000298,"AL136116.3"
"ENSG00000217653.1",2.14755535154764,-0.0422224581975695,0.306916241212502,-0.137569970330555,0.890580290029263,0.942015814542014,"PIMREGP3"
"ENSG00000217680.1",1.08161853279486,-0.0997541919818929,0.576296447039655,-0.173095275000071,0.862576538897064,0.926738115060667,"UBE2V1P15"
"ENSG00000217702.3",9.02091090960718,-0.100222348174793,0.156029679680125,-0.642328743994462,0.520659754811887,0.693622712854714,"AC073263.1"
"ENSG00000217716.3",14.1252176492004,-0.0879146674734235,0.157897609908418,-0.556782762730953,0.577675862357241,0.737159322949368,"RPS10P3"
"ENSG00000217767.2",3.16264216986764,-0.297281059640679,0.255551481562267,-1.16329225650857,0.244710946346696,0.433613366156823,"NDUFAB1P1"
"ENSG00000217801.10",235.191945293537,0.0165308591535927,0.139276052064792,0.11869132495156,0.905519909648541,0.949825909008471,"AL390719.1"
"ENSG00000217862.2",2.88493792222524,0.0197486146678609,0.223488893084403,0.0883650833618948,0.929586512144359,0.962945190216525,"H4C10P"
"ENSG00000217897.2",2.95930055859602,-1.24353598903996,0.309007575652201,-4.02428965184854,5.71475464575187e-05,0.00146017902088271,"HSPE1P8"
"ENSG00000217930.8",161.641778564944,-0.0938685076377571,0.0998353322783631,-0.940233337191996,0.347097885220103,0.54088134297369,"PAM16"
"ENSG00000217950.4",4.42446963918969,0.256650437821262,0.142274867174701,1.80390565753345,0.0712460979265214,0.196276072674197,"NOC2LP2"
"ENSG00000218014.1",14.5203933049472,0.370219989927772,0.181412964634366,2.04075817113701,0.041274870128557,0.137416425119005,"KRT19P1"
"ENSG00000218018.3",26.8770218623868,-0.29806846459771,0.0923203814233678,-3.22863120799741,0.00124384185108211,0.0128049557044145,"RBM38-AS1"
"ENSG00000218020.3",2.54867606000813,-2.13529874208941,0.415906544916744,-5.13408304867346,2.83522889332444e-07,3.0061552721481e-05,"THAP12P5"
"ENSG00000218027.2",4.27247552584612,-0.256023424540928,0.217443385521922,-1.17742567301555,0.23902564786085,0.426558795788554,"AL512329.1"
"ENSG00000218048.2",201.792234901652,-0.52081119013499,0.257744063805167,-2.02065251259745,0.0433157488520621,0.142023953765186,"AL121949.1"
"ENSG00000218052.5",21.9233593992602,-0.0387287190970703,0.120605069104581,-0.32112016007791,0.748119333174678,0.856928850837782,"ADAMTS7P4"
"ENSG00000218073.1",7.37824752255248,-0.428701419783614,0.177936534263357,-2.40929397415997,0.0159834175891825,0.0734170897079599,"AL021407.2"
"ENSG00000218175.2",144.054659039846,-0.323614068694881,0.146219784593271,-2.21320301896939,0.0268836520648777,0.10311004511827,"AC016739.1"
"ENSG00000218186.2",3.68019528992612,0.0520151381198037,0.230066362997359,0.226087540317229,0.821133335104304,0.902480322646502,"KRT8P43"
"ENSG00000218208.1",16.7044833682749,-0.0594354530998286,0.147869784287667,-0.401944544560926,0.687724839149597,0.817204049889625,"RPS27AP11"
"ENSG00000218226.1",94.9001230658155,-0.0534423280022436,0.137627593574987,-0.388311141785135,0.697785792973152,0.823481660708879,"TATDN2P2"
"ENSG00000218265.1",4.61303255817177,-0.123861628675952,0.197906582411074,-0.625859065256748,0.531407386129067,0.701175937069151,"RPS4XP7"
"ENSG00000218274.2",45.9910217057461,-0.54872642823,0.30837707121583,-1.77940086812081,0.0751740642517692,0.20335925239361,"AL121949.2"
"ENSG00000218281.1",3.95438846569456,0.0618025231176074,0.307729520945269,0.200833910662082,0.840828446237444,0.913373800149086,"H2AC9P"
"ENSG00000218283.2",328.010955940628,-0.00132610502691164,0.0715363434226547,-0.018537500848718,0.985210061348257,0.992898634504443,"MORF4L1P1"
"ENSG00000218313.1",1.53133770381565,-0.990482903391234,0.596918377015958,-1.65932720708439,0.0970498757240897,0.24007475215231,"AL139274.1"
"ENSG00000218336.9",359.744583213006,0.45548109967939,0.165944266246787,2.74478359500541,0.00605508118099644,0.0382281593582666,"TENM3"
"ENSG00000218350.1",4.69585399375801,-0.0627537788014399,0.175373769983335,-0.357828760865454,0.720471465710156,0.839576989409649,"LYPLA1P3"
"ENSG00000218357.3",40.4924585259461,-0.149922468220502,0.224723855655004,-0.667140868438387,0.504682157368714,0.680643891816392,"LINC01644"
"ENSG00000218358.2",12.8033755256949,-0.0448053486990295,0.156542909109082,-0.286217682768424,0.774711401126661,0.87432090432915,"RAET1K"
"ENSG00000218416.4",85.9936537867361,0.716483220203541,0.209583273069942,3.41860879309981,0.00062942149910278,0.00789277964957772,"AC110619.1"
"ENSG00000218418.2",17.9268857207401,0.0723466197958272,0.0994131398580929,0.72773699632763,0.466774598529183,0.648459282655209,"AL591135.1"
"ENSG00000218426.5",290.116666674099,-0.0904156445785765,0.129790144695337,-0.696629507508555,0.486034684574676,0.664977100088135,"AL590867.2"
"ENSG00000218428.1",2.45494962141317,-1.34424608514374,0.480629149532612,-2.79684677146808,0.00516040004912503,0.0342373212815106,"NIP7P3"
"ENSG00000218502.3",7.94432626303591,0.0231370522440763,0.192520977549282,0.120179382728065,0.904341049591151,0.949187470493008,"H2AZP3"
"ENSG00000218510.8",53.7996568450827,-0.186218137126832,0.113997164772705,-1.63353305758196,0.102356933990363,0.248234950709583,"LINC00339"
"ENSG00000218521.1",1.58766503202642,-1.79084414792492,0.936723872494845,-1.91181649204182,0.0558997356777247,0.167392507637928,"AL589655.1"
"ENSG00000218537.1",28.7614734140127,-0.0837044011249014,0.164260839024967,-0.509582208527371,0.610344190891456,0.762140467607428,"MIF-AS1"
"ENSG00000218565.2",3.12846026621444,-0.177359309504016,0.211769978070188,-0.837509221657624,0.402306395646009,0.592104099298996,"AL592429.1"
"ENSG00000218582.2",13.1578034535163,0.353796271085001,0.16573513102426,2.13470897146854,0.0327847897230311,0.117378643321741,"GAPDHP63"
"ENSG00000218586.3",9.11773356814411,0.00779896990316226,0.108548610798263,0.0718477173112479,0.942723097992309,0.969971103523078,"AC006971.1"
"ENSG00000218596.2",2.39448163685917,-1.11853892348133,0.346422754230144,-3.2288263684268,0.00124299337569007,0.0128030866731024,"AL162578.1"
"ENSG00000218617.1",25.737537357689,-0.579479912048566,0.292058965551195,-1.98411957994486,0.0472425108642354,0.150154818769968,"AL121949.3"
"ENSG00000218631.1",5.50508520295182,-0.107230812865906,0.173827629131146,-0.616880143863695,0.537313784632428,0.705643709751246,"AL117344.1"
"ENSG00000218676.1",3.92059228668243,-0.823159821373004,0.23330842156848,-3.52820449360158,0.000418388802577557,0.00598167531209448,"BRD7P4"
"ENSG00000218682.1",3.16953708418177,-0.081423516042744,0.232064462967828,-0.350865940443592,0.725688924616353,0.842503456442048,"AC064847.1"
"ENSG00000218739.10",1733.07604694923,-0.0653431383412668,0.0641598538191168,-1.01844275589352,0.308467591974887,0.502209893667655,"CEBPZOS"
"ENSG00000218749.1",1.84936517440986,-0.00952834088624769,0.394418319354336,-0.0241579572212711,0.980726613611048,0.990514838822735,"AL033519.2"
"ENSG00000218757.1",2.38721080809491,-0.790699912927739,0.592921615896078,-1.33356567163226,0.182346239612277,0.359392218530165,"AL121952.1"
"ENSG00000218809.1",12.5294796832771,-0.155979053888816,0.211492546402667,-0.737515607721905,0.46080885532375,0.64325824823034,"AL391903.1"
"ENSG00000218819.6",2.5105596450731,-0.468980484302955,0.382630142010197,-1.22567574483052,0.220320721293315,0.404831269607503,"TDRD15"
"ENSG00000218823.2",1.24369805112653,-0.768772488360151,0.400513853197544,-1.91946541230116,0.0549254595123427,0.165508268512607,"PAPOLB"
"ENSG00000218891.5",487.405161258232,0.162235632354555,0.0908616102353934,1.78552451287463,0.0741762789009594,0.201541101830226,"ZNF579"
"ENSG00000218902.3",6.51107198717597,-0.180743233452424,0.138158233529699,-1.30823352930009,0.19079411283646,0.369615330605168,"PTMAP3"
"ENSG00000218980.2",10.0480984988978,0.0596512776307391,0.121264709914253,0.4919096221227,0.622783235812165,0.771308766828897,"FTH1P15"
"ENSG00000218996.1",4.29664610352449,0.00503923275013923,0.197326545471986,0.0255375308886388,0.979626212920447,0.989913968093011,"ARL4AP5"
"ENSG00000219023.1",12.6818388644968,-0.135959661675675,0.152976096739747,-0.888764091732443,0.374129877901153,0.566033881461987,"AL033519.3"
"ENSG00000219039.2",1.97911034128874,-0.00699439362165478,0.253942347692749,-0.0275432344593327,0.978026456802763,0.988991750235041,"AC005102.1"
"ENSG00000219085.1",4.79609405049514,-0.363063062023679,0.199674506492009,-1.81827449283421,0.0690221893289976,0.192458605471551,"NPM1P37"
"ENSG00000219102.3",10.3692462994573,0.0392825478663514,0.117405285262067,0.334589262984768,0.73793494543672,0.850457118695427,"HNRNPA3P12"
"ENSG00000219133.2",9.17624194859137,-0.0353603133191598,0.153417558963192,-0.230484134659211,0.817715590366549,0.900560252522416,"AL592114.1"
"ENSG00000219135.1",3.57664652907961,0.202133011009895,0.168873890057625,1.19694649623409,0.231327409634187,0.417973702862855,"RPL23AP48"
"ENSG00000219146.1",2.46350540182004,-0.302014229857399,0.208830849811959,-1.4462146283911,0.148117011974366,0.314473546308435,"RPS4XP8"
"ENSG00000219159.4",9.92756869323332,-0.686070870298926,0.359562515062568,-1.9080711741588,0.0563820177940981,0.168442795981596,"AC011298.1"
"ENSG00000219200.12",54.2541071244148,-0.172825502096078,0.0899186242428341,-1.9220212002949,0.0546030901995517,0.1649937086598,"RNASEK"
"ENSG00000219201.4",32.3926782552918,-0.110916018640357,0.113029168742801,-0.981304382524019,0.326442662216545,0.520012227424662,"AC138392.1"
"ENSG00000219249.2",1.81985817468176,-0.901892499969517,0.388299095542165,-2.32267473791111,0.0201966323662967,0.0857611353645884,"AMZ2P2"
"ENSG00000219355.2",6.18206930249297,-0.484599570927746,0.202144355175899,-2.39729459922868,0.0165166382962677,0.0750700940338074,"RPL31P52"
"ENSG00000219384.1",1.64360558910426,-0.442028575547526,0.663359816176156,-0.666348133800955,0.505188606077365,0.68094106324428,"AL138880.1"
"ENSG00000219395.2",10.8686321406204,-0.424868545222375,0.178320878649128,-2.38260684021395,0.0171905428469886,0.0771015415606617,"HSPA8P15"
"ENSG00000219409.2",2.31566447204504,-0.982395069990345,0.695385003193745,-1.41273548534758,0.157733513694559,0.327742736780437,"AL590704.1"
"ENSG00000219410.6",9.10380253983672,-0.203367392462873,0.112117358547728,-1.81387962664407,0.0696962599720901,0.193479328212357,"AC125494.1"
"ENSG00000219430.2",7.79457983906995,-0.798881012152639,0.255297305168798,-3.12921835044217,0.00175272011097654,0.016328683279331,"MBL3P"
"ENSG00000219433.2",6.31241909360371,-0.294118593534617,0.174246941164996,-1.6879412147391,0.0914225139750965,0.231040667813336,"BTBD10P2"
"ENSG00000219438.9",307.400295641303,-0.106300756381695,0.148654166942587,-0.715087633047991,0.474554895173236,0.654949887037372,"TAFA5"
"ENSG00000219451.3",15.0020658212967,-0.0399638396951598,0.138099904989687,-0.289383542285162,0.772287887846467,0.872739576052151,"RPL23P8"
"ENSG00000219470.1",33.4273502406553,0.209832397055875,0.0870299596857374,2.41103635821013,0.0159072625851739,0.073204220488448,"AL355802.1"
"ENSG00000219481.10",643.173452172343,-0.249822896493883,0.0759779412240433,-3.28809773559415,0.00100866816237857,0.0110685841037828,"NBPF1"
"ENSG00000219491.7",3.03180177197533,-0.814227768551567,0.397299670875269,-2.04940458862648,0.040422568927853,0.135486619079332,"TPT1P8"
"ENSG00000219507.4",109.198642059016,-0.0295293436812687,0.135819916566054,-0.217415416147068,0.827884618178836,0.905924818176762,"FTH1P8"
"ENSG00000219545.11",783.021841260793,0.0677396360485439,0.061472356867227,1.10195280449151,0.270482190203209,0.462443565882784,"UMAD1"
"ENSG00000219547.1",2.19983176346561,-0.351522124678463,0.350007205067508,-1.00432825264458,0.315220420016283,0.509225748148969,"RPL17P25"
"ENSG00000219565.2",2.77267774653039,-0.242770596707596,0.257548180644585,-0.942622060462613,0.345874251867028,0.539530125446702,"ZNF259P1"
"ENSG00000219607.4",120.440967051689,0.754968141227753,0.133687653566974,5.647254036436,1.63030839434988e-08,3.54757237732617e-06,"PPP1R3G"
"ENSG00000219608.3",2.54404985903767,-1.40619336763272,0.35738950258701,-3.93462414943305,8.33269887309708e-05,0.00192921101239236,"HIGD1AP16"
"ENSG00000219626.9",124.244675466316,-0.0883291237948102,0.0706080591569064,-1.2509779315492,0.210942529041181,0.393462357519639,"FAM228B"
"ENSG00000219642.2",8.93967885593822,-0.319780826630671,0.171453873256318,-1.86511287588475,0.0621655841331026,0.179862587341912,"BMPR1AP1"
"ENSG00000219653.1",2.33803506927747,0.069310709164574,0.362247385864561,0.191335291486377,0.848262913207163,0.917816612590382,"GCNT1P4"
"ENSG00000219665.8",79.4280511653634,-0.338982708178647,0.126856930206229,-2.67216546725172,0.00753634765105372,0.0442595911706705,"ZNF433-AS1"
"ENSG00000219682.4",9.30812461909735,0.0439286819367655,0.213416347417643,0.205835600076126,0.836919331748687,0.91109335922124,"AL133268.1"
"ENSG00000219693.3",3.72036877623788,-0.111141564907214,0.161241704959455,-0.689285473228909,0.490643637769328,0.668864082886505,"FGF7P8"
"ENSG00000219702.1",2.90730000766308,-0.594282453407002,0.24018623270364,-2.47425694103072,0.0133513635688176,0.0651101431516981,"AL078599.1"
"ENSG00000219703.1",0.864545200385267,0.493581507445135,0.536370750295699,0.92022450361625,0.357455451905654,0.550533151236587,"RAP1BP3"
"ENSG00000219712.1",1.77029083541522,-1.05503793054115,0.617160896155311,-1.7095022337184,0.0873579583073454,0.224390860406994,"AL357054.1"
"ENSG00000219747.1",20.716181015526,0.00332731939604051,0.119378135297992,0.0278721005964354,0.977764160294367,0.988897889845134,"AL133260.1"
"ENSG00000219773.1",3.1801046515527,0.00134935479732782,0.182699804129761,0.00738563899263652,0.994107166249546,0.997192223137877,"RPSAP45"
"ENSG00000219797.2",6.66809324610316,0.223170285584175,0.159949054050836,1.39525855222154,0.162937885985144,0.334362120198682,"PPIAP9"
"ENSG00000219881.1",3.67573931565876,-0.687306385162981,0.255779115624754,-2.68710908427452,0.0072073410808388,0.0429827823941412,"GAPDHP42"
"ENSG00000219891.2",48.9470018565588,-0.137205269188058,0.109755351995141,-1.25010094445446,0.211262674835553,0.393790870699913,"ZSCAN12P1"
"ENSG00000219926.11",1.45126201632361,-0.758520810751948,0.460656465254291,-1.64660841204786,0.0996385602906834,0.24384494176402,"OR7E104P"
"ENSG00000219928.2",61.5757820711267,0.0916890449499185,0.147396139033207,0.622058661450162,0.53390329583477,0.702967746113542,"AL161787.1"
"ENSG00000219932.6",4.72134886018362,0.0413292297090556,0.150110499712506,0.275325375561403,0.783066270664676,0.879576999072562,"RPL12P8"
"ENSG00000219951.4",4.59133462017782,0.231242857449621,0.179432044926571,1.28874893859819,0.197485382827225,0.377768614310594,"AL391416.1"
"ENSG00000219986.2",4.8988808435249,-0.0905247593769747,0.145027167978658,-0.624191733443326,0.532501675125518,0.702124149551322,"BTF3P7"
"ENSG00000219992.2",9.89239233371696,0.133732707964919,0.16765188604841,0.797680903669062,0.42505568838321,0.612613810967195,"AL391422.1"
"ENSG00000220008.3",18.4019464392192,-0.201659027597649,0.154191891550517,-1.30784456672665,0.190926034554701,0.369816828531007,"LINGO3"
"ENSG00000220154.2",26.2408389988676,-0.805679667697674,0.27863870525538,-2.89148511137118,0.00383425759726591,0.0278964025755625,"AL355796.1"
"ENSG00000220157.4",9.53369097415894,0.100335587919314,0.120031861484915,0.835907955421683,0.403206686585284,0.592969055165085,"HNRNPA1P12"
"ENSG00000220161.4",2.65387024134406,0.41164557130572,0.20936088396907,1.96620096123846,0.0492754014948216,0.154199261393655,"LINC02076"
"ENSG00000220201.7",31.6685135902703,-0.0868007871790732,0.100851130778375,-0.860682339495253,0.389413022438836,0.58036294176356,"ZGLP1"
"ENSG00000220205.9",2390.22950858167,-0.170472136418402,0.090516964337363,-1.88331698556572,0.0596574228874101,0.175039621062003,"VAMP2"
"ENSG00000220237.1",2.37170987553949,-0.767330367024465,0.287131979107489,-2.6723960507973,0.00753117037176778,0.044258745721765,"RPS24P12"
"ENSG00000220267.1",7.03994115812725,-0.562719780265374,0.210182576863244,-2.67729032854855,0.00742202903155263,0.0438045758814894,"ACTBP8"
"ENSG00000220305.1",9.40845124329184,-0.343357135359721,0.178717922942223,-1.92122384653454,0.0547034930504932,0.165207129365935,"HNRNPH1P1"
"ENSG00000220323.4",94.6759733201569,-0.00161774173817623,0.136854607994195,-0.011820878828171,0.990568522936767,0.995382042561082,"H2BC19P"
"ENSG00000220343.5",2.76979738391836,-0.361460070566799,0.233708613872462,-1.54662707795637,0.121953196370432,0.277695627300513,"PPIAP74"
"ENSG00000220378.3",6.4862135326672,0.676254989630609,0.225432718009835,2.99980852646733,0.0027014937141293,0.0220099062122882,"KRT8P42"
"ENSG00000220392.1",1.97566590222996,-1.39088524973991,0.348177558775351,-3.9947584635612,6.47602397242208e-05,0.00160421328953756,"FCF1P5"
"ENSG00000220412.1",2.9961064991822,0.0249591141916579,0.198913419447956,0.125477276801771,0.900145713334543,0.946871732353362,"AL356234.1"
"ENSG00000220446.2",1.11800718675142,-0.630818403435032,0.888344347414822,-0.710105721132556,0.477638578791614,0.657787847102759,"AL121978.1"
"ENSG00000220472.1",23.4512660366037,-0.0597759226468666,0.153144013737739,-0.390324905217866,0.696296309245692,0.822703811402574,"AL139095.2"
"ENSG00000220506.2",2.74166411703786,-1.38218671583243,0.263181365586163,-5.25184111251188,1.50586338635262e-07,1.9363009787685e-05,"AL136310.1"
"ENSG00000220517.2",12.3182733661863,0.11239266107824,0.139592921830875,0.805145845535132,0.420735522667397,0.608567532972355,"ASS1P1"
"ENSG00000220614.1",2.51222060319358,-0.295424968204403,0.188843197857231,-1.56439295434803,0.117725314313503,0.271522610976062,"AL583834.1"
"ENSG00000220643.1",1.50466098343593,-0.792828122955108,0.388329654792308,-2.04163682369079,0.0411875697601712,0.137207442292548,"AL031577.1"
"ENSG00000220685.3",5.00845353869354,-0.0787858926882448,0.135513843125868,-0.581386306158158,0.560980124574979,0.724851979762091,"AL139094.1"
"ENSG00000220695.1",3.28958876415509,-1.49790190939512,0.324675596905599,-4.61353401263058,3.95879444848362e-06,0.000204627495791277,"Z86062.1"
"ENSG00000220702.1",3.36043446547495,0.406992706214519,0.323898577695796,1.25654366595201,0.208918924678206,0.391040997809215,"Z85994.1"
"ENSG00000220739.2",2.5613071608477,-1.55587974076448,0.606574044297682,-2.5650285490965,0.0103167316027147,0.0547719574627938,"AL513475.2"
"ENSG00000220744.1",3.70078362654385,-0.335924842900343,0.189599033189789,-1.77176453512862,0.076433651927287,0.205483331202775,"RPL5P18"
"ENSG00000220749.4",56.7744267208968,0.192401215269069,0.10496464645625,1.83300970150234,0.066801128356614,0.188363679713454,"RPL21P28"
"ENSG00000220771.2",3.46506104129179,0.209361415782679,0.196845676241092,1.06358148058207,0.287518335566689,0.480004046316997,"BOLA2P3"
"ENSG00000220785.7",204.117266568541,-0.23700646397789,0.102814475663713,-2.30518574790086,0.0211561727217233,0.088242603160152,"MTMR9LP"
"ENSG00000220793.5",19.446504904396,0.102543818206063,0.119773672424806,0.856146564850806,0.391916714882251,0.582711825141782,"RPL21P119"
"ENSG00000220804.8",44.6987061160373,-0.249381691675383,0.0812713514350919,-3.06850676495215,0.00215131457588824,0.0187780332260928,"LINC01881"
"ENSG00000220842.6",132.629126113386,0.235318719904725,0.124007136870859,1.89762239369969,0.0577458423099335,0.171134127957186,"RPL21P16"
"ENSG00000220848.5",120.513677276351,-0.153304638060958,0.0720720941220494,-2.12710120232314,0.0334116754068708,0.118996032233734,"RPS18P9"
"ENSG00000220867.1",2.28238884925657,-1.41370005897629,0.359973802732785,-3.92723039355646,8.59296593581088e-05,0.00197300424069622,"HSPE1P26"
"ENSG00000220875.1",8.73451291052835,-0.0105034494428553,0.12601216672124,-0.0833526612242982,0.933571128335101,0.965110497614051,"H3C9P"
"ENSG00000220884.2",4.45127341826567,-0.264481805271852,0.239920341924752,-1.10237340923265,0.270299366845659,0.462249682576152,"MESTP1"
"ENSG00000220891.1",2.4645801093662,0.0217401041070353,0.315158060728577,0.0689815899259467,0.945004273698204,0.971499993337481,"LL22NC03-63E9.3"
"ENSG00000220908.2",1.04273530189591,-1.29378968283784,0.67625607698302,-1.9131653331824,0.0557268899945227,0.167025148414444,"LINC02531"
"ENSG00000220920.1",8.02512678313967,-0.346539104443673,0.19394119118317,-1.78682569870564,0.0739656644210214,0.201270033965596,"AL023807.1"
"ENSG00000220925.2",2.07199842852481,-0.728276020228576,0.283709252530457,-2.56698015215558,0.0102588484271272,0.0546127023799723,"IGBP1-AS2"
"ENSG00000221044.2",3.49922674518743,-0.282052893347077,0.167829083358544,-1.68059604272824,0.0928414049992545,0.233368735118171,"U3"
"ENSG00000221046.1",2.17104574357449,-0.0364021569539194,0.285660639211309,-0.127431476224458,0.898598904885179,0.946053610990174,"RNU6ATAC38P"
"ENSG00000221063.3",1.67871286414373,-0.978516889943185,0.498399825004227,-1.96331708169217,0.0496093418379571,0.154894853025519,"MIR1296"
"ENSG00000221066.1",1.5042387793121,-0.530785460339775,0.424466084302836,-1.25047790617138,0.211125021224776,0.393648372067455,"SNORD111"
"ENSG00000221102.1",1.93713045298308,-2.01962017524451,0.530948918312265,-3.80379374660806,0.000142496838365432,0.00283063677786416,"SNORA11B"
"ENSG00000221164.1",14.5838274394753,-0.351735176753448,0.139981932842607,-2.51271838880044,0.0119804927051398,0.0604225947068747,"SNORA11F"
"ENSG00000221184.1",14.2168318340277,-0.356787002527123,0.133690053163974,-2.66876251511033,0.00761312588995877,0.0445063740569618,"AL513534.1"
"ENSG00000221203.1",1.1954140150123,-0.789641406209739,0.704765379268307,-1.12043160665689,0.262529882414168,0.454058978942708,"MIR1262"
"ENSG00000221214.1",1.65634581375627,-1.33888034928652,0.886148011527069,-1.51089923113326,0.130814126795985,0.291018392768527,"MIR548E"
"ENSG00000221264.1",1.02782426292136,-0.722533325135559,0.579372646285459,-1.24709602665564,0.212362289684767,0.394954109712725,"MIR1284"
"ENSG00000221265.1",1.82227936202658,-0.424440221848724,0.473724572746913,-0.895964124021661,0.370271924378138,0.562692312320676,"MIR1255A"
"ENSG00000221296.2",0.656562049348142,-1.04729086325477,0.824650705721465,-1.26998116413242,0.204091339710546,0.385171644066844,"MIR548T"
"ENSG00000221303.1",1.74956983693241,-1.04314772624873,0.712520982320215,-1.46402387035941,0.143187426349485,0.308034310251576,"SNORA79"
"ENSG00000221333.1",1.46123168165943,-1.56938686734909,0.750372548311069,-2.09147692153911,0.036485333114017,0.126479913728985,"MIR548K"
"ENSG00000221340.1",5.45644772725881,-0.426090822521994,0.175685368799791,-2.42530624737204,0.0152954778416502,0.0712805934268506,"RNU6ATAC18P"
"ENSG00000221375.1",1.17932551498953,-2.07176549585901,1.26842566607397,-1.63333615147629,0.102398317452701,0.248244897906705,"RNU6ATAC23P"
"ENSG00000221406.1",2.63987686873024,-0.693952276296254,0.23869982759636,-2.9072173335195,0.00364659746464499,0.0270166561368193,"MIR320B2"
"ENSG00000221439.1",1.59061335163699,-0.373844882700464,0.462440699557397,-0.808416912824221,0.418850619000356,0.607184843196721,"RNU4ATAC16P"
"ENSG00000221493.1",1.52531785630955,0.220921153354288,0.398273801844684,0.554696674325673,0.579102151320687,0.73819005758173,"MIR320C1"
"ENSG00000221500.1",11.2286044939752,-0.204254462903044,0.121379824318446,-1.68277111991176,0.0924194078311179,0.23265930774453,"SNORD100"
"ENSG00000221510.1",1.54810985728687,-0.48715962101727,0.35133343783695,-1.38660192441846,0.165563181191822,0.337554410216998,"MIR548O"
"ENSG00000221518.1",3.01819905643897,-0.635541952777279,0.272391736771934,-2.33319101492936,0.0196381222114738,0.0842867091384038,"RNU6ATAC16P"
"ENSG00000221539.1",18.1055143180975,-0.311122629740298,0.134349030508969,-2.31577874854503,0.0205703521408742,0.0867977742130738,"SNORD99"
"ENSG00000221639.1",2.56637461265521,-0.471225169563316,0.295993418107898,-1.59201232438061,0.111381935385713,0.262023630457138,"AC053527.1"
"ENSG00000221643.1",5.6008620307781,-0.200602778459057,0.190361400854162,-1.05379965454626,0.291974651710395,0.484461105377233,"SNORA77"
"ENSG00000221676.1",2.9383218423339,-1.79058746242004,0.387106686876192,-4.6255658275227,3.73577130662061e-06,0.000195866195450898,"RNU6ATAC"
"ENSG00000221716.1",8.30958349613491,-0.261844424925732,0.193291912956102,-1.3546579415622,0.17552656374275,0.350937177917811,"SNORA11"
"ENSG00000221740.1",4.07708366165339,-0.689612772355771,0.248131593211477,-2.77922195811651,0.00544892787677982,0.0354942586189847,"SNORD93"
"ENSG00000221771.1",1.3555982287819,-2.30025473791396,0.484784803887546,-4.74489860133394,2.08610807831914e-06,0.000127436323397209,"MIR1205"
"ENSG00000221782.1",0.373199419364429,-0.273500445225707,1.4772242588059,-0.185144837417433,0.853115434312921,0.921326008555521,"MIR548F2"
"ENSG00000221808.1",0.88848074304931,-0.549608684662571,0.859556731847256,-0.639409435467299,0.52255661241804,0.695176108736266,"MIR1256"
"ENSG00000221817.10",186.54419473465,-0.244411841363978,0.0833051210420758,-2.93393537283897,0.00334693889592912,0.0255162895951839,"PPP3CB-AS1"
"ENSG00000221818.9",62.9792002340452,0.0471922312177886,0.153263220712373,0.307916217592435,0.758146085106556,0.863470087967042,"EBF2"
"ENSG00000221819.6",14.7980603273119,-0.24623636365574,0.173897783151274,-1.41598333914089,0.156780382556743,0.326659320136532,"GAS8-AS1"
"ENSG00000221821.4",189.162253429108,0.140028341541826,0.0907363280373204,1.54324452587757,0.122771457691464,0.278867409970565,"C6orf226"
"ENSG00000221823.11",1741.77864894935,0.0599635376176725,0.0468603297725361,1.27962261274602,0.200677893125397,0.381258222770134,"PPP3R1"
"ENSG00000221826.10",4.42388423079878,0.879582181648714,0.508725063044652,1.72899321371063,0.0838103096589281,0.218401427635777,"PSG3"
"ENSG00000221829.10",28.1882830662558,-0.226275876983063,0.114244871147647,-1.98062175316938,0.0476337075806228,0.15095557400943,"FANCG"
"ENSG00000221836.3",1.8138781036263,-0.978969987777658,0.331786132473915,-2.95060550143585,0.00317151710097076,0.0245899671268327,"OR2A5"
"ENSG00000221838.10",846.409005393157,0.0909613006559019,0.074708560779445,1.21754856079263,0.223395572072935,0.408076631477539,"AP4M1"
"ENSG00000221843.4",176.25131807493,-0.279083587397719,0.1021251138662,-2.73276157873726,0.00628057778314447,0.0391593310975406,"C2orf16"
"ENSG00000221866.9",331.003007396899,0.310496943599788,0.152764973402086,2.03251397676445,0.0421016502892974,0.139108730029497,"PLXNA4"
"ENSG00000221867.9",478.281999566089,-0.25853586052297,0.578601950348155,-0.44682853275452,0.654998868234169,0.794334947733223,"MAGEA3"
"ENSG00000221869.5",5280.98153555492,0.0389048620087123,0.119594467401941,0.325306536781157,0.744949084058664,0.854696734977087,"CEBPD"
"ENSG00000221882.3",2.92038612520142,0.261492190816509,0.268790038507369,0.972849262824671,0.330628224673073,0.524215688051061,"OR3A2"
"ENSG00000221883.4",50.3034424744497,-0.104920816879473,0.07914725296039,-1.32564066287913,0.184958750512961,0.36265204245159,"ARIH2OS"
"ENSG00000221886.4",265.359587774798,-0.0118168134907247,0.0800826622045846,-0.147557700573648,0.8826918396238,0.937518644056504,"ZBED8"
"ENSG00000221887.6",33.5548196595307,0.185936681099904,0.171448495145823,1.08450459679893,0.278141129943553,0.470823298719276,"HMSD"
"ENSG00000221890.6",521.66199662109,-0.089953372440837,0.145827297174783,-0.616848657168914,0.537334554699594,0.705643709751246,"NPTXR"
"ENSG00000221909.3",452.325163738394,-0.0400879512891436,0.0640556165320693,-0.6258303870836,0.531426198301922,0.701175937069151,"FAM200A"
"ENSG00000221914.11",2849.6052592737,-0.0694272816681546,0.0720151780418494,-0.96406457021892,0.33501355422923,0.528477101738446,"PPP2R2A"
"ENSG00000221916.4",27.5873326983231,0.277941477464786,0.112312906748182,2.47470647418967,0.0133345718061367,0.065085456552076,"C19orf73"
"ENSG00000221923.9",455.651027358162,0.126299915485063,0.107536192554812,1.17448751424491,0.240199810148557,0.428126360044751,"ZNF880"
"ENSG00000221926.13",876.725541935947,0.329259818024815,0.128305499949904,2.56621748992343,0.0102814339535648,0.0546892124326622,"TRIM16"
"ENSG00000221930.6",8.16466109326212,-0.0749272006007905,0.131060505985654,-0.571699308172912,0.56752570321753,0.729314524663972,"DENND10P1"
"ENSG00000221938.5",1.58654877371014,-0.324812989264708,0.340043305019173,-0.955210658378918,0.339471176901466,0.532879979896497,"OR2A14"
"ENSG00000221944.9",253.484745360112,-0.147499553872463,0.0885544568975721,-1.665636705819,0.0957857956052116,0.238162546160143,"TIGD1"
"ENSG00000221946.8",7.39498321657238,-0.0896823358609426,0.143257416787451,-0.626022288214251,0.531300322332659,0.701148788307484,"FXYD7"
"ENSG00000221947.8",148.110670402376,0.0544760766914499,0.182920090755781,0.297813523196758,0.765845492623307,0.868495605487695,"XKR9"
"ENSG00000221949.6",27.8172849775338,0.201041057503531,0.133620776929181,1.50456435087248,0.132436117317461,0.293106139323953,"LINC01465"
"ENSG00000221953.5",21.7219842583538,0.0415084707982057,0.118524748148232,0.35020931448252,0.726181616925781,0.842669492443497,"C1orf229"
"ENSG00000221955.11",1131.57918799329,0.260676534050112,0.10827167613964,2.4076152078214,0.0160570950502925,0.0736514094623751,"SLC12A8"
"ENSG00000221957.8",8.60926899726421,0.0818069654053237,0.273750670315069,0.298837498045828,0.76506403822532,0.867964186759203,"KIR2DS4"
"ENSG00000221962.5",12.2178694518825,-0.693127313029388,0.344122286326532,-2.01418896877749,0.0439896974165373,0.143368693559044,"TMEM14EP"
"ENSG00000221963.6",5406.0351601345,0.000526719110472836,0.0851984853695271,0.00618225908815542,0.995067302344251,0.997647704839464,"APOL6"
"ENSG00000221968.9",1142.95942221748,-0.0205769018939536,0.0987610618967257,-0.208350350824203,0.834955419876315,0.910191899215551,"FADS3"
"ENSG00000221970.2",5.43070064974236,-0.726421443192936,0.209209182663843,-3.47222542501946,0.000516162716962351,0.00689171948274189,"OR2A1"
"ENSG00000221978.12",5445.48563826936,-0.232923440312982,0.100829137794604,-2.31008065136352,0.0208836894275468,0.0875517271671466,"CCNL2"
"ENSG00000221983.8",16542.065498544,0.129367688370636,0.0724397888010196,1.78586506824292,0.0741211081225439,0.201494534395213,"UBA52"
"ENSG00000221986.7",149.450748322385,0.0154781933924758,0.234407245935137,0.0660312070590121,0.947352980023551,0.972211521705356,"MYBPHL"
"ENSG00000221988.13",220.190212043946,0.107759906897659,0.101401870298643,1.06270137405051,0.287917397554625,0.480434739213419,"PPT2"
"ENSG00000221990.4",218.876472168322,0.120768958618748,0.108113128430198,1.11706099316811,0.263968247190883,0.455611740044899,"EXOC3-AS1"
"ENSG00000221994.12",138.178022013457,-0.136285724097656,0.0821951718568747,-1.65807456835747,0.0973024163249385,0.240383157365302,"ZNF630"
"ENSG00000221995.5",137.422201957532,-0.331608214544912,0.113125936220776,-2.93131907344171,0.00337525910792699,0.0256734067809489,"TIAF1"
"ENSG00000222000.7",10.0560436699817,-0.211255055007153,0.274670426180223,-0.769121954427445,0.44182091615215,0.62687135167175,"AC092675.1"
"ENSG00000222001.2",1.45093180835893,1.04856894983415,0.539773442992884,1.94260937333291,0.0520633735187788,0.159942801848485,"AC106876.1"
"ENSG00000222004.7",3.56060831936851,0.0844437072720345,0.297352975847168,0.283984739118389,0.776422075808863,0.875317738323657,"LINC02860"
"ENSG00000222005.9",5.72415713289298,0.117700991030823,0.153860431142303,0.764985449195596,0.44428020924398,0.629144029205036,"LINC01118"
"ENSG00000222007.6",2.13283429278579,-0.696532235119558,0.465904870113845,-1.49500956053402,0.13491194703287,0.296351444573514,"AC064874.1"
"ENSG00000222009.8",274.003476416507,-0.19977926829101,0.105264934214942,-1.89787102211148,0.0577130744934122,0.171054482715954,"BTBD19"
"ENSG00000222011.9",216.52626743257,-0.00832088418181802,0.0654699124007449,-0.127094781048208,0.898865382086189,0.946175268495656,"FAM185A"
"ENSG00000222012.1",9.11002294878461,-0.343473668583076,0.212090505501673,-1.61946744278172,0.105346726027245,0.252760777574595,"AC005481.1"
"ENSG00000222014.6",3.62921785344825,0.283725459410949,0.184788057220771,1.5354101540879,0.124683111073288,0.28181091764854,"RAB6C"
"ENSG00000222017.1",5.62021824326307,-0.379547589297336,0.229693322256502,-1.65241020317295,0.0984509569610811,0.24200588527062,"AC011997.1"
"ENSG00000222019.7",30.4673490403558,-0.0276009888748257,0.127645456961911,-0.216231658625045,0.828807177212882,0.906517209860655,"URAHP"
"ENSG00000222020.3",19.0436144596454,0.192984011743862,0.124733230346155,1.54717400654421,0.12182129212283,0.277492580399459,"HDAC4-AS1"
"ENSG00000222022.1",6.05473536219153,0.0931613438202255,0.228723109537017,0.40731058618783,0.683779888596337,0.814784675412951,"AC112721.1"
"ENSG00000222024.2",1.00491508035417,0.0716825167590815,0.888734457615864,0.0806568442855005,0.935714858215283,0.966276512858604,"AC004945.1"
"ENSG00000222030.1",0.711628427292434,-0.39689563568118,0.922449890676467,-0.430262542922653,0.667004671109647,0.803427189221505,"LINC01793"
"ENSG00000222032.1",8.70218412957171,0.249487254838119,0.219083489553338,1.13877707236984,0.254796147017669,0.445251318636324,"AC112721.2"
"ENSG00000222033.1",91.8742802860771,-0.00734861160809473,0.159514989176366,-0.0460684707188853,0.96325567603733,0.981680025763531,"LINC01124"
"ENSG00000222037.5",41.7166439740915,0.0653114784993497,0.201183051724592,0.324637080208711,0.745455759979529,0.854973447163498,"IGLC6"
"ENSG00000222041.11",470.648701129123,0.214554359743245,0.10685990941279,2.00780967270373,0.0446635205829047,0.144909027970726,"CYTOR"
"ENSG00000222043.2",8.50662338037994,0.127158726286888,0.140929091601949,0.902288695978006,0.366903528821895,0.559629538629689,"AC079305.1"
"ENSG00000222046.2",42.552035260022,-0.80663790702946,0.197356638932326,-4.08720938597893,4.36593054290771e-05,0.00118948384259433,"DCDC2B"
"ENSG00000222047.9",23.2252135602374,0.0877440261152684,0.161432259343195,0.543534647116164,0.586761742465839,0.743937647736592,"C10orf55"
"ENSG00000222051.1",2.82711190653593,-0.62594696108913,0.248541697673186,-2.51847865750159,0.011786302629442,0.0597803080255467,"RNU6-1165P"
"ENSG00000222057.1",8.29124749768741,0.090502026497144,0.189821002963622,0.476775620632919,0.633521907711167,0.778627803167565,"RNU4-62P"
"ENSG00000222108.1",3.82168028961308,-0.541571678141921,0.190936981807552,-2.83638964549978,0.00456267432017122,0.0314339803196937,"RNA5SP317"
"ENSG00000222112.1",16.9432722255231,-0.42359732878867,0.169543536044275,-2.4984575565184,0.0124735078452114,0.0620748126592861,"RN7SKP16"
"ENSG00000222123.1",1.29990479778339,-0.0412782976436059,0.471750531596343,-0.0875002673636116,0.930273872922349,0.963115746328311,"RNA5SP390"
"ENSG00000222162.1",1.37252579212069,-1.50566974055989,0.579327303239128,-2.59899668484707,0.00934966762175816,0.0513186723257117,"RN7SKP151"
"ENSG00000222208.1",1.17469914474756,-0.376948750379578,0.525086807447841,-0.717878920271715,0.472831946433614,0.653438794264011,"RNA5SP129"
"ENSG00000222224.1",1.01144128167283,0.293228734699106,0.439525014228389,0.667149138744435,0.504676875188484,0.680643891816392,"Y_RNA"
"ENSG00000222266.1",2.1149104888083,-0.853483868217593,0.31427013623708,-2.71576510080404,0.00661228144607069,0.0405265129613914,"RNU6-757P"
"ENSG00000222287.1",2.53243675551428,-1.32184231577919,0.423861522951509,-3.11857114695078,0.00181730260420515,0.0167646039351073,"RNU6-1043P"
"ENSG00000222293.1",0.786552168398432,-1.30140210568336,1.41366795484201,-0.920585418397492,0.357266917998818,0.550516954661358,"RNU2-36P"
"ENSG00000222344.1",1.44074196454109,-1.15459577875064,0.983167152676327,-1.17436366299226,0.240249393354479,0.428158579652492,"RNU6-613P"
"ENSG00000222345.1",12.0886085528523,-0.293346002344014,0.148453834537871,-1.97600825372538,0.0481538424028378,0.1519751516843,"SNORD19C"
"ENSG00000222346.1",0.950652142852822,-0.9098946286424,0.713164966324825,-1.27585435573397,0.202007008737995,0.382952929160349,"RNA5SP237"
"ENSG00000222351.1",1.60974783267939,-0.753972739800071,0.651158447424234,-1.1578944307373,0.246907120557573,0.436158474278308,"RNY1P15"
"ENSG00000222378.1",2.58385436333794,-0.911995914516579,0.46287820371681,-1.97027189267815,0.0488072179434153,0.153325033684669,"RNA5SP44"
"ENSG00000222385.1",1.74474521726306,-0.855066987821161,0.65918065461407,-1.29716638653751,0.194573943540695,0.374146626806812,"RN7SKP158"
"ENSG00000222389.1",1.74036583827061,-0.595345438373663,0.403681040475268,-1.47479167630152,0.140268559732286,0.303776546872975,"RNU2-28P"
"ENSG00000222414.1",2.50598410937958,-3.12773216515989,0.875067500921926,-3.57427531232125,0.000351199247010223,0.00535124784014249,"RNU2-59P"
"ENSG00000222430.1",1.21138899016591,-0.734429973590174,1.12061009314547,-0.655384043105201,0.512220522557726,0.687025938986157,"Y_RNA"
"ENSG00000222431.1",1.1800707439191,-0.821714763533289,0.681836568089947,-1.20514915448901,0.228145726870839,0.414090514481143,"RNU6-141P"
"ENSG00000222432.1",0.990131440879794,-2.02292799562802,0.843888517310584,-2.39715075407704,0.0165231240481697,0.0750893214490464,"Y_RNA"
"ENSG00000222445.1",1.41167839598839,-0.711684535263898,0.82798619974336,-0.859536711462691,0.390044474925993,0.581043926068776,"RN7SKP56"
"ENSG00000222448.1",5.43243371385597,-0.28130797060302,0.15549676205558,-1.80909214368381,0.0704366894136884,0.194819761452161,"RN7SKP150"
"ENSG00000222460.1",4.71425473956348,-0.882233884949556,0.267093803480197,-3.30308630696095,0.000956269511448698,0.0106728397065577,"RN7SKP271"
"ENSG00000222465.1",2.66057270036997,-0.527983572192497,0.299352037805095,-1.76375472859237,0.0777732824917899,0.207792785009161,"RNU2-5P"
"ENSG00000222467.1",1.8114400854544,-1.9500204886717,1.00287766553049,-1.94442508363191,0.0518442114624044,0.159475254803808,"Y_RNA"
"ENSG00000222477.1",3.64130917866789,-4.20340388229956,1.40396744087746,-2.99394683944557,0.00275393923216914,0.0223082478969847,"RNU2-23P"
"ENSG00000222486.1",0.992919932515237,-0.76657671431138,0.950081963230966,-0.806853244223755,0.41975103907881,0.607915927616618,"RNU6-77P"
"ENSG00000222489.1",24.450315932666,-1.74391694877363,0.287696077935627,-6.0616639659712,1.34720451951939e-09,5.15545747912173e-07,"SNORA79B"
"ENSG00000222500.1",0.439525456562989,0.101617581676096,0.74352156440468,0.136670658311651,0.891291123135739,0.942353055433902,"RNA5SP475"
"ENSG00000222506.1",0.859176989377259,-1.70988690655036,0.93407077182706,-1.83057532482875,0.0671639543418722,0.188922738417029,"Y_RNA"
"ENSG00000222511.2",1.60311830506158,-2.19511573041878,0.804988844585664,-2.7268896273322,0.00639344209302179,0.0396972897431881,"Y_RNA"
"ENSG00000222515.1",1.71419822485619,-0.877516986269765,0.454487226509284,-1.93078470655729,0.0535096824050569,0.162783064355954,"RN7SKP240"
"ENSG00000222561.1",1.44659533868626,-0.82236166175318,0.554723985494914,-1.48246999094421,0.138215282706338,0.300502932615562,"RNU6-1025P"
"ENSG00000222585.1",2.85437448645267,-0.782746501684118,0.238567183672204,-3.28103173972003,0.00103428104613154,0.0112456952543623,"RNA5SP494"
"ENSG00000222588.1",1.26922607098066,0.0832250858341581,0.394559041659876,0.210931893700972,0.832940416408793,0.908881476767726,"AL355598.1"
"ENSG00000222594.1",1.18545684007061,0.0804085604700083,0.579528342270891,0.138748279600832,0.889649065436024,0.941478743774308,"RN7SKP235"
"ENSG00000222604.2",1.03454428960441,-0.347675925351991,0.490252943571305,-0.709176619765512,0.478214880418321,0.658281981880723,"AC007956.1"
"ENSG00000222610.1",1.56884640332353,-1.97394229561217,0.963940289849,-2.04778482277298,0.0405810881316544,0.135856994394141,"RNU6-402P"
"ENSG00000222626.1",0.520153264318098,-1.08305206573014,1.34550731138239,-0.804939561879747,0.420854557237842,0.608621638355113,"RNU2-48P"
"ENSG00000222713.1",15.1987983131524,-0.859535943599609,0.23137375846662,-3.71492406613437,0.000203264723817417,0.00364224566741295,"RN7SKP51"
"ENSG00000222724.1",2.67417409185443,-0.595916602846791,0.501794106519609,-1.18757194455711,0.23500209647624,0.422267123104891,"RNU2-63P"
"ENSG00000222736.1",0.902634565103341,-2.00275236956865,1.34462613948369,-1.48944923109829,0.136369112809747,0.298221352990281,"RNU4-6P"
"ENSG00000222764.1",1.39335927705406,-0.234553799274,0.406479683734361,-0.577036955744344,0.563914491027883,0.7269012370215,"RN7SKP106"
"ENSG00000222808.1",9.92927092992936,-0.140829113902143,0.155608556874364,-0.90502165646229,0.365453914263019,0.558145602532195,"RNU4-47P"
"ENSG00000222810.1",1.86510107530492,-0.515867718288906,0.399580323850309,-1.29102382549287,0.196695415991312,0.376809970918854,"RNU2-68P"
"ENSG00000222858.1",1.42040957487825,-0.71123003027491,0.415542215676837,-1.71157105931212,0.0869757454924594,0.223829596867933,"RNU6-920P"
"ENSG00000222898.1",14.3343420931795,0.322694064012605,0.213917463753042,1.50849798960379,0.131427120824288,0.291706875573535,"RN7SKP97"
"ENSG00000222921.1",0.625658060621477,-0.635889679693456,1.31291280290974,-0.484335043640498,0.628148109458652,0.775311614263463,"RNA5SP104"
"ENSG00000222960.1",1.04485014545074,-1.14551607826781,0.921718954479846,-1.24280408111413,0.213940038274134,0.396918678978031,"RNU6-272P"
"ENSG00000222969.1",3.80527252026204,-1.54060471485553,0.763494422020555,-2.01783362185986,0.043608591994329,0.142548930119509,"RN7SKP8"
"ENSG00000222974.1",1.36976496602241,-0.762976283026584,0.942937038770999,-0.809148704160596,0.418429616304253,0.606846890382361,"RN7SKP228"
"ENSG00000222976.1",0.616038911425579,0.113662205596879,1.01277873413428,0.112228072891002,0.910642570824876,0.952318856341016,"RN7SKP94"
"ENSG00000223001.1",1.98249953512367,-0.876002611002731,1.54741741302812,-0.566106212601352,0.57132158027861,0.732430802704426,"RNU2-61P"
"ENSG00000223006.1",3.36590833994451,-0.527304080088706,0.304342582313466,-1.73260040077334,0.083166717986542,0.217353759472953,"RN7SKP137"
"ENSG00000223023.1",3.00336040564242,-0.49193336689066,0.221174233172281,-2.22418931823525,0.0261357094295323,0.101247018367282,"Y_RNA"
"ENSG00000223044.1",3.43184620235479,-2.01044946770612,0.350276882380387,-5.73960078108396,9.48999949324852e-09,2.1878319267441e-06,"RNU6-130P"
"ENSG00000223060.1",3.35979867067235,-0.21632915716478,0.193928217338225,-1.11551150283347,0.264631291963146,0.45625943051937,"Y_RNA"
"ENSG00000223117.1",4.97482771886257,-0.230029751334439,0.208510904388595,-1.10320250160989,0.269939235217894,0.461776125686432,"RN7SKP296"
"ENSG00000223138.1",1.7480496511584,-0.436719673106524,0.367456348458901,-1.18849402095817,0.234638834031072,0.421782339041979,"RNA5SP450"
"ENSG00000223177.1",2.5268382765324,-0.519667836693018,0.259389328950007,-2.00342796982668,0.045131371807724,0.145884415801262,"RNA5SP39"
"ENSG00000223188.1",1.81134076771513,0.0288387781597593,0.267961562552019,0.107622816814113,0.914294896913773,0.954692818378955,"Y_RNA"
"ENSG00000223189.1",1.12411818496154,-0.718669939119175,0.995808719214634,-0.721694764518601,0.470482161649604,0.65135187508077,"RNU6-177P"
"ENSG00000223198.1",3.74484781297429,0.0556924711083619,0.158527308171316,0.351311529545285,0.725354646202253,0.842408692555657,"RNU2-22P"
"ENSG00000223224.1",2.3094918758795,-1.14123441098313,0.450433692166495,-2.53363465218159,0.0112886359886919,0.0581972784287861,"SNORD71"
"ENSG00000223254.1",4.22696417185826,0.00866699157228269,0.170295851758008,0.0508937327762897,0.959410199559767,0.97950456221844,"Y_RNA"
"ENSG00000223274.6",4.17148978128473,0.290583741581016,0.180142347118631,1.6130784694931,0.106727460847638,0.2549687513552,"RNA5SP498"
"ENSG00000223280.1",1.34593931060226,-0.39352137425995,0.516507372559585,-0.761889171706939,0.446126153238984,0.630775810922219,"RNU6-57P"
"ENSG00000223298.1",10.4171818899507,-0.442937156119489,0.205177707807373,-2.15879766302552,0.0308658678818932,0.112847844531927,"RNY3P8"
"ENSG00000223305.1",3.84004025240615,-0.274180896942304,0.26753943223524,-1.02482424609926,0.305446123808595,0.49868663201057,"RN7SKP30"
"ENSG00000223309.1",7.89026281018888,0.121982077614833,0.106561692627879,1.14470852148345,0.252329920299145,0.442660726859846,"RNU6-722P"
"ENSG00000223313.1",8.87323479934537,-0.102400414612272,0.108887385533479,-0.94042495474177,0.346999626828969,0.540806993347792,"RNU6-516P"
"ENSG00000223318.1",1.8388116234162,-0.221672442694565,0.342106006638755,-0.647964193533261,0.517008109588149,0.690858960165292,"RNA5SP111"
"ENSG00000223324.1",1.44784892464455,-0.446161370428608,0.448139113977826,-0.995586764271338,0.319450968320093,0.513196346664777,"RN7SKP273"
"ENSG00000223336.1",2.09243512440455,-1.02068272745111,0.529144957821791,-1.9289283822201,0.053739753770719,0.163289004498361,"RNU2-6P"
"ENSG00000223343.1",7.36999181950658,-0.3945559491231,0.10703529486804,-3.68622284461901,0.000227607066047726,0.00395084569860633,"AC137630.1"
"ENSG00000223345.3",10.8605303984717,-0.124507895241492,0.176183247083003,-0.706695428214206,0.479755771265541,0.659530468772965,"H2BP1"
"ENSG00000223350.2",329.389002223895,-1.05627168619177,0.234561560484375,-4.50317470607946,6.69458055132487e-06,0.000297176893727012,"IGLV9-49"
"ENSG00000223356.1",5.27506647392103,-0.165325646540992,0.151548490087364,-1.09090922942014,0.275312825568094,0.467939039291329,"AL590666.1"
"ENSG00000223361.5",8.39248108431619,0.47566762761078,0.146007391797704,3.25783250939669,0.00112266647164916,0.0119277481993502,"FTH1P10"
"ENSG00000223373.1",1.11735852682576,-1.14750138360954,0.55481865209086,-2.06824586607737,0.0386169093078806,0.13137837156578,"AC108066.1"
"ENSG00000223374.1",28.6966461767766,-0.170014733515825,0.122966416218347,-1.38261111240273,0.166784139896277,0.339016079709797,"AC005104.1"
"ENSG00000223382.5",7.91964392655563,0.338648140171908,0.214016233570483,1.58234791128767,0.11357016885207,0.265488809969946,"LINC01778"
"ENSG00000223387.6",10.171713355052,-0.0302526278409674,0.193157463951496,-0.156621583355247,0.875543091418476,0.933589217647098,"LINC02068"
"ENSG00000223390.1",2.42410131541282,-0.618336347230136,0.294837528128842,-2.09721045741479,0.0359749491865562,0.125270785824497,"AL445685.1"
"ENSG00000223392.1",76.6880748928766,-0.0410393912546471,0.311574820819416,-0.131716006918393,0.895208924141279,0.944533674663058,"CLDN10-AS1"
"ENSG00000223393.2",16.398173517788,-0.0993715517051128,0.110621310837439,-0.89830387068132,0.369023569537904,0.561683210741417,"AL118511.1"
"ENSG00000223396.4",171.815897577416,-0.133401584628229,0.0893281003759676,-1.4933888000166,0.135335442986885,0.296976199799787,"RPS10P7"
"ENSG00000223403.6",9.53328543853493,-0.215672340424091,0.239885318543032,-0.899064360145084,0.368618380252082,0.561178459633846,"MEG9"
"ENSG00000223409.1",2.80380074405943,-1.70237410182138,0.770968540988787,-2.20809801089685,0.0272374416451678,0.104017774042804,"RPL17P17"
"ENSG00000223416.3",5.38878459391046,0.0982808136084029,0.171355045488046,0.573550742719501,0.566271852223433,0.728529591779688,"RPS26P15"
"ENSG00000223429.1",1.5009800395597,-0.239044185492194,0.420618216029897,-0.568316293451263,0.569820217364372,0.731173379199569,"AL139156.1"
"ENSG00000223442.1",12.248122779101,-0.53654582700315,0.195345672189344,-2.74664813911561,0.00602076888957323,0.0380648421269581,"TH2LCRR"
"ENSG00000223450.1",2.27870971005728,-2.22300689370797,0.538244470285364,-4.13010632980472,3.62595492698299e-05,0.00103621388312485,"AL590632.1"
"ENSG00000223458.2",5.13192943580251,-0.2741144548062,0.21913990760717,-1.25086506515087,0.210983711448306,0.393517126344451,"LMO7DN-IT1"
"ENSG00000223459.6",32.6603411685315,0.113570787085063,0.106686258904766,1.06453059888849,0.28708840037531,0.479484002894311,"TCAF1P1"
"ENSG00000223460.1",2.74685640772627,0.375532103527108,0.215079896781568,1.74601210595006,0.0808088482669384,0.213470521729047,"GAPDHP69"
"ENSG00000223461.1",10.0353910384869,-0.0416525688615611,0.140421885548169,-0.296624480571249,0.766753218805842,0.869199322881368,"AC004471.1"
"ENSG00000223462.2",2.89701545520236,-1.31325922498756,0.261656994972593,-5.01901057575438,5.19382908196286e-07,4.53853416340655e-05,"AL353801.1"
"ENSG00000223466.2",6.17827085656577,0.357103897346914,0.204441334902191,1.74673041299481,0.0806841122649251,0.213242529938569,"LINC01825"
"ENSG00000223476.1",6.69938731467996,-0.270305277177468,0.141642115627188,-1.90836797361126,0.0563436731694469,0.168372847066892,"VN1R42P"
"ENSG00000223478.1",84.6965758438429,0.0142078019984234,0.0873286916471332,0.162693402711591,0.870759841655523,0.930897544124289,"AL441992.1"
"ENSG00000223482.8",747.964973503864,-0.150793866265912,0.079427051646535,-1.89852025399321,0.0576275822803404,0.17093684041869,"NUTM2A-AS1"
"ENSG00000223485.4",22.8240540066963,0.450454266872338,0.179053925737968,2.51574638766393,0.0118780620874805,0.0600785854460225,"LINC01615"
"ENSG00000223486.1",13.8459312749449,-0.336400968108186,0.297007518276426,-1.13263452070293,0.257367765631822,0.448239434043746,"AC092198.1"
"ENSG00000223492.1",1.75924914076394,-1.47895859136273,0.646103347935718,-2.28904337996075,0.0220768320401822,0.0907524347590794,"AL391097.1"
"ENSG00000223496.3",1470.06288416934,-0.0340712148028969,0.0589949215255296,-0.577527928198918,0.56358287785181,0.726755161217767,"EXOSC6"
"ENSG00000223500.1",2.35801620890675,-0.764902323167618,0.272417621885639,-2.80782982346394,0.00498765759845044,0.0333458493692213,"RNF14P4"
"ENSG00000223501.9",1631.26225926511,-0.0210605947276653,0.0543572120894025,-0.387448029766988,0.698424552347811,0.823860849678135,"VPS52"
"ENSG00000223503.1",2.81677490419552,-0.299269950957251,0.195508438390922,-1.53072651707676,0.125836997294417,0.283706314818381,"AL353807.1"
"ENSG00000223505.2",9.03819185971973,-0.713571155640439,0.200391939477682,-3.56087753579485,0.000369617452945687,0.00553810704811916,"RPL35AP5"
"ENSG00000223508.5",43.2768405630243,-0.0676409991006539,0.0800877172996679,-0.844586428247899,0.398341789192099,0.588610944368761,"RPL23AP53"
"ENSG00000223509.8",75.5788684842782,-0.194823179784968,0.112008838501848,-1.73935541507962,0.0819722654922296,0.215408774545814,"AC135983.2"
"ENSG00000223510.7",4.07697318718169,-0.0296303481008751,0.209659410852086,-0.141326105899339,0.887612327062019,0.940245978024563,"CDRT15"
"ENSG00000223511.7",21.9113855720051,0.0787538155557062,0.159594589244776,0.493461688948106,0.621686403321246,0.770380222048396,"AL683807.1"
"ENSG00000223518.5",6.19393714398363,-0.553011519722641,0.283100247819214,-1.95341234768467,0.0507707542767955,0.157271114487593,"CSNK1A1P1"
"ENSG00000223519.8",16.956198750959,0.118321653736746,0.205270181121232,0.576419103303009,0.564331935146455,0.727157795372356,"KIF28P"
"ENSG00000223522.2",16.0082998707235,-0.807153569009882,0.163568201745707,-4.93466065161451,8.02902349466053e-07,6.30448771716352e-05,"AC093690.1"
"ENSG00000223525.1",3.53498484396009,-0.778721905472753,0.28481070573268,-2.73417357493454,0.00625370681606337,0.0390261782618928,"RABGAP1L-IT1"
"ENSG00000223528.7",5.40260935070536,-1.33610920645535,0.263507116612761,-5.07048623061987,3.96800625094056e-07,3.77908161517967e-05,"AL359094.1"
"ENSG00000223529.1",22.2305835955164,-0.292923230938148,0.143013566972441,-2.04821987968872,0.0405384593896576,0.135779369060349,"EEF1A1P8"
"ENSG00000223534.1",68.1469882783741,-0.626706601840954,0.158671006255285,-3.9497234978938,7.82415239960891e-05,0.00184091523561964,"HLA-DQB1-AS1"
"ENSG00000223542.1",2.16639515482399,0.580952054276774,0.343782474711034,1.68988269330801,0.0910503992324247,0.230467645529166,"AL024497.1"
"ENSG00000223546.7",137.777251969006,-0.297348109356737,0.125567201223082,-2.3680396350355,0.0178826200473053,0.0793081216511169,"LINC00630"
"ENSG00000223547.10",263.062660825173,-0.297071139645901,0.0922533283650187,-3.22016717348646,0.00128115862234043,0.0130522010266904,"ZNF844"
"ENSG00000223549.1",3.81559777874368,-0.330597671587113,0.216779556319327,-1.52504081658017,0.127248917369061,0.285921455488166,"MTND5P28"
"ENSG00000223551.1",78.3517435966058,0.553726741003946,0.124963068828501,4.43112310056884,9.37435509290286e-06,0.000383415729862426,"TMSB4XP4"
"ENSG00000223552.1",40.2291411297625,-0.055362770392811,0.127729500177736,-0.433437618684591,0.664696876039542,0.801773397040678,"CCR5AS"
"ENSG00000223553.6",1.93125905134901,-0.164654016295841,0.265342232431421,-0.620534525495848,0.534905930821811,0.703842508689059,"SMPD4P1"
"ENSG00000223558.1",3.40273315887219,0.192653014116366,0.260508907939647,0.739525629430677,0.459587882739695,0.642119240423545,"TRIM60P17"
"ENSG00000223559.1",9.25996531248318,0.0734990379094827,0.137619609331064,0.534073874113901,0.593290424414829,0.749219318011034,"AC073136.1"
"ENSG00000223561.7",47.7648931385853,-0.848193359005512,0.233238921681286,-3.63658583606618,0.000276275607094356,0.00450442888687189,"AC005165.1"
"ENSG00000223563.1",0.619747193809095,-1.21888589297647,0.730254444633554,-1.66912492205113,0.0950926251494925,0.236985061224322,"AP001599.1"
"ENSG00000223564.1",4.3609238954515,-1.12722769789886,0.315552930904662,-3.57223016331112,0.000353954113734576,0.00538500498822793,"CYP4F32P"
"ENSG00000223571.6",8.03902584116419,-0.157180932749542,0.144841079154571,-1.08519581369456,0.277834937952161,0.470448509268706,"DHRSX-IT1"
"ENSG00000223572.10",100.080005188869,0.488739585741868,0.218682099022017,2.23493183908328,0.0254218239116021,0.0995630127546275,"CKMT1A"
"ENSG00000223573.7",202.282794913327,0.684758824558341,0.225740057209952,3.03339528226252,0.00241818621284508,0.0204260619106556,"TINCR"
"ENSG00000223583.1",8.84290744142112,-0.530190775017224,0.181171215755849,-2.92646253327417,0.00342840798567179,0.0259767835837439,"AL513365.1"
"ENSG00000223584.1",2.53781971314295,-0.921739565621427,0.541691002996356,-1.70159659385671,0.0888310164783573,0.226798391994935,"TVP23CP1"
"ENSG00000223586.6",2.53578160603298,1.16344044367953,0.403299988465329,2.88480157935722,0.00391660428145901,0.0283345298441145,"LINC01312"
"ENSG00000223592.2",0.992337431070086,0.237871223165904,0.377362978025432,0.630351245399258,0.528464801754434,0.699375070350614,"FNDC3CP"
"ENSG00000223598.1",2.23403242374578,-0.0333190454999018,0.245475890688139,-0.135732455869695,0.892032789077093,0.942835276683245,"AL138733.1"
"ENSG00000223599.1",16.8241210890631,-0.0387031324364608,0.199421451621204,-0.194077077073816,0.84611553020717,0.916603455461835,"AL513523.1"
"ENSG00000223608.1",0.676067751450086,0.314989172673424,0.946170427934178,0.332909551359744,0.739202559364643,0.851036406699186,"DSCR4-IT1"
"ENSG00000223609.11",5.46421839356027,0.0894300984838735,0.229045193641221,0.390447391897504,0.696205749458843,0.82267180183614,"HBD"
"ENSG00000223612.3",111.617448675749,0.23642881907937,0.106936287240562,2.21093162274751,0.0270405724483977,0.103466472649639,"AC241585.1"
"ENSG00000223629.1",2.25050350191614,-3.35716835277614,0.908770072384419,-3.6941889426086,0.000220589739544871,0.00386863243877728,"DEFA8P"
"ENSG00000223642.7",3.77459800251355,-0.610083447799176,0.329935296265441,-1.84910027725057,0.0644433343700545,0.184072952940296,"AC008277.1"
"ENSG00000223646.2",10.958083675118,-0.594585911692162,0.208949598587142,-2.84559489806433,0.00443285487517948,0.0308492971068876,"AC002463.1"
"ENSG00000223648.4",189.419257161726,-0.896973515118887,0.24032471088657,-3.73233993212727,0.000189709249030825,0.00345490726536186,"IGHV3-64"
"ENSG00000223650.1",3.35352941792251,-1.73316998575176,0.369035347594004,-4.69648774040615,2.64673113087035e-06,0.000152195869813221,"UHRF2P1"
"ENSG00000223652.2",12.8629789548936,0.36865905124905,0.161295700709405,2.28560990545704,0.0222770901619166,0.091282976568959,"AC106786.1"
"ENSG00000223653.6",35.924019011532,-0.304306536270764,0.143377671023602,-2.12241232611925,0.0338031280050856,0.119915561073342,"AL078459.1"
"ENSG00000223658.8",38.8084584894922,-0.200640471759864,0.166969430502772,-1.2016599155648,0.22949531745625,0.415756144225454,"C1GALT1C1L"
"ENSG00000223662.1",2.72167454946644,-0.218775110308625,0.239118243617663,-0.914924377992815,0.360231331194784,0.553344177792191,"SAMSN1-AS1"
"ENSG00000223668.1",21.9212302079326,-0.216915121425737,0.137401251598884,-1.57869829351321,0.114405276437947,0.266617308445231,"EEF1A1P24"
"ENSG00000223685.6",21.2365806588279,-0.0686715526098279,0.147538723731113,-0.465447652475161,0.641610915898897,0.784471253140727,"LINC00571"
"ENSG00000223692.1",3.73493430034431,-0.935406869185473,0.289446535042588,-3.23170864369767,0.00123052453087117,0.0127110931449872,"DIP2A-IT1"
"ENSG00000223695.1",4.8366254701163,-0.0174330540568564,0.139170845886961,-0.125263692591307,0.900314794851852,0.946913387303007,"FO393418.1"
"ENSG00000223697.3",12.2848397044333,-0.651724516288824,0.17991725643104,-3.62235690570694,0.000291930955966262,0.00470119017122939,"AF230666.1"
"ENSG00000223703.1",2.61043319072879,0.332955810978236,0.272547845491079,1.22164169149205,0.221843155212751,0.406434240808978,"AC027612.1"
"ENSG00000223704.2",42.1613034793341,-0.556684426989256,0.171941902026038,-3.23763096970368,0.00120526603284158,0.012524008124655,"LINC01422"
"ENSG00000223705.9",579.251947047828,-0.143859646749514,0.115313531958363,-1.24755216761081,0.212195104544199,0.394771843210273,"NSUN5P1"
"ENSG00000223711.1",6.75556197872403,-0.113674712688465,0.120619750658052,-0.942422050023335,0.345976602479525,0.53966449711164,"AC069213.1"
"ENSG00000223714.1",4.60835734560205,0.268795082496241,0.170545521043075,1.57608995447233,0.11500507380281,0.267488756027798,"LINC02601"
"ENSG00000223715.3",12.3990971152851,-0.513617468629435,0.247684355469422,-2.07367747412228,0.0381092746148467,0.130210599317743,"LINC01208"
"ENSG00000223722.3",21.4671928666478,0.0219317641979719,0.201304342285212,0.108948291671218,0.913243503366266,0.953930158992661,"IFITM3P2"
"ENSG00000223723.1",8.53210023549159,-0.460718387845124,0.186372746707596,-2.47202660251585,0.013434951843019,0.0653642497296539,"TFDP1P2"
"ENSG00000223724.1",2.67172081571385,-1.33052911363824,0.604709698968833,-2.20027744867843,0.0277872162758825,0.105234875608344,"RAD17P2"
"ENSG00000223725.6",11.7509887421931,0.246413876232644,0.139259286712851,1.76946099645578,0.0768169742117685,0.206170034045981,"AC009226.1"
"ENSG00000223745.8",671.555398319094,-0.12173619430252,0.115618247228668,-1.05291506505675,0.292379920883358,0.484916045928546,"CCDC18-AS1"
"ENSG00000223749.11",98.4236087165372,-0.128536045819328,0.167127310540132,-0.769090613640091,0.441839519969041,0.62687135167175,"MIR503HG"
"ENSG00000223754.1",2.129161576396,0.0590916373221377,0.255538928437545,0.231243191334662,0.817125877321063,0.900068547019029,"AC008073.1"
"ENSG00000223756.7",71.8322948990648,-0.110570180909356,0.127595694707703,-0.866566706366156,0.386179462192152,0.577470032241982,"TSSC2"
"ENSG00000223760.4",1.67179879692792,1.37804890010335,0.611642146443767,2.25303129961802,0.0242571755343092,0.0965328884847902,"MED15P9"
"ENSG00000223764.2",113.906363137651,-0.20331897301701,0.162609987648131,-1.2503473861456,0.211172675360693,0.393650163973866,"LINC02593"
"ENSG00000223768.2",634.061929317885,0.0833438541312962,0.0870841445844138,0.957049696348661,0.338542171968687,0.531990208158037,"LINC00205"
"ENSG00000223770.5",4.43892432678059,-0.347330487860189,0.547249710189865,-0.634683731015016,0.525634706374526,0.697417514814518,"CACNA2D1-AS1"
"ENSG00000223773.7",213.221352649882,-0.00727762533479713,0.0908726834252808,-0.080085951690654,0.936168895783922,0.966625451164065,"CD99P1"
"ENSG00000223774.5",3.30302142770014,0.130783091263493,0.206783061653456,0.63246520395694,0.527082938675579,0.698240182927187,"AL513217.1"
"ENSG00000223776.5",10.3282506753186,0.17584318219558,0.142418245366958,1.23469560899657,0.216943810711387,0.400631082091497,"LGALS8-AS1"
"ENSG00000223783.1",34.9932264989142,0.550225036640332,0.254268698383835,2.16395112783301,0.0304681004003921,0.111826090467452,"LINC01983"
"ENSG00000223784.2",47.5008722890118,1.12472845551997,0.310627735664197,3.62082430635188,0.000293665892915094,0.00471644795054036,"LINP1"
"ENSG00000223787.2",2.36011102887961,0.309680115533005,0.294422645908627,1.05182165786633,0.292881380476041,0.485457522661995,"AL354890.1"
"ENSG00000223797.6",147.614186988236,0.0264095009860695,0.0854264773229625,0.309148894039327,0.757208267502137,0.862697106630233,"ENTPD3-AS1"
"ENSG00000223799.1",65.1185625085191,0.0458242559246438,0.0849452176556255,0.539456572004076,0.58957185491726,0.746395567877006,"IL10RB-DT"
"ENSG00000223802.8",14.7616626888975,0.568240123302214,0.189720545494724,2.99514278656771,0.00274316396398784,0.022253449769261,"CERS1"
"ENSG00000223803.1",54.4589900281367,0.160055598741859,0.111856958468172,1.43089532322123,0.152460217622992,0.320627757268794,"RPS20P14"
"ENSG00000223804.5",63.9303044596336,0.124139438737305,0.0988115448750551,1.25632524918294,0.208998071125361,0.391084351504981,"AC244669.1"
"ENSG00000223812.8",9.18832319391462,-0.692959556684661,0.571839367786018,-1.21180806310622,0.225585861099946,0.410912540042682,"AC073365.1"
"ENSG00000223813.3",19.9523125499973,0.362129104666071,0.230503914605277,1.57103234140814,0.116175136720296,0.269226972032568,"AC007255.1"
"ENSG00000223820.5",22.3242552131449,-0.0855240179566735,0.0934311507936539,-0.915369416197777,0.359997728483664,0.553112943578689,"CFL1P1"
"ENSG00000223822.2",14.8937527141886,-0.248066180529029,0.155681140018102,-1.59342474303686,0.11106493864754,0.261542297523875,"EEF1A1P1"
"ENSG00000223823.1",8.00657066791302,-0.231649700473851,0.240343031596413,-0.963829485444954,0.335131421350655,0.528617539727453,"LINC01342"
"ENSG00000223825.5",29.6009358542763,-0.0305883743105688,0.117277210405463,-0.260821128033447,0.794230450422226,0.886493039624084,"DAZAP2P1"
"ENSG00000223829.6",10.4475123857122,0.121094609191542,0.29137343356856,0.415599348603787,0.677703203421029,0.810764768820163,"AC004870.2"
"ENSG00000223834.5",4.12591334374105,-0.420066945434288,0.154789242721147,-2.71379934451284,0.00665164422789134,0.0407232790141939,"AL161935.1"
"ENSG00000223839.8",2.54341743760538,-0.14604582147086,0.231104736641225,-0.631946465457291,0.527421859469508,0.698636081991637,"FAM95B1"
"ENSG00000223841.1",0.747398889536929,1.20872254627416,0.977743538391953,1.23623680322356,0.216370554249995,0.400029326442507,"AC006484.1"
"ENSG00000223842.1",5.87692785816674,-0.467841195906178,0.258342022015951,-1.81093726934324,0.0701505626296048,0.194303051716092,"AL360093.1"
"ENSG00000223843.5",3.424355561118,-0.424537732848852,0.24833265772731,-1.70955256845449,0.087348642971132,0.224390306360949,"EFCAB6-AS1"
"ENSG00000223849.1",10.6283283566974,-0.169094386671236,0.135476349471652,-1.24814690778643,0.21197726275717,0.39453035604732,"AL354893.1"
"ENSG00000223855.2",30.5864590221881,-0.0722815560350695,0.153551517122747,-0.470731630592022,0.637832393520949,0.781417244688133,"HRAT92"
"ENSG00000223861.1",13.0479459265011,0.18003840592851,0.137132039406229,1.31288360260711,0.1892221730321,0.367784097539711,"AL365436.1"
"ENSG00000223864.1",3.288860546219,-0.238599858419772,0.272060620180227,-0.877009904122513,0.380481258597764,0.571954549013474,"NPM1P19"
"ENSG00000223865.11",16715.8523952771,-0.00642911626156564,0.127776263238186,-0.050315419301167,0.959871036507582,0.979674629627435,"HLA-DPB1"
"ENSG00000223867.1",2.91884283488836,-2.2454848040804,0.695055994231915,-3.23065310236165,0.00123507737990154,0.0127462588992752,"AC098592.1"
"ENSG00000223872.2",5.94704495665031,-0.513822845479211,0.511311453845219,-1.00491166707709,0.314939385973311,0.508976237875042,"AC006372.1"
"ENSG00000223878.1",18.5178337682041,-0.229632259907443,0.133676703098694,-1.71781809832566,0.0858297993208294,0.221754734501659,"PPIAP53"
"ENSG00000223882.1",3.26929485041421,-0.804510408246134,0.289249522842461,-2.78137160034075,0.0054129738333049,0.0353222535931439,"ABCC5-AS1"
"ENSG00000223884.7",10.0480678330331,-0.630320018030933,0.165521012370723,-3.80809668212508,0.000140040523239863,0.0028052762576563,"AC068481.1"
"ENSG00000223886.3",9.76286315542214,-0.112126418216852,0.136767733807679,-0.819830928649613,0.412312496816749,0.60133516900195,"AC073073.1"
"ENSG00000223891.6",452.284919915892,0.0482471270459167,0.0802432715081462,0.601260718053086,0.547666348875598,0.714281182791369,"OSER1-DT"
"ENSG00000223896.2",1.405413906306,-2.69756350430348,0.609417174991676,-4.42646452217289,9.57901284089674e-06,0.000387973326656904,"CCNJP2"
"ENSG00000223899.1",2.32429607473637,-0.240055419106774,0.277233206304263,-0.865897063006634,0.386546613877819,0.577798070122311,"SEC13P1"
"ENSG00000223901.2",11.6585022610933,-0.288725690444556,0.199199534779903,-1.44942954190917,0.147217663610341,0.313242627577,"AP001469.1"
"ENSG00000223908.5",2.61137787244619,-0.46030089705923,0.277871210651297,-1.65652604305549,0.0976153355246022,0.240716048116479,"AC068657.1"
"ENSG00000223911.1",1.48510456889784,-1.29661093851764,0.918117434328858,-1.41224955548901,0.157876493784099,0.327880265268593,"AC009480.1"
"ENSG00000223914.4",70.0368972586908,-0.295700665618658,0.278706846801233,-1.06097381177559,0.288701802760059,0.481116684317282,"LINC02471"
"ENSG00000223922.1",6.98788533919194,-0.246027160896184,0.113999096066688,-2.15815010280661,0.0309161633889959,0.112972431973421,"ASS1P2"
"ENSG00000223923.2",63.5850579571407,-0.129629218095763,0.163330113116771,-0.793663921625315,0.427391108956279,0.614622789101179,"TNS1-AS1"
"ENSG00000223930.7",12.0313400334806,-0.0551433895993218,0.205789524493285,-0.267960139055188,0.788730001434267,0.882910340205379,"AC117453.1"
"ENSG00000223931.2",36.1797050574431,-0.274758862013787,0.203918746309655,-1.34739383693817,0.177853424464487,0.353827471441605,"AC142381.1"
"ENSG00000223935.3",11.6375790192877,-0.182238832451437,0.163258707947475,-1.11625796101528,0.264311730738477,0.455921483155203,"LGALSL-DT"
"ENSG00000223940.1",15.080876435689,0.53486642177801,0.179903290304848,2.97307748441773,0.00294830012658997,0.0233931735258723,"KRT8P8"
"ENSG00000223941.5",2.90511872805468,-0.245046686500142,0.350991356189611,-0.698155900932684,0.485079701804961,0.664161807542053,"LINC01014"
"ENSG00000223945.2",6.44338117568636,-0.452983714739709,0.221675460830949,-2.04345448540719,0.0410074685644447,0.136813473385716,"AC244033.1"
"ENSG00000223946.1",3.84572786088889,-1.5670441630555,0.272702041505019,-5.74636021940693,9.11849437028206e-09,2.14910549493013e-06,"AL513008.1"
"ENSG00000223947.1",11.9150312955511,-0.103147499584161,0.168004306293421,-0.61395747442338,0.539243428886216,0.707424993218882,"AC016738.1"
"ENSG00000223949.8",28.5901444750478,0.0253744770935626,0.189560339640994,0.133859630878584,0.893513572812504,0.943768937617156,"ROR1-AS1"
"ENSG00000223956.3",18.8697164817502,0.120874876099129,0.15221766835048,0.794092285140094,0.427141708567598,0.61442337020268,"LINC01767"
"ENSG00000223959.8",561.489325776191,-0.142501087222534,0.0873394121263084,-1.6315782732365,0.102768358301549,0.248833960213344,"AFG3L1P"
"ENSG00000223960.7",574.025965313939,-0.215731901436112,0.0932771606085149,-2.31280519291898,0.0207333521546795,0.087155996626988,"CHROMR"
"ENSG00000223965.2",3.11791939185737,-1.14371125456356,0.339442271650932,-3.3693836922577,0.000753364779154245,0.00903196744414198,"ZNF587P1"
"ENSG00000223969.6",15.4422341070664,0.168273223970072,0.166938862005322,1.0079931176523,0.313457766252176,0.507609777315711,"AC002456.1"
"ENSG00000223973.2",2.51669789225786,-0.607294762523733,0.384018576549049,-1.58142027393866,0.113781974887508,0.265685460087656,"PAFAH1B1P2"
"ENSG00000223974.1",3.00554766450891,-1.6377742178378,0.325758488375836,-5.02757188616452,4.96729301366797e-07,4.40354198776337e-05,"BNIP3P42"
"ENSG00000223984.1",1.98478526141536,-1.20192509979256,0.326540055538961,-3.68078916936776,0.000232513203108203,0.00401507368832024,"HNRNPRP1"
"ENSG00000223991.1",7.83562943663118,-0.755384357810307,0.290439277543139,-2.60083403388203,0.00929974328525041,0.0510833778577532,"AC104809.1"
"ENSG00000224001.2",1.77649906224225,-0.28922353776385,0.316847720851731,-0.912815585311381,0.361339540018873,0.554388251564037,"AL360081.1"
"ENSG00000224003.1",20.3021046325665,-0.173633699754057,0.155399667887514,-1.11733636316225,0.263850533205261,0.455479404853404,"YES1P1"
"ENSG00000224007.1",1.3957649215318,-2.30690808413931,0.471314301951375,-4.89462779845223,9.8491955823255e-07,7.43558432023499e-05,"USP12P2"
"ENSG00000224014.1",7.75453913247136,-0.258175238906757,0.166297939809521,-1.55248609334832,0.120545957673954,0.275622317755577,"AL390728.3"
"ENSG00000224017.2",2.78078555417063,-0.395707037835576,0.241568383722828,-1.63807461778444,0.101406129100053,0.246593693384563,"LINC01449"
"ENSG00000224019.1",2.17137406992524,-0.781562268158597,0.348302678500795,-2.24391690446564,0.0248377482858482,0.0981394675623955,"RPL21P32"
"ENSG00000224020.1",26.87966634544,-0.358020878112777,0.142611603125114,-2.51046107236227,0.0120573615193191,0.0606749904871059,"MIR181A2HG"
"ENSG00000224023.10",13.2391008373435,-0.253803208445499,0.138950921834492,-1.82656728789329,0.0677648555627112,0.19000297593476,"EDRF1-DT"
"ENSG00000224029.1",1.44372570860409,-1.41242500133168,0.533149928978183,-2.64920789549515,0.00806806838740269,0.046392238364513,"AL450344.1"
"ENSG00000224031.1",2.30658140375328,-0.978571335665975,0.312117929229404,-3.13526152785261,0.00171700964714627,0.016102648502096,"TCEAL3-AS1"
"ENSG00000224032.7",535.113786672708,0.16800700096365,0.0867399048250625,1.93690552580716,0.0527568928688337,0.161392560349359,"EPB41L4A-AS1"
"ENSG00000224034.1",13.9322656151784,0.379022835298899,0.212840713338297,1.78078164348409,0.0749481293623236,0.202919311080411,"LINC02561"
"ENSG00000224040.1",2.32267438681434,-0.113342095088578,0.196583601439846,-0.576559256511842,0.564237229375982,0.727120188798706,"HMGN1P4"
"ENSG00000224041.3",227.07562054161,-0.312364731405396,0.20813937570558,-1.50074790195991,0.13342077825778,0.294482761239476,"IGKV3D-15"
"ENSG00000224043.8",93.886180456053,-0.179048000930936,0.0810159005675842,-2.21003531006327,0.0271027118037543,0.103632776396278,"CCNT2-AS1"
"ENSG00000224045.1",1.02416625939346,-2.06614820939488,0.53684288314243,-3.8487018721392,0.000118745417908909,0.00248328592866916,"PAEPP1"
"ENSG00000224046.2",22.1945950247069,-0.175034862118611,0.106570272270615,-1.64243609769658,0.100499659153793,0.245073569554567,"AC005076.1"
"ENSG00000224049.1",5.98245767040967,-0.786942849595422,0.272408653896142,-2.88883204824854,0.00386675540531478,0.0280644854668361,"AC108681.1"
"ENSG00000224051.7",1536.39015032945,0.268590860416098,0.0829043204351686,3.23976915806381,0.00119626503365529,0.0124576952660261,"CPTP"
"ENSG00000224055.1",1.81143053014887,0.27933696113849,0.352757008835574,0.791867926481635,0.428437690267528,0.615330487126388,"GAPDHP55"
"ENSG00000224057.1",14.9569582278644,-0.0351787345713558,0.234360644749757,-0.150105127970264,0.880681674290887,0.93633949614123,"EGFR-AS1"
"ENSG00000224060.3",12.1941251419689,-0.128941055864096,0.28851567514239,-0.44691178668355,0.654938753348015,0.794310354835835,"ARSLP1"
"ENSG00000224063.6",88.2934200391732,-0.288188149514932,0.21106857237236,-1.36537688333117,0.172134625642691,0.346485978931205,"AC007319.1"
"ENSG00000224067.2",6.4689035997433,0.122960402045372,0.175996284672838,0.698653396427915,0.484768665196554,0.663927071059644,"AL354877.1"
"ENSG00000224072.1",8.43752497386404,-1.2638661812973,0.186780360855682,-6.76659031767178,1.31852743184401e-11,1.18642523752386e-08,"VEZTP1"
"ENSG00000224078.15",2337.78837230906,-0.253109579206652,0.155290484768533,-1.62991041971388,0.103120431125628,0.249414348962262,"SNHG14"
"ENSG00000224079.1",4.07951593988965,-0.252435600710251,0.226137733545607,-1.1162913714236,0.264297433855211,0.455921483155203,"AC091729.1"
"ENSG00000224080.1",20.4758202874987,-0.0235881107510045,0.103757595961555,-0.227338639956004,0.820160429242092,0.901948905686628,"UBE2FP1"
"ENSG00000224081.9",278.142747249717,0.0476479475438281,0.0947515000925197,0.50287275132639,0.615053740011829,0.765695103997824,"SLC44A3-AS1"
"ENSG00000224082.1",2.58341963766751,-0.765834339228925,0.326085933820207,-2.34856600607367,0.0188458585946311,0.0820176693060202,"UBTFL8"
"ENSG00000224083.1",3.00616114781986,-0.615152031513502,0.199653195758823,-3.08110285525604,0.00206235393996406,0.0182514486239297,"MTCO1P11"
"ENSG00000224086.6",157.136709971002,-0.2036204213226,0.100657049278031,-2.02291268006643,0.0430821509985995,0.141467013827436,"PPM1F-AS1"
"ENSG00000224090.1",22.8596477434515,-0.253462542623095,0.191537600719825,-1.32330436254055,0.185734181514436,0.363678342263599,"AC097468.1"
"ENSG00000224093.5",73.4261353766186,-0.208644480871208,0.163973330977484,-1.2724293616982,0.20322060727596,0.38415235497902,"BCAR3-AS1"
"ENSG00000224094.1",31.6998128303913,-0.0376740033962458,0.123176422843818,-0.305854014319076,0.759715800321365,0.864444957849696,"RPS24P8"
"ENSG00000224097.5",7.88448164424926,0.0438132994197911,0.113223691169413,0.386962295322403,0.698784121596744,0.82412460679921,"AC021148.1"
"ENSG00000224101.1",1.22332400755801,-2.16479344218448,0.873463746670726,-2.47840102172042,0.0131972721641805,0.0645857389625258,"ELMO1-AS1"
"ENSG00000224109.3",1.58368903942221,2.32489842533806,0.591857434770038,3.92813925914673,8.56056385964111e-05,0.00196827936863972,"CENPVL3"
"ENSG00000224110.3",1.68064938479342,0.118908860440162,0.349722784101863,0.340008903753689,0.733849822749806,0.847860481355516,"MTRF1LP2"
"ENSG00000224114.1",24.2758904134964,-0.640385872253246,0.217394275022502,-2.94573475859454,0.00322188552298951,0.0248474020655292,"AL591846.1"
"ENSG00000224116.7",14.315001571742,-0.293716960857755,0.169533621725668,-1.73249977124322,0.0831846177858774,0.21738347566289,"INHBA-AS1"
"ENSG00000224117.1",3.6168523486497,-0.690326482515315,0.25852544528407,-2.67024579246649,0.00757957402854142,0.0443881720549216,"PTPN2P2"
"ENSG00000224121.1",2.68025834269002,-1.03718738720195,0.347064815541228,-2.98845443490004,0.00280392305629974,0.0225922096595806,"ATG12P2"
"ENSG00000224122.2",2.5534402890477,-0.0963814162849644,0.424511907658546,-0.227040548324237,0.820392212341124,0.902025030563839,"POU6F2-AS1"
"ENSG00000224126.2",4.06438954670404,0.225026058836277,0.202850764571255,1.1093182680967,0.267292907047125,0.458970692367834,"UBE2SP2"
"ENSG00000224132.2",3.55432878124825,-0.116858097220172,0.171814042521888,-0.680142877176559,0.496413997500529,0.67344897187503,"AC112715.1"
"ENSG00000224137.1",37.383421955394,-0.361812471060757,0.153351556150418,-2.35936615280164,0.0183061833471442,0.0805109329163106,"LINC01857"
"ENSG00000224138.1",32.9901659495034,-0.179727759317338,0.110892650238951,-1.62073644132466,0.105074174707812,0.252288655599825,"AC000123.1"
"ENSG00000224141.6",10.1593606699373,-0.595217287749971,0.598529968202148,-0.994465305618484,0.319996388094952,0.513730670301657,"MIR548XHG"
"ENSG00000224142.1",1.26345102076053,-0.393105664114131,0.504871210967326,-0.778625628823132,0.436200277382942,0.621885014054988,"AMMECR1-IT1"
"ENSG00000224152.1",72.9511375923955,-0.133247350469081,0.0765440027424903,-1.7407941274949,0.0817196717202543,0.21498957175681,"AC009506.1"
"ENSG00000224165.6",50.2914275544022,-0.0696991207138832,0.100131967885588,-0.696072614826887,0.486383355576642,0.665320403385877,"DNAJC27-AS1"
"ENSG00000224172.1",2.89783329896183,0.286927572835863,0.18957731565897,1.51351216171884,0.130149614302442,0.290056933809262,"AC091799.1"
"ENSG00000224173.2",2.50320422953484,-0.709977946734171,0.34844753272547,-2.03754620152107,0.0415953369663871,0.138069147918437,"LINC02831"
"ENSG00000224177.8",4.46344933325118,0.0708057174200934,0.238382811368953,0.297025263749009,0.766447221371897,0.869000386225807,"LINC00570"
"ENSG00000224183.1",5.2117641032727,0.0227574981330026,0.157091855114588,0.144867460610244,0.884815518042398,0.938755992421465,"SDHDP6"
"ENSG00000224184.6",13.494920992825,0.349136407189753,0.158990522528731,2.19595735416658,0.0280949959337899,0.106026603902025,"MIR3681HG"
"ENSG00000224186.8",31.4610425987747,0.045607073588434,0.109974706301687,0.414705118314412,0.678357785030706,0.811110678675021,"C5orf66"
"ENSG00000224187.1",2.30748330735132,-1.27532153582132,0.286892046297452,-4.44530112382082,8.77688421899973e-06,0.000362992305966656,"LINC01991"
"ENSG00000224189.8",2031.19658925184,-0.502951450340752,0.165947996289655,-3.03077748201835,0.00243924939753591,0.0205594759980159,"HAGLR"
"ENSG00000224195.1",12.3724470612411,-0.372686678733116,0.105535707534701,-3.53137992286235,0.000413397509311729,0.0059387787508251,"AC022400.1"
"ENSG00000224204.1",4.18904938580191,-0.246285569496325,0.38114265212247,-0.646176879246745,0.518164811209455,0.691657751108181,"PHEX-AS1"
"ENSG00000224205.2",8.56794363184037,-0.152610740252754,0.210089259937,-0.7264090525071,0.467588043310651,0.649035728404973,"AC253536.1"
"ENSG00000224208.1",5.48234444186987,0.0238368822037145,0.142898956199953,0.166809351429834,0.86752006040814,0.929320292518042,"ZCRB1P1"
"ENSG00000224209.8",3.97794285966713,0.597450517884258,0.311180440704031,1.91994881340406,0.0548643652641739,0.165467824326492,"LINC00466"
"ENSG00000224215.1",14.2096452295149,-0.374766547270122,0.356614075746465,-1.05090228557485,0.29330347057614,0.485842700924992,"AL606469.1"
"ENSG00000224220.1",14.6093222351705,-0.405016421068919,0.191867339840321,-2.11091904128127,0.0347792711210713,0.122180676736713,"DTNB-AS1"
"ENSG00000224231.2",1.45676534683347,-1.18974693309927,0.497504998906828,-2.3914270926192,0.0167830168844197,0.0758665283276285,"LINC01832"
"ENSG00000224237.1",14.2336847527439,-0.187272488084384,0.327583019804212,-0.57167947287473,0.567539143513477,0.729314524663972,"MICOS10P3"
"ENSG00000224238.2",16.0991085631807,-0.695018015895872,0.220746253945241,-3.14849291199424,0.00164114703272798,0.015557718724548,"WARS2-IT1"
"ENSG00000224239.1",4.6438159334987,-0.0990712953825991,0.176132729101726,-0.562480896582146,0.573788415712765,0.734143104581879,"AC090044.1"
"ENSG00000224243.2",0.717050758014564,-0.622078777309878,0.547678342697535,-1.13584695397282,0.256020622133672,0.446623765342486,"SOX1-OT"
"ENSG00000224245.1",1.94448276183031,-0.377751004688178,0.355972774174681,-1.06117948363885,0.288608341331404,0.481088226150098,"AL358232.1"
"ENSG00000224251.6",33.2439601319882,-0.120543962023239,0.291806254644242,-0.413095881615702,0.679536366667054,0.81188465448303,"AL391427.1"
"ENSG00000224259.7",124.060452912221,0.411975752880253,0.273141594695751,1.50828640119476,0.131481242137232,0.291788094552385,"LINC01133"
"ENSG00000224260.6",0.973217486964344,-1.10618089388812,0.508497310541767,-2.17539182795197,0.0296007663752913,0.109707931578132,"AL023754.1"
"ENSG00000224261.2",12.093817363191,0.0825656573465534,0.111137262597948,0.742916060882696,0.457532501299955,0.640537806054388,"RPSAP18"
"ENSG00000224265.1",4.68060636214226,-0.164651388633879,0.247129986447708,-0.66625418873933,0.505248641825617,0.680966846097493,"LINC02633"
"ENSG00000224271.7",37.9098848105568,-0.423240361884403,0.304001429583212,-1.39223148543962,0.163852311293189,0.335494157434448,"AL117329.1"
"ENSG00000224272.2",25.0914847190534,-0.228440495127348,0.230636172929735,-0.990479907056662,0.321939605436754,0.515805020958788,"AC131097.2"
"ENSG00000224273.2",2.48517706740381,-0.174549638803814,0.222553198810649,-0.784305234598418,0.432861028694268,0.618826959306005,"AC005077.2"
"ENSG00000224274.1",0.840747038954806,0.114748353513061,0.69050036838234,0.166181451549238,0.868014155997888,0.929572902964213,"ENSAP1"
"ENSG00000224276.1",15.800809468064,-0.312362964566382,0.256416321129847,-1.21818674876083,0.223153014109998,0.407784911288443,"ARHGEF2-AS1"
"ENSG00000224281.5",62.8316511826027,-0.0255809383428143,0.0906029050559419,-0.282341259665125,0.777681851288034,0.876150772293629,"SLC25A5-AS1"
"ENSG00000224287.2",5.67184409918024,-0.0646838430318823,0.168340256267817,-0.38424465107725,0.700797126907342,0.825596934877456,"MSL3P1"
"ENSG00000224292.1",8.19286396091956,-0.0670418764622853,0.126427504008662,-0.530279206158274,0.595918361589391,0.75125563301888,"AF196972.1"
"ENSG00000224294.1",0.820925107223145,-0.307107825560956,0.430534453225063,-0.713317652653491,0.475649216464587,0.655970728791496,"PINCR"
"ENSG00000224295.3",7.49310706342277,-0.30363231643118,0.152011853059515,-1.99742526862232,0.045779005127814,0.14714427666734,"OLFM5P"
"ENSG00000224299.1",5.62655995392919,-0.770963517441097,0.217151761236568,-3.55034429861796,0.000384727636929917,0.00567668041926486,"MTATP6P16"
"ENSG00000224307.2",77.7662170270271,-0.235645582926121,0.136875930629093,-1.72159985939876,0.0851420286877045,0.220662740238187,"AL161785.1"
"ENSG00000224309.7",0.863607496318011,-1.40193806298644,0.660755253542362,-2.1217206453835,0.0338612038668198,0.120017570606723,"ANKRD30BP2"
"ENSG00000224315.2",5.23192167577438,-0.450341590589554,0.230685701728029,-1.95218683783225,0.0509160262904309,0.157570855483112,"RPL7P7"
"ENSG00000224316.1",9.8581559030012,-0.125331205877399,0.158654245853742,-0.789964398387033,0.429548560230745,0.616128569030295,"GTF2IP5"
"ENSG00000224318.6",11.6019299377489,0.122094769927392,0.258187449828005,0.472891962830601,0.63629025926965,0.780488232328659,"CHL1-AS2"
"ENSG00000224321.1",9.87848467061844,0.362355127729036,0.137779920455276,2.62995599454319,0.00853959213295455,0.0482615245089893,"RPL12P14"
"ENSG00000224323.2",1.59920208925902,-2.55452665817278,0.600775815484406,-4.25204642452703,2.11825933662375e-05,0.000696181718600342,"DPRXP1"
"ENSG00000224331.2",5.96017194726869,-0.270564654459201,0.151739109256553,-1.7830910948722,0.0745714758121588,0.202203444921686,"AC019181.1"
"ENSG00000224334.1",5.12571576791243,0.23265038750082,0.124289888512505,1.87183680253614,0.0612291849962304,0.178253170346231,"AP000357.1"
"ENSG00000224340.1",1.66587750909858,-0.825512094677314,0.441266670075489,-1.87077826325766,0.0613758216846754,0.178508363007591,"AL590639.1"
"ENSG00000224347.6",1.38098378037368,-0.36874476206903,0.463789069029124,-0.795069971875242,0.426572800783263,0.614082598541842,"SCEL-AS1"
"ENSG00000224354.2",0.868050194020713,-0.552997376993654,0.499152133229378,-1.10787341209164,0.267916489653202,0.459662132956663,"MTND2P5"
"ENSG00000224356.5",7.62980474051512,-0.184408824762868,0.163493484711578,-1.12792766689258,0.25935046836775,0.450401827333617,"AL356966.1"
"ENSG00000224358.1",18.2062564822687,-0.162480345264613,0.133154740103853,-1.22023703503073,0.222375031151162,0.407044287089355,"TMCO1-AS1"
"ENSG00000224367.6",10.082813146809,-0.0713033555583298,0.156202149920328,-0.456481268629777,0.648043937487975,0.789100218712918,"OACYLP"
"ENSG00000224373.3",3042.74628066163,-0.121418759611884,0.209303388242045,-0.580108906175334,0.561841178160565,0.725494310588066,"IGHV4-59"
"ENSG00000224376.1",60.4346396741294,0.00476828662906394,0.135405723631939,0.0352148085115305,0.971908454070514,0.98606576752612,"AC017104.1"
"ENSG00000224383.8",213.757729347357,-0.252992182494016,0.143041121934204,-1.76866749276748,0.076949380182751,0.206386507244367,"PRR29"
"ENSG00000224389.9",918.426491791302,0.0761869203156412,0.155820521507843,0.488940221598515,0.624884018859837,0.773162763486717,"C4B"
"ENSG00000224394.1",2.35814848856526,-0.383016939870172,0.476280333367906,-0.804183824181351,0.42129081934948,0.609059674697218,"GPC6-AS2"
"ENSG00000224397.7",779.918474121218,0.148433944347169,0.158563122141236,0.936118955925669,0.349211944194496,0.542905125289159,"PELATON"
"ENSG00000224401.2",6.40722055073591,-0.430256227223153,0.200605230924302,-2.14479066792386,0.0319695876836973,0.115510481764534,"RPL7P57"
"ENSG00000224409.1",5.31710021124559,0.61586142626653,0.327845792111634,1.87850947331001,0.0603115023390171,0.176352612627165,"AC114489.1"
"ENSG00000224411.3",33.4209406138181,0.012566132707693,0.145703162828656,0.0862447490070652,0.931271858639989,0.963665054422556,"HSP90AA2P"
"ENSG00000224412.1",1.866836131401,-1.18605989968848,0.648927604626309,-1.82772298671356,0.0675911364708065,0.189653088367533,"AC022022.1"
"ENSG00000224413.1",2.40342489943136,-0.524951653217346,0.27132390960199,-1.9347784498145,0.0530174886841316,0.16184333449593,"AP001476.1"
"ENSG00000224414.1",2.7101258724891,-1.0443589497485,0.518328990515351,-2.01485729885596,0.043919603279257,0.143242099527459,"AC010886.1"
"ENSG00000224415.1",13.4227009822956,-0.0789692674604711,0.132105595421993,-0.597773827885298,0.549990856197712,0.715818352178879,"AC007683.1"
"ENSG00000224417.2",12.8482807423589,0.0596619412956858,0.423078988771173,0.141018445442004,0.887855370601329,0.940275343412153,"AL606970.1"
"ENSG00000224418.1",12.541515610757,-0.024354899282535,0.125084679917458,-0.194707291881039,0.845622103073489,0.916269500671277,"STK24-AS1"
"ENSG00000224420.3",37.9252042743315,0.058222706208822,0.130899761393199,0.444788482340557,0.656472618592464,0.795339988748141,"ADM5"
"ENSG00000224424.8",79.1342776372128,-0.057189911710597,0.0836423950059386,-0.683743115037972,0.494137392839282,0.671653994610575,"PRKAR2A-AS1"
"ENSG00000224427.1",3.45851257396729,-0.257049446521783,0.169885287092067,-1.51307656432,0.130260211766799,0.2902002964636,"AP000281.1"
"ENSG00000224429.8",57.4375530277352,-0.334209280357329,0.0903416796037763,-3.6993919287655,0.000216116641818221,0.003811001777571,"LINC00539"
"ENSG00000224430.2",4.18692161433918,-0.295310467340862,0.261824744449998,-1.12789365253161,0.259364834883967,0.450401827333617,"MKRN5P"
"ENSG00000224431.1",19.0173773440684,-0.758238843681071,0.187626904882304,-4.04120530665207,5.31771764645958e-05,0.00138098887366286,"AC063976.2"
"ENSG00000224442.1",1.76607540345101,-0.29578704136642,0.361622734201757,-0.817943711474162,0.413389329172033,0.602423659989692,"RPL4P7"
"ENSG00000224445.3",2.01423876817729,-1.45500939444914,0.351310491835027,-4.14166222832992,3.44797863688818e-05,0.000999943839354688,"LINC01708"
"ENSG00000224451.2",2.24759750230991,-0.768380069792611,0.484249743276224,-1.58674337046435,0.112570779243437,0.263819439205388,"ATP5PBP1"
"ENSG00000224452.1",10.4139115951884,-0.339704012269798,0.11718888010975,-2.89877343269819,0.00374625496180811,0.0274748573670538,"RSL24D1P6"
"ENSG00000224462.2",3.89094052789013,-0.981737023021535,0.321368299409032,-3.05486578740611,0.00225161257441904,0.0193802837228886,"C4BPAP1"
"ENSG00000224464.2",1.79179954536586,0.074194297537415,0.328703207150277,0.225718203909994,0.821420598769934,0.902529817327725,"PGAM1P6"
"ENSG00000224467.1",1.55131130019669,-1.5726771174984,0.608461502323161,-2.58467809630319,0.00974699510293899,0.0527053285629605,"TANK-AS1"
"ENSG00000224468.3",16.7224690893132,-0.365025278208407,0.144575501876337,-2.52480727004933,0.0115761755945491,0.0591022257428802,"LAMC1-AS1"
"ENSG00000224470.8",2273.95291874961,-0.103578097585174,0.0622238830503167,-1.66460356550581,0.0959918735528405,0.238407866183866,"ATXN1L"
"ENSG00000224471.2",1.01419318983175,-1.1042761936809,1.14247925554508,-0.966561264304136,0.333763406651666,0.527309120564415,"MTCO3P19"
"ENSG00000224478.3",4.38765615778511,-0.277498010016566,0.172480032338585,-1.60887035011581,0.107644693979361,0.256481413916472,"AL356417.1"
"ENSG00000224479.6",18.0383836501352,-0.780377203197423,0.195378853143543,-3.994174347129,6.49200813586718e-05,0.00160697715143068,"AC104162.1"
"ENSG00000224488.1",1.12973489870376,-0.0733513738063989,0.671619500162519,-0.109215670165398,0.9130314316629,0.953849921766902,"SAMM50P1"
"ENSG00000224490.5",3.4443729020581,-0.905493256054771,0.248008137633069,-3.65106268163854,0.000261157486910198,0.00434700119550972,"TTC21B-AS1"
"ENSG00000224500.1",0.807283786558716,-1.82316670759258,1.04339935027865,-1.74733356610361,0.0805794938728651,0.213016761117143,"AL731575.1"
"ENSG00000224505.2",12.368758556826,-1.00881567816038,0.208507508280939,-4.83827026891098,1.30973964903264e-06,9.10337414096943e-05,"AC138150.1"
"ENSG00000224511.2",22.6066802973352,0.0826001119651529,0.169455856251871,0.487443242105365,0.625944255787091,0.773784424027908,"LINC00365"
"ENSG00000224520.2",68.5103199581661,0.380715521570062,0.163397732035849,2.32999269222741,0.0198065373591095,0.084733481624459,"KRT8P45"
"ENSG00000224525.2",3.05519615881599,-0.236260732688518,0.308929616756798,-0.764772038268225,0.444407300889422,0.629200606783395,"AL591686.1"
"ENSG00000224531.6",814.398174317472,0.0747425777019839,0.068059512415209,1.09819443380675,0.272119596268609,0.464217960574441,"SMIM13"
"ENSG00000224533.4",3.08136366471704,-0.334825192665131,0.23670326675034,-1.41453557976572,0.15720470831072,0.327072638032046,"TMLHE-AS1"
"ENSG00000224535.2",1.84563095928125,-0.298863055066158,0.332199087868137,-0.899650438488826,0.36830630627935,0.560908551985654,"LINC02771"
"ENSG00000224536.2",137.432472035133,-0.136428223857915,0.0914800520750415,-1.49134396803799,0.135871210890752,0.297705586744198,"AC096677.1"
"ENSG00000224541.1",3.43567770577175,-0.874034562411645,0.28548236966753,-3.06160609297708,0.00220152958259458,0.0190724757723969,"AP001439.1"
"ENSG00000224543.4",29.9060828972258,-0.348504927852338,0.1401462862482,-2.48672253244823,0.0128925909132759,0.0635242014615501,"SNRPGP15"
"ENSG00000224546.2",42.1442568923629,-0.0119510416934486,0.0982096094956069,-0.121689127518456,0.903145224224577,0.948440650730494,"EIF4BP3"
"ENSG00000224549.1",2.39952719178761,0.232909387932437,0.338860600555816,0.687330977842828,0.491874181959419,0.669828498853687,"AC017067.1"
"ENSG00000224550.1",10.0960925797083,-0.0994372639590046,0.16713312673033,-0.59495843764981,0.551871253398513,0.717236586618133,"NDUFA4P1"
"ENSG00000224551.1",1.13455449956406,-0.330608010682006,0.50911831897954,-0.649373629581166,0.516096904625551,0.690334039602188,"HMGB3P21"
"ENSG00000224557.7",119.289767493197,-0.0705932621728588,0.172061821175382,-0.410278478343569,0.681601677709262,0.813207835727449,"HLA-DPB2"
"ENSG00000224559.2",1.70672540381898,-0.00811554818697863,0.427651824158998,-0.0189769988773889,0.98485945434273,0.992875847647646,"LINC01087"
"ENSG00000224563.1",2.08679146855623,-1.4918471036455,0.632178844673533,-2.35984977386568,0.0182823368938822,0.0804285565776555,"LPP-AS1"
"ENSG00000224565.2",3.06551636745679,-0.338363249398121,0.249861407803165,-1.3542037258698,0.175671390665241,0.351184556828262,"LINC01754"
"ENSG00000224566.2",11.4298926802562,-0.674851231975875,0.184488483005882,-3.65795859438205,0.000254232104407035,0.00428130978858038,"FAM96AP2"
"ENSG00000224568.2",1.9440715785373,-0.38580971357938,0.640339399836389,-0.602508160013202,0.546835933134215,0.713729368113432,"LINC01886"
"ENSG00000224570.1",2.48334259665843,-0.360552401556783,0.340348079329999,-1.05936370279086,0.289434173537189,0.481806596978682,"AC097063.1"
"ENSG00000224574.1",1.66986048706732,0.487242802623906,0.475723127127284,1.02421508402626,0.305733695657457,0.499009311183631,"COL18A1-AS2"
"ENSG00000224577.3",16.9765581337072,1.36656718782844,0.221570884712829,6.16762978402872,6.93212107179635e-10,2.99728710186124e-07,"LINC01117"
"ENSG00000224578.5",132.004895340002,-0.0138715959457128,0.0890075373464833,-0.155847429995892,0.876153283628003,0.933862699546105,"HNRNPA1P48"
"ENSG00000224585.1",19.4800857284856,-0.487712290458176,0.258068178880024,-1.88985830246399,0.0587769135561391,0.173158108399658,"AC103563.1"
"ENSG00000224592.5",2.21687492701887,-0.272005902835289,0.235992118140973,-1.15260587928959,0.24907218896284,0.43884210346845,"MIR3659HG"
"ENSG00000224593.1",2.2382226223794,-1.19512297123156,0.40294974305927,-2.96593555850901,0.0030176371163332,0.0237340402820887,"AC092427.1"
"ENSG00000224594.2",12.044417454127,0.0569243597647899,0.156718998120597,0.363225648756292,0.716436329211877,0.83671781346515,"RPL29P19"
"ENSG00000224596.8",73.4035457523391,-0.252411664026941,0.115120934570151,-2.1925783087969,0.0283377753594245,0.106568344633607,"ZMIZ1-AS1"
"ENSG00000224597.10",454.408793737521,0.0627392421507192,0.0658993786557661,0.952046034886698,0.341073635680414,0.534370096598025,"SVIL-AS1"
"ENSG00000224598.1",3.25739403306032,-0.45438403656501,0.235640860378919,-1.92829051733364,0.0538190006451628,0.163380686466619,"RPS5P2"
"ENSG00000224607.4",44.7897157063317,-0.589117158999209,0.264888585480373,-2.22401866781405,0.0261471882829545,0.101258385425661,"IGKV1D-27"
"ENSG00000224609.8",15.1784853369162,-0.153951712268152,0.119234834465627,-1.29116388644406,0.196646854800501,0.376760300217131,"HSD52"
"ENSG00000224611.1",4.87877659907772,-0.883901695782618,0.311912004311652,-2.83381749841039,0.00459955916391477,0.0315803512567982,"AC007919.1"
"ENSG00000224613.7",5.77706346146752,0.473042754438449,0.238907722927185,1.98002286674769,0.047700959289723,0.151039629308051,"AC095032.1"
"ENSG00000224614.2",13.1364223589111,-0.201948725292936,0.134929547822506,-1.49669756218698,0.134471970887593,0.29591129890066,"TNK2-AS1"
"ENSG00000224616.3",115.260104838755,-0.192542730605718,0.109568071399467,-1.75728867129311,0.0788686177821396,0.209864312244736,"RTCA-AS1"
"ENSG00000224618.1",3.11081546350731,-1.37601651802036,0.461154569665288,-2.98385098735787,0.00284645359597293,0.0227969640535787,"AC096921.1"
"ENSG00000224621.1",10.6954398031087,-0.0300869005066566,0.149347397704205,-0.20145580685809,0.840342181989517,0.913163792185423,"AL451042.1"
"ENSG00000224626.1",1.35141355453583,-0.409897318959137,0.387276477825514,-1.05841005697179,0.28986853640401,0.482202627912114,"AC106053.1"
"ENSG00000224628.2",3.22105546242837,-0.162968614163789,0.201185071489589,-0.810043274867056,0.417915304477488,0.606278369104812,"AL121723.1"
"ENSG00000224629.1",4.4512355950457,-0.397234614004545,0.159798350181142,-2.48584928163684,0.0129242689254853,0.0636426098707562,"AC004975.1"
"ENSG00000224631.4",205.596373884479,0.0547702311999099,0.11446070364276,0.478506853940474,0.632289497190731,0.777820647070613,"RPS27AP16"
"ENSG00000224635.2",21.1424114788299,-0.27921755032716,0.151911366215601,-1.83802935410954,0.0660580799634654,0.186933417443574,"AL391095.1"
"ENSG00000224644.1",2.245088556173,-0.101200723639732,0.276125680010234,-0.366502397154734,0.713990224194528,0.834710180985618,"AL135787.1"
"ENSG00000224650.2",1646.70377896398,-0.0392593317274251,0.191401617542035,-0.205114942243386,0.837482322406581,0.911449304755699,"IGHV3-74"
"ENSG00000224652.2",52.8184364155226,-0.577059515279629,0.188506225444766,-3.06122258783815,0.00220435154586417,0.0190869898612369,"LINC00885"
"ENSG00000224655.7",1.32577744534186,-0.0285732795309794,0.281367372064438,-0.101551503009509,0.919112675343918,0.95741782303895,"LINC01823"
"ENSG00000224658.1",1.90948179519011,-0.324310980329406,0.409057884133146,-0.79282417699067,0.42788026835975,0.61509203956193,"AL513164.1"
"ENSG00000224659.2",0.184309080562963,0.986914385882005,1.35536311482167,0.728154968280847,0.466518728325238,0.648212012108516,"GAGE12J"
"ENSG00000224660.2",384.224114503907,-0.458612337814558,0.118585239151631,-3.86736444683595,0.000110017946858555,0.00235854958452149,"SH3BP5-AS1"
"ENSG00000224666.3",5.63227004648435,-0.179489768776736,0.140787589710562,-1.27489766069396,0.202345467198445,0.383290011843745,"ETV7-AS1"
"ENSG00000224675.1",2.55666713902871,-0.383376480522692,0.25703863369327,-1.49151306562026,0.135826843484939,0.297681726031471,"AC009227.1"
"ENSG00000224678.3",2.03556649787768,0.490369550216958,0.326940612704836,1.49987346680501,0.13364718219869,0.294806575030873,"GAPDHP46"
"ENSG00000224680.4",6.02833926618014,0.0814393078985186,0.118142003252287,0.689334069650136,0.490613062711966,0.668849788987735,"PLA2G12AP1"
"ENSG00000224682.1",3.38016872616277,-0.567859740873734,0.250727097682695,-2.26485188925364,0.023521769963446,0.0944958593178856,"SOCS5P2"
"ENSG00000224687.2",43.072327138747,0.108192486482947,0.102724358480169,1.05323107472931,0.292235099662074,0.484796610346776,"RASAL2-AS1"
"ENSG00000224689.9",71.8134068320047,-0.452654709277002,0.222351729993167,-2.03575978154481,0.0417744828103531,0.138402574133631,"ZNF812P"
"ENSG00000224690.2",2.67295510343661,-0.589295954618092,0.234819858904602,-2.5095660876685,0.0120879594185654,0.0607922104112231,"UBE2D3P3"
"ENSG00000224699.9",70.1288185580367,-0.119910329185151,0.110254754597812,-1.08757513109127,0.276782714360854,0.469454730715569,"LAMTOR5-AS1"
"ENSG00000224700.2",1.35316477195994,-1.25372194735187,0.769855149287192,-1.62851667422461,0.103415376565382,0.249836603141955,"AP000844.1"
"ENSG00000224706.1",0.89446602279216,-2.04239806882224,1.07065488756472,-1.90761569628456,0.0564409049219507,0.168573342385082,"RPS17P13"
"ENSG00000224707.1",2.12205269552816,-1.00975247181937,0.522757438165461,-1.93158891313521,0.0534102653531285,0.162569753556565,"E2F3-IT1"
"ENSG00000224712.12",3.26926496219587,0.143755725204644,0.348679245288253,0.412286441327476,0.680129485418271,0.812149885514525,"NPIPA3"
"ENSG00000224713.4",10.3677001666739,-0.0622100365138913,0.175504272492563,-0.35446451320168,0.722990794173623,0.841225455544446,"AC025165.1"
"ENSG00000224714.3",1.99902332093378,-0.103787673687715,0.295478380617869,-0.351253020510965,0.725398536364659,0.842408692555657,"LINC02671"
"ENSG00000224715.1",6.91728359125378,-0.268573547467901,0.239394258045603,-1.12188800876227,0.261910059772826,0.45342268316867,"Z82186.1"
"ENSG00000224717.1",4.04429590040504,0.153415616778354,0.224584933069326,0.683107342427984,0.494539016139309,0.672000631171219,"LEMD1-DT"
"ENSG00000224721.1",4.56737357724543,0.333814639893349,0.282902239826814,1.17996464113435,0.238014278352428,0.42577978028068,"AC007182.1"
"ENSG00000224727.1",8.04309114192897,-0.673567555179534,0.200569902786258,-3.35826834346795,0.000784324319939036,0.00925975517153558,"FCF1P7"
"ENSG00000224728.1",11.6707677931221,-0.270958751518356,0.161104684488273,-1.68188002961565,0.0925921058999589,0.233005969896246,"IMPDH1P8"
"ENSG00000224729.6",8.08714299116501,-0.200299587438948,0.150283087728563,-1.33281522536138,0.182592448013573,0.359685839400975,"PCOLCE-AS1"
"ENSG00000224733.1",2.63317623126269,-0.777655745719537,0.634984495365503,-1.22468462048339,0.220694070962254,0.405207638378977,"AL034349.1"
"ENSG00000224738.1",31.4153893229336,-0.0884581525795942,0.100856380146219,-0.877070468435903,0.38044836379302,0.571954549013474,"AC099850.1"
"ENSG00000224739.2",1.098145251384,-0.478790511129515,0.308256919113293,-1.55321902426965,0.120370817858453,0.27535424206139,"AC016735.1"
"ENSG00000224743.7",12.6115697898135,-0.138748254211582,0.221022462048206,-0.627756350760951,0.530163564265565,0.700509407671288,"TEX26-AS1"
"ENSG00000224745.1",9.28490671838244,-0.875121478751413,0.187261254073816,-4.67326507600152,2.96448754546137e-06,0.000165099992554662,"AC063965.2"
"ENSG00000224746.2",13.5235511006547,0.113065525758116,0.176257092340469,0.641480715792772,0.521210406068442,0.694106321969466,"AC015987.1"
"ENSG00000224747.1",4.22943622513204,-0.139515774064769,0.235223314268185,-0.593120518256551,0.553100499766789,0.7181893501847,"MTCYBP21"
"ENSG00000224751.2",2.44327173145795,-1.09066764329976,0.350468379101881,-3.11202866887658,0.00185806453992091,0.0170414718257815,"SHMT1P1"
"ENSG00000224758.1",2.17713829522133,0.0200870937067369,0.339535321141347,0.0591605422352355,0.952824237302689,0.975232947999214,"LINC01167"
"ENSG00000224764.1",2.48134132156398,-0.228364228402655,0.27363565088042,-0.834555832428616,0.403967839053065,0.593613322634823,"AL353768.1"
"ENSG00000224769.1",184.970825941949,0.00904563688841507,0.1845351088359,0.0490185143926136,0.96090454132339,0.980293038821646,"MUC20P1"
"ENSG00000224775.2",2.12089046797383,-0.236799247238868,0.290233307954874,-0.81589273439176,0.414561488002366,0.603392306551664,"BRAFP1"
"ENSG00000224781.1",4.35731700207086,-0.0503852964807594,0.1868697488293,-0.269627892135633,0.787446539981339,0.882109922315673,"EIF4A2P4"
"ENSG00000224786.2",13.1640534817187,-0.123875585869289,0.119968536446547,-1.03256728421025,0.30180644501026,0.494709368013716,"CETN4P"
"ENSG00000224790.3",39.5687436854684,-0.343366299610094,0.100927427145928,-3.40211089611579,0.000668674985423343,0.00825442947337759,"AP000704.1"
"ENSG00000224791.1",3.87128389708629,-0.0251013228139275,0.160602588443329,-0.156294634209989,0.875800785644815,0.933728138803308,"KRT18P39"
"ENSG00000224795.3",2.68964648878026,-1.30345570434719,0.44999797461142,-2.89658126899958,0.00377252916101377,0.0276162738253367,"NTM-AS1"
"ENSG00000224796.1",12.384045989281,-0.612615976640602,0.183815169918818,-3.33278247334626,0.000859821386837189,0.00990177565962315,"RPL32P1"
"ENSG00000224797.1",2.3955677639108,-0.799817463609901,0.326081958395882,-2.45281115074413,0.0141744732261541,0.0676610143275198,"AL359092.1"
"ENSG00000224802.2",2.39626969002893,-0.497639629114918,0.35374462667425,-1.40677650369846,0.159493671959867,0.33010848057485,"TUBB4BP2"
"ENSG00000224805.2",30.9201644601552,0.230867618518268,0.137299811610336,1.68148532623979,0.0926686842867529,0.233145810168432,"LINC00853"
"ENSG00000224807.5",2.75178676669575,1.02097201584977,0.441736735635576,2.31126807776306,0.0208180521068391,0.0873796531509071,"DUX4L9"
"ENSG00000224810.1",4.68522195156523,-0.96909814324849,0.287820014319375,-3.36702833380151,0.000759828811796556,0.00907677812384023,"AL355482.1"
"ENSG00000224812.3",36.5718867336086,0.264229922738399,0.159919402093042,1.65226932617387,0.0984796594104369,0.24204069841663,"TMEM72-AS1"
"ENSG00000224814.1",1.82979735627646,-0.190179938491521,0.457531816467169,-0.415664947543965,0.677655194197661,0.810740135220698,"AC114812.2"
"ENSG00000224817.2",58.6024237244084,0.0982155742730645,0.397899271562691,0.246835270362113,0.805035713070287,0.892598461226531,"AC010789.1"
"ENSG00000224819.2",2.09860427762174,-0.658968373203387,0.330719916286304,-1.99252703194603,0.0463132622704784,0.148248229328732,"AC093843.1"
"ENSG00000224820.2",2.1697164264196,-0.104908344909778,0.192788014741673,-0.54416424719322,0.586328452424742,0.743671498593354,"BTF3P4"
"ENSG00000224821.5",5.96864237093687,-0.209203619518482,0.272134576071003,-0.768750603245282,0.442041378151631,0.62707700665266,"COL4A2-AS2"
"ENSG00000224822.1",5.78152088104054,-0.694744827368108,0.318675251163686,-2.18010286280831,0.0292498376167587,0.108880283985538,"THRB-IT1"
"ENSG00000224831.3",31.440652125937,-0.121800999076921,0.119294584064981,-1.0210103001036,0.307249558753669,0.500722480766846,"TMEM183B"
"ENSG00000224837.1",5.44142337842456,0.0789534756035575,0.197777672909928,0.399203178204622,0.689743501605494,0.818463499267624,"GCSHP5"
"ENSG00000224839.1",4.70567673327314,0.0252733128075078,0.154014115327148,0.164097379995487,0.869654484316559,0.930247191494629,"RPL12P17"
"ENSG00000224843.8",85.0065866634858,-0.376005244814714,0.120310008948269,-3.12530310737811,0.00177621932826292,0.0164919755074898,"LINC00240"
"ENSG00000224846.3",3.44920186456671,-0.0167300652731585,0.193090168839769,-0.0866437963863477,0.930954652295996,0.96348264599119,"NQO2-AS1"
"ENSG00000224848.2",120.350052265496,-0.0210835353946441,0.126614823622993,-0.1665171169643,0.867750013829205,0.9294504995232,"AL589843.1"
"ENSG00000224853.3",5.47953303339132,-0.629231057671675,0.514606310753739,-1.22274259860911,0.221426932025836,0.4059453110097,"LINC00393"
"ENSG00000224854.3",2.82778601218264,-0.059471538090252,0.30656417136881,-0.193993765888269,0.846180763280182,0.916605499092912,"CDKN2A-DT"
"ENSG00000224855.5",3.60069296933793,-0.634819539860627,0.278209722942953,-2.2818021352575,0.0225010246729322,0.0918610195506968,"OPA1-AS1"
"ENSG00000224858.5",23.6989616894683,-0.0816586172183862,0.154406605671887,-0.528854428624058,0.596906437022,0.752074099597845,"RPL29P11"
"ENSG00000224861.1",57.7212867311943,0.217933735933906,0.140157952215136,1.55491524019548,0.119966257228351,0.274693026265714,"YBX1P1"
"ENSG00000224870.7",797.498309066291,-3.08464537025716e-05,0.0639543089889204,-0.000482320178112087,0.999615164191442,0.999825381885047,"MRPL20-AS1"
"ENSG00000224875.2",20.2171134917207,-0.0500146170268019,0.153549975354433,-0.325722077853515,0.744634638700651,0.854602152532726,"EML4-AS1"
"ENSG00000224877.4",692.176721244779,0.159399245587692,0.0759474549762783,2.09880957350683,0.0358336905784649,0.124922624128674,"NDUFAF8"
"ENSG00000224885.1",8.91522868213976,-0.113468319736299,0.192434584632018,-0.589646190435456,0.555427877533795,0.72022825031091,"EIPR1-IT1"
"ENSG00000224888.4",14.9962530376811,-0.131859701989905,0.160364795068677,-0.822248436344371,0.410935516921612,0.600029655053341,"AC138028.2"
"ENSG00000224891.1",2.14561368517994,-1.8005584516406,0.350255725898149,-5.14069669246232,2.73721610225469e-07,2.9409806037544e-05,"ARL14EPP1"
"ENSG00000224892.6",21.0309045259596,-0.135303311265183,0.0976247445972299,-1.38595303704407,0.165761244199612,0.337758204611778,"RPS4XP16"
"ENSG00000224893.7",3.28284330478925,0.186840799888404,0.373937631462302,0.499657654560612,0.617316153997509,0.767220647866174,"LINC02840"
"ENSG00000224895.1",1.31734498478426,-1.07960305640809,0.531959978779803,-2.02948172696085,0.0424092483213376,0.13980900132313,"VPS26BP1"
"ENSG00000224897.8",78.5514951126764,0.57373243774539,0.165808181898107,3.46021789261258,0.000539738450793019,0.00710819313380221,"POT1-AS1"
"ENSG00000224899.1",9.36980415629611,0.316760271621828,0.426781884453373,0.742206459928677,0.457962255234933,0.640809133286879,"LINC02830"
"ENSG00000224901.1",1.22827781702118,-0.648552253708596,0.699790325035294,-0.926780823492931,0.354040343453349,0.547484447671372,"AL365258.1"
"ENSG00000224903.2",32.2596344880512,-0.157981842890936,0.138174646824341,-1.1433489900052,0.252893722336476,0.443019768363498,"RNF32-AS1"
"ENSG00000224905.7",11.4526037049937,0.185507586467173,0.139532822289018,1.32949067770539,0.183686139363381,0.361043580055576,"AP001347.1"
"ENSG00000224914.4",116.29369053502,-0.0503887660197666,0.0728367606732963,-0.691804049960177,0.489060392944046,0.667525732301005,"LINC00863"
"ENSG00000224928.2",3.17188604111883,-0.649850080356332,0.264099193214874,-2.4606287980123,0.0138693780193972,0.0667530860980627,"KRT8P30"
"ENSG00000224934.5",94.1780418201285,-0.255257673190116,0.114321415942294,-2.23280713492005,0.0255616655754113,0.0998620666512753,"AL391684.1"
"ENSG00000224939.1",10.083350676691,-0.272557187084621,0.216263540698485,-1.26030114093351,0.207560748570655,0.389248014541926,"LINC00184"
"ENSG00000224940.9",17.8050366428755,0.566335169424074,0.212009826291772,2.67126849415306,0.00755651770268751,0.0443233163980929,"PRRT4"
"ENSG00000224944.2",1.37448861280058,0.147291093093717,0.44849578413818,0.328411321361133,0.742600684062897,0.853252501720658,"CASC6"
"ENSG00000224945.1",108.649688116495,-0.46455496111502,0.164043938443079,-2.83189348856199,0.00462732597210435,0.0317259608284023,"AL353150.1"
"ENSG00000224946.1",0.60725023248933,-0.925360933177861,0.875246815535282,-1.05725712650771,0.290394254384293,0.48273842120087,"AC007312.1"
"ENSG00000224950.2",27.3589004199952,-0.0232608766504621,0.111803367832004,-0.208051663393664,0.835188628272465,0.910267293059062,"AL390066.1"
"ENSG00000224957.6",21.5941657566737,-0.771775453952857,0.187989796271655,-4.10541140667869,4.03595942857904e-05,0.00112631347238627,"LINC01266"
"ENSG00000224958.6",4.63364554631613,-0.213754814892854,0.231063140261353,-0.925092659309826,0.3549177111239,0.548500369274156,"PGM5-AS1"
"ENSG00000224960.5",2.51012182546336,-0.242867867236488,0.821660594776655,-0.295581738713543,0.76754952119917,0.869539479014698,"PPP4R3C"
"ENSG00000224961.3",3.2126706717548,-0.449302668819453,0.259612398959555,-1.73066722013323,0.0835111349606283,0.217860540373311,"LINC01752"
"ENSG00000224965.1",4.38386452180689,-0.0856176049533064,0.158871855318648,-0.538909832591706,0.589949072313991,0.74669915087248,"LINC02586"
"ENSG00000224968.2",8.03785071380594,0.0294176702801786,0.245659657335327,0.119749700049542,0.904681428649305,0.949368602394151,"LINC01645"
"ENSG00000224969.1",7.30635199530599,0.0915892860289714,0.182627735909029,0.501508084591237,0.6160135895193,0.766288313998881,"AL645608.1"
"ENSG00000224971.1",2.94454358300607,0.161750033881982,0.205635391582719,0.786586553204857,0.431523933426958,0.617658053120538,"SUMO2P3"
"ENSG00000224972.1",2.22032244808805,-2.09293855015124,0.507777257212793,-4.12176504642892,3.75980562693944e-05,0.00106622835381341,"AL513412.1"
"ENSG00000224973.6",3.29576621912675,-0.808378487144788,0.365037321167471,-2.21450914815892,0.02679377410307,0.102924324589075,"LARGE-AS1"
"ENSG00000224975.1",62.1960083542168,-0.203225636199103,0.107055246142558,-1.89832486983853,0.0576532997929498,0.170960163816915,"INE1"
"ENSG00000224976.2",5.52013449257093,-0.0242175375186363,0.150062447348437,-0.161383063828118,0.871791704934431,0.931378918344896,"PARP4P2"
"ENSG00000224982.4",144.237961901873,-0.269131227768108,0.179855937498991,-1.49637110406554,0.134556975270868,0.296009341726775,"TMEM233"
"ENSG00000224984.1",2.61991663239974,1.05383593826538,0.410314198839074,2.56836332071145,0.0102179998405096,0.0544771893952557,"AL512363.1"
"ENSG00000224985.1",9.24013409951307,0.127398437936133,0.13256246972205,0.961044541515073,0.336529772596897,0.52993509230649,"AL590714.1"
"ENSG00000224986.2",3.13250417168569,0.00521360270625986,0.232586370915455,0.0224157704758848,0.982116300492107,0.991136647235033,"PPP1R8P1"
"ENSG00000224992.2",19.3982169260925,0.0985328807206536,0.119134377560909,0.827073450484749,0.408195431305558,0.597627550327878,"AL445645.1"
"ENSG00000224993.3",7.38199029706828,-0.0755459879813514,0.149608244188464,-0.50495872330528,0.613587827533787,0.764842545287445,"RPL29P12"
"ENSG00000225000.1",0.639886388672587,-1.4817430983673,1.038086622641,-1.42737905108304,0.153470665839675,0.322000243318809,"AC010082.1"
"ENSG00000225008.1",3.05949795113737,-0.472739762482256,0.250314878177882,-1.88858035896017,0.05894808085081,0.173524178228649,"AC234781.2"
"ENSG00000225014.1",1.68181143722018,-0.498386453517399,0.468486927150427,-1.06382147427002,0.287409581305351,0.4798759874824,"KCTD9P1"
"ENSG00000225017.1",2.13447083471458,-0.865465130550143,0.390116698052807,-2.21847753472216,0.0265222896886294,0.102270858304788,"AP004289.1"
"ENSG00000225022.1",10.8475186625674,-0.0454836559781007,0.12538115621358,-0.362763092570479,0.716781864306873,0.836886502134621,"UBE2D3P1"
"ENSG00000225026.1",7.59857701510547,0.15932005259019,0.125883314038359,1.26561692315823,0.205650264282978,0.386931513066758,"AC091492.1"
"ENSG00000225028.1",4.04239754120888,0.087389067275034,0.240754878688862,0.362979424346248,0.716620254618236,0.836785849361845,"AC096541.1"
"ENSG00000225031.1",153.054021334473,0.00546913616672756,0.0805523671429305,0.0678954121487608,0.945868890902312,0.971788704977956,"EIF4BP7"
"ENSG00000225032.5",126.416596875291,-0.446419778189918,0.125132692413695,-3.56757110854797,0.00036030561916309,0.00545108943493151,"AL162586.1"
"ENSG00000225037.1",3.21779774536057,-1.06714262094695,0.311651430154035,-3.42415441642449,0.000616715673099189,0.00777739200927701,"EIF1AX-AS1"
"ENSG00000225039.1",4.56883725648685,0.0555816889839133,0.147942148417922,0.375698809151402,0.707140823301801,0.830252312665481,"LINC01058"
"ENSG00000225043.1",2.10240132281036,-0.0912982082043128,0.259931010535716,-0.351240154132236,0.725408188113961,0.842408692555657,"RPL18AP2"
"ENSG00000225051.5",11.6941991097591,-0.293712235040648,0.141180738991873,-2.08039876500119,0.0374889724508488,0.128804495306531,"HMGB3P22"
"ENSG00000225057.2",12.898659917212,-0.356147097403011,0.161883150251785,-2.20002573985667,0.0278050688568333,0.105266023885662,"AC012485.1"
"ENSG00000225067.4",10.6623257970971,0.0520344405422385,0.10931212190253,0.476017111703642,0.634062187131601,0.778989350019277,"RPL23AP2"
"ENSG00000225071.1",7.23671622527293,0.125201625374299,0.163274106820534,0.766818620615194,0.443189363716275,0.628144039429797,"RPS26P58"
"ENSG00000225075.1",6.40427479927935,-0.236598535663572,0.137019549008264,-1.72675021466682,0.0842125331336586,0.219072344555313,"AL603832.1"
"ENSG00000225076.1",2.32441729252072,-0.921839018831299,0.313292465023903,-2.94242320434029,0.00325654546280121,0.025032914202861,"WWC3-AS1"
"ENSG00000225077.3",33.4092841389063,0.401721267143096,0.193101977140034,2.08035812523957,0.0374926970839393,0.128804495306531,"LINC00337"
"ENSG00000225078.2",2.23119917091819,-2.05300355332084,0.482564196257666,-4.25436360434961,2.09644401955782e-05,0.000691743416681253,"AL365338.1"
"ENSG00000225079.2",21.2249562507059,-0.190309203787141,0.142447044799698,-1.33599966257457,0.181549383593633,0.358437029471792,"FTH1P22"
"ENSG00000225082.2",2.1173985475449,-0.124411454403868,0.248417797073826,-0.500815383878857,0.616501057751643,0.766640342011689,"DAP3P1"
"ENSG00000225083.2",11.0406704106111,-0.0867126116024969,0.151441589811515,-0.572581228910894,0.566928272353815,0.728979034485133,"GRTP1-AS1"
"ENSG00000225084.1",1.49190746904564,-1.75746677877596,0.491561885965559,-3.57527064028535,0.000349865782416992,0.0053358137856202,"AL450226.1"
"ENSG00000225087.2",5.41691837968901,-0.105467732714694,0.464299490864429,-0.227154530189846,0.820303583142153,0.902016949947211,"AL583808.1"
"ENSG00000225092.2",4.68935277828632,-0.778036233023184,0.29518560738794,-2.63575260293998,0.00839509143476481,0.0477284458909878,"AL355336.1"
"ENSG00000225093.1",22.3702509917221,-0.23595853542543,0.141737474449064,-1.66475758328985,0.0959611295170257,0.238352891466214,"RPL3P7"
"ENSG00000225096.3",44.7882179601863,-0.868370392245207,0.220007106171622,-3.94701065504591,7.91330365333454e-05,0.00185402968705466,"AL445250.1"
"ENSG00000225101.6",27.5794359014313,-0.192415124895323,0.168919609405946,-1.13909288312947,0.254664415567861,0.445184688238425,"OR52K3P"
"ENSG00000225107.1",5.44997802603266,-0.416290857192693,0.331904895875804,-1.2542474135376,0.20975209116083,0.391988569801713,"AC092484.1"
"ENSG00000225110.3",1.96295908412605,-0.578724748459485,0.685367559914545,-0.844400555712971,0.398445611946506,0.588686105459626,"PNMA6F"
"ENSG00000225111.1",12.6555419770719,-0.491459650151996,0.17246759734674,-2.84957671883104,0.00437774464591374,0.0306129494846474,"AC083900.1"
"ENSG00000225112.1",1.04067631709725,-0.652378992363986,0.739508396588354,-0.882179290152308,0.377679859436415,0.5692469355886,"AL157392.1"
"ENSG00000225117.2",4.31651536838038,-0.429457397170483,0.318221689902337,-1.34955413410784,0.177159044832262,0.352965661162842,"ARSDP1"
"ENSG00000225118.1",0.772246045308653,-1.82128080243799,1.0323731946534,-1.76416901549779,0.0777035276620757,0.207623077564485,"AL392103.1"
"ENSG00000225121.2",0.642558715235797,-0.598391596177369,0.59547212787811,-1.00490277909339,0.31494366612993,0.508976237875042,"EEF1B2P5"
"ENSG00000225124.1",1.38731706525115,-1.2795565919052,0.471712314585191,-2.7125783074593,0.00667620051855699,0.0408006246777338,"RPL23AP36"
"ENSG00000225125.2",14.3992307789924,-0.359703656558341,0.133875798312751,-2.68684602513463,0.00721301944589441,0.0429901640551669,"RANP4"
"ENSG00000225127.3",1.37319746170805,0.533681605493472,0.35182951829765,1.51687558245745,0.1292980995415,0.288729962034337,"LINC00237"
"ENSG00000225131.2",62.5662449211249,0.225516489877425,0.103224814628236,2.18471198703162,0.0289099707275356,0.108024652685953,"PSME2P2"
"ENSG00000225137.1",28.2864995011915,-0.0128121441663422,0.116486082430157,-0.109988626100668,0.912418395241327,0.95345717616979,"DYNC1I2P1"
"ENSG00000225138.8",372.494964176417,-0.133329931728705,0.156112314866579,-0.854064151458228,0.393069445430804,0.583826056066374,"SLC9A3-AS1"
"ENSG00000225140.1",3.95382517442555,-0.722627920501217,0.280471901958432,-2.57647170877144,0.0099814373347029,0.0537026491894414,"AL358216.1"
"ENSG00000225146.1",2.54749611605314,-0.0841099924117123,0.303498923579528,-0.277134401070363,0.781676907686165,0.878964107254644,"AC073957.1"
"ENSG00000225151.10",43.7937380250574,-0.291650056169714,0.127800938098126,-2.28206506548321,0.0224854991256833,0.0918201548376518,"GOLGA2P7"
"ENSG00000225154.2",1.69539599389915,-0.585715455072091,0.286832504154393,-2.04201213805538,0.0411503273175728,0.13712519741607,"TUBAP9"
"ENSG00000225159.1",18.6246072399321,-0.0377700320865018,0.139718062825895,-0.270330344714038,0.786906122388388,0.881863505742204,"NPM1P39"
"ENSG00000225169.1",10.8366505013301,-0.0321140241907254,0.142918487903456,-0.224701678990747,0.822211358364126,0.902802768840634,"BRI3P1"
"ENSG00000225171.2",24.6997166673592,-0.116362557157362,0.117692218542636,-0.988702214965954,0.322808858795083,0.516484575198511,"DUTP6"
"ENSG00000225172.6",1.49379825881064,-0.545992149036748,0.347970522675257,-1.56907586550455,0.116630262610582,0.269725233833007,"AC096631.1"
"ENSG00000225173.1",6.00242950172031,0.294114897270552,0.216974849248679,1.35552529838821,0.175250254003415,0.350658495494662,"AL662890.1"
"ENSG00000225177.6",82.8333681930963,-0.103157354220361,0.0999204200615954,-1.03239512160548,0.301887056350472,0.494768424095513,"AL590617.2"
"ENSG00000225178.5",113.641623394257,0.0656333430119133,0.12330411691344,0.532288334362656,0.594526310583803,0.750097182744678,"RPSAP58"
"ENSG00000225179.2",6.56331016010039,-0.671125388798583,0.225208989976903,-2.98001153891509,0.00288237525633603,0.0229741248286319,"LINC00457"
"ENSG00000225181.1",2.33126335464939,-0.960889816262668,0.500279546404123,-1.92070577973713,0.054768810548077,0.165254487001734,"AL121584.1"
"ENSG00000225187.1",5.20735914450032,0.0376632004745554,0.184547684398685,0.204083842055641,0.83828798078447,0.911973392943742,"AC073283.1"
"ENSG00000225190.11",1771.9762452055,-0.0114518708790819,0.0646908215285598,-0.17702466298138,0.859489017256035,0.924676494857943,"PLEKHM1"
"ENSG00000225192.1",6.8667980457447,-0.489901898023312,0.248797988449233,-1.96907499564963,0.0489444797031904,0.153553388876585,"ZNF33BP1"
"ENSG00000225193.5",16.9691074097221,-0.0346382276436185,0.150867817433729,-0.229593217644538,0.818407877640758,0.901063311296463,"RPS12P26"
"ENSG00000225194.3",42.9953950334895,-0.138594722237461,0.156458241643424,-0.885825641280858,0.37571149035316,0.567384679684648,"LINC00092"
"ENSG00000225195.2",3.9090372201913,-0.897965845813703,0.266600131879362,-3.36821230913733,0.000756573106541023,0.00906064332232744,"AC078962.1"
"ENSG00000225200.2",119.267267396778,0.165462596436892,0.113519857946825,1.4575652174829,0.144960422811182,0.310444317294011,"AC246787.1"
"ENSG00000225205.5",55.8864588736121,-0.0851695326633472,0.108459883138598,-0.785262994931606,0.432299387527976,0.618223020771869,"AC078883.1"
"ENSG00000225206.10",17.0326431406569,0.087978236458037,0.377418169943488,0.233105460903512,0.815679514517181,0.899219141616573,"MIR137HG"
"ENSG00000225210.10",22.0794910994568,0.29432464318958,0.200189732875244,1.47022846258054,0.141499888453352,0.305567263109459,"DUXAP9"
"ENSG00000225213.2",9.30545691766391,-0.340145732249278,0.18279928976286,-1.86076068835135,0.0627779792861153,0.180963158757757,"AC073367.1"
"ENSG00000225215.1",1.51415253084236,-0.101015869231877,0.391313379861876,-0.258145707329336,0.796294457316191,0.887766461135197,"SMARCE1P1"
"ENSG00000225216.6",9.30247850851988,-0.552746183794594,0.242401206734214,-2.28029468681922,0.0225902167169631,0.0921686378869918,"AC007362.1"
"ENSG00000225217.1",366.677945893782,-0.178942405200991,0.142991650632706,-1.25141855772146,0.210781810127364,0.393250703534342,"HSPA7"
"ENSG00000225218.1",8.41758973293877,-0.280105012748112,0.182761052112487,-1.5326296796306,0.125367124393084,0.282944498164356,"AP001628.1"
"ENSG00000225222.2",3.11734362209497,-2.08284644383502,0.721914963691864,-2.88516868134076,0.00391203991929553,0.0283199706529911,"CHCHD4P5"
"ENSG00000225224.1",8.05143363462544,0.0166321064901579,0.165626572824898,0.100419311988913,0.920011438510546,0.957844168563751,"RPS27AP12"
"ENSG00000225226.2",0.665599009310416,-1.81224974997817,1.07832597796797,-1.68061401376347,0.0928379120259439,0.233368735118171,"LINC01795"
"ENSG00000225231.2",3.50183547000638,-0.153135682463345,0.301268764269903,-0.508302554479737,0.611241178877111,0.762888568635639,"LINC02470"
"ENSG00000225234.1",36.2166813713568,0.0353350094999806,0.0997322453440705,0.354298746389163,0.723115007136306,0.841225455544446,"TRAPPC12-AS1"
"ENSG00000225255.6",2.34575285937767,-0.693353574359781,0.476545946100348,-1.45495640039246,0.145681332137855,0.311467286852401,"PSLNR"
"ENSG00000225259.4",12.9822043005687,0.118085616315602,0.146537101778774,0.805841079714238,0.42033448814343,0.608337511465798,"ST13P6"
"ENSG00000225264.3",6.9668670469233,-0.22885292966672,0.14072660117418,-1.62622366885322,0.103902082833823,0.250613058305185,"ZNRF2P2"
"ENSG00000225265.2",69.7210375418413,0.0725531929007976,0.104745383438067,0.692662440284981,0.48852141528638,0.667118272318682,"TAF1A-AS1"
"ENSG00000225269.3",7.64891890317545,1.56463011991,0.404332092877014,3.86966591936078,0.000108984591338291,0.0023394094129115,"LINC00705"
"ENSG00000225272.2",1.95323192121715,-0.421835442655446,0.364970574108458,-1.15580672136623,0.247760223165026,0.437085688312485,"AL451074.2"
"ENSG00000225279.2",2.70763464638486,0.071971614712011,0.232769185990416,0.309197346744059,0.757171412078102,0.862697106630233,"AL121987.1"
"ENSG00000225280.7",0.683958058323661,-0.21010450739929,0.811773949640621,-0.258821445911518,0.795773010108108,0.887483598881145,"AL158013.1"
"ENSG00000225282.1",6.07708065520275,-1.12011738392055,0.224350214811201,-4.99271812537899,5.95354156721045e-07,4.99272693695561e-05,"AP000350.2"
"ENSG00000225285.1",131.089161410686,0.0515485379038685,0.130096201248869,0.396233997680365,0.691932412906759,0.819748309160957,"LINC01770"
"ENSG00000225298.5",2.40599902719246,0.17151472278607,0.327762249975358,0.523290045754094,0.600772427039347,0.754799347189301,"LINC00113"
"ENSG00000225300.1",4.77012196790731,-1.07469144602196,0.302595968763319,-3.55157225132285,0.000382936840174671,0.00566375665034887,"AL591623.1"
"ENSG00000225303.2",1.13105020519925,-0.63869212535618,0.903183956533893,-0.707156189761452,0.47946942057473,0.659272928558811,"AL117341.1"
"ENSG00000225308.2",2.19934241654964,-0.568728243502922,0.309947236284685,-1.83491955056682,0.0665176104239078,0.187850606823578,"ASS1P11"
"ENSG00000225311.1",1.91613653274741,-2.10689500620219,0.387081871884309,-5.44302164280092,5.23842794321321e-08,8.59127987750727e-06,"AL024474.2"
"ENSG00000225313.5",144.619452046303,-0.332289811985222,0.136542604951561,-2.43359801215968,0.0149495874380157,0.0702097072328757,"AL513327.1"
"ENSG00000225315.2",6.86808426567611,0.0180067071909562,0.254859977310542,0.0706533343562823,0.943673661756748,0.970544352755211,"AL591178.1"
"ENSG00000225328.2",6.83066244770577,-0.195274979779325,0.278368096774286,-0.701499137444845,0.482991572731643,0.662419708793186,"LINC01594"
"ENSG00000225329.3",323.22740588009,-0.624142978558247,0.258422064544978,-2.41520777127611,0.0157262361236696,0.0726580043387915,"LHFPL3-AS2"
"ENSG00000225331.1",5.45341368609193,-0.173097633097345,0.149712078535537,-1.15620352606525,0.247597917895118,0.436975756740395,"LINC01678"
"ENSG00000225334.3",5.71339186732816,-0.201144927241547,0.28833480568696,-0.697608902131388,0.485421812833347,0.664438943167398,"LINC02813"
"ENSG00000225335.3",27.1884362094618,0.104151292191395,0.0967002014119907,1.07705351871667,0.281456356888409,0.473905147923218,"AC016027.1"
"ENSG00000225338.1",11.7335772357867,-0.280914279915758,0.175381255986236,-1.60173490796419,0.109214242396898,0.258795001574372,"RPL23AP18"
"ENSG00000225339.4",10.2260425186294,-0.0274258405075172,0.119309045690123,-0.229872264494927,0.818191028963949,0.9009429527331,"AL354740.1"
"ENSG00000225342.2",457.373097338304,-0.68346426553117,0.234947178330467,-2.90901244436245,0.00362572427392415,0.026902437765045,"LRRK2-DT"
"ENSG00000225345.3",22.5551471700912,-0.456668037019152,0.18092523193183,-2.52407048007112,0.011600466835605,0.0591990101713361,"SNX18P3"
"ENSG00000225349.2",1.50644957564656,-0.120244026688432,0.582402640243471,-0.20646202194098,0.836430027728136,0.910934409982102,"ANKRD49P2"
"ENSG00000225350.1",0.451926406525684,-0.926402852526701,0.697530587371596,-1.32811789088351,0.184139163961159,0.361705421308565,"FREM2-AS1"
"ENSG00000225356.3",3.48378265030144,-0.193501079714765,0.191723355446036,-1.00927234068376,0.312844041326915,0.506961142268045,"AC093840.1"
"ENSG00000225361.4",88.356411387935,-0.107976731498872,0.101832967643669,-1.06033177660795,0.288993687662556,0.481425939617515,"PPP1R26-AS1"
"ENSG00000225362.10",4.67064482496332,0.118568755469766,0.208244591442543,0.569372556801702,0.569103336660828,0.730535062748649,"CT62"
"ENSG00000225364.1",2.205703871374,-1.28603403400107,0.465174288143552,-2.76462837001042,0.0056987679329779,0.0366661053664663,"ATP6V0E1P1"
"ENSG00000225370.1",4.2142886243681,-0.213532401025358,0.179413529696423,-1.19016888741148,0.233980019039738,0.420944771089399,"AC243962.1"
"ENSG00000225377.6",256.502247546621,-0.0517698197056192,0.0800883661070317,-0.646408738523058,0.518014682638201,0.691646620641429,"NRSN2-AS1"
"ENSG00000225380.4",5.71143722361136,-0.597254652243991,0.27604694152485,-2.16359815089719,0.0304952035797006,0.11187623281311,"IGKV1OR9-2"
"ENSG00000225383.8",1094.66443531363,-0.502895139175515,0.214379436283038,-2.34581799399621,0.0189853758059135,0.0824308968057223,"SFTA1P"
"ENSG00000225385.3",3.01489344129425,0.0575629168219935,0.260906314245509,0.220626767843678,0.825383056879456,0.904407057201704,"AL353572.1"
"ENSG00000225398.3",10.1981898154427,0.0401867576019915,0.237774696514039,0.169011918388123,0.865787266746019,0.928369650060657,"PGM5P4"
"ENSG00000225399.4",8.01636512578382,-0.115193334904094,0.165612824884199,-0.695558058288301,0.486705640042523,0.665539527413469,"AC121247.1"
"ENSG00000225400.1",4.84896114490415,-0.54154886270905,0.136646292493946,-3.96314347667386,7.39692960332417e-05,0.00177809369879763,"RAB28P5"
"ENSG00000225405.3",3.42227900281757,0.113080843840745,0.171118599477158,0.660833154234879,0.508719318303069,0.683965415456814,"RPS15AP17"
"ENSG00000225407.3",2.13394618435942,-0.115940697561688,0.258827943299013,-0.447945056024136,0.654192850256911,0.793675481510216,"AC025188.1"
"ENSG00000225408.1",4.1786779053498,-0.382567079850343,0.24659048247872,-1.55142678664963,0.12079944003341,0.275918187911284,"AL136980.1"
"ENSG00000225411.3",5.28066345238588,-0.140806660589819,0.19620753898941,-0.717641438830844,0.472978399979503,0.653505555715371,"CR786580.1"
"ENSG00000225418.1",1.30133826967335,0.266103809488575,0.331472249139165,0.802793628062827,0.422094025704433,0.609797196692457,"AKR1C5P"
"ENSG00000225419.1",4.42148591532848,-0.214949885583184,0.138606086835091,-1.55079686968527,0.120950371025595,0.276077144524654,"RPL21P3"
"ENSG00000225422.4",38.5100869560979,-0.450820236109795,0.130469881616817,-3.45535866610065,0.000549561229873407,0.00718356577392043,"RBMS1P1"
"ENSG00000225423.1",4.40812675872346,-1.46362580046698,0.253614675132398,-5.77106115686287,7.87738764661615e-09,1.97189373623151e-06,"TNPO1P1"
"ENSG00000225431.1",144.984343415052,-0.0178008059756181,0.197221597866554,-0.0902578934973576,0.928082279650511,0.962154927334012,"LINC01671"
"ENSG00000225434.3",154.074423936903,-0.268244684802445,0.14429094598419,-1.85905416984262,0.0630194605137394,0.181355942508767,"LINC01504"
"ENSG00000225439.3",119.277669633242,-0.1925726145754,0.11389096024552,-1.69085074144833,0.0908653132072301,0.230104120530031,"BOLA3-AS1"
"ENSG00000225442.2",4.3579614509371,-0.577529071707559,0.255521389682326,-2.26019853925171,0.0238089314880176,0.0954105387615034,"MPRIP-AS1"
"ENSG00000225447.1",13.5462799548818,-0.260018377532285,0.168494617299371,-1.54318506846008,0.122785879089471,0.278867409970565,"RPS15AP10"
"ENSG00000225449.3",4.43323902079188,0.433635947715006,0.229848183980792,1.88661898564856,0.0592115912868879,0.174038272156296,"RAB6C-AS1"
"ENSG00000225450.1",4.15834470647897,-0.42530627972183,0.175563240152993,-2.4225246660474,0.0154130793680804,0.071658228510646,"AL021707.1"
"ENSG00000225460.1",4.37272112240117,-0.744744706180403,0.308550298791875,-2.41368979092369,0.015791900966634,0.0728452409858181,"AL590233.1"
"ENSG00000225465.9",25.8140182760924,-0.0631540491633403,0.202164074736433,-0.312390068540497,0.754744097146456,0.861009293664232,"RFPL1S"
"ENSG00000225470.8",92.7282078098206,-0.408734672570756,0.122313412027304,-3.34169953888224,0.000832671424435403,0.00968966435991887,"JPX"
"ENSG00000225472.2",17.0192990756531,-0.292933393667504,0.192582748102737,-1.52107806412251,0.128240248492663,0.287295780436459,"AL136366.1"
"ENSG00000225473.1",90.8221274824175,-0.747200042361394,0.295784126621173,-2.52616680582854,0.0115314714930387,0.0589511943500916,"ATP13A4-AS1"
"ENSG00000225478.2",0.67256723648073,-0.486675320832729,0.750865420712532,-0.648152528279834,0.516886302350818,0.690751642281772,"AL031737.1"
"ENSG00000225479.1",1.86894194157491,-1.60322140825215,1.19234649262756,-1.34459355410955,0.178756526099459,0.354785336387926,"PLCB1-IT1"
"ENSG00000225484.7",552.682473554579,-0.321734885179333,0.0976448438895489,-3.29495006969609,0.000984391689081909,0.010896419969732,"NUTM2B-AS1"
"ENSG00000225489.7",70.3518668531018,0.00685900113415547,0.178407266318692,0.0384457498603398,0.969332284811327,0.984592237185329,"AL354707.1"
"ENSG00000225492.6",277.300861849601,0.0175452956276909,0.14221771947825,0.123369265743107,0.90181469351008,0.947820708748654,"GBP1P1"
"ENSG00000225493.1",3.41734852650821,-0.830513894444116,0.260953594728971,-3.18261143444564,0.00145953340056748,0.0142865373248158,"LINC01107"
"ENSG00000225496.1",1.80923050175565,-1.082556002156,0.417230872437439,-2.59462104477498,0.00946952627744988,0.0517173455306986,"RTRAFP1"
"ENSG00000225497.5",0.850205358176283,-1.85903911831347,0.810751501117399,-2.2929826411068,0.0218490043620377,0.0901051532547158,"KCNMA1-AS2"
"ENSG00000225498.1",4.03477663729906,-0.18279167666536,0.260522523700694,-0.701634830143761,0.482906924578324,0.662419708793186,"AC002064.1"
"ENSG00000225505.1",2.17933459306626,-0.97629026429394,0.587272834205118,-1.66241346003236,0.0964299019305513,0.239060374799244,"AC104332.1"
"ENSG00000225506.2",13.8819605725367,0.0451232301110013,0.155236181447304,0.290674697678768,0.77130012474913,0.872007706252351,"CYP4A22-AS1"
"ENSG00000225507.1",115.003508618525,-0.219131348329096,0.0917574544156219,-2.38815853953974,0.016933035377725,0.0763684024425085,"AC069282.1"
"ENSG00000225511.7",23.6083540165744,-0.207654005812007,0.155639730736904,-1.33419664007919,0.182139420398611,0.359112147538254,"LINC00475"
"ENSG00000225518.3",38.7504625819708,0.0589164467184115,0.132727907527945,0.443888913912147,0.657122900065954,0.795828056122527,"LINC01703"
"ENSG00000225521.1",8.52765598317675,0.366117086183087,0.227910353760281,1.60640830985754,0.108184226249795,0.257380123233844,"SNED1-AS1"
"ENSG00000225523.2",108.075591016036,-0.205172406655484,0.264521043578015,-0.77563737039686,0.437963128705382,0.623390613253026,"IGKV6D-21"
"ENSG00000225526.5",88.4169820414125,0.404577946966245,0.139706283527258,2.89591804141944,0.00378051121635245,0.0276443136231105,"MKRN2OS"
"ENSG00000225527.1",5.29108825570828,-0.503891740264005,0.215210257752221,-2.34139276411329,0.0192119441713725,0.0830248257135909,"AL450384.1"
"ENSG00000225528.3",11.1143095826703,-0.191644563296348,0.135121721145378,-1.41831055489706,0.15610011647537,0.325466005624656,"Z82206.1"
"ENSG00000225530.1",26.9306568041093,1.18884481222183,0.356190465575114,3.3376660161363,0.00084485233972858,0.00979065815981544,"SP3P"
"ENSG00000225532.1",0.818747498662291,-1.29702214581378,0.63650640733353,-2.0377204861885,0.0415778942212377,0.138038774661714,"AL731684.1"
"ENSG00000225535.7",14.7697986309939,0.271089981411225,0.173749715166086,1.56023266658073,0.118704908659437,0.272964785356962,"LINC01393"
"ENSG00000225536.2",2.14287593555668,-0.272389638638532,0.206884136617439,-1.31662892618115,0.187963037914509,0.366127628205462,"STIP1P3"
"ENSG00000225542.2",1.41779948406774,-0.230313028701283,0.602036933859127,-0.382556311329523,0.7020487688329,0.826320782746014,"ZNF385D-AS1"
"ENSG00000225544.1",1.9426316397113,0.700575133885068,0.230015778299313,3.04576989919982,0.00232085373883699,0.0198077134811609,"AC245452.1"
"ENSG00000225546.6",9.53198226236506,-0.811615223301729,0.653387940297011,-1.24216437623993,0.214175920364556,0.397112882417974,"LINC02476"
"ENSG00000225548.7",37.6796938951391,-0.625644912107292,0.453427546361651,-1.37981231428821,0.167644440101597,0.340245448933337,"LINC01980"
"ENSG00000225552.1",0.928924574070296,-0.739133263005589,0.946164032495247,-0.781189347323137,0.434691138157762,0.62053983037579,"NAALADL2-AS1"
"ENSG00000225555.2",1.97664343494042,-0.728981016226754,0.300923923743067,-2.42247611010538,0.015415139296346,0.071658228510646,"AP000320.1"
"ENSG00000225556.1",79.0596031780107,0.248422645642355,0.155523084906887,1.59733614974965,0.110190796843754,0.260127788365533,"C2CD4D"
"ENSG00000225558.1",7.4355691795606,0.0373720529269797,0.135429489557803,0.275952106509482,0.78258485184748,0.879385528259493,"UBE2D3P2"
"ENSG00000225568.1",1.68557290010634,-0.0238571665297911,0.364279146157501,-0.0654914418830775,0.947782720096745,0.972494532628006,"AC093155.1"
"ENSG00000225569.1",1.94105101526733,-0.154201224362356,0.422217364417621,-0.365217628069493,0.714948960524451,0.835537620848797,"CCT4P2"
"ENSG00000225572.1",3.687153243989,-1.07128486095983,0.308485059054327,-3.47272851477441,0.000515196213884505,0.0068857597546595,"DOCK4-AS1"
"ENSG00000225573.4",43.3209778453135,0.127697249746381,0.164595099832406,0.775826557876903,0.437851400734223,0.623349883776863,"RPL35P5"
"ENSG00000225578.1",11.6950847500601,-0.17011443309325,0.142277024080371,-1.19565639071249,0.23183067590684,0.418496919859373,"NCBP2-AS1"
"ENSG00000225579.2",4.48275777186957,-0.336738385026726,0.215808503016677,-1.56035735533879,0.118675456445469,0.2729576491495,"EDNRB-AS1"
"ENSG00000225580.2",4.8099101025333,0.153275315005806,0.172790321560826,0.887059608554807,0.375046808803052,0.566761268867183,"PA2G4P5"
"ENSG00000225591.2",5.97039214239999,-0.231145866174074,0.16433133090336,-1.40658427643361,0.159550698235185,0.330139305895031,"BX248409.1"
"ENSG00000225602.5",3.15062413625151,-1.74935461346622,0.505867183310865,-3.45813025865173,0.000543938325207133,0.00714372333772034,"MTOR-AS1"
"ENSG00000225603.3",3.41708961861741,-0.268275182819311,0.204110389723263,-1.31436318936554,0.188724011886216,0.367111559868777,"AC244394.1"
"ENSG00000225606.1",6.00089467486239,-0.339495927105582,0.23921906516109,-1.41918423967155,0.155845309517222,0.325240261377601,"AC005281.1"
"ENSG00000225611.1",4.93371957609719,-0.00280587643822759,0.153381042361263,-0.0182935022153444,0.985404711081551,0.992898634504443,"LINC02158"
"ENSG00000225614.4",422.817758032629,0.256891608603771,0.126129931587814,2.0367220164939,0.0416779069400702,0.138211580833359,"ZNF469"
"ENSG00000225616.2",6.62325327036879,-0.275654080956404,0.159877387935651,-1.72415927302585,0.0846790941559121,0.219789551535603,"AL138785.1"
"ENSG00000225623.1",0.806849461941195,0.293184662997815,0.576067445568097,0.50894155754399,0.610793189425527,0.762386595266527,"AGBL4-IT1"
"ENSG00000225630.1",6082.29215772057,-0.41272358095412,0.141315318610373,-2.92058628188824,0.00349373439223724,0.0262981910741023,"MTND2P28"
"ENSG00000225632.1",1.35579514549211,-2.09469790939809,0.469949154225252,-4.45728626291787,8.30037288532918e-06,0.000347602911284609,"AL161644.1"
"ENSG00000225636.1",2.25174331069582,-0.772095726369518,0.327027450128423,-2.36095081946888,0.0182281478007926,0.0803118291756593,"HNRNPA3P15"
"ENSG00000225637.1",2.79628249152139,0.0691272260478083,0.225457963421254,0.306608047898705,0.759141727183542,0.864131069581567,"AP001046.1"
"ENSG00000225643.1",7.57315648977869,-0.210664441437278,0.120511741756011,-1.74808228947343,0.0804497792566418,0.212784289311875,"AL606491.1"
"ENSG00000225648.5",669.458700239974,-0.00190846843990344,0.0629964179112135,-0.0302948723623177,0.975831885959578,0.987848789201296,"SBDSP1"
"ENSG00000225649.6",7.66712559890445,0.050271742036087,0.191209300262634,0.262914732531508,0.792616300762534,0.885314674448521,"AC064875.1"
"ENSG00000225650.2",1.44988207802583,-2.28728148822158,0.467638193120291,-4.89113490273285,1.00256218629518e-06,7.50074221760121e-05,"EIF2S2P5"
"ENSG00000225652.2",2.29693313674082,-0.101589843435287,0.330159007162823,-0.307699748397857,0.758310811193842,0.863539534720091,"KCNMA1-AS3"
"ENSG00000225655.5",1.81464578063166,0.368413521160707,0.312056662588754,1.18059815837428,0.237762395583702,0.425444664955831,"BX255923.1"
"ENSG00000225658.1",1.22894671704344,-1.54674584168791,0.545311236922643,-2.83644593574978,0.00456187011668742,0.0314339803196937,"TAF13P2"
"ENSG00000225663.8",2982.50045815861,0.0989823071654072,0.0889044319892309,1.1133562742676,0.265555446502625,0.457246310167556,"MCRIP1"
"ENSG00000225670.4",27.5632950869271,-0.374557950203072,0.223111028636615,-1.67879621411778,0.0931917667079359,0.233896229853548,"CADM3-AS1"
"ENSG00000225673.3",1.15924009824527,0.541983464203555,0.617834181504187,0.877231270830687,0.38036103431471,0.571941642899582,"AC104164.1"
"ENSG00000225674.1",5.74666335258317,-0.397642539624998,0.219779424875433,-1.80928009912836,0.0704074991161662,0.194787840125854,"IPO7P2"
"ENSG00000225675.2",3.23142886975364,-0.225595767842038,0.205252137142994,-1.09911531729811,0.271717769563919,0.46371878784747,"LINC01771"
"ENSG00000225676.2",9.90401119404684,-0.845888463720985,0.337884353032081,-2.50348516032251,0.0122976837418396,0.0614985185772202,"AC002378.1"
"ENSG00000225678.2",3.44543330359149,0.0851595893163442,0.362035604363222,0.235224348903832,0.814034608431003,0.898149269875506,"AP000619.1"
"ENSG00000225680.1",6.14740074995584,-0.558464641076517,0.30119065444655,-1.85418980579832,0.0637120100185428,0.182780176608991,"AL163953.1"
"ENSG00000225683.6",14.208518753781,-0.529201635762944,0.363530556040925,-1.45572807283735,0.145467806197014,0.311190623383485,"PACRG-AS3"
"ENSG00000225684.4",28.4997745317219,0.0774125153656257,0.143311343776932,0.540170186988969,0.589079670750057,0.746052551669265,"FAM225B"
"ENSG00000225689.2",11.6982184405025,-0.0946071730702401,0.254948878568775,-0.371082915137118,0.710575775755376,0.832642992532081,"AL008633.1"
"ENSG00000225693.1",4.34146155185509,-0.129949912513859,0.177314275642851,-0.73287901971078,0.463632220346468,0.645837253611632,"LAGE3P1"
"ENSG00000225695.1",14.810788611642,-0.0498873511559016,0.141539648286905,-0.352462025727084,0.724491792600761,0.841814303949225,"HNRNPA1P35"
"ENSG00000225697.13",877.199616136624,-0.167205699201979,0.106461099153628,-1.5705802450968,0.116280181600539,0.269252753235967,"SLC26A6"
"ENSG00000225698.3",396.602012937964,-0.301962239053552,0.205344500253778,-1.47051534704054,0.141422232249737,0.305460644757395,"IGHV3-72"
"ENSG00000225703.1",2.2333784842097,-0.450346357414706,0.272699516986979,-1.65143804576746,0.0986491615530697,0.242296313949565,"AC114737.1"
"ENSG00000225706.2",25.8571444329716,0.118316079597749,0.18320768901993,0.645803024047087,0.51840692932574,0.691894668814749,"PTPRD-AS1"
"ENSG00000225711.1",3.06085068665341,-1.23463380217313,0.486070836017906,-2.5400285528088,0.0110843419331935,0.0575364447795982,"AL512326.3"
"ENSG00000225715.1",2.98993832412903,-1.40336281595795,0.40036467344004,-3.50521139615011,0.000456244859241718,0.00636353586038312,"PSMA1P1"
"ENSG00000225720.6",9.48075625873284,-0.133702821928531,0.166070366174422,-0.805097411467767,0.420763469438427,0.608567532972355,"AL031846.1"
"ENSG00000225726.1",4.38596369117844,-1.0089065557974,0.222770976128416,-4.5288958792182,5.92927062466981e-06,0.000272656363131398,"AC007000.2"
"ENSG00000225727.3",2.53898379737707,-1.1844174039089,0.417350353740701,-2.83794513001604,0.00454049872589831,0.0313296393926064,"AL139184.1"
"ENSG00000225730.1",3.07809822927008,-0.714712977578941,0.393443850910892,-1.81655648175528,0.0692850520585653,0.192852373395687,"ADGRF5-AS1"
"ENSG00000225731.1",3.16186982027488,-0.195257467398537,0.212611271245931,-0.918377780511357,0.358421119223342,0.551479541653699,"PDE9A-AS1"
"ENSG00000225733.6",5601.83163109956,0.0707853720944819,0.0530614709990357,1.33402581499801,0.182195396362395,0.359201239479672,"FGD5-AS1"
"ENSG00000225742.6",45.2778740187314,0.192782460878351,0.192347693594743,1.00226031971313,0.316217881703968,0.510242908717598,"LINC02036"
"ENSG00000225746.13",23.1711495670576,-0.869252763732341,0.271861020463642,-3.19741595264332,0.00138664813804318,0.0137890312006785,"MEG8"
"ENSG00000225751.2",4.67469345685212,-1.11416453038449,0.243561407472604,-4.57447073387359,4.77425334904926e-06,0.0002334056046254,"AC087501.1"
"ENSG00000225752.1",1.33680049389482,-0.842389142158063,0.605862798335174,-1.39039588578937,0.164408695115966,0.336157875483378,"AL023581.1"
"ENSG00000225755.2",1.33582516244572,0.102766835132016,0.409657660229104,0.250860279469796,0.80192213496746,0.89107514983885,"AL451063.1"
"ENSG00000225756.1",79.3308154793674,-0.29199779710207,0.143964484998681,-2.02826271427113,0.0425334422315117,0.140121303405276,"DBH-AS1"
"ENSG00000225760.2",6.95740940529948,1.00672433882785,0.26933729553182,3.73778290466616,0.000185650140615343,0.00341242125592828,"LINC00431"
"ENSG00000225761.1",4.1741067775505,-0.663938180298301,0.239344204477817,-2.77398895764713,0.00553735577094254,0.0359086843946221,"AL596247.1"
"ENSG00000225762.1",15.7429434175253,0.0705821871676031,0.145943951355447,0.483625299384281,0.628651816549769,0.775518931687842,"LINC01389"
"ENSG00000225764.2",9.71204290066402,-0.171827254676433,0.252468739142759,-0.680588239398911,0.496132070568709,0.673258540207224,"P3H2-AS1"
"ENSG00000225765.2",0.703363666076076,-1.88334726267776,1.30020621534767,-1.44849889228853,0.147477575553876,0.313535818832388,"LINC01831"
"ENSG00000225766.10",4.87925427538284,-0.418022840897636,0.170475970948241,-2.45209244782395,0.0142028167035356,0.0677538868764596,"DHRS4L1"
"ENSG00000225767.1",2.31454771091631,-1.39277577315528,0.327396857350947,-4.25409023295029,2.0990065285577e-05,0.000691903211438331,"FAF1-AS1"
"ENSG00000225770.1",2.57651577170969,-0.0398178143068118,0.224507553254127,-0.177356234699778,0.859228581933941,0.92457327661043,"RPS29P3"
"ENSG00000225774.2",6.20166336882611,-0.150225844324475,0.155760022872789,-0.964469839909865,0.334810422277875,0.528333662774971,"SIRPAP1"
"ENSG00000225778.5",21.8914080478075,-0.114747699948356,0.139971919283208,-0.819790859023553,0.412335342959346,0.60133516900195,"PROSER2-AS1"
"ENSG00000225779.1",1.39852983011505,-1.0274648392618,0.328076424893273,-3.1317850394037,0.00173747036817542,0.0162442013388554,"AL122001.1"
"ENSG00000225783.8",885.931973148754,-0.587941457385403,0.190365343069896,-3.088489994576,0.00201176467715805,0.0179326331867333,"MIAT"
"ENSG00000225790.2",12.9492856823648,-0.534594734275499,0.225766092893599,-2.36791418686351,0.0178886844983486,0.0793138864034518,"AC007953.1"
"ENSG00000225791.7",359.491925762856,0.0309573886790472,0.0738048268842055,0.41944937730993,0.67488774402228,0.808762423933978,"TRAM2-AS1"
"ENSG00000225792.2",37.3409900875014,0.0740057945378154,0.164619853692749,0.449555705935336,0.653030832571738,0.792843538356461,"AC004540.2"
"ENSG00000225793.3",62.0456026064998,-0.193058945802949,0.109020893832795,-1.77084354214746,0.0765867229691603,0.205695528219769,"TMEM30A-DT"
"ENSG00000225796.2",5.16836934361686,-0.662331362899292,0.214014436799707,-3.094797588441,0.00196947251700273,0.017715766276856,"MTND4P23"
"ENSG00000225798.1",3.65115777945988,-0.521401546265564,0.256509976348025,-2.03267550716289,0.0420853173920679,0.139099222866486,"AC025918.1"
"ENSG00000225802.3",3.44543863301929,-1.78459503572693,0.321435018775805,-5.55196208093199,2.82480878348964e-08,5.24004386846708e-06,"WARS1P1"
"ENSG00000225805.4",4.45092935932246,-0.353521159466419,0.176334632675008,-2.00483112196101,0.0449811041955468,0.145634143925152,"DEFB131B"
"ENSG00000225806.8",31.2067943347296,-0.392439125040099,0.130983063063563,-2.99610587706028,0.00273451470402662,0.022204926351502,"AL121917.1"
"ENSG00000225808.1",16.3083975274993,-0.122400677788535,0.126671651786782,-0.966283111193371,0.333902534661708,0.52745383784837,"DNAJC19P5"
"ENSG00000225826.2",4.35114292562428,0.267841640187075,0.268279547647976,0.998367719549478,0.318101080721242,0.511894761859088,"LINC00626"
"ENSG00000225828.1",85.9889924575557,-0.0803580858251147,0.109730328423248,-0.732323387524732,0.463971207739868,0.645912331979236,"FAM229A"
"ENSG00000225830.15",991.778863100941,0.0217463171256777,0.0698986734821465,0.311112014611152,0.755715467744876,0.861645036562677,"ERCC6"
"ENSG00000225832.1",1.23291386935069,-0.890582247848908,0.684004747138967,-1.30201179388595,0.192912353935838,0.372240118209451,"AL035090.1"
"ENSG00000225833.1",5.34235505331312,0.664067153539198,0.275188056964887,2.41313943949221,0.0158157675834431,0.0729198656911193,"GS1-594A7.3"
"ENSG00000225840.2",56.3553002104675,-0.464173085024366,0.388651253887149,-1.19431773442611,0.232353702995736,0.419011296240361,"AC010970.1"
"ENSG00000225849.2",3.48822982500336,-0.384326316976185,0.279241735916587,-1.37632118535099,0.168722216773465,0.341599900452382,"MKRN7P"
"ENSG00000225855.7",239.91024738187,-0.248873534849621,0.124472502352028,-1.99942581812783,0.0455623007750503,0.146688490446161,"RUSC1-AS1"
"ENSG00000225857.5",9.22146774896762,-0.0410558808401549,0.249256790198253,-0.164713189187344,0.869169735309748,0.930003991484632,"LINC02816"
"ENSG00000225867.1",1.79138456033824,-0.633996812402973,0.278366843024921,-2.27755865430501,0.0227528862491574,0.0925374837397015,"AL022315.1"
"ENSG00000225868.7",30.7033787489065,-0.04165409404455,0.228399579937898,-0.182373776938976,0.855289403657922,0.922570876915056,"AC016582.1"
"ENSG00000225871.2",17.9950315233512,-0.111046933558002,0.189230699256111,-0.586833605723287,0.557315464413213,0.721579830314579,"AC245100.2"
"ENSG00000225872.4",20.8827214357337,-0.416109054275491,0.197653452056459,-2.10524556968846,0.0352699374126864,0.123448488885678,"LINC01529"
"ENSG00000225873.4",14.2244314327268,0.0242515217352025,0.204589320150989,0.118537574284448,0.905641724977171,0.949882932428602,"C3orf86"
"ENSG00000225879.2",2.13273873179055,-0.634238629299857,0.36624165145212,-1.73174904270213,0.083318254541055,0.217577255868094,"AL513210.1"
"ENSG00000225880.5",26.3560486894971,-0.231178021906042,0.119289620683506,-1.93795588066622,0.0526286054436117,0.161148179990266,"LINC00115"
"ENSG00000225882.1",3.14642667140394,-0.555127973246407,0.616657911615519,-0.900220304953331,0.368003022519406,0.560626184164847,"LINC01456"
"ENSG00000225885.7",15.3369697459032,-0.478608466310623,0.183340645388765,-2.61048751789739,0.00904132713920999,0.0501604573313978,"AC023590.1"
"ENSG00000225886.3",19.1760055522207,0.0365704238338162,0.188848244454463,0.193649795048185,0.846450105317984,0.916719148900545,"AL445490.1"
"ENSG00000225889.9",92.6396123324147,-0.285727048235856,0.131411246679121,-2.17429676269295,0.0296828553910934,0.10988629562649,"AC012368.1"
"ENSG00000225891.2",18.6810436125045,-0.595078278438369,0.166314003388092,-3.57804073208291,0.000346179512045454,0.00530389070157814,"DHDDS-AS1"
"ENSG00000225893.1",3.94123726549529,-1.30076137096272,0.284641163623715,-4.56982874297927,4.88122927384559e-06,0.000237936700167118,"AL136231.1"
"ENSG00000225898.1",1.21351785810293,-1.04186304169368,0.580332794087634,-1.79528548499768,0.0726082264517227,0.198876650206269,"AC002075.1"
"ENSG00000225900.1",1.92317443472188,-1.46268946278144,0.451545566343887,-3.2392953708408,0.00119825413393199,0.0124667109003118,"HSPE1P13"
"ENSG00000225905.1",17.1287331272376,-0.241774284562584,0.13709993945121,-1.76348936061073,0.0778179901480598,0.207838712187495,"AL391244.1"
"ENSG00000225907.1",1.80293103501956,-0.0248680247182991,0.241424442412821,-0.10300541432245,0.917958673806115,0.956574482050361,"RPS27P16"
"ENSG00000225913.2",8.40421711066201,-0.0143812990342332,0.16585394550735,-0.0867106235564101,0.930901531849364,0.96348264599119,"AL138767.3"
"ENSG00000225914.3",30.40219252912,-0.22796384057678,0.159572052290481,-1.42859502841889,0.153120663918828,0.32149872354466,"TSBP1-AS1"
"ENSG00000225916.1",3.85111935732009,0.0357710777611234,0.169797570028602,0.210668961605857,0.833145596079922,0.909022623395453,"AC007879.2"
"ENSG00000225920.2",15.8401709786476,-0.529829083658479,0.154465389073071,-3.43008286087855,0.000603396954746756,0.00764708595903454,"RIMKLBP2"
"ENSG00000225921.7",2171.35890982776,0.0659527926326156,0.0529218417609512,1.24623010912064,0.212679928183946,0.395396071533845,"NOL7"
"ENSG00000225928.2",3.38067911983405,-2.01757326779207,0.384097150695086,-5.25276811905777,1.49830121239255e-07,1.9363009787685e-05,"CACYBPP1"
"ENSG00000225929.1",3.33903623224918,0.0714920235830408,0.318038063018568,0.224790777885183,0.822142040674186,0.902786205355245,"AC000036.1"
"ENSG00000225931.3",5.11303295440275,0.161204011372726,0.157840291593777,1.02131090702497,0.307107160510644,0.500686484250568,"AL139246.2"
"ENSG00000225932.3",9.86387696973537,-0.215442076260275,0.176327641163968,-1.22182815376027,0.221772619479154,0.406377666372363,"CTAGE4"
"ENSG00000225934.2",2.47386328071128,-1.14801459773294,0.308301729053592,-3.7236722650147,0.000196345779083689,0.00353922036980684,"FAM133FP"
"ENSG00000225936.1",2.84361758770534,-0.43888507720093,0.229799778424881,-1.9098585743171,0.0561514250893652,0.167964905256086,"AL731557.1"
"ENSG00000225937.3",6.2189718069906,-1.33957480233464,0.275544389406173,-4.86155717132025,1.16465932554533e-06,8.37473065342993e-05,"PCA3"
"ENSG00000225938.1",13.0581531001086,-0.138277554218073,0.162854843224802,-0.84908469088142,0.395834168387041,0.586362935177297,"AL109741.1"
"ENSG00000225950.8",47.6323205025495,0.0767770244071907,0.157445482543777,0.487641964486616,0.625803465911798,0.773696564692395,"NTF4"
"ENSG00000225951.1",2.89125005834858,-0.533810462330543,0.217266180866936,-2.45694226409528,0.0140125204765735,0.067134431452459,"ODF2-AS1"
"ENSG00000225953.3",37.3912898490488,0.585211208621272,0.177566527188439,3.29572931276754,0.000981665512566249,0.0108760698535335,"SATB2-AS1"
"ENSG00000225956.1",2.94734605456905,-0.308383390003787,0.27033902178125,-1.14072836385907,0.253982979367489,0.444483431399238,"AL050320.1"
"ENSG00000225963.8",33.3215517600185,0.00438000019094696,0.147796728272544,0.0296352987115523,0.976357913368009,0.988124046794127,"AC009950.1"
"ENSG00000225964.6",22.806660138451,-0.0943268574071684,0.163879780638473,-0.575585694828688,0.564895252489355,0.727522673613192,"NRIR"
"ENSG00000225968.7",85.0720381137705,0.255855950978368,0.122176919768149,2.09414307926486,0.0362472365171647,0.125889500017339,"ELFN1"
"ENSG00000225969.2",182.161659022546,0.161620487481063,0.161528441980064,1.00056984082723,0.317034816839647,0.510961178390289,"ABHD11-AS1"
"ENSG00000225972.1",143.894549343489,-2.33633077324003,0.26016538724504,-8.98017525690122,2.7033580443064e-19,1.45918556357607e-15,"MTND1P23"
"ENSG00000225973.4",242.132237041221,0.0717762826748281,0.0706464477169723,1.01599280635287,0.309632812169741,0.503435546111918,"PIGBOS1"
"ENSG00000225975.7",84.3420093525639,-0.193937931272932,0.106729574008602,-1.81709646154216,0.0692023444856792,0.192734955241904,"LINC01534"
"ENSG00000225976.5",1.78391201110811,-0.547722833212207,0.366349455195445,-1.49508297458775,0.134892788611799,0.296351444573514,"CKS1BP2"
"ENSG00000225978.3",37.9128651194055,0.203355669063795,0.187727476806818,1.08324935977837,0.278697756022236,0.471190554095486,"HAR1A"
"ENSG00000225982.1",3.76271845766333,-0.450037487012225,0.258985055275062,-1.73769674290376,0.0822642629461378,0.215898180686286,"AL355482.2"
"ENSG00000226002.1",19.7455696029684,0.0246989924216747,0.140964249536247,0.175214584569712,0.86091102477624,0.925432784135112,"GTF2IP14"
"ENSG00000226004.1",8.11068722993367,-0.209812441148859,0.201103207853101,-1.04330728181183,0.296805999637828,0.489477023278295,"LINC02528"
"ENSG00000226005.5",1.34629573280206,-0.114690250701756,0.322132540058945,-0.356034353687987,0.721814838106641,0.840434405997216,"LINC02660"
"ENSG00000226009.2",5.35056288508183,-0.154534816476207,0.14680261194784,-1.05267075582494,0.292491916189152,0.485043420355718,"KCNIP2-AS1"
"ENSG00000226010.1",1.48161669784075,-2.13887671970814,0.654149584919883,-3.26970584254074,0.00107659375345965,0.0115783476032628,"AL355852.1"
"ENSG00000226012.1",12.6625566839677,-0.275166652457519,0.13925005816203,-1.97606131077761,0.0481478336349979,0.1519751516843,"AP001434.1"
"ENSG00000226015.2",280.871283293805,-0.49942134646889,0.151224954137688,-3.30250618568,0.000958249744322255,0.0106828938571623,"CCT8P1"
"ENSG00000226017.2",3.08911660307605,-1.29737518431348,0.356695267115618,-3.63720885562789,0.000275608446432349,0.0045023709553838,"PRICKLE2-AS3"
"ENSG00000226025.9",30.971769503869,0.462862610030527,0.226540458528115,2.04317856968178,0.0410347643664574,0.136871953486513,"LGALS17A"
"ENSG00000226026.6",20.124341142163,-0.804861790671022,0.181005109376449,-4.4466247027154,8.72300381694454e-06,0.000361212644375043,"AC092802.1"
"ENSG00000226029.1",59.824355186958,-0.267554365853964,0.102315327116667,-2.6149979029914,0.00892280033081516,0.0496933408186399,"LINC01772"
"ENSG00000226031.5",4.15473752050345,-0.301587626416728,0.204757663581814,-1.47290031123169,0.140777918146253,0.30446402681845,"FGF13-AS1"
"ENSG00000226038.5",6.36784866712993,0.383824785986178,0.159155490512061,2.41163396092259,0.0158812165315114,0.0731405923341553,"PPIAP21"
"ENSG00000226043.2",2.24877260051991,-0.374742718371572,0.443322880565676,-0.845304257459943,0.39794098460301,0.588274422414073,"AP000561.1"
"ENSG00000226049.3",17.7454556897917,-0.0873991345790994,0.101465514536935,-0.861367874375535,0.389035463794601,0.580137852553688,"TLK2P1"
"ENSG00000226051.8",153.17983090033,-0.0809584769941483,0.171785085884377,-0.471277681513276,0.637442451455311,0.781309219688571,"ZNF503-AS1"
"ENSG00000226053.1",2.90378844194227,-0.0828923387033668,0.435061766310366,-0.190530046816922,0.848893800448173,0.918170991791073,"LINC01776"
"ENSG00000226054.2",51.2939455317908,0.0363840540279606,0.073144167778946,0.497429325300677,0.61888633009973,0.768212113450699,"MEMO1P1"
"ENSG00000226055.2",11.8780903367396,-0.143595252118528,0.119822029008163,-1.19840444455123,0.230759603025092,0.417219477762267,"PAICSP1"
"ENSG00000226056.1",1.85103005541346,-3.09980814086472,0.62030719168542,-4.99721457757456,5.81643359516316e-07,4.90244363756373e-05,"MTND4P32"
"ENSG00000226057.7",3.14112361032796,1.28381789768295,0.43905079315017,2.92407602426046,0.003454803581657,0.0260818085360786,"PHF2P2"
"ENSG00000226067.7",160.045109614041,0.202353509506343,0.107036728101599,1.89050537227063,0.0586904027628072,0.172995093331752,"LINC00623"
"ENSG00000226072.1",1.28236936342704,-1.58085928827096,0.362069000735205,-4.36618237148421,1.26436925459347e-05,0.000474573231039239,"AC016772.1"
"ENSG00000226074.5",11.8679087212639,0.299210418388775,0.172417408592187,1.73538403593855,0.0826728057935188,0.216487786950104,"PRSS44P"
"ENSG00000226080.1",2.42996398670056,-1.37864076070046,0.266495809033187,-5.17321741644639,2.30097008309469e-07,2.5706777508883e-05,"RPL6P4"
"ENSG00000226084.5",533.720993404709,-0.241743199115091,0.115291879860556,-2.09679293465834,0.0360119093128834,0.125360152316377,"AC113935.1"
"ENSG00000226085.3",6.99414079186813,0.0751650496366721,0.176812783043822,0.425110946972894,0.670755798108117,0.80589917096521,"UQCRFS1P1"
"ENSG00000226086.5",3.02109131006111,-0.130383732721446,0.150763927477032,-0.864820483940425,0.387137326412066,0.578343489555636,"EIF3LP3"
"ENSG00000226087.2",11.0494861289578,0.00219108636363063,0.209262017319068,0.0104705401950217,0.991645870282359,0.996013695336247,"AC073283.2"
"ENSG00000226088.1",5.3277021823652,-0.580683044093057,0.184737183774452,-3.14329271578602,0.00167058689187941,0.0157560479862156,"HHLA3-AS1"
"ENSG00000226091.7",20.25354130978,0.0904544999302608,0.133068198081856,0.679760462936593,0.496656144729697,0.673652693483408,"LINC00937"
"ENSG00000226097.6",2.05287624012565,-0.285646224995753,0.302169635629989,-0.945317435354527,0.344496839733568,0.537809869888852,"AC099342.1"
"ENSG00000226101.2",2.09116719183758,-0.135663050053867,0.330150598467057,-0.410912628006046,0.681136602437823,0.812856868053712,"LINC02097"
"ENSG00000226121.2",24.2805602485336,0.100433599542689,0.120770969061068,0.831603822702657,0.405632603663196,0.595236524760171,"AHCTF1P1"
"ENSG00000226124.8",102.851313144627,0.0725491636018997,0.113405657792951,0.639731429752432,0.522347218495873,0.69500863022073,"FTCDNL1"
"ENSG00000226125.2",7.31679209305881,0.316641671080917,0.187824100851897,1.68584153814528,0.0918263247290211,0.231587383328646,"LINC01907"
"ENSG00000226128.1",1.59019293495373,-2.7321076299036,0.609170551507687,-4.48496340333866,7.29264502195776e-06,0.000317377817929464,"RPL26P9"
"ENSG00000226137.5",2501.91932965124,-0.072420873637932,0.104625961107792,-0.692188371520138,0.48881904036108,0.667282156133226,"BAIAP2-DT"
"ENSG00000226141.1",1.22082871883021,-1.47937215013343,0.758474819307755,-1.95045651150769,0.0511217319181629,0.157980204008251,"AC244107.1"
"ENSG00000226144.2",1.75426919155471,-0.702747683843767,0.326914935354949,-2.14963468426659,0.0315841226374831,0.114630796521989,"RPS27AP3"
"ENSG00000226145.7",16.1294736991314,0.0553780515285031,0.310562019852189,0.178315595560784,0.858475131603965,0.924120944014835,"KRT16P6"
"ENSG00000226148.1",4.83960159845049,-1.22004679440941,0.33800437094779,-3.60955922252811,0.000306717744561735,0.00487415313990721,"SLC25A39P1"
"ENSG00000226149.6",21.1957390385159,-0.626938243077935,0.161119363066882,-3.8911415185876,9.97737158440128e-05,0.00220276281272859,"AL356124.1"
"ENSG00000226159.2",1.42734737026966,-1.26462735269742,1.06039270070786,-1.19260284595813,0.233024950744123,0.419878751156794,"LINC01375"
"ENSG00000226163.1",1.293809697288,-1.99048452906129,0.694327086965776,-2.86678219304355,0.00414668288177004,0.0294861726498725,"AL513185.1"
"ENSG00000226167.1",21.616064893508,-0.607744800674675,0.146388013628025,-4.15160220849071,3.30155757914157e-05,0.000966743680583644,"AP4B1-AS1"
"ENSG00000226172.2",2.33484813031825,-0.531555050993055,0.293956782339875,-1.80827619203719,0.0705635253736163,0.19501125258293,"AL139420.1"
"ENSG00000226174.7",24.5883818844634,0.214289597823336,0.13204353864577,1.62287075930466,0.104617035514481,0.251753882427438,"TEX22"
"ENSG00000226179.6",32.1223872227445,-0.113415305007892,0.137452688966061,-0.825122490225679,0.409302052451904,0.598767455820719,"LINC00685"
"ENSG00000226180.3",30.1034196075606,-0.321189467939605,0.136230777489197,-2.35768652179259,0.0183892144567937,0.0807380181221845,"AC010536.1"
"ENSG00000226186.1",2.53207653021935,-0.00909178508450378,0.254657390829668,-0.0357020271623884,0.971519954142245,0.985821817533002,"ELOCP21"
"ENSG00000226188.2",2.56491173897116,-0.00876558205412126,0.335815056922655,-0.0261024092679089,0.979175655400702,0.989627246222234,"HNRNPA1P3"
"ENSG00000226194.5",32.8172839267658,-0.0404423568518678,0.151591047402859,-0.266785918725073,0.789633996663714,0.883451348600823,"LINC02519"
"ENSG00000226197.3",4.91242845764683,0.373265708691985,0.208936893360458,1.7864997544882,0.0740183769443867,0.201364097369625,"AL583785.1"
"ENSG00000226200.7",251.022674848902,-0.106426230811969,0.0894083467903061,-1.19033887363532,0.233913227668753,0.420909798334006,"SGMS1-AS1"
"ENSG00000226205.1",3.16141659389744,-0.446069085179555,0.279187246954704,-1.59774162339129,0.110100491261251,0.260006785044746,"RPS3AP27"
"ENSG00000226210.3",466.749442217028,-0.31551837629009,0.106374292661824,-2.96611491738103,0.00301587776624616,0.0237282336015915,"WASH8P"
"ENSG00000226216.1",1.42561162607095,-0.405438639340029,0.517986794039735,-0.782720030713617,0.433791536901373,0.619678264741157,"RPS12P5"
"ENSG00000226221.1",51.7009245338632,-0.152350109733894,0.123234844695953,-1.23625838219519,0.216362535569374,0.400029326442507,"RPL26P19"
"ENSG00000226235.1",11.9662951453064,0.375935460291302,0.223733383570246,1.68028326525205,0.0929022154668432,0.233486333474569,"LEMD1-AS1"
"ENSG00000226237.2",26.2952394016073,0.0647929966176817,0.163283502371581,0.396812878684054,0.691505452983142,0.819494159337103,"GAS1RR"
"ENSG00000226239.2",13.6264524119301,-0.446948159444224,0.182715093872077,-2.44614798904979,0.0144391719253186,0.0685083869046076,"AL031658.1"
"ENSG00000226240.2",1.77059191184563,0.242619684588139,0.277370603992164,0.874713041310583,0.381730062398228,0.573094289656575,"LINC00381"
"ENSG00000226243.1",16.7550565646296,0.0177031183772458,0.15975078888596,0.110817095181191,0.911761388854504,0.952979999344897,"RPL37AP1"
"ENSG00000226245.1",8.32394570792533,-0.300558777801602,0.13313563219383,-2.2575382175977,0.0239744642277866,0.0958201485637094,"ZNF32-AS1"
"ENSG00000226251.6",17.2495557382195,-0.176228239246217,0.230020568735478,-0.766141220391811,0.443592278536479,0.628527800541133,"LINC02608"
"ENSG00000226252.1",11.0553072710086,-0.732535506813292,0.210898612752806,-3.47340125784467,0.000513906419914252,0.00687404035283455,"AL135960.1"
"ENSG00000226253.1",1.80299653992935,-0.21843889063908,0.316223998424226,-0.690772653965485,0.489708423163142,0.668081565824065,"MRPL35P3"
"ENSG00000226254.1",0.988724776280641,-2.07453994491079,0.924279973149126,-2.24449301637749,0.0248006977548262,0.0980279746350978,"PTP4A1P3"
"ENSG00000226259.10",31.9141854189066,0.0161587247872901,0.134377207756001,0.120248999492761,0.904285903364055,0.949159512617027,"GTF2H2B"
"ENSG00000226263.1",3.53725881961792,-0.402830968929974,0.241899902408346,-1.66527958432147,0.0958569896584786,0.238216839803338,"ISM1-AS1"
"ENSG00000226266.6",31.555255536438,-0.0297044985336944,0.111873713267481,-0.265518124554187,0.790610349400575,0.88401150475074,"AC009961.1"
"ENSG00000226268.3",14.8604242799061,0.0153662389087586,0.115223171912464,0.133360665686521,0.893908151719981,0.944040732599947,"AC135977.1"
"ENSG00000226272.5",4.55210821944646,-0.991386720028936,0.289012931698024,-3.43025038431425,0.000603024518577431,0.0076452761984,"ARHGAP26-AS1"
"ENSG00000226276.1",6.07564334417605,-0.441907362030245,0.144739832791194,-3.05311505138848,0.00226479088749798,0.019468253193157,"AC093382.1"
"ENSG00000226278.1",232.789667538158,0.428292374394081,0.460845147807871,0.929362881287486,0.352701057497667,0.546263319095173,"PSPHP1"
"ENSG00000226279.2",3.23639136331177,-0.158280046141704,0.161406822931878,-0.98062797635579,0.326776232991041,0.520319533453093,"RPL12P10"
"ENSG00000226281.4",25.9575801466765,0.107532095459298,0.143294981202181,0.750424715207411,0.452998950203242,0.63627785719599,"AL031123.1"
"ENSG00000226284.1",14.668736273232,-0.337850605004802,0.166463407072353,-2.02957881823214,0.0423993697928511,0.139790277135412,"ARPC3P1"
"ENSG00000226286.1",14.5838970586457,-0.645829268382872,0.253112517531929,-2.55155009590312,0.010724490523467,0.0562195658947861,"AL008733.1"
"ENSG00000226287.8",123.292380249004,0.142071119537603,0.111370057924421,1.2756671064499,0.202073221069744,0.382993087734219,"TMEM191A"
"ENSG00000226288.2",2.12122102950452,-0.441008325722361,0.307402633344794,-1.43462767681534,0.151393223434714,0.319170123341687,"OR52I2"
"ENSG00000226306.6",4.61117330928375,-0.793137297106255,0.251332752259888,-3.15572598467437,0.00160099189665479,0.0152727287149937,"NPY6R"
"ENSG00000226308.1",1.13338988792274,-0.296312464092873,0.360722234803017,-0.821442194309654,0.411394437776632,0.60038377315116,"AL122058.1"
"ENSG00000226310.1",10.6044043613129,-0.390768979278131,0.129963888409697,-3.00675044475642,0.00264056440400944,0.0216329754697512,"AL022157.1"
"ENSG00000226312.7",82.2128443703732,-0.8716505990459,0.176816066276258,-4.92970247219521,8.235494363767e-07,6.40617555731063e-05,"CFLAR-AS1"
"ENSG00000226314.8",28.6255218281174,-0.268736975283477,0.136830072188988,-1.96401983119837,0.0495277921657255,0.154751654623655,"ZNF192P1"
"ENSG00000226318.1",11.4441252767479,-0.572952430569114,0.197199811747808,-2.90544106249879,0.00366735909183806,0.0271009074651787,"RPS3AP38"
"ENSG00000226320.6",11.821227806062,-1.14758330674164,0.33281341410604,-3.44812816461779,0.000564486112486642,0.00733831946232634,"LINC01811"
"ENSG00000226321.5",60.8374100272886,-0.970607732644342,0.235067496054163,-4.12905973363796,3.64249771089688e-05,0.00103915746605733,"CROCC2"
"ENSG00000226327.3",3.51629321405729,-0.0911197191641128,0.177055827693421,-0.514638350802495,0.606805760669909,0.759716613642572,"RPSAP49"
"ENSG00000226328.7",333.183282126899,0.308843014359985,0.0933359159838036,3.30894073417117,0.000936496586582924,0.0105029410482875,"NUP50-DT"
"ENSG00000226329.2",44.5939804945988,-0.0833859176152514,0.145384711668821,-0.573553550838278,0.566269951485115,0.728529591779688,"AC005682.1"
"ENSG00000226330.1",19.3992719010256,0.474403026529526,0.169877436990264,2.79261940216767,0.00522831677729607,0.0345987577949748,"AL606489.1"
"ENSG00000226332.2",82.5307560407811,-0.170528835658281,0.130934938540211,-1.30239367398419,0.192781844001136,0.372052978513119,"AL354836.1"
"ENSG00000226334.1",8.54629706693833,-0.0745861958825235,0.149312640273599,-0.499530352861301,0.617405809216803,0.767288472218669,"AL359182.1"
"ENSG00000226352.2",15.3509997194945,-0.409803706147359,0.144776915886729,-2.83058734631411,0.00464626228163173,0.0317895622980611,"PSPC1-AS2"
"ENSG00000226355.2",2.17797983052178,0.126411111753877,0.271282009571772,0.465976759584689,0.641232135886007,0.784152121214062,"AL353803.1"
"ENSG00000226360.5",95.4037365536363,-0.0444119405255699,0.11169565496705,-0.397615650659565,0.690913522176967,0.819121996077122,"RPL10AP6"
"ENSG00000226363.3",43.0402992790107,-0.161790615110504,0.212167340633064,-0.762561356652507,0.445725038113502,0.630396078755855,"HAGLROS"
"ENSG00000226367.6",5.8027739824147,-0.642809338264447,0.25093306101162,-2.56167655100131,0.0104168281307543,0.0551363209788874,"ST7-AS2"
"ENSG00000226372.4",1.03252668698208,0.146944743175738,0.628580962268124,0.233772182099684,0.815161846703645,0.898856799996836,"DCAF8L1"
"ENSG00000226374.3",1.7282513450657,-0.843472388783052,0.666423202546923,-1.26567080131587,0.205630966183632,0.386931513066758,"LINC01345"
"ENSG00000226377.2",19.889192125429,0.00724124171825724,0.104602194827976,0.0692264797136031,0.944809345900057,0.971419584109527,"AC084809.1"
"ENSG00000226380.9",63.5751224036452,-0.993756048518191,0.178871669516495,-5.55569281152457,2.76512793746292e-08,5.2010962950256e-06,"AC016831.1"
"ENSG00000226383.7",76.45543390457,-0.144034432081001,0.203447396222201,-0.707968913613865,0.478964562354289,0.65885085214483,"LINC01876"
"ENSG00000226386.1",7.31347288746616,-0.0123486209388607,0.166987616792195,-0.0739493213693068,0.941050710473273,0.969231285499975,"PARD3-AS1"
"ENSG00000226393.1",6.00841617746305,-0.0557539400916993,0.142104111671499,-0.39234572058397,0.694802786010266,0.821743131603545,"IFNA20P"
"ENSG00000226394.2",1.85573085570877,-2.7076740754383,0.567485291990729,-4.77135551115311,1.8299022706619e-06,0.000117385233713192,"AC093423.1"
"ENSG00000226396.1",39.1894773622105,-0.255806457954515,0.106917017661094,-2.39257008426265,0.0167308324304673,0.0757334607896053,"AL031727.1"
"ENSG00000226403.2",4.79910373960795,-0.998619719921088,0.215088525314759,-4.64283121779608,3.43667085626343e-06,0.000183655028599644,"AL392089.1"
"ENSG00000226410.1",2.14739216602734,-0.82688945383997,0.436371472719089,-1.8949209687964,0.0581028727151652,0.171808996330513,"AC104058.1"
"ENSG00000226415.1",78.8630123601417,0.177736400159344,0.14968282205226,1.18742015765369,0.235061932794062,0.422267123104891,"TPI1P1"
"ENSG00000226416.1",4.25416322407618,-0.251891051578737,0.270251613732846,-0.932061230271657,0.351304882657717,0.544861336919937,"MRPL23-AS1"
"ENSG00000226419.8",113.539231801493,0.038685172318498,0.138896222265314,0.278518534828133,0.780614338964587,0.878392306997938,"SLC16A1-AS1"
"ENSG00000226421.1",18.2904187479764,0.763175442634684,0.254492161067627,2.99881709296296,0.00271029961622704,0.0220436260641443,"SLC25A5P5"
"ENSG00000226432.3",3.94311543751571,-0.26169300309039,0.179060999569342,-1.46147404359289,0.143885393752879,0.30894014706202,"AC010342.1"
"ENSG00000226435.10",2.97546131659147,-0.863523367464833,0.243969793934888,-3.5394683642488,0.000400933822165804,0.00581118404064697,"ANKRD18DP"
"ENSG00000226438.1",2.02081227254387,-0.941844365797307,0.513708556981158,-1.83342160257582,0.066739897450849,0.188270751214295,"AL442071.1"
"ENSG00000226439.3",3.76296231854035,-0.163569421548498,0.19871591467855,-0.823131966119037,0.4104329523938,0.599557213531769,"AC108161.1"
"ENSG00000226440.7",8.92003998875958,-0.270856569025583,0.176109705107546,-1.53799910606958,0.124048833354959,0.280780147055866,"LAMA4-AS1"
"ENSG00000226443.3",2.97131110460397,-0.685095342437932,0.242224910217408,-2.82834388016916,0.00467895164099933,0.0319591991442199,"GAPDHP32"
"ENSG00000226445.2",62.8580652592479,0.138421500396043,0.143862395573096,0.962179865312418,0.335959261396523,0.529246524621632,"BX322234.1"
"ENSG00000226450.2",15.7927920610684,-0.327857467248692,0.147560016141882,-2.22185843984627,0.0262928738344902,0.101733219745727,"CYP2D8P"
"ENSG00000226453.2",101.699431254559,-0.196660072328766,0.190880018906891,-1.03028108156619,0.302878077252171,0.495977562636198,"LINC02542"
"ENSG00000226457.1",5.60243682029843,-0.292390001533244,0.181978445101367,-1.60672876048795,0.108113881675915,0.257267919565165,"RPL22P3"
"ENSG00000226465.3",29.1589575408723,0.151638389190217,0.1531073411968,0.990405737601469,0.321975842142121,0.515808955463268,"AL390198.1"
"ENSG00000226468.2",7.7531649814425,0.199090234350034,0.330097624919612,0.603125316028909,0.546425326163584,0.713473150206455,"AC018641.1"
"ENSG00000226469.1",30.6083487133742,-0.31784312059038,0.15185649116633,-2.09304928718683,0.0363447550299865,0.126083768804141,"ADAM1B"
"ENSG00000226471.6",64.0783233763081,-0.188845174782785,0.100067825503632,-1.88717176407448,0.0591372267742863,0.173881099619917,"Z93930.2"
"ENSG00000226472.8",10.307503623082,-0.21891649692599,0.165451672727629,-1.32314465799555,0.185787275975441,0.363719615374007,"AC008013.1"
"ENSG00000226476.6",94.3977473545718,-0.310505992076634,0.285623627819148,-1.08711591701104,0.276985584286168,0.469583514494316,"LINC01748"
"ENSG00000226478.3",2.25247902710694,-0.0721855909731366,0.206997066538219,-0.348727603633979,0.72729381895914,0.843333557906334,"UPF3AP1"
"ENSG00000226479.4",2438.85961387648,0.0700886094656193,0.0560857577721309,1.24966858342861,0.211420638279271,0.393978915830728,"TMEM185B"
"ENSG00000226491.1",11.8102059558149,-0.355225172920694,0.140241576670334,-2.53295193447321,0.0113106461177779,0.0582652562592537,"FTOP1"
"ENSG00000226493.1",6.04379397322689,-1.18894027352585,0.194832701490971,-6.10236507746079,1.0451032273368e-09,4.10960939670344e-07,"RPL26P27"
"ENSG00000226496.3",12.4684936498472,0.300015029170292,0.1822597871812,1.64608460160233,0.0997463422326633,0.244001100069953,"LINC00323"
"ENSG00000226498.2",1.95747323368692,-0.184751823629196,0.304940826511463,-0.605861228038127,0.544606907548921,0.71185260779028,"RPSAP21"
"ENSG00000226499.1",5.87943279078352,0.153042646424677,0.137466102675709,1.11331188886408,0.265574502138889,0.457246310167556,"AL136380.1"
"ENSG00000226508.1",2.02403132067703,-0.0197285911572869,0.252003654700274,-0.0782869247700058,0.937599818062496,0.967539643290465,"LINC01918"
"ENSG00000226510.1",2.19432850941227,-0.28474873088025,0.328654655823469,-0.86640711103511,0.386266945700197,0.577544960961572,"UPK1A-AS1"
"ENSG00000226519.2",5.90140886094815,-0.487851811444032,0.184040694611881,-2.65078227656579,0.00803055905393966,0.0462883314720937,"LINC00390"
"ENSG00000226520.1",2.1551892589942,-0.929627137269292,0.387944123701369,-2.39629132257433,0.0165619210919654,0.0752066164817865,"KIRREL1-IT1"
"ENSG00000226523.1",1.00745173547991,-0.323904461659478,0.686087883949658,-0.472103456768295,0.636852945231973,0.780930291207874,"AC074375.1"
"ENSG00000226525.5",56.4976780643797,-0.275246912135621,0.15584728113976,-1.76613226822216,0.0773736609985632,0.207090706296741,"RPS7P10"
"ENSG00000226530.2",16.0095829675291,-0.149891147356909,0.190272698100043,-0.787770126001463,0.430831178225149,0.617014751823849,"AL158055.1"
"ENSG00000226533.1",4.14726130000255,0.0480183777713095,0.294854653108547,0.162854400515878,0.870633074535609,0.930870315539372,"BTBD9-AS1"
"ENSG00000226535.1",1.73005752528137,0.699690258311803,0.274014659763072,2.55347746327439,0.0106653180476696,0.0559975451444667,"AL445487.1"
"ENSG00000226539.1",12.3710254612098,0.75637641656674,0.323096297092179,2.34102471422304,0.0192308940588334,0.0830959319793303,"MLXP1"
"ENSG00000226540.2",2.23174380550106,0.563688701599273,0.187060063000973,3.01341019860738,0.00258329482500056,0.0213726468568818,"GAPDHP73"
"ENSG00000226545.1",2.50165635774863,-0.589664181170716,0.460571655117794,-1.28028760480257,0.200444005395272,0.38109658338329,"AL357552.1"
"ENSG00000226549.3",2.524913005086,-0.0299292557337875,0.217604705765943,-0.137539561143405,0.890604324588485,0.942015814542014,"SCDP1"
"ENSG00000226552.2",1.49027242706574,-1.90867475953257,0.570678384513272,-3.34457167351882,0.000824097332312539,0.00961004290181483,"BX284613.1"
"ENSG00000226562.4",27.7386863269679,0.0784550636409835,0.265153638592058,0.295885299019741,0.767317678347192,0.869456548287375,"CYP4F26P"
"ENSG00000226564.1",177.475086256075,0.176307469133918,0.113827763416442,1.54889689336066,0.121406507880321,0.276829454616776,"FTH1P20"
"ENSG00000226571.2",10.302450894903,-0.523010835970932,0.165131771285907,-3.16723324589911,0.00153896828646455,0.0148469635355735,"AL592429.2"
"ENSG00000226578.1",13.6606993034891,-0.159907035175964,0.137403326346275,-1.16377848650459,0.24451379274573,0.433449256302694,"AL132657.1"
"ENSG00000226580.1",10.605467807563,0.255013681933434,0.181960732997402,1.40147644897141,0.161071645335579,0.332005837553085,"RPL39P40"
"ENSG00000226581.2",8.56744075166153,-0.573176267061731,0.186382659279852,-3.07526606432367,0.002103148442093,0.0184800641695327,"LINC02848"
"ENSG00000226599.1",2.2130763245862,-1.54010907010481,0.426703705491283,-3.60931730914221,0.000307003896067448,0.00487415313990721,"AL450344.2"
"ENSG00000226604.2",2.278973687885,-1.44161406072624,0.436764081879868,-3.3006699051841,0.000964542918376375,0.0107256270479308,"PAPPA-AS2"
"ENSG00000226608.3",218.456416591283,0.0197849423609455,0.140181407906082,0.141138134196803,0.887760818429205,0.940262802314803,"FTLP3"
"ENSG00000226609.2",14.0308463137124,-0.33293023112553,0.137969681849728,-2.41306804989336,0.0158188657979855,0.0729240513725186,"AL390067.1"
"ENSG00000226622.6",2.24692541144626,-0.55149340493421,0.289599897711694,-1.90432872833138,0.0568673849846564,0.169436714542166,"AC092155.1"
"ENSG00000226624.1",8.538480643695,-0.12313654769861,0.159769860354553,-0.770711994273213,0.440877660938748,0.626227226657867,"AC005099.1"
"ENSG00000226627.2",6.1619643551753,-1.32135524672164,0.261708668301928,-5.04895483705268,4.44233732366506e-07,4.12047998679701e-05,"SHANK2-AS1"
"ENSG00000226632.1",3.1158050577427,-0.0324261750418943,0.214666054168037,-0.151054041439228,0.879933086026804,0.935782668916194,"UBE2V1P1"
"ENSG00000226636.1",3.53080141071966,-1.32293833147272,0.286306089895398,-4.62071320926515,3.8242310965591e-06,0.000198937696715222,"AC006020.1"
"ENSG00000226644.5",3.69144356453173,-0.548699258813003,0.265769623642781,-2.06456724170444,0.0389639654701393,0.132302631555059,"AL121899.1"
"ENSG00000226647.2",3.86712334880405,-1.25943406945109,0.318751016201808,-3.95115311147343,7.77755437544559e-05,0.00183151910653055,"AL365356.1"
"ENSG00000226648.2",83.5637324221649,-0.527909393613356,0.157423116390717,-3.3534426564337,0.00079812950057639,0.00936627615886139,"PLCG1-AS1"
"ENSG00000226652.3",14.2021856397408,1.0634189882892,0.244292939335077,4.35304839830262,1.3425749614366e-05,0.000493985773447645,"PSMD10P2"
"ENSG00000226658.1",2.83687413595309,-1.12543857303356,0.415706730663061,-2.70728975505992,0.00678350223563712,0.0412574241744733,"RPL23AP30"
"ENSG00000226659.1",8.76901718232673,0.110177729248291,0.144412539639676,0.762937411967103,0.445500723054036,0.630221980088382,"AC021028.1"
"ENSG00000226660.2",15.8173809853439,-0.465599704409638,0.15427042898575,-3.01807486678245,0.00254386050691881,0.0211467535223091,"TRBV2"
"ENSG00000226666.1",5.51438004206904,0.222602972607953,0.167675106390263,1.32758509834994,0.184315210074101,0.36192310757871,"HSPA9P1"
"ENSG00000226668.5",9.18566860321015,-1.0130351472018,0.361456148917399,-2.80265019764071,0.00506846096788976,0.0337556053218551,"AL136981.1"
"ENSG00000226669.2",3.90857574552885,-0.36020851277098,0.211918247920924,-1.69975222192942,0.0891775419317313,0.22736926815233,"AL354977.1"
"ENSG00000226673.2",43.2055253432118,-1.3026148083797,0.288707984431984,-4.51187663182409,6.42565604951812e-06,0.000287539471581461,"LINC01108"
"ENSG00000226674.11",68.0182988740157,-0.301855095632444,0.19176310869768,-1.57410410001398,0.115463384863867,0.268140788445663,"TEX41"
"ENSG00000226676.1",4.78992141087473,-0.321937067256645,0.236230878444513,-1.36280688357286,0.17294338113333,0.347722663693256,"LINC02679"
"ENSG00000226677.3",5.32951434059594,-0.214116493038623,0.191729795248648,-1.11676170498666,0.264096226690802,0.455714505816154,"IGBP1P1"
"ENSG00000226686.8",61.848348532161,-0.348288908235827,0.201086848658863,-1.73203225650369,0.0832678194018856,0.217515536394427,"LINC01535"
"ENSG00000226688.7",64.6462648382565,-0.302759299899724,0.0907637144658341,-3.33568653157855,0.000850890490424882,0.00984539915702726,"ENTPD1-AS1"
"ENSG00000226690.8",38.4821293790469,-0.633868343802626,0.215037467711654,-2.94771116191057,0.0032013602745318,0.0247406888625783,"AC013470.2"
"ENSG00000226696.6",128.020498694953,-0.163265063189331,0.100430063649306,-1.62565926234439,0.104022160721549,0.250848167239064,"LENG8-AS1"
"ENSG00000226701.1",4.84545093750738,-0.145080749149219,0.193747353060183,-0.748814096593893,0.453969262125685,0.63723748393416,"RPL15P14"
"ENSG00000226705.1",2.03127926015167,-0.488444430314906,0.325959125445274,-1.4984836814974,0.134007629263756,0.295249553376892,"SDCBPP1"
"ENSG00000226706.1",4.04275445873241,-0.163954908000885,0.164752946614622,-0.995156149676619,0.319660325116627,0.513384042648715,"AL161452.1"
"ENSG00000226709.1",1.65030287880708,0.550157789345398,0.417771596552339,1.31688653294187,0.187876661260669,0.366025864490558,"FGF12-AS3"
"ENSG00000226711.7",46.2435727490521,0.0293956364436228,0.11059329781588,0.265799438339943,0.790393675800986,0.883929346605382,"FAM66C"
"ENSG00000226715.4",1.06284153055817,0.302375776655161,0.362056626737553,0.835161558510424,0.403626750545805,0.593296327223432,"LINC01709"
"ENSG00000226717.2",1.06522837048903,0.48198658669625,0.372263979715014,1.29474408742214,0.195408525741377,0.375095741466823,"PTPRD-AS2"
"ENSG00000226723.2",2.7969311368063,-0.132770361075067,0.204501326894952,-0.64923960685726,0.516183514901778,0.690393575864882,"AL513175.1"
"ENSG00000226733.4",2.48509953174598,0.382010970525321,0.436788892724012,0.874589479926858,0.381797313896688,0.573136258026783,"AL138826.1"
"ENSG00000226742.4",835.261314518547,0.0705366678476793,0.0856048514837988,0.823979793493699,0.409951039421869,0.599269747113856,"HSBP1L1"
"ENSG00000226744.1",2.41077845161948,-0.448111176994433,0.287574761315544,-1.55824236780897,0.119175805057928,0.273711374019977,"AC005326.1"
"ENSG00000226745.2",1.29345153860949,-0.286263424412193,0.346342344855329,-0.826533135969176,0.408501729220604,0.597963254657658,"OAZ1P1"
"ENSG00000226746.2",4.19349429529362,-1.17560180367433,0.283320019595632,-4.14937781436061,3.33380178512387e-05,0.000975327441407109,"SMCR5"
"ENSG00000226747.6",5.03731737135847,-0.108914639203809,0.221619577747512,-0.491448636040153,0.623109172225262,0.771511535233577,"FSIP2-AS2"
"ENSG00000226752.9",1064.16162702452,-0.253017710134896,0.0847445077886462,-2.98565319142481,0.00282973364163712,0.0227122280933039,"CUTALP"
"ENSG00000226754.2",19.1618943670344,0.0387472828988209,0.112281377438954,0.345090911624124,0.73002602573657,0.845294629250779,"AL606760.1"
"ENSG00000226756.1",8.98039023853105,0.0396649303193711,0.18607834456089,0.213162527928615,0.831200194930331,0.907950202258903,"AC007365.1"
"ENSG00000226759.8",1.09767713570181,-1.63294282612992,0.810323877203733,-2.01517303397857,0.0438865219437259,0.143199617443823,"DAB1-AS1"
"ENSG00000226761.3",3.64383985429531,-0.940413628858311,0.418666225870955,-2.24621326189367,0.0246903511806039,0.097696204166371,"TAS2R46"
"ENSG00000226762.5",2.58268851230489,-0.214305067055555,0.251203431492692,-0.853113613066985,0.393596302975783,0.584426086654748,"LINC02668"
"ENSG00000226763.5",39.188995070446,-0.159619642752441,0.12003099411212,-1.32982021796255,0.183577512865945,0.360908355486636,"SRRM5"
"ENSG00000226766.1",1.15492030278096,-0.37038844922991,0.47577011153662,-0.778502979167075,0.436272551019698,0.621941510709034,"FABP7P1"
"ENSG00000226770.1",1.8589585727037,-0.319449540613491,0.272061106342058,-1.17418305361095,0.240321712309942,0.428206088730795,"AC000124.1"
"ENSG00000226771.1",1.00996007879109,-1.58853929744801,1.02519192750772,-1.54950429751217,0.121260539238891,0.276610286596808,"AP001136.1"
"ENSG00000226772.1",3.34921963426659,-0.849544908864577,0.27241130882591,-3.11861101701727,0.00181705673871764,0.0167646039351073,"AL021393.1"
"ENSG00000226777.7",270.424229649928,-0.316620602759513,0.179790682676316,-1.76105122938733,0.0782297325868759,0.208643954739635,"FAM30A"
"ENSG00000226779.1",15.3564339680223,-0.125613668566517,0.35051208486778,-0.358371862168178,0.720065045923057,0.839306990649314,"NAALADL2-AS2"
"ENSG00000226781.1",52.5110678155988,0.129231195590562,0.0889300554543916,1.45317794901004,0.146174352943202,0.312060440787329,"TBCAP1"
"ENSG00000226782.2",1.44984748703649,-1.01793683887653,0.527036513764629,-1.93143513265409,0.0534292639559544,0.162582989204423,"AC117465.1"
"ENSG00000226784.3",9.80344281662852,0.330670825512883,0.142425355507313,2.32171318326746,0.0202483846114783,0.0858873065192949,"PGAM4"
"ENSG00000226790.3",4.09101879289415,0.316543819546259,0.166410535806215,1.90218616875842,0.0571468203868349,0.169980263659331,"HNRNPA3P1"
"ENSG00000226791.7",47.6591819669224,-0.129479107446585,0.103684618510942,-1.24877835600003,0.211746152449699,0.394364771397843,"LINC02611"
"ENSG00000226797.2",4.95366247281682,-1.11475449782895,0.257146951379797,-4.33508735704392,1.457022493865e-05,0.000524532326023015,"AC005828.1"
"ENSG00000226800.5",9.19099055689662,0.00743811232154086,0.119109309151368,0.0624477832550291,0.950206243650461,0.97389691898312,"CACTIN-AS1"
"ENSG00000226801.2",3.35340720037715,-1.75034458798787,0.342569053798555,-5.10946499276362,3.23072342672941e-07,3.30704376264491e-05,"OSTCP8"
"ENSG00000226803.9",32.3428799757393,-0.597101396925965,0.124834707038814,-4.78313612527896,1.72581164753129e-06,0.000111790026310811,"ZNF451-AS1"
"ENSG00000226806.1",3.68589060305932,-0.199712947551186,0.178549475792472,-1.11853001340263,0.263340695385091,0.454965126789571,"LCT-AS1"
"ENSG00000226807.6",9.25472497580444,-0.50648683080605,0.232801377730012,-2.17561784103117,0.0295838481597697,0.109680964007039,"MROH5"
"ENSG00000226808.3",18.0964183077748,-0.0937700125799282,0.235460373424819,-0.398241161415079,0.690452427382258,0.81895445740274,"LINC00840"
"ENSG00000226812.2",5.91659771298151,-0.167334591668481,0.242490759708403,-0.690065847744889,0.490152779058273,0.668496025283155,"AL117382.1"
"ENSG00000226816.3",54.5884639001868,-0.434796096357525,0.217358691577793,-2.00036213505596,0.0454611740113798,0.146592067769673,"AC005082.1"
"ENSG00000226822.3",21.9257016201114,-0.0443402927183923,0.172750187776621,-0.256672906056274,0.797431288811551,0.888100846471554,"LINC02785"
"ENSG00000226823.1",20.2951147767894,0.0103386949519279,0.10520852845939,0.098268601446304,0.921719009895222,0.958735683985072,"SUGT1P1"
"ENSG00000226824.7",113.456241661968,-0.0933236918623656,0.101670396380195,-0.917904278777309,0.358668981373514,0.551758913079585,"AC006001.2"
"ENSG00000226827.1",1.97553338368682,-2.02953836696764,0.592935994451783,-3.42286247749913,0.000619654186364989,0.00780853399948886,"NPM1P11"
"ENSG00000226828.2",2.36161081299446,-0.84615273645004,0.231630508323874,-3.65302801678835,0.000259165941180059,0.00433067067598336,"LINC02774"
"ENSG00000226833.6",50.7576719429408,-0.302276520668201,0.113047589616364,-2.67388735747485,0.0074977630894031,0.0441185978323608,"AC092164.1"
"ENSG00000226835.3",3.78318460592069,-0.39840812083715,0.232164235745886,-1.71606156114943,0.0861507756388364,0.22241142783373,"ARHGAP29-AS1"
"ENSG00000226846.2",1.27518059131101,-0.300831371351306,0.48580910924073,-0.619237815078178,0.535759703574366,0.704548240751328,"LINC00348"
"ENSG00000226849.1",7.97666637947916,-0.24018917046426,0.134524353886537,-1.7854697943158,0.0741851465661896,0.201541101830226,"AL109811.1"
"ENSG00000226851.1",9.49572363912925,-0.324765084203331,0.162424886727225,-1.99947859436552,0.0455565956486971,0.146688490446161,"AC004112.1"
"ENSG00000226853.3",27.0203053247045,0.177196968843213,0.127943118047308,1.38496678483085,0.166062623986074,0.338148192071459,"AC010894.1"
"ENSG00000226855.1",7.03905622288355,0.112809830569255,0.153015508344013,0.737244425680259,0.460973721540459,0.643299581307227,"RPSAP17"
"ENSG00000226856.7",17.3939802060182,0.0826722592962399,0.14936915653589,0.553476107206748,0.579937436853128,0.738773946246459,"THORLNC"
"ENSG00000226862.1",8.65187427319704,-0.119315045241439,0.165911328422268,-0.719149478074004,0.472048824362975,0.652735868651266,"AC104463.2"
"ENSG00000226864.2",21.516272373746,0.281079249152778,0.144915961818806,1.93960172243981,0.0524281113903326,0.160743941984336,"ATE1-AS1"
"ENSG00000226869.6",8.52520337098393,-1.0027180828705,0.309328539840265,-3.24159575895678,0.00118862493395399,0.0124090266763542,"LHFPL3-AS1"
"ENSG00000226874.1",9.5232455688479,-0.34404686869465,0.200243844151391,-1.71813955206802,0.0857711640335999,0.22165484469228,"AC005154.1"
"ENSG00000226876.3",4.93027104246447,-0.582440048754131,0.321963369327163,-1.80902582169925,0.0704469918755336,0.194819761452161,"SMYD3-AS1"
"ENSG00000226878.2",2.057921909461,-1.02185995714822,0.45942147290847,-2.22423203399508,0.0261328368224265,0.101247018367282,"GSTM3P2"
"ENSG00000226883.1",3.70923425705049,-0.641262762212699,0.215906171260399,-2.97009927261083,0.00297703527711014,0.0235091165751489,"AL035416.1"
"ENSG00000226886.1",2.79469645347927,-0.0863696925493128,0.472259918325812,-0.182885926155872,0.854887525952374,0.922306110789082,"AC093787.1"
"ENSG00000226887.8",200.510657428073,0.403113630943857,0.173518786779442,2.32316994848662,0.0201700244796266,0.0857078015316158,"ERVMER34-1"
"ENSG00000226890.1",1.36294378334294,-1.35057824326074,0.510226703139895,-2.6470159929878,0.00812055124460812,0.0465892663427086,"Z97652.1"
"ENSG00000226891.9",40.3075691692774,-0.662635700532774,0.18150289904087,-3.65082708890266,0.000261397182393009,0.00434700119550972,"LINC01359"
"ENSG00000226899.1",2.50480162425619,-1.20648500249377,0.332669345407684,-3.6266792211204,0.000287089579799598,0.00463862768074504,"AL731577.1"
"ENSG00000226900.2",10.6829052075406,-0.183010798719086,0.221084766796873,-0.827785656020489,0.407791899482789,0.597299415287307,"AL451069.1"
"ENSG00000226903.2",0.419248463155984,0.419669324676617,0.803454781045457,0.522330981876221,0.601439901337123,0.755413235568599,"LINC00354"
"ENSG00000226913.2",5.34578533801256,-0.197320316742353,0.184517359114914,-1.0693861959051,0.28489568486218,0.477474555052432,"BSN-DT"
"ENSG00000226917.6",3.45528463528152,-0.526603979630581,0.236735201436211,-2.22444307579021,0.0261186484033953,0.101230286530179,"LINC01276"
"ENSG00000226919.4",2.40534328760954,-0.230369833131311,0.382805573295732,-0.601793310238305,0.547311728708148,0.714070435922892,"AL365184.1"
"ENSG00000226935.6",1.81294409030393,-1.25588883294252,0.314473585537296,-3.9936226465468,6.5071395334778e-05,0.00160833108008965,"LINC00161"
"ENSG00000226937.9",5.02174344591627,-0.134507766403095,0.184935108307237,-0.727324128091643,0.467027420807691,0.648621054603307,"CEP164P1"
"ENSG00000226942.2",14.4794668143369,0.0175805476835235,0.155947901154949,0.112733467737123,0.910241866956243,0.952218810315884,"IL9RP3"
"ENSG00000226943.3",13.9993676461206,0.482334189920475,0.219315081738924,2.19927506168797,0.0278583698421671,0.105384468487134,"ALG1L5P"
"ENSG00000226944.1",14.551666145454,0.118336001628093,0.149611504986556,0.790955225259758,0.428970120074737,0.615776407004191,"RNF207-AS1"
"ENSG00000226945.1",13.2037572280036,-0.207673039555999,0.129413750307557,-1.60472159304908,0.108555087731879,0.257875457428287,"AC098935.1"
"ENSG00000226948.2",8.19674819239392,-0.446871794689766,0.167391719265548,-2.66961709127829,0.00759377908346014,0.0444322824298135,"RPS4XP2"
"ENSG00000226950.8",850.189637257399,0.0242898258678407,0.0980235680300784,0.247795773567306,0.804292425174798,0.892311598264562,"DANCR"
"ENSG00000226952.1",1.26040469419242,0.0749558804792782,0.383619262328978,0.195391336775469,0.845086598161967,0.915838290179563,"AC093019.1"
"ENSG00000226953.8",32.0468754537903,-0.516164978630284,0.260203763743881,-1.98369528251077,0.0472898197920455,0.150222128610699,"NCKAP5-AS2"
"ENSG00000226954.1",1.18263704874757,0.814450518858329,0.269409987463623,3.02308955405114,0.00250208187319742,0.0209143388913788,"AL023802.1"
"ENSG00000226957.1",3.92457143909658,-0.0435873934486821,0.236132117560069,-0.184589008471472,0.853551407760345,0.921647733361411,"AL358075.1"
"ENSG00000226964.1",8.95479729282413,-0.133908235645845,0.140184243003056,-0.955230293913456,0.339461249224797,0.532879979896497,"RHEBP2"
"ENSG00000226965.2",1.72146176814445,-0.816352770190622,0.318195183283577,-2.56557236902949,0.01030057314387,0.05473854456167,"AC073114.1"
"ENSG00000226970.2",3.98574611941514,0.265796792655956,0.185217667747946,1.43505096402394,0.151272575382681,0.318986607067732,"NEDD8P1"
"ENSG00000226972.2",3.06198592809211,-0.0649118158759804,0.18516882732998,-0.350554771080904,0.725922393102611,0.842531280856403,"RPL12P19"
"ENSG00000226976.3",48.129597788903,-0.0687085140892014,0.130711487323567,-0.52565015895748,0.599131299350976,0.753703228674447,"COX6A1P2"
"ENSG00000226979.9",48.4028055364594,-0.225851303855394,0.137656473667527,-1.64068785025598,0.100862228265308,0.245593956383888,"LTA"
"ENSG00000226981.2",7.43656009465789,-0.916253904932488,0.253180566691965,-3.61897406623337,0.000295773274070037,0.0047456287294524,"ABHD17AP6"
"ENSG00000226982.4",4.98477821647613,-0.316313768637127,0.219517166680267,-1.44095231102289,0.149598155993463,0.316612289753715,"CENPCP1"
"ENSG00000226984.1",2.83206153236552,-0.988667082727582,0.479662910201423,-2.06117058813744,0.0392867684324073,0.133059448771123,"AL035410.1"
"ENSG00000226985.7",3.53934740571209,0.302994186601332,0.193557703658176,1.56539461294923,0.117490410779304,0.271074722527747,"LINC01203"
"ENSG00000226986.4",14.8911057463968,0.309606806594104,0.133510536164277,2.31896909029824,0.0203967123680279,0.0863404634289577,"PRELID1P5"
"ENSG00000226989.1",1.64499615031536,-0.826569859106209,0.388162477646616,-2.12944296964922,0.0332176285599895,0.118495072071974,"AL049758.1"
"ENSG00000226991.2",1.53395190914314,-0.936059608075036,0.351871104979774,-2.66023437226777,0.00780862934440803,0.0453388030630235,"AC140479.1"
"ENSG00000226999.1",3.064318569809,0.21367359460191,0.298486628741739,0.715856504201358,0.474079958298733,0.654430054384265,"AC073325.2"
"ENSG00000227001.3",18.8224545837239,-0.180804210721759,0.116047796443393,-1.55801502710957,0.119229685949687,0.273797239145153,"NBPF2P"
"ENSG00000227002.2",2.13926018992757,-2.51734890513259,0.514726350509218,-4.89065481617987,1.00501075656208e-06,7.50220249287473e-05,"SNRPEP10"
"ENSG00000227006.2",18.1121737672465,-0.380691303364115,0.181505620853592,-2.09740779141596,0.0359574919615798,0.12522309412938,"AL136988.2"
"ENSG00000227008.2",41.755478966439,-0.0490429620677651,0.146702924364376,-0.334301189156624,0.738152293193079,0.850547107156423,"AL009174.1"
"ENSG00000227012.3",2.80727564200296,-0.338046190337133,0.583254311620103,-0.579586268977839,0.562193654872875,0.725835240690372,"LINC02527"
"ENSG00000227014.6",27.037546076488,-0.0798857891993418,0.133232608960323,-0.59959637376111,0.548775264454013,0.715036931675386,"FKBP14-AS1"
"ENSG00000227017.1",8.67097119576924,-0.741881668367161,0.18446185221199,-4.02187042725,5.77378184772633e-05,0.00147012897847441,"AC007036.1"
"ENSG00000227018.1",1.93077121969157,0.250883916720409,0.285567758808241,0.878544264826751,0.379648427036984,0.571298862926526,"IL6STP1"
"ENSG00000227028.6",18.2884624312881,-0.725370316126791,0.240683920369138,-3.01378802129485,0.00258008009329794,0.0213678125736737,"SLC8A1-AS1"
"ENSG00000227033.1",1.1618301469428,-2.01024923128546,0.767431618248109,-2.61945062398452,0.00880715214465025,0.0493215334485855,"AC019130.1"
"ENSG00000227034.1",4.45761107395501,-0.112177453065109,0.162043453473734,-0.692267726096641,0.488769213962694,0.667265077314142,"AL445433.1"
"ENSG00000227036.8",1214.34317592857,0.155708017478697,0.150467308915282,1.03482954936321,0.300748520430793,0.493704476638351,"LINC00511"
"ENSG00000227038.3",36.9760903663546,0.525460628334345,0.186325945406001,2.82011518680007,0.00480064137204617,0.0324919197396896,"GTF2IP7"
"ENSG00000227039.6",206.946547878112,-0.260458549275462,0.1544281915284,-1.68659975032837,0.0916803400128632,0.231404971942909,"ITGB2-AS1"
"ENSG00000227047.1",0.419734112694831,0.0623382011425317,1.00082329485677,0.0622869206411237,0.950334344068708,0.973972027615191,"AC012065.1"
"ENSG00000227051.7",1092.14214003782,-0.0777154387440087,0.161806775057964,-0.480297804070124,0.631015650101732,0.776969657799332,"C14orf132"
"ENSG00000227053.1",4.05996418057798,0.100550085132807,0.223684164753588,0.449518119637899,0.653057939964421,0.792844080793949,"MUC12-AS1"
"ENSG00000227056.2",1.81327075444031,-1.13324504308184,0.328212616813392,-3.45277720912893,0.000554847052497307,0.00723844941958967,"RPL6P2"
"ENSG00000227057.10",2352.75006546439,0.0683842732631264,0.0667458299280451,1.02454750112251,0.30557674670236,0.498804095178194,"WDR46"
"ENSG00000227060.7",12.2623547893326,0.243001795722409,0.199148331344417,1.22020503050136,0.222387160358804,0.407044287089355,"LINC00629"
"ENSG00000227063.5",691.974776500135,0.104392397641587,0.129691214781516,0.804930371092993,0.420859861178368,0.608621638355113,"RPL41P1"
"ENSG00000227064.1",1.97489820793877,-2.18501951641464,0.639714551303555,-3.41561640572689,0.000636378233528557,0.00795842233979372,"Z82205.1"
"ENSG00000227066.2",486.17552000274,0.336589935318875,0.255626055496463,1.31672780642477,0.187929879479133,0.366105879315318,"Z98257.1"
"ENSG00000227068.1",2.40889822340316,-1.12950185439649,0.455255673381939,-2.48102752021914,0.0131004258276088,0.0642250739329377,"AL162584.1"
"ENSG00000227070.1",7.23192173568847,-0.223175289283852,0.173378494832764,-1.28721436588269,0.198019581386549,0.378410396229042,"EPS15-AS1"
"ENSG00000227071.1",3.11145923897992,-0.15181057025218,0.213182029637415,-0.712117107198874,0.476392261654687,0.656587496575157,"FOCAD-AS1"
"ENSG00000227072.1",1.2915541911951,-1.9717956629227,0.636714411142886,-3.09682901535616,0.00195602662190567,0.0176195872086325,"AL353706.1"
"ENSG00000227073.1",2.10591679995742,-0.468604974022078,0.289755106707223,-1.61724491881197,0.105825423764242,0.253543885534177,"SDHDP2"
"ENSG00000227076.1",32.0063056419317,-0.203371840298703,0.156565925525521,-1.2989533936971,0.193959924142397,0.373458796370311,"AL158166.1"
"ENSG00000227077.3",30.2398420792517,0.282539533816569,0.116868764286348,2.41757954353226,0.0156241186993607,0.0723066143811251,"AC107983.1"
"ENSG00000227081.5",344.708811815627,0.183716930293004,0.130082236380279,1.41231374402213,0.157857601312751,0.327880265268593,"AC005912.1"
"ENSG00000227082.3",15.3912265596002,-0.125741175234809,0.152433074444164,-0.824894306523142,0.409431598996643,0.598777983847176,"LINC02798"
"ENSG00000227088.2",2.01505866856781,-0.197019516419148,0.470945084121893,-0.418349236591997,0.675691795799868,0.809434619946928,"AC012494.1"
"ENSG00000227089.2",0.724639553267849,-1.45423645167854,1.01987881619941,-1.42589141825474,0.15389968695011,0.3225750615481,"AL031767.1"
"ENSG00000227094.1",1.07424964445992,-0.588852467681711,0.566135267354402,-1.04012680650239,0.298280991005298,0.49110672239451,"AL512785.1"
"ENSG00000227097.5",2245.90355525433,0.329325650847459,0.190731061579907,1.72664928365372,0.084230669151214,0.219102403941821,"RPS28P7"
"ENSG00000227107.1",9.26863668107395,-0.303929790726667,0.166509352656782,-1.82530161746015,0.067955526240119,0.19031751431274,"AC104667.1"
"ENSG00000227110.7",42.9516958306883,-0.135117183405635,0.124650663150645,-1.08396682368501,0.278379508947749,0.471035220136075,"LMCD1-AS1"
"ENSG00000227113.2",5.11554648559507,-0.375701817425326,0.203045424401187,-1.85033382817333,0.0642654498756898,0.183703067116969,"AC073210.1"
"ENSG00000227115.8",1.70660611722402,-0.122059686688886,0.30805240906397,-0.396230261791393,0.691935168670154,0.819748309160957,"LINC01630"
"ENSG00000227117.6",24.2334047648753,-0.0522719434492779,0.248664151858194,-0.210211013765616,0.833502983869117,0.909233775948706,"HORMAD2-AS1"
"ENSG00000227121.2",5.29956484651079,0.578477893072448,0.534411207010216,1.08245838688295,0.279048896406025,0.471575330806117,"LINC02672"
"ENSG00000227123.1",3.46061229185722,-0.389695366764934,0.236476741115898,-1.64792260298421,0.0993685544901383,0.24343467878147,"RPL12P44"
"ENSG00000227124.11",258.201264906845,-0.135186021861021,0.102282171897915,-1.32169682509232,0.18626912631736,0.364277374441017,"ZNF717"
"ENSG00000227128.5",7.17294319600259,0.0306892617635331,0.179477804244852,0.170991961332809,0.864230086435297,0.927736256777273,"LBX1-AS1"
"ENSG00000227141.2",8.42424209236626,0.423081679176885,0.210052631866286,2.01416985551606,0.0439917033945025,0.143368693559044,"AL160286.1"
"ENSG00000227145.2",6.69523867305037,-0.541285099212951,0.201218819852692,-2.69003217298071,0.00714451307263694,0.0427883595689283,"IL21-AS1"
"ENSG00000227155.7",36.9306534737864,-0.754836852728321,0.168050223894507,-4.49173369267374,7.06457259296235e-06,0.00030947475702302,"AL161725.1"
"ENSG00000227158.1",2.4026623689983,-0.164807835435825,0.240123794075834,-0.686345291478183,0.492495394655939,0.670290621138099,"AC073621.1"
"ENSG00000227165.9",12.9243652350985,-0.478786673714021,0.191897650894468,-2.49501060321642,0.0125953366383917,0.0624849564449376,"WDR11-AS1"
"ENSG00000227170.1",4.10272732889136,-1.29604333482607,0.598103898332384,-2.16692005927341,0.0302409501419341,0.111249939566344,"AF178030.1"
"ENSG00000227176.1",7.44950317129464,-0.63490076011624,0.203622612411532,-3.11802678787498,0.00182066254591279,0.0167839796050147,"NSA2P5"
"ENSG00000227183.3",11.3419831941806,0.410795138619943,0.243501063601634,1.68703632150043,0.0915963680865403,0.231308300147398,"HDGFP1"
"ENSG00000227188.1",3.44223519342781,0.206632716245221,0.262426062754518,0.787394034252275,0.431051237954393,0.617219422742722,"MGAT3-AS1"
"ENSG00000227189.2",11.097540355312,-0.303208721383457,0.230010848117124,-1.31823661303601,0.187424452626839,0.365527637590379,"AC092535.2"
"ENSG00000227191.8",128.916001547562,0.0518689798585627,0.171936005341541,0.301676078582424,0.762899005691315,0.866479899490318,"TRGC2"
"ENSG00000227192.1",3.79270916594571,0.164701541898508,0.157310140517395,1.04698617239043,0.295105955707056,0.487663800236016,"AL023581.2"
"ENSG00000227195.11",135.419529026882,-0.0310041428905095,0.263062545837633,-0.117858446141724,0.90617981887492,0.950188803810989,"MIR663AHG"
"ENSG00000227197.1",1.47674586092937,-0.336112186603585,0.439490533296605,-0.764776852148368,0.444404433872432,0.629200606783395,"AC009365.3"
"ENSG00000227199.1",30.4721623470757,0.268252610587301,0.1239668984345,2.16390515512524,0.0304716292222293,0.111826714252169,"ST7-AS1"
"ENSG00000227200.1",6.65170241291434,-0.868832190403034,0.274984316809514,-3.15956997287554,0.00158002154755907,0.0151333881999092,"AL162724.1"
"ENSG00000227201.2",17.2837071676201,0.0214655696559633,0.170249168861262,0.126083256673375,0.899666020934666,0.946608331805127,"CNN2P1"
"ENSG00000227210.2",28.7999925647039,0.0444008763127961,0.130908502268124,0.339174885843971,0.734477987310095,0.848261252028343,"AC079145.1"
"ENSG00000227213.1",2.49026977708937,-1.3636935908337,0.372923876633797,-3.6567612756338,0.000255422051086441,0.00429049765228097,"SPATA13-AS1"
"ENSG00000227214.2",19.2606182052396,0.21635361843215,0.130968821320841,1.65194751124879,0.0985452514378153,0.242130410045696,"HCG15"
"ENSG00000227215.1",2.12064117789246,-1.00791398726416,0.379820002228581,-2.6536622119695,0.00796234896675644,0.0460021286238464,"AL355613.1"
"ENSG00000227218.7",33.9247653346024,-0.00667905463032945,0.139934687178777,-0.0477297999873074,0.961931584205898,0.980875596721806,"AL157935.1"
"ENSG00000227227.1",2.04700639061817,-1.35699110507171,0.46921713239571,-2.89203230526396,0.00382758587704391,0.0278722258539858,"AC017101.1"
"ENSG00000227230.1",3.85020910714562,-0.415793322039727,0.187422409108875,-2.21848243236586,0.0265219561057265,0.102270858304788,"AL606534.1"
"ENSG00000227232.5",41.2619315509771,-0.226401551191711,0.126546868959305,-1.78907272106841,0.073603104722847,0.200628760348996,"WASH7P"
"ENSG00000227234.2",4.15629468622881,0.0473908189352953,0.532675226578956,0.0889675670476686,0.929107685624091,0.962678394668332,"SPANXB1"
"ENSG00000227240.2",4.1885362047719,-0.613048537016678,0.233461182144991,-2.62591207405069,0.00864171370094808,0.0486405028310506,"AL136456.1"
"ENSG00000227242.4",7.68452486436827,-0.409281165398831,0.185140071742691,-2.21065683699018,0.0270596096458513,0.103506319899073,"AC244394.2"
"ENSG00000227243.3",2.59225712648217,0.201536870627477,0.451637179924507,0.446236225859804,0.65542661782515,0.794624312819197,"SLAMF6P1"
"ENSG00000227248.1",1.65137982855221,-0.0383591912137561,0.507242680630235,-0.0756229565818394,0.939719072048139,0.968366304759816,"FAM155A-IT1"
"ENSG00000227252.2",78.9797480077493,-0.0541368118099924,0.0790401341362564,-0.684928136845853,0.493389269805246,0.67108003603622,"AC012063.1"
"ENSG00000227253.3",7.08762240182242,-0.472586802735533,0.17068160112895,-2.7688210071248,0.00562595337057941,0.036334600497905,"AL158834.2"
"ENSG00000227256.1",10.2382074936616,0.0104282939209135,0.146775864842525,0.0710491056012647,0.943358673589657,0.970350962461412,"MIS18A-AS1"
"ENSG00000227258.6",22.597498123437,0.104833068204863,0.145915636238407,0.718449858475615,0.472479954036889,0.653115013898698,"SMIM2-AS1"
"ENSG00000227262.3",17.524239216198,-0.0607025940910694,0.168167910007011,-0.360964193992413,0.71812621408329,0.838029135352371,"HCG4B"
"ENSG00000227267.3",1.245638741673,-0.177442225334665,0.501085605819404,-0.354115590777151,0.723252258417813,0.841225455544446,"AC072039.1"
"ENSG00000227268.5",56.0960224304523,-0.078070029495717,0.0880602705575077,-0.886552232936116,0.375320020753461,0.566999249067291,"KLLN"
"ENSG00000227274.1",0.493298149463139,-0.0835519226767032,0.892218604182672,-0.0936451249559429,0.925391062557662,0.960860923332467,"MYOCD-AS1"
"ENSG00000227288.3",6.18049355538811,-0.15287180064126,0.122700572517451,-1.2458931324018,0.212803631701236,0.395581871034575,"ARID3BP1"
"ENSG00000227290.2",1.55776605349721,-0.396876770818032,0.429974650529457,-0.923023648787972,0.355994881272445,0.549473230514767,"LINC01364"
"ENSG00000227295.2",7.63014058444032,-0.204092985465951,0.12023067192089,-1.69751180963407,0.089599940299196,0.227974842367683,"ELL2P1"
"ENSG00000227300.12",780.587733360765,-0.288332869394952,0.258171204597119,-1.11682815225231,0.264067809285324,0.455691468439468,"KRT16P2"
"ENSG00000227303.1",0.114804198626847,-0.638774694162736,1.88347449084978,-0.339146984610626,0.734499005000242,0.848261252028343,"AC239727.1"
"ENSG00000227304.3",6.00337181074784,-0.535973226744176,0.188020517878653,-2.85061030993484,0.00436354116641035,0.0305328659212484,"AC067942.1"
"ENSG00000227307.1",11.6666956807879,-0.805703796613025,0.3207944781746,-2.51158873181882,0.0120189066478074,0.0605730334582881,"AC010998.1"
"ENSG00000227308.2",6.06535641571843,-0.672313012801877,0.225028638312751,-2.98767755892243,0.0028110595413584,0.0226223363090271,"LINC02832"
"ENSG00000227309.1",3.10427611758819,-0.847529783337014,0.380763313214581,-2.22587038699126,0.0260228644262837,0.100986519693699,"AC140076.1"
"ENSG00000227311.3",4.64114189356162,-0.233030105785183,0.170203516486112,-1.36912627069134,0.170959807721167,0.344944763040218,"AL031985.2"
"ENSG00000227312.2",2.76552255294359,-0.51009896231134,0.236813881106943,-2.15400786443336,0.0312395551771666,0.113817949872298,"AL445686.1"
"ENSG00000227321.2",3.09675347142965,-0.415130632116798,0.299124654649631,-1.38781817434289,0.165192419166677,0.337056518435753,"MTND4P15"
"ENSG00000227329.2",14.3864833191706,-0.525197132460974,0.188158899434159,-2.79124258294651,0.00525061040882441,0.0346773601152531,"AL139396.1"
"ENSG00000227330.1",1.74110049000669,-1.87918314092937,0.648863459055502,-2.89611491401403,0.00377814022127424,0.0276391966127071,"AF130417.1"
"ENSG00000227331.1",6.33307053201712,-0.573941468031763,0.224089632865667,-2.56121383525055,0.0104307132942346,0.0551834955831803,"RPL7AP22"
"ENSG00000227337.1",5.46585449309343,-0.169536192133037,0.141217293811316,-1.20053420907186,0.229931935034694,0.416242940194121,"RPL23AP43"
"ENSG00000227338.2",1.33990256217693,0.740246843336105,0.348169902729966,2.1261080797964,0.0334942613254984,0.119213385217631,"AL139280.1"
"ENSG00000227345.8",934.336625388076,-0.003303621483189,0.0516649392925413,-0.0639431987809562,0.949015454985233,0.973189538065157,"PARG"
"ENSG00000227347.1",12.3043173176896,0.0589875606314392,0.116282856600665,0.507276501075413,0.611960824275112,0.763478911207998,"HNRNPKP2"
"ENSG00000227348.1",2.89424251485695,-0.978932103518188,0.254757291000408,-3.84260681872544,0.00012173440368486,0.00252046237679106,"MTND5P25"
"ENSG00000227354.7",92.2462361437723,-0.0397460548521188,0.107216679654042,-0.370707757229269,0.710855211952652,0.832770420195631,"RBM26-AS1"
"ENSG00000227355.3",11.3797218640727,-0.341332282781621,0.19437040440228,-1.7560918486087,0.0790727267481617,0.210185093143836,"AL359644.1"
"ENSG00000227356.2",6.83711805715909,-0.037405787039419,0.213196022466021,-0.17545255585329,0.860724047381873,0.925432784135112,"LINC00866"
"ENSG00000227359.1",27.6786459222137,-0.0628861742902353,0.131368006503958,-0.478702356561533,0.632150389101914,0.777759900383224,"AC017074.1"
"ENSG00000227368.1",5.93354145175965,0.0414037153189639,0.341639999910445,0.12119106465817,0.903539701321735,0.948643061129377,"CDK8P2"
"ENSG00000227370.1",6.65336556873605,-0.420655110835968,0.173355057275968,-2.42655228780731,0.0152430536211091,0.0711463597655382,"AC254562.1"
"ENSG00000227372.12",1081.39424364316,-0.188731276775719,0.0731154129163294,-2.58127895675972,0.00984350059765031,0.0531494754131644,"TP73-AS1"
"ENSG00000227373.6",9.67156111652357,0.0563234934177767,0.0980284145167335,0.574562933568228,0.56558692649291,0.72802564411696,"RABGAP1L-DT"
"ENSG00000227375.6",8.15334887901725,0.0646788740160476,0.151245186241339,0.427642529480844,0.668911397277262,0.804761381615302,"DLG1-AS1"
"ENSG00000227376.1",62.918867350168,0.0513012610885126,0.114313420666332,0.448777237086231,0.653592360967474,0.793168432343396,"FTH1P16"
"ENSG00000227379.2",5.87626764439292,0.0975950127468262,0.132552989028015,0.736271686232586,0.461565373571516,0.643909322535784,"PPIAP2"
"ENSG00000227382.1",5.71032779399543,-0.314564473429102,0.177408004188541,-1.77311319671235,0.0762099516734688,0.205064084786616,"EIF4A2P2"
"ENSG00000227383.1",4.29376814208508,-2.36024806199653,0.375746116169634,-6.2814968949166,3.35328499449192e-10,1.61798430900898e-07,"RPL35AP2"
"ENSG00000227388.3",66.9698315430652,-0.31860532913868,0.139935644082899,-2.27679896159935,0.0227982335702581,0.0926313876317552,"AL133410.1"
"ENSG00000227392.2",55.7195071399991,-0.209864825105639,0.169805458583347,-1.23591330253161,0.216490791771744,0.400201439781047,"HPN-AS1"
"ENSG00000227398.4",64.6236482723035,0.0707195498273365,0.0902996231928417,0.783165503097499,0.433529929683103,0.61943744684518,"KIF9-AS1"
"ENSG00000227400.2",1.93176184886523,-0.68440174496923,0.465186293195717,-1.47124228503715,0.141225605430335,0.305154730113716,"AC012501.2"
"ENSG00000227401.1",3.17945094784181,-0.139531729218587,0.231629020018592,-0.602393125038425,0.546912485227671,0.713745340076235,"RPL37P1"
"ENSG00000227403.2",188.741022739045,-0.249382906963219,0.120388410886479,-2.07148599376709,0.038313402021356,0.13068006285186,"LINC01806"
"ENSG00000227404.1",2.06416885243299,0.266700736228419,0.206994859102863,1.28844135252599,0.197592371705003,0.377856902594065,"KRT8P20"
"ENSG00000227409.1",3.56481607022011,-1.03708958118387,0.262452981374684,-3.9515252436904,7.76546789532382e-05,0.00183098953710351,"ZMYM4-AS1"
"ENSG00000227413.1",3.38523841985969,-0.546720664476157,0.261887061171,-2.08761999173061,0.0368321271741416,0.127429285047147,"AL022238.1"
"ENSG00000227417.3",5.31553911422325,-1.48373984779922,0.307899678061143,-4.81890678529576,1.44346969975908e-06,9.79955724417737e-05,"AC114402.1"
"ENSG00000227432.1",1.12755053321021,0.90045189963657,0.336951399343854,2.67234948835358,0.00753221557863576,0.044258745721765,"ASIC4-AS1"
"ENSG00000227433.1",1.48196616773114,-1.39788294927991,0.724901806221058,-1.928375591402,0.0538084256027732,0.16337837789267,"AC090018.1"
"ENSG00000227436.1",2.54108140473228,-0.769515958913644,0.289494212896889,-2.65813935005231,0.00785733970802479,0.0455256746791375,"FCF1P1"
"ENSG00000227440.1",12.5352463482487,0.42567615358613,0.151228138917368,2.81479463169697,0.00488084138429545,0.0328676885532663,"ATP5MC1P4"
"ENSG00000227455.3",1.67593820833672,-0.318424902062042,0.492677565736817,-0.646315002360268,0.518075373969181,0.691646620641429,"AL450345.1"
"ENSG00000227456.9",29.4970850669268,-0.092765152265122,0.13300620820012,-0.697449792159691,0.485521349955424,0.664480587410874,"LINC00310"
"ENSG00000227466.1",1.11713615049378,-1.02755457706542,1.03992887126455,-0.988100826372786,0.32310327109548,0.516769658175529,"PDE4B-AS1"
"ENSG00000227467.3",12.6407283590194,0.373493146445823,0.165457511054139,2.25733569945709,0.0239871062619865,0.0958281581499393,"LINC01537"
"ENSG00000227471.9",190.301711389521,0.706709006141946,0.328322542725172,2.15248395762306,0.0313592574510405,0.114090674059391,"AKR1B15"
"ENSG00000227473.1",29.7079470809444,0.125059773566922,0.136430049017326,0.916658569484501,0.359321582683405,0.552431006801136,"TSSK5P"
"ENSG00000227474.1",1.39605079406946,-0.555410236544152,0.422947759613661,-1.31318874239099,0.189119356451032,0.367627181311624,"RPL6P24"
"ENSG00000227477.1",14.6123486064332,0.0329281445502773,0.111287814709497,0.295882749034404,0.767319625800608,0.869456548287375,"STK4-AS1"
"ENSG00000227481.1",1.50572900024786,-0.1708335910175,0.37210415961412,-0.459101535426688,0.646161254123306,0.787749336611638,"AC008080.2"
"ENSG00000227482.1",3.50364924081442,0.305105936579034,0.186403442506631,1.63680419458015,0.101671389029642,0.247058284429157,"AL157702.2"
"ENSG00000227486.2",86.0333885302721,-0.312330815373694,0.127860758340186,-2.44274177181639,0.014576162661529,0.0689716008371637,"AL050309.1"
"ENSG00000227487.4",5.17875638139793,-0.780837143750641,0.277993630872438,-2.80883105594941,0.00497217315283661,0.0333075575004807,"NCAM1-AS1"
"ENSG00000227492.2",11.7575805648522,-0.358478971228844,0.134039522324596,-2.67442740030612,0.00748569821447937,0.0440865647717427,"AL138921.1"
"ENSG00000227495.1",12.7842739392572,-0.157580567411775,0.123881411009972,-1.27202754737021,0.203363331767952,0.3843205656213,"KIF1C-AS1"
"ENSG00000227496.3",37.1697176839699,-0.144004646164166,0.16732128717999,-0.860647491967103,0.389432220682618,0.580365574001182,"AC099066.2"
"ENSG00000227500.10",3722.22128349775,0.0773139299919742,0.0719235664049147,1.0749457216389,0.282399030143407,0.474891954266312,"SCAMP4"
"ENSG00000227502.3",40.520163378146,-0.380622258405613,0.149917661944893,-2.53887536310113,0.011120943383541,0.057657075062566,"MROCKI"
"ENSG00000227507.3",760.609109109041,-0.177928256065413,0.140668205010203,-1.26487898279862,0.205914712505885,0.387283409558885,"LTB"
"ENSG00000227508.6",5.42155277723874,-0.0775811111563305,0.191783790655691,-0.404523817633846,0.68582756705015,0.816202223049174,"LINC01624"
"ENSG00000227509.1",2.05760733502285,-0.949752039775151,0.366023671125665,-2.59478311021332,0.00946506261586575,0.0517173455306986,"LINC01839"
"ENSG00000227512.1",4.63115331370001,-0.415515275654202,0.181851360579634,-2.28491705714924,0.0223176916705954,0.0913789317539751,"AL592301.1"
"ENSG00000227521.2",1.47114801662593,0.279545950264372,0.525101049327276,0.53236600959474,0.594472522121904,0.750097182744678,"TUBB4BP8"
"ENSG00000227523.1",2.26728353431873,-1.72848403952941,0.402175425670878,-4.29783604168774,1.7247366274091e-05,0.000593812373695256,"RPS20P15"
"ENSG00000227525.4",15.6641572580928,-0.0907951783331811,0.127450316679862,-0.712396647559899,0.476219190916424,0.656481971657151,"RPL7P6"
"ENSG00000227527.2",10.5055269841592,-0.129836003498379,0.120988916185894,-1.07312312227752,0.283215877857075,0.475714374525243,"AC096540.1"
"ENSG00000227531.1",3.97061206022509,-0.299204063078666,0.250166208364679,-1.19602109747173,0.231688326146497,0.418339189351681,"AL162414.1"
"ENSG00000227532.1",1.33461886226646,-0.752169412737793,0.556334367969615,-1.35200961156308,0.17637224055354,0.351972727012467,"AC002542.1"
"ENSG00000227533.6",30.9880084935544,0.0768187810530701,0.15181130187933,0.506014902066586,0.612846188323557,0.764261458135978,"SLC2A1-AS1"
"ENSG00000227536.1",11.58400631689,-0.0738597809996066,0.138593782790913,-0.532922758238255,0.594087050534157,0.749703910930558,"SOCS5P4"
"ENSG00000227540.1",30.9144945918228,-0.115794187200734,0.0976586661329673,-1.18570314121508,0.235739553606904,0.423075681000198,"DNAJC9-AS1"
"ENSG00000227542.1",18.4018114955513,-0.135656394009408,0.104790073854957,-1.29455385437721,0.195474179873617,0.37516123079105,"AC092614.1"
"ENSG00000227543.5",31.3617702987862,-0.22851330945248,0.133709068893257,-1.70903373528768,0.0874447007150369,0.224498490199393,"SPAG5-AS1"
"ENSG00000227544.10",22.301416510858,-0.0441194724107058,0.177711997457815,-0.248263893500937,0.803930233423554,0.892172611269142,"AC018647.1"
"ENSG00000227554.1",0.611824006009892,-1.26850613113945,1.17515951370845,-1.07943314617471,0.280394681421994,0.472923211144245,"AL590422.1"
"ENSG00000227560.1",3.90542811080424,-0.69605878553104,0.244291883909609,-2.84929148849084,0.00438167161687538,0.0306242359121905,"RPS15AP30"
"ENSG00000227573.2",1.36249651018564,-0.760113073412336,0.578236535270353,-1.31453657292158,0.188665698852541,0.367038967233794,"AC004986.1"
"ENSG00000227578.1",1.83982604312051,-0.0804991396770842,0.244748316250015,-0.328905795596374,0.742226893569903,0.853106685284384,"RPS3AP53"
"ENSG00000227579.6",7.97910364130664,-0.399915563177934,0.326130405860158,-1.22624433659649,0.220106741334272,0.404549726136795,"AL136114.1"
"ENSG00000227582.2",12.9147935857709,-0.0284988393275149,0.159971951598842,-0.178148975759081,0.858605980063067,0.924172153963328,"ADGRF5P1"
"ENSG00000227583.1",2.95267874928277,-0.584914447489273,0.214693113069342,-2.72442110101761,0.00644143188472326,0.039878579929965,"RPS3AP37"
"ENSG00000227586.5",2.85271949851228,0.0221718924411101,0.214929432553849,0.10315894001886,0.917836827113685,0.956553134390922,"RPS26P39"
"ENSG00000227588.2",1.11641614851371,-1.35929302059599,0.568330593294194,-2.39172945576828,0.016769198303639,0.075845254601692,"CNTN4-AS2"
"ENSG00000227589.1",5.37316178662729,0.148405458117103,0.194528319156429,0.762898989518148,0.445523638895853,0.630221980088382,"TP73-AS3"
"ENSG00000227591.5",17.3500602079646,0.259206602582576,0.143774128866747,1.80287374804972,0.0714080447076721,0.196531798766402,"HSD11B1-AS1"
"ENSG00000227597.1",0.963354380544447,-0.373347378338522,0.631805601132853,-0.59092128602389,0.554573162958183,0.719484230160034,"WASF1P1"
"ENSG00000227598.1",5.95043721060534,-0.109744663804837,0.14482925746615,-0.757752029699434,0.448599444817551,0.632714311218416,"Z94721.1"
"ENSG00000227615.1",309.466662225684,-0.0180144636087766,0.130271760082305,-0.138283720104765,0.890016191370072,0.941662982149039,"AP001324.1"
"ENSG00000227619.3",155.098277439374,-0.422418111996756,0.227037756188359,-1.8605632784985,0.0628058746130651,0.180963158757757,"AL391056.1"
"ENSG00000227620.4",7.35459615225659,0.119932513422446,0.136814365183021,0.876607608141213,0.380699805345036,0.572181925812954,"ALG1L8P"
"ENSG00000227627.3",11.4138492658306,-0.403598572002622,0.1810055507229,-2.22975798471776,0.0257635140855679,0.100332749380139,"AL080276.2"
"ENSG00000227630.4",65.0435764420067,-0.00449747396506784,0.131725467194534,-0.0341427824159917,0.972763292922778,0.986482129493696,"LINC01132"
"ENSG00000227632.2",6.61995670706873,0.179453736472355,0.188898196970765,0.950002378795225,0.342111043909389,0.535365592708591,"AC018804.1"
"ENSG00000227634.3",13.4621438743292,0.56459030795979,0.202652510368292,2.78600204326967,0.00533625353466185,0.0349861931724098,"LINC01714"
"ENSG00000227638.2",8.34537242589373,-0.793298221900157,0.164367982874466,-4.82635491430243,1.3905461001747e-06,9.54284490502849e-05,"HNRNPA1P14"
"ENSG00000227640.3",105.945175243338,-0.197771327482468,0.237604130527937,-0.83235643691478,0.405207783500019,0.594691767073667,"SOX21-AS1"
"ENSG00000227646.7",5.89939494612459,0.0358016505877698,0.233816818034006,0.153118372274499,0.878304927741133,0.935061533656336,"STEAP2-AS1"
"ENSG00000227658.1",1.48020333075165,-2.11802054971901,0.969581652029141,-2.18446847182639,0.0289278415759749,0.108061772800574,"AC005160.1"
"ENSG00000227659.1",1.42017581899769,-0.593321309026586,0.36620088756874,-1.62020718454761,0.105187778618754,0.252488587855384,"CLYBL-AS2"
"ENSG00000227660.1",1.46254806760587,-0.911361096863548,0.594893790454981,-1.53197278486724,0.125529150741497,0.283127295958041,"UST-AS1"
"ENSG00000227666.1",3.43167071859076,-0.270265266287014,0.202740045671273,-1.33306306305775,0.18251110952245,0.359610721982064,"CYCSP24"
"ENSG00000227671.4",912.165112320807,-0.255466036565893,0.0972103185719336,-2.62797242431475,0.00858954784505374,0.0484633637614858,"AL390728.4"
"ENSG00000227673.1",1.53270377094592,-0.730519703423123,0.398275979917278,-1.83420477321995,0.0666236031665379,0.188070172988261,"AL162734.1"
"ENSG00000227674.3",24.4302384401879,-0.52867089517348,0.43157364236844,-1.22498420494861,0.220581171763011,0.405098826902845,"LINC00355"
"ENSG00000227676.4",2.79304880882038,-0.207302714901401,0.224527142992375,-0.923285764645572,0.355858304355331,0.549415253519849,"LINC01068"
"ENSG00000227678.8",7.21253689950369,-0.272424299052289,0.174280229619663,-1.56313943151675,0.118019802686069,0.271994551490192,"AL355581.1"
"ENSG00000227681.5",2.34873463810219,-0.399246993146141,0.482221109421536,-0.827933463188848,0.407708182535833,0.597203067498152,"AL033504.1"
"ENSG00000227683.1",2.3847695900924,-1.47737738936661,0.361360072945538,-4.0883802610624,4.34395669194192e-05,0.00118446642215252,"AL358394.1"
"ENSG00000227687.1",9.07488473689442,0.0240753383394013,0.243974399194224,0.0986797730373149,0.921392529245444,0.958622546130268,"AL713965.1"
"ENSG00000227692.1",4.59834190306359,-0.265727975837178,0.190493236768564,-1.3949470351014,0.16303181196707,0.334451790980324,"MED28P3"
"ENSG00000227695.6",22.9226654027163,0.146368233310586,0.159037423240511,0.920338309865815,0.357395995274968,0.550533151236587,"DNMBP-AS1"
"ENSG00000227698.1",4.66091367586709,-0.143877081974784,0.193379781090071,-0.744013056399986,0.456868576278316,0.639877393043371,"AP001619.1"
"ENSG00000227705.1",1.95957990062799,-0.621436563238051,0.425234792422166,-1.46139632577642,0.143906708448656,0.30894014706202,"AL391097.2"
"ENSG00000227711.3",1.76298146371884,0.129619734879688,0.414779852443963,0.312502485634111,0.75465867432347,0.860962290624086,"AL451054.1"
"ENSG00000227712.2",3.88107937674552,-0.844889044307883,0.238945499631982,-3.53590691437654,0.000406377858858861,0.00586964774619872,"AL359915.1"
"ENSG00000227719.1",80.6084910743204,-0.203115205540471,0.135577565204629,-1.4981476119143,0.134094903211464,0.295324575816581,"AC006042.1"
"ENSG00000227725.3",3.92178256706354,0.033953145587728,0.137919512883211,0.246180869392131,0.805542223939986,0.892951896571684,"GCOM2"
"ENSG00000227726.1",5.96249489195229,-0.47829312817161,0.167133010750928,-2.86175140400235,0.00421307220278744,0.029818412595111,"AP001271.1"
"ENSG00000227730.2",2.15044978544122,-1.34274353328479,0.464364147554362,-2.89157451184924,0.00383316685073382,0.0278945626145314,"MTND6P5"
"ENSG00000227733.10",10.4159854798223,0.1464881823739,0.163782453522735,0.894407057796124,0.371104137622413,0.563365594923,"AC239809.3"
"ENSG00000227740.2",7.41568543412867,-0.131731577363276,0.14674114013331,-0.897714010151489,0.369338038296621,0.561940010465652,"LINC02803"
"ENSG00000227741.1",15.1960500872086,-0.269534107337982,0.126602897677587,-2.12897265609505,0.0332565227675459,0.118582993734594,"AL121987.2"
"ENSG00000227742.2",5.32010055461538,-0.0205280244021642,0.214343282368763,-0.0957717180370839,0.923701879819966,0.959915306827922,"CALR4P"
"ENSG00000227744.4",2.75570159998451,1.55072186596934,0.309541336632719,5.00974080825049,5.45033897904326e-07,4.71167432448968e-05,"LINC01940"
"ENSG00000227745.1",1.78814685264547,-0.489593611992177,0.441277619573819,-1.10949114633328,0.267218361764788,0.458913696390957,"AC098826.2"
"ENSG00000227755.1",12.5061602025232,0.524713951268079,0.254542317666909,2.06140164070759,0.0392647384647458,0.133025433774985,"AP000344.1"
"ENSG00000227758.1",2.16780410052638,0.135187401378981,0.241335697906054,0.560163301790546,0.575368056015616,0.735401132099504,"AL645939.2"
"ENSG00000227764.2",1.49698420759261,-0.181191771472677,0.258582803940644,-0.700710831159015,0.483483495257648,0.662684891215022,"LINC01693"
"ENSG00000227765.4",7.24437777264111,0.13113762907187,0.140813743015722,0.931284306938906,0.35170651746848,0.545255650108409,"MYL12BP2"
"ENSG00000227769.7",4.37216748849099,-0.490578044709852,0.23136464465675,-2.12036737695022,0.0339750756461589,0.120218109627757,"AC072062.1"
"ENSG00000227773.1",2.89901240461012,-0.569266845987205,0.333565797214797,-1.70661036215481,0.0878944978844416,0.225222280009203,"ASH1L-IT1"
"ENSG00000227775.3",218.612148697914,-0.112594428372266,0.109318389751935,-1.02996786384949,0.303025091420042,0.496096300582585,"AL031282.1"
"ENSG00000227777.1",6.0353774054537,-0.174867598759732,0.317999522182419,-0.549898935569532,0.58238869435395,0.740706223063225,"AL031736.1"
"ENSG00000227782.2",39.8849250159655,-0.219255242500362,0.121483746161602,-1.80481133837197,0.0711042095172437,0.196063644811794,"AC002553.1"
"ENSG00000227791.3",13.7025703645,0.0797188833084943,0.153720308340242,0.518596951627536,0.604041835297384,0.757338435736831,"RPS10P9"
"ENSG00000227795.1",1.26001630403137,-2.37716386297668,0.75929050209593,-3.13076991798897,0.00174348697353099,0.0162958764204849,"MTND4LP9"
"ENSG00000227799.1",48.5120558855572,0.0649755196475685,0.0829341814170436,0.783458865058691,0.433357700359402,0.619297674295641,"CDPF1P1"
"ENSG00000227802.1",2.64875550830854,0.241030623033617,0.478350540984559,0.503878646269571,0.614346657063222,0.76535860101803,"DNAJB3"
"ENSG00000227813.1",1.66828972478508,-0.575486406787641,0.353511744290486,-1.62791312051787,0.103543308943081,0.250019392561792,"Z82190.1"
"ENSG00000227825.4",68.6855739968999,0.31622358871812,0.139376787127942,2.26883970591057,0.0232780754100007,0.0939048787865202,"SLC9A7P1"
"ENSG00000227827.3",38.7787339628317,-0.256629164380309,0.235805523047627,-1.08830853944195,0.276458921959184,0.469120636533492,"PKD1P2"
"ENSG00000227835.8",1.20784931005324,-0.592914511077466,0.576292317117669,-1.02884333777506,0.303553298109132,0.496765628880619,"CARM1P1"
"ENSG00000227836.1",1.73424572074485,-0.712007949850915,0.364117411899936,-1.95543505084174,0.0505317424052812,0.156788831430035,"AC008850.1"
"ENSG00000227841.1",1.19239189021891,-2.40681603956585,0.553071847408709,-4.35172401351187,1.35071219791772e-05,0.00049471134439246,"MTND5P31"
"ENSG00000227848.1",7.65419674231397,0.00485624517230417,0.12059945487233,0.0402675549192584,0.967879820213121,0.983807255735343,"SUCLA2-AS1"
"ENSG00000227854.1",3.08870069427349,-0.311422796398367,0.201156704712849,-1.54816016121821,0.121583740439193,0.277085736338359,"AL590135.1"
"ENSG00000227855.3",56.9909715319446,-0.0950806733524917,0.105411545284125,-0.901994872537088,0.367059591513079,0.559726788817154,"DPY19L2P3"
"ENSG00000227857.2",8.20046387171905,-0.163298606593863,0.185955793176374,-0.878158210639768,0.379857866751257,0.571376297898133,"AL358075.2"
"ENSG00000227877.7",3.94800699638233,-0.505891479849534,0.270024067592675,-1.87350514478087,0.0609986629749545,0.177784162341343,"MRLN"
"ENSG00000227879.2",6.15190686229237,0.13572916752404,0.127964188337509,1.06068087710642,0.288834953375243,0.481280536928504,"PSPC1P1"
"ENSG00000227885.3",66.9937061367931,0.0942429957660274,0.128930629911439,0.730958933736397,0.464804236935068,0.646532040948009,"AL590652.1"
"ENSG00000227887.1",3.16361681970349,-0.0312402756142659,0.173773758385869,-0.179775565105153,0.857328767280042,0.923373160675073,"RPS26P13"
"ENSG00000227888.4",3.93309178715022,0.137300397521466,0.231921302922736,0.592012875881469,0.553841966293569,0.718924461752421,"FAM66A"
"ENSG00000227896.2",33.4092589616225,-0.138357999940691,0.109745600770287,-1.26071568217384,0.207411301783969,0.389077330983418,"AL731569.1"
"ENSG00000227906.8",6.09284457291742,-0.137290477045885,0.158208616288526,-0.867781289455863,0.385514074796009,0.576902197599044,"SNAP25-AS1"
"ENSG00000227908.3",13.7835810182234,-0.305427023607735,0.132513371712903,-2.3048770072009,0.0211734626751259,0.088303656876233,"FLJ31104"
"ENSG00000227910.1",5.33669667252715,-0.138138214574746,0.158393629196305,-0.872119764384874,0.383143044974766,0.574541996051927,"AC092634.3"
"ENSG00000227911.3",2.20582714977345,-1.41957937548632,0.556689802499154,-2.55003660766442,0.0107711608318963,0.0563603085478908,"LINC02344"
"ENSG00000227914.3",1.99963235507444,-1.07021396948002,0.367492749163104,-2.91220431400955,0.00358887804155901,0.0267306933204209,"AL136979.1"
"ENSG00000227925.2",49.1248431340347,-0.32641968302466,0.232667751246327,-1.40294338719541,0.160633721469459,0.331472572758318,"LINC01655"
"ENSG00000227929.4",1.6511690974552,-1.44251265247249,0.833921583086556,-1.72979412180865,0.0836670650561487,0.218149417489041,"SRGAP3-AS3"
"ENSG00000227932.2",10.1694412017595,-0.651202293643114,0.420069356092921,-1.55022565725805,0.12108736367145,0.276328850415627,"SELENOOLP"
"ENSG00000227934.1",6.42531622642659,0.0434572736838791,0.15622367446948,0.278173419178979,0.780879238323752,0.878482546513235,"AL732414.1"
"ENSG00000227939.1",39.2638565772037,-0.198524577460256,0.13911531085275,-1.42705052551972,0.153565331590898,0.322106333701965,"RPL3P2"
"ENSG00000227945.1",3.73979243056566,-1.12737510015773,0.306410649841921,-3.67929476582928,0.000233879819377356,0.0040323707229653,"PTPRK-AS1"
"ENSG00000227946.1",55.5789452468155,-0.0649736736849096,0.0720283404269386,-0.9020570694783,0.367026552501146,0.559726788817154,"AC007383.1"
"ENSG00000227948.4",2.40443391199652,-1.48855891356966,0.718307562281429,-2.07231413357508,0.0382361551978799,0.130520064913029,"AC003989.1"
"ENSG00000227950.1",1.5961041928509,-0.917926759166636,0.456691202404113,-2.00995060630572,0.0444364168706895,0.144460660763194,"AL590128.1"
"ENSG00000227953.7",28.3601767610206,0.309788392298553,0.164531372700603,1.88285302197213,0.0597202891837944,0.175131470782707,"LINC01341"
"ENSG00000227954.7",43.3816723894895,1.07105406703072,0.243789148636661,4.39336235029475,1.11610867936199e-05,0.000432579816786946,"TARID"
"ENSG00000227959.1",17.6027505117571,0.133488961877473,0.116044676623954,1.1503238731928,0.250010501641484,0.439797085023245,"AL451042.2"
"ENSG00000227962.1",5.28847880177271,-0.476285496151002,0.219775723560558,-2.16714334247096,0.030223925933295,0.111204889405243,"AL391994.1"
"ENSG00000227963.1",14.7901863680069,0.124980776440281,0.0828582635197688,1.50836828013494,0.131460296617223,0.291761059614505,"RBM15-AS1"
"ENSG00000227964.1",3.05502112616809,-0.410671327745099,0.305426110005514,-1.34458487435041,0.178759330647356,0.354785336387926,"LINC01429"
"ENSG00000227965.1",0.497862690386137,-1.41413506593294,0.620354287845232,-2.27956039579393,0.0226337741073205,0.0922559061404286,"AC098592.2"
"ENSG00000227973.1",6.59505578732431,0.078191655006048,0.133203101757744,0.587010767573978,0.557196475116515,0.721564069331649,"PIN4P1"
"ENSG00000227992.1",15.9564056913141,-0.0457414762673609,0.121076200198028,-0.377790814318154,0.705585998020127,0.828892298924425,"AC108463.1"
"ENSG00000227999.1",5.38461713857422,-0.0370136436323257,0.204160898026344,-0.181296438202136,0.856134901608157,0.922944638773447,"MTND5P1"
"ENSG00000228000.1",2.4519713202613,-0.985751673644382,0.32367046620877,-3.04554099479859,0.00232262113005115,0.0198077134811609,"RPL7AP65"
"ENSG00000228002.2",2.89502584027349,0.026419949209434,0.192679093499735,0.137118920011269,0.890936797714362,0.942098104059211,"DHX9P1"
"ENSG00000228007.1",5.8293510500904,-0.246891120653792,0.196345922615161,-1.25742932353986,0.208598216518906,0.390709447120333,"AC011933.1"
"ENSG00000228008.1",5.67391089237514,-0.0443044929221551,0.134494230330903,-0.329415565360317,0.741841604285016,0.852806620332898,"AC105935.1"
"ENSG00000228010.6",9.70957953425518,-0.226072900143086,0.11892576192698,-1.90095818164187,0.057307490304597,0.17035163167062,"AC073343.2"
"ENSG00000228013.1",17.0795035036682,-0.0481227668761508,0.11318303452569,-0.425176503508821,0.670708011378976,0.80589917096521,"IL6R-AS1"
"ENSG00000228014.1",2.51055769890886,-0.962769370593092,0.378794221148073,-2.5416685810968,0.0110324728813789,0.0573554215552387,"ZNF680P1"
"ENSG00000228016.1",2.34607546845603,-0.349287374156423,0.377808709725222,-0.924508528166166,0.355221613371239,0.548792187434779,"RAPGEF4-AS1"
"ENSG00000228019.1",2.68777169581239,-0.353979106263963,0.202547542423373,-1.74763466408327,0.0805273089293726,0.212929528725725,"AC006480.1"
"ENSG00000228021.7",5.25920921154767,-0.173451204529437,0.190396451822559,-0.911000193906375,0.362295271502042,0.555387074045377,"AL158835.1"
"ENSG00000228022.6",5.42396841343586,-0.0313229127962325,0.14433485406919,-0.2170155850313,0.828196199261407,0.906007435155437,"HCG20"
"ENSG00000228027.1",5.57601238866621,-0.718314304063565,0.403022650851457,-1.78231745175116,0.0746974783592765,0.202417641788653,"AL136369.1"
"ENSG00000228028.2",3.72301486150944,-0.714531270893661,0.223655354254202,-3.1947872353708,0.00139933960504582,0.0138773386581106,"AC069257.1"
"ENSG00000228033.6",1.15975059895793,1.62443241411432,0.456452236346155,3.55882233619383,0.000372521406693893,0.00555661074957875,"AC010967.1"
"ENSG00000228037.1",14.9826853240777,-0.21441742127403,0.142298736381596,-1.50681184335353,0.131858892967703,0.292236594566219,"AL139246.3"
"ENSG00000228043.5",20.7623711959739,-0.107591393037074,0.121811609772257,-0.883260579498376,0.377095497326477,0.568597843862789,"AC114763.1"
"ENSG00000228044.3",11.0391461828048,-0.36910197029041,0.270750052329576,-1.36325724451241,0.17280145172636,0.347513061451266,"AL160408.1"
"ENSG00000228049.7",11.1934182041524,-0.392957955998978,0.172426204284121,-2.27899209189497,0.022667535398504,0.0923164982276046,"POLR2J2"
"ENSG00000228050.1",1.49690006223866,0.178032733424182,0.317492102255318,0.56074696711987,0.574970044311933,0.735031391800643,"TOP3BP1"
"ENSG00000228053.1",8.77958494703064,-0.210955689417976,0.135548258711289,-1.55631427082587,0.119633379580602,0.274232587880542,"AL158823.1"
"ENSG00000228056.3",2.0549011108996,0.229081066339202,0.305050210440903,0.75096183676812,0.452675623627214,0.635931562259144,"CFL1P3"
"ENSG00000228057.1",46.6246203156389,-0.116225230155154,0.113164588727931,-1.02704592895734,0.304398837648208,0.497696297063392,"SEC63P1"
"ENSG00000228060.3",19.5694239860184,-0.355625729453237,0.172269374404795,-2.06435839615691,0.0389837480206073,0.132333774237387,"PABPC4-AS1"
"ENSG00000228061.7",4.50732432252113,-0.560259625321011,0.228367288371881,-2.4533269598957,0.0141541620426949,0.0675992708201753,"AC131571.1"
"ENSG00000228063.2",15.4592472968378,-0.135815023386796,0.125542077280856,-1.08182870897506,0.279328647358621,0.471873790161892,"LYPLAL1-DT"
"ENSG00000228065.11",187.982923078421,0.0370726452508864,0.160228656976857,0.23137337571419,0.817024747137266,0.899986927820309,"LINC01515"
"ENSG00000228067.1",3.22453644396648,-0.935818130388027,0.322631344486777,-2.90058032605812,0.00372472359212886,0.0273638538301547,"LINC01740"
"ENSG00000228069.1",2.79804705904289,-0.372997317197242,0.26763456166968,-1.39368142466444,0.163413827957759,0.334884683872809,"MTCO3P29"
"ENSG00000228071.4",11.5877251946861,-0.193968476229242,0.139781068931773,-1.38765912803197,0.165240867347482,0.337085384024016,"RPL7P47"
"ENSG00000228073.1",1.19265622846312,-0.738232966942197,0.567957005164462,-1.29980431657574,0.193668045687982,0.373157604322587,"AC133106.1"
"ENSG00000228074.1",1.42631042719759,-0.0922625206365454,0.353525526058129,-0.260978384404907,0.794109176510828,0.886417113041473,"UBBP5"
"ENSG00000228076.2",1.74874292760018,-2.1475509462823,0.662185188282605,-3.2431274276189,0.00118225322143106,0.0123542864096372,"AL591719.1"
"ENSG00000228078.1",17.7964064678882,-0.129855308136687,0.168610379438422,-0.7701501447846,0.44121083352266,0.62640649383667,"HLA-U"
"ENSG00000228079.2",5.98978160549736,-0.597936892277283,0.180596372950455,-3.31090199935146,0.00092995770878625,0.0104492345591025,"AC012368.2"
"ENSG00000228084.1",5.92778888822939,-0.0194635378825207,0.139941422248218,-0.139083464851441,0.88938419436084,0.941263525426138,"AC118553.1"
"ENSG00000228086.1",1.26124067881455,-1.01699162729166,0.586688667859171,-1.73344344795796,0.0830168808211774,0.217013270507181,"AL589990.1"
"ENSG00000228097.1",1.45150937085323,-2.16172687622909,0.469677292117969,-4.6025790739871,4.1729105078861e-06,0.000212429219478673,"MTATP6P11"
"ENSG00000228107.1",13.599098389949,-0.312586867836581,0.133885599619486,-2.33473105938936,0.0195574746482032,0.0840706266575378,"AP000692.1"
"ENSG00000228108.1",2.00798767871645,-1.2667236993204,0.381856577969239,-3.31727609894006,0.000908997400789994,0.0102831296175675,"SPTBN1-AS1"
"ENSG00000228109.1",55.0972331284353,-0.0149195483387101,0.135324133673283,-0.110250462602116,0.912210742793925,0.953359877569002,"MELTF-AS1"
"ENSG00000228110.4",4.10037798037615,0.0463573406419278,0.174605751075853,0.265497215047568,0.79062645497426,0.88401150475074,"ST13P19"
"ENSG00000228113.7",48.3030109987619,-1.14788249919082,0.22102487086714,-5.19345399767623,2.06427966876843e-07,2.4335103083541e-05,"AC003991.1"
"ENSG00000228115.1",3.62500344772646,-0.32698898474408,0.199710047703924,-1.63731864522335,0.101563907046085,0.246887204825153,"AL161725.2"
"ENSG00000228126.1",6.25820762598789,0.0765374157502339,0.132914021652276,0.575841546277695,0.564722288648919,0.727463693402533,"FALEC"
"ENSG00000228127.3",6.50160906000794,-0.400691967864467,0.205337365935494,-1.95138359761732,0.0510114311743149,0.15780743152634,"LINC01649"
"ENSG00000228133.3",1.20268730084157,-0.589417556578015,0.395074159681234,-1.49191624441747,0.135721103566576,0.297568066553652,"AC099684.1"
"ENSG00000228137.1",9.79816752643761,-0.154408831526459,0.134090103114587,-1.15153041082017,0.249514091692338,0.43922554088262,"AP001469.2"
"ENSG00000228140.2",13.8618211777451,-0.153076470234792,0.157366102019335,-0.972741068568785,0.330682008440836,0.524234430967521,"AL031283.1"
"ENSG00000228142.2",2.18504308518083,-0.505664707555604,0.25820019205686,-1.95842111319673,0.0501806193314031,0.156078415489574,"AL354861.2"
"ENSG00000228146.8",12.5754736362192,0.106696612435615,0.164649140922933,0.648024106518455,0.516969358699018,0.690834906444826,"CASP16P"
"ENSG00000228149.1",6.32685636527777,-0.380376729038756,0.192747588199413,-1.97344481760895,0.048444905731097,0.152517848369306,"RPL3P1"
"ENSG00000228150.1",10.1039539020093,-0.13664721009729,0.110670113401503,-1.23472549089694,0.216932685581152,0.400631082091497,"AL357140.2"
"ENSG00000228157.4",8.00271524917995,0.402683215520236,0.183511214760404,2.19432483211442,0.0282120654871438,0.106286426991751,"AC007952.2"
"ENSG00000228158.2",20.6729508394,0.351219950764119,0.100701127136264,3.48774597417231,0.000487110636443879,0.00664374208075627,"TLE1P1"
"ENSG00000228166.1",1.08020562274881,-1.0416486250181,0.472773918419309,-2.20327007145569,0.0275757190878913,0.104731738032531,"MTND1P11"
"ENSG00000228168.1",61.6266541464683,-0.162450525021806,0.128514424165284,-1.26406452876353,0.206206866852378,0.387670097960611,"HNRNPA1P21"
"ENSG00000228169.3",3.48888575486343,0.0954433376573931,0.177152919664281,0.538762431001793,0.590050789596454,0.746771114499914,"PPIAP19"
"ENSG00000228171.1",4.36855001933474,-0.354348208249823,0.240452792974257,-1.47367058567608,0.140570306231472,0.304151148373284,"AC121251.1"
"ENSG00000228172.5",17.217471623184,-0.155036743717585,0.0866005472656686,-1.79025131610279,0.0734135188524695,0.20032425892593,"AL020996.1"
"ENSG00000228174.7",1.14592360259634,-0.211116981217612,0.734638754729688,-0.28737523015008,0.773825025151317,0.873646327863366,"AL162385.1"
"ENSG00000228175.3",39.6238289268631,0.262012768709523,0.120395906149913,2.17625978397698,0.02953584085011,0.10955177689647,"GEMIN8P4"
"ENSG00000228192.8",76.6387731482654,-0.450159440911487,0.138414820382783,-3.25224885360239,0.00114495729743504,0.0120821119820934,"AL512353.1"
"ENSG00000228196.1",3.77058536053666,-0.921134666078651,0.291358025443428,-3.16152151524484,0.00156947223527775,0.0150540014777015,"PTPN2P1"
"ENSG00000228201.1",8.07346042266773,0.236425468061063,0.131046225550233,1.80413794497603,0.0712096845241403,0.196208228656973,"AL022341.1"
"ENSG00000228203.7",77.1473768991682,0.140489623369517,0.166046600902137,0.846085512176891,0.397505042274852,0.587896378324225,"GRASLND"
"ENSG00000228204.2",9.31572556361067,0.0613732772583197,0.152599020061554,0.402186575205815,0.68754672143708,0.817107660893793,"AC004830.2"
"ENSG00000228205.1",58.0636582965715,-0.22423753424217,0.141723258596205,-1.58222112914481,0.113599098492785,0.265505082957872,"AC131235.1"
"ENSG00000228206.2",1.51054986907649,-0.651409673853718,0.314892539370582,-2.06867293571253,0.0385767885599352,0.131295953948673,"AC016717.1"
"ENSG00000228212.1",4.62933994291138,-0.93553076976736,0.21738771783525,-4.30351254009834,1.6811132803667e-05,0.000583621527041173,"OFD1P17"
"ENSG00000228213.5",0.594910678982194,-0.894346055476159,1.23733392562054,-0.722800884189475,0.46980222404174,0.650683311632484,"NLGN1-AS1"
"ENSG00000228217.1",25.9797796267065,-0.113332619331767,0.20243076426279,-0.559858674369483,0.575575838534604,0.735581988880756,"PNRC2P1"
"ENSG00000228218.1",12.4320319215743,0.0375792799746166,0.145051433537859,0.259075550361992,0.795576948901846,0.887445976504409,"ATF4P3"
"ENSG00000228219.1",1.56982606547783,-0.333653004641258,0.385253586416792,-0.866060736110296,0.386456855614989,0.577709810213689,"NPM1P30"
"ENSG00000228221.6",466.693784641895,-0.272891519273722,0.157928144627831,-1.72794735173271,0.083997663806381,0.218704109217456,"LINC00578"
"ENSG00000228223.3",701.956328560134,-0.112934343144401,0.0842167670812796,-1.34099594485033,0.179921769206742,0.356343573004168,"HCG11"
"ENSG00000228224.3",16.4967467877943,0.066681365906436,0.109967640022538,0.606372619188424,0.544267346233497,0.711716133470221,"NACA4P"
"ENSG00000228232.1",317.749730746044,0.0479706240636434,0.197290634524374,0.243146990627763,0.807891529994487,0.894134085615692,"GAPDHP1"
"ENSG00000228236.2",5.45801780714727,0.457467759419979,0.214403812648837,2.13367362160321,0.0328695068038374,0.117573984989992,"TXNP5"
"ENSG00000228242.6",76.8859089711324,-0.303455058244267,0.11661268715496,-2.60224736817035,0.00926150225409693,0.0509457625074669,"XPC-AS1"
"ENSG00000228248.1",1.20613406547974,-1.70242324914468,0.812317558246393,-2.09576074265811,0.0361034204316404,0.125573670751212,"NUTF2P3"
"ENSG00000228251.1",9.48586407875472,-0.0468738849555122,0.102067228088277,-0.459245203709963,0.646058092634917,0.787710103204214,"AC012442.1"
"ENSG00000228252.9",29.1239743979536,-0.103402265970838,0.162248481399533,-0.637308066484841,0.523924197703879,0.696077589455095,"COL6A4P2"
"ENSG00000228253.1",7518.34164685811,0.0610450453517633,0.126023395290154,0.484394546038171,0.628105888336162,0.775311614263463,"MT-ATP8"
"ENSG00000228261.1",6.86516800394794,-0.504201004765142,0.222460516537735,-2.26647412589108,0.0234223695985099,0.0942256120767293,"ITPRIP-AS1"
"ENSG00000228262.10",4.88552371642907,-0.564663448082447,0.257976743578191,-2.1888153181967,0.0286102659046749,0.107295481481029,"LINC01320"
"ENSG00000228264.1",4.13332132126351,-0.815753790094969,0.237128399683411,-3.44013534938909,0.000581423341536499,0.00745085731708032,"PSMD8P1"
"ENSG00000228271.2",4.61683082693263,-0.059320046414968,0.331899423172396,-0.178728983159925,0.858150510331892,0.923920866037567,"LINC02048"
"ENSG00000228274.4",72.9831239954992,-0.0980504686221504,0.124018944021032,-0.790608800906436,0.42917230950421,0.615880762944985,"AL021707.2"
"ENSG00000228278.5",135.164407755754,-0.575702851508221,0.220946936193264,-2.60561590681959,0.00917092386188888,0.0506597555007547,"ORM2"
"ENSG00000228280.1",5.06250124634311,-1.15286158515131,0.230336964580348,-5.00510887278434,5.58304666516868e-07,4.77831292091159e-05,"AL731568.1"
"ENSG00000228285.2",4.70687098395778,0.0804249008580461,0.154939049560685,0.519074443054112,0.603708829598054,0.757118801608484,"LYPLA2P1"
"ENSG00000228288.7",183.070604083176,0.0880055097464044,0.142049958568791,0.619539144066596,0.535561243041525,0.704315076022337,"PCAT6"
"ENSG00000228290.7",2.09186107821582,-0.677646430472068,0.426734982842908,-1.58797956042317,0.112290961115874,0.263367591999351,"TBX18-AS1"
"ENSG00000228291.1",1.03451813449635,-0.0529989568662538,0.432958170837575,-0.122411263803441,0.90257331837324,0.948228888879781,"ARL4AP3"
"ENSG00000228292.1",2.11555787337589,-1.45254651493746,0.49523949265674,-2.93301834057134,0.00335684061454185,0.0255566646649764,"AL512604.1"
"ENSG00000228295.2",1.34974483851605,1.51939010560298,0.743438027026736,2.04373471677194,0.0409797615731242,0.136762149363876,"LINC00392"
"ENSG00000228300.14",1326.44575141748,0.277682510291163,0.0932617742766628,2.97745257845313,0.00290654604543768,0.0231186230889764,"FAM174C"
"ENSG00000228302.2",40.7778980772505,-0.139132794788397,0.108991493110787,-1.27654728655724,0.201762122305052,0.382547700364755,"AL512770.1"
"ENSG00000228305.2",18.5703190582204,0.250593466469819,0.122650389208206,2.04315263969055,0.0410373303608077,0.136871953486513,"PRELID1P6"
"ENSG00000228307.2",9.87183492160772,-0.120568298094576,0.28640289630481,-0.420974437235646,0.673773748358644,0.807892725063183,"OR2S1P"
"ENSG00000228308.2",1.43718959274047,-1.14689995889919,0.607178767792376,-1.88889997433403,0.0589052329238068,0.173428715929634,"LINC01209"
"ENSG00000228314.1",47.6390483964579,-0.0737635520971461,0.213202148682955,-0.345979402894466,0.729358194054845,0.84481516733354,"CYP4F29P"
"ENSG00000228315.12",145.449512873307,-0.265497150347757,0.126630179947709,-2.09663407615304,0.036025980352979,0.125396023407395,"GUSBP11"
"ENSG00000228316.1",1.09682574332126,-1.03391482528383,0.550315184886243,-1.87876848336932,0.0602761121955252,0.176309802321129,"MTATP6P19"
"ENSG00000228318.3",8.98511519865409,-0.00284242927718851,0.200253596629843,-0.014194148444897,0.988675088382274,0.994169552614426,"AP001610.2"
"ENSG00000228323.2",5.34127040980878,0.184954053745155,0.162667883935049,1.13700411704504,0.255536564573313,0.446123693987378,"MYADM-AS1"
"ENSG00000228325.5",15.421125359133,-0.464213621670194,0.295498329409023,-1.57095176341129,0.116193853608967,0.269226972032568,"IGKV3D-7"
"ENSG00000228327.3",97.90582540922,-0.162230433467129,0.10712749581901,-1.51436783084349,0.129932573515229,0.289761214417745,"AL669831.1"
"ENSG00000228328.2",9.09185754282567,-0.0655437429848032,0.16922774541454,-0.387310856291605,0.698526089381792,0.823951429363614,"PGK1P1"
"ENSG00000228330.1",3.63150061437682,-0.199885524455013,0.187711816184682,-1.06485318035788,0.286942375065632,0.479363101375016,"AL355355.1"
"ENSG00000228335.1",9.66069959733589,-0.30140734554764,0.109537428978537,-2.75163794109773,0.00592980403412452,0.0377172061924269,"AC073063.1"
"ENSG00000228340.6",292.662708692899,-0.441684387802572,0.180392428160068,-2.44846411962841,0.0143466718444328,0.0682244601862537,"MIR646HG"
"ENSG00000228341.1",1.00594937221796,-2.278912275563,0.68455831839342,-3.3290257591367,0.000871503436439208,0.00999482049926647,"AC002381.1"
"ENSG00000228347.1",2.81743547208782,0.194207181751402,0.194214728259102,0.999961143483979,0.317329312506916,0.51112158117255,"FTLP17"
"ENSG00000228349.1",1.09313597145123,-0.15928237864167,0.627570812979223,-0.253807817934553,0.799644033342207,0.889672129463377,"RPS26P4"
"ENSG00000228350.1",7.7105269638497,-0.0207363405785133,0.112825392501672,-0.183791433104972,0.854177077047781,0.921951097052133,"LINC02585"
"ENSG00000228352.2",14.9996020960319,-0.39005472221314,0.147466245172443,-2.64504410319135,0.00816802702817667,0.0467810293908628,"AL354989.1"
"ENSG00000228358.6",7.38869657297715,0.390776061515492,0.387931720178424,1.00733206693116,0.313775224805324,0.507802768784933,"LINC02263"
"ENSG00000228363.2",14.8853395525948,-0.398107594937068,0.180478535086354,-2.20584456066526,0.0273948850556467,0.104390283639424,"AC015971.1"
"ENSG00000228366.1",1.61399257048481,-0.223385136823112,0.357531572306101,-0.624798351044256,0.532103413069966,0.701843062047998,"AL592437.1"
"ENSG00000228368.1",2.71718330427769,-1.73553320113088,0.434045437337317,-3.99850580570005,6.37436177887321e-05,0.00158492626365964,"AC106873.1"
"ENSG00000228369.2",3.03275515659956,-0.21148526898056,0.284903613429049,-0.742304621675945,0.457902792274577,0.640803030906834,"TXNDC12-AS1"
"ENSG00000228382.1",3.95874976306364,-1.14999325679418,0.260813607017581,-4.40925329757302,1.03727646571537e-05,0.000413126003673332,"ITPKB-IT1"
"ENSG00000228386.2",2.40346437630523,-1.63760281564617,0.366955150636991,-4.46267837582736,8.09414985382887e-06,0.000341112064662689,"AL031668.1"
"ENSG00000228393.4",122.213998282016,-0.38877296358341,0.120384408708658,-3.22942952292335,0.00124037449103602,0.0127890331155349,"LINC01004"
"ENSG00000228395.2",42.0245762668901,-0.245524895672867,0.0746004208521152,-3.29119987351795,0.000997610045001495,0.0110051130643588,"AL356481.1"
"ENSG00000228399.1",5.40818737576175,-0.268277013325289,0.174090080284199,-1.54102412318572,0.123310914996832,0.279696845141677,"AL109741.2"
"ENSG00000228401.5",33.0659058296047,0.0374182319146608,0.222766787021028,0.167970425102593,0.866606545823473,0.928700284227665,"AL590226.1"
"ENSG00000228403.1",4.26228287163995,-0.677790915833641,0.251590963324103,-2.69401931960688,0.00705960725632974,0.0424098708742306,"AC035139.1"
"ENSG00000228407.2",9.71580737330168,0.10751818558939,0.115790909722066,0.928554632202706,0.353119942632872,0.546709157335159,"AL139156.2"
"ENSG00000228409.6",199.270195151763,-0.352569521653482,0.0789989708125483,-4.46296347948725,8.08338343946846e-06,0.000341090094867204,"CCT6P1"
"ENSG00000228412.9",70.9322206449504,-0.280872058642806,0.17834172465165,-1.57490940043013,0.115277358513998,0.2678621647827,"LNC-LBCS"
"ENSG00000228414.7",5.1724263817896,0.0577631884444134,0.182230148105522,0.316979320079162,0.751259293934038,0.858966517015209,"LINC01185"
"ENSG00000228415.3",6.01518115092886,-0.304300189933556,0.148817590228646,-2.04478643597188,0.0408759175932432,0.136497685499684,"PTMAP1"
"ENSG00000228421.2",3.43326792730883,-0.262636499141308,0.265547577810004,-0.989037449737991,0.322644819176888,0.516355637971873,"AC005013.1"
"ENSG00000228423.2",2.79613908792714,-1.61010457819209,0.424166770250477,-3.79592342238713,0.000147094901873223,0.00287733875914525,"AL357552.2"
"ENSG00000228427.3",28.8137898464323,0.189962209219248,0.127450763134937,1.49047525920365,0.136099317010608,0.297881725944289,"AL590764.1"
"ENSG00000228430.9",1.9905102286315,-0.00339349360666213,0.269594418076415,-0.0125874030733836,0.98995697063532,0.994947697378546,"AL162726.3"
"ENSG00000228434.1",9.29199417265067,-0.263791400371406,0.141470549351445,-1.86463826980757,0.0622321248050059,0.180021517993152,"AC004951.1"
"ENSG00000228436.3",18.8192516992299,0.0142543126319148,0.0941167171392089,0.15145356813531,0.87961793550527,0.935626834721308,"AL139260.1"
"ENSG00000228437.5",105.47245485031,-0.0510274168800331,0.300517773527165,-0.169798332661414,0.865168738231861,0.928055636883505,"LINC02474"
"ENSG00000228444.2",10.9294616017018,-0.157373615228152,0.136243067525967,-1.1550944799313,0.248051738484135,0.437414540749592,"AL137244.1"
"ENSG00000228445.1",1.18989540095098,0.257085619463715,0.538310192494123,0.477578955495111,0.632949912176156,0.778164170759836,"UGT1A2P"
"ENSG00000228446.2",10.4964773896377,-0.367584029896378,0.203887552931769,-1.80287626493507,0.0714076493436377,0.196531798766402,"ANKRD49P1"
"ENSG00000228451.4",123.815867266926,-0.0906543891883249,0.0875607297274863,-1.03533158609421,0.300514083630412,0.493514299132211,"SDAD1P1"
"ENSG00000228459.4",4.09941366671189,0.113478740776361,0.157442171027798,0.720764583183528,0.471054369362516,0.651875181610535,"LINC01546"
"ENSG00000228463.10",11.1196191416976,-0.201914598337734,0.136117287723285,-1.48338687697193,0.137971652020613,0.300169417990408,"AP006222.1"
"ENSG00000228470.1",3.33638837221112,-0.00602988864509544,0.197635966150957,-0.0305100775052742,0.975660256436754,0.987848789201296,"AL929236.1"
"ENSG00000228474.6",3572.77381092722,0.193868114516771,0.0857104103073047,2.26189693669275,0.0237037716869002,0.0950806832255385,"OST4"
"ENSG00000228476.2",6.7790597486077,-0.51894175237635,0.288280670836968,-1.80012676836675,0.0718406237442294,0.197440142505913,"CSTP1"
"ENSG00000228477.1",53.6595646984208,-0.458566055419826,0.15568385268061,-2.94549529398266,0.00322438052708769,0.0248551287076477,"AL663070.1"
"ENSG00000228481.1",2.65605844947475,-1.32335468153056,0.368825206540783,-3.58802668055779,0.00033319020096545,0.00516188988401244,"PRKCE-AS1"
"ENSG00000228484.3",5.32983227059342,-0.647325549632122,0.237401807372668,-2.72670859921452,0.00639695043768242,0.0397114421843421,"AL137025.1"
"ENSG00000228485.1",2.86029252825895,-1.20429309263534,0.329620488639772,-3.65357474471638,0.000258614458804914,0.00432659789189311,"GRK5-IT1"
"ENSG00000228486.10",157.39400410554,-0.357638878506117,0.12184131160878,-2.93528421340751,0.00333242302540547,0.0254522504668099,"C2orf92"
"ENSG00000228487.2",14.0464313059047,-0.409509945915137,0.144588950340297,-2.83223541599365,0.00462238030096304,0.0317108813847027,"AL450263.1"
"ENSG00000228492.2",65.0867994082253,-0.221902213143837,0.146753924815672,-1.5120700412105,0.13051604528379,0.290517529961438,"RAB11FIP1P1"
"ENSG00000228495.2",7.23917103064142,-0.307142238425549,0.203360653057884,-1.51033267157205,0.130958559055038,0.291132699427043,"LINC01013"
"ENSG00000228496.1",2.69103832548555,-1.6997784039485,0.45621762324693,-3.72580610071806,0.000194692027261249,0.00351893684235003,"AC106875.1"
"ENSG00000228499.1",11.4758771760197,0.146745346018754,0.149003244856634,0.98484664652738,0.324699403882478,0.51824038735847,"TMSB10P1"
"ENSG00000228501.2",4.46234959354706,-0.161868157551555,0.181703353500891,-0.890837480062032,0.373016364732488,0.565057504369766,"RPL15P18"
"ENSG00000228502.1",228.553712290223,-0.286664968105726,0.146065647836673,-1.9625762275485,0.0496954352330911,0.155090937871701,"EEF1A1P11"
"ENSG00000228506.2",134.35262494304,-0.263848639543927,0.101519400300891,-2.59899722380068,0.0093496529423522,0.0513186723257117,"AL513550.1"
"ENSG00000228509.6",192.50323854728,-0.238718575183307,0.208468087653908,-1.14510848096626,0.25216422274554,0.442463553698074,"AC006460.1"
"ENSG00000228510.2",3.21554693262181,0.343200935978483,0.215532158136133,1.59234213096736,0.111307851290184,0.26191054442039,"AL359091.2"
"ENSG00000228513.1",5.09689445384818,-0.719114069468217,0.214236345998964,-3.35663897792439,0.000788960580940626,0.00929142717412673,"AC023271.2"
"ENSG00000228519.3",18.1577843955585,0.0465594098939096,0.128265187654467,0.362993347963875,0.716609853476345,0.836785849361845,"RANBP1P1"
"ENSG00000228522.2",2.54753671800228,-1.13089787395334,0.344383653401768,-3.28383145594312,0.00102406145492544,0.0111637452582949,"AL845321.1"
"ENSG00000228526.7",528.48810999771,-0.218022530563154,0.131534309244629,-1.65753355010724,0.0974116516534105,0.240578387817733,"MIR34AHG"
"ENSG00000228532.4",10.8842763261285,-0.0947864785548958,0.139825636417695,-0.677890557005901,0.497841087712279,0.674752318648177,"SUMO2P21"
"ENSG00000228536.3",5.27390624265576,0.0588298236607173,0.203690450064807,0.288819744087166,0.772719322102589,0.872841975665383,"LYPLAL1-AS1"
"ENSG00000228540.1",4.09622102578158,-0.724127031308812,0.232748822851299,-3.11119524660904,0.00186331693852058,0.0170746304764161,"AC073326.1"
"ENSG00000228541.1",3.96319618009014,-0.713807708097031,0.20266727141849,-3.52206699730555,0.000428195913612483,0.00606893424942545,"AC093159.1"
"ENSG00000228544.1",46.3114150029972,-0.123493229903867,0.0999738646462431,-1.23525513733861,0.216735564570334,0.400453807161336,"CCDC183-AS1"
"ENSG00000228548.1",1.835686086702,-1.72297341512192,0.448894727989962,-3.83825718523575,0.000123910662733569,0.0025512416168143,"ITPKB-AS1"
"ENSG00000228549.4",38.2479753971934,-0.0295177910014008,0.176538210798432,-0.167203410909741,0.867210000683974,0.929047931034898,"BX284668.2"
"ENSG00000228551.1",4.86554440995516,0.299870186434216,0.172644726349835,1.73692062754689,0.0824011818939607,0.216037773857682,"SNRPGP9"
"ENSG00000228554.1",14.9216369827322,-0.441360839012544,0.163242949929395,-2.70370536187589,0.00685710613350378,0.0415986943335899,"AC004837.2"
"ENSG00000228559.2",44.9575597868385,-0.349471717703966,0.23735062003201,-1.4723859480832,0.140916685566648,0.304665186867356,"AL033519.4"
"ENSG00000228561.2",30.6563049889453,-1.05749979772593,0.205330865253738,-5.15022325756593,2.60176568112813e-07,2.84936134282233e-05,"AC026355.2"
"ENSG00000228566.2",3.01567272778701,-0.25602181268579,0.28164978376996,-0.909007666396429,0.36334607906991,0.55625967405225,"AC013287.1"
"ENSG00000228568.1",1.50331890186601,-2.35651648528234,0.735399486690628,-3.20440322291616,0.00135342782255728,0.0135870951939811,"RPS15AP13"
"ENSG00000228570.7",4.59031111872011,0.0577773588909684,0.255571527037179,0.226071188605307,0.82114605268451,0.902480322646502,"NUTM2E"
"ENSG00000228589.3",56.2060800032035,-0.0652245944765614,0.112197644942117,-0.581336573599304,0.561013635714673,0.724851979762091,"SPCS2P4"
"ENSG00000228590.2",6.99408724988224,-0.620544401862532,0.201670358275011,-3.07702335221876,0.00209078920737683,0.018414985471216,"MIR4432HG"
"ENSG00000228594.4",559.655777392809,0.121376301712942,0.144598664326464,0.839401264723358,0.401244174392216,0.59145904916671,"FNDC10"
"ENSG00000228598.1",5.10625518706234,-0.327288983224401,0.353271492400526,-0.926451724141195,0.354211274369098,0.547608820876265,"MACC1-AS1"
"ENSG00000228599.1",3.10803318359977,-1.26012754244773,0.278139555311859,-4.53055855732146,5.88279459283837e-06,0.000270893333858047,"RPL7P52"
"ENSG00000228604.3",2.16819851759884,-0.626607291825778,0.329861727306702,-1.89960592561611,0.057484854019646,0.170719153394331,"AL121759.1"
"ENSG00000228606.3",13.5398142441179,-0.184377533300813,0.104628695413843,-1.76220808805401,0.0780341460740973,0.208252733027508,"AL139011.1"
"ENSG00000228612.2",3.04217064518438,0.495111309489146,0.217191516731066,2.27960703503079,0.0226310053464812,0.0922559061404286,"HK2P1"
"ENSG00000228613.1",15.3596680296832,0.00682189151626916,0.233479165734196,0.0292184165333001,0.976690393234336,0.98824718719797,"AC141930.1"
"ENSG00000228623.6",21.6282894397402,0.16491621552115,0.170603184402614,0.966665517402986,0.333711270452505,0.527276794038026,"ZNF883"
"ENSG00000228624.7",51.5386199814364,-0.166033365493448,0.138730792633762,-1.19680254355472,0.23138352664388,0.418003362639072,"HDAC2-AS2"
"ENSG00000228625.1",2.89831317707377,-0.90871499181692,0.410930970623874,-2.21135678928583,0.0270111396314719,0.103401508668943,"AL451047.1"
"ENSG00000228626.1",2.68371493325464,1.24294781479273,0.320203558981865,3.88174266002811,0.00010371059389377,0.00225087144883004,"AC245100.3"
"ENSG00000228630.5",30.8794267286144,0.381313847746913,0.430868040274216,0.884989862567283,0.376162098937555,0.567786653578042,"HOTAIR"
"ENSG00000228634.1",8.50149927212832,-1.22316847098775,0.232905316502568,-5.25178424157729,1.50632851800992e-07,1.9363009787685e-05,"AL136115.1"
"ENSG00000228636.3",0.796897311122345,-0.489003990661381,0.722544635295416,-0.676780321621859,0.498545345384172,0.675349724696881,"LINC02663"
"ENSG00000228648.1",2.02461435125827,-0.877580937214473,0.346777250737593,-2.53067620597332,0.0113842887478916,0.0585083552459951,"AL353747.2"
"ENSG00000228649.9",228.197209303857,-0.473918876676735,0.145808978483239,-3.25027225076687,0.00115294575365236,0.0121433163481012,"SNHG26"
"ENSG00000228653.2",27.7005091949784,-0.131235867557617,0.110669938557307,-1.18583121368285,0.235688962135832,0.423049697220891,"HNRNPCP7"
"ENSG00000228655.7",7.74698275610721,-0.470823824556305,0.186380325895332,-2.52614551613517,0.0115321703558983,0.0589511943500916,"AC079793.1"
"ENSG00000228657.1",2.76207549280201,-0.33927055254978,0.264659046624371,-1.28191556977572,0.199872265527821,0.380552861501644,"RPL23AP58"
"ENSG00000228663.1",12.5506130126941,-1.12741757731014,0.198820754927074,-5.67052256553228,1.42362616356378e-08,3.13885999096217e-06,"PSMD10P1"
"ENSG00000228665.2",6.02560570330928,-0.229697629587512,0.167965987207191,-1.36752466024072,0.171460913084245,0.345652326933925,"BX679664.1"
"ENSG00000228666.1",3.15700428559588,0.150338261728082,0.183903996842178,0.817482296793684,0.413652862153849,0.602728554408862,"KRT18P1"
"ENSG00000228668.1",8.43945679728532,0.0223684873769988,0.189602590619591,0.117975642125469,0.906086957848094,0.95018121102547,"TRGV5P"
"ENSG00000228670.4",2.32719230120226,-0.799664135734033,0.469111145358072,-1.70463682998546,0.0882621779698963,0.225796272564297,"NANOGP2"
"ENSG00000228672.4",155.447578956753,0.167059062270965,0.0831401535681116,2.00936677527428,0.0444982510500104,0.144576975915682,"PROB1"
"ENSG00000228674.4",2.55654035992026,-1.14235821242702,0.310896012687749,-3.67440612232732,0.000238403276995739,0.00409554195099026,"PPIAP59"
"ENSG00000228677.1",5.77172833495108,-0.870419849185454,0.231556350556462,-3.75899795921691,0.000170595229140922,0.00320339930275731,"TTC3-AS1"
"ENSG00000228686.2",18.2813655424685,-0.714945585906309,0.157232655621919,-4.54705533706348,5.44016982118337e-06,0.000255097991347405,"AL590723.1"
"ENSG00000228692.2",4.41717272062231,-0.114293515432367,0.261434565758535,-0.437178286278832,0.661982055735893,0.799483751645631,"AL445307.1"
"ENSG00000228695.10",38.7967879264355,-0.095823025479146,0.252491698784134,-0.379509607407209,0.704309471283258,0.82795717762203,"CES1P1"
"ENSG00000228696.10",71.8309211144342,-0.348178649768947,0.150563994897249,-2.31249609182167,0.0207503604394875,0.0871944654943653,"ARL17B"
"ENSG00000228697.4",5.59607217018964,-0.0567680010616373,0.283621583321308,-0.200154023529748,0.841360123425595,0.913591643373358,"AL023755.1"
"ENSG00000228701.2",17.9455616919832,-0.209892822659574,0.13300595704537,-1.57807084225542,0.11454933584175,0.26680452236606,"TNKS2-AS1"
"ENSG00000228705.2",8.18888855548642,1.27441788119261,0.319178910500249,3.99280102559162,6.52973587544884e-05,0.00161152332469472,"LINC00659"
"ENSG00000228709.1",40.495897310501,-0.25919130613204,0.237736975172461,-1.09024398053359,0.275605684555436,0.468078358205588,"LINC02575"
"ENSG00000228714.4",3.19511547179371,0.608014600648967,0.471782975973324,1.28875909393421,0.197481851179733,0.377768614310594,"AL691420.1"
"ENSG00000228716.7",537.464359537397,0.139710511227058,0.0820656746154785,1.70242323458226,0.0886760575665102,0.22650698055561,"DHFR"
"ENSG00000228719.1",8.02133645959601,-0.109170680758341,0.243494988426363,-0.448348779019555,0.653901501857471,0.793408750367753,"AL022313.2"
"ENSG00000228723.6",124.46394992264,-1.07477560964661,0.321991761910171,-3.33789784953085,0.000844147768930603,0.00979065815981544,"SRGAP3-AS2"
"ENSG00000228727.9",15.6592264839258,-0.40127844719206,0.162985783998597,-2.4620456910249,0.0138147066430065,0.0665701300138395,"SAPCD1"
"ENSG00000228728.1",10.1611731359183,-0.847683715534808,0.20762791966297,-4.08270581774746,4.45143581940546e-05,0.00120326396737856,"PPIAP91"
"ENSG00000228729.1",4.03311911505791,-1.47214239829967,0.425075569663094,-3.46324866297646,0.000533694932631028,0.00704253087280412,"AL627308.1"
"ENSG00000228730.2",3.81192217196905,0.0887915986663327,0.228197707288542,0.38909943365058,0.697202592417226,0.823177739887464,"LINC02013"
"ENSG00000228741.2",13.7319764801094,-0.314683538450093,0.173383025614368,-1.81496162807771,0.0695298065643171,0.193258962259627,"AL445985.1"
"ENSG00000228742.11",225.850946622655,-0.435549697284625,0.274804601202199,-1.58494324832702,0.112979229095897,0.264404433733285,"LINC02577"
"ENSG00000228748.2",20.1811456180582,-0.400783958007431,0.157651148881629,-2.54222034441598,0.0110150708477347,0.0573133413517669,"AL450306.1"
"ENSG00000228751.1",3.7595157338384,-0.29847803252243,0.325862062755301,-0.915964350064787,0.359685593424516,0.552837471117788,"AC004022.1"
"ENSG00000228753.1",4.32107027015875,-0.521730627554959,0.235642097330044,-2.21408073288456,0.0268232257734525,0.102978050700594,"EIF4BP2"
"ENSG00000228763.1",10.9686230069595,-0.602732506972581,0.180167846130629,-3.34539441924379,0.000821656350510561,0.00958493513579121,"LIMS1-AS1"
"ENSG00000228775.8",64.0936625983261,-0.194428473648674,0.106629288617837,-1.82340589690617,0.0682419378481568,0.190874471711223,"WEE2-AS1"
"ENSG00000228778.2",0.364915211874327,0.995107687360531,0.82315063829675,1.20890106994218,0.226700855065391,0.412366910762829,"AL513542.1"
"ENSG00000228779.1",7.63898238417385,-0.368286075231718,0.186565561502417,-1.97403032084754,0.0483782953520491,0.152423449148838,"Z69666.1"
"ENSG00000228782.7",100.551334864877,-0.130732531588513,0.0921466865999109,-1.41874370541544,0.155973750238727,0.325351602320391,"MRPL45P2"
"ENSG00000228784.9",62.7132689885342,-0.560031590143678,0.158775605398634,-3.52718913423521,0.000419996631249631,0.00599869062384983,"LINC00954"
"ENSG00000228789.8",3.71336233573478,-0.410000568383004,0.235883972366792,-1.73814509001682,0.0821852515697749,0.215805156598511,"HCG22"
"ENSG00000228791.8",7.01121309239527,-0.0176443827401332,0.154064454499859,-0.114525980683944,0.908820852284036,0.951759071280941,"THRB-AS1"
"ENSG00000228792.3",3.01255271487671,-0.119756250241363,0.227056393615151,-0.527429544416812,0.597895331310571,0.752708743079086,"AL356310.1"
"ENSG00000228793.2",71.1253428532839,-0.408625495264501,0.198157345128357,-2.06212641272426,0.0391957023055803,0.132859144457309,"AL033523.1"
"ENSG00000228794.10",477.664797653357,-0.00927060719902683,0.0524583686116714,-0.176723131968771,0.85972587016894,0.924809479661858,"LINC01128"
"ENSG00000228797.2",7.04219865690267,0.164981408954127,0.10556581053886,1.56282993624527,0.118092600862523,0.272086986886918,"FAM207BP"
"ENSG00000228801.6",338.148489424378,-0.0741344725839055,0.0967997622139022,-0.765853870798646,0.443763256058064,0.628689790806005,"AC064807.1"
"ENSG00000228804.5",6.67875012569538,-0.910705103592609,0.248651319347519,-3.66257901217807,0.00024968870167856,0.00423293023319956,"AC072022.1"
"ENSG00000228808.1",4.62822926801067,-0.450819976320619,0.238030358924124,-1.89395999047468,0.0582303206889025,0.171989182638008,"HMGB3P4"
"ENSG00000228812.7",2.99452654797803,-0.130773214686368,0.23378689573592,-0.559369310562583,0.575909701599801,0.735778222030486,"LAMA5-AS1"
"ENSG00000228816.1",3.59009943224404,-0.871156965270104,0.268976583458332,-3.23878366685054,0.00120040585186659,0.0124848201984382,"AK3P5"
"ENSG00000228817.4",13.2715153697352,-0.809220337452956,0.177415327095102,-4.56116363057618,5.08709177278871e-06,0.000243689994807848,"BACH1-IT2"
"ENSG00000228818.1",7.04347832349969,0.232685271583961,0.164904119244452,1.41103371249952,0.158234673761698,0.328377629994702,"AL359918.1"
"ENSG00000228824.7",17.498267459403,-0.551853274257123,0.240932995264828,-2.29048442970851,0.0219932501591086,0.0905318097857569,"MIR4500HG"
"ENSG00000228828.1",6.12249329278898,-0.697267075938905,0.223627400880125,-3.11798586932857,0.00182091533755784,0.0167839796050147,"TLK2P2"
"ENSG00000228834.1",6.12270024184009,-0.297918475526728,0.242217335566437,-1.22996347404297,0.218710783064314,0.402762215861508,"ATP5MFP2"
"ENSG00000228835.1",2.01973973413156,-1.27081129422025,0.359436517395613,-3.53556534385606,0.000406903596945578,0.0058725236758245,"AC012123.1"
"ENSG00000228839.5",11.3963830916604,-0.359363513216208,0.130180036769186,-2.76051168931049,0.00577108927033446,0.0369351932097742,"PIK3IP1-DT"
"ENSG00000228847.1",2.25516079887508,0.0309998647470459,0.219558058116474,0.141192106602622,0.887718181627751,0.940247555783181,"ATP5MC2P4"
"ENSG00000228852.6",15.118552952321,-0.390486923542197,0.165698981557699,-2.35660424627428,0.0184428902839428,0.0808345374174971,"AC092802.2"
"ENSG00000228857.2",13.1111386169389,0.109726349396055,0.142093749626331,0.77221095005661,0.439989497118531,0.625312487303306,"AC104653.1"
"ENSG00000228863.8",14.4364133671356,-0.461887302220413,0.180468828005205,-2.55937442119971,0.0104860733748903,0.0553883612359548,"AL121985.1"
"ENSG00000228874.1",3.42865224368648,0.187137455974998,0.30825952549556,0.607077609926747,0.543799408322855,0.7114115957913,"AC090954.1"
"ENSG00000228878.8",65.8495791482315,-0.0130713194436466,0.0948207255066971,-0.1378529785951,0.89035661314723,0.941873497760254,"SEPTIN7-DT"
"ENSG00000228879.1",1.69359616255405,-0.697721672954747,0.316502540325979,-2.20447416389181,0.0274910149781237,0.104549161149368,"RPL35AP6"
"ENSG00000228886.1",5.04635289844017,-1.3595034005596,0.235641725719628,-5.76936616979784,7.95702399284943e-09,1.97696417756669e-06,"AL138963.1"
"ENSG00000228887.3",26.2643329091989,-0.00874367319645427,0.124929967348239,-0.0699885974682238,0.944202735284056,0.970915824993423,"EEF1DP1"
"ENSG00000228888.1",1.069231763915,-0.255590931634261,0.547259868867353,-0.467037592512036,0.640472982537581,0.78356074315754,"LINC01428"
"ENSG00000228889.7",44.5088392442762,0.0133823935937329,0.100495282337898,0.133164396202569,0.894063367740548,0.944055336794883,"UBAC2-AS1"
"ENSG00000228903.7",129.965291812856,0.0118805676024559,0.101479818944538,0.117073204564437,0.906802043352562,0.950482020883948,"RASA4CP"
"ENSG00000228906.1",29.8112330804694,-0.563306984416054,0.158405727334781,-3.55610238274742,0.000376397443014275,0.00559937447286607,"AL353804.1"
"ENSG00000228915.3",11.0208877504092,-0.430584792937196,0.14716813327383,-2.92580182515479,0.00343569720307235,0.0260142522133018,"OR7E128P"
"ENSG00000228917.1",8.81341870531861,0.0199889683491379,0.176602274673965,0.11318635836396,0.909882810612545,0.95219922210815,"NECTIN4-AS1"
"ENSG00000228918.4",8.60853834326159,-0.701339814613791,0.248453226439645,-2.82282433866546,0.00476026455175647,0.032297429737442,"LINC01344"
"ENSG00000228923.1",1.40313107725082,-0.278807858875556,0.286183951472844,-0.974226043915717,0.329944316011646,0.523586087367766,"AP000355.1"
"ENSG00000228925.1",18.0703093244769,-0.353996209147605,0.118624738915968,-2.98416849961095,0.0028435013447199,0.0227787993911837,"AC016722.2"
"ENSG00000228927.10",0.121202332480775,-0.46415881864415,2.94377092527757,-0.157674910998852,0.874712971282273,0.933122463164495,"TSPY3"
"ENSG00000228929.1",48.9487767482547,-0.0409755884113208,0.127652923089297,-0.320992167039192,0.748216326871395,0.856928850837782,"RPS13P2"
"ENSG00000228933.8",4.6819443696152,-0.0184614128098166,0.364617713528901,-0.0506322433738626,0.959618569271185,0.979570372661613,"AC107419.1"
"ENSG00000228939.1",3.08806094047647,-1.51163998823824,0.360852892678558,-4.18907543463919,2.80093288540347e-05,0.000849284686281763,"AKT3-IT1"
"ENSG00000228949.1",0.712473721743808,-1.23481777011984,0.75874730007924,-1.62744272037724,0.103643104598726,0.250169642674209,"UGT1A12P"
"ENSG00000228950.1",1.92058165255134,-0.0605785747309656,0.288497245754773,-0.209979733333255,0.83368349087294,0.909281718644809,"AC023137.1"
"ENSG00000228952.1",33.313562785912,0.470661511212732,0.226835550261794,2.07490188671721,0.0379956288246092,0.129995732243111,"LINC02041"
"ENSG00000228955.2",3.37984843182918,-0.420461332052594,0.258651845818534,-1.62558798187577,0.104037333530252,0.250866585443809,"AL591623.2"
"ENSG00000228956.8",39.8330148692813,-0.446017449096884,0.149415591321884,-2.9850797038713,0.00283504442088799,0.0227438876878611,"SATB1-AS1"
"ENSG00000228960.6",19.3519706183721,0.0288491174152787,0.127300193368419,0.226622730507459,0.820717115718135,0.902187078790604,"OR2A9P"
"ENSG00000228966.2",2.21948387625374,-0.365512528894615,0.462675807149508,-0.789997063270922,0.429529483401244,0.616127750576373,"HOMER2P1"
"ENSG00000228971.3",1.10902478327986,-0.661009175700736,0.370217368243348,-1.78546235914639,0.0741863515732862,0.201541101830226,"LINC02607"
"ENSG00000228974.5",4.59986576289239,-0.0517757328619432,0.169543148816744,-0.305383810689435,0.76007385046213,0.86465997073176,"AC006483.1"
"ENSG00000228976.1",2.15111493776007,-1.86309710167501,0.532387475855562,-3.49951339234824,0.00046610818984193,0.00644173514504249,"SUMO2P8"
"ENSG00000228980.4",4.06206421747066,1.50120482362578,0.437549695739173,3.43093559027559,0.000601503402689452,0.00764027695353646,"LINC01205"
"ENSG00000228981.3",21.4008466015107,0.0485423102053133,0.149054270707358,0.325668697548544,0.744675029893468,0.854602152532726,"AC097658.1"
"ENSG00000228983.9",1.97403770096747,0.119612901611534,0.301539720292135,0.396673783127648,0.691608035463813,0.819507645823282,"SLC47A1P1"
"ENSG00000228986.1",4.38610502105177,-0.46922299672246,0.20542643264032,-2.28414128937351,0.0223632286713425,0.0915031380923282,"AC234781.3"
"ENSG00000228988.1",2.48469967228577,-1.5819480168966,0.454925738987988,-3.47737637447322,0.000506346492440552,0.00680573022721974,"AL353771.1"
"ENSG00000228995.1",1.7858161599858,-1.25088211654224,0.522355652909517,-2.39469432287147,0.0166342264461244,0.0754441927175226,"MTND1P9"
"ENSG00000228997.1",18.5567671728426,-0.552651215472496,0.231776659600125,-2.38441272053003,0.0171064052676341,0.0768484078498641,"AL136452.1"
"ENSG00000228998.4",10.6636635501641,-0.0721973764260311,0.124997579725089,-0.577590194824708,0.563540828372944,0.726729085448365,"AC091167.1"
"ENSG00000229007.1",6.18271999864425,-0.538296885813466,0.224225060963339,-2.40069902757872,0.0163637893113292,0.0746198654351573,"EXOSC3P1"
"ENSG00000229009.7",2.03794193073331,-0.92058746596377,0.52754432072783,-1.74504288984417,0.080977403453194,0.213746189896709,"TMPRSS11GP"
"ENSG00000229010.1",1.8870245664153,-0.268554985080646,0.409045290183017,-0.656540954084784,0.511476125926468,0.686414650937999,"AL161672.1"
"ENSG00000229014.3",0.8564481256939,0.606476606041789,0.75061681789938,0.80797098010544,0.419107288176372,0.607406361886469,"RPL30P13"
"ENSG00000229017.7",14.5281839564537,-0.13961189538466,0.147311975676553,-0.947729434375387,0.3432672123434,0.53669556215595,"LINC01277"
"ENSG00000229019.1",2.03567781169795,-0.336726059635352,0.351267200161377,-0.958603762266033,0.337758396517317,0.531150644525579,"AL161457.1"
"ENSG00000229020.4",2.07915782461297,0.530915522390019,0.226288792694038,2.34618566862859,0.0189666566988111,0.0823872670590809,"AKR7A2P1"
"ENSG00000229021.2",7.15367816083342,0.753107193180078,0.191938229512542,3.92369563422939,8.72008916076697e-05,0.00199257329052447,"AL450992.1"
"ENSG00000229022.1",4.26382795009708,-0.230449958380633,0.153450293118366,-1.50178897477161,0.133151616574502,0.294025122412608,"AL365366.1"
"ENSG00000229023.1",6.53059175645358,-0.788591967688994,0.242769036325053,-3.2483218602603,0.00116087873859381,0.0122114173282792,"RAB1AP1"
"ENSG00000229029.2",12.0501624259971,-0.392013393992875,0.181683775576649,-2.15766868972563,0.0309535999539424,0.113080730622232,"CDCA4P1"
"ENSG00000229035.2",8.43981705769863,-0.173300958419999,0.490255418514063,-0.353491163739229,0.72372025205881,0.841268055023714,"SPRR2C"
"ENSG00000229036.7",95.8250988053896,-0.205308973700205,0.0928435286451498,-2.21134393205692,0.027012029287526,0.103401508668943,"VDAC1P8"
"ENSG00000229037.2",4.33769636681876,0.206245664550705,0.132586639639677,1.55555390129207,0.119814207848602,0.274420364742948,"MRPL32P2"
"ENSG00000229043.3",248.627178212241,0.117161393710455,0.097159733153154,1.20586368352589,0.227870055511322,0.413725132690105,"ZFAND2A-DT"
"ENSG00000229044.1",1.92717032947901,-0.232309400443906,0.358141729446933,-0.648652143392096,0.516563243704825,0.690569389361738,"AL451070.1"
"ENSG00000229046.1",1.74736588854463,-1.60673829552716,0.423535971948546,-3.79362888147399,0.000148461516532337,0.00289048495316438,"HMGN1P2"
"ENSG00000229048.5",3.20007862863137,-0.930991330321019,0.289618996139017,-3.21453821307407,0.0013065452323307,0.0132416470076061,"DUTP1"
"ENSG00000229052.2",5.76770152485945,-0.420516013842347,0.206817435335531,-2.03327158157687,0.042025092636333,0.139010572194877,"AL449283.1"
"ENSG00000229054.1",1.99192104591352,-0.68256995140434,0.323603901404374,-2.10927602677881,0.0349207628381675,0.122483876650981,"RPS29P14"
"ENSG00000229056.2",54.3573997324258,-0.114747429920429,0.130832547217413,-0.877055689588809,0.380456390591336,0.571954549013474,"HECW2-AS1"
"ENSG00000229057.1",2.66572175344284,-0.567494974456179,0.307393544830833,-1.84615124162248,0.0648702483490951,0.184844674622255,"RPS3AP54"
"ENSG00000229081.1",2.98013498424569,-0.136671435599776,0.245532689713703,-0.556632339910168,0.577778653288499,0.737221427535891,"LINC01165"
"ENSG00000229083.1",2.33407566255598,-0.275406411591051,0.225703273649084,-1.22021451943689,0.222383564153744,0.407044287089355,"PSMA6P2"
"ENSG00000229087.1",0.970543240924453,-0.0916283474893302,0.777163319792476,-0.117901019201212,0.906146085676174,0.950188803810989,"RPS26P18"
"ENSG00000229089.8",2.02338929348518,-1.26348148918746,0.351488532969193,-3.5946592012952,0.000324816477802605,0.0050675328001322,"ANKRD20A8P"
"ENSG00000229092.2",19.525756853534,-0.482750582693851,0.204951839201181,-2.35543425506898,0.0185010705986981,0.0809722812465433,"IGHV3-47"
"ENSG00000229097.1",45.2647007350361,-0.426731144363243,0.139700946124611,-3.054604540635,0.00225357458676508,0.0193921578488421,"CALM2P2"
"ENSG00000229105.1",1.46174618784037,-0.293165902045441,0.488587784801492,-0.600027080424352,0.548488187919469,0.71482669608573,"ASTN2-AS1"
"ENSG00000229106.1",3.16459162048748,-0.494825803397443,0.188482330912769,-2.62531665966319,0.00865684160434181,0.0486927230162784,"BTBD6P1"
"ENSG00000229108.2",8.64585909921625,-0.227363832713552,0.178511390781469,-1.27366568440379,0.202781922817359,0.383695362690802,"LINC02587"
"ENSG00000229109.2",17.9681440198225,-0.0890382774154293,0.159924000634106,-0.556753689642507,0.577695728683867,0.737159322949368,"AL137847.1"
"ENSG00000229111.1",3.33253240615559,-0.38176120860871,0.230140388722562,-1.65881882240553,0.0971523063178286,0.240204572394908,"MED4-AS1"
"ENSG00000229116.3",13.5733841693114,-0.4021261780407,0.213331540932791,-1.88498229695621,0.0594322279506007,0.174471137039004,"AL137026.1"
"ENSG00000229117.9",9663.69651113208,0.136262667358113,0.0916413562416874,1.48691238264463,0.137037953392212,0.299093942290602,"RPL41"
"ENSG00000229119.3",159.114717650656,0.336485195301254,0.13236620643913,2.54207780334016,0.0110195641050768,0.0573211269381158,"AC026403.1"
"ENSG00000229120.2",1.38914639648093,-1.53680703234088,0.612544941200601,-2.50888862020264,0.0121111665430758,0.0608721418657342,"CYCSP4"
"ENSG00000229122.1",15.9031088548661,-0.14664533517177,0.106751339998424,-1.37370954944392,0.169531871067013,0.34282219287136,"AGBL5-IT1"
"ENSG00000229124.7",166.463446038797,-0.298899484955628,0.107146000955618,-2.78964667173568,0.00527655904111303,0.0347935195396665,"VIM-AS1"
"ENSG00000229127.2",50.1492406687873,-0.857036698918919,0.167796717642768,-5.10758917670554,3.26295115749464e-07,3.31230865092078e-05,"KANSL1L-AS1"
"ENSG00000229131.1",0.711691912035704,0.293069901272171,1.0243673822733,0.286098431425826,0.774802732907401,0.874384355713989,"AC016710.1"
"ENSG00000229132.2",36.0493671341688,0.00794643289012338,0.134242715984543,0.0591945181669176,0.952797175857193,0.975232947999214,"EIF4A1P10"
"ENSG00000229133.1",13.6904969143236,-0.353781621268396,0.15220915018404,-2.32431244009069,0.0201087545553017,0.0854910950593358,"RPS7P4"
"ENSG00000229140.11",17.8325733585947,0.720888062161243,0.20809162870768,3.46428189657702,0.000531649063378755,0.00702667418303648,"CCDC26"
"ENSG00000229145.1",6.50651153154116,0.360855246654297,0.185543497214118,1.94485526074712,0.0517924009542464,0.159394010442755,"ACTBP1"
"ENSG00000229152.2",339.456437796402,-0.270516298979576,0.126152093440237,-2.14436630897236,0.0320035475664395,0.115554284311082,"ANKRD10-IT1"
"ENSG00000229153.5",22.1238994169744,-0.0770179743568815,0.144314271348819,-0.533682314555868,0.593561347067229,0.749504586509491,"EPHA1-AS1"
"ENSG00000229154.2",4.38428478044914,-0.622942319281867,0.306764893692342,-2.03068321079342,0.0422871405509153,0.139558462565585,"KCNQ5-AS1"
"ENSG00000229155.1",59.9101317792282,-0.395436968476626,0.221462448295796,-1.78557119511503,0.0741687142827396,0.201541101830226,"LINC02038"
"ENSG00000229160.1",2.5446804310131,-0.180201759860895,0.243216366701352,-0.740911322313137,0.458747209972298,0.641429207576654,"AC009229.2"
"ENSG00000229161.2",2.67218775241979,0.130524239649882,0.206791174006286,0.631188638862866,0.527917189584231,0.699011573052331,"TCP1P1"
"ENSG00000229162.1",7.90863074176909,0.0482697113008328,0.196285445022984,0.245915897101697,0.805747337545172,0.893119793211193,"RUNX3-AS1"
"ENSG00000229167.2",16.4173245671714,0.359347252519033,0.180014926086914,1.99620809413067,0.0459112767911772,0.147368388657726,"AC114488.1"
"ENSG00000229173.1",1.17782852511636,-0.463655791980088,0.571123320124223,-0.811831307955067,0.416888434684948,0.605429297970162,"SRMP3"
"ENSG00000229178.1",7.4198606198793,0.176530028643756,0.171969574448218,1.02651895959021,0.304647031468414,0.497870293475256,"AC233280.1"
"ENSG00000229180.7",1035.82732479305,-0.153762949757904,0.0597506651089867,-2.57340984368018,0.0100701879501003,0.0539969024678193,"AC006001.3"
"ENSG00000229190.1",6.12895679836133,-0.994804371006161,0.281844198223437,-3.52962515204061,0.000416148825954381,0.00596677125861292,"AC069542.1"
"ENSG00000229191.1",3.53873278961963,-0.00671506578318225,0.202573360460101,-0.0331488097345595,0.973555919577169,0.986812604722963,"AL358473.1"
"ENSG00000229196.4",17.2836708534975,-0.170401986544488,0.184320731744578,-0.924486274178978,0.355233194559927,0.548792187434779,"AC087071.1"
"ENSG00000229204.3",44.2866503835516,0.0618309333745716,0.0967385521293282,0.639155042261857,0.522722075628735,0.695231308407386,"PTGES3P3"
"ENSG00000229205.5",4.12497867773251,-0.288381728251583,0.286330628403709,-1.00716339659264,0.313856259776229,0.507884886055384,"LINC00200"
"ENSG00000229206.3",3.96166364910142,-0.24856131232666,0.35401792522027,-0.702115047344014,0.482607419033872,0.662330272602771,"AL162408.1"
"ENSG00000229212.8",5.48963712847269,-0.173194653763017,0.17132391056576,-1.01091933514172,0.312055039044212,0.506101345230852,"AC044860.1"
"ENSG00000229214.2",26.4382265656106,-0.0238441136830785,0.138158937712167,-0.172584662837768,0.86297790827028,0.927050827272518,"LINC00242"
"ENSG00000229222.1",9.71549141801881,-0.232264659024269,0.106735496771192,-2.176076994537,0.0295495038181825,0.109578038607568,"KRT18P4"
"ENSG00000229224.2",1.19494758737089,-0.240834178379481,0.347729060198543,-0.69259146256563,0.48856596958398,0.667124387882842,"AC105398.1"
"ENSG00000229228.1",14.7592049437236,-0.186692098346874,0.180338292145906,-1.03523270696069,0.300560247724729,0.493565765389139,"LINC00582"
"ENSG00000229229.1",1.15677861687976,-0.772115900103564,0.595445195194643,-1.29670355279493,0.194733206456953,0.37433227043107,"AC022201.1"
"ENSG00000229235.1",1.81421710871838,-2.05010509169348,0.61026508063945,-3.35936817742436,0.000781209119143887,0.0092379727411204,"RPL37P18"
"ENSG00000229236.3",4.39132296170798,0.291021442124852,0.294208955410802,0.989165818282114,0.322582019306856,0.516283202037456,"TTTY10"
"ENSG00000229237.2",18.3620103167174,0.218176156660156,0.100141508179973,2.17867855822636,0.0293555557033443,0.109114046670921,"HMGN1P37"
"ENSG00000229240.9",5.63229265995653,-1.13697330783789,0.338790904872137,-3.35597352670078,0.00079086138759194,0.0093039392851938,"LINC00710"
"ENSG00000229241.1",2.90467716641396,-0.734802558340984,0.318249570841817,-2.30888782158393,0.0209498069574377,0.0877004807033791,"PNPT1P1"
"ENSG00000229246.2",1.84927861262615,-0.677748786038437,0.252479569649856,-2.68437080662944,0.0072666461903617,0.0431374601291641,"LINC00377"
"ENSG00000229251.3",9.6949637649483,0.0641326588619384,0.119926610168361,0.534765876996812,0.592811761581247,0.748809238702909,"HNRNPA1P8"
"ENSG00000229261.1",6.42672947836995,1.10955720543227,0.281905658923193,3.93591675197475,8.2879701432552e-05,0.00192152778537183,"AL596223.1"
"ENSG00000229263.1",3.83168911692421,-0.669716268835253,0.275223510780033,-2.43335413801371,0.0149596614400833,0.0702471097778126,"AC004691.1"
"ENSG00000229267.3",44.8237428366743,0.103276785914772,0.156519056607762,0.659835218490897,0.509359579936189,0.68445707518629,"SNHG31"
"ENSG00000229272.2",22.7149878232305,-0.303742564563452,0.156799820832381,-1.93713591604262,0.0527287312909111,0.161350887028337,"AL157388.1"
"ENSG00000229274.2",6.57062469830269,-0.289328112620146,0.225762882842762,-1.28155748623061,0.199997921866847,0.380617972602775,"LINC02829"
"ENSG00000229276.1",2.13674340659521,-0.786022966603021,0.294478358737725,-2.66920452141982,0.00760311377011371,0.0444634580622511,"REV3L-IT1"
"ENSG00000229282.2",5.14465565985014,0.00540336264131387,0.148401912699477,0.0364103301839244,0.970955177346612,0.985458973856072,"AL031963.2"
"ENSG00000229294.1",0.991008073463783,-0.38305941047221,0.70250493099982,-0.545276472190781,0.585563383240807,0.743115788650593,"AL139294.1"
"ENSG00000229298.1",7.73313089507342,-0.0279072880756044,0.19797467334677,-0.140963930404989,0.887898437124117,0.940275343412153,"TUBB8P1"
"ENSG00000229312.2",10.2466158504844,0.276874126541789,0.293687068091725,0.942752189739981,0.345807671646992,0.539451542130227,"AL353693.1"
"ENSG00000229314.5",265.544812114534,-0.0016506431309561,0.223090076356167,-0.00739899845800768,0.994096507229628,0.997192223137877,"ORM1"
"ENSG00000229320.3",259.982857389868,0.187906525261544,0.0750032691254683,2.50531113446811,0.0122343718458737,0.0612970567140215,"KRT8P12"
"ENSG00000229321.2",21.1180911499314,-0.312516570744426,0.154358337188081,-2.02461737044779,0.0429066691936254,0.140988130424731,"AC008269.1"
"ENSG00000229325.1",14.4762568901649,-0.635668064281819,0.160617401551721,-3.95765376690597,7.56895623819758e-05,0.00180432060786529,"ACAP2-IT1"
"ENSG00000229327.1",2.19903596436838,-2.54503570294825,0.510707923323948,-4.98334877278554,6.24931590750877e-07,5.21449810798721e-05,"AL391839.1"
"ENSG00000229331.1",7.87099013030885,-0.530165039089677,0.18394046577933,-2.88226430678776,0.00394828393035658,0.0285203334548408,"GK-IT1"
"ENSG00000229334.1",22.6108251100204,0.172474826631441,0.115948708116348,1.48750968797661,0.136880246411288,0.298896035265615,"AC046143.1"
"ENSG00000229335.1",0.925744127775129,0.0773615256405306,0.675774660688581,0.114478287128587,0.908858657593655,0.951768724435882,"DANT1"
"ENSG00000229337.2",23.4517298895611,-0.335440307979676,0.127409126210672,-2.63278085295886,0.00846889717528313,0.0479678451270332,"AC079305.2"
"ENSG00000229339.1",1.52871788327385,-1.63113577995601,0.80014524524476,-2.03854961289816,0.0414949984137726,0.137862860138264,"AC093414.1"
"ENSG00000229344.1",67.047236958731,0.0599985528761695,0.138621189068807,0.432823822095394,0.665142765515446,0.801933732610478,"MTCO2P12"
"ENSG00000229349.2",5.67752019325901,0.0507210388133005,0.171806331316291,0.295222175019408,0.76782416330592,0.869732235606424,"ACTG1P9"
"ENSG00000229358.3",159.013193921385,-0.267824068420159,0.11184161331019,-2.39467279211501,0.0166352031580012,0.0754441927175226,"DPY19L1P1"
"ENSG00000229359.2",0.815843542015804,-1.09293980269825,0.581501791154567,-1.87951235804145,0.0601745677170009,0.176075925734058,"PIN1P1"
"ENSG00000229368.1",7.58310350341374,0.0605527157557462,0.10036006047421,0.603354715706919,0.546272740649243,0.713357848771729,"AC090587.1"
"ENSG00000229369.1",0.96792111880318,-1.4312192740135,0.62509740091236,-2.2895940247465,0.0220448617010844,0.0906540969290895,"AL450263.2"
"ENSG00000229373.9",1.84214959888395,0.391157907594608,0.278643378850089,1.4037940151632,0.160380196660688,0.331195750367466,"LINC00452"
"ENSG00000229375.1",0.629828997950219,2.55626122388543,1.05834377876603,2.41534109726226,0.0157204801943612,0.0726517753367517,"USP24P1"
"ENSG00000229388.1",13.3952271716021,0.0508263039541687,0.104930634070707,0.484380032621546,0.628116186510496,0.775311614263463,"LINC01715"
"ENSG00000229390.1",4.35777370790461,-0.308239818824853,0.234650018178439,-1.31361514999097,0.188975747783595,0.367455295582247,"MICD"
"ENSG00000229391.7",2854.36111730942,0.160623112840038,0.16567036544514,0.969534366683257,0.332278641938517,0.525761742600592,"HLA-DRB6"
"ENSG00000229393.1",2.28611647834763,-0.146052682452409,0.238263507318198,-0.612988048804964,0.539884242062934,0.707958803852111,"AL139246.4"
"ENSG00000229399.1",5.20320571710789,-0.594400051133915,0.231476661351357,-2.56786169138529,0.0102327975031265,0.0545001295804721,"AL592148.1"
"ENSG00000229401.1",1.13120149154589,1.18859781920256,0.387850242927807,3.06457928253459,0.00217976391366721,0.0189480104380476,"MIR5689HG"
"ENSG00000229404.6",59.0765023914233,-0.1024167730165,0.351512896818359,-0.291359930015377,0.770776056957519,0.871804141106566,"LINC00858"
"ENSG00000229407.5",1.73039197854455,0.100572476141167,0.26094960515206,0.385409573938852,0.699933990451567,0.824902381533159,"AL359853.1"
"ENSG00000229409.1",9.75172939324825,0.0957244871039584,0.172131008620252,0.55611413580421,0.578132832219885,0.737410913460686,"AL117328.1"
"ENSG00000229413.2",42.0791194741868,-0.11871108299717,0.113169441076742,-1.04896765299628,0.294193006283083,0.486807542653216,"AC018638.1"
"ENSG00000229415.10",2002.43645191426,-0.34900265926689,0.17535469479635,-1.99026698242786,0.0465615331139774,0.148754737737612,"SFTA3"
"ENSG00000229419.1",84.8462051298106,-0.23056022914536,0.0908337466082698,-2.5382662034153,0.0111403209952487,0.0577178193113622,"RALGAPA1P1"
"ENSG00000229422.2",5.29600725890281,0.293629137463514,0.173626100273005,1.69115782132882,0.0908066643068781,0.230043812861787,"AL512625.2"
"ENSG00000229425.3",11.4879684160696,-0.062069871309753,0.181179678620302,-0.342587379459,0.731908897864813,0.846620906699091,"AJ009632.2"
"ENSG00000229427.1",3.49671388055105,-0.868359530133289,0.262831371209472,-3.30386561595504,0.000953615320697904,0.0106467856713599,"ANKRD26P4"
"ENSG00000229431.1",28.8958221871392,-0.31571913913663,0.120291293600413,-2.62462169694004,0.00867452870116597,0.0487592578166333,"MED8-AS1"
"ENSG00000229436.1",2.29084292830389,-0.0786910167243424,0.284966564995602,-0.276141226341963,0.782439597167789,0.87931684416902,"AC073850.1"
"ENSG00000229442.2",2.46666608099496,-0.561977646706282,0.262941142589466,-2.13727544184178,0.0325755950831432,0.116818105030492,"THEMIS3P"
"ENSG00000229447.2",16.2937442977084,-0.418367843706191,0.133991972685457,-3.1223351318836,0.00179422567448314,0.0166208000502413,"AC114495.2"
"ENSG00000229453.2",1.32834638826263,-1.08266065346009,0.399130123222246,-2.71255059557918,0.00667675877709291,0.0408006246777338,"SPINK8"
"ENSG00000229455.2",2.24137780437803,-0.40808708375361,0.272476627852093,-1.49769573621973,0.134212320142905,0.295524439126989,"RPS10P18"
"ENSG00000229456.1",3.71318430994084,-0.00551618631969753,0.331991406468365,-0.0166154491117021,0.986743399651008,0.993307169128322,"RLIMP1"
"ENSG00000229459.1",2.51184885711997,-0.606331149153572,0.322734089578578,-1.87873289104759,0.0602809743736345,0.176309802321129,"AC023669.1"
"ENSG00000229463.2",1.83314571841437,-0.909080891291981,0.30193044279078,-3.01089510182953,0.00260478821708806,0.021439113500992,"LYST-AS1"
"ENSG00000229473.2",9.97572783119961,-0.121363243420201,0.157961375979446,-0.768309611559684,0.442303265751295,0.627261996364708,"RGS17P1"
"ENSG00000229474.7",119.186585985079,-0.173013969667647,0.125856160243973,-1.37469607631648,0.169225688189211,0.342348595544961,"PATL2"
"ENSG00000229484.1",3.82867591685574,-0.365950964098487,0.178938361138562,-2.04512303437892,0.040842729894842,0.136468988999295,"LINC02766"
"ENSG00000229487.1",9.32293554520107,-0.665292703706295,0.183174205700404,-3.63202177491319,0.000281209386351145,0.00456475090189599,"ALG13-AS1"
"ENSG00000229491.5",2.25366227838248,-0.459607934119152,0.292254170195751,-1.57263088431316,0.115804312072553,0.268655352367884,"AC136489.1"
"ENSG00000229492.1",2.45065826376778,-0.849293954185345,0.28545850682688,-2.97519230947428,0.00292804924578298,0.0232602108183853,"FO681548.1"
"ENSG00000229498.1",10.59519322963,-0.107605901836178,0.209593641072594,-0.513402512049057,0.607669788751134,0.76031231075544,"AC105053.1"
"ENSG00000229502.5",2.03289056882473,-0.611963921211115,0.570352998541644,-1.07295643711152,0.28329066217897,0.475766546404583,"AL391863.1"
"ENSG00000229503.1",8.10562177545266,-0.266422582538402,0.133660232225696,-1.99328235558147,0.046230537384755,0.148055182445443,"RPL21P37"
"ENSG00000229519.2",7.28077597222532,-0.303373539041589,0.180431926061344,-1.68137394342533,0.0926903034235807,0.23316496198574,"AL591866.1"
"ENSG00000229520.1",0.545737504409724,-0.419605476642359,0.68826188768551,-0.609659613803998,0.542087312782401,0.710085561123517,"LINC00404"
"ENSG00000229521.2",2.7481362754076,-1.7178969106941,0.375515587406431,-4.57476858033797,4.767466616369e-06,0.0002334056046254,"MYCBP2-AS2"
"ENSG00000229525.1",8.21422464346522,0.207241610298971,0.172859488077805,1.19890214071263,0.230565999270721,0.417027968366388,"AC053503.1"
"ENSG00000229531.6",3.61333431745435,-1.59358577833192,0.294302017261433,-5.4147973335715,6.13581635204951e-08,9.68150397198029e-06,"RABGAP1L-AS1"
"ENSG00000229536.3",4.42617963367013,-0.228416402059396,0.197401084545091,-1.15711827311273,0.247224041960397,0.43656404754216,"LINC02572"
"ENSG00000229539.1",26.4329282289168,-0.223100464325063,0.105194885549776,-2.12082995441349,0.0339361149495323,0.120105780271583,"PANK2-AS1"
"ENSG00000229544.9",110.578193122173,-0.613112607311249,0.372749882797983,-1.64483648581999,0.100003535772988,0.244360933320374,"NKX1-2"
"ENSG00000229563.7",3.19617520451941,0.44798788676142,0.260377876870892,1.72052976291667,0.0853361883442405,0.22099391090112,"LINC01204"
"ENSG00000229567.1",5.16082474189093,-0.290468471792775,0.162587855729752,-1.78653239806288,0.0740130963596114,0.201364097369625,"AL139421.1"
"ENSG00000229585.4",5.57869832371921,-0.301911340175625,0.200448580450484,-1.50617848975092,0.132021359772909,0.292518776182581,"RPL21P44"
"ENSG00000229587.2",10.7386279385557,-0.251932403507257,0.15579943895823,-1.61703023574303,0.105871754450939,0.253593012957051,"AL158825.2"
"ENSG00000229588.2",2.44871536148512,0.241730043888634,0.225329437605068,1.07278501405711,0.283367586135336,0.475855631484143,"AL596087.2"
"ENSG00000229589.1",57.1112282660779,-0.097001695866302,0.0969347056483972,-1.00069108599914,0.316976178268253,0.510945207907429,"ACVR2B-AS1"
"ENSG00000229591.1",14.5721203926992,-0.611141773695266,0.176276168580202,-3.46695630281531,0.000526387455163828,0.00697978352641757,"AC006017.1"
"ENSG00000229598.1",18.9763310261709,-0.148788847050694,0.155596790407271,-0.956246248147166,0.338947839400588,0.53234222177393,"PRDX3P1"
"ENSG00000229601.1",3.36226737588067,-1.08498129138332,0.290176597561121,-3.73903788417942,0.000184725890089619,0.0033997120280562,"AL590762.1"
"ENSG00000229604.2",9.87582647827358,-0.371327469791319,0.19713508594455,-1.88361938724477,0.0596164775210964,0.174934900943933,"MTATP8P2"
"ENSG00000229605.5",6.07139334881094,-0.450102903362848,0.16030104517995,-2.80786006639928,0.00498718924187277,0.0333458493692213,"RPL21P93"
"ENSG00000229609.1",5.78779075497514,-1.31942481380031,0.481134730483554,-2.74231879389427,0.00610071002768752,0.0384097842193269,"LINC01079"
"ENSG00000229618.3",12.2608534121393,0.228833884047155,0.267086839139199,0.856777087125185,0.391568090980346,0.582468661054198,"AC011287.1"
"ENSG00000229619.4",191.389909328993,-0.430646583737392,0.15167724846491,-2.83922993129072,0.00452225577262419,0.031255856640643,"MBNL1-AS1"
"ENSG00000229622.1",1.05525076851582,-1.54717313033977,0.364232375179349,-4.24776388858333,2.15914770271015e-05,0.000704750043787539,"MTND5P2"
"ENSG00000229623.1",1.52404085927611,-2.36734079426125,0.598281098481451,-3.95690387055517,7.59274673841128e-05,0.00180432060786529,"METTL21AP1"
"ENSG00000229635.1",6.85774057947405,0.0796838339974948,0.162256242732977,0.491098725419332,0.623356622952813,0.77176051645413,"AL137159.1"
"ENSG00000229637.4",1.6607748602474,0.147908408171794,0.485854210760733,0.304429610561992,0.760800611689818,0.865102454489194,"PRAC2"
"ENSG00000229638.1",179.043529875734,0.0692180691721962,0.124461000162737,0.556142639715986,0.578113347889186,0.737410913460686,"RPL4P4"
"ENSG00000229642.1",1.71988695388006,0.0372377742300979,0.517792033927249,0.0719164679836111,0.942668384428505,0.969971103523078,"AC087857.1"
"ENSG00000229644.6",481.143107736765,0.537192297636964,0.178357814736333,3.01187979024691,0.00259635391424701,0.0214120413344131,"NAMPTP1"
"ENSG00000229646.2",2.51796549310691,-0.183337105435726,0.241524777946729,-0.759081974919207,0.447803521000868,0.632228251832958,"AL109914.1"
"ENSG00000229647.2",83.7142734807825,0.125292120003736,0.201712957603356,0.621140661920728,0.534507077368949,0.703484508493217,"MYOSLID"
"ENSG00000229656.7",27.7322681359022,1.1262503207469,0.219820402300496,5.12350222709222,2.9991210204959e-07,3.13008577226866e-05,"ITGB1-DT"
"ENSG00000229659.1",26.8836409808278,0.122538493477998,0.0923654317007808,1.32667050022527,0.184617703437135,0.362303401151342,"RPL26P6"
"ENSG00000229660.1",10.1437069105796,0.14419027026943,0.159933486252941,0.901563979174365,0.36728853294629,0.55986910481915,"AC004975.2"
"ENSG00000229664.1",3.73478825394937,0.0366913781433928,0.196534331399859,0.186691952912503,0.851902165818982,0.920258884056176,"AL137186.1"
"ENSG00000229666.1",24.7181442538972,-0.391071998833079,0.148950908365092,-2.62550932468653,0.00865194390772053,0.0486816238836809,"MAST4-AS1"
"ENSG00000229668.1",1.02598839378196,-1.08365737834907,0.846195956073799,-1.28062226080239,0.200326377128429,0.380938203891751,"AL133384.1"
"ENSG00000229671.3",16.7929929712843,0.0469498592692201,0.143672870390235,0.3267830533468,0.74383197784527,0.854121474732793,"LINC01150"
"ENSG00000229672.3",2.74043031831929,0.795370236441375,0.254462180084644,3.12569135490705,0.00177387620368376,0.0164781418664183,"AL450322.2"
"ENSG00000229676.3",19.4699493548723,-0.54845799484863,0.238234898671376,-2.30217318246551,0.0213254076801132,0.0886625935556975,"ZNF492"
"ENSG00000229677.1",8.71335630825624,-0.294593206313436,0.143969713063267,-2.04621652738849,0.0407350719711451,0.136204956426166,"AC018644.1"
"ENSG00000229688.8",5.56674227443731,-0.586622757386166,0.232921284380644,-2.51854509108535,0.0117840794011482,0.0597786615118737,"CRPPA-AS1"
"ENSG00000229689.3",235.793956029508,0.0842897097639796,0.140987406759339,0.597852756507959,0.549938185345454,0.715812961463781,"AC009237.3"
"ENSG00000229692.3",59.4931691553315,-0.263938727617528,0.122502621055483,-2.1545557584273,0.0311966142468428,0.113722640766466,"SOS1-IT1"
"ENSG00000229694.7",5.41111356392144,-0.168925639812544,0.180221860382191,-0.937320475187134,0.348593733818689,0.542295019848424,"LINC00484"
"ENSG00000229695.1",1.67794390239301,-1.01403140664694,0.442298595277104,-2.29263989864504,0.0218687453332564,0.0901642276631708,"AC011242.1"
"ENSG00000229696.1",1.1765398209558,-1.56117667068542,0.635685329609759,-2.45589539032435,0.0140534059894078,0.0672434673189644,"KARS1P1"
"ENSG00000229700.1",3.45863545293848,0.0203069210869884,0.149363986602502,0.135955939238757,0.891856112851731,0.942740842175917,"AL008627.1"
"ENSG00000229703.6",2.95183683567782,-1.16006629352616,0.446474862351605,-2.59827907760817,0.00936923124236882,0.0513718405388974,"LYPD9P"
"ENSG00000229719.5",5.11896080977177,0.413461307611985,0.247342963026649,1.67161136323672,0.0946009825803989,0.236169054667758,"MIR194-2HG"
"ENSG00000229727.7",6.2607315807406,-0.183678961766196,0.177052014080774,-1.03742938322293,0.299535790359329,0.49255447995519,"AC013460.1"
"ENSG00000229728.1",19.2386168076481,-0.223839149835875,0.123464711473137,-1.81298078750686,0.0698347846167575,0.193734645799992,"AL136531.1"
"ENSG00000229739.4",37.4263884076733,-0.135645960660258,0.161752170705073,-0.838603649453241,0.401691762067771,0.591681504941668,"PDC-AS1"
"ENSG00000229740.3",1.36471113782269,-0.72339843677192,0.532448734863748,-1.35862551529404,0.174265285650006,0.349443724335702,"U91324.1"
"ENSG00000229742.1",1.37213600205824,-0.65106457617446,0.428569078393196,-1.51915900842742,0.12872247656675,0.28803338853415,"AC092809.1"
"ENSG00000229751.1",2.0711392077517,-1.49204364797738,0.404091042006927,-3.69234527092487,0.000222195526288127,0.00389140223919547,"AC044781.1"
"ENSG00000229754.1",100.359331446031,-0.469881157791115,0.201898770948279,-2.32731063980318,0.019948737895927,0.0851151263320643,"CXCR2P1"
"ENSG00000229756.1",0.959039139433222,-1.73054961550338,0.948916987871416,-1.82371022715622,0.068195891884197,0.190761706309912,"RPL31P20"
"ENSG00000229757.2",3.17426761003589,0.0163742292141805,0.249736225458245,0.0655660955239281,0.947723282858737,0.972463516495591,"AL031736.2"
"ENSG00000229759.1",6.08183132506751,-0.334634215158717,0.17242301762988,-1.94077461210565,0.0522856217174181,0.160437345975852,"MRPS18AP1"
"ENSG00000229769.2",3.33319998473472,-0.591802182744089,0.2153470300226,-2.74813254996821,0.00599357735662509,0.0379289433442538,"TRBV10-2"
"ENSG00000229771.2",21.1090826942735,-0.10374943942054,0.187313590204308,-0.553881004081862,0.579660286243232,0.7386469900829,"AL035665.1"
"ENSG00000229780.1",9.53036342853678,-0.167968469054492,0.152007418245495,-1.10500178868389,0.269158814076478,0.460891035182234,"UBE2Q1-AS1"
"ENSG00000229781.1",4.45312037480137,-0.83489466694865,0.276237386376676,-3.02238114072724,0.00250794552181899,0.0209528306795281,"RRN3P4"
"ENSG00000229782.1",2.57301954978381,-0.0752170590263969,0.205134656636773,-0.366671630526002,0.713863970379669,0.834679818987509,"AC118754.1"
"ENSG00000229794.2",1.85456875894354,-3.65717325101245,0.943986794406915,-3.87417840236861,0.000106985020162176,0.00230839421662951,"MTCYBP32"
"ENSG00000229800.1",2.03969790875577,-0.659048575263835,0.427128570645111,-1.54297469323685,0.122836916229532,0.278944795513756,"ATP8A2P2"
"ENSG00000229806.1",4.8392713699517,0.000552009981747597,0.147686682937287,0.00373770993273644,0.99701774589583,0.998517336404953,"RPS15P5"
"ENSG00000229807.12",3232.99304033485,-0.861785997651668,0.366189926492955,-2.35338532085002,0.0186033452404483,0.0812703284464303,"XIST"
"ENSG00000229808.1",19.4807331141148,-0.191326746972704,0.134205915022241,-1.42562082260679,0.153977822413123,0.32267789019954,"AL391825.1"
"ENSG00000229809.8",510.517311327995,0.165076337192144,0.0739198172456182,2.233181078406,0.0255370055874561,0.099832905223938,"ZNF688"
"ENSG00000229816.1",20.5562835757488,-0.256079675721364,0.141078736711698,-1.81515430099631,0.0695002003295688,0.193204774720714,"DDX50P1"
"ENSG00000229820.2",2.57750533203395,-0.761472969031441,0.295645498352592,-2.57562849180709,0.010005808874538,0.0537954644236065,"CR391992.1"
"ENSG00000229822.2",1.83567143197082,-1.41817095764543,0.443003526388722,-3.20126336060139,0.00136826411145456,0.0136611312770877,"RPS15AP39"
"ENSG00000229832.1",8.02789144891374,-0.688619107259389,0.182576817018999,-3.77166783002758,0.000162160033089435,0.00308502513236947,"AL360091.1"
"ENSG00000229833.10",55.9631739958014,-0.148236763718901,0.0820451126845521,-1.80677140744317,0.0707979285849861,0.195461931866651,"PET100"
"ENSG00000229835.2",2.45675447725821,-0.25866494547091,0.285061406008144,-0.907400791615825,0.364194890971785,0.556939989211503,"KHSRPP1"
"ENSG00000229836.1",4.70515307418096,-0.148668467263402,0.233841587091306,-0.635765729751709,0.524929127417773,0.696898176004823,"AL671883.1"
"ENSG00000229839.6",8.18068833848741,-0.441882404229076,0.138527067949161,-3.18986325756383,0.0014234012643365,0.0140454351788841,"AC018462.1"
"ENSG00000229846.2",1.62025441279052,-0.783282363144258,0.459073254121508,-1.70622521811506,0.0879661551975007,0.22531598745887,"AC099788.1"
"ENSG00000229847.9",4.16124651548629,0.640075522159431,0.251773210329956,2.5422701697317,0.0110135006110276,0.0573133413517669,"EMX2OS"
"ENSG00000229848.1",26.0839601728162,-0.0880417197583366,0.12952150685523,-0.679745950274832,0.496665335483247,0.673652693483408,"AC139149.1"
"ENSG00000229852.4",143.797795125949,-0.298863729482771,0.0887771871483428,-3.36644738454467,0.000761431064056534,0.00908613778338143,"AC019205.1"
"ENSG00000229853.1",3.88540212160022,-1.68841251719774,0.299143033165703,-5.64416459688194,1.65985221260698e-08,3.56525546544028e-06,"AL034418.1"
"ENSG00000229855.9",0.506263514260111,0.0467859970778567,0.484800270558133,0.0965057156919358,0.923118934650923,0.959601320579788,"AC008568.1"
"ENSG00000229867.2",17.9961854721386,-0.179832053961977,0.169545102268047,-1.06067383578952,0.288838154446853,0.481280536928504,"STEAP3-AS1"
"ENSG00000229869.1",4.75187413012176,-0.268295603271262,0.191730732335516,-1.39933541171565,0.16171242530439,0.332817292504647,"AL359878.2"
"ENSG00000229870.1",6.63111266908643,0.0148955830530316,0.120464430457327,0.123651296872301,0.901591375077577,0.94776551578598,"RPL21P89"
"ENSG00000229873.1",7.09353592486921,-0.158206351496927,0.129519314721948,-1.22148848483768,0.221901122898192,0.406501270201909,"OGFR-AS1"
"ENSG00000229876.1",5.01841077539406,0.0692227793712637,0.454475018355497,0.152313717092183,0.8789395064744,0.935293667946821,"CASC20"
"ENSG00000229886.1",22.0098931523166,-0.410470576733823,0.15801526765749,-2.59766402841243,0.00938602795012875,0.0514274475479647,"AC068533.2"
"ENSG00000229891.2",81.9924328622602,-0.001923609198989,0.135472077270002,-0.0141993039285517,0.988670975315971,0.994169552614426,"LINC01315"
"ENSG00000229894.4",6.07176346298469,-1.08353604571958,0.26166513351736,-4.14092634794117,3.45906025375765e-05,0.00100228453462448,"GK3P"
"ENSG00000229896.2",13.4741988360127,0.2138217624737,0.206273952000279,1.03659119535079,0.29992641837711,0.49293650580279,"AL157373.2"
"ENSG00000229899.1",2.2031939979829,-0.842966402056842,0.577509540385935,-1.45965796771688,0.144384099189902,0.309579654325057,"AC084290.1"
"ENSG00000229900.1",1.5638223619231,-1.48790702946016,0.371168591153434,-4.00870942456736,6.1051482673697e-05,0.00153634694834119,"HSPD1P21"
"ENSG00000229901.1",8.15282478639103,-0.289645987240949,0.188970787154249,-1.5327553618355,0.125336142838803,0.282921974610635,"FOXO6-AS1"
"ENSG00000229912.1",2.33227785995165,0.200332945922197,0.243938814075547,0.821242600040494,0.411508095741692,0.60049699897121,"AC128709.1"
"ENSG00000229914.1",3.50341812024525,-0.801899288915891,0.215336119471816,-3.72394232274093,0.000196135753506077,0.00353734975161312,"AL138899.2"
"ENSG00000229915.1",3.55926855978952,0.245096556176152,0.191562011584149,1.27946326178814,0.200733968829449,0.381277728448131,"AC016999.1"
"ENSG00000229917.2",2.83775662495805,-0.484583427033408,0.288258521209807,-1.68107234089606,0.0927488640782857,0.233259399588938,"RPL7P46"
"ENSG00000229918.1",1.48654465297621,-1.86795463217795,0.572398953297808,-3.26337883990868,0.00110092246574958,0.011762840709949,"DOCK9-AS1"
"ENSG00000229921.7",52.5545028501336,0.179603294763866,0.330588162888738,0.543284106709872,0.586934205338117,0.744043249639928,"KIF25-AS1"
"ENSG00000229931.1",39.855611004387,-0.229694032704232,0.087102938795908,-2.63704113637809,0.00836326889574964,0.047563770301707,"ATXN1-AS1"
"ENSG00000229932.3",31.4887837569225,0.156161809294271,0.124922024438632,1.25007427630174,0.211272415596127,0.393790870699913,"YWHAZP3"
"ENSG00000229939.1",29.0734447668901,0.00999279312876507,0.0943011625119808,0.10596680743459,0.915608687699967,0.955167830343041,"AL589880.1"
"ENSG00000229944.3",12.8395192681286,-0.0926361983198842,0.129880446012026,-0.713242071183731,0.475695976818752,0.656008042259412,"EIF4EP2"
"ENSG00000229948.2",2.03401419522251,-1.70560805472336,0.377146847340574,-4.52239775236181,6.11430245933809e-06,0.000279236586802117,"B3GALNT1P1"
"ENSG00000229950.1",19.9105659014712,0.307814636434372,0.171524495130417,1.7945812124404,0.072720448700212,0.199118504694149,"TFAP2A-AS1"
"ENSG00000229951.5",52.0650933664698,0.0885222041767499,0.156490197384856,0.565672519148581,0.57161641979891,0.732630303878974,"FLJ31356"
"ENSG00000229953.1",58.7523489614849,0.358019163436136,0.235077356920727,1.52298446828662,0.127762591269383,0.286727330713285,"AL590666.2"
"ENSG00000229954.1",1.87845720826111,-3.07130647672507,0.789419327762926,-3.890589410103,0.000100001020594925,0.00220631807731402,"MTND2P2"
"ENSG00000229955.1",2.47626583787692,-1.70440224160848,0.399764432567542,-4.26351646809027,2.01234662157015e-05,0.000669436218433194,"Z98749.1"
"ENSG00000229956.11",52.778963734586,-0.58123045575836,0.120940811835353,-4.80590833596881,1.54050472546124e-06,0.000102576047649562,"ZRANB2-AS2"
"ENSG00000229961.3",12.1937132701284,-0.371134129572703,0.1825270354067,-2.03331045587716,0.042021167481354,0.139010572194877,"AL357143.1"
"ENSG00000229964.1",2.08787532839236,0.627531961066078,0.446661443083191,1.40493873107646,0.160039498127294,0.33086277289813,"AC080129.1"
"ENSG00000229965.1",3.39953830525819,-0.216774753847669,0.195457437595424,-1.10906372514905,0.267402692264671,0.459135525196889,"RPS3AP7"
"ENSG00000229967.1",3.3611066768712,0.38515206595515,0.848460675184801,0.45394215338414,0.649870462525953,0.790491175712478,"MAGEA4-AS1"
"ENSG00000229970.3",35.1675812199215,-0.085361487315662,0.281945814108959,-0.302758484233689,0.762073924117911,0.866017925236632,"AC007128.1"
"ENSG00000229980.5",28.6138390597895,-0.0406250742763185,0.0928717253153196,-0.437432104748647,0.661798005258451,0.799324136288736,"TOB1-AS1"
"ENSG00000229981.8",1.98542565304132,-0.668116191416417,0.297799615150186,-2.24350925060623,0.0248639940056002,0.098196609137208,"LINC01435"
"ENSG00000229989.4",12.4864567332248,-0.21630039433156,0.265517339314507,-0.81463754830471,0.41527981085043,0.60408595038646,"MIR181A1HG"
"ENSG00000229990.3",3.9496392565151,-1.08488009687913,0.262580217176773,-4.13161398274254,3.60224990522653e-05,0.00103032393552154,"AC022400.2"
"ENSG00000229992.1",2.95261306790856,-1.31753993991129,0.361818239699777,-3.64144146244405,0.000271115775750007,0.00445741112199752,"HMGB3P9"
"ENSG00000229994.1",22.0266930141316,-0.164437549959994,0.129920229050281,-1.26568088096854,0.205627355995862,0.386931513066758,"RPL5P4"
"ENSG00000229996.1",4.040602677956,0.264139010515385,0.216643193572158,1.21923521417906,0.222754930002207,0.407460023326383,"AC093585.1"
"ENSG00000229999.6",3.98122629957005,-0.982630504662117,0.26166142881468,-3.75535098586524,0.000173098726734393,0.00323217942185538,"SGSM3-AS1"
"ENSG00000230001.1",1.73771978278832,-0.713774509661417,0.580918701591969,-1.22869948532448,0.219184499254432,0.403373948192816,"AL359095.1"
"ENSG00000230002.3",52.776941314467,-0.152093507318581,0.132843773628421,-1.14490505022843,0.252248491739679,0.442541446777106,"ALMS1-IT1"
"ENSG00000230005.2",4.14160392257884,-0.24379714389058,0.255609477903196,-0.953787574273402,0.340191180391328,0.533489635834596,"SNAP47-AS1"
"ENSG00000230006.7",360.30100151289,-0.45498684178821,0.205130354471336,-2.21803761301347,0.0265522679387649,0.102289562355687,"ANKRD36BP2"
"ENSG00000230010.2",5.77616136829455,-0.580510414523402,0.198853543990009,-2.91928623888428,0.00350833915829653,0.0263423022482412,"AL049646.1"
"ENSG00000230020.1",2.29609399991037,-0.310715535684677,0.459879222858209,-0.675645952764598,0.499265458436749,0.675940177615171,"NHS-AS1"
"ENSG00000230021.10",5.33002705984433,-0.218631876746947,0.13751203666077,-1.58991083294252,0.111854905468687,0.262757460026941,"AL669831.3"
"ENSG00000230022.1",2.2293825577133,-1.55206821169157,0.33000228214633,-4.70320447966886,2.56109691463713e-06,0.000149047728989581,"FNTAP2"
"ENSG00000230033.1",2.50330771672357,-0.779201613777779,0.504124039395008,-1.54565454706918,0.122188020026252,0.278059176400137,"AC006357.1"
"ENSG00000230037.1",11.2194303691486,0.0532038317561542,0.1762847179547,0.301806261900852,0.762799757035237,0.866435542467467,"UBBP1"
"ENSG00000230042.1",10.8162631886258,-0.373510345807635,0.135429609284663,-2.75796664983759,0.00581621314479302,0.0371525679642352,"AK3P3"
"ENSG00000230046.1",1.76558379845295,-2.32436393127632,0.595512869641856,-3.90312963794418,9.49568083190128e-05,0.0021288868817272,"BIRC6-AS1"
"ENSG00000230061.2",48.9920636260536,-0.0208971706168716,0.260440486745926,-0.0802377958894615,0.936048130281261,0.966560709678495,"TRPM2-AS"
"ENSG00000230062.5",50.4837649476084,-1.02621926467419,0.287741157912748,-3.56646672348963,0.000361826730515015,0.00545838227583561,"ANKRD66"
"ENSG00000230063.1",1.52292733757439,-2.19165953143806,0.465400179374661,-4.70919356838861,2.48698802803072e-06,0.000147068014950669,"AL360091.2"
"ENSG00000230065.1",1.75931912059556,-0.730259117803376,0.34852192250296,-2.09530325254411,0.0361440435278163,0.12564933081044,"AC010974.1"
"ENSG00000230067.3",8.15947104837183,0.352256608648771,0.131688861783543,2.67491573606107,0.00747480349847568,0.0440457757300444,"HSPD1P6"
"ENSG00000230068.2",5.43929347539489,-0.890830165064834,0.226901584249994,-3.92606410400089,8.63471524942736e-05,0.00197849672951951,"CDC42-IT1"
"ENSG00000230069.3",2.92178825798016,-0.200553829854425,0.230609224422054,-0.869669590871948,0.38448099506712,0.57591208909218,"LRRC37A15P"
"ENSG00000230071.2",12.9998970241837,0.364827001221654,0.133115210300992,2.74068605981788,0.00613110577868982,0.0385064902263573,"RPL4P6"
"ENSG00000230074.3",119.71159479796,0.0753948042138879,0.0935691934321399,0.805765246534557,0.420378220366568,0.608374357342497,"AL162231.2"
"ENSG00000230076.1",190.450255554161,0.385009998878882,0.259425710296019,1.48408574631853,0.137786174116328,0.300088053522096,"RPL10P6"
"ENSG00000230079.1",4.19908315515301,0.147232927224011,0.144888139740473,1.01618343287268,0.309542044130392,0.503349774115129,"STK24P1"
"ENSG00000230081.2",1.54623860562036,-1.98626537961106,0.897697416307509,-2.21262236420503,0.026923691857801,0.103197153237597,"HSPE1P28"
"ENSG00000230082.1",46.7416240715823,0.132390607609332,0.127214515028315,1.0406879087647,0.298020416693069,0.490799056834306,"PRRT3-AS1"
"ENSG00000230084.6",46.360371573508,-0.671118471697737,0.14828245835144,-4.52594648860715,6.01257937257194e-06,0.0002751976232439,"AC006059.1"
"ENSG00000230091.6",90.2216825172225,0.0296539667614312,0.129829164204483,0.228407591954654,0.819329387910573,0.901571037536578,"TMEM254-AS1"
"ENSG00000230092.7",8.20285892941405,-0.401282246974574,0.162515139101822,-2.46919917241159,0.0135415823673506,0.0657239532407593,"AL669831.4"
"ENSG00000230098.1",1.81022836541168,-0.612551614396495,0.330590457030765,-1.85290168354585,0.0638964517731818,0.183104197700511,"TCERG1L-AS1"
"ENSG00000230099.2",14.7547036503025,-0.110662496976926,0.165339716140392,-0.669303779879247,0.503301716103288,0.679332848221308,"TRBV5-4"
"ENSG00000230102.8",21.4990552768366,-0.268593095606971,0.167397830842571,-1.60451957026593,0.108599574220804,0.257962730060875,"LINC02028"
"ENSG00000230105.1",2.9239039991023,0.635827568986608,0.251226080343048,2.5308979390929,0.0113770947895842,0.0584894405234135,"AL354793.1"
"ENSG00000230107.1",12.7109349027025,-0.10162296146105,0.174064334405385,-0.583824146446775,0.559338630942846,0.723271101098387,"AL022316.1"
"ENSG00000230118.1",13.2172116921168,0.166092673248139,0.186659799843488,0.889814911338197,0.373565278506002,0.565593091553513,"AC092569.1"
"ENSG00000230124.8",1598.79420059255,0.108453500728018,0.0540685093085335,2.00585335373581,0.0448718962781812,0.145365383165271,"ACBD6"
"ENSG00000230126.1",2.32642625325046,0.417005950514718,0.336827627733027,1.23803962674119,0.215701367898596,0.399093421379627,"FGF12-AS2"
"ENSG00000230131.6",3.48186272528456,-0.165014948834507,0.256767265802968,-0.642663496526589,0.520442472048775,0.693499748726031,"LINC02641"
"ENSG00000230133.2",1.55053796190112,-0.407042931837925,0.441774218113978,-0.921382269829308,0.356850882215177,0.550166258580288,"LINC01721"
"ENSG00000230138.2",6.28200353060367,-0.373151853847666,0.161784378023495,-2.3064764250197,0.0210840259380913,0.088085716666231,"LINC02812"
"ENSG00000230140.7",4.16054667769907,0.576828304584248,0.230543109254895,2.50204096946784,0.0123479634765186,0.0616485502766607,"NPAS2-AS1"
"ENSG00000230148.8",36.5214154483189,-0.0938612242314965,0.150923854423159,-0.621911125913398,0.534000308847056,0.70304336755833,"HOXB-AS1"
"ENSG00000230149.2",7.06439991548056,-0.227609757780511,0.141995019815961,-1.6029418360976,0.108947496024434,0.258426557802381,"AL021707.3"
"ENSG00000230153.5",2.79809747049282,0.90992461176994,0.619778461162547,1.46814494015031,0.142064856565921,0.306391479539367,"AF274573.1"
"ENSG00000230154.1",5.77492217141516,0.0029387836085841,0.222779037955686,0.0131914727505407,0.989475032809256,0.994673518745088,"AIDAP1"
"ENSG00000230155.6",6.2320208247805,-0.304360422638579,0.153397335256294,-1.98413109412923,0.0472412275940271,0.150154818769968,"CEP250-AS1"
"ENSG00000230156.3",3.5178665867205,-0.150079068003247,0.273376747069573,-0.548982565679049,0.583017414442526,0.741335934729979,"LINC00443"
"ENSG00000230159.1",1.03449361501445,-1.98805537749901,0.953045706516709,-2.08600213390097,0.0369784297673406,0.127776114400007,"BX119904.1"
"ENSG00000230166.1",1.47531880885987,-0.470552019668281,0.603412183389225,-0.779818559554599,0.435497680399806,0.62128284020471,"RPL35AP24"
"ENSG00000230175.1",2.13564902828852,-0.789818387942353,0.325341990959212,-2.42765585104375,0.015196755964667,0.0709899812447954,"AL451074.3"
"ENSG00000230183.4",4.83496631323344,-0.282800549077971,0.193771087490793,-1.45945689184104,0.144439397205988,0.309664769657836,"CNOT6LP1"
"ENSG00000230184.1",3.15848592805,-0.960995431954439,0.43630943543674,-2.20255477856558,0.0276261441970541,0.10485556654872,"SMYD3-IT1"
"ENSG00000230185.5",24.904905871614,-0.130660630147529,0.1151562117267,-1.13463814229688,0.25652696493527,0.447172744310694,"C9orf147"
"ENSG00000230188.1",3.01540735658561,-0.12812580956972,0.213916981593212,-0.598951091285337,0.549205499768006,0.715178455417805,"AL158156.1"
"ENSG00000230191.1",5.03133600300023,-0.214601435098491,0.200942042769671,-1.06797677649011,0.285530987662287,0.477961846862111,"IFITM3P4"
"ENSG00000230196.1",2.47423999234194,-1.14963407346536,0.486048503872811,-2.36526614999353,0.0180171177490498,0.0797957473768642,"DDX43P3"
"ENSG00000230199.1",10.0108977755297,0.0103877022205726,0.171945593151562,0.0604127272480684,0.951826922294634,0.97472159342854,"AL603825.1"
"ENSG00000230201.5",2.19245405358466,-0.564944738114768,0.283352692489882,-1.99378637679591,0.0461754049936612,0.147947046333747,"ATP6V0CP1"
"ENSG00000230202.1",235.445824567066,0.152893158958568,0.154664362337794,0.988548083395205,0.322884297871656,0.51651789858062,"AL450405.1"
"ENSG00000230204.1",29.29364277624,0.249983347592151,0.127428063108209,1.96176055332388,0.0497903682322594,0.155299862240642,"FTH1P5"
"ENSG00000230207.1",39.8102417495467,0.0552985831787457,0.115391106287906,0.47922742885204,0.631776843196308,0.777415229174109,"RPL4P5"
"ENSG00000230212.6",8.37315097060999,-0.157678978200079,0.170080088308891,-0.9270866435212,0.353881550311637,0.547454972098199,"AP000688.1"
"ENSG00000230216.1",10.7184659822006,0.0354930921784453,0.144535299918388,0.245566945919001,0.806017479141998,0.893217937218006,"HSPB1P2"
"ENSG00000230221.2",2.23640356244019,-0.384884559241173,0.338365513744274,-1.13748163925493,0.255336995852968,0.445892190030572,"AL157384.1"
"ENSG00000230224.1",28.8424786274752,-0.221784600095439,0.117888264044715,-1.88131195155539,0.0599294961822784,0.175592121145942,"PHBP9"
"ENSG00000230225.1",1.84229367468781,-0.62600849204051,0.391427582858759,-1.59929580707754,0.109754890759564,0.259466702979349,"MTND5P14"
"ENSG00000230228.2",2.28175200239151,-0.128414947884079,0.197879550103524,-0.648955123543067,0.516367383167293,0.690501638261183,"H3P1"
"ENSG00000230234.1",0.304506501767133,-0.532575631808466,1.05727303337691,-0.503725731193041,0.614454123978557,0.765384752413625,"AL162582.1"
"ENSG00000230251.1",1.80119438633369,0.283601042101026,0.320190667562294,0.885725509304077,0.375765458745386,0.567414705098427,"PHBP4"
"ENSG00000230257.5",42.8284437200195,0.121682510501069,0.304144068950048,0.400081812941924,0.689096259238192,0.817928687611577,"NFE4"
"ENSG00000230262.8",9.83233899483808,-0.548607761574334,0.169902907415288,-3.22894863849146,0.00124246206926835,0.0128030866731024,"LINC02603"
"ENSG00000230266.1",12.8210454056749,0.341225006635044,0.194820478342648,1.75148428716462,0.0798625255368066,0.211625522341364,"XXYLT1-AS2"
"ENSG00000230267.7",11.5576023301468,-0.258912800334253,0.241752546088669,-1.07098272395977,0.284177197685323,0.476822469637005,"HERC2P4"
"ENSG00000230269.7",3.36909685054821,-0.645710211858026,0.51186539318175,-1.26148440675838,0.207134374555482,0.388664207205079,"LINC02525"
"ENSG00000230280.2",14.7065872800852,-0.405359152188953,0.154038378586735,-2.63154647502801,0.00849972410560808,0.0481015323216063,"HNRNPA1P59"
"ENSG00000230289.1",5.10175968179161,-0.236937462549547,0.155786593951592,-1.52091047464053,0.128282305007054,0.287344638798079,"AL358781.2"
"ENSG00000230291.5",9.73753075632654,-0.127148360710705,0.139005158506078,-0.914702461960401,0.360347851543902,0.553446557247365,"AC078817.1"
"ENSG00000230292.5",2.62350689638698,-1.81480705585455,0.641018257806506,-2.83113161560269,0.00463836301302628,0.0317746954305934,"NAALADL2-AS3"
"ENSG00000230295.1",28.6637436342543,-0.29179508588772,0.122805238690022,-2.37608011677949,0.0174976631543846,0.0781945905233458,"GTF2IP23"
"ENSG00000230299.1",5.63019625895437,0.17648971578842,0.120325861327371,1.46676461603082,0.142440098357533,0.306982016741155,"SNRPEP11"
"ENSG00000230300.1",2.23423341244476,-1.47918488051789,0.501419351904749,-2.94999559729572,0.00317778457807817,0.0246270907723363,"STARD13-IT1"
"ENSG00000230303.6",9.7070035641757,-0.628510725156915,0.154215060574173,-4.07554698494974,4.59063117177129e-05,0.00123056266990162,"AL353743.2"
"ENSG00000230305.2",2.63608872920005,0.0497846470423861,0.220424151576369,0.225858403838009,0.821311550794319,0.902511610171533,"AC004980.3"
"ENSG00000230306.1",3.86803346280202,0.282735549745226,0.169591457132769,1.66715679271438,0.0954832316928578,0.237800959960377,"BANF1P2"
"ENSG00000230311.2",5.13365763150142,-0.359236104113757,0.200526888156933,-1.79146102258674,0.0732193440287988,0.199925499938555,"TOMM20P4"
"ENSG00000230316.7",348.051808005464,-0.94343412411455,0.257386925556312,-3.66543142032342,0.000246921975802396,0.00420284935602718,"FEZF1-AS1"
"ENSG00000230319.1",5.87884898541835,-0.0709479671900773,0.129134581690479,-0.549411058302968,0.582723386855303,0.741103587690947,"TTLL1-AS1"
"ENSG00000230322.1",3.13663841907281,-0.892240784641241,0.398030707463118,-2.24163806437954,0.0249847737732441,0.098571447831077,"AL136320.1"
"ENSG00000230325.1",5.419651698311,-0.31320898485273,0.185358481033553,-1.689747256809,0.0910763181785591,0.230515726099952,"AL359921.1"
"ENSG00000230330.1",31.1492228052888,-0.251755048643059,0.127243121555163,-1.97853562193471,0.0478683141251115,0.151346607993099,"HMGN2P3"
"ENSG00000230333.6",39.5307313891167,-0.528029112399389,0.172314416339502,-3.06433508940448,0.00218154410202009,0.0189535876274934,"AC004160.1"
"ENSG00000230337.1",7.6530820446141,0.251930397955259,0.125810265878726,2.00246296433477,0.0452349624794579,0.146155098152708,"EXOSC10-AS1"
"ENSG00000230356.1",6.57649825200309,-0.87768419506912,0.333626087582505,-2.63074210242048,0.00851986618798459,0.0481995266649678,"NCAPD2P1"
"ENSG00000230358.4",12.5115646966253,-0.18388834594396,0.116456412602983,-1.57903151774787,0.114328827954127,0.266513770415682,"SPDYE21"
"ENSG00000230359.5",36.1883235994595,-0.105211481259014,0.10170896644022,-1.03443663760808,0.300932083970642,0.493884051643231,"TPI1P2"
"ENSG00000230362.1",12.118765642204,0.178862481513975,0.109055829429398,1.64010014365871,0.100984346569113,0.245855345544826,"ACTG1P23"
"ENSG00000230364.1",6.38201010386825,0.0722191236902259,0.152786477472131,0.472680075390827,0.63644144370614,0.780644917117066,"RPL4P3"
"ENSG00000230368.2",3.98268448633874,-1.58195110722178,0.363495362458807,-4.35205306753,1.34868605507963e-05,0.000494513269072314,"FAM41C"
"ENSG00000230370.1",1.96034148961396,-1.171657778371,0.342424599916943,-3.4216518867371,0.000622419491385468,0.00784041321479243,"RPL23AP52"
"ENSG00000230373.8",29.729205096436,-0.45611322376998,0.144579749115941,-3.15475180002017,0.00160634696591004,0.0153018911404987,"GOLGA6L5P"
"ENSG00000230383.1",28.5271413354481,-0.160443171192232,0.138827862237234,-1.15569863719475,0.24780444580209,0.437140540141419,"AC009245.1"
"ENSG00000230387.4",22.5005011160835,-0.364377300833492,0.209621119116891,-1.73826617455613,0.0821639236241894,0.215798927151391,"AL118508.1"
"ENSG00000230393.1",4.60750686855782,-0.608919838930711,0.322235613849104,-1.88967268905248,0.0588017489029889,0.173215946401275,"AC092667.1"
"ENSG00000230397.1",2.20576444953294,-0.0370860743447445,0.318876321697313,-0.11630237750907,0.907412901421389,0.950812113373874,"SPTLC1P1"
"ENSG00000230399.1",2.61194235008505,-1.42565306993403,0.355785552720854,-4.00705722599305,6.14799709656394e-05,0.00154130472391493,"RBBP8P1"
"ENSG00000230400.3",4.52639123553123,0.242191387875205,0.172055418700401,1.40763592163831,0.159238904970299,0.329677312553708,"LINC01747"
"ENSG00000230408.3",1.19132637877696,1.06625628127347,0.317585999758882,3.35737810257063,0.000786854303197193,0.0092764661176856,"BZW1-AS1"
"ENSG00000230409.3",125.404545718313,0.0164522691451153,0.0930898540992685,0.176735362884671,0.859716262526488,0.924809479661858,"TCEA1P2"
"ENSG00000230415.1",17.3815964949523,-0.147194242939189,0.151438768987176,-0.971971998475861,0.331064479177684,0.524713401183597,"LINC01786"
"ENSG00000230417.12",6.77082939862522,-0.0749070179184651,0.168396917402866,-0.444824163492617,0.656446830704815,0.795337688222111,"LINC00595"
"ENSG00000230423.3",2.06132265447555,-0.0484932398958088,0.275232040662061,-0.176190387496892,0.860144372322668,0.925003497904872,"AL672310.1"
"ENSG00000230424.1",8.79604677405588,-0.0566914051192021,0.100100418004092,-0.566345338506824,0.571159045330223,0.732355020072371,"EMC1-AS1"
"ENSG00000230426.4",35.587661748762,-0.387444613475403,0.322428231390153,-1.20164605873664,0.229500688390214,0.415756144225454,"LINC01036"
"ENSG00000230427.1",1.89399671528549,-0.366199389693276,0.376808754581586,-0.971844165616347,0.331128080204362,0.524760901169272,"ALG14-AS1"
"ENSG00000230433.1",4.43379190609854,-1.03615749593713,0.238312370264043,-4.34789639660373,1.37449500752492e-05,0.000501216454386934,"AL031770.1"
"ENSG00000230435.1",3.3141944013869,-0.552095909690456,0.230501599932097,-2.39519339498337,0.0166116008632669,0.0753679514228323,"AC004160.2"
"ENSG00000230438.7",259.575986528492,0.242832897000464,0.141710685960501,1.71358211524111,0.0866055005140495,0.223135499815373,"SERPINB9P1"
"ENSG00000230445.4",70.5036912750362,0.0954417865609835,0.151776874875634,0.628829567344753,0.529460640694101,0.700052943233865,"LRRC37A6P"
"ENSG00000230453.9",68.245236540542,0.140686224863914,0.254390159936017,0.553033281237367,0.580240620922448,0.739018783181754,"ANKRD18B"
"ENSG00000230454.1",34.8769067761795,-0.0760851095033617,0.136406010138085,-0.557784143281812,0.576991791795454,0.736515133971553,"U73166.1"
"ENSG00000230457.3",12.9566085617828,0.12680054131724,0.156422655552857,0.810627724411653,0.417579490527499,0.605957110148281,"PA2G4P4"
"ENSG00000230459.3",1.52102360581546,-1.35804362006798,0.581841197367501,-2.33404514189155,0.0195933583135355,0.0841808914996143,"AC060773.1"
"ENSG00000230461.9",43.2853122871542,0.479464913812608,0.272934906432188,1.7567005997151,0.0789688552725667,0.210009593305341,"PROX1-AS1"
"ENSG00000230470.1",3.64887289599621,-0.90364029089952,0.2959980065155,-3.05285938083573,0.00226672129845532,0.019475084435993,"AL078645.1"
"ENSG00000230479.1",28.7402184870481,0.528559024060679,0.163996725575744,3.22298522854688,0.00126862095660634,0.0129808380556909,"AP000695.1"
"ENSG00000230481.2",17.7768666352782,-0.508610921929131,0.234082683589668,-2.17278319835351,0.0297966384470355,0.110162484675707,"IGKV1OR22-5"
"ENSG00000230482.1",2.91361100085536,-0.753546908561596,0.327017313122366,-2.30430279475639,0.0212056521921393,0.0884046804949778,"ATP5MC2P3"
"ENSG00000230487.8",518.753719548333,0.217736514274836,0.121144323514899,1.7973315460221,0.0722830009911694,0.198328494478243,"PSMG3-AS1"
"ENSG00000230490.3",17.9567538429421,-0.399997820550186,0.175225079835738,-2.28276580570063,0.0224441671738514,0.0916851113765687,"AL139383.1"
"ENSG00000230495.1",4.19243000583391,-0.61930251811245,0.243791401881923,-2.54029680018166,0.0110758433026327,0.0575090535050763,"AL132765.1"
"ENSG00000230497.2",1.53014877403443,-0.972518791888973,0.650408119798457,-1.49524392805909,0.134850792917307,0.296351444573514,"EEF1B2P8"
"ENSG00000230498.3",4.70217507228791,-0.901063300934431,0.253279654406881,-3.55758263743884,0.000374283373370403,0.00558039245392782,"AL035409.1"
"ENSG00000230499.1",4.36352338336807,-0.0112141575986089,0.171337008862254,-0.0654508776187668,0.947815016404106,0.972497699122963,"AC108463.2"
"ENSG00000230501.1",2.00613193712583,-1.11088658635384,0.352465167925016,-3.15176274834105,0.00162288078144192,0.0154461320344614,"ANKRD30BP3"
"ENSG00000230506.2",2.20361563294717,-0.464985097633272,0.346620845466764,-1.34148047849551,0.179764503691475,0.356149245233827,"AL354824.1"
"ENSG00000230508.1",8.74313524086709,-0.143868962786162,0.14980447511436,-0.960378270918364,0.336864870029222,0.530221355800061,"RPL19P21"
"ENSG00000230510.7",25.2685043113911,-0.0878863552824336,0.10431939122578,-0.842473812871664,0.399522791812834,0.589544912145407,"PPP5D1"
"ENSG00000230513.2",66.6453755957115,0.202877095576513,0.116753886794901,1.73764746635718,0.0822729506155829,0.215898180686286,"THAP7-AS1"
"ENSG00000230516.1",2.39741939621802,-0.692836223211804,0.448605087114966,-1.54442346534124,0.122485779041322,0.278421158025774,"AL589642.2"
"ENSG00000230521.1",32.5564111509146,-0.0478395839656344,0.0985063539685998,-0.485649727538225,0.62721553283433,0.774809347877754,"AL645929.1"
"ENSG00000230524.8",13.0830219637756,-0.137821944058708,0.23527156708876,-0.585799405189972,0.558010323499501,0.722157851682939,"COL6A4P1"
"ENSG00000230526.1",6.17773150781545,0.280070873678448,0.18040082631882,1.55249218860828,0.120544500339874,0.275622317755577,"AC073370.1"
"ENSG00000230530.2",27.5385914225667,-0.559358729852511,0.12044202860729,-4.64421544805046,3.41371184315638e-06,0.000183015633485033,"LIMD1-AS1"
"ENSG00000230533.4",14.1513705964875,0.201088177967379,0.277543430725336,0.724528688868088,0.468741220861251,0.649943836830354,"AL356234.2"
"ENSG00000230534.6",3.20922197086185,0.000588380269973608,0.226853587191385,0.00259365645153859,0.997930563881492,0.999010802637235,"AL392046.1"
"ENSG00000230536.1",3.08670422392488,-0.91774662608026,0.276466454292718,-3.31955870895124,0.000901598447103698,0.010245628853675,"AL360268.1"
"ENSG00000230537.2",56.5908583320885,-0.0893706703439045,0.133957896758316,-0.667154923349874,0.504673180623246,0.680643891816392,"AL158071.2"
"ENSG00000230539.1",2.55180304845007,-1.09268976464712,0.341955392612784,-3.19541609301198,0.00139629376609027,0.0138580507981655,"AOAH-IT1"
"ENSG00000230542.6",3.1259690303867,-0.740538481574541,0.302611630850669,-2.44715802724707,0.014398769217159,0.0683849106343616,"LINC00102"
"ENSG00000230551.4",744.629700062172,-0.293049618531444,0.130116909987053,-2.2522024121277,0.0243094836661171,0.0966255539274162,"AC021078.1"
"ENSG00000230552.6",3.76146600654551,0.538250998324652,0.264589262545899,2.03428889421119,0.0419224762622182,0.13882285679312,"AC092162.2"
"ENSG00000230555.2",47.5575208689629,0.0944356169238428,0.0828563719057609,1.13975080916229,0.254390132657333,0.444868719747904,"AL450326.1"
"ENSG00000230561.4",14.1086801536194,0.113890995720722,0.114278668799345,0.996607651430518,0.318954990545998,0.512696432032055,"CCDC192"
"ENSG00000230562.3",2.693230217314,-0.0631172037300626,0.16947314338294,-0.372431893751114,0.70957131129724,0.831851743618402,"FAM133DP"
"ENSG00000230563.4",5.75547456187693,-0.0305477696024222,0.259135221933668,-0.117883510294257,0.906159959017031,0.950188803810989,"AL121757.1"
"ENSG00000230565.1",29.5459031694331,-0.371732774538033,0.120294434288024,-3.09019096966685,0.00200027838522436,0.0179019538385147,"ZNF32-AS2"
"ENSG00000230568.1",2.93541213495729,-0.89368487450683,0.227729957061163,-3.92431846051245,8.69756178990461e-05,0.00198879069142372,"SF3A3P1"
"ENSG00000230569.1",1.74784107271606,-1.19057714878915,0.555279461887569,-2.14410442039762,0.03202452096992,0.115590331672555,"AC114763.2"
"ENSG00000230570.1",2.38490388407211,0.698060024630284,0.379753374315242,1.83819307962438,0.0660339591870066,0.186881044135754,"AL139095.3"
"ENSG00000230575.1",1.21604302722347,-2.26398908574825,1.01071149121771,-2.23999539474968,0.0250912218487329,0.0987775864975598,"AC013286.1"
"ENSG00000230580.1",5.05915758733788,0.164157211877549,0.143611026502087,1.14306829966961,0.253010234735721,0.443200554827757,"RPL19P5"
"ENSG00000230581.2",26.4081987812355,0.0741318710799344,0.0977974558308826,0.75801431080301,0.448442415576102,0.632573228615167,"ACTG1P14"
"ENSG00000230583.7",5.57867370861977,-0.108913560954436,0.143418286834698,-0.759411950583177,0.447606166901019,0.632143552839383,"GTF2IRD1P1"
"ENSG00000230585.2",6.7142986243582,-0.669057787618708,0.218182753302022,-3.06650171699206,0.00216579564447323,0.0188659953928433,"PHBP12"
"ENSG00000230587.2",21.9993854318358,-0.354010196271052,0.140072312447257,-2.52733884438691,0.0114930556902776,0.0588402741959728,"LINC02580"
"ENSG00000230590.11",1928.08820708196,-0.631741210317915,0.1300275971086,-4.85851637933663,1.18268626352632e-06,8.41349866914142e-05,"FTX"
"ENSG00000230592.2",4.86722619291681,-0.108806811214145,0.182928326801821,-0.594805698583921,0.551973357952052,0.717260910501149,"RPSAP8"
"ENSG00000230593.3",8.04583525697653,-0.17689443829742,0.188545324818947,-0.938206441699287,0.348138328585653,0.541868600916416,"PPIAP40"
"ENSG00000230596.3",1.80057792740397,-0.640786796881493,0.261105074470456,-2.45413383168085,0.0141224410994408,0.0674925847674906,"GPAA1P2"
"ENSG00000230601.7",6.64486188479504,-0.305878617297835,0.254161773461705,-1.20348002428431,0.228790616908977,0.414853548758269,"TEX48"
"ENSG00000230604.2",2.94130931081518,-0.610209315766197,0.291301909391231,-2.09476593216099,0.0361918049501627,0.125753921258079,"TSEN15P2"
"ENSG00000230606.11",20.7069935857198,-0.520272019079592,0.196609920041543,-2.64621448892132,0.00813981860970155,0.0466756770535298,"AC092683.1"
"ENSG00000230612.3",11.645154962854,-0.23854487014022,0.172191567792152,-1.3853458284796,0.165946746784577,0.337974248528716,"AC004039.1"
"ENSG00000230613.1",4.18997099018576,0.144553787686955,0.153000560399179,0.944792537424792,0.344764802491152,0.538127265322921,"HM13-AS1"
"ENSG00000230615.7",80.1209479391148,0.121256122712523,0.116790815429415,1.03823337705701,0.29916141712119,0.49216687553569,"AL139220.2"
"ENSG00000230623.6",59.8321878838577,0.357433436993185,0.239888990566863,1.48999516880104,0.136225506238305,0.298001894162049,"AC104461.1"
"ENSG00000230626.4",10.1519035288354,0.0684882712540003,0.134448255130631,0.509402455148687,0.610470155781951,0.762222322643189,"AC011005.1"
"ENSG00000230628.1",22.9363293007506,-0.546398249999011,0.227108043729596,-2.40589563022952,0.0161328730013996,0.0738500949863326,"AL160408.3"
"ENSG00000230629.2",61.4879869824115,0.21445334888848,0.118098158743357,1.81589070626,0.0693871392368838,0.192959073389039,"RPS23P8"
"ENSG00000230630.5",161.843520624938,-0.181220844678151,0.149792642764251,-1.20981138548548,0.226351276366891,0.411917344922387,"DNM3OS"
"ENSG00000230631.1",3.06472603756997,-0.353005980143502,0.288882343045088,-1.22197146569254,0.221718417757411,0.406345441065589,"AL353152.1"
"ENSG00000230635.2",1.61043502406133,-0.184394974905403,0.347057403817756,-0.531309728238014,0.595204165143564,0.750724817022453,"CYP4F60P"
"ENSG00000230637.2",3.82109329073425,-0.413931701670777,0.185896289693298,-2.22668081409105,0.0259686135783056,0.100871899645611,"AL022324.1"
"ENSG00000230638.4",69.2785042392387,-0.340830710789508,0.158982923306823,-2.14381962351853,0.0320473423610804,0.115615214971278,"AL445933.1"
"ENSG00000230649.3",3.64062329870434,-0.689394746495164,0.318036711384852,-2.167657763449,0.0301847352885713,0.111131727563633,"AC024084.1"
"ENSG00000230650.1",70.6358472843924,-0.0524379216890085,0.190770235333435,-0.274874754949879,0.783412462959455,0.879807275097132,"AC140479.2"
"ENSG00000230657.8",2.30962755853262,0.0967276287405966,0.628242051784719,0.153965543162562,0.877636904154041,0.934654387115364,"PRB4"
"ENSG00000230658.2",61.8169842633171,-0.34437249699637,0.152024452962123,-2.26524411228877,0.0234977035292895,0.094418478444922,"KLHL7-DT"
"ENSG00000230661.1",2.21050249281495,-0.474814024014176,0.449202724986979,-1.0570150126047,0.290504735941278,0.482885023898358,"YY1P1"
"ENSG00000230666.5",4.33140710351636,0.0489277877815861,0.19303367249944,0.253467631569452,0.799906870901275,0.889845611230826,"CEACAM22P"
"ENSG00000230667.6",4.1945560259876,0.0998753443040814,0.161171382706705,0.619684106612347,0.535465781375161,0.704245171024857,"SETSIP"
"ENSG00000230676.1",1.86539753024033,0.819561454729786,0.380955255818914,2.15133258358132,0.0314499581961689,0.114333201378582,"AL353803.2"
"ENSG00000230679.1",4.04685361932544,-0.15178586791589,0.170568919668165,-0.889879986407746,0.373530331390757,0.565593091553513,"ENO1-AS1"
"ENSG00000230683.1",1.7126741550639,-0.306450454528866,0.306426580957659,-1.00007790959626,0.317272805648743,0.511097999913786,"DDTP1"
"ENSG00000230684.1",1.81949013172151,-0.710633572239577,0.441331451606416,-1.61020378142759,0.107353376165602,0.25597049005811,"AL158207.2"
"ENSG00000230694.1",0.974079929901084,-1.17153853767665,1.2690713429891,-0.923146318092152,0.355930959639063,0.549440518923236,"AL450003.1"
"ENSG00000230696.1",1.71607630182125,-1.1021984169785,0.433821330523676,-2.54067363549876,0.0110639141598938,0.0574650380850773,"AC011753.2"
"ENSG00000230699.2",16.7939709841071,0.160948847596933,0.240217679094322,0.670012499511895,0.502849822106678,0.678944592633938,"AL645608.2"
"ENSG00000230701.2",42.5357640119178,-0.150386914278557,0.116908869436212,-1.28636017954661,0.198317388881243,0.378753789836235,"FBXW4P1"
"ENSG00000230707.1",1.84350047600932,-0.925516682851395,0.393076032203426,-2.35454875654291,0.0185452106292231,0.0811228087608363,"AL589987.1"
"ENSG00000230709.1",6.97674717207051,-0.570292115951239,0.219073603828352,-2.60319867836781,0.00923584142968888,0.05087506100573,"AC104024.1"
"ENSG00000230710.2",3.29643085661215,-0.746065790624393,0.347479173721905,-2.14708059373218,0.0317868659769688,0.115126136432202,"LINC00332"
"ENSG00000230712.3",11.6372362582193,-0.30117486447749,0.166657434440917,-1.80714929092624,0.0707390049837007,0.195364055821016,"GGTLC4P"
"ENSG00000230715.3",245.329040613031,-0.14317777954832,0.114177302610431,-1.25399511351952,0.209843781544306,0.39207189061982,"AC018638.2"
"ENSG00000230716.3",7.42873911741968,0.378383823107584,0.184436560932817,2.05156624691899,0.0402118352847328,0.135060199192056,"KRT8P7"
"ENSG00000230718.1",1.70497224304475,-2.59682113065546,0.805129190459463,-3.22534713860459,0.0012582000612566,0.0129168222754905,"AC114878.1"
"ENSG00000230721.1",5.86336662987212,-0.0566052399783915,0.163090235102283,-0.347079271440692,0.728531765673589,0.84417829198931,"AL049597.1"
"ENSG00000230724.9",18.523146309719,-0.150719811109928,0.157529079979629,-0.956774527785081,0.338681071672911,0.532124064143757,"LINC01001"
"ENSG00000230725.6",11.2204650610065,-0.782872302527846,0.287201731272123,-2.72586205890965,0.00641337948269411,0.0397691642982557,"AL035252.2"
"ENSG00000230730.1",4.29468689432098,-0.0879570193486328,0.141093481480261,-0.62339534346906,0.533024757222633,0.702514175318567,"AC074011.1"
"ENSG00000230731.3",5.16796816481824,-0.511181573526698,0.217830922879094,-2.34668965622675,0.0189410238290186,0.0822919882995585,"AL589745.1"
"ENSG00000230732.4",23.5066890360049,-0.826481642806494,0.177349585372992,-4.66018367659717,3.15927334246038e-06,0.000173854028744684,"AC016949.1"
"ENSG00000230734.1",33.1336051339127,0.0906333219992695,0.135011977536741,0.671298381468456,0.502030465538787,0.678249413187633,"RPL10P3"
"ENSG00000230735.1",1.23262494144778,-0.74561319918803,0.530968537226398,-1.4042511879948,0.160244063921982,0.331058369230812,"AC093423.2"
"ENSG00000230736.2",5.12137732562567,-0.123428644943053,0.142503526223097,-0.86614449631105,0.386410926476564,0.577673056811147,"AL021937.1"
"ENSG00000230741.1",1.19679755391779,0.423296324380784,0.423141877541265,1.00036500012813,0.31713390140858,0.510990232706688,"Z82173.1"
"ENSG00000230747.1",5.16443095672159,-0.298740690782458,0.136112295085876,-2.19481047317567,0.0281771959046371,0.106217117705859,"AC021188.1"
"ENSG00000230749.5",5.53559510975812,-0.942190278066818,0.236862792844512,-3.97778927940496,6.95589725384579e-05,0.00169684874196828,"MEIS1-AS2"
"ENSG00000230751.1",4.60586551764229,-0.604282786327468,0.224315571911893,-2.69389584136771,0.00706222305604209,0.0424102799792225,"AC007036.2"
"ENSG00000230753.6",5.47145048992171,0.027900483367231,0.122267163264187,0.228192775740984,0.819496377421392,0.90170074639549,"ZNF341-AS1"
"ENSG00000230756.1",2.67661883691224,-0.103100293464917,0.158121896305575,-0.652030464305036,0.51438151994048,0.688648220338524,"RHOQP3"
"ENSG00000230769.1",2.8577906927605,-0.56510477096698,0.293029169820968,-1.92849323264384,0.0537938051901349,0.163374836515081,"Z98048.1"
"ENSG00000230773.9",11.5774719413151,0.114941612953562,0.12491596862823,0.920151476354849,0.357493607351437,0.55055082026627,"AC092650.1"
"ENSG00000230777.1",6.06661456407216,-0.221806298549626,0.144039593703979,-1.53989811305264,0.123585190832499,0.280204423752818,"RPS29P5"
"ENSG00000230782.1",2.16147136566879,-0.621767065445572,0.53505466164354,-1.16206270128677,0.245209996692585,0.434197235394438,"AL807761.4"
"ENSG00000230789.1",2.24138480798387,-0.805533879348904,0.393189635050331,-2.04871595673113,0.0404898979634529,0.135657660551196,"ARHGAP26-IT1"
"ENSG00000230790.2",2.52698996835345,0.164357287580285,0.256410999914918,0.640991562900275,0.521528164629508,0.694279546763574,"AC012456.2"
"ENSG00000230793.1",4.6404018537132,-0.065537370082631,0.129825468174132,-0.504811351765949,0.613691341968896,0.764914299283833,"SMARCE1P5"
"ENSG00000230795.3",254.467448376795,-0.159958147960814,0.148689859415046,-1.07578384020335,0.282023941072042,0.474524843084423,"HLA-K"
"ENSG00000230797.3",34.7700794332744,-0.0640055967920925,0.091036744381409,-0.70307431605785,0.482009437291508,0.661781524835918,"YY2"
"ENSG00000230798.5",45.2473361257686,-0.0203726097533668,0.271503844173605,-0.0750361742220494,0.940185930142715,0.968661505827155,"FOXD3-AS1"
"ENSG00000230799.1",6.10971899434641,-0.04669246845668,0.17412420564231,-0.268156103193353,0.788579162479695,0.882849083880438,"RPS2P16"
"ENSG00000230807.1",2.09867441976171,0.201682270395499,0.213301639988186,0.945526112254312,0.344390346163997,0.537719260649907,"AC099535.1"
"ENSG00000230815.1",3.32447047454948,-1.74170800926905,0.395095607016279,-4.40832036180369,1.04175374340192e-05,0.000413386261967582,"AL807757.1"
"ENSG00000230817.6",1.49264241107586,-0.411626774100241,0.382154450267581,-1.0771214984204,0.281425989809745,0.473901951278935,"LINC01362"
"ENSG00000230825.2",12.2747395921178,0.310795272427741,0.171504475977188,1.81217003612827,0.06995992739905,0.193936192905547,"AC005532.1"
"ENSG00000230826.1",2.41604482133551,-2.27580374168868,0.550710318171369,-4.13248792803715,3.58857620115414e-05,0.00102817958231519,"AL390774.2"
"ENSG00000230832.3",5.46462339945292,-0.637032721355847,0.21151958769425,-3.01169611902171,0.00259792524465892,0.0214151692952884,"SSBL4P"
"ENSG00000230833.1",1.2602211184959,-0.449462385268081,0.427713472991586,-1.05084925692047,0.293327828838781,0.485858875896992,"RPEP3"
"ENSG00000230834.1",1.53231252349389,1.2019600854375,0.347032169529404,3.46354082120809,0.000533115697820506,0.00703767681504287,"AC068580.2"
"ENSG00000230836.1",8.53562154748049,-0.527884817052193,0.223189141066025,-2.36519041442088,0.0180208028731461,0.0797957473768642,"LINC01293"
"ENSG00000230838.1",101.690825835385,-0.0326144938553548,0.201529648359605,-0.161834718220508,0.871436012221919,0.931227647797909,"LINC01614"
"ENSG00000230844.3",163.717490502837,-0.137419441087345,0.0809763677274688,-1.69703142958744,0.089690718642246,0.228153506705096,"ZNF674-AS1"
"ENSG00000230847.4",11.4608165445839,0.104506175065101,0.220882363493337,0.473130463710624,0.636120103919918,0.780365769549572,"OCLNP1"
"ENSG00000230849.2",3.50064748019206,-0.0346257478617571,0.16151287703335,-0.214383821883176,0.830247756659805,0.907556179613057,"GOT2P2"
"ENSG00000230863.3",3.52743542337462,-0.513440690939333,0.330487303184793,-1.55358673689271,0.120283025003547,0.27525999625462,"AL137803.1"
"ENSG00000230869.1",7.21499627422832,-0.250275168373061,0.139493182984803,-1.79417490530936,0.0727852562242001,0.199214036128929,"AGAP10P"
"ENSG00000230870.2",9.02952383325259,0.054095163102485,0.152338198290225,0.355099139346695,0.722515321392328,0.840867710529408,"FBXW11P1"
"ENSG00000230872.2",14.67949780947,-0.465738998218714,0.155990375464458,-2.98569060323104,0.00282938750558332,0.0227122280933039,"MFSD13B"
"ENSG00000230873.9",95.1184980651698,-1.04084471910235,0.236201850105023,-4.40659003576627,1.05010670031903e-05,0.000414723634326472,"STMND1"
"ENSG00000230882.1",193.934649291991,0.714487875803816,0.218123399787413,3.27561314604563,0.00105432872025963,0.0114040825482794,"AC005077.4"
"ENSG00000230894.2",21.1345075711423,-1.77393471692169,0.331846034970802,-5.34565590659467,9.00902129997993e-08,1.30811181052687e-05,"AL133284.1"
"ENSG00000230896.1",76.7692094020243,-0.145712879443281,0.0725220516667431,-2.00922169318744,0.0445136281084731,0.144612824025702,"AL604028.1"
"ENSG00000230897.1",40.7603050264461,-0.390922166224581,0.179593021575022,-2.17671133764671,0.0295021118428553,0.109475458045495,"RPS18P12"
"ENSG00000230899.1",1.12670966888127,0.96240555728903,0.364554212427844,2.6399518219242,0.00829178137983425,0.0472864469816412,"MAGEA8-AS1"
"ENSG00000230902.1",1.82991270119849,-0.857882001589119,0.764776517681804,-1.12174207988176,0.261972119268585,0.453506539455542,"FAM204CP"
"ENSG00000230910.4",19.5184613680823,-0.937985380417741,0.222914339334082,-4.20782881540868,2.57836065849154e-05,0.000799267797049896,"AL391807.1"
"ENSG00000230911.1",4.11160367174971,-0.369780783270627,0.232652696420636,-1.5894111220704,0.11196760523268,0.262886987377407,"PPIHP1"
"ENSG00000230912.1",11.3533389621773,-0.220022486946612,0.151567153092652,-1.45165019238775,0.146598895018143,0.312651159789118,"AL021707.4"
"ENSG00000230916.2",11.2342636006093,-0.768577824258945,0.216511490900167,-3.54982463546628,0.000385487847158643,0.00568381173403574,"MTCO1P53"
"ENSG00000230918.2",45.958005510741,-0.431638034319239,0.21095943660937,-2.04607123178138,0.0407493629229929,0.136239058023218,"DPP4-DT"
"ENSG00000230922.1",0.903062039946061,0.495840839012939,0.517145620127468,0.958803129553185,0.337657932333276,0.531107803643225,"AL079301.1"
"ENSG00000230927.3",2.65918054278211,0.131947299927583,0.252767100727879,0.522011367569679,0.601662415833823,0.755550196528194,"TMBIM7P"
"ENSG00000230928.1",8.37358662220197,-0.227296316290471,0.233010466358871,-0.97547685235907,0.329323778319824,0.522875509161234,"AL139241.1"
"ENSG00000230936.1",1.12000656056162,-0.405932183645655,0.624725399831427,-0.649776980022246,0.515836290629557,0.690068615097434,"AC073347.1"
"ENSG00000230937.12",195.299966084039,0.354937012737542,0.283423700235005,1.25231945120765,0.21045348390396,0.392814253496359,"MIR205HG"
"ENSG00000230943.3",48.8092017557988,-0.664050362241301,0.148745163654316,-4.46434926640409,8.03124644512246e-06,0.000341051387624314,"LINC02541"
"ENSG00000230946.3",3.30215289596634,-1.70214635653892,0.318601191579889,-5.34256117529963,9.16424284570897e-08,1.31510834940599e-05,"HNRNPA1P68"
"ENSG00000230953.2",25.4198084631015,-0.451783393073077,0.166133829443693,-2.71939432556208,0.00654015889703972,0.0402628532099008,"AC099677.1"
"ENSG00000230965.1",1.4560568228483,0.144571196590847,0.296155696240551,0.488159432440632,0.625436916735062,0.773473172202385,"SNX18P13"
"ENSG00000230970.4",3.0997184588649,-1.02656157681598,0.331087542315266,-3.10057445724874,0.00193145647085295,0.0174739076858987,"HHATL-AS1"
"ENSG00000230978.2",14.0111085325836,0.420087332966198,0.241121610050517,1.7422218310428,0.0814696353668495,0.214654049562244,"LINC00160"
"ENSG00000230979.3",45.6465806313099,0.0137076070574971,0.159639677978529,0.0858659152353135,0.931573007108268,0.963782989396651,"AC079250.1"
"ENSG00000230982.1",32.4596796332121,-0.215184975771801,0.102591723997529,-2.09748864125711,0.0359503416369429,0.125211290314755,"DSTNP1"
"ENSG00000230986.1",1.24564063278187,0.558138984498689,0.55794407145446,1.00034934154551,0.317141476539161,0.510990232706688,"DDX3P2"
"ENSG00000230987.2",1.61048705318571,0.302174616354171,0.280366017892996,1.077786169041,0.281129193262194,0.473674664630485,"AL359976.1"
"ENSG00000230988.3",4.19106148008658,-1.07955018201597,0.409746675605017,-2.63467709755531,0.00842173576118719,0.0478227611627503,"RPL23AP11"
"ENSG00000230989.7",5776.5785818134,0.0387072190094547,0.0845564542429789,0.457767764223259,0.647119297566576,0.788426508595624,"HSBP1"
"ENSG00000230991.2",1.43595820273207,0.36776908204827,0.589251917296814,0.624128783043094,0.532543012529342,0.70214860861508,"AC092625.1"
"ENSG00000230993.1",5.06912219619334,-0.217559678220327,0.200447064424579,-1.08537223453421,0.277756824661578,0.47034016395188,"RPL12P15"
"ENSG00000231006.1",18.5782456063637,-0.290164922599033,0.164662681230209,-1.76217780757113,0.0780392604226472,0.208252733027508,"RPL7P32"
"ENSG00000231007.5",7.92563555105039,0.393934255031385,0.153669789618404,2.56351138378996,0.0103619302832391,0.0549505805861545,"CDC20P1"
"ENSG00000231010.1",11.7821736757912,-0.506102937797773,0.153875900844334,-3.28903314307653,0.00100532184676028,0.0110566144095075,"AL121672.1"
"ENSG00000231013.2",85.0300799443912,-0.788780062135725,0.233165508864105,-3.38291913747607,0.000717197459805032,0.0087049416803824,"SCTR-AS1"
"ENSG00000231023.7",6.74332559092074,-0.414773982795432,0.323220986866071,-1.28325201533803,0.199403797944823,0.380130564153811,"LINC00326"
"ENSG00000231028.9",50.6492815770867,-0.351173559338964,0.142047367033158,-2.47222857187484,0.0134273634696951,0.0653467639229,"LINC00271"
"ENSG00000231031.6",7.24808512410505,-0.297202937734134,0.445754335666291,-0.666741552361775,0.504937232116263,0.680822746996871,"LINC01804"
"ENSG00000231035.1",1.72992330667837,0.413248352652492,0.29903514530143,1.38193907687986,0.166990408175206,0.339248941870707,"RPL7L1P9"
"ENSG00000231039.2",2.49104077081747,0.0271567547624881,0.297630157000884,0.0912432901159523,0.927299277853617,0.961940499492208,"AL355303.1"
"ENSG00000231043.3",13.626708901293,-0.144844281827045,0.117129899856644,-1.23661235947713,0.21623102921499,0.399876668091688,"AC007238.1"
"ENSG00000231047.1",2.44622586836717,-0.472370857545819,0.300155463563998,-1.57375398714041,0.115544335370298,0.26827655746449,"GCNT1P3"
"ENSG00000231049.2",2.31934768984564,-1.2339415485802,0.343569357292056,-3.59153551500018,0.000328735367076814,0.00511668376628723,"OR52B5P"
"ENSG00000231050.1",14.0065927405888,-0.0289180529594909,0.140382716251814,-0.20599439682887,0.836795288131788,0.91109335922124,"AL109917.1"
"ENSG00000231056.1",0.56153458223308,0.950968465161214,0.516981184900524,1.83946436144324,0.0658469151179266,0.186494372183848,"LINC02522"
"ENSG00000231057.4",21.8486442977567,-0.722997830638226,0.212097998770634,-3.40879138336467,0.000652513583117563,0.00810904618243114,"AC096637.2"
"ENSG00000231063.1",4.97749218770794,-1.52269032455877,0.315518162679978,-4.82599895874518,1.39303235630428e-06,9.54284490502849e-05,"RPL6P6"
"ENSG00000231064.7",44.3335433642673,-0.277292446196994,0.121723097942235,-2.27805938958755,0.022723039399231,0.092449975646902,"THBS3-AS1"
"ENSG00000231066.3",5.99128809423331,0.0534798396635525,0.134274048082195,0.39828872687904,0.690417369232122,0.818942050514645,"NPM1P9"
"ENSG00000231073.1",5.10614616274045,-0.275627860157423,0.158400403711382,-1.74007043984332,0.0818466500326647,0.215165217796221,"AL590133.1"
"ENSG00000231074.9",1386.04278740297,-0.182520299931819,0.0780043532385135,-2.33987325519805,0.0192902850947393,0.0832445186855679,"HCG18"
"ENSG00000231079.7",1.97599597013077,-0.441589927914131,0.325722796474442,-1.35572312620981,0.175187278412171,0.350568682736546,"KIF5C-AS1"
"ENSG00000231084.2",21.5423867951623,-0.0696147636641418,0.0802967949284535,-0.866968148930107,0.385959461602112,0.57723140717484,"RPL22P24"
"ENSG00000231102.1",1.62020091120145,-0.762715119582068,0.413156131704686,-1.84606995044488,0.0648820493455799,0.184853718925513,"AL035588.1"
"ENSG00000231104.8",5.81572736850482,-1.00616807966764,0.254041670942502,-3.96064187396785,7.47485662490458e-05,0.00178804786132047,"AC022395.1"
"ENSG00000231105.2",23.2501960479034,0.0510207005098851,0.14758247146132,0.345709758108078,0.729560850041526,0.84499110733806,"ECE1-AS1"
"ENSG00000231106.2",314.514158262294,-0.224094042972459,0.262717226906647,-0.852985720087888,0.393667223196524,0.584479257129944,"LINC01436"
"ENSG00000231107.2",61.1115814466315,0.00287723237458159,0.207211948704077,0.0138854558946821,0.988921365127402,0.994334686459537,"LINC01508"
"ENSG00000231113.2",79.5721921253708,-0.188929100954732,0.0676402494032928,-2.7931461315034,0.00521981055038135,0.0345562045444116,"AL035587.1"
"ENSG00000231119.2",48.3810242081499,-0.218189049033613,0.169532946792727,-1.2870008642059,0.198093986921138,0.378509131460368,"AL031666.1"
"ENSG00000231123.1",25.7358804851358,-0.189024444544142,0.13158420252722,-1.43652840473035,0.150852039692048,0.318452663589333,"SPATA20P1"
"ENSG00000231125.2",23.2260629257076,-0.316363534164424,0.12116381949638,-2.61103962783111,0.00902674331933747,0.0500962435957164,"AF129075.1"
"ENSG00000231128.6",8.62671157758806,-1.14255637256684,0.231076390037395,-4.94449637361021,7.63409625855112e-07,6.08042982621872e-05,"AL137856.1"
"ENSG00000231131.8",24.1815888964147,0.282889957372421,0.202251486963837,1.39870396810978,0.16190177380824,0.333015924589011,"LNCAROD"
"ENSG00000231132.1",1.41623986927248,-2.4127111182392,1.25507488537383,-1.92236427192992,0.0545599379099741,0.164953143192587,"AC022537.1"
"ENSG00000231133.8",9.60290855571635,0.223445053094254,0.234008432776073,0.954858978556866,0.339649016864159,0.533064629212679,"HAR1B"
"ENSG00000231134.1",2.76474508082648,-1.57071923109238,0.336960003051359,-4.66144117066908,3.14002826608418e-06,0.000173081061362153,"TCF7L1-IT1"
"ENSG00000231148.1",1.16133200717063,-0.471224279704496,0.552668423073678,-0.852634708318908,0.393861908761147,0.584637947674211,"HMGB1P7"
"ENSG00000231150.5",1.63249132769692,-0.535416643633996,0.289014905916481,-1.85255719574796,0.0639458524508055,0.18316693329129,"DNAH8-AS1"
"ENSG00000231153.1",0.793977644995439,-0.712069704891879,1.16652356241339,-0.610420335975639,0.541583400376737,0.709516237702858,"AC002429.1"
"ENSG00000231154.1",20.5943343495258,-0.217879992139369,0.142736829967002,-1.5264455024659,0.126898952893825,0.2854052589921,"MORF4L2-AS1"
"ENSG00000231156.1",2.40889815280912,0.140810570297425,0.327536488439187,0.42990804159998,0.667262535554896,0.80361639401784,"AC093702.1"
"ENSG00000231160.10",135.090805578344,-0.107789297849713,0.125850037441141,-0.856489994292808,0.39172680496697,0.582559544278614,"KLF3-AS1"
"ENSG00000231163.6",1.32940485803118,-1.49224041045204,0.712819347774603,-2.09343421318566,0.0363104109637047,0.125996134041989,"CSMD2-AS1"
"ENSG00000231167.3",22.4509748959587,0.186006745009947,0.114078853831449,1.63051028970514,0.102993692269006,0.249234554202065,"YBX1P2"
"ENSG00000231169.4",6.12781464106218,-0.571847339170169,0.237854065765823,-2.40419408988861,0.0162081653138831,0.0741234131586689,"EEF1B2P1"
"ENSG00000231170.7",15.2147354491852,-0.234057339690495,0.146496258737498,-1.59770182329294,0.11010935280226,0.260009268944296,"AC002451.1"
"ENSG00000231171.4",3.87155163492969,-0.201868318280672,0.392841802569152,-0.513866693820439,0.607345194932374,0.760048999206267,"LINC01098"
"ENSG00000231172.2",8.83361951180534,-0.540929409402795,0.29399415400421,-1.83993253619271,0.0657781425392076,0.186407000024673,"AC007099.1"
"ENSG00000231177.4",33.3654901119047,-0.140557255369691,0.113760620725669,-1.23555281672241,0.216624832426093,0.400281249582203,"LINC00852"
"ENSG00000231181.1",10.612310695356,-0.366094103240015,0.13922661550414,-2.62948360781727,0.00855146544944546,0.0483040276905985,"AL954705.1"
"ENSG00000231185.7",47.3141195776708,-0.197589344701008,0.150636793143065,-1.31169378063798,0.189623476072657,0.368327560611841,"SPRY4-AS1"
"ENSG00000231187.3",7.78044068569521,-0.423115738223727,0.186504002849996,-2.26866840259743,0.0232884984831348,0.0939127882750735,"AL356056.2"
"ENSG00000231201.1",4.21301757977995,-0.823427958857317,0.340105949829043,-2.42109248388986,0.0154739399204609,0.0718012378776172,"AF127577.2"
"ENSG00000231203.1",4.16536168473802,0.216375692038912,0.187663706959671,1.1529970048253,0.248911613880058,0.438652041123691,"KRT8P10"
"ENSG00000231204.7",1.69430163204159,-0.821926443178006,0.483723793906927,-1.69916479927418,0.0892881367953086,0.227546688481798,"AC011752.1"
"ENSG00000231205.11",254.24515931993,-0.372863946587679,0.165721588998228,-2.24994189858792,0.0244526337883575,0.0969937618065302,"ZNF826P"
"ENSG00000231208.4",3.11769670425405,-0.593891311160757,0.377767788790591,-1.57210680418804,0.115925783777696,0.268874313634503,"ZBTB46-AS1"
"ENSG00000231210.3",3.89484548766023,0.948862863793566,0.29291978455085,3.23932664790298,0.00119812272934553,0.0124667109003118,"COMETT"
"ENSG00000231226.1",16.4507092100938,0.0611953521343819,0.181938010088302,0.336352761606446,0.736604867125093,0.84960283530905,"TRIM31-AS1"
"ENSG00000231231.5",3.89842400730022,-0.447149475749431,0.218707559921563,-2.04450854789746,0.0409033338293645,0.136561842477039,"LINC01423"
"ENSG00000231233.1",21.1302476935463,0.154603990361904,0.134542518249352,1.14910879009542,0.250511124275561,0.440398503564593,"CFAP58-DT"
"ENSG00000231240.1",9.1222909259709,0.395622045028138,0.53924340438268,0.733661351836174,0.463155158845199,0.645423996627735,"KLF2P1"
"ENSG00000231245.2",12.1979821971003,-0.330744518824749,0.349401365144084,-0.946603396035267,0.343840912790442,0.537163695252789,"C1DP1"
"ENSG00000231246.2",50.5313669049123,-0.194573521315389,0.16492440506786,-1.17977397726752,0.238090122069797,0.425783236491573,"LINC02884"
"ENSG00000231249.1",14.3607017606259,-0.246299682372404,0.122560223603036,-2.00962167929909,0.0444712449644467,0.14453521486885,"ITPR1-DT"
"ENSG00000231252.3",3.40425161659042,0.00630431318018763,0.263679248699343,0.0239090228422793,0.980925177153895,0.990568644673871,"AC099792.1"
"ENSG00000231255.1",1.6791099739572,0.0535133664745992,0.282765447839625,0.189250019348015,0.849896866144839,0.919046913231133,"AC005009.1"
"ENSG00000231258.2",2.48365506480818,-0.192290466516049,0.253849362947475,-0.757498322167689,0.448751370709104,0.632901778574015,"ZSWIM5P2"
"ENSG00000231270.1",3.34512364446943,0.110135877751597,0.31099100650997,0.354144896302864,0.723230297143983,0.841225455544446,"COBLP1"
"ENSG00000231271.1",3.89364336515492,-0.153417559813066,0.209138925685898,-0.733567695778839,0.463212255333835,0.645449529855162,"AP000350.3"
"ENSG00000231272.1",1.10502394392732,0.015784946471331,0.677863815149209,0.0232863093125225,0.981421892339926,0.990721861906223,"AL122008.1"
"ENSG00000231274.5",18.4032398590685,-0.0189767585934245,0.168667732942839,-0.112509715179819,0.91041926705388,0.952296044016662,"SBK3"
"ENSG00000231290.6",26.8968170668323,0.886423881819545,0.233138492642197,3.80213439562707,0.000143454868695586,0.00283805957459458,"APCDD1L-DT"
"ENSG00000231291.3",2.68701940594044,-0.234299787109717,0.458775510713095,-0.510706830766827,0.609556356925932,0.761585161223968,"AC106799.1"
"ENSG00000231292.6",187.296064316888,-0.248887222264208,0.204700933623852,-1.21585777777424,0.224039104507165,0.408843121374537,"IGKV1OR2-108"
"ENSG00000231295.1",2.35150211620141,0.0770613264541171,0.296446496498665,0.259950201349282,0.794902186867924,0.887023846493173,"AC004888.1"
"ENSG00000231296.1",1.50129331466133,-1.62047833807039,0.466816580073658,-3.47133843835345,0.000517870855270266,0.00690487560453062,"AL050341.1"
"ENSG00000231298.7",20.7069063140658,1.36938750974586,0.305918515269384,4.47631457854068,7.59425635947927e-06,0.000326239454162766,"MANCR"
"ENSG00000231304.2",7.59182186041899,-0.24390066950859,0.160580183526968,-1.51887153291009,0.128794835770399,0.288092345290506,"SGO1-AS1"
"ENSG00000231305.4",28.6709086343209,-0.287647619728311,0.131687426210332,-2.18432107002288,0.0289386635706628,0.108061772800574,"AC112484.1"
"ENSG00000231307.1",4.50417996353847,-0.443595971956982,0.269289269629859,-1.64728424777827,0.0994996341239687,0.243642652113063,"RPS3P2"
"ENSG00000231310.3",2.75226932898551,-0.887208482048365,0.369588140629797,-2.40053287569378,0.0163712201038553,0.0746379206549419,"TBL1XR1-AS1"
"ENSG00000231312.7",423.03850282255,0.160843038435969,0.06866650207299,2.34237996082862,0.0191611966748053,0.0828808264121467,"MAP4K3-DT"
"ENSG00000231313.2",3.75687456625712,-0.196525755750549,0.178669333097742,-1.09994117257402,0.271357754087711,0.46334118197108,"CLIC1P1"
"ENSG00000231317.1",1.60771065605725,-0.891312618021696,0.488361719588384,-1.82510746086515,0.0679848145328383,0.190379210214634,"AC091812.1"
"ENSG00000231322.5",108.572661338323,-0.535184936529897,0.320188709390732,-1.67146723427028,0.0946294253884001,0.236204637835958,"RPL13AP17"
"ENSG00000231324.1",2.9612601833399,0.274456945958097,0.388532258597683,0.70639423081287,0.479943007614239,0.659678909772144,"AP000696.1"
"ENSG00000231327.1",32.7872234124948,-0.0454415169356407,0.149639383147165,-0.303673511477595,0.761376640329694,0.865491412404278,"LINC01816"
"ENSG00000231329.8",6.97578124361785,-0.784136316664686,0.192317441248179,-4.07730214990114,4.55612699674829e-05,0.0012242706707243,"AL031772.1"
"ENSG00000231331.1",22.3271266051138,-0.436501029759771,0.234364888142262,-1.86248474854651,0.0625347932462928,0.180491623021138,"AC103563.3"
"ENSG00000231333.2",3.77864549973216,-0.226599414015008,0.207090982994103,-1.09420222328782,0.273866296604534,0.466409054829134,"RPL34P6"
"ENSG00000231340.1",3.70088467898573,-0.51088074086919,0.220244917558573,-2.31960286090744,0.0203623709524805,0.0862499257151316,"ACTG1P10"
"ENSG00000231345.3",54.8927555513917,-0.0325525659766883,0.187695954814729,-0.173432432301592,0.862311534066911,0.926543098392437,"BEND3P1"
"ENSG00000231346.5",12.1885601509678,-0.409972675572163,0.121787892123582,-3.36628435243916,0.000761881268368002,0.00908825262191898,"LINC01160"
"ENSG00000231351.2",2.96007018819031,-0.275671107218363,0.2079234858483,-1.3258295766525,0.184896153814905,0.362550659577104,"WBP1P1"
"ENSG00000231357.1",1.77636054845282,-2.09864195402939,0.416191015108706,-5.04249702142474,4.59495910529971e-07,4.15865185255348e-05,"AC006028.1"
"ENSG00000231358.4",1.05859922030994,1.82095363297554,0.696495642024976,2.61445086387236,0.00893710144193523,0.0497458498050276,"AL355516.1"
"ENSG00000231359.3",24.5253076492888,-0.0261781646575728,0.158552140835098,-0.16510760762795,0.868859285172771,0.929835832522502,"AC072052.1"
"ENSG00000231364.3",0.998030884794691,-1.14085824005152,0.555416017160621,-2.05406074870469,0.0399698124317713,0.134592390542223,"LINC01712"
"ENSG00000231365.6",423.009683399523,-0.0879522856186693,0.0897714338060241,-0.979735778852707,0.327216560114701,0.520821386236016,"WARS2-AS1"
"ENSG00000231367.6",13.3253978543306,-0.375764111753391,0.121053984509955,-3.10410362182246,0.00190856473828263,0.0173430151218311,"LINC02613"
"ENSG00000231369.1",8.8694475402747,-0.300435639570758,0.136011244728057,-2.20890294895436,0.027181392051816,0.103850136054752,"Z97353.1"
"ENSG00000231373.1",5.72363835319396,-0.737012917693636,0.254150639881655,-2.8999058119107,0.00373274806923164,0.0274149877131161,"GNA14-AS1"
"ENSG00000231378.1",1.93075824785317,-1.28772360545183,0.552413895439776,-2.33108474656792,0.0197488914419125,0.0845767742186252,"NDUFAF4P4"
"ENSG00000231381.2",3.09884152069696,-0.530771283220384,0.27513842489105,-1.92910635230452,0.0537176605651603,0.163266575971872,"RNF2P1"
"ENSG00000231384.1",1.69491194113377,-1.45149498789823,0.482940072016776,-3.00553851710158,0.0026511101683312,0.0216916713773042,"AC007919.2"
"ENSG00000231389.7",26698.5105401644,-0.0483810343559664,0.134272795063834,-0.360318963591738,0.71860861952288,0.838343148425792,"HLA-DPA1"
"ENSG00000231393.1",4.82862044061155,-0.145874870469582,0.19342865361265,-0.754153367379084,0.450757135181435,0.634436168736961,"AL357874.2"
"ENSG00000231395.1",8.08625084034374,-1.27320225505061,0.208047922283452,-6.11975472322166,9.37195035741125e-10,3.8051261371865e-07,"ARL4AP4"
"ENSG00000231401.2",2.73681186452748,-0.225065689220327,0.292979793676339,-0.768195261509951,0.442371188234319,0.627304879882664,"AC023481.1"
"ENSG00000231402.1",3.5010995213214,-0.678367321271089,0.310852666361303,-2.18227924248404,0.0290889300209781,0.108429457519018,"WASF5P"
"ENSG00000231407.6",26.4842257869213,-0.166726646221139,0.11986790351384,-1.39091984871404,0.164249733155137,0.335894739922235,"GORAB-AS1"
"ENSG00000231409.3",12.5367918047077,-0.172910644737607,0.158619609747101,-1.09009626876079,0.275670739752238,0.468129445358909,"AC018868.1"
"ENSG00000231412.2",3.9944099121623,-0.658779352274031,0.238910718101728,-2.75742904089185,0.00582578561654047,0.037187602824279,"AC005392.2"
"ENSG00000231414.1",7.34844424130265,0.0775353600893576,0.156935368706066,0.494059183271671,0.621264382886925,0.769971898129561,"RPL39P15"
"ENSG00000231416.1",2.47395065952894,-0.482541686633753,0.226163575497922,-2.133595940776,0.0328758705576876,0.11757829610883,"AL358472.1"
"ENSG00000231418.2",2.66192687537105,-1.26294005884704,0.591671391791387,-2.13452953171061,0.0327994589004559,0.117418536040095,"AC005090.1"
"ENSG00000231419.6",81.2564373476075,0.301712579738292,0.239339410238092,1.26060551180498,0.207451011823979,0.38912989670718,"LINC00689"
"ENSG00000231421.8",0.559069006006231,-1.64707530433792,0.713723343676743,-2.30772233937736,0.0210145847548179,0.0878942927439892,"AC011840.1"
"ENSG00000231424.3",17.816610796077,-0.542670319638404,0.179094553213597,-3.03007718493364,0.00244491248116458,0.0205937478338839,"BX284613.2"
"ENSG00000231426.7",2.85402149812034,-0.0758835254052486,0.224780734008199,-0.337589098728011,0.73567285834074,0.849027886603517,"FILNC1"
"ENSG00000231431.7",6.03160351982798,-0.265548083125519,0.465938865889253,-0.569920439280624,0.56873166126482,0.730311381898779,"FAR2P4"
"ENSG00000231434.1",8.23988648115627,0.0424502202522911,0.163863913698619,0.25905777113542,0.795590666528312,0.887445976504409,"HSP90AA3P"
"ENSG00000231437.3",11.2837904451114,-0.115699072163294,0.176380250285761,-0.655963873369296,0.511847369050608,0.686691427216389,"LINC01750"
"ENSG00000231439.4",23.0297728288852,-0.265978993312879,0.184564526010938,-1.44111655181839,0.149551758188627,0.316570872671284,"WASIR2"
"ENSG00000231441.2",5.83381130443168,0.33799098324622,0.235912001635817,1.43269940021104,0.151943760988745,0.319945837366282,"DST-AS1"
"ENSG00000231442.3",0.500666438685956,-0.875949470170301,0.69591394642715,-1.25870371569281,0.208137368826105,0.390076663607772,"LARP1BP1"
"ENSG00000231443.2",26.8164566805088,-0.239902574255383,0.165973955879797,-1.44542300618012,0.148339105131656,0.314924998542803,"AC124944.1"
"ENSG00000231453.1",5.01570242060428,0.372557810039439,0.359977160546314,1.03494846582498,0.300692978832268,0.493704476638351,"LINC01305"
"ENSG00000231464.1",6.37590181048854,-0.174376226615665,0.204983293610763,-0.850685065812158,0.394944321263217,0.585644097978633,"AC024937.2"
"ENSG00000231466.2",13.2890902560236,-0.603993753465206,0.150843645445578,-4.00410472500226,6.22527845020922e-05,0.00155482517211415,"AL022324.2"
"ENSG00000231467.2",1.9200095534287,-0.109561886485691,0.355272380531139,-0.308388415451531,0.757786795845698,0.86317899938726,"AL022314.1"
"ENSG00000231468.2",5.7920703131682,-0.395191869315576,0.178566822805664,-2.21313154989417,0.0268885775303164,0.10311004511827,"PRDX3P2"
"ENSG00000231473.3",8.5258986491808,-0.0995167679094234,0.126972019128815,-0.783769279186321,0.433175503009388,0.619117026774773,"RB1-DT"
"ENSG00000231475.3",1101.39407305684,-0.767535842131947,0.211978482171928,-3.62081959578061,0.000293671240244801,0.00471644795054036,"IGHV4-31"
"ENSG00000231476.1",1.1956221316604,-0.539245533619139,0.512292544041902,-1.05261249629866,0.292518627552573,0.485043420355718,"AC074389.2"
"ENSG00000231482.3",5.57015219709074,-0.0659101210426703,0.23797910235658,-0.276957600016126,0.781812663327672,0.879027692417283,"AC105450.1"
"ENSG00000231496.2",1.54265713093425,-0.703306742102407,0.333597773526447,-2.10824771001252,0.0350095683774529,0.122691953683215,"AL136369.2"
"ENSG00000231500.7",72557.2711179943,0.133064961523175,0.121507662956523,1.09511579998693,0.273465907509269,0.465893995430666,"RPS18"
"ENSG00000231503.4",26.2598672166522,0.217437265989902,0.0858204647748788,2.53362955514487,0.0112888001709999,0.0581972784287861,"PTMAP4"
"ENSG00000231507.2",9.34074297908961,-0.134286394193181,0.127311541604686,-1.05478570521244,0.291523343787087,0.483953462214085,"LINC01353"
"ENSG00000231509.1",2.20309634611838,-0.164897058282031,0.387912424449201,-0.425088365025092,0.670772259283577,0.80589917096521,"AL162253.1"
"ENSG00000231513.3",1.44037510923836,-0.71847784146128,0.602625438969414,-1.1922461200609,0.233164754300393,0.420039725389479,"E2F6P4"
"ENSG00000231519.1",9.38514599864133,-0.188309258385743,0.188746413169119,-0.997683904154598,0.318432660644837,0.512217259194753,"AC007285.1"
"ENSG00000231521.1",3.71218828214503,-0.236998196193228,0.273482049324327,-0.866595071884106,0.386163914663771,0.577470032241982,"AL162385.2"
"ENSG00000231527.7",27.5203147189929,-0.0784542810281814,0.129106357290263,-0.607671710942913,0.54340522897048,0.71112956358221,"FAM27C"
"ENSG00000231528.3",42.6265970397538,0.189222139688685,0.129633368125424,1.4596715523553,0.144380363854298,0.309579654325057,"FAM225A"
"ENSG00000231530.1",8.41247960421195,0.217465679198621,0.126007980842497,1.72580877611587,0.0843818204471349,0.219390308379149,"AL157932.1"
"ENSG00000231532.6",3.36657697151047,1.29827532123665,0.581398573330455,2.23302116790496,0.0255475484872575,0.0998420626583241,"LINC01249"
"ENSG00000231533.2",22.5573024701443,-0.839912170053647,0.239064309477213,-3.51333150435702,0.000442524985271291,0.00622173291828438,"AL391840.1"
"ENSG00000231534.1",1.52833285562571,0.000856619669792854,0.492940356974297,0.00173777548880527,0.998613456465203,0.999208366821383,"FBXO36-IT1"
"ENSG00000231535.7",17.2398304463078,0.721131453721921,0.397537126492417,1.81399775181923,0.0696780718866567,0.19344580181887,"LINC00278"
"ENSG00000231549.1",3.58715186314355,-1.01785436471443,0.294188949907589,-3.45986606578581,0.000540444127929516,0.00711186021784877,"ATP5MDP1"
"ENSG00000231550.1",6.57584864198533,-0.809008867483779,0.23907476290868,-3.38391579956433,0.000714599142667653,0.00867973340271221,"PTCHD3P2"
"ENSG00000231551.8",84.1179683673433,-0.434837439101444,0.152759786279026,-2.84654390853352,0.0044196633680933,0.0307873739175389,"AC245100.4"
"ENSG00000231560.1",2.7240670209713,0.000435932047901592,0.217810718467348,0.00200142605914475,0.998403094113943,0.999192560067343,"CLEC12A-AS1"
"ENSG00000231562.1",1.66373386737775,-1.26764925082532,0.609781684703125,-2.07885753643532,0.0376304466696516,0.129143372770416,"AL512593.1"
"ENSG00000231563.2",20.5892584209387,0.100381098826851,0.161600384525223,0.621168687944451,0.53448863915088,0.703484508493217,"AL139288.1"
"ENSG00000231564.1",1.76851791305449,-0.942148912550654,0.387526298873786,-2.43118703243803,0.0150494436842673,0.0705195114117255,"EIF4A1P11"
"ENSG00000231566.2",25.0739705043597,0.0874016982452688,0.220272292485646,0.396789343130682,0.691522809972564,0.819494159337103,"LINC02595"
"ENSG00000231574.6",40.4023851263161,0.2440231849251,0.215308850779917,1.13336346388535,0.257061650559296,0.447940622425972,"LINC02015"
"ENSG00000231579.3",3.95829788775605,-0.686626302606847,0.231231302332277,-2.96943491508849,0.00298348005992201,0.0235432570834282,"RPL7P21"
"ENSG00000231584.8",118.86454718611,-0.0328136741094577,0.0889111148395584,-0.369061552862885,0.712081845513639,0.833776202777594,"FAHD2CP"
"ENSG00000231587.1",8.71730199175034,-0.398113464658569,0.131852235255512,-3.01939109251411,0.00253283337848891,0.0211025727983525,"SNORD62B"
"ENSG00000231606.2",6.37989489983643,-1.1320887182171,0.271640801033429,-4.16759453627801,3.07830860777512e-05,0.000909371148878945,"AL357873.1"
"ENSG00000231607.12",251.038465936952,-0.528972329192599,0.135582455999328,-3.90148065465949,9.56061032137612e-05,0.00213768569126645,"DLEU2"
"ENSG00000231609.7",23.4886133950195,-0.379347432410708,0.154407661709259,-2.45679151028787,0.014018401667578,0.067134431452459,"AC007098.1"
"ENSG00000231612.1",4.34976844173422,-0.231663766632983,0.19426889943771,-1.19249024060726,0.233069075203107,0.41991280484534,"AC104462.1"
"ENSG00000231615.2",1.99420325924663,-0.374587253600919,0.372258848166596,-1.00625480212436,0.314293016309432,0.508368915706648,"AL645568.1"
"ENSG00000231616.9",9.70377490599938,-0.584968786540227,0.197697674299899,-2.95890575653842,0.00308733503093969,0.0241258106336147,"AL354733.2"
"ENSG00000231621.1",34.100242524446,-0.51451167094922,0.237393175832602,-2.16733976932862,0.030208956193615,0.111169092357027,"ANKRD44-AS1"
"ENSG00000231625.4",5.8574434008602,-0.218653830900637,0.214670154268926,-1.01855719834589,0.308413233004802,0.502151886073399,"SLC47A1P2"
"ENSG00000231628.1",17.4367455757436,-0.212816181402154,0.108897624081893,-1.95427754458731,0.0506684029973616,0.157081957444004,"AL133406.2"
"ENSG00000231638.1",4.1857912262721,-0.202880926343033,0.231470546768853,-0.876487005258733,0.380765337716537,0.572187785538102,"LUARIS"
"ENSG00000231646.6",5.68481625157065,-0.180885269128297,0.212100536589437,-0.852827965628567,0.393754713098007,0.584557016996876,"FSIP2-AS1"
"ENSG00000231651.1",5.41734484980371,-0.0483907542493306,0.16572817830508,-0.291988693439029,0.770295268800472,0.871531954752279,"DLG3-AS1"
"ENSG00000231652.2",6.16345304726839,0.0352481916207081,0.161670481003249,0.218024907218528,0.827409705051227,0.905613495636482,"AL590428.1"
"ENSG00000231655.1",2.30922646961957,-0.533030172102543,0.233889386064585,-2.27898401492813,0.0226680155429861,0.0923164982276046,"EMP2P1"
"ENSG00000231663.1",36.7518618022561,0.164214959970897,0.112715383470067,1.4568992706706,0.14514418740691,0.310717941829877,"COA6-AS1"
"ENSG00000231672.8",19.6154658534423,-0.101860819465312,0.148493577098382,-0.685961113306777,0.49273763053748,0.670455857997561,"DIRC3"
"ENSG00000231680.1",3.7923348542591,-0.119449178283981,0.206950419420233,-0.577187418216475,0.563812855505171,0.726846866887411,"LINC02723"
"ENSG00000231683.6",234.226869585359,-0.675460695069341,0.487115493948529,-1.38665409632959,0.165547264246632,0.337552980681229,"AL033397.1"
"ENSG00000231684.3",4.61548509552029,-0.0879705198759034,0.158910822582952,-0.553584195500484,0.579863444684333,0.738736221018464,"EIF1P3"
"ENSG00000231686.1",2.81591228163693,0.109736301484456,0.20078103791419,0.546547137241889,0.584689895184989,0.742725044083859,"ANKRD11P2"
"ENSG00000231689.2",3.56131672693671,0.325687145555961,0.249430646743635,1.3057222510861,0.19164702825234,0.370759672083613,"LINC01090"
"ENSG00000231690.3",6.54625815569269,-0.0549968050239465,0.174312283498115,-0.315507340735061,0.752376478379001,0.859604327202199,"LINC00574"
"ENSG00000231691.2",1.99219238882398,-0.855466434990534,0.371502656307023,-2.30271956463091,0.0212946266770245,0.0886202507447719,"AL592114.3"
"ENSG00000231697.3",1.9858291655079,-1.39645893047602,0.515093098262123,-2.71108064772669,0.00670643124000779,0.040908247576691,"NANOGP5"
"ENSG00000231698.2",10.2789778920703,-0.328912549731922,0.42602925794984,-0.772042162819361,0.440089455899219,0.625347770177238,"AP002856.2"
"ENSG00000231699.1",2.05130383159452,-0.893921348729337,0.331723999030165,-2.69477442495214,0.00704362979898142,0.0423520980490317,"AC020550.1"
"ENSG00000231702.2",1.66335208914173,0.297649034818644,0.489403125237705,0.608187850606951,0.543062891595701,0.710950920132738,"AL645608.3"
"ENSG00000231703.2",14.7734023440402,-0.361658921024688,0.259131325904338,-1.39565882188323,0.162817260008731,0.334217586624989,"AL354993.1"
"ENSG00000231704.6",4.0720539720038,-0.176630745163704,0.160355845158412,-1.10149240265744,0.27068240924218,0.462690837957585,"AC004895.1"
"ENSG00000231705.1",4.22949220563526,0.383621602096404,0.20338012478509,1.88622955415026,0.0592640275491287,0.174146272656059,"AL451069.2"
"ENSG00000231707.4",7.68658549168466,-0.382286687762248,0.210169973998216,-1.81894054840342,0.0689205007356168,0.192239463052186,"PABPC1P1"
"ENSG00000231711.2",160.457011523203,-0.0830409171129651,0.0869952279174275,-0.954545658432947,0.339807509133226,0.533139085842247,"LINC00899"
"ENSG00000231718.1",1.17302532136505,-0.0707156459636156,0.776457685629368,-0.0910746937951888,0.927433240484671,0.961940499492208,"LINC02789"
"ENSG00000231720.1",7.03157843104417,-0.832915651242956,0.349960103093965,-2.38003030596695,0.0173112142683294,0.0775474053629817,"AL353747.3"
"ENSG00000231721.7",457.758612908998,-0.451924127008826,0.157377073313239,-2.87160078335762,0.00408398532721815,0.0292027756656086,"LINC-PINT"
"ENSG00000231726.2",2.13952013801239,-0.696273381327862,0.385241118676274,-1.80737036513736,0.0707045513988687,0.195301305046257,"HMGN2P38"
"ENSG00000231728.5",11.0821053609595,-0.363409036315957,0.182017404295322,-1.9965620195656,0.0458727821796761,0.147298834808782,"TMSB15B-AS1"
"ENSG00000231729.1",1.29020948945387,-0.37120531293954,0.442919078622386,-0.838088334542061,0.401981094072701,0.591835412777968,"ARHGEF9-IT1"
"ENSG00000231731.7",90.6214956328772,-0.338673029595492,0.152112129536319,-2.22646958285222,0.0259827441908938,0.100891474498184,"AC010976.1"
"ENSG00000231738.11",82.4671893105045,-1.29363031190655,0.296894677256443,-4.35720277594998,1.31735211405194e-05,0.000488947646969135,"TSPAN19"
"ENSG00000231739.2",2.32830063781853,-0.223833485164059,0.329567572127487,-0.679173268532236,0.497028082656418,0.673979959102319,"GAPDHP59"
"ENSG00000231742.6",34.8169380449448,-0.0189929427939617,0.12003775894212,-0.158224736627412,0.874279712261034,0.932899409003128,"LINC01273"
"ENSG00000231744.1",1.67407735250167,-0.427850963919178,0.307258864279253,-1.39247720296956,0.163777940301903,0.335379143188649,"AL669818.1"
"ENSG00000231747.1",64.5315933771067,0.214832259453295,0.108840908896374,1.97381905049905,0.0484023218645031,0.152452432232145,"AC079922.1"
"ENSG00000231749.3",5.21544235904367,0.70225817656179,0.366821084952148,1.91444332228994,0.0555635345548893,0.166703457017955,"ABCA9-AS1"
"ENSG00000231752.6",107.111528952643,0.105726025403109,0.143986622603938,0.73427672301147,0.462780101479696,0.645090349964978,"EMBP1"
"ENSG00000231754.2",2.7376813971119,-0.870536563659303,0.267502817629653,-3.25430801579266,0.00113668961254563,0.0120291822220221,"AL512380.1"
"ENSG00000231755.1",1.35747191603862,-0.419241192586193,0.448655859744658,-0.934438241428061,0.350077879224121,0.543667451861586,"CHODL-AS1"
"ENSG00000231756.1",2.13802520992731,-1.17244725533422,0.568152292786702,-2.06361440448218,0.039054290751424,0.132528233817874,"AL449983.1"
"ENSG00000231758.3",3.33928379919899,-0.724387610115284,0.327489055738387,-2.21194448309734,0.0269705011466917,0.103313467649123,"ARHGAP15-AS1"
"ENSG00000231760.5",10.9325736744562,-0.258117798602828,0.152506224152531,-1.69250665038214,0.0905494131791408,0.229548588515429,"AL355312.2"
"ENSG00000231764.10",75.2031090459022,-0.176147612076532,0.339755629983134,-0.51845384309092,0.604141656208597,0.757378023125836,"DLX6-AS1"
"ENSG00000231765.1",1.01646427328275,-1.09969521746386,0.565580243921161,-1.9443663905933,0.0518512838093535,0.159475254803808,"PPP1R11P2"
"ENSG00000231767.4",9.88023599484107,-0.151392213197333,0.138496082809903,-1.09311548836461,0.274343096457337,0.466934659215915,"RPS27AP5"
"ENSG00000231768.2",14.5174287944201,-0.606176400696946,0.190922801387281,-3.17498170094067,0.00149845950606742,0.0145616498352314,"LINC01354"
"ENSG00000231769.3",29.1095635027926,-0.363687231809952,0.151470295707937,-2.40104655576304,0.0163482564268149,0.0745796795310973,"AL035701.1"
"ENSG00000231770.6",195.92604308672,-0.108100759998434,0.0905822125469504,-1.19339942091173,0.232712981678269,0.419452834119138,"TMEM44-AS1"
"ENSG00000231772.5",2.11364683129511,-0.775072494989564,0.369919145287408,-2.09524839377365,0.0361489173590705,0.125653153647477,"Z93403.1"
"ENSG00000231776.5",6.35021635840664,0.497173971240111,0.505996805005151,0.982563459536172,0.325822335852085,0.519247359332986,"LINC01611"
"ENSG00000231784.8",14.8731187214623,-0.271795194224418,0.113241026384673,-2.40014774593393,0.0163884556207242,0.074681200791236,"DBIL5P"
"ENSG00000231789.2",130.41139353631,0.238397258345271,0.146389672591891,1.62851145251128,0.103416482847768,0.249836603141955,"PIK3CD-AS2"
"ENSG00000231793.5",37.8136004704029,-0.0096162899811904,0.162720826194454,-0.0590968605929936,0.952874959157328,0.975254880728732,"DOC2GP"
"ENSG00000231794.5",7.21954406829002,-0.88562084745798,0.190240868931569,-4.65526073567581,3.23570967408135e-06,0.000176600790457689,"AC009542.1"
"ENSG00000231795.1",3.09893709333676,-1.12109307846099,0.345309833565697,-3.2466294599389,0.0011678032245135,0.0122571477786028,"ITCH-IT1"
"ENSG00000231799.2",7.78318975150358,-0.719183183248978,0.180929497134258,-3.97493606426879,7.03981654889548e-05,0.00171202784778946,"PA2G4P6"
"ENSG00000231806.3",61.2757223998094,-0.245407638021533,0.171185985940749,-1.43357317874416,0.151694102030949,0.319582270638848,"PCAT7"
"ENSG00000231811.3",4.96164242898205,-0.077312425641098,0.192261374675705,-0.402121464966659,0.687594636337984,0.817107660893793,"AL159166.1"
"ENSG00000231817.9",0.918929644986041,-0.857832792364529,0.381876111709248,-2.24636411145211,0.0246806951248514,0.097696204166371,"LINC01198"
"ENSG00000231822.1",17.2947148292279,-0.486515694365413,0.149329327106976,-3.25800500002847,0.00112198429437384,0.0119266357319885,"SMC3P1"
"ENSG00000231824.4",1.03341984953059,0.721480572248861,0.335800099197962,2.14854186753391,0.0316707341217068,0.114847984252701,"AKAIN1"
"ENSG00000231826.6",5.32783342966776,-0.42796491457714,0.208553174510936,-2.05206617247966,0.040163231907918,0.134976066543779,"LINC01819"
"ENSG00000231827.3",4.87842009147936,-0.012035144140882,0.188191209582379,-0.0639516806740846,0.949008701236754,0.973189538065157,"AL513523.2"
"ENSG00000231829.4",4.25598400156457,-0.39076533446872,0.251974340679671,-1.55081399722954,0.12094626523694,0.276077144524654,"AL157834.1"
"ENSG00000231831.1",13.2303533318653,-0.251821010473656,0.167675915216328,-1.50183173384662,0.133140570524136,0.294020231789604,"MTHFD1P1"
"ENSG00000231841.1",4.13786512022835,0.177999774643656,0.149314298661427,1.19211472872584,0.233216262536854,0.420109784040661,"FAM192BP"
"ENSG00000231845.3",3.88803427510748,-1.17535210547231,0.303958662451498,-3.86681562549599,0.000110265727634678,0.00236063998925426,"HMGB3P14"
"ENSG00000231849.1",1.73296674445315,-2.13545436810102,0.461064972501497,-4.63156929166657,3.6290449964201e-06,0.000190871714164004,"UBE2V2P4"
"ENSG00000231851.6",12.8610111367323,-0.266937595417656,0.134819500184676,-1.97996280250263,0.0477077085814874,0.151039629308051,"MRPS9-AS1"
"ENSG00000231852.9",14.9663934240908,-0.05045421932883,0.196373276373305,-0.256930170238218,0.797232679699495,0.888073154555811,"CYP21A2"
"ENSG00000231856.2",62.2446486626037,-0.124695697010959,0.0779126007050701,-1.60045609930262,0.109497438482127,0.259070028858235,"AL162377.1"
"ENSG00000231858.5",5.81330104679457,-0.444586044588646,0.182254050017418,-2.43937539136253,0.0147126758032439,0.0693993162495098,"AC067945.2"
"ENSG00000231859.1",0.807857282557356,0.190995649554822,0.403391947307905,0.473474125672214,0.635874956531046,0.780225069864748,"AC079781.1"
"ENSG00000231863.2",3.17762146770149,0.907156215756681,0.319238969707914,2.8416211735888,0.00448847911464071,0.031132278159111,"AL139393.1"
"ENSG00000231868.1",2.51550488392508,-0.106585918349341,0.236136438902192,-0.451374293797531,0.651719807302347,0.791858095930667,"AL031848.1"
"ENSG00000231870.4",3.5506072909851,0.7117786191365,0.324049740729262,2.1965103799641,0.028055433036291,0.105961376299176,"KRT17P3"
"ENSG00000231871.5",4.51581991800316,-0.549071848249804,0.167781084456284,-3.27254916744127,0.00106582333091407,0.0114873603613215,"IPO9-AS1"
"ENSG00000231873.2",2.52280791284643,-0.226006250863714,0.251963334416521,-0.896980711051008,0.369729209830216,0.562269270796363,"AC099560.1"
"ENSG00000231875.1",2.9992410305244,-0.66511484023885,0.266842456169221,-2.49253754363983,0.0126833920920049,0.06277213808817,"AL359885.1"
"ENSG00000231877.1",0.915370301690605,-0.202908379499029,0.445364321229931,-0.455600886345523,0.648677005662279,0.789630842761033,"AL359551.1"
"ENSG00000231881.2",103.984990439535,0.152400856744869,0.181424924916387,0.840021605714351,0.400896272574233,0.591100070983789,"AL109615.2"
"ENSG00000231887.7",18.4691419302402,-0.357130056200825,0.137026143958035,-2.60629136809248,0.0091528564945453,0.0506191902221967,"PRH1"
"ENSG00000231889.7",105.694462174791,-0.302450798536703,0.100826194781618,-2.99972441875634,0.00270223974183217,0.0220099062122882,"TRAF3IP2-AS1"
"ENSG00000231890.8",93.7823847077722,-0.127725950397492,0.114030268317774,-1.12010567265835,0.262668733583931,0.454122145049064,"DARS-AS1"
"ENSG00000231892.1",9.07567960816988,-0.122056032997411,0.298638296631719,-0.408708576140623,0.682753539306489,0.813927096211629,"AC073316.2"
"ENSG00000231898.9",1.97809530528945,-0.00221908718547813,0.320347634240555,-0.00692712212699463,0.994473000406309,0.997408935156718,"MYO3B-AS1"
"ENSG00000231901.1",1.45589994258164,-1.9066640661385,0.430279793645854,-4.43121916086953,9.37017931249415e-06,0.000383415729862426,"AL354754.1"
"ENSG00000231905.2",2.16194651872733,-2.321728407502,0.508926097529706,-4.56201483628274,5.06650661789522e-06,0.000243318644734118,"SETP10"
"ENSG00000231907.2",1.46149290902988,0.545188011611461,0.269349219630263,2.02409352572041,0.0429605296473391,0.14112332644784,"GAPDHP37"
"ENSG00000231908.1",20.1348840380818,0.032078009231058,0.131682876217274,0.243600460079031,0.807540271937179,0.893976134654669,"IDH1-AS1"
"ENSG00000231916.1",5.53913243016488,0.57719961400481,0.235939413874664,2.44638911543381,0.0144295175138715,0.0684820992999749,"AC006033.1"
"ENSG00000231920.1",13.549233804481,0.0135700220328393,0.13931741225179,0.0974036325647082,0.922405860078655,0.959098955612179,"NEBL-AS1"
"ENSG00000231924.10",3.48625266786572,2.02151393984052,0.56021260733397,3.60847634161756,0.000308000595424209,0.00488523366350025,"PSG1"
"ENSG00000231925.12",15633.7382082637,0.120649518105815,0.0684569372460463,1.76241478160467,0.0779992429926411,0.208229395954936,"TAPBP"
"ENSG00000231934.2",0.644845823358613,0.853485366305685,0.528769098768653,1.61409841893787,0.106506080284811,0.254624941183556,"FAM242A"
"ENSG00000231937.1",1.24724102114818,1.2072285379194,0.527578448791275,2.28824460264679,0.0221232805926498,0.090842424860766,"AC116666.1"
"ENSG00000231940.1",9.21156710623555,-0.0523516264069101,0.121906803466528,-0.429439743461768,0.667603236109838,0.80391039278808,"RPS7P3"
"ENSG00000231942.3",3.6465428605196,-0.417399922349594,0.176356284525335,-2.36679925228086,0.0179426621973006,0.0794791182190965,"HNRNPA1P36"
"ENSG00000231943.9",6.95082032715629,0.124888844283061,0.228323355816196,0.546982343688038,0.584390862372401,0.742515169292231,"PGM5P4-AS1"
"ENSG00000231948.2",17.6137919756152,-0.0558672672621869,0.175370219282192,-0.318567585139925,0.75005443699994,0.8582472632334,"HS1BP3-IT1"
"ENSG00000231952.3",22.8713438833489,-0.402795595930126,0.149995503283938,-2.68538447561088,0.00724464147815052,0.0430399444561144,"DPY19L1P2"
"ENSG00000231964.1",24.1704348108135,-0.105194720314925,0.138945890640919,-0.757091266461292,0.448995186013263,0.633118817352301,"AL731567.1"
"ENSG00000231965.4",2.35034346275427,-3.30740835051974,0.552036754578852,-5.99128286855276,2.08192154690276e-09,7.45024061513216e-07,"AF131215.1"
"ENSG00000231966.1",4.08677896871284,0.239802571970283,0.137998309757785,1.73772108072327,0.0822599723571556,0.215898180686286,"LINC02818"
"ENSG00000231969.2",7.41787832610266,-0.20108810991829,0.156932393284125,-1.28136776423349,0.20006452124537,0.380679436807573,"MMADHC-DT"
"ENSG00000231971.6",4.27483694587113,-0.0606024505665511,0.24280237840075,-0.249595786358096,0.802899957475871,0.891674498998,"CT69"
"ENSG00000231976.8",1.98251014332416,-0.164880964846328,0.453019891354223,-0.363959658268969,0.715888134351917,0.836282935332575,"FAM238B"
"ENSG00000231978.2",1.69783133315467,-1.45319899062157,0.607282022144049,-2.39295572342312,0.0167132578488045,0.0756847787758772,"AL590103.1"
"ENSG00000231980.1",7.19791082500264,-1.06964279293669,0.315362191737686,-3.39179147329874,0.000694372643023189,0.00851482445825821,"AC011899.1"
"ENSG00000231981.3",2.09476467970656,-0.179071633206312,0.407230690514664,-0.439730200540629,0.660132526508854,0.797973720320212,"RPL7L1P12"
"ENSG00000231982.1",7.35672517134139,0.436981713198105,0.203061976991187,2.1519622711891,0.0314003260259218,0.114215126666778,"AC112907.2"
"ENSG00000231989.5",3.41261972616448,-0.0428624883074095,0.166134487370364,-0.257998739369846,0.796407880136762,0.887783334728626,"PPP1R2B"
"ENSG00000231990.2",12.0506482070817,-0.440672611391258,0.386630483129564,-1.13977720490183,0.254379132822391,0.444868719747904,"AL442224.1"
"ENSG00000231991.4",510.782398097859,0.266971252436495,0.12818499646653,2.08270281074746,0.0372783210960166,0.128372687655118,"ANXA2P2"
"ENSG00000231992.1",1.73327711553385,-0.471191930036067,0.39673255018599,-1.18768154973715,0.234958895433227,0.422266478038241,"AC092802.3"
"ENSG00000231993.1",32.9203915091356,-0.246781943149704,0.138239847550478,-1.7851722750171,0.0742333775749487,0.201619500701808,"EP300-AS1"
"ENSG00000231999.7",94.8633038850409,-0.262698352085171,0.136179735046301,-1.92905612568458,0.0537238949293411,0.163270619249891,"LRRC8C-DT"
"ENSG00000232000.3",46.2428359214754,-0.145426561935555,0.139616827349349,-1.04161199403041,0.297591605640075,0.490286882748171,"CLCN3P1"
"ENSG00000232002.2",0.39920090928081,0.0733122973389476,0.548816587165497,0.13358251017446,0.893732715081298,0.943915340646565,"LINC01880"
"ENSG00000232004.1",14.8154753625236,0.0239199063691219,0.111992866231193,0.213584196691087,0.830871324242569,0.907814839063536,"CAP1P2"
"ENSG00000232006.9",28.0383502914245,0.0645357335625689,0.297417504626813,0.216987004996715,0.828218472196065,0.906007435155437,"AC005537.1"
"ENSG00000232015.2",1.52137194291147,-0.31583297014912,0.448716416769886,-0.7038587364881,0.481520750782852,0.661356037781085,"HSPE1P25"
"ENSG00000232021.7",14.7460062336633,-0.25020973857191,0.137162829235506,-1.82418035532283,0.0681248104764283,0.190626938577217,"LEF1-AS1"
"ENSG00000232022.7",37.5993755863418,0.325910920024878,0.152118496025441,2.14248055654173,0.0321548316415531,0.115792108939046,"FAAHP1"
"ENSG00000232023.3",12.8042983516485,0.353927914776092,0.384682462643865,0.920052118684066,0.357545524085341,0.550590339193953,"LINC01807"
"ENSG00000232024.2",76.8246789835508,0.0896856091414578,0.0791408885166227,1.13323985644438,0.257113540921123,0.447970625147929,"LSM12P1"
"ENSG00000232027.2",6.96909416605084,-0.564859466189116,0.184896752366746,-3.05499939268109,0.0022506097786858,0.0193766618468545,"AL671986.1"
"ENSG00000232031.1",2.16474066030844,-1.0008209429314,0.525385410789042,-1.904927168473,0.056789539072969,0.169270712217244,"AL078599.2"
"ENSG00000232034.1",5.61370100385326,-0.334485074989224,0.252807717040516,-1.32308095221483,0.185808458366108,0.36373969567724,"AC092168.2"
"ENSG00000232036.2",1.9742440382504,-0.962061704505495,0.396966630068005,-2.42353294114591,0.0153703592102685,0.071489992901295,"AL078645.2"
"ENSG00000232037.3",10.2200353039872,-0.407425835850548,0.155093281026207,-2.62697283308942,0.00861482116032094,0.0485404306280087,"AL590556.1"
"ENSG00000232040.4",146.964825882142,0.0503788181749729,0.158784012772521,0.317278907966303,0.751031980228258,0.858893505006162,"ZBED9"
"ENSG00000232043.1",67.3568619369064,-0.565909045291667,0.185778004241106,-3.04615741569287,0.00231786449694177,0.0198020689496234,"AL133230.1"
"ENSG00000232044.7",29.8514924687098,-0.286173512492828,0.281855760118015,-1.01531901414044,0.309953783548742,0.503639076131222,"SILC1"
"ENSG00000232046.7",6.60385490718039,-0.322432655399312,0.173238944016737,-1.86120192101934,0.0627156672073743,0.180901714032734,"LINC01798"
"ENSG00000232053.7",16.5929511860133,-0.888352745724206,0.210757012609958,-4.21505664140464,2.49715508257524e-05,0.000778443671949227,"AC078845.1"
"ENSG00000232057.1",2.24820322627638,0.320013514606058,0.307381320074522,1.04109616852603,0.297830917612689,0.490559775395996,"AC093390.1"
"ENSG00000232059.3",8.57352722247738,-0.310025698563986,0.147214813685512,-2.10594090908731,0.0352094855529372,0.123301714790569,"AL451007.1"
"ENSG00000232060.3",3.55730263868988,-0.0982839299782603,0.183208443083377,-0.536459610289531,0.591640942939359,0.74801587032545,"SLC4A1APP1"
"ENSG00000232063.2",16.3562435484801,0.0312062957421318,0.145608201683046,0.214316881751348,0.830299954142821,0.907583438613072,"AL691447.2"
"ENSG00000232065.1",8.18278412687231,0.115931377528899,0.141454539001933,0.819566330970223,0.412463374008452,0.601469191488038,"LINC01063"
"ENSG00000232070.9",2.86781972567623,-0.0250046063980347,0.194784560236356,-0.128370577050324,0.897855714593808,0.945660699500628,"TMEM253"
"ENSG00000232075.1",4.36983585717591,-0.213363561376514,0.151889591360195,-1.4047279966047,0.160102177297096,0.330888434338084,"MRPL35P2"
"ENSG00000232077.2",8.41680336986341,-0.278657482221838,0.174664829004129,-1.59538404961454,0.110626380632156,0.260767777569129,"LINC01031"
"ENSG00000232079.7",9.71779367506109,0.205110653942605,0.35477721751788,0.578139304935127,0.56317007251126,0.726524297395427,"LINC01697"
"ENSG00000232082.1",21.3675225286657,-0.182358561354286,0.161024826704412,-1.13248723868547,0.257429646484764,0.448250631601019,"RPS6KA2-IT1"
"ENSG00000232083.3",3.19582412806106,-0.197481500456832,0.244746367027046,-0.806882254701697,0.419734323386494,0.607915927616618,"RPL31P7"
"ENSG00000232085.1",2.03687272185947,-2.82786421129176,0.88195306270641,-3.2063658837059,0.00134422949715495,0.013530230659677,"AL606534.2"
"ENSG00000232093.1",51.0506100718564,0.176157251471924,0.119176748517029,1.47811761659828,0.139376299581602,0.302336144251386,"DCST1-AS1"
"ENSG00000232098.3",201.995703219643,0.146401402894263,0.0769556341756815,1.90241305217554,0.057117175992285,0.169941555507958,"AC012313.1"
"ENSG00000232104.3",33.1941321486863,-0.0983307380504485,0.14078296395002,-0.69845622859139,0.484891922560795,0.664041247904921,"RFX3-AS1"
"ENSG00000232109.1",0.92951366684511,0.115015157853327,0.61103123326703,0.188231225494595,0.850695395559444,0.91943259980394,"VN1R54P"
"ENSG00000232110.8",3.97505812838202,-0.0738084163669371,0.183174628345568,-0.40294017262966,0.686992237245362,0.81678088727279,"AL353751.1"
"ENSG00000232111.2",0.754455429314286,-1.08366174560177,0.566910825668769,-1.91152064228692,0.0559377066523544,0.167473555604772,"AC073488.1"
"ENSG00000232112.3",335.741795433337,-0.060548960079212,0.0783485856592138,-0.772814972596656,0.439631891048072,0.625071085952489,"TMA7"
"ENSG00000232118.2",8.50408265180585,-0.591328699624609,0.173417131042556,-3.40986323594236,0.000649954634148863,0.00808327965435865,"BACH1-AS1"
"ENSG00000232119.8",2100.47282263123,-0.0555102582397905,0.0583741625741295,-0.950938836498046,0.34163542552866,0.534923022251126,"MCTS1"
"ENSG00000232124.3",6.03866256642105,-0.127129013766562,0.164587649144949,-0.772409196115325,0.439872108940733,0.62523947819535,"AP001057.1"
"ENSG00000232131.1",1.68469186019924,-2.41502421458312,0.513520813891145,-4.70287503301677,2.56523439494878e-06,0.000149047728989581,"NCOA7-AS1"
"ENSG00000232133.1",5.27887136645832,-0.115668748530143,0.182350886546721,-0.634319639024661,0.525872242330686,0.697580068687367,"IMPDH1P10"
"ENSG00000232134.1",22.3873483010603,-0.175470329696123,0.132825568694041,-1.32105837318349,0.186481901394928,0.364457994901165,"RPS15AP12"
"ENSG00000232136.2",1.84394373237654,-0.688364626061698,0.479379107638588,-1.43595040979689,0.151016452756618,0.318713038185187,"DUXAP7"
"ENSG00000232139.6",2.64711012332981,-0.590418045352818,0.268436211904133,-2.1994724227582,0.0278443479319817,0.105343394965848,"LINC00867"
"ENSG00000232140.2",17.1275683945518,-0.345551536898341,0.166919532538044,-2.07016837181463,0.038436579978328,0.130979432673334,"AC073257.1"
"ENSG00000232149.1",5.7362850883431,-0.441358877566182,0.176079449484575,-2.5065893768872,0.0121902234334335,0.0611494815081065,"FERP1"
"ENSG00000232150.3",8.90123860951478,0.0545620784201176,0.147540298359503,0.369811360196448,0.711523050186873,0.833288902134219,"ST13P4"
"ENSG00000232160.7",93.5136456623531,-0.274115414327481,0.0972743733958004,-2.81796124465517,0.00483296429790595,0.0326336468523026,"RAP2C-AS1"
"ENSG00000232162.1",1.81134081725671,-1.29272617627224,0.697497585352648,-1.85337727817173,0.0638283017452755,0.183003414571603,"USP12-AS1"
"ENSG00000232176.1",10.0747282739965,-0.308927337577183,0.14172383248747,-2.17978396544206,0.0292734790621863,0.10891841064119,"AL161909.1"
"ENSG00000232177.1",12.7978573606866,-0.281055763984377,0.239984263904447,-1.17114247164257,0.241541514551476,0.429735565861288,"MTND4P24"
"ENSG00000232184.1",1.58984620983693,-0.615933068936126,0.749751181293919,-0.821516636856976,0.411352051608608,0.60038377315116,"AL662889.1"
"ENSG00000232186.1",17.6116713505895,-0.391014330754953,0.122107078352553,-3.20222493266114,0.00136370469009389,0.0136382758327714,"TERF1P7"
"ENSG00000232187.1",130.418609667359,0.142453189178484,0.107673842703205,1.32300645729851,0.185833230446068,0.363759734603383,"FTH1P7"
"ENSG00000232188.1",4.70293079869546,0.348211728868311,0.348226087067668,0.999958767594131,0.317330462344535,0.51112158117255,"AL354714.3"
"ENSG00000232192.1",21.5446612829805,-1.24157641222014,0.241758120134289,-5.13561410690357,2.81224184439035e-07,3.00089640145153e-05,"KIF26B-AS1"
"ENSG00000232194.1",7.16985108661899,0.392239286737889,0.236385073748168,1.65932341039333,0.0970506403705615,0.24007475215231,"Z99943.1"
"ENSG00000232196.4",5.20170495351557,-0.389841324036105,0.184280334042798,-2.11547979908463,0.0343890748663171,0.121193550283084,"MTRNR2L4"
"ENSG00000232197.3",0.74555082407938,0.65262234331256,0.569890264242073,1.14517194670893,0.252137936761587,0.442463553698074,"AL596442.1"
"ENSG00000232212.1",1.58422259147007,0.411850037945554,0.358321530149687,1.14938680289042,0.250396519378247,0.440255996474381,"LINC01701"
"ENSG00000232216.1",464.012962291906,-0.595799896677732,0.229502119450313,-2.59605400640635,0.00943012416798252,0.0516037350303488,"IGHV3-43"
"ENSG00000232228.1",3.46543948950301,-0.06269390966524,0.251792904773058,-0.248989977385368,0.803368534208733,0.891908383667178,"RPL36AP16"
"ENSG00000232229.6",171.135551767715,-0.315091276576067,0.116905035189932,-2.69527549488478,0.00703304546879537,0.0423048023642774,"LINC00865"
"ENSG00000232233.1",4.46615005954716,0.444883325452499,0.21505605771499,2.06868539384319,0.0385756187218169,0.131295953948673,"LINC02043"
"ENSG00000232234.4",5.36690217851087,-0.134112558449228,0.292162881841079,-0.45903352816111,0.646210089339408,0.787751181003146,"AL355499.1"
"ENSG00000232237.3",43.2521624758792,0.0428493781338058,0.179751147244973,0.238381667046657,0.811585085211652,0.896635216258554,"ASCL5"
"ENSG00000232258.6",2.62526658776831,0.505375482364497,0.329031869217678,1.53594690862652,0.124551402028937,0.281629075524774,"TMEM114"
"ENSG00000232259.1",23.9185873249779,-0.69676588390134,0.194685043642186,-3.57893894089746,0.000344992051699544,0.00528813092874444,"AL158166.2"
"ENSG00000232260.2",3.45357838075015,-0.282539315082591,0.209227772496478,-1.35039106764542,0.176890574524664,0.352643110996038,"BTF3L4P1"
"ENSG00000232268.6",1.98556027134076,-0.428276785355955,0.3157509627696,-1.35637523192119,0.174979809676469,0.350306843268712,"OR52I1"
"ENSG00000232273.1",6.14828956136612,0.00361250344493454,0.145625205089951,0.0248068556724307,0.98020902270661,0.990232400563514,"FTH1P1"
"ENSG00000232277.1",0.658965725189062,0.476036446154918,0.842271873662036,0.565181458672249,0.571950346693502,0.732776991167043,"SLC30A6P1"
"ENSG00000232282.1",1.17212074899502,-2.1206794593562,0.61697356556684,-3.43722904466392,0.000587698398295342,0.00750239370185845,"MTND1P32"
"ENSG00000232284.7",46.5151503377189,-0.237251959319432,0.154765626955891,-1.53297579046445,0.125281820030722,0.282818526870275,"GNG12-AS1"
"ENSG00000232290.1",2.14698843499256,-1.23358214733707,0.419153392177598,-2.94303271871027,0.00325014066501591,0.0250073799769759,"AL133260.2"
"ENSG00000232294.6",1.91694144885575,1.00890941480093,0.345064609085113,2.92382756225249,0.00345756225963238,0.0260967173679304,"AL031674.1"
"ENSG00000232295.7",12.7173431336672,-0.559903187882228,0.182727485413785,-3.06414323282746,0.00218294368726652,0.0189590973052259,"AL589935.1"
"ENSG00000232298.2",4.21902416824342,-0.0227486593552509,0.20036920362196,-0.113533711488773,0.909607437952737,0.952043774773193,"GRHL3-AS1"
"ENSG00000232300.1",5.6157179567322,-0.388531760847319,0.147419726705365,-2.63554796586921,0.0084001552513791,0.0477409301441045,"FAM215B"
"ENSG00000232303.2",4.50169288086831,-0.166022319001097,0.149842569754752,-1.10797832200039,0.267871178158161,0.459608638161944,"DFFBP1"
"ENSG00000232306.2",4.98013071671212,-0.797634911208994,0.325657019059355,-2.44930974776139,0.0143130301940819,0.0681344203258919,"AC012485.2"
"ENSG00000232310.8",35.4996272826026,-0.337520051171321,0.130468934343653,-2.58697637770458,0.00968222296408818,0.0524712491791214,"AL078590.2"
"ENSG00000232316.2",2.05616427776452,0.272374368473651,0.303269405033817,0.898126761066712,0.369117973411175,0.561733031854135,"LINC02518"
"ENSG00000232320.6",21.0119547011444,-0.0135947858650532,0.129293297306134,-0.105146872639996,0.91625926642614,0.95561116963616,"MXRA7P1"
"ENSG00000232327.4",2.41690824963579,-1.11877274466392,0.577809351737411,-1.93623163297702,0.0528393378240034,0.16155005670646,"AC105917.1"
"ENSG00000232328.3",2.24330935051496,0.300129741789784,0.364677323232069,0.823000835724549,0.410507518174848,0.599615092466775,"AC084030.1"
"ENSG00000232334.1",4.9613495880221,0.463256517867363,0.205660506709766,2.25253027564074,0.0242887816934209,0.0965842163971153,"AL683842.1"
"ENSG00000232341.2",4.73182091162354,-0.149670360323669,0.178116635117414,-0.840294115285788,0.400743500092188,0.59090098536557,"RPL4P2"
"ENSG00000232342.7",6.12332070843722,-1.1804917174798,0.264279034740662,-4.46683831215829,7.9384081186587e-06,0.000338165260152273,"AC022540.1"
"ENSG00000232344.2",10.4559678056886,-0.460335309163426,0.138002670295541,-3.33569856422046,0.000850853665878084,0.00984539915702726,"AC087163.1"
"ENSG00000232346.1",25.8414712516295,-0.0169450416964755,0.136115181109217,-0.124490461375348,0.900926952350171,0.947366192621656,"Z74021.1"
"ENSG00000232349.2",2.62289268023271,-0.503350301648596,0.761456808783754,-0.661035919361702,0.508589278612766,0.683965415456814,"YBX1P7"
"ENSG00000232352.1",20.9693481565851,0.0871710918463402,0.139217149064194,0.626151967859543,0.531215268596815,0.701064333348942,"SEMA3B-AS1"
"ENSG00000232354.8",43.6792572038248,-0.459114751296061,0.18719312567296,-2.45262612954157,0.0141817651303434,0.0676728545914468,"VIPR1-AS1"
"ENSG00000232363.1",3.1834924751017,0.0173038184381428,0.207581752889131,0.0833590534683691,0.93356604575036,0.965110497614051,"AL021391.1"
"ENSG00000232368.1",52.5588807082097,0.0353768603432633,0.139408598573179,0.253763833116027,0.799678015974036,0.889680206710897,"FTLP2"
"ENSG00000232369.1",4.05029763633208,-0.0263016766823181,0.161287087280063,-0.163073666502807,0.870460433318352,0.93079297274668,"PPIAP35"
"ENSG00000232373.2",1.58661698452649,-0.7824191675119,0.465644064766602,-1.68029451401701,0.0929000279181215,0.233486333474569,"MTCYBP3"
"ENSG00000232374.5",2.34262823494002,-0.600662765577832,0.370375356199636,-1.6217676352475,0.104853110721153,0.252023076383875,"GPR79"
"ENSG00000232377.1",2.26282188794974,-0.47398154631884,0.320638864287772,-1.47824109647994,0.139343257571529,0.30230386252632,"AC016910.1"
"ENSG00000232379.1",1.26856731992243,-1.1483052955095,0.700396092499971,-1.63950842645449,0.101107417203091,0.246100982668701,"RPL22P23"
"ENSG00000232380.1",4.8475884147474,-0.106481792723074,0.144896893203605,-0.734879750481943,0.462412731742409,0.644713224083924,"ZDHHC20P4"
"ENSG00000232383.1",1.82951951546887,0.00483249466692057,0.193356504649726,0.0249926666582789,0.980060812941997,0.990142824003478,"AC010677.1"
"ENSG00000232385.2",12.9410597947742,0.00652703048335031,0.155777872245536,0.0418995996624121,0.966578735542349,0.983144497981557,"RPS3AP25"
"ENSG00000232386.9",20.8732416649216,-0.027522202078884,0.171342036204522,-0.160627261637256,0.872386982017276,0.93171887364044,"AC015712.1"
"ENSG00000232387.2",4.67612951556353,0.130396809075287,0.146021591449564,0.892996766990631,0.371858904012075,0.563919945853786,"SKA2P1"
"ENSG00000232388.5",422.441014390106,0.0537011368327271,0.0784056155919268,0.684914421337144,0.493397925152272,0.67108003603622,"SMIM26"
"ENSG00000232389.1",2.59924472571627,-0.114223050063181,0.197692151689453,-0.577782421239511,0.563411024864682,0.726702434945757,"AL583856.1"
"ENSG00000232392.1",1.14083791312543,-0.445458389476894,0.699206775481729,-0.637091065328977,0.524065528000885,0.69618201355572,"GOT2P7"
"ENSG00000232398.1",4.70400238204013,-0.341495371167592,0.222283625959554,-1.53630466343809,0.124463676293292,0.281563441926518,"TMPRSS11CP"
"ENSG00000232400.1",22.7530744297708,-0.554706487563919,0.243246343501317,-2.28043093918456,0.0225821423847724,0.0921523296023613,"RAD17P1"
"ENSG00000232406.7",11.7665325721224,-0.482034239619217,0.200180616225579,-2.40799658182701,0.0160403312033734,0.0736289461952172,"AL121895.1"
"ENSG00000232407.3",1.25508582035584,-0.563665399568131,0.364661890232289,-1.54572061042375,0.122172057437182,0.278059176400137,"PPIAP70"
"ENSG00000232411.1",3.65037044513542,-0.230848318580691,0.209206030400231,-1.1034496383257,0.269831950509335,0.461640037425863,"AC009495.2"
"ENSG00000232412.1",6.77408142258072,-0.302365226061675,0.151961112336593,-1.98975396673814,0.0466180446200261,0.148878135207149,"AL121601.1"
"ENSG00000232415.1",41.0198733358496,-0.443630363158686,0.158882839407488,-2.79218551741075,0.00523533304853043,0.0346107909421612,"ELN-AS1"
"ENSG00000232431.3",0.925025638045891,-0.996259021752546,0.429872281479995,-2.31756981009,0.0204727125419551,0.086541140002452,"AC055876.1"
"ENSG00000232434.2",209.8545183002,0.0402357370162049,0.118108712850348,0.340666967281122,0.733354308977008,0.847536990710706,"AJM1"
"ENSG00000232437.1",1.3895515087469,-1.31979450815224,0.812591126811221,-1.62418030988277,0.104337331914584,0.251377163587344,"RPS26P42"
"ENSG00000232439.1",5.55193938626989,-0.272386651836495,0.142273578842417,-1.91452730754873,0.0555528133565958,0.166698496176759,"RPL18AP7"
"ENSG00000232442.1",165.51907897843,-0.221012224452808,0.112792092251539,-1.95946559764071,0.0500582849741726,0.155872660086525,"MHENCR"
"ENSG00000232445.2",57.9467319623712,0.341094947379587,0.183995177515941,1.85382547512712,0.063764132605623,0.182895053421212,"EMSLR"
"ENSG00000232448.2",3.78526962072759,-0.367905523704269,0.364377714398092,-1.00968173729286,0.312647794911331,0.506703741148683,"AL354824.2"
"ENSG00000232450.1",22.3854640945579,-0.138323325625389,0.0906970198602883,-1.52511434045425,0.127230580971757,0.285916004651212,"AL133517.1"
"ENSG00000232451.2",1.5193319258811,-0.671430226954941,0.331106201291651,-2.02783947970675,0.0425766335535216,0.140221966653219,"AC018467.1"
"ENSG00000232453.7",50.6657392181246,0.255210822229662,0.100445434928557,2.54079065326545,0.0110602121550926,0.0574547734872054,"LINC02777"
"ENSG00000232454.2",4.78767505341409,-0.35803879399732,0.221960965958385,-1.61307098503278,0.10672908670051,0.2549687513552,"AL138752.1"
"ENSG00000232455.2",1.89843329299184,-0.136828247650308,0.425410951830748,-0.321637811771113,0.747727095087686,0.856705503588686,"LARS2-AS1"
"ENSG00000232457.4",7.04679083028154,-0.427737632677338,0.168191761808365,-2.54315448080445,0.0109856647617057,0.0572112242354321,"SLC16A6P1"
"ENSG00000232458.1",2.10791902016807,-0.312254426528422,0.389826843357177,-0.80100801637798,0.423127005026638,0.610734665182907,"LINC01450"
"ENSG00000232466.1",1.92549382759583,-0.588005027843555,0.420293228081436,-1.3990352176924,0.161802422444049,0.332955562793109,"H3P31"
"ENSG00000232467.2",1.57643161137361,-1.3886245964136,0.418379225526696,-3.31905723728386,0.000903219138996133,0.0102519232184738,"TMA16P2"
"ENSG00000232470.1",6.13170558211948,-0.171132399854146,0.119739277524455,-1.42920855538981,0.152944299445699,0.321280494759647,"AL136368.1"
"ENSG00000232472.1",117.166551515522,0.0311877026349229,0.121072781386882,0.257594665602536,0.796719747046279,0.887957922485828,"EEF1B2P3"
"ENSG00000232479.2",3.80039580545238,-0.211623858431785,0.148045698178704,-1.42944956209627,0.152875061945132,0.321195849888885,"KRT8P52"
"ENSG00000232480.1",2.84425359328385,-0.083238444139988,0.255775014131231,-0.325436182352357,0.744850974996642,0.854672531813311,"TGFB2-AS1"
"ENSG00000232482.2",3.11207260292659,-0.68651075333046,0.30730650947706,-2.23396098735002,0.0254856401181447,0.0997171719888814,"AL357134.1"
"ENSG00000232485.3",32.4106445176676,-0.0118805978113748,0.0913272696219828,-0.130088174764781,0.896496665787927,0.945095579433123,"RPL37A-DT"
"ENSG00000232486.1",1.51042740520409,-0.347522821078283,0.372360559660047,-0.933296537623532,0.350666882344158,0.544194966550536,"DEPDC1P2"
"ENSG00000232489.1",4.24736966714104,0.245574681161214,0.164152128916548,1.49601886239356,0.134648739856704,0.296172072941944,"MFAP1P1"
"ENSG00000232490.6",3.8241257092392,-0.719711803494357,0.31096508321471,-2.31444571221336,0.0206432858712594,0.0869640537152777,"OSBPL10-AS1"
"ENSG00000232493.2",3.48282522725974,-1.02990853848685,0.310574767011597,-3.3161372007031,0.000912710081958795,0.0103181177448741,"RPL12P11"
"ENSG00000232499.2",18.9458407471531,-0.45208731190786,0.157945486252192,-2.86229966196066,0.00420579053764272,0.0297732052667955,"AL391058.1"
"ENSG00000232502.1",0.928124210934975,-0.842031986359811,0.458737793353326,-1.83554090933874,0.0664255833942381,0.187670311264797,"AC073464.1"
"ENSG00000232504.5",27.4411544558455,-0.682897415126346,0.158050600428699,-4.32075179261605,1.55498506540146e-05,0.000546341897397555,"ST3GAL5-AS1"
"ENSG00000232508.1",2.49041189526429,0.210107585257531,0.521705137755663,0.402732444156862,0.687145063533975,0.816835812483901,"MRPL45P1"
"ENSG00000232518.3",2.96669679136065,-1.05602368766969,0.333523339818358,-3.16626622965822,0.00154409401331123,0.0148705588617793,"AC074366.1"
"ENSG00000232527.8",9.37031068741533,1.20299735891296,0.240766712560892,4.99652691236841,5.83720324899815e-07,4.90752544870948e-05,"LINC02802"
"ENSG00000232528.3",3.3408224427937,0.121876352544304,0.178069748996095,0.684430416909144,0.493703414386104,0.671328040541455,"AL109809.1"
"ENSG00000232530.1",2.79705011409964,0.239157387584274,0.241306923707894,0.991092107550874,0.321640606497805,0.515544784176565,"LIF-AS1"
"ENSG00000232531.3",2.36038919849936,0.604091873172197,0.23214549637511,2.6022123306501,0.00926244857650849,0.0509457625074669,"KMT5AP2"
"ENSG00000232533.1",287.194655445263,0.276191777500329,0.0972000432825283,2.84147792709857,0.00449049603865204,0.0311332954216665,"AC093673.1"
"ENSG00000232536.1",7.62467511564504,0.0927706417227228,0.185509251583498,0.500086334944682,0.617014287683108,0.766931367550259,"AL365436.2"
"ENSG00000232542.1",2.16802197129218,-0.627288293549057,0.318997357441515,-1.96643727264752,0.0492481214988779,0.154156767425577,"DPYD-IT1"
"ENSG00000232545.1",22.3487268351598,-0.383471804820206,0.191325881361258,-2.0042861012418,0.0450394218507903,0.145752087060494,"AC253536.3"
"ENSG00000232546.1",19.8353510398774,-0.328165513191868,0.132234854202113,-2.48168695894871,0.0130762094072801,0.0641474751819367,"AC027644.1"
"ENSG00000232555.2",2.97571178537944,-0.551618264503202,0.436069007276324,-1.26497929295319,0.205878750869386,0.387249788287823,"AC104088.1"
"ENSG00000232564.3",5.67760311000439,-0.536329742490904,0.258052748488829,-2.07837252512008,0.0376750612481544,0.129215042122753,"MRTFA-AS1"
"ENSG00000232573.1",519.536320951772,-0.0408621006757482,0.115480301545416,-0.353844769444753,0.723455220053442,0.841226412448982,"RPL3P4"
"ENSG00000232578.4",8.00972433139407,-0.0970704774202532,0.192347046862254,-0.504663206447711,0.613795407671788,0.764930229510933,"AC093311.1"
"ENSG00000232586.1",3.98748627774262,-0.158870663864412,0.177600529606091,-0.894539358732651,0.371033380964493,0.563335203960729,"KIAA1614-AS1"
"ENSG00000232587.1",17.9152977487628,-0.115288635112607,0.167106018477343,-0.689913123196327,0.490248822620761,0.668516168276287,"EEF1A1P3"
"ENSG00000232591.2",4.48549421363653,-0.110281713444481,0.184041850850868,-0.599220845338291,0.549025623848776,0.715154071039639,"LINC02642"
"ENSG00000232593.7",418.46030523698,-0.234055971210765,0.106980496555372,-2.18783777180938,0.0286814214322262,0.107435932014301,"KANTR"
"ENSG00000232594.1",0.915290031217698,-0.786481728709926,0.396519201175605,-1.98346442335744,0.0473155771913148,0.150248605591324,"AC103563.4"
"ENSG00000232599.1",3.07433808760668,-0.425803473259658,0.44577945259118,-0.955188649419778,0.339482304796945,0.532879979896497,"AL008707.1"
"ENSG00000232600.3",9.30632559165637,0.0179591923319982,0.124045385132508,0.144779205714213,0.884885200661646,0.938770090677081,"TONSL-AS1"
"ENSG00000232608.1",3.24273893944518,-0.58275207525545,0.248418162404217,-2.34585132429736,0.0189836782229535,0.0824308968057223,"TIMM9P2"
"ENSG00000232611.1",78.8305419202285,-0.359476839641339,0.113845687800124,-3.15757976070612,0.00159084709737728,0.0152195610382131,"AL683813.1"
"ENSG00000232613.6",24.3381202117104,-0.320412597433699,0.168747251881278,-1.89877223991254,0.0575944286216272,0.170884173611963,"LINC02576"
"ENSG00000232615.4",13.2003553496184,-0.556806360599473,0.18618007423639,-2.99068717682702,0.002783504805105,0.0224669744683663,"AC026412.2"
"ENSG00000232618.2",19.727850190789,-0.623739945426971,0.155739379208475,-4.00502396116542,6.20111950673956e-05,0.00155111849540105,"AL355304.1"
"ENSG00000232621.1",5.21466557158332,-0.27949753076616,0.357972221037003,-0.78077994419927,0.434931931831136,0.620718655798504,"C4BPAP2"
"ENSG00000232623.1",2.69087826238225,-0.623519860227791,0.305737001467966,-2.03939940940751,0.0414101813171285,0.137740808031122,"MRAP-AS1"
"ENSG00000232624.8",4.72526472091863,0.0957037791277236,0.291825110195005,0.327949089315076,0.742950156447662,0.853521033768531,"LINC01517"
"ENSG00000232626.3",3.76637372976606,-0.23204965558206,0.192572981259609,-1.20499591409053,0.228204879241094,0.414174937013396,"AC099336.1"
"ENSG00000232627.1",1.16289649984155,-0.990121300868263,0.435001431387896,-2.27613343181246,0.0228380246574641,0.0927184102774284,"AC021876.1"
"ENSG00000232628.6",10.9326572334122,-0.0760101627325407,0.185806703982993,-0.409081917407554,0.682479545936985,0.813759455729533,"AC092809.2"
"ENSG00000232629.9",3349.08902481781,0.0582200131804899,0.188776803772317,0.308406605139416,0.757772956592778,0.86317899938726,"HLA-DQB2"
"ENSG00000232630.1",39.2484369272147,-0.240326832268688,0.0843607582395873,-2.84879886435056,0.00438846144753106,0.030644940820849,"PRPS1P2"
"ENSG00000232633.4",2.68074006176757,-0.259415985355827,0.250339285868532,-1.0362575911959,0.300081985299999,0.493097917710157,"AC079465.1"
"ENSG00000232640.1",37.0167145937986,-0.169825300594457,0.105956726193751,-1.60277980167033,0.108983277705966,0.258431642782389,"AL354892.2"
"ENSG00000232642.2",3.93852519322536,-0.330847081830972,0.16036522131067,-2.06308499515636,0.0391045535191612,0.13263120418841,"AC008073.2"
"ENSG00000232645.5",13.4540623019785,-0.229621862934674,0.135930414209334,-1.68926037833633,0.0911695427789955,0.230608052424431,"LINC01431"
"ENSG00000232646.1",2.2577560597343,-0.322232243886804,0.338380798979044,-0.952276975700268,0.34095653145656,0.534262051197028,"AL731563.1"
"ENSG00000232648.4",19.6005048183297,0.205051580238396,0.112390173670404,1.8244618149602,0.0680822841215986,0.190523954380128,"AC107214.1"
"ENSG00000232653.8",38.5797250087921,-0.30557339152064,0.121984304129466,-2.50502221331955,0.0122443703194826,0.0613286928007422,"GOLGA8N"
"ENSG00000232656.8",46.1177701573342,-0.161359869984587,0.141098778166255,-1.1435950904866,0.252791598678895,0.442974868530679,"IDI2-AS1"
"ENSG00000232671.6",9.5660796071458,0.116989573239343,0.119679111059613,0.977527090597039,0.328308272747685,0.521933973980064,"ZNF687-AS1"
"ENSG00000232675.7",0.686087735537526,-1.25865096711823,0.564749683628183,-2.22868821994223,0.0258346565980964,0.100511795502999,"AL121830.1"
"ENSG00000232677.9",1032.29912688938,-0.126001403280242,0.161091452025502,-0.782173117790847,0.434112840646089,0.620024870485821,"LINC00665"
"ENSG00000232679.2",35.7226337148158,-0.0773857185349546,0.216053293864106,-0.358178841668709,0.720209480179345,0.839387181390847,"LINC01705"
"ENSG00000232680.2",4.04202253104812,-1.00678954883445,0.332268819063576,-3.03004522564548,0.00244517121278776,0.0205937478338839,"AC002511.1"
"ENSG00000232682.2",8.33671332794095,-0.702105748190723,0.214980348873981,-3.26590663690052,0.00109114218136168,0.0116913952969251,"AL592430.1"
"ENSG00000232684.1",6.64129108593987,-1.43816423094776,0.297218861568763,-4.83873810483267,1.30666090914061e-06,9.10097524017122e-05,"ATP11A-AS1"
"ENSG00000232687.1",2.49600167070871,-0.525097711095072,0.257972391967072,-2.03548025853129,0.0418025729567271,0.138480901636648,"RPL12P9"
"ENSG00000232692.1",7.95671330078584,-0.330793414508173,0.218435624487859,-1.514374842857,0.129930796076753,0.289761214417745,"AP001596.1"
"ENSG00000232693.2",2.72293358102109,-0.758278649776586,0.307549752951597,-2.46554790728746,0.0136803879651103,0.0661622830509031,"AC012370.1"
"ENSG00000232696.1",2.23165420726034,-0.947281966951312,0.384283852048209,-2.46505795625384,0.0136991091334453,0.0662335812343587,"AC017006.2"
"ENSG00000232699.3",3.96135747287013,-0.067957087312289,0.210080389180062,-0.323481347200106,0.746330731617158,0.85567713034811,"BDH2P1"
"ENSG00000232702.3",3.0028908491705,-0.0921928840113072,0.183010117362909,-0.503758400572406,0.614431163627961,0.765384752413625,"AL158050.1"
"ENSG00000232706.3",3.76541212884138,-0.345852186823684,0.164573674331267,-2.10150370786233,0.035596772848721,0.124340883062734,"NUTM2HP"
"ENSG00000232712.6",9.03191777909367,-0.789697444074166,0.183576003008305,-4.30174658524644,1.69457052166732e-05,0.000586458798106759,"KIZ-AS1"
"ENSG00000232713.2",31.1420462281696,-0.0459904949390434,0.111186786534332,-0.413632737958862,0.679143093617806,0.811655834429553,"RPS12P3"
"ENSG00000232719.1",3.30296942073832,-0.159042992131004,0.191450822057991,-0.830725041665426,0.406128976456091,0.595781097737503,"AC007272.1"
"ENSG00000232721.2",3.5627827794038,0.986858820228292,0.292881819950092,3.36947790203044,0.000753107295586745,0.00903196744414198,"AC239800.2"
"ENSG00000232724.1",6.70915353665346,-0.109811272549782,0.165858098303955,-0.6620796552758,0.507920173578666,0.683405526145915,"TRIM80P"
"ENSG00000232725.1",27.4369473899779,-0.0445799306361691,0.155017052466349,-0.287580817251356,0.773667630456028,0.873498250840088,"U52111.1"
"ENSG00000232727.2",2.59937771051976,-0.127566000476884,0.207610860506915,-0.614447626513428,0.53891957191048,0.707139451685477,"YWHAEP1"
"ENSG00000232729.8",13.2695094245087,-0.201808409118493,0.20044504879335,-1.00680166625891,0.314030093761811,0.508091748632549,"AC211433.1"
"ENSG00000232732.11",5.08408926040756,-0.0294614137838127,0.198709963256081,-0.148263395056066,0.882134902549305,0.937226107690005,"AC097717.1"
"ENSG00000232739.1",3.44472269255466,-0.155732575202353,0.256174109043597,-0.607916919409876,0.543242577382621,0.711102269749139,"AL607028.1"
"ENSG00000232742.3",9.31637842510569,-0.125079984978123,0.10349796538241,-1.20852602769504,0.226844990461299,0.412448815871773,"RHOQP2"
"ENSG00000232747.2",2.49889954577326,-0.130013227419128,0.279382836033027,-0.465358678669003,0.641674620106092,0.784491522003236,"IGKV1D-35"
"ENSG00000232748.3",15.2968890092479,0.0979457772517961,0.0751896126545351,1.30265037674574,0.192694150685175,0.371948420614652,"AC135050.1"
"ENSG00000232750.2",3.00492278386672,-0.795021275134632,0.242346516756364,-3.28051455319197,0.00103617918931343,0.011258979683359,"AL139132.1"
"ENSG00000232754.1",2.75614165155419,-0.659026247421088,0.277975124247216,-2.3708101550662,0.0177491451700591,0.0789264445234111,"AL035658.1"
"ENSG00000232756.1",32.901704183735,0.196169410306157,0.276967454413878,0.708276034530099,0.478773856643187,0.658697384570504,"AC004990.1"
"ENSG00000232757.1",7.80114784594165,-0.221515416817677,0.167674245457388,-1.32110579184907,0.186466092137957,0.364457994901165,"ETF1P1"
"ENSG00000232759.1",46.7650025173831,-0.200767110619939,0.190203122559386,-1.05554056063015,0.291178169226187,0.48356454121308,"AC002480.1"
"ENSG00000232762.1",1.50910427686138,-0.23006206942881,0.383290185020121,-0.60022948257006,0.548353307553463,0.71482669608573,"AL355483.2"
"ENSG00000232765.6",2.21783259257812,-0.676541834152784,0.517629001036258,-1.30700140988699,0.191212232653247,0.370117957077009,"AL158819.1"
"ENSG00000232768.1",2.59238403349219,-0.829443996466521,0.401154690131733,-2.06764127871506,0.0386737674577598,0.131491599261764,"AL356320.1"
"ENSG00000232774.8",56.4042386073964,0.701209140026663,0.197391234058215,3.55238237083953,0.000381759663004291,0.00564946979287802,"AL355916.1"
"ENSG00000232775.6",3.85978623658665,0.280770834343461,0.291589205535669,0.962898588195902,0.33559841815561,0.528903107013241,"BMS1P22"
"ENSG00000232778.1",2.65948629595466,-2.38855273429307,0.407745403303486,-5.85795134645641,4.68611883891888e-09,1.4055401306678e-06,"RPL23AP50"
"ENSG00000232780.2",1.0996691070517,-0.17758587036981,0.309512312806957,-0.573760277125291,0.566130032559516,0.728431581604018,"GAPDHP74"
"ENSG00000232788.1",17.1607855395465,-0.00682341566993834,0.132643499031513,-0.0514417647284563,0.958973505369041,0.979282221278423,"ITGA6-AS1"
"ENSG00000232790.3",0.865604042996367,0.532911051274975,0.832248948872679,0.64032649364932,0.521960360034888,0.69464640125726,"LINC01162"
"ENSG00000232792.2",1.85544297202735,-0.841923239091617,0.421298489520782,-1.9984008014111,0.0456732248290512,0.146860988432838,"FTH1P25"
"ENSG00000232793.2",1.22445456767369,0.222933025155149,0.471273448649986,0.47304388947386,0.636181866963367,0.780412781754288,"DNAJC19P8"
"ENSG00000232795.1",1.24597898086968,-0.99075412824975,0.431321481551771,-2.29702013608341,0.021617621076062,0.0894834587200461,"SCAND3P1"
"ENSG00000232801.1",1.74398619336507,0.114779397229326,0.228784702875757,0.501691746810791,0.615884370897075,0.766213458401268,"SDCBPP3"
"ENSG00000232803.1",27.6129103875893,0.296834877689317,0.237476130187543,1.24995669019407,0.211315368754849,0.393848881596327,"SLCO4A1-AS1"
"ENSG00000232807.2",74.4055334761198,-0.0504494827451482,0.0949279952900875,-0.531449996294361,0.595106983518807,0.750687561182573,"AL137186.2"
"ENSG00000232810.4",107.099295399927,0.129258608435729,0.163203469226827,0.792008950839637,0.428355457156708,0.615302870337437,"TNF"
"ENSG00000232811.1",42.9565292257758,0.187154847352586,0.115878732748799,1.61509228581485,0.106290711269181,0.254201325356284,"AL360270.1"
"ENSG00000232812.2",0.685265101391965,-1.52356063174437,0.775806217551455,-1.96384173943968,0.0495484479523088,0.154777301339484,"LINC01717"
"ENSG00000232814.2",4.55284929428719,-0.254050776142184,0.189848230655008,-1.33817826621648,0.180838332155674,0.357627002819058,"COL4A2-AS1"
"ENSG00000232815.1",34.5237633498317,0.136015911203501,0.143220494094423,0.949695866248214,0.342266810809566,0.535559004196216,"DUX4L50"
"ENSG00000232818.2",58.64309041351,0.207548199013004,0.140682424142296,1.47529586782693,0.140133016885651,0.303562270230593,"RPS2P32"
"ENSG00000232821.1",1.83088050784913,0.299844066224961,0.324340770479146,0.924472325147418,0.355240453891416,0.548792187434779,"AC003986.2"
"ENSG00000232824.1",1.7385707608909,-2.51187706855593,0.49080529344438,-5.11786873961372,3.09007525255345e-07,3.18507354127746e-05,"PRR13P1"
"ENSG00000232830.5",1.41903185369349,-2.61896841394751,0.561017035961857,-4.66825113333201,3.03774448191612e-06,0.000168559378394055,"AC110994.1"
"ENSG00000232835.1",1.40566695862104,-0.38112419333435,0.426583940192972,-0.893433056016929,0.371625307075997,0.563781557186724,"AC107057.1"
"ENSG00000232838.4",23.603300360826,-0.118249871070035,0.103332564739704,-1.14436210276893,0.252473497993037,0.442702910869658,"PET117"
"ENSG00000232841.1",2.19585394648137,-1.84986356612853,0.479964094654199,-3.85417073221133,0.000116122544155903,0.00244997963408268,"BRWD1P3"
"ENSG00000232842.2",2.15547478582652,-0.0663393460451529,0.256769326495139,-0.258361646816131,0.796127813386367,0.887688244451332,"KAT7P1"
"ENSG00000232843.2",2.5463357727962,-0.959834366517558,0.379077576275232,-2.53202623048498,0.0113405507347006,0.058364655373379,"SNX18P2"
"ENSG00000232846.1",1.00009311124602,0.115863858258245,0.661354271630229,0.175191819616802,0.860928911929613,0.925432784135112,"SLC25A6P3"
"ENSG00000232848.1",3.3506812760006,-0.394138835369516,0.196020801638706,-2.0106990282387,0.0443572567469945,0.144259660923873,"AL034417.1"
"ENSG00000232850.3",9.45582657448527,-0.420544989217986,0.191453917374397,-2.19658597215115,0.0280500289810874,0.105952985576054,"PTGES2-AS1"
"ENSG00000232855.7",26.2284675164718,-0.802190226205925,0.166038676215177,-4.83134559062812,1.35613371882128e-06,9.36717010388315e-05,"AF165147.1"
"ENSG00000232857.2",1.570480191529,-0.773905605512631,0.53602327863509,-1.44379103736553,0.148797763882308,0.315576758372639,"KATNBL1P2"
"ENSG00000232858.1",4.02817434763353,0.00146382277325159,0.186618193496075,0.00784394461134022,0.993741501877141,0.997125853586367,"RPL34P27"
"ENSG00000232859.10",185.416773600885,-0.0177006745659321,0.0922520318718074,-0.191873004927727,0.847841683485379,0.917509935585201,"LYRM9"
"ENSG00000232860.8",26.4756421470833,0.0258424946452753,0.0995615550088107,0.259562987369858,0.795200889744654,0.887278745970533,"SMG7-AS1"
"ENSG00000232862.5",10.5742816995832,-0.720313865990541,0.209829926956384,-3.43284619329,0.000597280820113483,0.00759849841193664,"AL138787.1"
"ENSG00000232869.2",30.4276241401628,-0.238412196140983,0.161100751758917,-1.47989499451723,0.138901271721237,0.301521812571894,"TRBV29-1"
"ENSG00000232871.8",13.6013162165437,0.184956711966802,0.133765316971445,1.38269557576188,0.166758229058363,0.338984107952135,"SEC1P"
"ENSG00000232872.2",4.08294400779275,-0.321958592713762,0.197730938839567,-1.62826614086423,0.103468465655631,0.249911174337851,"CTAGE3P"
"ENSG00000232874.1",4.88650479841207,-0.238231106064988,0.15980608663192,-1.49075114149878,0.136026843646515,0.297805729565116,"AC080129.2"
"ENSG00000232875.1",2.61426460014003,-0.441615047405435,0.38792352911817,-1.13840748048802,0.254950371903965,0.445497440392521,"HMGN2P35"
"ENSG00000232878.3",33.6863020492407,-0.497194355721452,0.288458908556273,-1.72362281411205,0.0847759572405843,0.219970847510776,"DPYD-AS1"
"ENSG00000232879.2",7.70883362367606,-0.479060830896622,0.187322071192983,-2.5574179691996,0.0105452426197133,0.0556214769547077,"GLRX5P2"
"ENSG00000232880.1",1.54743556451838,-0.599416525909707,0.358317926048462,-1.67286223304563,0.0943544201459019,0.235818760597366,"NDUFB4P10"
"ENSG00000232882.1",8.71486137100647,0.0381124348523297,0.110060964879315,0.346284760397304,0.729128720414595,0.844578751957523,"PHKA1P1"
"ENSG00000232883.1",5.37960146278582,-0.155639612053077,0.156469125023132,-0.994698551743473,0.319882899055067,0.51370468141358,"AL451081.2"
"ENSG00000232884.9",55.8526904777184,-0.298834883783765,0.144506116877231,-2.06797393938451,0.0386424737368283,0.131412040666009,"AF127936.1"
"ENSG00000232885.2",0.79590734111179,-1.05416892397038,0.616973330273367,-1.70861343958466,0.0875225775199088,0.224646455429059,"GPC5-AS2"
"ENSG00000232888.4",72.673438933894,-0.0396321372319254,0.118207970410379,-0.335274661212231,0.737417906107472,0.850157709953462,"RPS11P5"
"ENSG00000232891.1",2.78812698320703,-0.899355172816517,0.261907714754725,-3.4338628537871,0.000595045183597173,0.00757874494931166,"AL450344.3"
"ENSG00000232892.1",1.36675817981814,-1.53289010569441,0.440096173730761,-3.48307982934701,0.000495680533355747,0.00672481336471592,"RGS5-AS1"
"ENSG00000232893.1",0.958724454125589,-0.678055786828525,0.466304892388079,-1.45410395193585,0.145917488092213,0.311691962726423,"IQCA1-AS1"
"ENSG00000232894.1",2.07563368280133,-0.444562242250759,0.290130246736907,-1.53228505904072,0.125452106432402,0.28301104346483,"MRPS31P2"
"ENSG00000232901.1",8.55665586954818,-0.0794458689073513,0.134047572964587,-0.592669208030642,0.553402552449384,0.718469473510269,"CYCSP10"
"ENSG00000232903.2",2.14008784031454,0.409241356565697,0.355431956813968,1.15139156375827,0.2495711829214,0.439279587258903,"LINC01166"
"ENSG00000232907.8",29.1988444731328,-0.435937554579431,0.139339689762565,-3.12859570250421,0.00175643801639681,0.0163501319989906,"DLGAP4-AS1"
"ENSG00000232909.1",5.57256493811707,0.0607035708699665,0.17453273314357,0.347806223947871,0.727985715128542,0.843815514627232,"AL157823.2"
"ENSG00000232912.6",14.8257830203149,-0.93065674432307,0.179528827491107,-5.1838847127165,2.1731129137879e-07,2.47570892867361e-05,"RERE-AS1"
"ENSG00000232913.8",2.5798125582427,-0.526051501664106,0.448373228315438,-1.17324467306068,0.240697702147541,0.428577847769712,"PLCE1-AS2"
"ENSG00000232915.1",1.89837834519702,-0.301690446777767,0.484347698403532,-0.622879901715594,0.533363446363787,0.702757211484469,"RNF14P1"
"ENSG00000232916.1",2.50626960367854,-1.17244449905689,0.322634182642879,-3.63397483010864,0.000279088100484939,0.0045347389601977,"HMGN2P27"
"ENSG00000232926.1",18.0482834167525,-0.419898817464258,0.145998808929751,-2.87604276050155,0.00402695154939775,0.0289441489495033,"AC000078.1"
"ENSG00000232928.2",3.86617672781948,-1.19133691871746,0.24324123864151,-4.89775880673447,9.69359157875691e-07,7.3390177925087e-05,"DDX3P1"
"ENSG00000232931.6",1975.88900266107,-0.376040628873381,0.203803142738272,-1.84511692911576,0.0650205310820604,0.185146129089552,"LINC00342"
"ENSG00000232934.8",65.2214788334424,-0.72839036152489,0.162464942631472,-4.48336945637027,7.34735577395145e-06,0.000317709327436163,"AL157786.1"
"ENSG00000232938.2",6.94296494485993,0.131771985829646,0.203120602751695,0.648737666413538,0.516507953724545,0.69056120418063,"RPL23AP87"
"ENSG00000232940.6",36.4029585518396,-0.312798037528858,0.12611096589938,-2.48033971747096,0.0131257261018222,0.064311228713461,"HCG25"
"ENSG00000232946.1",2.50455144678242,0.0970780772175178,0.257104523483519,0.377582144033108,0.705741031412795,0.829019753265115,"RPL35AP20"
"ENSG00000232949.2",39.83983536809,-0.351105492024828,0.197878355354477,-1.77435016273438,0.0760052479561533,0.204598490329871,"AC002480.2"
"ENSG00000232952.1",2.55416701247938,-0.156782754225628,0.201364455931222,-0.778601931013975,0.436214241228671,0.621885014054988,"AL512844.1"
"ENSG00000232956.9",1306.45263557027,0.0604540391024391,0.101410045038173,0.596134624333153,0.551085295179088,0.716529307338125,"SNHG15"
"ENSG00000232963.1",2.2254151091372,-0.185262137739935,0.387831299813315,-0.477687432213729,0.632872690709178,0.778151804442416,"HMGN2P20"
"ENSG00000232970.1",2.80907222370455,-0.776379087305509,0.376406056099516,-2.06261050991232,0.0391496484017726,0.132743583281415,"POLHP1"
"ENSG00000232973.13",74.0724549552827,-0.0598998659576777,0.159782503935899,-0.374883760625682,0.707746916945415,0.830513479110029,"CYP1B1-AS1"
"ENSG00000232977.7",30.912699453693,-0.706718907952262,0.166776949356565,-4.23750950403412,2.26012855324533e-05,0.000730548154594144,"LINC00327"
"ENSG00000232978.2",2.82853795374668,-0.481081203570904,0.417305294593564,-1.15282794108677,0.248981013462964,0.438751118468345,"AL161909.2"
"ENSG00000232994.1",2.84879441419953,-0.473921832371316,0.32370397687446,-1.4640593450451,0.143177734172188,0.308033363734711,"RPL7P14"
"ENSG00000232995.7",49.8990580434875,-0.476617480489751,0.123821069330141,-3.84924377626684,0.000118483047496231,0.00247935644267255,"RGS5"
"ENSG00000233005.2",4.27113820234147,-1.04914579950975,0.336617027694162,-3.11673419106702,0.00182866371126075,0.0168364047956608,"AC018742.1"
"ENSG00000233006.8",124.039962837345,-0.0144293028640666,0.110882378996793,-0.130131613288022,0.896462298986119,0.945095579433123,"MIR3936HG"
"ENSG00000233008.6",17.8603684699078,-0.318792955485362,0.157936742435054,-2.01848506288177,0.0435407682732649,0.14239713144615,"LINC01725"
"ENSG00000233009.1",8.52819319356556,0.873482479385432,0.241853595673824,3.61161667641053,0.000304294123767806,0.00484962386912474,"NALCN-AS1"
"ENSG00000233010.1",1.8586988709978,-0.986262659729324,0.376741057217893,-2.61787941832659,0.00884780644182499,0.0494414531225149,"RPEP4"
"ENSG00000233012.2",2.25920559827522,-0.288778637722539,0.26910160012814,-1.07312122107423,0.283216730768174,0.475714374525243,"HDAC1P2"
"ENSG00000233013.10",5.16110245770368,0.0131702924274667,0.141694159494187,0.092948731793049,0.925944290914962,0.961251594111868,"FAM157B"
"ENSG00000233016.7",1060.86972843344,-0.124509988991391,0.107012774692748,-1.16350584637096,0.244624327483054,0.433575262717914,"SNHG7"
"ENSG00000233017.3",4.57446987567043,0.161207019444155,0.190919594671284,0.84437126383865,0.398461974984587,0.588686105459626,"AL121832.1"
"ENSG00000233021.2",0.977963251288123,0.0552174609062354,0.757380821789844,0.0729058081715687,0.941881071993585,0.969576604102481,"AL669841.1"
"ENSG00000233025.1",15.9703444841114,-0.498950990181695,0.181630930610785,-2.74705959223923,0.0060132207530734,0.0380243416015333,"CRYZP1"
"ENSG00000233028.1",3.83295228721748,-0.145223413167603,0.331470190810531,-0.438119074335142,0.661299967985612,0.798891826051199,"AC006970.1"
"ENSG00000233029.3",4.34517076341346,-0.644016274973871,0.185537137664071,-3.47109092595742,0.000518348448284634,0.00690847673688563,"AC244453.2"
"ENSG00000233030.2",18.7188294808048,-0.185612687709524,0.17643938646618,-1.05199123295014,0.292803571961734,0.485376883156843,"AC243772.2"
"ENSG00000233038.6",44.0345858214481,0.0989527064777519,0.148719869456084,0.665363053636705,0.505818310042219,0.681431189909586,"PTPRN2-AS1"
"ENSG00000233040.2",2.12524547597517,-1.48287428056585,0.481897646281381,-3.07715609737592,0.00208985830489713,0.0184148940166662,"FAM204BP"
"ENSG00000233041.8",5.92376176500047,0.103906380990399,0.328025313666235,0.316763300457122,0.751423213224983,0.858989006196374,"PHGR1"
"ENSG00000233044.1",2.6524243508817,-2.21297561903804,0.556677818654744,-3.97532566392868,7.02830137157305e-05,0.00171047688277618,"AL049820.1"
"ENSG00000233045.1",6.54006899961768,-0.181172511953651,0.119133760253852,-1.52074870773495,0.128322910517012,0.28740360981116,"RPL15P5"
"ENSG00000233052.1",0.920250593119491,3.24161017998983,0.977808262871965,3.31517977815891,0.000915842039569467,0.0103394808488933,"AL513304.1"
"ENSG00000233056.3",47.806458961264,-0.526765077819534,0.264159439043,-1.99411794531327,0.0461391665502567,0.147893595534856,"ERVH48-1"
"ENSG00000233057.1",19.7404018841811,-0.362676064731822,0.133176251755446,-2.72327881248535,0.00646374821514646,0.0399624084172463,"EEF1A1P14"
"ENSG00000233058.2",203.321531427849,-0.0383961096501434,0.132584071175113,-0.289598209723332,0.772123636772929,0.87264871345089,"LINC00884"
"ENSG00000233061.1",2.60426840301829,-1.19387512460101,0.414079938004857,-2.88319963134028,0.00393657875953019,0.0284481260345211,"TTLL7-IT1"
"ENSG00000233064.2",4.32712897522445,-0.490952367678104,0.222931296835372,-2.20225860903083,0.0276470461601351,0.104894941060898,"AL136307.1"
"ENSG00000233070.1",2.0866167110622,-0.115356921364636,0.386128935510595,-0.298752335698681,0.765129021430013,0.868008331702369,"ZFY-AS1"
"ENSG00000233072.1",4.51177162500335,-1.11327807748834,0.262351669695189,-4.24345718394623,2.20102382887229e-05,0.000715612171236768,"RPS15AP6"
"ENSG00000233073.2",6.39202880286238,0.0612076746759424,0.192296799941156,0.318297936807437,0.750258949187541,0.858333775310155,"GRM3-AS1"
"ENSG00000233077.1",7.90895537971155,-0.237411002070211,0.165046248943767,-1.43845136493286,0.150306027515421,0.317541631707018,"LINC01271"
"ENSG00000233080.3",4.82157212218462,-0.0389893312699634,0.273786378543623,-0.142407856363647,0.886757857152554,0.939655875583474,"LINC01399"
"ENSG00000233081.1",6.45255479383132,0.129752131962317,0.164326019809145,0.789601866539558,0.429760317840994,0.616276987655458,"AL353764.1"
"ENSG00000233087.7",7.75044919268831,0.115514803707639,0.164366324363513,0.702788750402219,0.482187408937473,0.66194398011526,"RAB6D"
"ENSG00000233093.6",27.4165601308406,-0.262412020704439,0.15310604253524,-1.71392334593222,0.086542804792528,0.223025745023425,"LINC00892"
"ENSG00000233098.9",120.380200728214,0.156117481268756,0.161679691498246,0.965597347583076,0.334245703086011,0.527807252650386,"CCDC144NL-AS1"
"ENSG00000233101.10",85.7052522463943,0.38051039395475,0.170446541120237,2.23243247679827,0.0255863933479632,0.0999136680007796,"HOXB-AS3"
"ENSG00000233108.1",3.66965609232166,-0.694252606514515,0.195839657590822,-3.54500521015541,0.000392605325597356,0.00575055393977684,"GLCCI1-DT"
"ENSG00000233110.1",22.4091006448239,-0.276937520423166,0.186526636386938,-1.48470763097168,0.137621289401356,0.299896949079679,"AC093797.1"
"ENSG00000233111.1",3.82476467744229,0.0858452691064048,0.167962717776213,0.511097166341292,0.609283020044297,0.761386517015794,"RAB1C"
"ENSG00000233114.2",1.42238023365891,-2.10439759787273,0.567037737593229,-3.7112126025417,0.000206268767682138,0.00368615463362394,"AL358075.3"
"ENSG00000233117.4",103.994568783685,0.141868452461556,0.165106099356496,0.859256278323397,0.39019914013094,0.581161843237432,"LINC00702"
"ENSG00000233122.2",22.538702810946,-0.27379877505315,0.141429786425053,-1.9359343033318,0.0528757477513787,0.161607662708772,"CTAGE7P"
"ENSG00000233124.2",4.71012190203451,-0.535673532887501,0.398013092941013,-1.345869124378,0.178344727805714,0.354273927376828,"LINC00456"
"ENSG00000233125.3",1.13432737033577,-0.122407248028136,0.326171158529212,-0.375285321302168,0.707448281649852,0.830388514806672,"ACTBP12"
"ENSG00000233143.2",6.80708463711352,-0.369436223530302,0.224919835091183,-1.64252398362524,0.100481459946928,0.245061112446934,"DIRC3-AS1"
"ENSG00000233144.1",5.28854401159288,-0.201927751715237,0.194963466562685,-1.03572097519262,0.300332333941364,0.493336380526138,"AL512656.1"
"ENSG00000233148.2",1.28033192089508,-0.901897458551891,0.464740800637529,-1.94064617807318,0.0523012088484041,0.160455597695348,"SYF2P2"
"ENSG00000233154.6",4.41530198944136,-0.259433610361365,0.163255047953988,-1.58913071058289,0.112030885639494,0.262905778219192,"LINC01762"
"ENSG00000233155.1",4.36211964542522,-0.092580699520409,0.147584621814924,-0.627305869554,0.53045875666798,0.700716075939092,"HMGA1P8"
"ENSG00000233157.1",1.13476082542877,-0.782139913166693,0.542603448403942,-1.44145768971307,0.149455422278374,0.316427305177356,"Z97055.1"
"ENSG00000233163.1",2.14351146186072,-0.452820260151793,0.319575647770749,-1.41694232120161,0.156499791700762,0.326197180560537,"RPS12P17"
"ENSG00000233170.4",25.6753648834802,-0.38131418789956,0.125186785025724,-3.04596198249843,0.00231937159716104,0.0198077134811609,"AC138356.2"
"ENSG00000233175.2",24.6391143328284,0.0338973156930717,0.13826465726086,0.245162548149371,0.806330573836548,0.89332957307762,"AC008105.1"
"ENSG00000233178.7",14.4094229224496,-0.372382453438627,0.138229097622316,-2.69395127251781,0.00706104867845417,0.0424102799792225,"AL161457.2"
"ENSG00000233184.7",224.387616428692,-0.0991733831107364,0.0960533513884768,-1.03248227862077,0.301846245210685,0.494725891882013,"AC093157.1"
"ENSG00000233186.2",1.40007550073503,-0.964063387341403,0.720872662412505,-1.33735600974939,0.18110645642432,0.357964577945049,"KLF4P1"
"ENSG00000233189.1",2.70805147082883,-0.954794524249026,0.322369004545974,-2.96180622449656,0.0030584019693382,0.0239584415918063,"RPL12P29"
"ENSG00000233191.2",4.07302124939131,-0.808063527238386,0.274220360920567,-2.94676706181004,0.00321114998557694,0.0247875762740119,"AC006372.2"
"ENSG00000233198.4",33.0207427525916,-0.217876981315587,0.168431472238309,-1.29356454836018,0.195815874615526,0.375600502020781,"RNF224"
"ENSG00000233203.6",13.0441035134112,0.0568523443327156,0.111628457509758,0.509299739519787,0.610542140486695,0.76222401136074,"DHCR24-DT"
"ENSG00000233205.1",2.69151686965209,-0.172006058412939,0.181054504887932,-0.950023632493466,0.342100244653776,0.535365592708591,"WBP1P2"
"ENSG00000233214.1",3.30404018945843,-0.49100811675425,0.321897529095721,-1.52535534563933,0.127170490190754,0.285881383968847,"AC002511.2"
"ENSG00000233215.6",3.98478649429035,0.0247211426741,0.445512790549472,0.0554891872882264,0.955748743973254,0.977234818743329,"LINC01687"
"ENSG00000233217.2",26.9602816223534,0.15794183848758,0.258071772794307,0.612007414749173,0.540532851825013,0.708613964238862,"MROH3P"
"ENSG00000233221.7",29.545713152255,0.439366630695119,0.277690865723699,1.58221491927749,0.11360051563347,0.265505082957872,"AC133785.1"
"ENSG00000233223.3",170.554647609124,-0.112929865764128,0.10620058422179,-1.06336388440467,0.28761696428916,0.480101859718175,"AC016876.1"
"ENSG00000233225.3",19.2974900601746,0.00165090767206415,0.102737271136152,0.0160692186370834,0.987179170313,0.993586612282494,"SSBL3P1"
"ENSG00000233230.1",23.1923486581517,-0.103835346327346,0.0987872371777075,-1.05110082328305,0.293212286018222,0.485728079478756,"AC079807.1"
"ENSG00000233231.1",16.4180495065045,-0.230579566185519,0.169748470655854,-1.35836019785411,0.174349417417024,0.349570319425774,"HNRNPA1P49"
"ENSG00000233237.8",298.449603479283,-0.715957723047336,0.191958279293617,-3.72975693302718,0.000191664576105032,0.00347364656084095,"LINC00472"
"ENSG00000233238.1",1.94345428500233,-3.63235241843525,0.811826074903648,-4.4742987823671,7.66624812362952e-06,0.000328907730386595,"DEFA9P"
"ENSG00000233242.3",3.31366659294078,-0.542768230179674,0.233540246609083,-2.32408862309802,0.0201207446794334,0.0855202288538718,"AL512604.2"
"ENSG00000233246.1",5.32044763289475,-0.043945124082381,0.229418704840119,-0.191549874335688,0.848094809781,0.917688321074845,"PHC2-AS1"
"ENSG00000233247.3",13.8282982367047,0.175998219031794,0.117061550005654,1.50346735562013,0.132718568858479,0.29338020802107,"UBE2E4P"
"ENSG00000233250.1",6.7677164022455,-0.305784843790116,0.129557177585496,-2.36023082232033,0.0182635672643101,0.0804028887484476,"AC233728.1"
"ENSG00000233251.8",87.4081141067336,-0.361945084646443,0.172711295866968,-2.09566538673437,0.0361118844029065,0.125586222814074,"AC007743.1"
"ENSG00000233254.1",9.9771551725979,-0.133412785739865,0.130468414670304,-1.02256769254844,0.306512291487368,0.50003497258374,"RPL21P134"
"ENSG00000233264.2",25.1877668287507,-0.751708232890301,0.185783004612112,-4.04616253494101,5.20640901828777e-05,0.00136057280569745,"AC006042.2"
"ENSG00000233266.1",12.96995007977,-0.111825288040959,0.0917696658973328,-1.21854304412596,0.223017677889603,0.407685519494117,"HMGB1P31"
"ENSG00000233268.3",0.743216278346081,-1.62392082677964,0.650157145649274,-2.49773587454449,0.0124989281873097,0.0621548642479616,"AL691449.1"
"ENSG00000233270.1",12.7392230556445,-0.0279542134590903,0.128167605755742,-0.218106699382094,0.827345977706827,0.905573515987553,"SNRPEP4"
"ENSG00000233276.7",12685.4417340302,0.280718109647449,0.100217527141525,2.80108796988201,0.00509306332595621,0.0338720250321734,"GPX1"
"ENSG00000233287.1",3.25008086112514,-0.267929530248901,0.207988555219403,-1.28819362183784,0.197678571680757,0.377867180741083,"AC009362.1"
"ENSG00000233288.2",3.33999581509759,-0.241193525971121,0.41487015133578,-0.581371123457633,0.560990354985402,0.724851979762091,"AC092447.5"
"ENSG00000233293.1",2.17884836668909,-1.32200618167863,0.370983716836375,-3.56351538270266,0.000365921240886732,0.00550311719109737,"AL133343.2"
"ENSG00000233296.2",2.99389966665192,-0.978167715603154,0.220233406588754,-4.44150472334883,8.93319857221547e-06,0.000368998734571674,"TMEM18-DT"
"ENSG00000233297.4",10.477759278353,0.13593069705796,0.141485375414735,0.960740264917893,0.336682780364486,0.530060046657911,"RASA4DP"
"ENSG00000233304.7",3.90435966777269,-0.421792609238091,0.539525289195506,-0.781784686806863,0.434341121948213,0.620232860681216,"LINC01346"
"ENSG00000233306.2",6.01648563607991,-0.187998277726451,0.176066251349113,-1.06777009384768,0.285624231343954,0.478082073056857,"TRGV2"
"ENSG00000233308.2",4.7100447679727,-0.583860815316206,0.225153470853819,-2.59316817592068,0.00950962561953417,0.0518667091983681,"OSTN-AS1"
"ENSG00000233309.1",3.36730626285401,-0.0255648295692544,0.347185018492906,-0.0736345988667042,0.941301139943026,0.969314966396181,"RPS6P12"
"ENSG00000233316.4",0.828044067987454,-1.43070426309777,0.727575841287594,-1.9663988025851,0.0492525616527757,0.154156767425577,"DSCR10"
"ENSG00000233321.2",17.8002706896547,0.401856862421179,0.129589188563131,3.10100608605486,0.00192864326548486,0.0174579445997247,"LINC02669"
"ENSG00000233325.3",34.0502868084321,-0.188822912788955,0.076845242913104,-2.45718414869837,0.0140030886514224,0.0671184610526642,"MIPEPP3"
"ENSG00000233327.11",4.46689775593051,-0.24365738087266,0.245272848644888,-0.993413589065592,0.320508441924263,0.51434915439046,"USP32P2"
"ENSG00000233328.3",22.6497499520674,0.0575674510342196,0.154076550120781,0.373628894137962,0.708680433926195,0.831217110681867,"PFN1P1"
"ENSG00000233330.1",12.0257009060923,-0.163668614897407,0.100029247831159,-1.63620759373965,0.101796147693542,0.247307293137851,"AL078581.2"
"ENSG00000233332.1",5.45216176438275,0.066570022700849,0.242226970680529,0.274824981354564,0.783450704487667,0.879807275097132,"AL122008.3"
"ENSG00000233334.3",3.65350562539935,-0.93932443079792,0.260270423254036,-3.609032555655,0.00030734104203323,0.00487717126425755,"FAM53B-AS1"
"ENSG00000233337.1",16.5128881276272,-0.431451775357823,0.152567184662231,-2.82794610330534,0.00468476929943854,0.031961544628712,"UBE2FP3"
"ENSG00000233338.1",15.2065416207598,-0.389079393252178,0.282287385748485,-1.37830952743614,0.168107742878055,0.340770280299506,"TLR8-AS1"
"ENSG00000233339.1",1.69993221586301,-1.213365970161,0.546133271670293,-2.22173969816935,0.0263009020594259,0.101735323836931,"AC018878.1"
"ENSG00000233340.1",1.65012193073553,-1.41418221997494,0.607181736755307,-2.32909215539343,0.0198541841801206,0.0848685100089846,"AL139120.1"
"ENSG00000233342.2",2.12619016817549,0.311837613743592,0.54849685309708,0.568531272299567,0.569674277377134,0.731042465183353,"AL139393.2"
"ENSG00000233347.1",5.59791406093636,-0.129493757767831,0.14777389664829,-0.87629656322884,0.380868832914019,0.572265820661,"ERP29P1"
"ENSG00000233351.1",4.28141011631613,-0.521113565680385,0.220443964024633,-2.36392757672491,0.0180823470929717,0.0799595672421713,"AL356124.2"
"ENSG00000233355.7",47.8844110275021,-0.621023423981199,0.164633953055056,-3.77214670763277,0.000161849041187313,0.00308086914136605,"CHRM3-AS2"
"ENSG00000233358.2",3.10902277574813,0.0454075704690095,0.350427191124127,0.129577760000152,0.896900499825774,0.94521151806723,"AL035401.1"
"ENSG00000233359.2",0.38438804756546,1.52803658800854,1.07961207465433,1.41535707489914,0.156963828491335,0.326816556720577,"AC114485.1"
"ENSG00000233360.4",3.99836175644642,-0.410448172381615,0.18334321074088,-2.23868759973721,0.0251762499295299,0.0989860373389578,"PDXP-DT"
"ENSG00000233365.2",1.82357893087228,0.169238538237181,0.260171817125538,0.650487589728139,0.515377315518868,0.689591001564902,"AL121956.1"
"ENSG00000233367.1",1.35037058267345,-1.65596001251777,0.424767297214464,-3.89851107506914,9.67859748683797e-05,0.00215682427128043,"AL133480.1"
"ENSG00000233369.7",317.614731818778,-0.191775677126621,0.0694456610738902,-2.76152137024906,0.00575327513169918,0.0368778954485292,"GTF2IP4"
"ENSG00000233377.1",6.58510028521063,-0.164825767123028,0.302211022874,-0.545399587200857,0.585478724291578,0.74311017890223,"MTND4P20"
"ENSG00000233380.1",5.15822554174126,0.108603825002857,0.153534187798277,0.707359230932644,0.479343265653622,0.659153911172856,"RPS2P48"
"ENSG00000233381.3",2.07318239385139,0.321181591196138,0.266711347756412,1.20422919346302,0.228501005362833,0.414497748628686,"AK4P3"
"ENSG00000233382.7",64.9068019794571,-0.214651560474629,0.101340410187232,-2.11812405414629,0.0341645628731097,0.120708987767637,"NKAPP1"
"ENSG00000233384.3",13.5685097543653,1.06601978954107,0.230563121315417,4.6235485686487,3.77230363653339e-06,0.000197470605300481,"CNIH3-AS2"
"ENSG00000233388.2",1.11336255176292,-0.771351062915887,0.353282107904675,-2.18338558805253,0.0290074263758314,0.108255155961277,"AL022334.1"
"ENSG00000233392.5",22.0796439913986,-0.649899029645472,0.247693420193492,-2.62380417347294,0.00869537635998159,0.0488269801236072,"UICLM"
"ENSG00000233393.1",6.93846399523494,-0.416516063721776,0.300863027848881,-1.3844042809108,0.166234698869359,0.338354541584962,"AP000688.2"
"ENSG00000233395.2",1.86112516040943,0.31680197476933,0.276852381812286,1.14429925686581,0.252499551386913,0.442713231468985,"LINC00841"
"ENSG00000233396.8",73.0449771508281,-0.0268172267760918,0.119192760374148,-0.224990399516816,0.821986742885626,0.902697770168005,"LINC01719"
"ENSG00000233401.1",1.65594875641335,-0.00203046465592281,0.367747728349798,-0.00552135200136832,0.9955946208666,0.997902568416176,"PRKAR1AP1"
"ENSG00000233406.5",11.9547040740971,-0.0396795726514631,0.141750489446903,-0.279925471906934,0.779534684375842,0.877463502656852,"AL162430.1"
"ENSG00000233420.2",1.78167388627638,-0.279475308984229,0.312831336716065,-0.893373764655453,0.371657047384697,0.563781557186724,"AC002069.2"
"ENSG00000233421.4",18.368565563112,-0.551544332717291,0.179269356506319,-3.07662359851138,0.00209359485945072,0.018425073659977,"LINC01783"
"ENSG00000233426.3",195.926871328986,0.114578635995179,0.103243047460442,1.10979517569046,0.267087298657496,0.458725819903829,"EIF3FP3"
"ENSG00000233427.1",2.49785196061841,-0.0735309495900927,0.216765058711093,-0.339219568076678,0.734444329093248,0.848261252028343,"AL009181.1"
"ENSG00000233428.1",3.92260655634247,0.303427176172885,0.171577728811471,1.76845315691461,0.0769851766794433,0.206442082138155,"PPIAP65"
"ENSG00000233429.9",46.9323875702264,-0.257574062366333,0.159538370532661,-1.61449600811613,0.106419882009637,0.254455410208764,"HOTAIRM1"
"ENSG00000233435.2",7.94702322043575,0.344973517220902,0.178412810755835,1.93356920817201,0.0531661162047331,0.162137230906137,"AGGF1P2"
"ENSG00000233436.7",6.8566587771893,-1.47712685249878,0.225476022676293,-6.55114825499397,5.70963392291629e-11,4.22424093768116e-08,"BTBD18"
"ENSG00000233451.1",1.29908781982389,-0.427773273128081,0.359208688698912,-1.1908767426465,0.233701975985795,0.420711575997355,"AL513128.1"
"ENSG00000233452.7",47.8310393844219,0.0869257444995848,0.120907263121265,0.718945597274845,0.472174440342445,0.652855336281449,"STXBP5-AS1"
"ENSG00000233461.6",133.705554641312,0.134112388497852,0.151248677077588,0.886701233287842,0.375239774198541,0.5669294700668,"AL445524.1"
"ENSG00000233464.2",0.440933715146398,-0.927022127638467,1.37085236306665,-0.676237757335649,0.498889703785308,0.67561020298372,"NANOGP11"
"ENSG00000233469.1",6.55718179370003,-0.259151616355603,0.107388508350721,-2.41321553242211,0.0158124658381204,0.0729147403252831,"ST6GALNAC4P1"
"ENSG00000233476.3",746.28148483147,-0.0739466402650953,0.140763391515688,-0.525325792941368,0.599356729960951,0.753820543636052,"EEF1A1P6"
"ENSG00000233478.1",5.8325327524279,-0.495943007278096,0.185126037711134,-2.67894788550465,0.00738538874126869,0.0437028638830266,"AL031280.1"
"ENSG00000233483.3",29.8829710294321,0.0401634224627428,0.104307330201986,0.385048897186499,0.700201188461861,0.825050368694416,"AC008105.2"
"ENSG00000233487.6",11.6712725766163,-0.07068214833894,0.155518724931341,-0.454492848820263,0.649474137844889,0.79019669899393,"RPSAP69"
"ENSG00000233491.8",23.5223345573977,-0.772749883471819,0.381501331804632,-2.02554963521739,0.0428109571608563,0.14072918609364,"AC008163.1"
"ENSG00000233492.2",0.875306651962456,1.09921389075525,0.932476101243763,1.17881186369183,0.23847309919881,0.426051258834954,"AL133325.2"
"ENSG00000233493.4",197.815708075415,0.219554419733407,0.122931251367054,1.7859935312775,0.0741003055197901,0.201471741255237,"TMEM238"
"ENSG00000233508.3",2.33293488735315,-1.70990209782198,0.485119101809375,-3.52470577110748,0.00042395340065623,0.0060267636925909,"AL021395.1"
"ENSG00000233509.2",7.81631625305114,0.00962076130101414,0.139984126475808,0.0687275160635932,0.945206515332391,0.971618643345499,"ZNF197-AS1"
"ENSG00000233514.1",3.41919214879806,0.168322107442367,0.178991859534467,0.940389735489365,0.347017685365959,0.540806993347792,"AL356653.1"
"ENSG00000233515.2",25.8518123007258,-0.122234884591261,0.338893021738548,-0.360688703367766,0.718332170459268,0.838079371709434,"LINC01518"
"ENSG00000233517.1",2.78339363799561,-0.694590653202227,0.319632690992003,-2.17309015247006,0.0297735327307952,0.110109168052926,"AC005162.1"
"ENSG00000233521.7",9.93079419425734,0.266033869157175,0.17735070719258,1.50004402783856,0.133602998154722,0.294748168946071,"LINC01638"
"ENSG00000233527.9",118.323537652024,0.0330637692608608,0.0824282172002254,0.401121974778928,0.688330322741847,0.817390822090814,"ZNF529-AS1"
"ENSG00000233532.6",153.624356940796,0.852748934913644,0.288830410989861,2.95242087559671,0.00315292863034022,0.0244971885390705,"LINC00460"
"ENSG00000233539.5",63.1000191983909,0.440536119032978,0.23248879898758,1.89487029461798,0.0581095874906834,0.171808996330513,"AC011294.1"
"ENSG00000233542.2",6.32971158561408,0.471444546780649,0.171997145811138,2.74100215185153,0.00612521063513814,0.0384871250223734,"AL391845.2"
"ENSG00000233554.6",30.493558703034,0.212628097138965,0.0990041877033236,2.14766771054298,0.031740162219513,0.115023970912621,"B4GALT1-AS1"
"ENSG00000233559.2",64.8866943702562,-0.379997916664101,0.217629149326328,-1.74608005334022,0.0807970423136152,0.213456271206728,"LINC00513"
"ENSG00000233560.2",13.1761479958532,-0.144291857399097,0.149473546353831,-0.965333739105462,0.334377677985943,0.527928867699816,"KRT8P39"
"ENSG00000233569.2",3.13831947878988,-0.695894727373195,0.40237334937317,-1.72947519625065,0.0837240819920045,0.21822797007436,"AL161630.1"
"ENSG00000233571.1",0.866640491560594,0.661946095315707,0.614626792163421,1.07698867630831,0.281485324584011,0.47390598793302,"AL592043.1"
"ENSG00000233578.1",34.8843061363,-0.340680631451442,0.182229496501664,-1.86951420045399,0.061551309850474,0.178800083662144,"EIF4EP1"
"ENSG00000233583.1",2.32327192420982,-1.37061877326262,0.436070391546626,-3.14311358861444,0.00167160958722795,0.0157612285436364,"AL356273.1"
"ENSG00000233585.2",10.5809956207755,-0.0558473600246283,0.13410021958552,-0.416459870067644,0.677073526500851,0.81049390291629,"AC231533.2"
"ENSG00000233588.1",9.10192896321661,-0.17590624035314,0.138040512036772,-1.2743088080279,0.202553996165794,0.383406095809349,"CYP51A1P2"
"ENSG00000233589.1",3.01336457047563,0.667815280080764,0.276211780895528,2.41776537523341,0.0156161423564426,0.0722897980357403,"AL138789.1"
"ENSG00000233593.10",134.035707365325,0.128846449406033,0.119560027640742,1.07767162611566,0.281180325158972,0.473689451354495,"LINC02609"
"ENSG00000233594.2",3.46610314989634,-0.0806902164710824,0.19294822289047,-0.418196214830585,0.675803663033345,0.809494130613492,"BTF3P5"
"ENSG00000233597.3",8.79771667512204,0.0435623218924066,0.111393977625626,0.391065323466691,0.695748951545566,0.822423924864426,"AC133435.1"
"ENSG00000233602.1",5.13542322555136,-1.24621155378024,0.23139746250006,-5.38558867636638,7.2207923514327e-08,1.08779113011877e-05,"ERI3-IT1"
"ENSG00000233603.1",1.64663672633171,-0.558468989320752,0.39490876453649,-1.4141721822159,0.157311353529833,0.327212726044528,"JTBP1"
"ENSG00000233608.4",138.037791299158,0.532430568122993,0.145282233216197,3.6648016508025,0.000247530342873285,0.00420995682843829,"TWIST2"
"ENSG00000233609.3",50.5515033408964,-0.475629653212198,0.158174146631851,-3.00699996390195,0.00263839794277504,0.0216329754697512,"RPL10P19"
"ENSG00000233613.5",5.6786213267198,-0.242975949835924,0.154459300617365,-1.57307425881616,0.11570162452636,0.26849196245599,"DCUN1D2-AS"
"ENSG00000233614.6",5.19705589577663,-0.034082184754977,0.268559156505079,-0.126907550643623,0.899013570416418,0.94617542571057,"DDX11L10"
"ENSG00000233621.2",337.607336197868,0.453283060782189,0.103696266850438,4.37125727424655,1.23533128007762e-05,0.00046577445421998,"LINC01137"
"ENSG00000233622.3",214.206546893691,-0.0770996802064455,0.17358032875106,-0.44417291268654,0.656917574500964,0.795763237078322,"CYP2T1P"
"ENSG00000233623.2",2.3584482251475,-0.142288769032935,0.262422464517759,-0.542212608567685,0.587672050359793,0.744751458742666,"PGAM1P11"
"ENSG00000233633.2",1.76651119914843,-0.670205142895357,0.363340115186621,-1.84456688067906,0.0651005684953675,0.185264670376802,"AC093326.1"
"ENSG00000233635.2",3.94074573775267,-1.18604654582512,0.321724237400845,-3.6865315321189,0.000227331285611888,0.00394839227794062,"AC015923.1"
"ENSG00000233639.7",0.608401821214315,-0.619747445208684,0.442137617834663,-1.40170711608719,0.161002724778059,0.331925426715952,"PANTR1"
"ENSG00000233643.2",3.05486654328774,-0.586617913609311,0.219868389264966,-2.66804116576472,0.00762949094282274,0.0445942138271414,"LINC02625"
"ENSG00000233646.1",1.35989167747057,-1.44838789986635,0.724364809934101,-1.99952824875371,0.0455512285448057,0.146688490446161,"OR52T1P"
"ENSG00000233654.2",30.2181034933322,-0.0287996903229472,0.0973958983938045,-0.295697157661612,0.767461368031738,0.869539479014698,"AC108047.1"
"ENSG00000233656.2",2.59412578282208,-1.63921282715796,0.364333945703178,-4.49920422318655,6.82083083075684e-06,0.000301975958574983,"AL445430.1"
"ENSG00000233661.1",2.0742980545686,-0.224701922954915,0.313057110784709,-0.71776655189744,0.472901240302976,0.653499991275294,"SPIN4-AS1"
"ENSG00000233665.8",6.88259330900419,-0.43242977515933,0.180798419694499,-2.39177851161542,0.0167669572985285,0.075845254601692,"AC060234.2"
"ENSG00000233668.1",8.66597144866311,-0.678772214757492,0.172544724675771,-3.93389143616517,8.35815461713149e-05,0.00193241695602888,"AL353662.1"
"ENSG00000233670.7",1.84372414190701,0.4528251081177,0.491657187827135,0.921017976201971,0.3570410418731,0.550405857041852,"PIRT"
"ENSG00000233672.9",34.6357720773089,-0.526653003027924,0.149643573986736,-3.51938268378037,0.000432552290275027,0.00611659193317263,"RNASEH2B-AS1"
"ENSG00000233673.7",4.50524058518518,-0.0836885696756605,0.191320183796066,-0.437426768128482,0.661801874772445,0.799324136288736,"ANAPC1P1"
"ENSG00000233674.2",1.43348073930896,-0.936947688731902,0.534911877928646,-1.75159260317806,0.0798438853805738,0.211592969511697,"AL451062.1"
"ENSG00000233680.4",123.64048442519,0.228143143781511,0.213910438028964,1.06653581696944,0.286181496681172,0.478665690480094,"HNRNPA1P27"
"ENSG00000233682.3",12.9619891396841,0.306891477065359,0.186971980470778,1.64137683246781,0.100719215976621,0.245403996709268,"AL356417.2"
"ENSG00000233690.1",8.43932625878722,-0.27048054217569,0.142730010900352,-1.89505024535119,0.0580857453520146,0.171790771964522,"EBAG9P1"
"ENSG00000233693.1",1.97298034803535,-0.921698672769235,0.456089913923544,-2.02087054467015,0.0432931677751653,0.141977879702382,"PBX1-AS1"
"ENSG00000233695.2",226.745163306562,-0.497245481831511,0.179272335911648,-2.77368774888152,0.00554248483227044,0.0359349459631509,"GAS6-AS1"
"ENSG00000233705.7",53.6784370358504,-1.27518223347656,0.252791536497493,-5.04440240027265,4.54940975496297e-07,4.15865185255348e-05,"SLC26A4-AS1"
"ENSG00000233708.1",2.03959435975896,0.294976407549453,0.248749007904897,1.18583953372884,0.235685675798528,0.423049697220891,"AL512353.2"
"ENSG00000233714.1",0.753046096117377,-1.54626362555428,0.581857624031819,-2.6574604537101,0.00787318269686609,0.0455943418902005,"AC012506.3"
"ENSG00000233716.1",2.79992435853202,-1.54356477264049,0.356539442402204,-4.32929597421436,1.49586781839009e-05,0.000532071872624586,"MTFR2P1"
"ENSG00000233718.8",6.57383251191923,-1.45029632838289,0.309742689999998,-4.68226168108406,2.8372695892478e-06,0.000160648327270114,"MYCNOS"
"ENSG00000233723.9",9.97615541087772,-0.224981827952782,0.186498776225876,-1.20634479488647,0.227684572425564,0.413518444063522,"LINC01122"
"ENSG00000233725.7",11.6047423589857,-0.950079099336761,0.279914373441648,-3.39417761101439,0.000688350336021378,0.00845654898050174,"NRAD1"
"ENSG00000233729.1",1.80200041550205,-1.5248185814615,0.458844336587839,-3.32317184690717,0.000890000682617196,0.0101405861486565,"NCKAP5-AS1"
"ENSG00000233730.1",16.6570939201559,-0.679549181622475,0.298793702128888,-2.27430891876477,0.0229474193019904,0.0929274036874614,"LINC01765"
"ENSG00000233732.5",12.4822838128637,-0.125172180250516,0.229493820144836,-0.545427237088644,0.585459711872109,0.74311017890223,"IGHV3OR16-10"
"ENSG00000233746.2",6.866365868761,0.207361975570844,0.248656511002238,0.833929402190388,0.404320767623587,0.593939786290684,"LINC00656"
"ENSG00000233747.1",4.05747179776396,-0.0230937505152892,0.267241318912303,-0.086415344039174,0.931136249778687,0.963580727461203,"RPL36AP13"
"ENSG00000233750.3",5.0235407342292,0.209975344275035,0.174342141621772,1.20438662919816,0.228440177544704,0.414454486968015,"CICP27"
"ENSG00000233757.6",29.6353774585637,-0.166443394718622,0.154896246348314,-1.07454763199582,0.282577308414886,0.475071188648834,"AC092835.1"
"ENSG00000233760.2",19.8525897723945,-0.265239282195982,0.241132243445658,-1.09997434770998,0.27134329886491,0.46334118197108,"AC004947.1"
"ENSG00000233762.3",162.873028611896,0.190725427865366,0.114652490137267,1.66350881378172,0.0962106280569208,0.238737455459422,"RPS15P4"
"ENSG00000233765.1",4.51126645594614,0.407184750421599,0.226768608238111,1.79559575544975,0.0725588314376669,0.198859086141474,"CDRT15P12"
"ENSG00000233766.7",17.0111356937575,-0.583449637077563,0.208967676136718,-2.79205687627898,0.00523741491507076,0.0346176801205977,"CAVIN2-AS1"
"ENSG00000233783.8",6.67112898045831,-0.543010002841711,0.243416913202865,-2.23078173039342,0.0256955906982265,0.100151092452392,"AP001442.1"
"ENSG00000233785.1",14.9231724470269,0.0916289406126841,0.151148972128714,0.606216101388079,0.544371262138342,0.71174019911922,"AC131011.1"
"ENSG00000233791.5",13.5335773043836,0.26729148947199,0.181822732671671,1.4700663967836,0.141543772213479,0.305584385468087,"LINC01136"
"ENSG00000233797.2",6.12072267792686,0.0676909598565064,0.19414658888452,0.348659022264715,0.727345311452998,0.843363892808298,"UFL1-AS1"
"ENSG00000233799.1",10.6091975369197,-0.133174784227226,0.145513193971858,-0.915207622017985,0.360082644025998,0.553145034742333,"AC139887.1"
"ENSG00000233806.7",18.5724617897152,-0.359901215527973,0.138034806000168,-2.60732221065704,0.00912534456104342,0.0505423550941305,"LINC01237"
"ENSG00000233817.1",3.5495142172041,-0.0808516731126998,0.182155660874462,-0.443860337496847,0.657143561689476,0.795828056122527,"AL162727.1"
"ENSG00000233818.1",24.3032304103945,0.626918349389914,0.16838969931189,3.72302077830034,0.000196853314501679,0.00354644880936386,"AP000695.2"
"ENSG00000233820.2",45.7513004630842,0.00448711053988828,0.151737790093709,0.0295714768029583,0.976408813575154,0.988124046794127,"AL589843.2"
"ENSG00000233821.1",2.82628080311868,-1.06019540317593,0.412767207028475,-2.56850686082432,0.0102137690292039,0.0544771893952557,"ENOX1-AS1"
"ENSG00000233822.4",126.839419236037,0.0708348834104783,0.148740852314446,0.47623018362655,0.633910398107567,0.77886034927096,"H2BC15"
"ENSG00000233823.1",1.18587789915264,0.265489860209574,0.515708495747933,0.514806062724512,0.606688548357176,0.759692727954054,"AL356311.1"
"ENSG00000233828.5",9.41427098948973,-0.00814972491654596,0.217461090383233,-0.0374767040033859,0.970104914607565,0.98501193928747,"MIR4280HG"
"ENSG00000233829.1",1.0032367415473,-0.655542234855734,0.739608732677971,-0.886336526182094,0.375436211904994,0.567123312293692,"RPL26P15"
"ENSG00000233830.2",23.0725760603952,0.0150724805746466,0.14697302796298,0.102552698162027,0.91831798621269,0.956859060934498,"EIF4HP1"
"ENSG00000233834.6",191.358298706241,-0.0156961176481932,0.12791272927087,-0.122709582835614,0.902337075214881,0.948160214781247,"AC005083.1"
"ENSG00000233836.7",332.071549380396,-0.476148092040333,0.14174392568206,-3.35921338250755,0.000781646869063652,0.0092379727411204,"AC139769.1"
"ENSG00000233837.1",5.71371655204641,-0.271739823899758,0.155752270221002,-1.74469253972464,0.0810384026064332,0.213890244012683,"EIF3LP2"
"ENSG00000233845.1",6.34495622257956,-0.346074052345454,0.256699292506222,-1.34816909297506,0.177604002880255,0.353561950962229,"AC093732.1"
"ENSG00000233846.2",5.18042569188786,-0.243890301221421,0.178434846670891,-1.3668311194352,0.171678246152061,0.345985705153787,"SELENOTP1"
"ENSG00000233847.1",2.70007163820835,-0.843197238521428,0.262260091859853,-3.21511836795977,0.00130390743711749,0.0132373456614578,"ERCC8-AS1"
"ENSG00000233848.1",1.8614512117212,-1.54703654430304,0.576469995845885,-2.68363757949446,0.00728260043725017,0.0432191829514028,"AL513188.1"
"ENSG00000233850.1",3.75967775819288,-0.266780071328496,0.195479447635705,-1.36474741746593,0.172332450672307,0.346761917691739,"AC103563.7"
"ENSG00000233851.1",1.79425591232397,-0.719980536259803,0.664619168135222,-1.08329788061923,0.278676225723354,0.471190554095486,"LATS2-AS1"
"ENSG00000233854.2",48.0264762577464,0.167284759548471,0.45090638324483,0.370996654216003,0.710640023720734,0.83266482402106,"POU6F2-AS2"
"ENSG00000233859.2",9.17560802236269,-0.297072738790973,0.153791774967526,-1.9316555703561,0.0534020320294141,0.162559554937852,"ADH5P4"
"ENSG00000233860.2",21.4823792783489,-0.342696637760668,0.172710004736583,-1.98423153472404,0.0472300346077074,0.150154818769968,"SHROOM3-AS1"
"ENSG00000233862.7",4.01485375553328,-0.357898835405627,0.177597911765143,-2.01521984041634,0.0438816195624578,0.143199617443823,"AC016907.2"
"ENSG00000233868.1",2.49488391372502,0.0652276625801364,0.191476757161327,0.340655772257411,0.733362737764515,0.847536990710706,"LLPHP3"
"ENSG00000233871.2",29.8341393043175,-0.111095246058233,0.103722679767707,-1.07107959712415,0.284133641256442,0.476800312884289,"DLG5-AS1"
"ENSG00000233873.1",2.98317460458521,-0.0940690071234731,0.17578562151453,-0.535134821113326,0.59255663294033,0.748633423667365,"RPL7P44"
"ENSG00000233877.2",1.78620385132916,-1.43965903304104,0.586467247419503,-2.45479869400319,0.0140963502043249,0.0674005152021527,"AL606517.1"
"ENSG00000233884.2",2.49491023187466,0.365939465023032,0.377235781445209,0.970055023998784,0.3320190658549,0.52555083723231,"AL772337.2"
"ENSG00000233885.7",34.8128548514307,-0.16003668440976,0.125964887327606,-1.27048646495861,0.203911401119933,0.384941158850415,"YEATS2-AS1"
"ENSG00000233892.1",20.1046750831594,-0.323821341386184,0.13416173058532,-2.41366401561323,0.0157930180348913,0.0728452409858181,"PAIP1P1"
"ENSG00000233893.2",3.28349228359859,-0.151754258169845,0.236619040161915,-0.641344238680037,0.521299052926714,0.694196606899288,"EZR-AS1"
"ENSG00000233901.6",229.606223150718,0.172502502419787,0.113454850541656,1.5204506602955,0.128397750301319,0.287532541923846,"LINC01503"
"ENSG00000233912.1",17.2196946527028,-0.268714481884803,0.142104122227292,-1.89096894356802,0.0586284900603885,0.172858512183892,"AC026202.2"
"ENSG00000233913.7",533.399202944998,0.222046890468335,0.216572703970708,1.02527643787634,0.305232770200438,0.498549550943796,"RPL10P9"
"ENSG00000233916.1",5.19983760679415,0.192479996442793,0.156690572594771,1.22840827789033,0.219293741972128,0.403523271512633,"ZDHHC20P1"
"ENSG00000233919.1",3.12469109330727,0.849569510132367,0.37043941159996,2.29341015974246,0.0218244022647737,0.0900483113894051,"AC009743.1"
"ENSG00000233922.3",77.4998780837015,-0.217950222713023,0.199741933750199,-1.09115907021104,0.275202894362282,0.467858225883862,"LINC01694"
"ENSG00000233926.1",2.61106364480344,0.00460786142328268,0.198352227615187,0.0232307016597875,0.981466248828377,0.990721861906223,"AL591368.1"
"ENSG00000233927.5",8644.09693883761,0.0492068882760393,0.0904656873668705,0.5439287503171,0.586490503732203,0.743763697130089,"RPS28"
"ENSG00000233928.6",11.3120385877824,0.141720023676185,0.374622427293695,0.378300959448646,0.705207032757102,0.828485752552391,"AL591501.1"
"ENSG00000233929.1",4.40081702440987,0.178579331637677,0.156580235607855,1.14049727249688,0.254079188375069,0.444581826802501,"MT1XP1"
"ENSG00000233930.4",58.6398712530705,-0.129927955562299,0.152005347761665,-0.85475910864674,0.392684520138482,0.583336677325752,"KRTAP5-AS1"
"ENSG00000233936.1",7.39270396229453,-1.81045332232698,0.311957245833274,-5.80353028021852,6.49330198789907e-09,1.75733985738191e-06,"AL390778.2"
"ENSG00000233937.7",44.7748848526091,0.0349912406247346,0.0899529925435706,0.388994736420646,0.697280040087819,0.8232399863344,"CTC-338M12.4"
"ENSG00000233942.1",6.38403037683646,-0.206705224684903,0.190111331349585,-1.0872851355967,0.276910815728779,0.469560511916752,"AC004012.1"
"ENSG00000233953.1",1.93157503292752,-0.938003734262961,0.272374975256583,-3.44379557402196,0.000573609229126599,0.00739555080116364,"AC009970.1"
"ENSG00000233954.6",97.6941225299575,0.0416553114659843,0.0924646948713495,0.450499636904024,0.652350215937505,0.792381209550398,"UQCRHL"
"ENSG00000233966.1",19.7817772719133,0.464201691622612,0.16636640132639,2.79023701854262,0.00526694685991606,0.0347576733017216,"UBE2SP1"
"ENSG00000233967.7",44.6499251715053,-0.478701303272699,0.136651296664845,-3.50308643207958,0.000459900206641597,0.00639309293516438,"AL359715.1"
"ENSG00000233968.7",36.2412870381682,-0.300943912970021,0.159369396888446,-1.88834192037931,0.0589800629923445,0.173572282966863,"AL157895.1"
"ENSG00000233974.3",6.44953043626053,-1.18396966364749,0.257152525409909,-4.60415335902382,4.14147203943493e-06,0.000211151651774743,"AC138951.1"
"ENSG00000233979.1",1.10623449331709,-1.30722940735409,0.674321655204708,-1.93858434956719,0.0525519707633969,0.161017187799169,"RPL22P21"
"ENSG00000233980.1",2.84626318673179,0.15971184398614,0.26917813772685,0.59333140995354,0.552959381989561,0.718086332204325,"FDPSP2"
"ENSG00000233985.2",2.34961221805787,0.277536792509447,0.443201994177456,0.626208356811505,0.531178286604442,0.701043316257896,"LINC01681"
"ENSG00000233990.1",2.25028955078773,0.00540955306044267,0.305370534687785,0.017714718500832,0.985866438824837,0.993063454571974,"AL353754.1"
"ENSG00000233993.1",1.84015235435973,-1.98477992077675,0.67644623360199,-2.93412812753506,0.00334486099985421,0.0255162895951839,"DTD1-AS1"
"ENSG00000233994.2",4.76841590492436,-0.157935172556004,0.193535842065429,-0.816051284715574,0.414470804492573,0.603392306551664,"GDI2P2"
"ENSG00000233997.5",0.3887706928911,0.144671247298594,0.702046758578526,0.206070671975637,0.836735707467348,0.911088497799268,"LINC01425"
"ENSG00000233998.1",4.55067823376182,-1.46819441204521,0.252675672495785,-5.81058871850715,6.22535310750873e-09,1.74168639502763e-06,"SETP5"
"ENSG00000233999.3",75.5631522053963,0.195372954047964,0.213822983163537,0.913713536110092,0.360867389495686,0.553988569081995,"IGKV3OR2-268"
"ENSG00000234003.1",3.2656557948723,-0.0736989377539273,0.243590568932051,-0.302552508814433,0.762230911480435,0.866078077059422,"MTATP6P27"
"ENSG00000234004.4",2.03891547171113,0.114542614952739,0.201783493536866,0.567651064737918,0.570271925754196,0.731499257335174,"AC092017.1"
"ENSG00000234009.1",33.2767689687511,-0.0323151617899784,0.113726687011694,-0.284147570276583,0.776297292877223,0.875308511824996,"RPL5P34"
"ENSG00000234017.1",8.50766912462826,-0.203613264726444,0.179035100658196,-1.13728125924967,0.255420726574822,0.445980021124099,"AC022018.1"
"ENSG00000234020.1",3.35029097404993,0.0162738215265909,0.27138229752707,0.0599664078124611,0.952182389205101,0.974862659045875,"CHIAP3"
"ENSG00000234026.1",2.92473915287726,-0.194963275500743,0.253188534005751,-0.770032009017893,0.441280905505652,0.626408339915374,"AL157834.2"
"ENSG00000234028.3",85.4672264811381,-0.0317253174538956,0.0855448697196596,-0.370861719210785,0.710740528736624,0.832705048328291,"EIF2AK3-DT"
"ENSG00000234031.1",7.78755984367487,-0.0695002432569891,0.16400809652052,-0.423761050408225,0.67174008644198,0.806499916982071,"RPS3AP44"
"ENSG00000234036.4",5.86195894654138,-0.249447368736414,0.224257807472974,-1.11232412172083,0.265998816112755,0.457621878092288,"TXNP6"
"ENSG00000234040.3",7.67170660318597,-0.703994240271027,0.22948118577166,-3.06776452241065,0.00215666489786441,0.0188061405040858,"RPL10P12"
"ENSG00000234041.1",1.1087636155151,-0.9233268722117,0.473209774293807,-1.95119991675917,0.0510332688926935,0.157830991290705,"AL512326.5"
"ENSG00000234042.1",4.37614751576655,0.165032423434583,0.245497784594919,0.672235896983318,0.501433531637303,0.677883078279966,"AL591438.2"
"ENSG00000234043.3",8.12791766248219,0.254795215867385,0.153000002278304,1.66532818348537,0.0958472986697012,0.238216839803338,"NUDT9P1"
"ENSG00000234060.1",1.55384630323878,-2.19691224409007,1.21233515722077,-1.81213275141374,0.0699656868707695,0.193936192905547,"EDDM3CP"
"ENSG00000234062.8",112.128624999093,-0.327785473362028,0.111077511812507,-2.95096161242171,0.00316786285661774,0.0245807384935518,"AL390879.1"
"ENSG00000234065.2",3.1168674348435,-0.18591930655471,0.228481840853701,-0.813715899084318,0.415807723832152,0.604598268312174,"MTND4P26"
"ENSG00000234068.7",30.785492855728,-0.581284379492054,0.644779054490402,-0.901524910655589,0.367309295155111,0.55986910481915,"PAGE2"
"ENSG00000234072.1",246.174729902324,-0.0981171922048963,0.0931764664334348,-1.05302546834604,0.292329319678683,0.484904590706113,"AC074117.1"
"ENSG00000234073.1",2.7606854444743,-0.596830042379055,0.358786380662835,-1.66346905720459,0.0962185797607025,0.238739393052099,"AC011816.1"
"ENSG00000234076.1",15.0508908304434,0.0499820392656872,0.135460455682417,0.368978821264774,0.71214351087124,0.833784959632397,"TPRG1-AS1"
"ENSG00000234080.3",3.75355473271952,0.180035486217164,0.17621637119233,1.02167287295155,0.306935754360238,0.500574289850093,"AL596275.1"
"ENSG00000234084.1",24.5834551532306,-0.413629438997157,0.167058186821406,-2.47596030381528,0.0132878351335341,0.0649334940702704,"AL049552.1"
"ENSG00000234091.1",1.99584021656952,-0.660102548741322,0.372584995016707,-1.77168312618634,0.0764471722116737,0.205503084735022,"AL157392.2"
"ENSG00000234093.3",8.78771820913189,-0.124061882351662,0.140130918644698,-0.885328402550627,0.375979535538294,0.567634984431181,"RPS15AP11"
"ENSG00000234106.3",10.8858777918461,-0.167494981085696,0.143587262156795,-1.16650306280507,0.243411110986724,0.432115075081636,"SRP14P2"
"ENSG00000234107.1",2.4815448438972,-0.0612440577812104,0.223127560756239,-0.274480021982215,0.783715754436192,0.880021268725906,"TPT1P1"
"ENSG00000234111.6",3.02464915011601,-0.877343798678467,0.370386376521732,-2.36872588813209,0.0178494768730617,0.0792138940995527,"LINC02433"
"ENSG00000234118.1",13.093287873325,-0.114370266363012,0.145775620073474,-0.784563744646513,0.43270939397347,0.618663310725704,"RPL13AP6"
"ENSG00000234127.9",3122.76628562828,0.0130581637449567,0.0545369128500037,0.239437163978668,0.810766615239428,0.89602831273581,"TRIM26"
"ENSG00000234129.8",18.7170540307937,-0.231117264965147,0.130806067798591,-1.76686960211212,0.0772500688837085,0.206859691413601,"AC073529.1"
"ENSG00000234130.2",7.02886493800397,0.167308443825935,0.161754773387852,1.0343338890208,0.300980099155642,0.493914158181624,"AP2B1P1"
"ENSG00000234134.1",5.79528852946981,-0.160664777878169,0.151726649497566,-1.05890941644201,0.289641035401013,0.482026113092732,"AL158835.2"
"ENSG00000234136.1",1.97592817898619,-0.712087104496265,0.449434300495366,-1.58440756237653,0.113101002097787,0.26463361183791,"AC055764.1"
"ENSG00000234139.4",3.68576515214772,0.0530236421528152,0.197360713619174,0.268663611822611,0.788188556070917,0.882649229642417,"AL035420.1"
"ENSG00000234141.1",10.8072887860104,-0.448539990777498,0.159071550763075,-2.81973733597131,0.00480629736743721,0.032516979933771,"AC006042.3"
"ENSG00000234147.1",20.7214122878191,0.259598870916524,0.16566029624666,1.56705545503791,0.117101729987214,0.270470656454917,"AL035446.1"
"ENSG00000234149.1",1.1647237763468,-0.47917415130064,0.631124986559093,-0.75923812478588,0.447710123658907,0.632183100643651,"AC018511.2"
"ENSG00000234155.1",24.6825681370278,0.118757683316634,0.208611282120161,0.569277376130737,0.569167917649436,0.730582601187164,"LINC02535"
"ENSG00000234156.3",27.2428371348728,-0.095730102694133,0.228707880837948,-0.418569322331149,0.67553091370684,0.809387508908547,"AL359636.2"
"ENSG00000234159.1",2.05733237939002,-1.09658635458909,0.46442370167069,-2.36117655202416,0.0182170555281476,0.0803118291756593,"RBPMSLP"
"ENSG00000234160.1",43.7926272779114,-0.0283018796582303,0.0939167481758396,-0.301350719737878,0.763147068553027,0.866675377041068,"AL513165.1"
"ENSG00000234162.3",1.69158221650032,-1.52288314813104,0.525580858556525,-2.89752399338429,0.0037612096722209,0.0275637142014639,"AC009505.1"
"ENSG00000234167.1",0.954545560632832,0.323144527693031,0.737254126331568,0.438308198152698,0.66116288383565,0.798812254161711,"ELOBP4"
"ENSG00000234171.3",245.048771811374,0.0577368025655433,0.0900945379049906,0.640846869389905,0.521622178065657,0.694376936199117,"RNASEH1-AS1"
"ENSG00000234174.1",2.442748282906,-0.610470946792182,0.255554020749323,-2.38881370366309,0.0169028710046285,0.076263353348299,"AC016683.1"
"ENSG00000234175.1",10.29117465314,0.00305813123180584,0.107405648533027,0.0284727225576546,0.977285123451678,0.988638222596096,"AL355355.2"
"ENSG00000234176.1",25.337761672101,0.0834821542295209,0.148312427417473,0.562880371410371,0.573516347001348,0.73393602939406,"HSPA8P1"
"ENSG00000234184.6",20.4932771074543,-0.36120909512696,0.201802490449844,-1.78991396152633,0.0734677440263748,0.200390424831097,"LINC01781"
"ENSG00000234185.2",5.54932841373982,-1.09496652488892,0.216704156826525,-5.05281735673145,4.35340158331659e-07,4.08275489896787e-05,"AC068533.3"
"ENSG00000234193.1",5.68111032206014,0.0877961254517377,0.193909362366993,0.452768883255748,0.650715172294698,0.791186189146424,"ACSL3-AS1"
"ENSG00000234197.1",8.17775475641645,-0.424009602835552,0.204638351819363,-2.07199480970132,0.0382659252358406,0.130598405830532,"ETV5-AS1"
"ENSG00000234199.3",7.77931642992286,0.135789945655651,0.180336244078942,0.752981999537535,0.45146073090587,0.635036007586169,"LINC01191"
"ENSG00000234206.5",2.5962453334758,-0.995964951846653,0.342605097967838,-2.90703482742732,0.00364872571707617,0.0270166561368193,"AL121957.1"
"ENSG00000234210.1",2.04792093823354,-1.16178795812455,0.319585540301275,-3.63529575533775,0.0002776619050258,0.00451597352419344,"AC006372.3"
"ENSG00000234215.3",4.60056427817875,0.280857887288685,0.216553528109744,1.29694440788031,0.194650315342027,0.374248842035233,"CT66"
"ENSG00000234219.1",4.43113408226646,-0.0943327147589429,0.186578094870609,-0.505593729126466,0.613141884699961,0.764552948041142,"CDCA4P4"
"ENSG00000234222.6",20.2045608980652,-0.126288277643179,0.120946997914888,-1.04416215218545,0.296410374390528,0.489115314957566,"LIX1L-AS1"
"ENSG00000234224.3",19.8887215549972,-0.704997249664768,0.394966467134682,-1.78495469445604,0.0742686658941029,0.201633784054717,"TMEM229A"
"ENSG00000234232.7",4.47217540264423,-0.358614009491828,0.199454353928939,-1.79797533835533,0.0721809159761245,0.198179056209229,"AC243772.3"
"ENSG00000234235.1",7.47458040089019,-0.144002787079855,0.195736431964551,-0.735697415317832,0.461914862985948,0.644244753416522,"BOK-AS1"
"ENSG00000234241.1",5.90926531446129,-0.0145246287026514,0.182591933938138,-0.0795469350117748,0.936597601118679,0.966798249280507,"AL109618.1"
"ENSG00000234255.9",1.97498974382882,-0.285716424197237,0.262017248489059,-1.09044891450788,0.275515444914343,0.467972843606613,"AC012370.2"
"ENSG00000234257.1",0.715617324701958,-2.02868489298345,1.19449286019126,-1.69836502217236,0.0894388894812706,0.227741842402038,"SOD2P1"
"ENSG00000234261.4",7.7546849722835,0.16932292990072,0.214126956486302,0.790759522664544,0.429084334441094,0.615853649609933,"AL138720.1"
"ENSG00000234263.2",11.9826131709003,-0.604279184449955,0.171973304284108,-3.51379644047345,0.000441751197107048,0.00621607041643489,"MAP3K5-AS1"
"ENSG00000234268.1",15.3389934182623,-0.12103513034992,0.157787933097727,-0.767074693062595,0.443037107389467,0.628005604365344,"AP000936.3"
"ENSG00000234271.1",2.45073493084598,0.0105714904600174,0.313118063858964,0.0337619948518173,0.973066942370715,0.986669845658409,"Z98752.2"
"ENSG00000234272.1",3.20116978279429,-0.628037990746659,0.312952014509417,-2.00681881447918,0.0447689587825684,0.145116633701494,"RPL30P2"
"ENSG00000234274.1",1.10943292519945,-1.60302972124046,0.532119597324074,-3.01253652243178,0.00259074259357423,0.0213881805597484,"COX7BP2"
"ENSG00000234279.2",5.52027219005949,-0.271724978597348,0.26420217315974,-1.02847366979476,0.303727070221405,0.496952297468117,"LINC01937"
"ENSG00000234281.5",56.7429770048398,-0.0688300044586355,0.22377333588469,-0.307588051929938,0.758395812901524,0.863606792726013,"LANCL1-AS1"
"ENSG00000234283.1",1.63956633026106,0.46079824308135,0.34857980203119,1.32193041707023,0.186191322621564,0.36425837507106,"LINC01731"
"ENSG00000234284.7",139.279486510506,-0.301363011887506,0.109143872959033,-2.76115372963374,0.00575975578954411,0.036898123821684,"ZNF879"
"ENSG00000234285.1",3.58819357033494,-0.752476824697719,0.405290111471358,-1.85663751322711,0.0633627430944829,0.182076282223772,"GAPDHP49"
"ENSG00000234286.1",10.7114891922121,-0.0413123938134531,0.1543556215675,-0.267644245113464,0.788973170310589,0.883017613929563,"AC006026.3"
"ENSG00000234287.1",31.0278903594992,-0.103095614184823,0.148136054495743,-0.695952207825176,0.486458760283151,0.665320403385877,"AC099560.2"
"ENSG00000234289.6",1.10272058311073,0.437146268205382,0.325131573846109,1.3445211212009,0.178779931157764,0.354785336387926,"H2BS1"
"ENSG00000234290.2",121.144276080517,-0.270391198188539,0.138079565584153,-1.95822746866732,0.0502033272975206,0.156105293332993,"AC116366.1"
"ENSG00000234293.1",1.23071050128925,-1.17070574163491,0.642982729260313,-1.82074212628026,0.0686460653423908,0.191727238604629,"BACH1-IT3"
"ENSG00000234303.3",1.29532965615976,-0.267426067532204,0.659677882998751,-0.405388863905129,0.685191695358284,0.815833631895809,"CLYBL-AS1"
"ENSG00000234308.3",2.14010406340754,-0.854294683830394,0.61623258009966,-1.38631859369109,0.165649641676821,0.337653608507418,"LINC01878"
"ENSG00000234311.1",6.25692722744354,-0.362968983360732,0.188591857149447,-1.92462701649468,0.0542760370077825,0.164288762623884,"AL451069.3"
"ENSG00000234322.1",5.46894794075912,-0.114585948529184,0.171570350428229,-0.667865678674579,0.504219337371987,0.68029560703216,"ST13P18"
"ENSG00000234323.8",4.72253147198326,-0.261720662756769,0.231656368797783,-1.12977969962583,0.258569064246304,0.449555582847784,"LINC01505"
"ENSG00000234324.1",7.81533187836779,-0.214826009038776,0.158706750441837,-1.35360347584903,0.17586291740831,0.351314299128456,"RPL9P2"
"ENSG00000234325.1",1.29159901311763,-1.09418361142756,0.83186120478239,-1.3153439601908,0.188394330222363,0.3666459599049,"MRPS10P2"
"ENSG00000234327.8",37.9969599587821,-0.0393335183306805,0.112270767428033,-0.35034514532818,0.726079688393124,0.84260945546083,"ZNF232-AS1"
"ENSG00000234329.1",18.144623000275,-0.223866975917513,0.141358397058092,-1.58368360547774,0.113265737461968,0.264907354922465,"AL604028.2"
"ENSG00000234332.1",7.77478879150459,-1.09798233634433,0.2143493272256,-5.12239693287546,3.01675999550546e-07,3.13865595407385e-05,"BCAS2P2"
"ENSG00000234335.1",11.1113101428262,-0.155390322701279,0.135646665476775,-1.14555210152131,0.251980525774545,0.442262407578973,"RPS4XP11"
"ENSG00000234336.7",3.07398325981136,-0.377111565308469,0.191666719381384,-1.9675380604709,0.0491212125416037,0.15386137257951,"JAZF1-AS1"
"ENSG00000234337.4",9.44600193111979,0.0521138588348881,0.159801539623501,0.326116124773706,0.744336497560139,0.854523965974817,"AC026462.1"
"ENSG00000234338.1",36.1441647128486,-0.365578757171344,0.169512145663988,-2.15665229024949,0.031032766978132,0.113299036188502,"AC073349.2"
"ENSG00000234350.5",79.735553564579,-0.319281715079438,0.163089917576359,-1.95770357741428,0.0502648052316302,0.156214595108951,"AC007405.1"
"ENSG00000234352.9",6.74898976566635,-0.254013841202782,0.437772503541735,-0.580241653250763,0.561751667959382,0.725461531472913,"AC009264.1"
"ENSG00000234353.2",17.7449592948186,-0.177085734911998,0.157174933477619,-1.12667924200022,0.259878122003394,0.450913191362258,"AP000346.2"
"ENSG00000234354.3",5.41138857461818,0.0832756584608484,0.15837081611021,0.525827046334704,0.599008380873555,0.75358169681164,"RPS26P47"
"ENSG00000234358.1",2.47333942344688,-0.330301550602741,0.370255010267689,-0.892092048569274,0.372343596497491,0.564397894654479,"AC003080.1"
"ENSG00000234361.1",1.97270673851801,-1.62474632515936,0.651577276866656,-2.49355891134285,0.012646959562796,0.06266635283884,"AL391863.2"
"ENSG00000234362.6",21.2483672345017,0.0672138790354579,0.166059686107494,0.404757353280487,0.685655879480165,0.816050051781632,"LINC01914"
"ENSG00000234369.1",6.3670633946898,-0.329170813743105,0.222784709875998,-1.4775287492859,0.139533957697732,0.302638700562253,"TATDN1P1"
"ENSG00000234373.1",6.84646820707787,0.443707336584228,0.295929539293774,1.49936818623487,0.133778142103789,0.294997727186478,"SNX18P7"
"ENSG00000234378.1",3.02478951337551,0.236253385365348,0.329253269641637,0.717543019762534,0.473039101813534,0.653528684956715,"AC098828.1"
"ENSG00000234380.2",253.267720937302,-0.150845492990204,0.15285618872271,-0.986845833660334,0.323718221672317,0.517206581924199,"LINC01426"
"ENSG00000234383.1",12.0128620420497,-0.118891298550256,0.156653650251395,-0.758943684743138,0.447886245236323,0.632270893938811,"CTBP2P8"
"ENSG00000234389.1",9.23189801188892,-0.297703026392774,0.200752998745067,-1.48293190265527,0.138092504272458,0.300337500865468,"AC007278.1"
"ENSG00000234390.4",75.4061271685265,-0.00602699378252793,0.0840249167067226,-0.0717286492953551,0.942817856039118,0.969971103523078,"USP27X-AS1"
"ENSG00000234393.1",8.98767144488472,-0.479236649056666,0.166904797957809,-2.87131739123408,0.00408764876342291,0.0292164212710689,"AL592546.2"
"ENSG00000234402.1",1.22654725428226,-0.493762656430075,0.490869117903982,-1.00589472513253,0.314466213938522,0.508596130315066,"ELK2BP"
"ENSG00000234405.2",26.5877488622181,-0.0500337041758936,0.141554134821507,-0.353459856463987,0.723743718859497,0.841268055023714,"Z69733.1"
"ENSG00000234409.7",26.2413401732651,-0.211861763761087,0.149891753084064,-1.41343175593035,0.157528813926177,0.327501361436507,"CCDC188"
"ENSG00000234418.2",9.60572688565576,-0.740211479504118,0.208945004799231,-3.54261390558422,0.000396182283358747,0.00578289711520896,"AC015983.2"
"ENSG00000234420.7",614.2937288565,-0.286676660740298,0.100232543903876,-2.86011558297099,0.00423486630382389,0.0299090801555385,"ZNF37BP"
"ENSG00000234425.1",2.44818467572906,-0.493085092328729,0.222272905755645,-2.21837695715734,0.0265291409182671,0.102281470707427,"AL138930.1"
"ENSG00000234426.3",3.94833265093963,-1.39646388349718,0.323968207501463,-4.31049668196493,1.62888273137961e-05,0.000566670770907223,"AL139042.1"
"ENSG00000234427.1",5.17183306180589,-0.0379305707904872,0.217004287324045,-0.174791803693016,0.861243228897807,0.9255897487134,"AL022724.2"
"ENSG00000234428.2",5.81901840630421,-1.32086104870822,0.25690243870655,-5.14148894560316,2.72569692814899e-07,2.9409806037544e-05,"AC023051.1"
"ENSG00000234432.4",86.3572857496179,-0.302918760782077,0.13637691154601,-2.22118801011181,0.0263382299447453,0.101839936405531,"AC092171.3"
"ENSG00000234442.4",0.179125087556483,-0.301505524292105,1.16183756437218,-0.259507467771562,0.795243720886914,0.887279467673638,"BX276092.5"
"ENSG00000234444.10",788.538943221363,-0.217444467800671,0.101165945519874,-2.14938403119017,0.0316039702402961,0.114648768451229,"ZNF736"
"ENSG00000234445.1",0.68382559077485,-1.47009022766805,0.667125225232088,-2.20361960853244,0.0275511070977896,0.104662141557132,"FGF14-AS1"
"ENSG00000234446.3",5.30411222432886,0.33760595566499,0.274253993973624,1.230997407817,0.218323833787342,0.402256130136512,"AC068489.1"
"ENSG00000234450.1",7.56931252318588,-0.4024942135034,0.186715614761406,-2.15565374121348,0.0311107128119052,0.113528915235029,"AC005534.1"
"ENSG00000234456.8",794.116305212399,0.000257469920493823,0.131374872746674,0.001959810998183,0.998436298063451,0.999192560067343,"MAGI2-AS3"
"ENSG00000234459.1",7.40442575138219,-0.58510596030512,0.226158328683199,-2.58715194665562,0.00967729074002781,0.0524647517680746,"AC002064.2"
"ENSG00000234460.2",3.19027333553092,-0.348285523409718,0.330882224886591,-1.05259665589196,0.292525890491167,0.485043420355718,"AL772337.3"
"ENSG00000234465.11",107.511631886096,-0.12007942924999,0.123312132719977,-0.973784384401751,0.330163608153771,0.523859172008937,"PINLYP"
"ENSG00000234473.1",4.08894114192659,-0.146600647620688,0.291753749485697,-0.502480766328163,0.615329378518795,0.765852166425263,"ZNF101P2"
"ENSG00000234476.3",3.51449064753989,0.333220258160213,0.254717098030575,1.30819745017751,0.190806346716311,0.369615330605168,"LINC02765"
"ENSG00000234477.1",3.05598526820536,-0.666690425014026,0.249715902460291,-2.66979562953561,0.00758974271442137,0.0444242799211025,"AC004231.1"
"ENSG00000234478.1",24.7048248616832,-0.637284339476381,0.152754709170442,-4.17194561750177,3.02009726882091e-05,0.000896950030070066,"ACBD3-AS1"
"ENSG00000234488.1",1.7667364652567,-0.358972663179228,0.239846160432134,-1.49667879832832,0.134476855566245,0.29591129890066,"RPL27P6"
"ENSG00000234492.4",13.0360036567914,-0.147421401845676,0.139346271287314,-1.05795010145418,0.29007819194277,0.482400537675998,"RPL34-DT"
"ENSG00000234493.4",4.57896094408487,0.0324716311952993,0.324091775254923,0.100192703655493,0.920191338507038,0.957911645078945,"RHOXF1P1"
"ENSG00000234494.7",106.140287797445,-0.0137439783008229,0.0972668332807922,-0.141301796688975,0.887631530304362,0.940245978024563,"SP2-AS1"
"ENSG00000234497.5",1.37954806873613,-1.58674755295193,0.504110771233931,-3.14761684037814,0.00164607305598855,0.0155997307586242,"ERICH3-AS1"
"ENSG00000234498.3",116.337279570202,0.243585207913364,0.0958410250386617,2.54155470285406,0.0110360675205358,0.0573651515942543,"RPL13AP20"
"ENSG00000234500.1",31.5720226965244,-0.19740186112952,0.135345078750027,-1.45850785970657,0.144700610309501,0.310067414496635,"AC008267.3"
"ENSG00000234504.2",2.46167979898984,-0.370421013849076,0.274518500475173,-1.34934808840899,0.177225186404674,0.353040036556622,"AL353801.2"
"ENSG00000234506.5",6.68132243382814,0.0796474422395609,0.184972688181541,0.430590283476829,0.666766307448109,0.803289939188877,"LINC01506"
"ENSG00000234509.1",4.75504340744879,-0.0228425601878975,0.170459681516927,-0.134005648635623,0.893398107760012,0.943741574440907,"AP000253.1"
"ENSG00000234511.10",23.6698822550887,-0.18856584382931,0.172508217086304,-1.09308325721651,0.274357246375566,0.466934659215915,"C5orf58"
"ENSG00000234513.1",4.96492215086613,0.026803164449505,0.159215165819311,0.16834554868927,0.866311442476554,0.928693690619359,"AC073072.1"
"ENSG00000234518.2",161.108767040005,0.0841573663757725,0.0711701064147253,1.1824819522591,0.237014522491352,0.424539974030483,"PTGES3P1"
"ENSG00000234523.1",2.71332906984513,-0.329733598041545,0.240449597493558,-1.37132106469997,0.17027489196356,0.343906938737127,"NDUFB1P2"
"ENSG00000234537.1",2.22584611853775,0.10533594775105,0.267576227316803,0.393667063802102,0.693826861086218,0.821113951590483,"AL354751.1"
"ENSG00000234545.8",396.499294541993,-0.127520938991644,0.0540145914666961,-2.36086093644288,0.018232566208926,0.0803118291756593,"FAM133B"
"ENSG00000234546.4",49.8348253661474,-0.0936082593594801,0.110124452284863,-0.850022473822076,0.395312591598986,0.585981394127561,"LNCTAM34A"
"ENSG00000234557.2",2.96222102560636,-0.287135810614487,0.257964946603909,-1.11308072819432,0.265673759754284,0.457293155713544,"PPIAP90"
"ENSG00000234558.1",3.92921417712857,-0.272353044293895,0.190937588031392,-1.42639826501379,0.153753414232041,0.322349648616331,"API5P1"
"ENSG00000234562.1",2.10441246850434,-1.18390597013465,0.512978249668822,-2.30790675998247,0.0210043230016226,0.0878624105657771,"TPMTP2"
"ENSG00000234567.1",1.77855627427863,0.132911923508915,0.390424709028115,0.340429077452021,0.733533424294653,0.847675400730367,"AL024497.2"
"ENSG00000234571.2",6.24100468642831,-0.42754836470388,0.172300886911253,-2.48140547833683,0.0130865413095646,0.0641759051140572,"H2BP2"
"ENSG00000234575.2",2.36035644837173,-0.00996420500545207,0.34550132483078,-0.0288398460131299,0.976992321562886,0.988392396055583,"CTSLP8"
"ENSG00000234584.1",7.68592990613573,-0.0843980329399266,0.143549361527195,-0.587937362047672,0.556574337233895,0.721265400705619,"AC019186.1"
"ENSG00000234585.6",215.761034648185,-0.336425589715715,0.101384963992137,-3.31829865562519,0.00090567590949572,0.0102632733129693,"CCT6P3"
"ENSG00000234589.4",9.24131706200108,-0.0958150171592602,0.139613826724563,-0.686286017704315,0.492532764385425,0.670314079413153,"AC125807.1"
"ENSG00000234593.3",4.92532015160614,-1.01751168418546,0.314657551514782,-3.23371131341706,0.00122192902276989,0.012653711650102,"KAZN-AS1"
"ENSG00000234602.9",96.1986100314933,-0.0018966302367116,0.187422301381135,-0.0101195547314014,0.991925901323052,0.996174746847708,"MCIDAS"
"ENSG00000234604.2",6.7584027069341,-0.425548407021527,0.217229725327694,-1.95897870965671,0.0501152801731612,0.155962611965326,"AL021068.1"
"ENSG00000234607.2",1.70211122528839,-1.21461887505601,0.435182436466243,-2.7910567460372,0.00525362607237706,0.0346903952454679,"AL355994.4"
"ENSG00000234608.8",690.586962398965,0.0230683196349019,0.0678492237516937,0.339993862263252,0.733861150104717,0.847860481355516,"MAPKAPK5-AS1"
"ENSG00000234614.1",204.574307953642,0.226929645098127,0.140206687116415,1.61853653178258,0.10554702050334,0.253113660852675,"C2CD4D-AS1"
"ENSG00000234616.9",831.171334239499,-0.0614250403392936,0.0839420550058042,-0.731755260638381,0.464317960715396,0.646205913640067,"JRK"
"ENSG00000234617.2",15.1097563985759,-0.233544312933011,0.151133137881961,-1.54528858598447,0.122276475072897,0.278160512094919,"SNRK-AS1"
"ENSG00000234618.1",27.3489557851934,0.0789410997237432,0.0921096829065527,0.8570336715178,0.391426276055889,0.582330159803467,"RPSAP9"
"ENSG00000234619.1",3.71139478417263,-0.561680989976284,0.315996630692608,-1.77749043951886,0.0754875824475833,0.203845508180364,"RPL7P11"
"ENSG00000234626.2",1.71164853094613,-0.786301389941161,0.424618925765623,-1.85178130843648,0.0640572327574822,0.183344594307285,"AL021937.3"
"ENSG00000234630.1",11.5919282432945,-0.212759691260684,0.142660633560431,-1.49136931437052,0.135864559869745,0.297705586744198,"AC245060.2"
"ENSG00000234632.1",1.84047198104791,-0.976503727461274,0.41935116561668,-2.3286062077001,0.0198799369046094,0.0849522191458297,"NECAP1P2"
"ENSG00000234636.2",14.9078323770782,0.157057796288915,0.103197718230114,1.52191152074411,0.128031252068847,0.287059362591968,"MED14OS"
"ENSG00000234645.3",8.96367873363597,-0.0328603696704111,0.114095943903417,-0.288006466717412,0.773341788584132,0.873280941965669,"YWHAEP5"
"ENSG00000234647.2",6.39988574880255,-1.14392443833934,0.402026770393411,-2.84539369659372,0.00443565621135433,0.0308588998345991,"AL606970.3"
"ENSG00000234648.1",64.2914789723977,0.00405426281557543,0.165729520200537,0.0244631301090456,0.980483192818243,0.990419215950052,"AL162151.2"
"ENSG00000234650.6",4.33382242466098,-1.1049544889736,0.264338976024299,-4.18006646462923,2.91423906160694e-05,0.000873301179820699,"PCCA-AS1"
"ENSG00000234660.2",0.754740154813208,0.148997801712455,0.511980138703196,0.291022620701371,0.771034019094613,0.87182568936683,"LINC00440"
"ENSG00000234661.2",4.67989123097486,-0.384593243182202,0.279380919312293,-1.37659094303538,0.168638752632293,0.341513989743731,"CHL1-AS1"
"ENSG00000234663.7",49.5994982897667,-0.615695764004479,0.179023295995586,-3.43919354506612,0.000583449944188884,0.00746533397074577,"LINC01934"
"ENSG00000234664.1",29.1607104712592,0.0126869299452112,0.0980483391595948,0.12939464404961,0.897045385484297,0.945255009303014,"HMGN2P5"
"ENSG00000234665.9",7.91676707833185,-0.512539855171286,0.340936144265647,-1.50333094273493,0.132753724684597,0.293438438183792,"LERFS"
"ENSG00000234667.2",5.46827583052257,0.18971454310186,0.239405577444461,0.792439947001117,0.428104194699337,0.615223073946779,"ACTBP13"
"ENSG00000234678.2",364.430753273975,-0.175499884450585,0.103495175410234,-1.69573010292451,0.0899370048881777,0.228521713036086,"ELF3-AS1"
"ENSG00000234684.7",153.0094848951,-0.244920644626283,0.113089831428172,-2.16571765589589,0.0303327690109072,0.11146455614571,"SDCBP2-AS1"
"ENSG00000234685.1",6.54199095630105,0.362144813163521,0.284179350110735,1.27435302045136,0.202538333892724,0.383406095809349,"NUS1P2"
"ENSG00000234690.7",140.281141233774,-0.155304827193236,0.112847588329739,-1.37623523454872,0.168748816817146,0.341632980133369,"EPCAM-DT"
"ENSG00000234692.1",8.16306504165965,-0.481265442577078,0.249488934990677,-1.92900515846549,0.0537302218376738,0.163274943012201,"AL355601.1"
"ENSG00000234694.1",42.6979174507311,-0.257405959071908,0.131371622367274,-1.95937261360966,0.050069165502523,0.155884200584144,"AL139289.1"
"ENSG00000234695.1",11.1951964185037,0.0974695124181596,0.248113908527131,0.392841791888105,0.694436335534495,0.821495342438323,"TFPI2-DT"
"ENSG00000234699.1",4.56194272648011,-0.0296046745174823,0.139732201867456,-0.211867229756846,0.832210617077333,0.908568226737355,"AL139339.1"
"ENSG00000234703.1",2.02548240071487,0.032513410940509,0.327006963260202,0.0994272740138497,0.92079902852039,0.958244625422898,"AF015262.1"
"ENSG00000234705.2",22.9230900003366,-0.121949886264775,0.130445039415448,-0.934875613601393,0.349852406014366,0.543572808488096,"HMGA1P4"
"ENSG00000234707.3",14.1234554709777,-0.0264187490124334,0.242965737363047,-0.108734463135259,0.913413106276528,0.954057188788823,"SEC61G-DT"
"ENSG00000234709.2",8.32171119209256,-0.111145575741989,0.118309918421457,-0.939444276734716,0.347502689259187,0.541284131819318,"UPF3AP3"
"ENSG00000234710.2",1.30539494279279,-1.17545296058625,0.59045687266155,-1.99075159424898,0.0465082034211632,0.148669958377416,"AC060834.2"
"ENSG00000234711.1",3.95241439612153,-1.41906836592175,0.302610008842737,-4.68942970970673,2.73967522002434e-06,0.000155386724191261,"TUBB8P11"
"ENSG00000234713.3",0.528936723128379,0.330183721585409,0.518076349667923,0.637326374379086,0.523912274881934,0.696077589455095,"AC022616.1"
"ENSG00000234715.2",18.0088331471285,-0.716547247898868,0.292527248251127,-2.44950599365612,0.0143052328931869,0.0681155776191179,"AC005064.1"
"ENSG00000234718.7",3.18496940156466,-0.160305776935421,0.258434056993376,-0.620296638919886,0.53506250734978,0.703965068452726,"AC007161.1"
"ENSG00000234719.9",29.5168505541008,-0.00102404502243833,0.167968307411011,-0.00609665619796081,0.995135602281452,0.997647704839464,"NPIPB2"
"ENSG00000234722.5",8.57170841005095,0.284776829017466,0.308228647826924,0.923914214415831,0.355530981738806,0.549062666992767,"LINC01287"
"ENSG00000234737.1",7.21967038799567,0.0947136905890881,0.169310511481437,0.559408212522426,0.575883157821402,0.735778222030486,"KRT18P15"
"ENSG00000234740.1",3.79885706905166,-0.824337313553144,0.24599031303141,-3.35109664845984,0.000804922044385064,0.00943268906149664,"AL162386.2"
"ENSG00000234741.8",8189.54548736176,-0.210859723352797,0.116829907797048,-1.80484370251402,0.0710991434818335,0.196063644811794,"GAS5"
"ENSG00000234742.1",75.3615147159665,-0.120696741081737,0.113214728304201,-1.06608692075321,0.286384351470097,0.478788501229986,"AC144530.1"
"ENSG00000234743.1",10.0571720379261,0.28645870744024,0.172098957999919,1.66449995263989,0.0960125605196534,0.238423672512928,"EIF5AP4"
"ENSG00000234745.12",94035.8871375002,0.200391502824331,0.107673061763129,1.86111084372407,0.0627285252005228,0.180901714032734,"HLA-B"
"ENSG00000234750.1",11.0725229057496,-0.389214999288035,0.175905702405077,-2.21263434878164,0.0269228649259014,0.103197153237597,"AC012618.2"
"ENSG00000234751.1",4.37034370556006,-0.800319366904214,0.237680061095264,-3.36721289626158,0.0007593204459971,0.00907677812384023,"AP002381.1"
"ENSG00000234753.5",28.7075231712352,-0.269226876945049,0.150856316223972,-1.78465763770431,0.0743168661983854,0.20170666408003,"FOXP4-AS1"
"ENSG00000234754.2",2.9278080171111,0.205771652639063,0.248806802502329,0.827033869530705,0.408217864635866,0.597634113157816,"LINC02817"
"ENSG00000234768.1",5.96686473310403,-1.15389803413148,0.494690987027815,-2.33256328574791,0.0196710777605161,0.0844063915299477,"AL611929.1"
"ENSG00000234769.7",24.989613467827,-0.126420735075115,0.0841767838813437,-1.50184800661093,0.133136366929779,0.294020231789604,"WASH4P"
"ENSG00000234771.3",348.892507758428,-0.175770703498017,0.125802132305644,-1.39719971574863,0.162353522188912,0.333572235653309,"SLC25A25-AS1"
"ENSG00000234772.2",7.43052107141273,-0.798000731208019,0.205417357182019,-3.88477751907262,0.00010242363775452,0.00223755456887684,"LINC00412"
"ENSG00000234773.7",17.2041010361107,-0.377590611812212,0.136025627666635,-2.77587847444154,0.00550527818622192,0.0357424388950636,"AC012618.3"
"ENSG00000234776.5",4.3542075022082,-0.281344641683594,0.146469950278815,-1.9208352371803,0.0547524825520997,0.165229351753731,"C11orf94"
"ENSG00000234779.1",7.00986658612251,-0.072010123228969,0.175416665630634,-0.410509018456644,0.681432589250129,0.8130352348733,"BNC2-AS1"
"ENSG00000234782.3",35.45443958442,-0.225437952479384,0.154430121248119,-1.45980557845434,0.144343514987793,0.309579654325057,"TPT1P9"
"ENSG00000234784.2",1.45030589538722,-1.43340354615535,1.02063251350833,-1.40442669343166,0.160191826729538,0.331011321752428,"AL606517.2"
"ENSG00000234785.1",15.2041105958056,-0.611933083251114,0.173080105334638,-3.53554836396699,0.000406929748599619,0.0058725236758245,"EEF1GP5"
"ENSG00000234788.1",2.18005305851834,-0.874200852965932,0.303880966083482,-2.87678713225419,0.00401746506660944,0.0288946780001357,"HSPA8P3"
"ENSG00000234795.10",3.91187293950787,0.215814790466267,0.44854973332534,0.48113904531013,0.630417679261505,0.776833806930686,"RFTN1P1"
"ENSG00000234797.5",116.700219832524,-0.207470669261451,0.14904387398269,-1.39201071280223,0.163919153950135,0.335569107327175,"RPS3AP6"
"ENSG00000234800.2",10.4285406848199,-0.0578650481280168,0.213375741848216,-0.271188503560909,0.786246054622983,0.881363296180571,"PCMTD1P3"
"ENSG00000234801.3",3.3213458979612,-0.0797753244453661,0.197651403121288,-0.40361628192648,0.686494910765398,0.81655708904005,"MORF4"
"ENSG00000234805.1",6.56425420027758,0.681229719044144,0.246670312612603,2.76170128390772,0.00575010606490741,0.036871779895794,"AC090505.1"
"ENSG00000234807.7",145.908921658107,-0.138997694574025,0.108338948760169,-1.28298913885279,0.199495881256182,0.380162347585259,"LINC01135"
"ENSG00000234814.8",29.4264815069375,-0.0938936636865391,0.102972038951715,-0.911836500883189,0.361854792540748,0.554941803310108,"SVIL2P"
"ENSG00000234817.2",7.72457651919957,-0.0854174363768644,0.110069931393038,-0.776028796382689,0.437731983385545,0.623301438041783,"ECI2-DT"
"ENSG00000234818.1",2.99238549961001,-0.913437093145135,0.271866861005922,-3.35986920128981,0.000779793816173405,0.00922589748466992,"AC007314.1"
"ENSG00000234819.1",1.57801582559757,0.130527287050504,0.324704660199982,0.401987723151597,0.687693061441301,0.817195456136104,"AL353705.3"
"ENSG00000234825.3",21.4935023977654,-0.0726375305944263,0.157832425328797,-0.460219314523664,0.645358808735857,0.787145765652216,"XRCC6P2"
"ENSG00000234828.9",2.28704449115708,-0.631013946311705,0.426132896271866,-1.4807914428393,0.1386621575093,0.301195784085504,"IQCM"
"ENSG00000234835.1",1.77360114320519,-0.549827135341622,0.277146127363603,-1.98388893459181,0.0472682227526725,0.150205301145817,"PHBP13"
"ENSG00000234838.3",3.89281329975544,-0.107689125760737,0.202302990847782,-0.532316034031178,0.594507128891733,0.750097182744678,"PPIAP78"
"ENSG00000234840.2",34.457978430881,0.0791760230595149,0.212968060169096,0.371774166495434,0.710060999388348,0.832191391299196,"LINC01239"
"ENSG00000234842.1",8.89568552850494,-0.870908009277372,0.225229258217664,-3.8667623210645,0.000110289821443596,0.00236063998925426,"MTCO2P16"
"ENSG00000234848.1",2.23116262836562,-0.276917472632719,0.265454960490624,-1.04318062891313,0.296864643325131,0.489500994018304,"AC008758.2"
"ENSG00000234851.4",6.7438557506316,0.300596987950691,0.167131023285131,1.79857085801397,0.0720865906226964,0.198001721112238,"RPL23AP42"
"ENSG00000234854.1",73.0467689002973,-2.63341764139861,0.797572517998601,-3.30179084907139,0.000960696761137733,0.0106971495881467,"LINC00676"
"ENSG00000234859.5",0.681038479093573,-1.034300147484,0.480329669409505,-2.15331305425192,0.0312940835256171,0.113949837119178,"AC003958.2"
"ENSG00000234869.1",99.5701155264441,0.143068132130095,0.118849025152393,1.20378044284879,0.228674450642487,0.414710670293078,"AL021392.1"
"ENSG00000234880.1",9.11554671854158,-0.0108441301763121,0.265347015152251,-0.0408677300179538,0.967401343659778,0.983425196807295,"LINC00163"
"ENSG00000234881.1",1.57393542929631,-1.35799275510678,1.23407264020293,-1.10041557592871,0.271151095036266,0.463206598955432,"PIGFP2"
"ENSG00000234883.6",95.6364312359567,-0.287178951011283,0.135629080270775,-2.11738478531261,0.0342272044027365,0.120888953165694,"MIR155HG"
"ENSG00000234884.2",6.41256158032237,-0.612456848000387,0.252504981191365,-2.42552382575069,0.015286312320393,0.0712514309680206,"AL022329.1"
"ENSG00000234886.1",1.59099945662549,-2.65385346414454,0.804067563797518,-3.30053540726192,0.00096500536157569,0.0107271864784439,"MTND5P26"
"ENSG00000234890.1",1.07998478964307,-1.65898003095338,0.66449071466785,-2.49661883053194,0.0125383651200061,0.0622487011542445,"HNRNPDLP2"
"ENSG00000234896.1",2.43571464622692,0.294071960826769,0.358285136472156,0.820776333962216,0.411773681242705,0.600809197325986,"OR7E62P"
"ENSG00000234899.11",32.7527293578161,0.352787738047671,0.19977133553747,1.76595774913614,0.0774029375023216,0.207113790296562,"SOX9-AS1"
"ENSG00000234902.6",9.16644695325744,0.155823140623777,0.129890256518903,1.1996522664585,0.230274418630684,0.416614251749815,"AC007879.3"
"ENSG00000234911.2",28.8188883884402,-0.45928605792826,0.120733054062842,-3.8041451157957,0.000142294749047792,0.00283063677786416,"TEX21P"
"ENSG00000234912.12",224.59419319468,-0.138939446764879,0.0829821192843564,-1.67432993954725,0.0940657735358249,0.235344690638628,"SNHG20"
"ENSG00000234913.1",2.80240688108106,-0.14795323300914,0.278879615424061,-0.530527241240505,0.595746426838007,0.751124206192447,"AC016027.2"
"ENSG00000234915.1",2.40808600780817,-1.62719475421755,0.40655577316972,-4.00238998337447,6.27058282849548e-05,0.00156262360860105,"AL360091.3"
"ENSG00000234919.1",4.73079610462357,-0.187407721087703,0.224303329601943,-0.83551020584618,0.403430503061091,0.593181633989,"LINC01827"
"ENSG00000234925.2",18.4729999747556,-0.616599946952435,0.16938564558337,-3.64021369596488,0.000272411861308948,0.00447209472315523,"ATP5PDP4"
"ENSG00000234928.1",16.1588300818889,0.713298021158258,0.261843659729801,2.72413707436841,0.00644697428940184,0.0398883320975758,"LINC01659"
"ENSG00000234929.2",2.65817981444564,0.0280287901994778,0.481304488432286,0.0582350484425642,0.953561403462591,0.975747473736171,"AC018685.2"
"ENSG00000234933.1",2.59457465257581,-1.42527315398837,0.30498893883332,-4.67319621308398,2.96548209977136e-06,0.000165099992554662,"CDC42P1"
"ENSG00000234936.1",10.3978746618148,-0.0367897879533013,0.124218504841362,-0.296169946662013,0.767100298876325,0.869385561359255,"AC010883.1"
"ENSG00000234937.1",11.8181601829389,-0.498288991880846,0.20716511754526,-2.40527458379659,0.0161603182955871,0.0739350662381451,"AL139128.1"
"ENSG00000234943.2",2.38325258122814,-0.888589434277385,0.30577469316759,-2.90602673842065,0.00366050167644547,0.0270639756415499,"AC092839.1"
"ENSG00000234944.1",2.14873484777651,-0.0880613769829639,0.24960615836067,-0.352801299300152,0.724237409632496,0.841665598956112,"LINC02623"
"ENSG00000234945.8",11.7832690400059,-0.576355854056743,0.195292715535636,-2.95124092302139,0.00316499938783982,0.0245680402469926,"GTF3C2-AS1"
"ENSG00000234946.1",2.12618464235564,-0.303708292233709,0.297282537155315,-1.02161497658047,0.306963166478825,0.500574289850093,"SDHCP3"
"ENSG00000234948.2",9.37940470965902,1.16266005314466,0.298419123583443,3.89606416366127,9.77684980426e-05,0.00217145203824702,"LINC01524"
"ENSG00000234949.2",79.5864230925384,0.342082912540334,0.126719026592345,2.69953867023313,0.00694356857124414,0.0419778878595299,"AC104667.2"
"ENSG00000234964.4",13.3124217491493,-0.123399022261722,0.187324912247689,-0.658743254066275,0.51006065225598,0.685122621462049,"FABP5P7"
"ENSG00000234965.2",6.68166974222168,-0.462385153000893,0.225238272927321,-2.05287115280844,0.04008507544367,0.134816892286706,"SHISA8"
"ENSG00000234969.1",8.82780881595234,-0.198187676513767,0.147083240302741,-1.34745247728999,0.177834549109118,0.353827471441605,"AARSD1P1"
"ENSG00000234975.6",67.1215041365679,0.162200118614798,0.14574044062056,1.11293830267119,0.265734928280223,0.457333314408553,"FTH1P2"
"ENSG00000234981.1",9.66462305808882,0.00745791996269398,0.147440825394753,0.0505824621011608,0.959658238149483,0.979570372661613,"AC244034.1"
"ENSG00000234982.1",5.28345820221602,-0.95135477613019,0.239985159699871,-3.96422335997763,7.3635283077128e-05,0.00177519151302449,"AL441963.1"
"ENSG00000234985.2",2.99223139245369,-0.38369461564605,0.195597865708044,-1.96165031891895,0.049803209622829,0.155325363744529,"AC074085.2"
"ENSG00000234995.1",1.76506530095736,-0.2109990686156,0.425921715678254,-0.495394014554052,0.620322018926288,0.769262151306027,"RPS3AP28"
"ENSG00000234996.4",35.1491075725466,-0.183855553313848,0.153341577940951,-1.19899348749788,0.230530477924862,0.417009030239197,"ACTG1P25"
"ENSG00000234997.2",23.4315693320059,0.123084785378853,0.198016182569719,0.62158952759084,0.534211808896375,0.703262702791103,"AC016745.1"
"ENSG00000234998.1",5.5749267449202,-0.052842490285237,0.194566508396773,-0.271590885402934,0.785936608514799,0.881075746086714,"AC244453.3"
"ENSG00000235001.3",11.5334273512541,0.196307833844809,0.134034238719743,1.46460960811123,0.143027459104693,0.307829413405684,"EIF4A1P2"
"ENSG00000235008.1",1.82964941185728,0.208070754858785,0.295761251370361,0.703509178077666,0.48173848905659,0.661545929556222,"AL023775.1"
"ENSG00000235012.1",1.29677720117114,0.0440104548608524,0.391481587481508,0.112420242147228,0.910490206151529,0.952296044016662,"JCADP1"
"ENSG00000235016.1",48.2182022532846,-0.298914209180445,0.113472018164737,-2.6342548058543,0.0084322181812686,0.0478577974614687,"SEMA3F-AS1"
"ENSG00000235018.1",2.57865846257708,-1.43427223056327,0.35335786833409,-4.05897917973404,4.92877074341693e-05,0.00130303159481993,"AL137077.1"
"ENSG00000235020.5",2.58990415363302,-1.14161221484629,0.312394110335231,-3.65439736882756,0.000257786753988118,0.00431932279845315,"AL390783.1"
"ENSG00000235023.1",13.8899176020724,0.563209929497872,0.219741470435659,2.5630570705714,0.0103754992122778,0.0550050151710773,"AP001626.1"
"ENSG00000235024.1",0.940096665734001,-1.12781743176893,0.51508483730836,-2.18957606607579,0.0285549963697925,0.107167342367208,"AC097468.2"
"ENSG00000235026.6",87.8851433075248,0.255298060802365,0.286538518845946,0.890972919908275,0.372943698251994,0.56499179663111,"DPP10-AS1"
"ENSG00000235027.1",19.697226929031,-0.018890739934297,0.139526738197296,-0.135391539846541,0.892302312768577,0.943002917150882,"AC068580.3"
"ENSG00000235029.1",15.3107704092796,-0.244145146788066,0.209507183781887,-1.16533066972176,0.243885169096022,0.432748970565147,"MNX1-AS2"
"ENSG00000235033.7",24.9670717573046,-0.414158315680603,0.148616902466074,-2.78675109498494,0.00532393543571572,0.0349467236713887,"DAAM2-AS1"
"ENSG00000235034.7",10.4343014358447,0.600177317605587,0.234800647619704,2.55611440466581,0.0105848311767313,0.0557684419001291,"C19orf81"
"ENSG00000235036.4",9.3569570728007,-0.111302518770801,0.133853754037848,-0.831523326117024,0.405678056463299,0.595250750719815,"AL035456.1"
"ENSG00000235043.3",39.5685373985228,-0.0076076185079769,0.115145678454952,-0.0660695095991223,0.947322485608988,0.972211521705356,"TECRP1"
"ENSG00000235044.1",4.24991994531423,0.0322630402263738,0.131678922087446,0.245012942959454,0.806446409721199,0.89332957307762,"PPIAP3"
"ENSG00000235049.1",6.18546056268783,-0.313301896631023,0.315622570059167,-0.992647314709754,0.320881858335264,0.514625931381855,"LINC00940"
"ENSG00000235052.1",8.35390764081941,0.0366871386671363,0.187411229947892,0.195757419004917,0.844800039877361,0.915706584002506,"AL021154.1"
"ENSG00000235060.1",2.55391388230642,-0.128174561927295,0.372563839799291,-0.344033822488906,0.730820850212065,0.84589134216765,"VDAC1P4"
"ENSG00000235065.1",38.1060519357428,-0.0223692373679778,0.119792907666881,-0.186732568760931,0.851870319039589,0.92025434088663,"RPL24P2"
"ENSG00000235066.7",5.06838804002174,-1.34356701109512,0.325898837386937,-4.12265051900114,3.74537717139378e-05,0.00106394916524926,"AC009303.2"
"ENSG00000235072.2",17.0736637113536,-0.159233291877178,0.147765805012291,-1.07760582269986,0.281209702621098,0.473705455847209,"ARNILA"
"ENSG00000235078.1",14.6288539702582,-0.111777175466002,0.131324258344957,-0.851154058470982,0.39468377935881,0.585350159527482,"AC231981.1"
"ENSG00000235079.1",6.21941031622152,-0.661211888133435,0.208921718787258,-3.16487865393611,0.0015514764100522,0.0149243872059716,"ZRANB2-AS1"
"ENSG00000235081.1",5.73564714380261,-0.48919499929846,0.169003754395589,-2.89458066211592,0.00379665349813792,0.0277108680700992,"AC245052.3"
"ENSG00000235082.2",21.1825485732445,-0.191849705557126,0.137043749613156,-1.39991576484644,0.161538544587051,0.33261814366607,"SUMO1P3"
"ENSG00000235084.3",28.3273239166451,0.100923150922259,0.124076617172707,0.813393798299484,0.415992313877101,0.604681806929372,"CHCHD2P6"
"ENSG00000235086.1",2.49083732743282,0.130900532845448,0.261638897025438,0.500309909320254,0.616856877709232,0.766896538141403,"FNDC1-IT1"
"ENSG00000235088.1",2.49405956403687,-1.41714667880568,0.34067569434639,-4.15981152258184,3.18510322381046e-05,0.000936763618642417,"AL031667.2"
"ENSG00000235090.1",4.22403663303223,-0.627608959206711,0.241567808118894,-2.59806538004359,0.00937506418118696,0.0513926393406795,"RPL7L1P3"
"ENSG00000235092.6",47.1170676397336,-0.0858672323811268,0.115695514242806,-0.742182900893807,0.457976527120656,0.640809133286879,"ID2-AS1"
"ENSG00000235096.2",4.0165893410453,-1.24205509391083,0.402454411948408,-3.08620071500187,0.00202731921301594,0.0180228407366996,"AC118555.1"
"ENSG00000235097.1",4.39816709503963,-0.289191600500083,0.269468789242607,-1.07319144941761,0.283185226331936,0.475714374525243,"LINC00330"
"ENSG00000235098.8",1375.32521248576,-0.482743681035007,0.144475717058308,-3.34134822698392,0.000833725845853495,0.00969854457931531,"ANKRD65"
"ENSG00000235100.4",6.24463412318125,-0.0522521222198641,0.137406353036294,-0.380274427384464,0.703741716198832,0.827611195952232,"AL157400.3"
"ENSG00000235105.1",5.95842548881425,-0.309856949010584,0.164534016217776,-1.88323944272083,0.0596679259916241,0.175055010578,"AL356968.2"
"ENSG00000235106.10",837.634993816576,-0.0480934110484567,0.0588394347833999,-0.817366978889217,0.413718740501845,0.602751794945283,"BRD3OS"
"ENSG00000235109.7",1049.66053179284,-0.339077701842683,0.131707448272662,-2.57447628277423,0.0100391969173792,0.0538914838713813,"ZSCAN31"
"ENSG00000235111.1",9.34466041080236,-0.310089461753843,0.183232697992088,-1.69232601578149,0.0905838301002958,0.229618353550263,"Z97192.3"
"ENSG00000235112.1",2.87183012688363,-1.52382093448707,0.358064674799074,-4.25571423749677,2.08382720032474e-05,0.000688945968027919,"HSPE1P27"
"ENSG00000235121.1",7.17373053815785,-0.755349558586974,0.221983698399165,-3.40272535341187,0.000667173096348918,0.00823894432371829,"AL645504.1"
"ENSG00000235123.5",146.062330278287,0.130029828315771,0.636882078720106,0.204166254100104,0.838223581229263,0.911962932252732,"DSCAM-AS1"
"ENSG00000235124.1",1.84431336816454,0.89877170190309,0.234680888534833,3.82976094693662,0.000128267802756188,0.00261988954427103,"KRT8P17"
"ENSG00000235126.1",2.9115340894084,-0.617665972136003,0.356232315092304,-1.73388529329788,0.0829384378012946,0.21691040139187,"AC128709.2"
"ENSG00000235138.1",12.0480793816121,-0.0456568400343195,0.183276860774333,-0.249114044410311,0.803272565984606,0.891869807317588,"AL445931.1"
"ENSG00000235140.2",2.2590779295378,0.356121406880969,0.296701399833269,1.20026871150959,0.230034997212562,0.416362755767693,"AC026391.1"
"ENSG00000235141.1",0.965045069373116,-1.18143066674267,1.04784720932111,-1.1274837173142,0.259538021012757,0.450534403961506,"COX6CP17"
"ENSG00000235142.10",40.5190879036877,-0.47390051232317,0.246058994678776,-1.92596297055442,0.054108997658404,0.164051621805049,"LINC02532"
"ENSG00000235145.2",3.92143055518406,-0.284714213201508,0.27999358875324,-1.01685975907266,0.309220148915031,0.503022887610091,"RPSAP16"
"ENSG00000235151.1",4.07477240443832,-0.124753011747676,0.156787178444269,-0.795683760531607,0.426215868128108,0.613701448732337,"AC131097.3"
"ENSG00000235159.1",14.6346894154973,-0.476722947648857,0.164146351589764,-2.90425551973452,0.0036812758434071,0.0271572605040001,"AL121672.2"
"ENSG00000235162.9",939.982871111664,-0.130968261388747,0.175248562064232,-0.747328593433734,0.454865236722214,0.638169172264856,"C12orf75"
"ENSG00000235169.11",150.314322970437,0.129635409920804,0.133625921494463,0.970136695567527,0.331978360013551,0.525530365764477,"SMIM1"
"ENSG00000235172.8",8.98537549193594,0.113810182428417,0.14330653986415,0.794172984263704,0.427094733685196,0.614392634466582,"LINC01366"
"ENSG00000235173.7",1516.58836514704,0.177706031579043,0.0928243782400301,1.91443277023112,0.0555648817074088,0.166703457017955,"HGH1"
"ENSG00000235174.1",318.254145381623,-0.181966621658478,0.166783818182039,-1.09103283305259,0.275258435602256,0.467918258693178,"RPL39P3"
"ENSG00000235175.1",4.84622417004045,0.359319932312076,0.16178659310188,2.22094998987837,0.0263543488140101,0.101871047842197,"RPL26P37"
"ENSG00000235180.1",3.37849318813375,1.04841938486803,0.365530764095444,2.86821107236347,0.00412800039560784,0.029377020070837,"LINC00601"
"ENSG00000235183.3",1.66060877708944,-0.550898486660426,0.366195748188384,-1.50438253143514,0.132482899507401,0.293138726238018,"SRP14P3"
"ENSG00000235189.2",3.20888470942709,-0.605111967636814,0.246126607606311,-2.45853942213641,0.0139503459570583,0.0669813769755327,"AL034405.1"
"ENSG00000235191.1",2.4373897040981,-0.304731772926013,0.231643721146294,-1.31551924402717,0.188335454131506,0.366574234106999,"NUCB1-AS1"
"ENSG00000235192.1",10.0265603566229,0.030220690025526,0.142402573301947,0.212220111791426,0.831935317134453,0.908386819499437,"AC009495.3"
"ENSG00000235194.9",402.72370474786,-0.221230304751517,0.0868875945084063,-2.54616675721312,0.0108913145761661,0.0568345668000469,"PPP1R3E"
"ENSG00000235204.1",13.1365660382155,-0.629289849583063,0.159495384223747,-3.94550508559088,7.96319417814889e-05,0.00186440663694171,"AL162724.2"
"ENSG00000235205.1",1.63933331978512,0.521352801295371,0.294928161217443,1.7677281109517,0.0771063681260973,0.206624461849819,"TATDN2P3"
"ENSG00000235207.1",1.81300862542792,-0.400747743641645,0.281549133795678,-1.42336699189588,0.154629795970541,0.323600175665022,"TUBBP6"
"ENSG00000235209.1",2.81725639949525,0.346772094538238,0.316505934210355,1.09562588582547,0.273242528699193,0.465608737229104,"AL022318.1"
"ENSG00000235217.6",295.255835598367,-0.0190688271287167,0.116995823513818,-0.1629872465188,0.870528476200593,0.930814538380647,"TSPY26P"
"ENSG00000235218.2",0.686159162281854,-1.59691831918453,0.806443823297483,-1.98019784273982,0.0476813021833727,0.151024462380944,"DNAJC17P1"
"ENSG00000235221.3",2.18203811476521,-0.5419177831637,0.719920621658172,-0.752746576303811,0.45160221555397,0.635127879549701,"LINC00383"
"ENSG00000235224.1",1.00211510052074,-0.378574428546964,0.676820942346961,-0.559342072416095,0.575928287210959,0.735778222030486,"AL591212.2"
"ENSG00000235225.1",7.86210270824,-0.212853606459122,0.151340511182269,-1.40645491941526,0.159589082059308,0.330176442269485,"RPL31P17"
"ENSG00000235236.1",6.17042815679374,-0.231760745340703,0.1242252765041,-1.86564885877356,0.0620905091023394,0.179707843131721,"AC137630.2"
"ENSG00000235238.1",10.3705529650453,-0.0965387943402918,0.147964257433769,-0.652446719326822,0.514113033836472,0.688427190424231,"SUMO2P1"
"ENSG00000235244.4",30.7092361420388,-0.885662219917563,0.19843694933613,-4.46319207627684,8.0747607930271e-06,0.000341090094867204,"DANT2"
"ENSG00000235245.1",54.4098052401077,0.00345342618273287,0.117325186519711,0.0294346532502864,0.976517935473431,0.98815268914978,"AL360181.2"
"ENSG00000235248.3",0.808443304862673,-0.813988804058892,0.897024511056984,-0.907432064592918,0.364178359586157,0.556939989211503,"OR13C1P"
"ENSG00000235251.2",2.40714804817658,-0.0747984463662162,0.330886147426724,-0.226054934447749,0.821158694438185,0.902480322646502,"AC093155.2"
"ENSG00000235253.1",10.6985497038137,-0.706233284059952,0.1653097538955,-4.27218157076439,1.93569857550919e-05,0.000651619946151947,"AC010240.2"
"ENSG00000235257.9",105.369529376165,-0.181235173447259,0.1198971190622,-1.51158905956062,0.130638436607703,0.290762257121655,"ITGA9-AS1"
"ENSG00000235258.1",3.23356620063183,-0.965816303475567,0.3304087143349,-2.92309573438376,0.00346569941084985,0.0261488886940443,"NDUFB4P6"
"ENSG00000235262.1",2.52564110413974,-0.678034386389134,0.286764681999946,-2.36442780073336,0.0180579467634242,0.0798835000790168,"KDM5C-IT1"
"ENSG00000235267.1",4.98572241075863,0.0424543688821325,0.141989250346956,0.298997063357921,0.764942286224623,0.867914784966649,"AC074117.2"
"ENSG00000235268.2",1.50384064426508,0.43498105414631,0.31370666029678,1.38658533336461,0.165568243139506,0.337554410216998,"KDM4E"
"ENSG00000235269.2",30.2786195878566,0.688199386730814,0.255263521022573,2.69603499933685,0.00701702933820649,0.0422551610445132,"LINC02331"
"ENSG00000235271.6",3.92484389697288,-0.543875681105227,0.185068297739299,-2.93878361528656,0.00329503031514112,0.0252419337970532,"Z97353.2"
"ENSG00000235272.2",18.7608614583131,-0.364343175805547,0.189976428640413,-1.91783358816148,0.0551321153448486,0.165899630890821,"RAMACL"
"ENSG00000235275.3",4.17671509416761,0.251524989506919,0.186677995074259,1.34737353166272,0.17785996074306,0.353827471441605,"KRT18P16"
"ENSG00000235277.1",8.46467657479415,-0.418583326200599,0.470595956726028,-0.889474973632828,0.373747867367316,0.565728017652196,"AF127577.3"
"ENSG00000235279.1",1.87308747068435,-1.45319412126514,0.965559270370919,-1.50502839738351,0.132316776026279,0.292939381848842,"AC069079.1"
"ENSG00000235280.2",55.6909772797091,-0.33806028164825,0.147383499372234,-2.29374579303779,0.0218051047198556,0.0900021511825134,"MCF2L-AS1"
"ENSG00000235286.1",6.27836143148014,-0.166379804298371,0.210396836830848,-0.790790426341509,0.429066297511691,0.615853649609933,"AP000925.1"
"ENSG00000235290.1",16.8049663945956,0.16839578992886,0.127587612149252,1.31984435708281,0.18688698846151,0.364906956005458,"HLA-W"
"ENSG00000235295.1",5.60012857580936,-0.64923756442767,0.30035266032534,-2.16158419813702,0.0306502405477406,0.112286492049735,"LINC01634"
"ENSG00000235297.3",15.3650322623145,-0.269545234286528,0.136520684158431,-1.97439117704482,0.048337280503703,0.152337474423494,"FAUP1"
"ENSG00000235298.1",5.96066875054714,-0.342320976792273,0.165580661296209,-2.06739708678836,0.038696752539165,0.131556313926929,"AL354733.3"
"ENSG00000235299.2",4.06057366859717,-0.735766805929215,0.238466830017167,-3.0854052359242,0.00203274988791451,0.0180583469766998,"MRPL53P1"
"ENSG00000235300.4",6.84811157630768,-0.173373808104921,0.317968034963451,-0.545255462942524,0.585577830632514,0.743115788650593,"THRA1/BTR"
"ENSG00000235304.2",12.6569244597431,-0.454783439610512,0.173722212792069,-2.61787731287334,0.00884786103184728,0.0494414531225149,"LINC01281"
"ENSG00000235308.1",5.35236615937526,-0.36397879712909,0.144682344284239,-2.51570983957813,0.0118792937852151,0.0600785854460225,"AL445991.1"
"ENSG00000235313.1",18.6360117674558,-0.196515852216603,0.110600626874368,-1.77680595282545,0.0756001721252131,0.204000367204143,"HM13-IT1"
"ENSG00000235314.1",103.791167088572,-0.0187185188233081,0.087662941635514,-0.213528299120239,0.83091491854378,0.907814839063536,"LINC00957"
"ENSG00000235316.1",52.6671328016921,-0.195643817602557,0.0962560644133823,-2.03253497631425,0.0420995266489243,0.139108730029497,"DUSP8P5"
"ENSG00000235318.3",2.0814494743102,-0.850916622620915,0.32826181651336,-2.59218885601422,0.0095367403269619,0.0519480850303571,"MTND4LP13"
"ENSG00000235319.1",3.67357603812557,-0.007915536819613,0.184579743290903,-0.042884103523418,0.965793920643473,0.98303816067886,"AC012360.1"
"ENSG00000235328.1",3.73154038686062,-0.740211580649979,0.227657317990125,-3.25142888963528,0.00114826495842102,0.0121016730803137,"AC006946.1"
"ENSG00000235330.2",9.59443895208185,-0.252087928108927,0.150307109167271,-1.6771523948903,0.0935126853306187,0.234473499519134,"RPL12P25"
"ENSG00000235335.3",1.71551325671839,0.147927879600996,0.314095429409848,0.470964763412623,0.637665898072912,0.781403429968057,"B3GALT1-AS1"
"ENSG00000235347.1",1.58087365815343,-0.77701789077101,0.315020670941701,-2.46656160196805,0.0136417261325991,0.0660520634282462,"Z84478.1"
"ENSG00000235349.1",3.23570041609294,-0.092090828117558,0.371408383559116,-0.247950321516908,0.804172844347216,0.892265763742313,"AC016769.3"
"ENSG00000235350.1",3.86253307970264,0.589360004987649,0.287206387285787,2.05204351671052,0.0401654334512584,0.134976066543779,"AL606490.8"
"ENSG00000235351.1",10.1179587745758,-0.201804779174929,0.165157584586243,-1.22189228960023,0.221748361616931,0.40636926602875,"AC114730.3"
"ENSG00000235354.1",7.03150922820825,-0.204928528716294,0.154598205725691,-1.32555567352383,0.184986916902666,0.362658626962297,"RPS29P16"
"ENSG00000235358.2",3.27922548014103,-0.332434100290554,0.22973589623244,-1.44702724189957,0.147889293929214,0.314130296209349,"AC093151.2"
"ENSG00000235361.1",1.65694629409354,-0.480296158513085,0.434164671688485,-1.10625343293178,0.268616841274561,0.460460328316032,"AC016292.1"
"ENSG00000235363.1",11.8537570210671,0.0500377246748704,0.125838255698844,0.39763523736868,0.690899082108422,0.819121996077122,"SNRPGP10"
"ENSG00000235366.2",8.58818336759784,-0.0271097238570023,0.177816008364271,-0.15245941074926,0.878824601670637,0.93523117990796,"LINC01055"
"ENSG00000235369.1",4.17100418568599,-0.141090109817793,0.220590618961885,-0.639601586331156,0.522431650903033,0.695065415341859,"RPL36AP15"
"ENSG00000235370.6",12.2052321091645,-0.43067528901863,0.160149254179156,-2.68921195559764,0.00716209277223107,0.0427964647277516,"DNM1P51"
"ENSG00000235374.2",77.6595044018039,0.174186412941578,0.0889121202427615,1.95908513334276,0.0501028175529718,0.155952982871269,"SSR4P1"
"ENSG00000235376.5",2.81750732460498,0.168858011892335,0.191553478782993,0.881518899918441,0.378037029005998,0.569553208738198,"RPEL1"
"ENSG00000235381.1",41.4427488221551,-0.237889677185791,0.106848404842024,-2.22642235546252,0.0259859044430971,0.100891978615048,"AL596202.1"
"ENSG00000235385.2",53.3544426059277,0.399554637829243,0.256828594857867,1.55572489134383,0.119773524980962,0.274393400788973,"LINC02154"
"ENSG00000235387.5",66.3703622883542,0.0648460120758735,0.152091517780938,0.426361792044662,0.669844238010041,0.805265661046553,"SPAAR"
"ENSG00000235397.1",7.8963733180508,-1.1047180619969,0.227118891591926,-4.86405183758024,1.15006772277884e-06,8.34187466110589e-05,"EPN2-AS1"
"ENSG00000235400.1",8.05264215938601,-0.0195933341954332,0.119418558330475,-0.164072774528153,0.869673854120558,0.930247191494629,"AC104837.1"
"ENSG00000235407.1",2.51167714922069,-1.61606135957959,0.44187784201715,-3.65725819652407,0.000254927557200093,0.00428607422629937,"CYMP-AS1"
"ENSG00000235408.6",23.2532267800075,-0.503498104370936,0.185763933623489,-2.71041904932654,0.00671982494899358,0.0409599289686641,"SNORA71B"
"ENSG00000235411.1",4.13399959707378,0.0942882798683929,0.16796266059378,0.561364529086798,0.57454905970286,0.734721023417988,"DRG1P1"
"ENSG00000235413.3",6.2626473123678,-0.0883577224388767,0.149413472955274,-0.591363822092041,0.554276675222631,0.719296271387364,"KRT18P63"
"ENSG00000235419.5",9.65048331978858,-0.120154205445289,0.172369473925422,-0.697073575204359,0.485756750310308,0.664664911457567,"AC010149.1"
"ENSG00000235426.2",1.61040592494166,-0.472462196251259,0.378147908168991,-1.24941110619636,0.211514748347399,0.394132227947051,"AL133481.1"
"ENSG00000235427.1",3.27865084816163,-0.121201695626128,0.324643089309825,-0.373338289392813,0.708896682321984,0.831353596271295,"AC006159.1"
"ENSG00000235429.1",1.60116904715764,-0.886279260088742,0.98214203708821,-0.902394181921308,0.366847510639916,0.559608438567456,"AC083875.1"
"ENSG00000235436.10",5.69709529298353,-0.552801909329002,0.238481440924162,-2.31800808979846,0.0204488814006292,0.0864812329611041,"DPY19L2P4"
"ENSG00000235437.8",1105.67344060777,-9.50634692141923e-05,0.0751312426757546,-0.00126529877356694,0.99899043791315,0.99938066855296,"LINC01278"
"ENSG00000235438.7",3.29342441949058,-0.401175123000125,0.176718091491962,-2.27014178125827,0.0231989820035008,0.093665256832713,"ESRRAP2"
"ENSG00000235440.1",7.40586150428542,-0.551203388694425,0.235851592425968,-2.33707724007607,0.0194351682182689,0.0837178231971572,"RPS2P15"
"ENSG00000235447.2",2.15163935466007,-0.68196828331266,0.297150665190033,-2.29502526227404,0.0217316765920229,0.0897658447615655,"TRAPPC13P1"
"ENSG00000235448.3",8.32993730379073,-0.612006284506681,0.210877085209072,-2.90219434653089,0.00370558572875795,0.0272761586706917,"LURAP1L-AS1"
"ENSG00000235449.2",9.27708201302489,-0.0712277097610174,0.144829146745817,-0.491805077647981,0.622857146644408,0.77134532782762,"AC098934.1"
"ENSG00000235453.10",100.891559321338,0.0535890135976321,0.0664231738694253,0.80678188764327,0.419792156048448,0.607949030028317,"SMIM27"
"ENSG00000235454.1",2.92338098247503,-0.179231653227322,0.25173934174895,-0.711973154383089,0.476481400043316,0.656655983593101,"HAUS6P3"
"ENSG00000235459.5",7.10007284216457,-0.0140294332032666,0.146925462830184,-0.0954867381937856,0.92392822351575,0.96003065901532,"RPS26P31"
"ENSG00000235480.1",3.79812445421728,-0.075721216727482,0.193802622060419,-0.390713066327222,0.696009339559646,0.822585691940337,"AC013270.1"
"ENSG00000235481.3",11.275983922958,-0.163096194445538,0.173946362957465,-0.937623481586794,0.348437939647899,0.54221754236881,"UBE2R2-AS1"
"ENSG00000235488.1",6.09195127442169,-0.269044765576851,0.187794908099403,-1.43265207933349,0.151957290595049,0.319954090297303,"JARID2-AS1"
"ENSG00000235489.4",6.5994392355334,-0.0112065625454706,0.146288667781129,-0.0766058144861729,0.938937133257904,0.968125230743709,"DBF4P1"
"ENSG00000235493.2",4.565903110469,-0.0288537724213195,0.447797446968009,-0.064434874778062,0.948623961655255,0.973027837679106,"LINC01967"
"ENSG00000235499.1",19.6251819517587,-0.10388616570036,0.114507767526375,-0.907241211181871,0.364279254993743,0.55699069723334,"AC073046.1"
"ENSG00000235501.6",306.128235031149,-0.0731106065963531,0.0998109896789047,-0.732490548701624,0.463869209338386,0.645905377938222,"AC105942.1"
"ENSG00000235505.7",218.49867591233,-0.119892128539587,0.128175295713235,-0.935376258525044,0.349594427706725,0.543246080823336,"CASP4LP"
"ENSG00000235508.3",38.447410914218,0.288375928068304,0.115089750385946,2.50566125220756,0.0122222652836497,0.0612456168104379,"RPS2P7"
"ENSG00000235513.2",53.0688060395409,-0.187354605119004,0.0930187875013287,-2.01415875385742,0.0439928685729492,0.143368693559044,"L3MBTL2-AS1"
"ENSG00000235522.6",4.54781417598775,-1.710576258918,0.30387186035551,-5.62926839265977,1.80975603360747e-08,3.76327578918269e-06,"AC010978.1"
"ENSG00000235527.7",11.1633913577813,-0.189539988119298,0.123151292917611,-1.53908240529884,0.123784179863428,0.280521381559604,"HIPK1-AS1"
"ENSG00000235529.1",23.8896285731554,0.192505772040182,0.183038355854495,1.05172367366113,0.292926346270226,0.485475087054349,"AGAP1-IT1"
"ENSG00000235530.7",24.5487881081064,-0.171027152563326,0.140258948380004,-1.21936713870092,0.222704876577796,0.407413234568085,"AC087294.1"
"ENSG00000235531.11",150.893455821795,0.151024708640281,0.145957930322579,1.03471396385591,0.30080251281116,0.493720077845688,"MSC-AS1"
"ENSG00000235532.1",13.496103963452,-0.707229151639276,0.209412554695805,-3.37720511870267,0.000732264215435303,0.00885231391593592,"LINC00402"
"ENSG00000235545.1",4.72006879874891,0.314393380370685,0.178337908916169,1.76290830301522,0.0779159564439864,0.208073789836339,"AC103923.1"
"ENSG00000235548.1",1.05194618806532,0.28872942043207,0.378231041971249,0.76336785824686,0.44524404304649,0.630036974037181,"HEBP2P1"
"ENSG00000235552.4",263.601225385331,0.0899187802531812,0.0989498581937023,0.908730764193294,0.363492260921886,0.556361527701727,"RPL6P27"
"ENSG00000235554.1",6.20085536801079,-0.103649774167799,0.133163569526539,-0.778364341961727,0.43635425393242,0.621972000590945,"SRSF6P2"
"ENSG00000235559.1",5.74039333092245,-0.0135720809815292,0.270937381374729,-0.0500930543901501,0.960048234585,0.979795410276452,"NOP56P1"
"ENSG00000235560.4",49.3511569984944,-0.153378110652302,0.0928912819917639,-1.65115721694853,0.0987064765329069,0.242383443222457,"AC002310.1"
"ENSG00000235563.1",14.2353186536808,-0.465160558558715,0.260821033459154,-1.78344726416231,0.0745135252467016,0.202111040802168,"AL445183.2"
"ENSG00000235568.7",863.780534673228,0.056045565394709,0.127610728620734,0.439191641646994,0.660522680903199,0.798358381387192,"NFAM1"
"ENSG00000235575.1",1.48803681580505,-0.495065577893135,0.507405877990745,-0.975679627231605,0.329223251097709,0.522809844478225,"Z99758.1"
"ENSG00000235576.1",46.5815939427937,-0.012891551062309,0.15427361934258,-0.083562900236897,0.933403965051025,0.96508752200136,"LINC01871"
"ENSG00000235579.1",8.11117754026774,-0.520793804051098,0.183846903059918,-2.83275810135004,0.00461482938063671,0.0316786627978429,"RPL38P5"
"ENSG00000235582.2",4.09807437271476,-0.481504966135162,0.256800969102113,-1.87501226268231,0.0607910365414213,0.177303195757647,"AL365258.2"
"ENSG00000235584.3",343.469928196236,0.0134225864689896,0.321610679175723,0.0417355123386801,0.966709543861639,0.983158016977809,"AC008268.1"
"ENSG00000235586.1",5.42950239880817,-0.457305501491761,0.20092124751517,-2.27604351031731,0.0228434055609716,0.0927184102774284,"AC011247.1"
"ENSG00000235587.2",33.8813389423589,0.342432571757805,0.159586546035392,2.1457483745645,0.0318930594580051,0.115375341838137,"GAPDHP65"
"ENSG00000235590.7",6.60109188388714,-0.401242105452783,0.226416939834333,-1.77213818783333,0.076371621215424,0.205366318158882,"GNAS-AS1"
"ENSG00000235593.1",1.25768781329828,-1.14336796383842,0.57574246449764,-1.98590174312756,0.047044235151651,0.149698714736587,"RBMS3-AS1"
"ENSG00000235601.1",29.108415659625,0.755461331638473,0.438798051478264,1.72166063430183,0.0851310123411576,0.220651365813481,"BARX1-DT"
"ENSG00000235602.5",14.4102215222788,-0.0814364988182017,0.143480065986749,-0.567580578236721,0.570319798004259,0.731532479386492,"POU5F1P3"
"ENSG00000235605.1",5.28869050374953,0.126395648688027,0.141354420280394,0.894175423996684,0.371228039248042,0.5634765711081,"AL355472.1"
"ENSG00000235609.7",87.3485790012812,-0.0580413792049967,0.110833169720657,-0.523682389949539,0.600499465955042,0.754573644840204,"AF127577.4"
"ENSG00000235613.2",3.5215394229107,-0.287158584170219,0.198338373584512,-1.44782161404516,0.147666946314907,0.313838215363052,"NSRP1P1"
"ENSG00000235618.8",14.4279550570494,-0.078536485928548,0.103343382433053,-0.759956603698591,0.447280525216968,0.631871282982497,"FAM21EP"
"ENSG00000235619.1",1.58052824441705,-0.668456791848552,0.449562166619482,-1.48690624230029,0.137039575359547,0.299093942290602,"RPL36AP33"
"ENSG00000235621.9",19.5755044046445,-0.505295697441606,0.193274628099667,-2.61439228940612,0.00893863395272588,0.0497458498050276,"LINC00494"
"ENSG00000235631.2",18.0967936331539,-0.101067061961261,0.156725548887831,-0.644866536939649,0.519013678747511,0.692455013486451,"RNF148"
"ENSG00000235635.1",1.62616378644111,-0.411619318224765,0.326250767122979,-1.26166544175391,0.207069197117786,0.388632661347451,"AC016644.1"
"ENSG00000235636.1",59.1327333063348,0.107223400326907,0.0789811807178255,1.35758163340179,0.174596474136328,0.349939221806079,"NUS1P1"
"ENSG00000235637.1",2.44010819480811,-0.734058780901435,0.4156708887175,-1.76596148738316,0.0774023102969531,0.207113790296562,"AC069023.1"
"ENSG00000235641.5",7.51686908196688,-0.108552234776512,0.179146596096876,-0.605940816859345,0.544554054031298,0.711811469213349,"LINC00484"
"ENSG00000235649.2",42.4972900835136,0.207236646187524,0.225010332015505,0.9210094680152,0.357045483871471,0.550405857041852,"MXRA5Y"
"ENSG00000235651.1",4.81447537185839,0.019587181643013,0.183522752678643,0.106728900679204,0.915004054128914,0.954905968512428,"G3BP1P1"
"ENSG00000235652.9",148.168695719268,-0.255484771867225,0.0989677045863589,-2.58149638748356,0.00983730209478039,0.0531332411812984,"FBXO30-DT"
"ENSG00000235655.3",139.298195617102,0.0479606111621722,0.103668801512871,0.462633024229739,0.643627433091768,0.785945206519219,"H3P6"
"ENSG00000235660.2",3.4602427334865,-0.0707204359089081,0.221100927756675,-0.319855898509557,0.749077570799115,0.857512621277549,"LINC00345"
"ENSG00000235663.1",8.37975273027386,-0.449031085870284,0.132086520473415,-3.39952240592682,0.000675036488588787,0.0083083141643573,"SAPCD1-AS1"
"ENSG00000235669.1",1.42611116709323,-2.38894585531985,0.495811063384308,-4.81825846929147,1.44816693122736e-06,9.79955724417737e-05,"CHN2-AS1"
"ENSG00000235674.2",4.57587494186228,-0.113248923236028,0.205016716565839,-0.552388727773128,0.580682051904429,0.739383009678134,"LDHAP2"
"ENSG00000235677.1",10.839243825289,-0.74795683307709,0.171526021565068,-4.36060270186675,1.29704685578347e-05,0.000482870722180081,"NPM1P26"
"ENSG00000235681.1",18.5963264861583,-0.292381725524015,0.161678193558967,-1.80841781496883,0.0705414973086328,0.194980329588735,"AC245884.3"
"ENSG00000235688.2",3.62737348107779,-0.122593617030592,0.357957350325468,-0.342481071890619,0.731988886157311,0.846654599320295,"SNTG2-AS1"
"ENSG00000235700.1",3.02080952624221,-0.412460877953163,0.246486294403175,-1.6733623220385,0.0942559904655852,0.235608130533128,"CYCSP52"
"ENSG00000235703.6",171.980728259459,-0.444913451273006,0.162253241038381,-2.74209284465241,0.00610490829822678,0.0384216846829611,"LINC00894"
"ENSG00000235706.8",171.320381142029,-0.0491566702891816,0.100564722187882,-0.488806305230412,0.624978833667821,0.773193872739875,"DICER1-AS1"
"ENSG00000235711.4",1.87485822675034,-0.24865421930037,0.333634408207316,-0.745289494079577,0.456096730878682,0.639253534610759,"ANKRD34C"
"ENSG00000235721.1",22.03874043053,-0.140434224144454,0.210122094538954,-0.668345822711274,0.503912869744358,0.680047473546773,"AC013268.3"
"ENSG00000235724.10",23.9574008065339,-0.540116745309845,0.144707586355549,-3.73247014142555,0.00018961117884553,0.00345490726536186,"AC009299.2"
"ENSG00000235726.7",24.5906294807712,-0.424772489269019,0.174867727533277,-2.4291073902598,0.0151360482836798,0.0708057405519956,"AC010148.1"
"ENSG00000235731.3",2.84718127581616,-0.276992629572067,0.336399552914939,-0.823403679261449,0.410278471476092,0.59946463402324,"LINC02250"
"ENSG00000235734.4",17.5455951867484,0.220578892006405,0.0878412030518846,2.51110964265958,0.0120352310008461,0.0606185999563039,"HMGN1P36"
"ENSG00000235740.2",1.81052497476925,-0.732292971888206,0.327624413669171,-2.23515996163723,0.0254068489950791,0.0995609961856368,"PHACTR2-AS1"
"ENSG00000235743.2",2.36608601651448,0.0391446836063025,0.361367433050652,0.108323772498934,0.913738865841046,0.95432782446422,"AL139231.1"
"ENSG00000235748.1",2.38182623479198,0.133425531697864,0.256695106691941,0.519782139275399,0.603215429356865,0.756801606827654,"SEPTIN14P12"
"ENSG00000235750.10",2535.64508272471,0.0876720288098415,0.0888103931798807,0.987182081631668,0.323553384315974,0.517136285351249,"KIAA0040"
"ENSG00000235760.4",4.01074991477724,-0.26302443289854,0.221271657210298,-1.18869463994912,0.234559850611734,0.421708667589181,"MSH2-OT1"
"ENSG00000235770.6",69.4321616710699,-0.183328510677589,0.178345868152138,-1.02793808781262,0.303978951776152,0.497168954680852,"LINC00607"
"ENSG00000235772.1",18.6688426631226,-0.203761325869869,0.164984012104223,-1.23503679702703,0.216816809691819,0.40055946091059,"AP001625.2"
"ENSG00000235774.2",1.88047279403829,0.386741563638682,0.600676788082525,0.643843030580946,0.519677227080049,0.692979289509195,"AC023347.1"
"ENSG00000235776.2",54.6535138082989,0.113802594161359,0.111174134057621,1.02364273062272,0.306004054489263,0.499303714277154,"AC000089.1"
"ENSG00000235777.1",2.68506588805449,-0.765165112707805,0.473663119639727,-1.61542049820091,0.106219664174259,0.254086167506365,"DPYD-AS2"
"ENSG00000235781.1",6.55772529821856,-0.00152788700713669,0.120130177717532,-0.0127185944128818,0.989852303469956,0.994916809344598,"LINC02569"
"ENSG00000235784.2",1.3080869813513,0.010569390043464,0.872713092985367,0.012110956199028,0.990337091251089,0.995239602131743,"HNRNPA1P29"
"ENSG00000235785.1",1.07872756029589,-0.145204499779032,0.503576026937662,-0.288346728223039,0.773081341365918,0.873132407154336,"AL109767.1"
"ENSG00000235786.1",2.35532192425207,-0.863847226125665,0.34354426834802,-2.51451502969208,0.0119196221896452,0.0601911089882993,"ZNRF3-IT1"
"ENSG00000235790.7",11.8948835603305,-0.265224750729013,0.146185455831594,-1.81430327128133,0.0696310482163117,0.193435780715627,"PEF1-AS1"
"ENSG00000235795.1",12.8218839127206,-0.361481955575468,0.133226460651489,-2.71328949074973,0.0066618880111338,0.0407560157211829,"AC093157.2"
"ENSG00000235806.1",4.08984196907851,0.0384940342948214,0.19085965822081,0.201687641346852,0.840160924833978,0.913086037425659,"AF241728.1"
"ENSG00000235816.3",2.53419987349715,-0.928782941386382,0.351599144670374,-2.64159613430551,0.00825163857211383,0.047105933295848,"PRELID1P3"
"ENSG00000235820.1",2.07133299959159,-0.404534084240934,0.309837516021235,-1.30563299575772,0.191677393923742,0.370759672083613,"AL109935.1"
"ENSG00000235821.1",6.71786496460403,0.0701894247230025,0.171279719852773,0.409794135483962,0.681956968575771,0.813456821854937,"IFITM4P"
"ENSG00000235823.3",483.805238056715,-0.0883270792327767,0.0967700179198863,-0.912752535665548,0.361372706631359,0.554388251564037,"OLMALINC"
"ENSG00000235828.5",3.60130690417371,-0.103253648195112,0.180108982234207,-0.573284279963586,0.566452227455809,0.728683846765822,"RPL36AP26"
"ENSG00000235829.1",0.683708134690258,-0.0589729464240703,0.786198376039943,-0.0750102623222337,0.940206546745698,0.968661505827155,"TBCAP2"
"ENSG00000235831.7",86.1003542109302,-0.159616724149539,0.0856069807544647,-1.8645293029005,0.0622474104863707,0.180021517993152,"BHLHE40-AS1"
"ENSG00000235833.1",1.80751807215508,-1.37692373678029,0.779160700065223,-1.76718838188968,0.077196684757543,0.206803308402084,"AC017099.1"
"ENSG00000235834.1",2.07510803914181,-0.327838683603851,0.407051222723994,-0.805399088129373,0.420589417794215,0.608471189249994,"Z93022.1"
"ENSG00000235836.1",8.83109830553625,0.387981411879961,0.293189656504492,1.32331207214337,0.185731618707804,0.363678342263599,"KIF3AP1"
"ENSG00000235837.1",10.1541567617341,-0.264248035120787,0.189468050517154,-1.39468387624996,0.163111189186657,0.334508452942461,"AC073333.1"
"ENSG00000235847.2",63.3424218429133,0.360791068830109,0.198877321506414,1.81413881732349,0.0696563567158799,0.193441581932273,"LDHAP7"
"ENSG00000235848.4",21.1553874475062,-0.213095866902884,0.191716829495423,-1.11151361862038,0.266347331378512,0.457993907438199,"RMDN2-AS1"
"ENSG00000235849.1",1.15922685793746,-0.921789636443715,0.723369202783425,-1.27430036127719,0.202556988531843,0.383406095809349,"HS6ST2-AS1"
"ENSG00000235852.1",7.08045758272089,-1.42186471764901,0.331478212327616,-4.28946659167966,1.79102750915128e-05,0.000613463774302198,"AC005540.1"
"ENSG00000235859.5",314.998635574058,-0.0503621451806633,0.0741276831995792,-0.679397264380565,0.496886182749662,0.673869879925231,"AC006978.1"
"ENSG00000235863.4",663.076508054666,0.188941591714969,0.081702723888665,2.312549480877,0.0207474218385465,0.087193122351771,"B3GALT4"
"ENSG00000235865.2",27.307408780016,-0.51490913107907,0.156381066991962,-3.29265646400492,0.000992456588352064,0.0109700721102275,"GSN-AS1"
"ENSG00000235869.1",2.48201935681746,-0.720562623115062,0.363294466395121,-1.9834120521158,0.047321421992871,0.150248605591324,"Z99127.1"
"ENSG00000235872.2",4.2385705200648,0.0383070346376594,0.167876156963239,0.228186273325567,0.819501432266084,0.90170074639549,"AC078777.1"
"ENSG00000235880.1",1.78466278335376,-0.993523709313865,0.648283697412772,-1.53254464562183,0.125388089263967,0.282944498164356,"AL158832.1"
"ENSG00000235885.8",6.18753454880533,-0.504473686043843,0.223336323530343,-2.25880715715867,0.0238953831348642,0.0955958892945244,"LINC01828"
"ENSG00000235888.3",97.1235593740872,-0.509750386783643,0.147680177958144,-3.45171839465226,0.000557028757881929,0.00725837903568026,"AF064858.1"
"ENSG00000235890.2",42.6134442195077,0.0621663654835553,0.213994940406564,0.290503903342045,0.771430765043101,0.872044271961147,"TSPEAR-AS1"
"ENSG00000235897.1",19.3899941680382,0.374915913945166,0.148293259422581,2.52820603852798,0.0114647048992255,0.0587493335708659,"TM4SF19-AS1"
"ENSG00000235899.2",46.5215789393722,0.163423687759793,0.248819480879471,0.656796192895186,0.51131197251007,0.686300289129896,"LINC01564"
"ENSG00000235902.1",3.34083471818809,-1.2859546665573,0.325373196792571,-3.95224523480683,7.74213370803953e-05,0.00182872572613743,"AC108472.1"
"ENSG00000235903.9",47.8088809315896,-0.864422860687198,0.214765150197624,-4.0249680168862,5.69830595237273e-05,0.00145821445097883,"CPB2-AS1"
"ENSG00000235904.3",31.5951997477197,0.239129681919479,0.177482417106543,1.34734294144714,0.177869808086763,0.353827471441605,"RBMS3-AS3"
"ENSG00000235908.1",12.1834978407262,-0.386218200752016,0.144643677786866,-2.67013537446907,0.00758206711856671,0.0443949631689134,"RHOA-IT1"
"ENSG00000235910.2",12.2209993229064,-0.291540713183488,0.171128514002719,-1.70363609409275,0.08844909392675,0.226083353865895,"APOA1-AS"
"ENSG00000235912.1",11.1538328889891,0.055981944189727,0.130267484301583,0.429746106558124,0.667380340266645,0.80372919763058,"AL031729.1"
"ENSG00000235914.2",1.27594762570553,-1.67919077509961,0.563065616515598,-2.98222929237075,0.00286157592574653,0.0228685663216224,"MACROD2-AS1"
"ENSG00000235917.1",2.65277035905869,-1.81991552379151,0.419762976153518,-4.33557895093139,1.45376982718066e-05,0.000524532326023015,"MTCO2P11"
"ENSG00000235919.4",83.5504800358111,-0.0484268401802003,0.0906682668739204,-0.534110134117162,0.593265338743791,0.749216057459206,"ASH1L-AS1"
"ENSG00000235920.1",2.37277619632899,-0.850137976182534,0.371256665944173,-2.2898928266257,0.0220275301790263,0.0906168988323643,"THRAP3P3"
"ENSG00000235927.4",12.2225664756863,0.0754204919116526,0.155066579835793,0.48637489774727,0.62670138489436,0.774404082963587,"NEXN-AS1"
"ENSG00000235929.1",1.30318783379071,0.427789302513524,0.354352771011053,1.20724130727958,0.227339226690657,0.413121820545388,"TPT1P14"
"ENSG00000235934.2",8.3599592165927,-0.312503836999478,0.240076900140762,-1.30168223938351,0.193025033443419,0.372435957022993,"AC007405.2"
"ENSG00000235937.1",2.65331093133213,-0.933478741966165,0.283372413217794,-3.29417649151583,0.000987104979368664,0.0109217966361319,"RPL21P30"
"ENSG00000235939.1",9.64169792753141,0.546515375088707,0.274331242737617,1.99217329253096,0.0463520475043857,0.148341701198069,"AL138760.1"
"ENSG00000235940.1",1.13814040048907,-2.04749066815896,0.766255526190032,-2.6720729550095,0.00753842572004783,0.0442639872129722,"MTND1P21"
"ENSG00000235944.8",97.1766546626879,-0.0237940759867709,0.079526434319842,-0.299197068122973,0.764789686195455,0.867830368865211,"ZNF815P"
"ENSG00000235945.1",2.89138603440622,-0.675406691494143,0.321032823401881,-2.10385556323206,0.035391048239568,0.123807309975826,"AC002543.1"
"ENSG00000235947.1",34.9104568006115,-0.646484742293795,0.221208645903815,-2.92251118690405,0.00347221147662273,0.0261894736500227,"EGOT"
"ENSG00000235954.7",459.118125890228,-0.203212660275778,0.0671723881459228,-3.02524096410457,0.00248435110926528,0.0208026915193081,"TTC28-AS1"
"ENSG00000235957.1",9.78594731894282,-0.0409362048792382,0.170167476690882,-0.240564211653681,0.809892890617493,0.895478861788987,"COX7CP1"
"ENSG00000235958.5",16.2709054981775,-0.327476513492345,0.135803739595002,-2.41139540390387,0.0158916093546072,0.0731783333669345,"UBOX5-AS1"
"ENSG00000235961.6",96.7054826717062,0.0194879599509082,0.191629546823457,0.101696008125834,0.918997970773889,0.957387804023252,"PNMA6A"
"ENSG00000235962.5",4.03427503857642,-0.153471370378485,0.160578573720228,-0.955740026971929,0.339203594638675,0.53264339573179,"RPL7AP53"
"ENSG00000235967.1",2.19485916113988,-2.96483818111691,0.546645925596413,-5.42369025778827,5.83810120783175e-08,9.30910296420443e-06,"COX5BP3"
"ENSG00000235974.1",2.56018767308071,0.0261030026522008,0.298831597338157,0.0873502095652311,0.930393145042045,0.963195523746489,"VN2R19P"
"ENSG00000235978.6",24.4137968078094,0.0588265184465098,0.146895380022672,0.400465409037579,0.688813756194356,0.817680823824385,"AC018816.1"
"ENSG00000235979.9",2.35436983600327,0.0922088629406709,0.231710066378584,0.3979493182226,0.690667545095198,0.819039349171909,"AC004448.2"
"ENSG00000235984.5",3.91814129706971,-1.43695767729978,0.406963579318648,-3.53092451099822,0.000414109915502419,0.00594521837724107,"GPC5-AS1"
"ENSG00000235989.4",9.07122443205899,-0.114221787207591,0.139239724513042,-0.820324714136388,0.412031021147021,0.601075663265611,"MORC2-AS1"
"ENSG00000235994.4",15.0181603063109,0.199859948423689,0.299196891064599,0.667988051989943,0.504141219268182,0.68027291424211,"HGC6.3"
"ENSG00000235997.3",218.287939766131,-0.0676810847974547,0.168557955374496,-0.401530053251318,0.68802991615488,0.817390822090814,"LINC01936"
"ENSG00000236003.1",2.8866887830774,-0.833292921547373,0.361931297509378,-2.30235110166393,0.0213153801665283,0.0886625935556975,"AC007731.3"
"ENSG00000236004.2",0.820239670399159,-0.0371574934420599,0.702535400750158,-0.0528905638098573,0.957819102863003,0.978570331470156,"AL139156.3"
"ENSG00000236008.3",74.1596405831194,-0.141573112081052,0.154064176279799,-0.918922980667087,0.358135858845398,0.551142514030685,"LINC01814"
"ENSG00000236013.7",2.43739321252928,0.121610681368232,0.273111414354741,0.445278648113452,0.656118396233659,0.795142318207893,"AL357146.1"
"ENSG00000236015.1",29.2522075253062,-0.278402843875541,0.131593631565644,-2.11562550986111,0.0343766704717865,0.121175488620136,"AC011290.2"
"ENSG00000236017.8",113.110237443503,-0.14293771096741,0.164114927460173,-0.870961058689179,0.38377541592657,0.575282977147379,"ASMTL-AS1"
"ENSG00000236018.2",4.41020712930615,-0.843299821923739,0.274984977187769,-3.06671233660851,0.00216427029571881,0.0188576422285701,"AC004898.1"
"ENSG00000236021.2",7.4650801776002,0.0939484126129349,0.1223469535018,0.767885181640857,0.442555401780415,0.627459202430601,"AL591043.2"
"ENSG00000236028.1",13.4289075083586,-0.918162386654641,0.28992915367189,-3.16685084968625,0.00154099332415642,0.0148575831514889,"AL354766.2"
"ENSG00000236031.1",4.50602910918475,-0.823633949226535,0.239042804961811,-3.44555005266993,0.000569898413601452,0.00737099943991705,"AL591721.1"
"ENSG00000236035.2",4.0131304482006,-0.816462229989515,0.265831664004531,-3.07135055956163,0.0021309280322045,0.0186502315972231,"NSA2P1"
"ENSG00000236039.3",775.983280828282,-0.530675636411226,0.212905157426284,-2.49254476888362,0.0126831340392104,0.06277213808817,"AC019117.1"
"ENSG00000236045.1",4.73160092522688,-0.310894456814327,0.183624964241776,-1.6930947167128,0.0904374397788249,0.229352047726723,"AL031283.2"
"ENSG00000236047.1",9.62322209273861,-0.096239632413727,0.149009865842262,-0.645860808408511,0.518369502886331,0.691872829521914,"RPL13AP12"
"ENSG00000236051.7",3.58632308371179,-1.3728404636536,0.327073986138986,-4.19733920101559,2.70069282097324e-05,0.000826416967726673,"MYCBP2-AS1"
"ENSG00000236053.1",0.984932241483638,-1.85746495706738,0.419426483151371,-4.42858291424823,9.48542533486824e-06,0.000385590067977739,"LINC01067"
"ENSG00000236054.1",2.55989075734693,0.176048317009613,0.349809710009032,0.503268811506311,0.614775291071027,0.765548839229043,"SYN3-AS1"
"ENSG00000236056.1",5.30642233509059,-0.0419403015496535,0.198596485466754,-0.211183503328786,0.832744082905779,0.908753058985353,"GAPDHP14"
"ENSG00000236058.3",23.2432240843461,-0.108595810695814,0.115770731797936,-0.938024740876258,0.348231695749712,0.541972305285126,"RPL17P36"
"ENSG00000236060.2",88.1800159710925,0.190125263822195,0.155819647468955,1.22016232811767,0.222403344620736,0.407044287089355,"HSPB1P1"
"ENSG00000236064.2",13.3297552862135,-0.301522834077649,0.281839172275426,-1.069840049711,0.284691311676316,0.477289430597977,"AL109946.1"
"ENSG00000236065.2",2.87660854603714,-1.08822652267276,0.286667177670049,-3.79613226570813,0.000146971105933226,0.00287660730736914,"AL020995.1"
"ENSG00000236069.2",2.26538901923342,0.643146251735472,0.324275619577268,1.98333211905937,0.047330343953492,0.150259286854545,"AL136987.1"
"ENSG00000236073.2",1.81270844760761,-1.15772691831746,0.577064681898458,-2.00623423098552,0.0448312633018768,0.145276158176892,"AL627311.1"
"ENSG00000236078.2",4.20687266440397,-0.176418097760254,0.250126939778016,-0.705314261297971,0.480614687325938,0.66052032136811,"LINC01447"
"ENSG00000236081.1",36.2898763177231,0.46454308887003,0.302501886552333,1.53567005536563,0.124619322836153,0.2817241199962,"ELFN1-AS1"
"ENSG00000236086.4",4.71030761209246,-0.359089910550517,0.159286397984407,-2.25436644367882,0.0241731245034993,0.0963020024045711,"HMGN2P28"
"ENSG00000236088.10",367.009556271143,-0.307558975119906,0.0729623174016418,-4.21531258974218,2.4943245529947e-05,0.000778290040701525,"COX10-AS1"
"ENSG00000236090.2",30.0955877843965,0.605326113641003,0.169752377766024,3.56593599222125,0.000362559861078932,0.00546433021951149,"LDHAP3"
"ENSG00000236095.1",14.8254161859357,-0.294001565017571,0.178266468567465,-1.64922527147222,0.0991014924802471,0.243030788829174,"AL807757.2"
"ENSG00000236097.1",1.48561584960571,0.53702706768729,0.729113571501426,0.736547896895429,0.461397330083846,0.643755817219071,"BNIP3P2"
"ENSG00000236098.1",2.85343779377962,0.00448200817737587,0.222797066636739,0.0201169981500861,0.983950040326346,0.992235307968652,"AC097059.1"
"ENSG00000236101.1",0.80198160319934,-0.107096883242884,1.31308034264853,-0.0815615615925418,0.934995368818663,0.965893037547467,"RAC1P7"
"ENSG00000236104.3",1236.50464513361,0.00151247394058316,0.0644534664656354,0.0234661380298228,0.981278448980508,0.990721861906223,"ZBTB22"
"ENSG00000236107.10",33.6840569693832,-0.640443695868084,0.241962287798051,-2.6468740302316,0.00812396091097906,0.046600797830673,"SCN1A-AS1"
"ENSG00000236111.5",3.564760281308,-0.0388764003950545,0.167187954426417,-0.232531108646136,0.816125528076844,0.899467384374487,"AL603882.1"
"ENSG00000236114.1",4.82581071317532,-0.455863014892639,0.221269575007244,-2.0602155306608,0.0393779408444546,0.133313990699047,"AL450326.2"
"ENSG00000236120.7",25.207253421461,-0.0359957058385176,0.137130378743213,-0.26249257216683,0.792941711206126,0.8855295985236,"AC110995.1"
"ENSG00000236130.2",5.91295213906118,-0.250870005683159,0.244281208040882,-1.02697218380046,0.304433562310733,0.497696297063392,"PTCSC2"
"ENSG00000236137.1",15.6030099479862,0.0509301852774661,0.115469992572201,0.441068576718063,0.659163351574244,0.797201156404041,"AL445231.1"
"ENSG00000236138.4",3.92424869502767,-0.245726608645062,0.237183200767763,-1.03602029085384,0.300192676384598,0.493229767303579,"DUX4L26"
"ENSG00000236144.8",207.167871003938,-0.104828998735766,0.100036916433231,-1.04790313889506,0.29468323595199,0.487231276050338,"TMEM147-AS1"
"ENSG00000236148.5",2.85801222860112,0.0653847756898619,0.190704325117708,0.342859427280973,0.731704216009993,0.846472374426515,"RPL23AP37"
"ENSG00000236154.1",1.17120819837296,0.26096355864557,0.274655130706669,0.950149949772025,0.342036065848671,0.535322226050045,"AL450311.1"
"ENSG00000236155.6",20.8688726787415,-0.0290235470072858,0.207738718614715,-0.139711784114326,0.888887715354124,0.940917547605394,"ZPLD2P"
"ENSG00000236164.1",10.0965768971131,-1.07952345458426,0.350273093888493,-3.08194798121698,0.00205650772094348,0.0182071473924235,"AL161618.1"
"ENSG00000236165.1",8.09761504849116,0.328337763111409,0.157338050652894,2.08682999280167,0.0369035049272834,0.127609928286669,"PRADC1P1"
"ENSG00000236168.1",3.32472043220193,-0.681455078986818,0.29504849938764,-2.30963750163497,0.0209082315740942,0.0875814989678305,"AL133466.1"
"ENSG00000236173.1",3.55084184634735,0.0197726993205328,0.201039577792857,0.0983522724112853,0.921652571960494,0.958735683985072,"AL049612.1"
"ENSG00000236182.1",4.17732195351325,-0.0510694278685113,0.213717945061996,-0.238957135086139,0.811138821176357,0.896261152083384,"AC009319.1"
"ENSG00000236184.1",4.64533846730803,-0.399192530393766,0.18663580302518,-2.13888505808239,0.0324449784556448,0.11651285381553,"TCEA1P4"
"ENSG00000236187.1",1.43641301132722,-0.508351896038431,0.653116838409661,-0.77834755765334,0.436364146008893,0.621972000590945,"GJA6P"
"ENSG00000236188.1",1.67165264408689,-0.159133702678071,0.390654538732509,-0.407351475281422,0.683749861123311,0.814784675412951,"PRKX-AS1"
"ENSG00000236194.3",5.29808649965403,-0.37605428043487,0.237170219310056,-1.58558811274383,0.112832774548619,0.264182304953409,"AC099811.1"
"ENSG00000236197.4",7.33006631282229,-1.78506758086316,0.399948079302581,-4.46324828956777,8.07264178100981e-06,0.000341090094867204,"PPP1R9A-AS1"
"ENSG00000236200.6",80.5460844497491,-0.417084724976282,0.124158045920891,-3.35930484313544,0.000781388196864489,0.0092379727411204,"KDM4A-AS1"
"ENSG00000236204.6",80.6514019049788,-0.0208843207837823,0.116175389892071,-0.17976544604829,0.857336711704798,0.923373160675073,"LINC01376"
"ENSG00000236206.2",1.49087187546885,-0.109513202955689,0.234512989815797,-0.466981394257557,0.640513189710523,0.78356074315754,"AL356441.1"
"ENSG00000236208.1",1.43120811352221,-0.505425196286025,0.393532934306615,-1.2843275675937,0.199027364936332,0.37968598880283,"C10orf71-AS1"
"ENSG00000236209.1",7.88040532467496,-0.0678967871068978,0.213337454724138,-0.318260041091676,0.75028769223628,0.858337163687117,"AC104135.1"
"ENSG00000236212.2",28.4733820462128,0.130163660187927,0.296469635309081,0.439045503099251,0.660628565650737,0.798457374435853,"AC009262.1"
"ENSG00000236213.2",13.0738684135957,-0.470319802126673,0.149840711630819,-3.13879850814816,0.00169642051837183,0.0159364921890952,"AC006369.1"
"ENSG00000236230.2",4.60069814569505,-0.366675742240069,0.249350307228776,-1.47052452557697,0.141419748270098,0.305460644757395,"AL356108.1"
"ENSG00000236234.1",7.85714749180062,-0.338422636421264,0.155317377082995,-2.1789103239905,0.0293383306782842,0.109062197774913,"AC091132.2"
"ENSG00000236235.1",2.9305283693183,0.733058478798117,0.617585183719277,1.18697549443046,0.235237286744564,0.422447542347849,"AP000542.1"
"ENSG00000236241.1",4.09659727359766,-0.771219206238002,0.337332223605725,-2.28623046442016,0.0222407794135934,0.091211634347424,"AC119744.1"
"ENSG00000236242.1",27.4628614936656,0.19945685710047,0.31358170881788,0.636060240415074,0.524737158937423,0.69679619625493,"MYO16-AS1"
"ENSG00000236254.1",1.24338456667838,-0.178364921841013,0.374326667464514,-0.476495364461102,0.633721509042268,0.778731868700459,"MTND4P14"
"ENSG00000236255.2",134.867981884263,-0.0192181931664355,0.107734982258812,-0.178383963718187,0.858421442423162,0.924093028182311,"AC009404.1"
"ENSG00000236256.9",15.3447157107667,-0.367617715749332,0.197061718957771,-1.86549532650789,0.0621120066696019,0.179738812520735,"DIAPH2-AS1"
"ENSG00000236262.1",2.37116252925978,-0.617793697929793,0.366031112166108,-1.68781744883324,0.0914462770346343,0.231059070504724,"SHANK2-AS2"
"ENSG00000236264.5",82.5591381714098,-0.3787844049488,0.219135357757131,-1.72854079243848,0.0838913141624898,0.218559217800904,"RPL26P30"
"ENSG00000236266.1",7.18747056244362,-0.412667543131493,0.195167398691132,-2.11442866943455,0.034478671148245,0.121393654667779,"Z98884.1"
"ENSG00000236268.6",3.84118009076135,0.0693203457532411,0.302462394911606,0.229186658967968,0.818723841245886,0.901303863323606,"LINC01361"
"ENSG00000236272.1",1.68715605629896,-0.194043662425385,0.384523914176409,-0.504633535838719,0.613816250931435,0.764930229510933,"SCUBE1-AS2"
"ENSG00000236274.1",2.31587913645471,-0.776120818032995,0.498202649102125,-1.55784161210652,0.119270799012786,0.273816212352274,"AC004865.1"
"ENSG00000236276.2",0.464341822428481,0.236251332612139,0.618708761662866,0.381845784722978,0.702575756003118,0.826735984490028,"NDP-AS1"
"ENSG00000236278.2",2.46030961629896,-0.775499200077113,0.318506732990837,-2.43479688104246,0.0149001511795812,0.0700417238127645,"PEBP1P3"
"ENSG00000236279.7",13.320643682224,-0.236537174803376,0.294345391897666,-0.803604137569144,0.421625632799093,0.609437858410984,"CLEC2L"
"ENSG00000236283.5",26.6368614328589,-0.469680892850197,0.175647272000221,-2.67400049828047,0.00749523401421801,0.0441115124686866,"AC019197.1"
"ENSG00000236285.1",2.85223908085323,-0.243897381717845,0.225254215356789,-1.0827650054474,0.278912742062688,0.471386462332762,"NPM1P8"
"ENSG00000236287.8",1838.13856294614,-0.215936362123233,0.0536270620864961,-4.02663046830618,5.65818497336739e-05,0.00145241289374187,"ZBED5"
"ENSG00000236289.4",2.86695201817156,-1.15650794798223,0.556110321098748,-2.07963762603296,0.0375587831188419,0.128986529706819,"GACAT3"
"ENSG00000236296.8",19.1092456962161,-0.136391329265108,0.131959279098549,-1.03358649878081,0.301329513784743,0.494195246425392,"GUSBP5"
"ENSG00000236301.5",0.99780746310048,0.903975605711068,0.676357119022882,1.33653595162423,0.181374157672699,0.358284854935019,"MRGPRG-AS1"
"ENSG00000236304.1",34.1824262280165,-0.549515046948459,0.203666717398444,-2.69810921473935,0.0069734558438144,0.0420745316071245,"AP001189.1"
"ENSG00000236305.1",19.1881885175724,-0.0189828185136718,0.1381506757611,-0.137406628010262,0.890709392347317,0.942037161263675,"SLC12A9-AS1"
"ENSG00000236307.2",8.36632188927133,-0.0457847394279366,0.158239244490846,-0.289338713511016,0.772322189512638,0.87274609472665,"EEF1E1P1"
"ENSG00000236308.1",12.8560497055486,-0.152450014256405,0.10419388076281,-1.46313788430096,0.143429653374806,0.308296432939985,"AL138921.2"
"ENSG00000236312.3",4.34254847407916,-0.214189288283849,0.156698975851211,-1.36688377904413,0.171661737118296,0.345973376952565,"RPL34P34"
"ENSG00000236318.2",32.3045212762759,-0.859926045948143,0.231543456486071,-3.71388619224431,0.000204100609058273,0.00365329117063283,"AC019117.2"
"ENSG00000236319.2",2.47914954128148,0.213385072369071,0.235476671458205,0.906183491755978,0.364838739244873,0.557617231128841,"AC105021.1"
"ENSG00000236320.4",14.4608929596894,-0.703752026927568,0.196018710366108,-3.59022883893663,0.000330387775583648,0.00513520084617479,"SLFN14"
"ENSG00000236324.1",1.97242453257265,-1.12922173644488,0.5673102070481,-1.99048372903528,0.0465376746130154,0.148707054505339,"SNX9-AS1"
"ENSG00000236327.2",2.19938608989681,-2.95372746670042,0.446455159769802,-6.61595549309679,3.69159432596894e-11,2.92629166415437e-08,"AL831737.1"
"ENSG00000236330.1",9.2832360107161,-0.175857682648595,0.150078701794224,-1.1717697484465,0.241289511332443,0.429378999454329,"RPL5P9"
"ENSG00000236333.4",32.8337590333159,0.0677239954637574,0.290077114243745,0.233468936838811,0.815397287922478,0.898997314528034,"TRHDE-AS1"
"ENSG00000236337.1",12.0682478992863,-0.471426469481309,0.144154566400198,-3.27028467605077,0.00107439302334953,0.0115647484404708,"FMR1-IT1"
"ENSG00000236345.1",115.44958492442,0.187699295944061,0.211884998690145,0.885854577267871,0.3756958955404,0.567384679684648,"SCAT8"
"ENSG00000236347.1",4.61789870622372,0.383128729908572,0.430886041020336,0.889164868282402,0.373914480701799,0.565825862733739,"AL513123.1"
"ENSG00000236349.1",12.8438949279508,0.152235159119203,0.114018149349054,1.33518356497044,0.181816274544279,0.358836281249789,"SUCLG2P2"
"ENSG00000236358.1",4.93382835666186,-0.0114603960615868,0.195408785156832,-0.0586483153886295,0.953232226769442,0.975500584816495,"AL355472.2"
"ENSG00000236360.2",5.85366818701913,-0.172596928272749,0.269971693232212,-0.639314908190364,0.522618091998302,0.695216372109768,"RRAS2P1"
"ENSG00000236364.4",17.6802257098474,-0.0144613466347338,0.187701069500529,-0.0770445617236775,0.938588095165654,0.967966374940801,"AL358115.1"
"ENSG00000236366.3",3.44604023246203,0.813327601608144,0.348556631834989,2.33341594255818,0.0196263253349447,0.0842469377741507,"AL359313.1"
"ENSG00000236375.3",2.0883217350271,-0.394917245148593,0.427919241305414,-0.922877980302674,0.356070796928512,0.54949330346213,"POU5F1P5"
"ENSG00000236377.1",4.79479174635603,0.202092321611624,0.14956976742627,1.35115755736697,0.176644967122599,0.352390250489106,"AC084809.2"
"ENSG00000236383.8",81.2614921954171,-0.243472174293759,0.116883026849265,-2.08304131794727,0.0372474575419745,0.128292944749116,"CCDC200"
"ENSG00000236384.7",4.87929852937433,-0.545088705872897,0.232473232056913,-2.34473750396972,0.0190404794005138,0.0825517229693069,"LINC00479"
"ENSG00000236385.1",2.83053733024192,0.047727652198246,0.362992246609755,0.131483943924447,0.895392487195614,0.94454257241185,"AC026355.3"
"ENSG00000236388.1",1.34771636015173,-0.346686567043726,0.455891620976326,-0.760458299938198,0.446980686177912,0.631658101062325,"ITCH-AS1"
"ENSG00000236390.1",2.25069221938695,-1.30350679386942,0.475226486208984,-2.74291697053306,0.0060896081038323,0.0383761731215008,"AC092800.1"
"ENSG00000236393.2",19.7286797539326,0.0938551100142306,0.222158709383477,0.422468739914326,0.672682913112036,0.807020728126518,"AC091806.1"
"ENSG00000236397.3",33.3849858208349,0.192758736202841,0.164535584570766,1.17153220505887,0.241384920620624,0.429525823742513,"DDX11L2"
"ENSG00000236404.10",30.2369416029438,-0.0249480073612094,0.146124201347686,-0.170731522438562,0.864434875406432,0.927832989975581,"VLDLR-AS1"
"ENSG00000236409.2",14.7364361971093,-0.165956078527896,0.148648858818522,-1.11643022251858,0.264238022817281,0.455911924422457,"NRADDP"
"ENSG00000236411.1",6.52426984592759,-0.44939329549998,0.17116270073166,-2.62553286188511,0.00865134574339452,0.0486816238836809,"NDUFAF4P3"
"ENSG00000236423.6",38.2506837013608,0.213719428783265,0.136316139113718,1.56782190408852,0.116922701506763,0.270158795017818,"LINC01134"
"ENSG00000236424.7",0.0916866020687164,0.748978492210823,2.42208031747823,0.309229420183154,0.757147015803652,0.862697106630233,"TSPY10"
"ENSG00000236426.5",5.33600616491572,-1.29890230707004,0.263131367909255,-4.93632635816338,7.96078503589068e-07,6.29544931591231e-05,"AL583824.1"
"ENSG00000236427.1",2.02731920061424,-0.493480734462854,0.355017809978625,-1.39001684026096,0.164523763674587,0.336276241211921,"AL589986.2"
"ENSG00000236431.1",33.2334609412623,-0.0558211829002602,0.155051276914171,-0.360017563293982,0.71883399940177,0.838517933572164,"AC009237.8"
"ENSG00000236432.8",80.7417884822934,-0.489901868288771,0.115864027874724,-4.22824820848166,2.35517890902329e-05,0.000749919463523719,"MFF-DT"
"ENSG00000236434.2",5.76588109535143,-0.480632211121716,0.196782064522789,-2.44245944002714,0.0145875686981203,0.0690059569006136,"AL162430.2"
"ENSG00000236438.7",54.386451604501,-0.264001028827982,0.130670086437896,-2.02036316057275,0.0433457317372362,0.142080284210673,"FAM157A"
"ENSG00000236439.4",124.014162856072,0.179136495978122,0.109390013608869,1.63759460364121,0.101506289522595,0.246783182202114,"AC099336.2"
"ENSG00000236444.5",9.53545149148133,0.0421207745307138,0.102593505099496,0.410559854543081,0.681395305937244,0.813019887487678,"UBE2L5"
"ENSG00000236449.2",47.8039755225516,-0.215452814223645,0.28474780119066,-0.756644347463751,0.449262964894469,0.633338054015109,"AC010894.2"
"ENSG00000236451.3",2.53938225345966,-0.706885837871046,0.296678726495755,-2.38266439330007,0.0171878558071239,0.0771015415606617,"AC067956.1"
"ENSG00000236452.1",4.03375570192831,-0.923740073299566,0.313881259207771,-2.94296026348009,0.00325090142553124,0.0250074540573502,"AC123023.1"
"ENSG00000236453.5",8.9838684964244,1.27159047754403,0.381374619228412,3.33422942543129,0.000855360742682193,0.00986747235139233,"AC003092.1"
"ENSG00000236456.1",19.9375817363458,0.0766592354360734,0.0917329732601293,0.835678085116559,0.403336027144476,0.593095108507621,"AL035458.1"
"ENSG00000236457.1",0.882556311848222,-0.26209387176857,0.541424846908636,-0.484081721156765,0.628327873135675,0.775435366434593,"AC090617.1"
"ENSG00000236459.1",3.02717407374657,-0.169043330189189,0.234442717793047,-0.721043211665933,0.470882928784738,0.651692107916125,"HNRNPA1P22"
"ENSG00000236463.1",2.86978497298151,-0.770326199477458,0.256390534014913,-3.00450327636765,0.00266014893724348,0.0217389147195992,"LINC00427"
"ENSG00000236466.2",5.96976508624651,-1.16117807035066,0.283604405683015,-4.09435836355981,4.23339105614366e-05,0.00116289016858243,"AL035670.1"
"ENSG00000236467.8",4.90857429505613,-0.890510902733759,0.26922398460647,-3.30769527847022,0.000940671034196519,0.0105372139409125,"KCNMA1-AS1"
"ENSG00000236468.1",5.75459945853729,-0.31919896740134,0.173323093370798,-1.841641302342,0.065527635370978,0.186049084462389,"AC099335.1"
"ENSG00000236474.1",3.15579319693493,-0.490277551716116,0.284508180930489,-1.72324588387108,0.0848440694044196,0.220051272131187,"GCNT1P1"
"ENSG00000236478.2",2.28999043271775,-0.865281799841688,0.249629185834858,-3.46626856530355,0.000527735850468234,0.00699160750880975,"AC012513.2"
"ENSG00000236480.1",6.71913330880185,0.216492465363481,0.173116038420049,1.25056272855658,0.211094055913101,0.393634726308662,"PKMP1"
"ENSG00000236481.1",17.2842238628492,0.240520004645295,0.204017566995282,1.17891811076669,0.238430785342902,0.426045305733214,"LINC02195"
"ENSG00000236483.1",4.96553074792883,-0.580282401529395,0.244035822104647,-2.37785746586236,0.0174135555321494,0.077860529724933,"MTND2P40"
"ENSG00000236489.1",3.48721109226793,-0.482640608684364,0.260194993314801,-1.85491889192669,0.0636078097552743,0.182575636708539,"AC133473.1"
"ENSG00000236493.2",7.60058587768582,0.0989451050667515,0.10846695318721,0.912214293472189,0.361655921053681,0.554713469991716,"EIF2S2P3"
"ENSG00000236494.2",4.80398699423117,-1.07952963413369,0.226497712474511,-4.76618338587052,1.87748386893682e-06,0.000119751545965459,"AC008080.4"
"ENSG00000236495.2",2.85426835415782,-0.300496451016349,0.269350968639065,-1.11563159596066,0.264579861729218,0.456194382751611,"AL158168.1"
"ENSG00000236496.2",11.3141578206817,-0.135951153394785,0.217715724417061,-0.624443428506589,0.532336411700984,0.702025925295144,"GPS2P1"
"ENSG00000236498.1",9.17271191094527,-0.154295449923605,0.165262056337306,-0.933641111234165,0.350489051218966,0.544052218492774,"AC107081.1"
"ENSG00000236499.2",33.0338727922399,-0.0610036258199222,0.193489289071747,-0.315281668109813,0.752547802496596,0.859770563416463,"LINC00896"
"ENSG00000236501.6",6.29895217918158,0.0289071036152102,0.190961113701082,0.151376911534248,0.879678401496637,0.93566125750064,"AC074286.1"
"ENSG00000236510.1",4.03007591278096,-1.45857243176251,0.284559514358803,-5.12572013291879,2.96402621836047e-07,3.10318631722878e-05,"AC011284.1"
"ENSG00000236514.1",6.85241224668555,0.0227329450362758,0.125127881842733,0.181677694063804,0.855835672189222,0.922831229245879,"AL135791.1"
"ENSG00000236516.1",2.45962324031178,-0.332828853800133,0.653430069041344,-0.509356501283192,0.610502360497585,0.762223621392264,"KLF2P4"
"ENSG00000236519.1",7.00557464561996,-0.192794913652485,0.146374223152025,-1.31713705802043,0.187792687225653,0.366016208475336,"LINC01424"
"ENSG00000236520.2",1.76354870654847,-0.372616211302766,0.70389538247291,-0.529363056756671,0.596553620634076,0.751800276015229,"GPC6-AS1"
"ENSG00000236521.1",0.741506685159371,-1.63294325696784,0.657450952278741,-2.48374916989324,0.0130007345919398,0.0638962882742031,"NPAP1P4"
"ENSG00000236525.1",3.26056157629348,-0.712961285416471,0.301923044227919,-2.36140069148966,0.0182060473864725,0.0803039130415779,"AC007278.2"
"ENSG00000236526.1",11.3609468840863,-0.630482686249151,0.21421475338353,-2.94322718809351,0.0032480995904113,0.0250032322921534,"AL035448.1"
"ENSG00000236529.2",37.6311719956962,-0.021095102249438,0.156352910205654,-0.134919792805207,0.892675290241581,0.943277317358458,"AC093582.1"
"ENSG00000236530.2",0.779194786015146,1.06596772967406,0.365387483765515,2.9173624632368,0.00353005292163118,0.0264344004797606,"KPNA2P1"
"ENSG00000236532.6",4.44462263433434,0.159671767355427,0.269565246449625,0.592330686015437,0.553629171332709,0.718735660018712,"LINC01695"
"ENSG00000236533.1",1.96967247909805,-0.0828470223522915,0.24490118774842,-0.338287548190244,0.735146506283943,0.848655777867938,"RPS12P4"
"ENSG00000236534.1",8.78992054606495,-0.0716009160552028,0.160593633837614,-0.445851521907792,0.655704502213064,0.794843254767141,"H3P36"
"ENSG00000236535.1",3.1408416144611,-2.57420558194279,0.453182686355344,-5.68028227787223,1.34472627163187e-08,3.02499809198917e-06,"RC3H1-IT1"
"ENSG00000236540.7",51.2286022364646,-0.226828819548442,0.100332492144002,-2.26077130848983,0.0237734221548587,0.0953119006941097,"AC006547.1"
"ENSG00000236548.2",34.3329186480171,-0.528347479443665,0.148582154051533,-3.55592825273228,0.000376646864381651,0.0056005824278063,"RNF217-AS1"
"ENSG00000236549.1",1.85157990431944,-1.35207222375672,0.34647792583157,-3.90233294231273,9.52699893052758e-05,0.00213383541078191,"RPS27AP7"
"ENSG00000236552.2",505.708007002766,0.0233137315540985,0.128892431908994,0.180877427858289,0.856463786562981,0.92304816946044,"RPL13AP5"
"ENSG00000236554.1",2.65660587520603,-0.0870670898367879,0.255294464269817,-0.341045741378739,0.733069147075683,0.847315342091054,"ASNSP3"
"ENSG00000236556.1",0.707398334331904,-0.619387760350121,0.8731129973765,-0.70940160347084,0.478075292993918,0.65816885636757,"AC025038.1"
"ENSG00000236559.1",7.04262709076617,-0.639347372200648,0.205731031764777,-3.10768563554207,0.00188558522802558,0.0172247622634195,"BCL2L1-AS1"
"ENSG00000236562.4",5.69075225128142,0.00374093799392579,0.161544979785233,0.0231572531619317,0.981524836489771,0.990729199946157,"IFITM3P1"
"ENSG00000236564.1",3.11811056858271,-1.7162876456171,0.4056708492141,-4.23073940102435,2.32924396924252e-05,0.000744932943976861,"YWHAQP5"
"ENSG00000236565.3",13.1316078757877,0.0261816604404857,0.14643173350681,0.178797722416282,0.858096533715005,0.923920866037567,"HNRNPA3P5"
"ENSG00000236576.1",2.29579912990026,-1.03829112864116,0.595835108392047,-1.74258131824953,0.0814067756438395,0.214590323159964,"AC241520.1"
"ENSG00000236577.1",6.61053772903163,-0.449436896862212,0.14019585740508,-3.2057787240005,0.00134697525144806,0.0135463430190258,"SNRPGP14"
"ENSG00000236581.9",11.8047262529382,-0.310325416559695,0.237879420906354,-1.30454923497506,0.192046383999791,0.371257708890085,"STARD13-AS"
"ENSG00000236583.1",3.41316155940423,-1.17957754770228,0.307219387982496,-3.83952834307935,0.000123270898658396,0.00254187249001662,"AP004290.1"
"ENSG00000236603.2",16.5974511948692,-0.0294062947898716,0.160588218002597,-0.183116141119369,0.854706891127275,0.922229560907481,"RANP1"
"ENSG00000236609.4",474.521455583932,0.176383640861845,0.132408578531887,1.33211641434069,0.182821937319606,0.359975785803575,"ZNF853"
"ENSG00000236617.2",8.50089687786759,0.0800851879134724,0.147921355484942,0.54140382672213,0.588229270160328,0.745259041458551,"AC127070.1"
"ENSG00000236618.2",13.3115063637547,-0.0300516772678634,0.128088071818194,-0.234617297624077,0.814505782691016,0.89851631076723,"PITPNA-AS1"
"ENSG00000236627.1",1.2972790869862,-0.736481747686638,0.544534288729059,-1.35249838794465,0.176215934134836,0.351838516839559,"AL590302.2"
"ENSG00000236636.2",2.09134519979361,-1.4302650279619,0.622845950301265,-2.29633832775198,0.0216565442405839,0.0895935189395202,"AL627308.2"
"ENSG00000236643.1",4.32936328270117,-0.000169549622049675,0.151289955243855,-0.0011206931866454,0.999105816396154,0.999453178558766,"AL354928.1"
"ENSG00000236646.1",1.62675537836615,-0.0464233976147303,0.338481443837993,-0.137151972315947,0.890910672605456,0.942098104059211,"LAMTOR5P1"
"ENSG00000236663.1",12.3563963614195,0.167211826809797,0.243157280961086,0.68766942181985,0.491660980197273,0.669620331916867,"FRGCA"
"ENSG00000236668.2",0.839672480676966,-0.0131547185724118,0.558144633973686,-0.0235686554554101,0.981196674525996,0.990721861906223,"AC006450.3"
"ENSG00000236670.1",8.19795968563272,-0.133715993983728,0.138413120123269,-0.96606444435789,0.334011934786981,0.527575260804289,"KRT18P5"
"ENSG00000236671.9",13.0561136795298,0.136203903138681,0.226406536259505,0.601589977873099,0.547447101735868,0.714148293467104,"PRKG1-AS1"
"ENSG00000236675.1",120.235420015468,0.330285410370247,0.102189384906195,3.23209118709768,0.00122887834291682,0.0127059151151335,"MTX1P1"
"ENSG00000236682.2",98.0843076102679,0.130326760387343,0.100657255438967,1.29475773821755,0.195403815135781,0.375095741466823,"MAP3K2-DT"
"ENSG00000236683.3",3.41372211814967,0.495826881015237,0.211245808052185,2.3471560718154,0.0189173288710586,0.0822212310840933,"HMGA1P1"
"ENSG00000236687.1",9.05637266547356,-1.77524035221935,0.743756238816906,-2.38685776275735,0.0169930644079768,0.0765044074827278,"AL160271.2"
"ENSG00000236698.1",20.8033911378127,-0.303835454349303,0.134266611347212,-2.26292636196492,0.0236402290243814,0.0948943989521013,"EIF1AXP1"
"ENSG00000236699.9",790.265775980821,-0.419610823095104,0.128097379800063,-3.27571745612628,0.00105393942411306,0.0114035766158584,"ARHGEF38"
"ENSG00000236700.6",29.9155497525745,-0.177376742430951,0.177070477647681,-1.00172962081166,0.316474196537426,0.510520767821211,"LINC01010"
"ENSG00000236708.1",7.66033419153673,-0.720835291159401,0.191635623555195,-3.76148900599259,0.000168904846677006,0.00317901573028568,"SDK1-AS1"
"ENSG00000236709.1",3.01805695605754,-2.02344639082781,0.382968270966582,-5.28358755601551,1.26678276895311e-07,1.70060478736919e-05,"DAPK1-IT1"
"ENSG00000236710.1",5.94204579128235,-0.0491677600862866,0.175563056580322,-0.280057553359991,0.779433349582157,0.877419256386771,"AC108448.2"
"ENSG00000236711.2",4.76395613690625,-0.639575904435389,0.225893282967967,-2.83131882467742,0.00463564876058099,0.0317626372064258,"SMAD9-IT1"
"ENSG00000236713.1",1.63639695602976,-0.235353172227311,0.259939235834519,-0.905416111852928,0.365244983255955,0.557956374577429,"AL356292.1"
"ENSG00000236714.3",21.544197950305,0.0353514706985918,0.231551507027654,0.152672168505342,0.878656809739189,0.935144281796505,"LINC01844"
"ENSG00000236719.5",1.98350070205657,0.297612353495731,0.301991992461004,0.985497499686722,0.32437975898153,0.517890726311422,"OVAAL"
"ENSG00000236724.1",1.61763484620066,-0.981525723453987,0.59701880028184,-1.6440449161578,0.100166924790952,0.244580669385051,"AL137071.1"
"ENSG00000236732.1",9.27262128882413,-0.786444028111334,0.206959615508393,-3.7999878680652,0.000144703171775664,0.00285234025928193,"AC094019.2"
"ENSG00000236735.3",6.92279830701805,-0.143145354123826,0.1581419012571,-0.905170312143309,0.365375167116457,0.558078425416718,"RPL31P63"
"ENSG00000236740.6",14.3494078801145,-0.829792306276449,0.254186369464331,-3.2645035531415,0.00109656087663422,0.0117312986072568,"AL033384.1"
"ENSG00000236745.2",1.57271774691836,-0.465159378794282,0.29943856051525,-1.5534384682917,0.120318418689665,0.275274908493778,"YRDCP2"
"ENSG00000236751.2",21.7152137978034,-0.0660657804718799,0.183117189354473,-0.360784155243841,0.718260808462724,0.838079371709434,"LINC01186"
"ENSG00000236753.7",245.865009117019,0.0109028021355741,0.0787748806948073,0.13840455281442,0.889920699021859,0.941591871624444,"MKLN1-AS"
"ENSG00000236754.5",4.04783667028351,-0.0780036014388558,0.166487012118493,-0.468526646290815,0.639408020247671,0.782737210728447,"AC007666.1"
"ENSG00000236756.4",17.5115646772704,-0.186570640479521,0.127341967897719,-1.46511510352482,0.142889516627792,0.307552409948866,"DNAJC9-AS1"
"ENSG00000236761.6",8.07116256979405,-0.501693431452827,0.179738073718305,-2.79124740281297,0.00525053221537757,0.0346773601152531,"CTAGE9"
"ENSG00000236762.1",5.57919533491588,-0.0074787911898362,0.160942946409487,-0.0464685862703665,0.962936771552795,0.981517692885594,"RPL19P16"
"ENSG00000236768.1",3.65724683727808,0.00914281752779354,0.150858985586777,0.0606050577115569,0.95167374545948,0.974684652769633,"AC124916.1"
"ENSG00000236772.1",14.8252100038064,0.0322301250143978,0.149684205740389,0.215320813942771,0.829517203017269,0.907085207910856,"AL034550.1"
"ENSG00000236773.1",5.25769968042994,0.0459667724726812,0.160447268261839,0.286491462090003,0.774501731819841,0.874238243972317,"AC092809.3"
"ENSG00000236776.1",2.02550446749209,-0.357373774792826,0.404351751610208,-0.883819034713446,0.376793909347888,0.568393695268774,"RPL21P23"
"ENSG00000236778.8",61.8463585624364,-0.120883383075145,0.105123572269449,-1.14991700210968,0.250178057457417,0.44002208605472,"INTS6-AS1"
"ENSG00000236779.1",2.55508339499249,-0.979996115453351,0.292094499978154,-3.35506528033443,0.000793462578642936,0.00932465571152816,"AL512306.1"
"ENSG00000236780.7",13.8766614771741,-0.405072134009158,0.139609804752121,-2.90145906821063,0.00371429300294067,0.0273160938694287,"LINC01829"
"ENSG00000236782.7",5.84331531192757,-0.229232838899797,0.126665465887906,-1.80975009481005,0.0703345501770705,0.194650721450142,"AL391650.1"
"ENSG00000236790.6",57.9395977846433,-0.471138721070485,0.156100480023503,-3.01817599151231,0.00254301174554383,0.0211467535223091,"LINC00299"
"ENSG00000236801.1",35.8848035898463,-0.122850042310448,0.133040653600354,-0.923402275814745,0.355797606176273,0.549347015833913,"RPL24P8"
"ENSG00000236804.1",3.755864760538,-0.587234717137781,0.243135601697073,-2.41525598488628,0.0157241544390375,0.0726580043387915,"RPS3AP12"
"ENSG00000236806.1",4.56157813648139,-0.906080774138906,0.215073013081775,-4.21289849970344,2.52114374715793e-05,0.000783720249991867,"RPL7AP15"
"ENSG00000236809.2",35.7964706986559,0.052832167541421,0.116051542058617,0.45524744095805,0.648931233799346,0.789824799549668,"SNX25P1"
"ENSG00000236810.6",39.0699916060236,-0.232643069744203,0.0948115684600279,-2.4537413896099,0.0141378615211739,0.0675407983389933,"ELOA-AS1"
"ENSG00000236811.1",8.3367193578837,-0.1380772678096,0.131466675002559,-1.05028341065835,0.293587830041673,0.486125449705036,"GAPDHP2"
"ENSG00000236814.1",19.8811546911357,-0.0797173435517947,0.131897290877808,-0.60438954448008,0.545584685426925,0.712738902566946,"AC046176.1"
"ENSG00000236816.3",4.86142555544427,-0.882899059152465,0.293133465903137,-3.01193538728945,0.00259587844591812,0.0214120413344131,"ANKRD20A7P"
"ENSG00000236819.2",2.121717573192,0.178978103947491,0.228378606888072,0.783690321901331,0.433221842728477,0.619156677826108,"LINC01563"
"ENSG00000236824.2",30.8646349822988,0.412175738533705,0.160278514444385,2.57162190429913,0.0101223371837704,0.054145721699754,"BCYRN1"
"ENSG00000236829.9",28.3204096666589,-0.11176365494158,0.101176622480582,-1.10463911723314,0.269315994110517,0.461065325855991,"Z97634.1"
"ENSG00000236830.7",218.496707372339,-0.310819164337418,0.11935998342215,-2.60404832026592,0.00921297668656771,0.0508079564064765,"CBR3-AS1"
"ENSG00000236833.1",7.39803503036864,0.127807943756715,0.239585589164261,0.533454220692251,0.593719192822615,0.749566254512744,"AC024560.1"
"ENSG00000236838.2",1.0834973758076,-0.281603721557173,0.447182305765673,-0.629729123729541,0.52887182447348,0.699719029255904,"AC090617.2"
"ENSG00000236841.8",16.5480468362825,-0.441430394421586,0.179795058876623,-2.45518646162851,0.0140811528606146,0.0673471946830113,"AC007750.1"
"ENSG00000236846.1",5.57054215305773,-0.334228621747247,0.170068759877872,-1.96525582939076,0.049384635140998,0.154410467482086,"AL359979.2"
"ENSG00000236848.2",2.60471323009026,-0.323270826604423,0.215823343581266,-1.49784921890388,0.134172429762383,0.29547577087439,"RPL23AP95"
"ENSG00000236849.6",5.27704456567798,-0.3623100199474,0.206173651883771,-1.75730514853397,0.0788658107085327,0.209864312244736,"LINC01474"
"ENSG00000236859.7",207.439777939774,-0.13514320742672,0.0586044898203924,-2.30602139598688,0.0211094368298457,0.0881267640554529,"NIFK-AS1"
"ENSG00000236861.6",24.0525981760214,-0.280358899256154,0.135475217500743,-2.06944786233405,0.0385040790922909,0.131155750482877,"BET1-AS1"
"ENSG00000236863.2",2.48504569181755,-0.423771824603274,0.411211141460962,-1.03054558078773,0.30275396689597,0.495823100982219,"RPL23AP23"
"ENSG00000236867.1",4.04633027063767,-1.07494297726524,0.249311621788565,-4.31164407641164,1.62045131442137e-05,0.000564918173937494,"Z98885.1"
"ENSG00000236869.1",6.08087567899485,-0.273808750845023,0.141099571029759,-1.94053567170146,0.0523146233356641,0.160481963946767,"ZKSCAN7-AS1"
"ENSG00000236871.7",69.4916337484439,-0.179976454423005,0.160596485699901,-1.12067492410338,0.262426259778946,0.453971128210717,"LINC00106"
"ENSG00000236876.3",16.9059789188975,-0.186545031942432,0.164948138208362,-1.13093141861831,0.258083958112761,0.449026077975693,"TMSB4XP1"
"ENSG00000236882.8",15.2619904840605,0.0659325619913014,0.172682929617014,0.381812852825292,0.702600184578165,0.826735984490028,"LINC01554"
"ENSG00000236890.2",2.48608468571283,-0.0944626564550686,0.247852340621817,-0.381124730224774,0.703110697746133,0.827102835844181,"AC016027.5"
"ENSG00000236896.1",3.89189262327268,-1.31058385690712,0.261345641531099,-5.01475306505607,5.31016194591803e-07,4.6159587902206e-05,"AL354726.1"
"ENSG00000236900.1",2.25304002560792,-2.22958188152232,0.627183860550265,-3.55490952775184,0.000378109170193904,0.00561673337226884,"TIMM9P1"
"ENSG00000236901.6",229.561828856005,-0.416715601307026,0.124637425228022,-3.34342273634625,0.000827517341202123,0.00964316935269243,"MIR600HG"
"ENSG00000236908.2",13.3019089833428,-0.240266320115155,0.202715997942791,-1.18523610644169,0.235924107818969,0.423245072585438,"LINC02827"
"ENSG00000236911.6",1.69222239564525,-0.421504139379473,0.403849035996729,-1.04371708685442,0.296616302014311,0.489358104210232,"AL137789.1"
"ENSG00000236914.4",64.3644335157307,-0.0601630960784082,0.0988387602678211,-0.608699420302174,0.542723691344536,0.710618628069911,"LINC01852"
"ENSG00000236915.2",3.5055069954806,0.0241962945855079,0.239407128214306,0.101067561212499,0.919496828559694,0.957577900880161,"CLCA4-AS1"
"ENSG00000236921.1",1.38424507026374,0.795519039543327,0.381032041598693,2.08780090043234,0.0368157983207069,0.127386029254967,"AL157937.1"
"ENSG00000236924.1",4.73577312248493,-0.258777253630904,0.262982559425167,-0.98400918371372,0.325110997438342,0.518709945737995,"AL162411.1"
"ENSG00000236935.1",10.1697768468615,-0.341314988150513,0.132321195499962,-2.57944305038123,0.0098959774185484,0.0533548345499033,"AP003774.2"
"ENSG00000236936.1",4.81861677515949,-1.08556477930987,0.261478143429361,-4.15164634822771,3.30092074930853e-05,0.000966743680583644,"AL031005.1"
"ENSG00000236939.2",6.95520884860398,-0.463334333876213,0.228652502271776,-2.02636896282681,0.0427269890403586,0.140578085395855,"BAALC-AS2"
"ENSG00000236942.1",5.64360534844518,-0.272627616715065,0.177299470582568,-1.5376674043034,0.124129957396778,0.280903933633152,"AC096533.1"
"ENSG00000236953.1",6.55448750365084,-0.174977712974886,0.153779025159331,-1.1378516204898,0.255182445762113,0.44571581589413,"ZDHHC20-IT1"
"ENSG00000236956.2",0.744044718632022,0.408101970328269,0.916904875941925,0.44508648719861,0.656257253702914,0.795198580667713,"NF1P8"
"ENSG00000236963.7",3.48177005474281,0.0160469858957401,0.167954101614685,0.0955438762225325,0.92388284145189,0.960013465682203,"LINC01141"
"ENSG00000236969.2",2.78288878807553,0.803341268017526,0.319018413194304,2.51816583241619,0.011796776455683,0.0598066207612387,"GGT8P"
"ENSG00000236973.2",1.74814840708117,-0.438741460836721,0.474650888163769,-0.924345601741172,0.35530640736114,0.54884314110678,"GAPDHP51"
"ENSG00000236975.2",29.126092674261,0.227914922608939,0.197249274735866,1.15546646705869,0.247899456888015,0.43723864262411,"LINC02814"
"ENSG00000236977.1",6.16404912754421,-0.665568471337457,0.232588547697007,-2.86157026185354,0.00421548054678036,0.0298227781223881,"ANKRD44-IT1"
"ENSG00000236986.6",3.59367103404331,-0.887883743313291,0.230832136049664,-3.84644771957689,0.000119842687651756,0.00249995150375307,"AL157938.2"
"ENSG00000236991.6",11.0437317251809,-0.64175196771822,0.19581906307662,-3.27727013721394,0.00104816035697363,0.0113606019677422,"EDRF1-AS1"
"ENSG00000236992.2",11.2516744503492,-0.252235781977369,0.139034572461106,-1.81419468203084,0.0696477586182127,0.19344146389223,"RPL12P12"
"ENSG00000236993.2",3.38136238464355,0.152050260206473,0.215903035518199,0.704252535595574,0.481275519353438,0.661101038322978,"GAPDHP21"
"ENSG00000236998.2",2.94565948758757,-0.312794087174821,0.248766482345623,-1.25738035214986,0.208615940373234,0.390720662851377,"AL354794.2"
"ENSG00000237001.7",1.37580186926732,-0.4033952124576,0.58866406161703,-0.685272362898279,0.493172068186842,0.670882473896564,"WASF3-AS1"
"ENSG00000237004.4",60.1707429957939,0.174806446366723,0.10637362480906,1.64332508815508,0.100315690223803,0.244782342027343,"ZNRF2P1"
"ENSG00000237009.2",7.14707488381477,-0.511380880542369,0.234787286450686,-2.17806035528153,0.02940154362343,0.10921182548866,"GLIS3-AS1"
"ENSG00000237011.1",1.22710463884832,-1.58266375636631,0.867385650521129,-1.82463677536681,0.0680558599736934,0.190514062566566,"AL357793.2"
"ENSG00000237015.1",16.6072867477868,-0.201132612394522,0.123247327054969,-1.63194299787788,0.102691494892944,0.248720205112089,"AL031186.1"
"ENSG00000237016.1",0.767061535413307,-1.5088467429788,0.607389717271701,-2.48414930327813,0.0129861348371897,0.0638716778157124,"AC013410.1"
"ENSG00000237017.1",23.2924446615518,-0.174585947522471,0.148655303227139,-1.17443470722138,0.24022095028427,0.428141118726671,"AC245052.4"
"ENSG00000237025.1",4.9893533862828,-0.763374715826632,0.206516997823935,-3.69642559145395,0.000218656306195813,0.0038456019028934,"AL121601.2"
"ENSG00000237027.1",1.23980209820804,-0.538502062406044,0.531764752946872,-1.01266971799435,0.311217946706449,0.505186694280732,"AL159174.1"
"ENSG00000237032.1",23.240310428242,0.426184151339643,0.194089013627827,2.19581800831276,0.02810497217409,0.106040212895736,"RPSAP7"
"ENSG00000237036.5",168.415192337248,0.0988369744418902,0.0914006968140191,1.08135909120039,0.279537411495917,0.472130633164243,"ZEB1-AS1"
"ENSG00000237037.9",71.9811556421448,-0.289277383779138,0.0919253788148226,-3.14687181612673,0.00165027292019316,0.0156264324038655,"NDUFA6-DT"
"ENSG00000237039.1",184.305480984307,-0.01971194214788,0.11654915883388,-0.169129853403539,0.865694503554265,0.928342173984284,"RPS28P4"
"ENSG00000237041.1",1.53711242608426,-1.05821787865194,0.630437078566472,-1.6785463841343,0.0932404833455866,0.233965587279516,"RPL27P8"
"ENSG00000237054.9",5.41428872702381,-0.103476303765373,0.154725716209706,-0.668772498200156,0.503640612679125,0.679707605412708,"PRMT5-AS1"
"ENSG00000237061.1",0.888840407921901,-0.86080932736455,0.374196882475154,-2.30041822281003,0.02142453740953,0.0889052877945262,"AC100823.1"
"ENSG00000237065.2",1.79394980322356,-0.316493131913405,0.353520837518088,-0.895260189287179,0.370648016350512,0.563055617833633,"NANOGP4"
"ENSG00000237070.1",6.9355478393982,0.289680423357189,0.323401038350794,0.895731271718959,0.370396304385717,0.562793839463023,"AC005550.2"
"ENSG00000237073.1",6.22747012629813,-0.182237031457678,0.171974662441834,-1.05967372675795,0.289293059505057,0.481698085553947,"AL162727.2"
"ENSG00000237074.2",18.9292171740444,-0.231520833692744,0.268633580624218,-0.861846211314178,0.388772151522695,0.579826444803166,"AL596218.1"
"ENSG00000237076.1",1.34049944628701,-0.15973841773493,0.341096458639124,-0.468308637305235,0.639563892594457,0.782888472540159,"AL035706.1"
"ENSG00000237080.3",16.9765676651266,-0.103105969794468,0.140738304634757,-0.732607729374366,0.463797715484831,0.645862515534872,"EHMT2-AS1"
"ENSG00000237082.1",8.39689524311543,-0.165054115462924,0.124035505203403,-1.33070055378301,0.183287560755217,0.360706281555935,"COX5BP6"
"ENSG00000237087.1",4.12419982754644,-0.114569805869591,0.323485243709061,-0.354173206035432,0.723209082324216,0.841225455544446,"AC068134.2"
"ENSG00000237088.1",2.13713835725173,-0.43870040560589,0.485327844795096,-0.903925893209584,0.366034698119286,0.558803796977503,"AL163193.1"
"ENSG00000237094.12",34.8950842969368,0.213863635826958,0.130768250700925,1.63544006041709,0.101956830260895,0.247553146869601,"AL732372.2"
"ENSG00000237101.1",7.29063973396009,-0.184013926012153,0.13678780779212,-1.34525093268402,0.178544213267189,0.354543271639302,"AC092809.4"
"ENSG00000237106.2",0.699646721418071,-2.12471123794703,1.23883067317258,-1.71509414802085,0.0863279670676464,0.222696188407187,"FABP5P15"
"ENSG00000237111.1",37.8394419491667,-0.259971876519885,0.21579431054906,-1.20472071695691,0.22831113558984,0.414277449160266,"IGHJ3P"
"ENSG00000237118.3",13.4565970386858,-0.110201085077631,0.127446791163767,-0.864683089086371,0.387212753747468,0.578378312643656,"CYP2F2P"
"ENSG00000237125.11",7.83248136675476,0.531820475371496,0.281712702571847,1.88781148495022,0.059051262798326,0.173643675352824,"HAND2-AS1"
"ENSG00000237126.8",45.6247541041995,-0.110415400725795,0.0856971407250639,-1.28843739466213,0.197593748660759,0.377856902594065,"AC073254.1"
"ENSG00000237130.1",1.45380750029076,-1.159630907462,0.699785378437226,-1.65712365990228,0.0974944765697549,0.240578387817733,"MRPS6P2"
"ENSG00000237133.1",6.43788572846571,0.0533784207191803,0.151221163266217,0.352982476567848,0.724101577712993,0.841625255788251,"RASGRP3-AS1"
"ENSG00000237135.1",6.71634901879639,-0.336363218349979,0.209459901108054,-1.60585972098048,0.108304735285181,0.257519608045247,"DDX10P1"
"ENSG00000237136.8",2.47450338835815,-0.766841742856572,0.290666092948947,-2.63822221256217,0.00833419502406055,0.0474632834307301,"C4orf51"
"ENSG00000237139.1",3.73546320704291,-0.451432188448036,0.255758817839327,-1.76506988991338,0.0775520203820255,0.207334731757711,"RPS26P41"
"ENSG00000237149.5",142.271684751668,0.014467219372734,0.106257610727827,0.136152312042767,0.891700873489673,0.942642981156243,"ZNF503-AS2"
"ENSG00000237153.4",0.752900632506021,0.69831255981162,0.488186700347838,1.43042110592948,0.152596194225663,0.320852917415371,"AL162725.2"
"ENSG00000237166.2",4.62722510624742,0.852567999199162,0.271014996394045,3.14583329536334,0.0016561437411564,0.0156558980149607,"LINC01792"
"ENSG00000237167.1",4.91523263082364,-0.0733189140920086,0.386947163891787,-0.189480427649582,0.849716293707789,0.918911341727195,"AC128709.3"
"ENSG00000237169.1",5.24668084293938,-0.261263115450081,0.156733935154465,-1.66692117563819,0.0955300796354445,0.237864254079938,"RPL12P27"
"ENSG00000237170.3",3.57390680432851,-1.27250550607212,0.353830719248507,-3.59636808464445,0.00032269110686851,0.00504675391529784,"RPS7P15"
"ENSG00000237172.4",652.126883864367,0.0712804361285724,0.0854356138734395,0.834317597742834,0.404102037894775,0.593723263355285,"B3GNT9"
"ENSG00000237174.7",3.88151374778974,-0.102977262286747,0.295060912039377,-0.349003402636415,0.727086755062864,0.843181557571072,"AL445465.1"
"ENSG00000237178.2",1.96947693561683,-0.231285353107211,0.316097853638915,-0.731689097045919,0.46435835265792,0.646208102116709,"H3P7"
"ENSG00000237179.6",2.4915980903511,-0.164368967926346,0.277777888949959,-0.591728047713532,0.554032711664531,0.719063272627757,"LINC01797"
"ENSG00000237181.1",58.8457701377249,0.0590947840757017,0.114983446104252,0.513941667934726,0.607292774166678,0.76001457701803,"PRKAR1B-AS1"
"ENSG00000237187.9",497.970522333989,-0.141431562847068,0.145519917151669,-0.971905190817699,0.331097717185957,0.524741100503263,"NR2F1-AS1"
"ENSG00000237188.5",8.44639672930009,-0.546401752292304,0.202539236725236,-2.69775753640047,0.0069808264752429,0.0421037420000474,"AC242426.2"
"ENSG00000237190.4",952.375814171852,0.24070855872892,0.0807706996349075,2.98014700648811,0.00288110081907691,0.0229694658930861,"CDKN2AIPNL"
"ENSG00000237200.1",5.28580269458738,-0.378005552330558,0.161753730496552,-2.3369201512086,0.0194433363391513,0.0837421729287664,"ZBTB40-IT1"
"ENSG00000237208.1",1.18550716340767,-0.103190136268986,0.458053229826761,-0.225279791844308,0.82176161940815,0.902626612878882,"AL445072.1"
"ENSG00000237214.3",53.8253294654439,-0.0438606216298973,0.127159598288937,-0.344925764315766,0.730150180778566,0.845350186697065,"AL080243.2"
"ENSG00000237222.4",6.36439116578718,0.523352970782674,0.176050744226194,2.97273932628343,0.00295155004577676,0.0233957720020362,"LINC01968"
"ENSG00000237223.6",8.51507199686161,-0.0458397511323066,0.229760593871661,-0.199510935969776,0.841863089645168,0.913920475480783,"SULT1C2P1"
"ENSG00000237224.4",1.68882097481759,-0.876310920838006,0.466978093603629,-1.87655680821255,0.0605788618234002,0.176901328540169,"AL157832.2"
"ENSG00000237225.2",1.63844876471302,-0.212379914841882,0.321063863422085,-0.661488068380581,0.508299363912246,0.683786112816215,"OR13K1P"
"ENSG00000237232.9",43.2292937190772,-0.310470326010706,0.119190423911911,-2.60482609106386,0.00919209037301403,0.0507263823618028,"ZNF295-AS1"
"ENSG00000237234.7",9.33388699088911,-0.783530123675783,0.195216200544711,-4.01365317780749,5.97861736430313e-05,0.00151035340289801,"Z99289.1"
"ENSG00000237238.3",29.7411358010027,-0.255196308035689,0.210739490846406,-1.21095627122723,0.225912164462134,0.411336816594905,"BMS1P10"
"ENSG00000237243.1",3.11949563092378,-1.86586764089427,0.35534410617326,-5.25087544292771,1.51378020866246e-07,1.93839555719228e-05,"CREB3L2-AS1"
"ENSG00000237248.5",32.1668223100569,-0.166488070854188,0.129924118808902,-1.28142543802098,0.200044273917992,0.380664951209169,"LINC00987"
"ENSG00000237249.1",1.85716843311847,-0.866691396018286,0.410094703978005,-2.11339329089402,0.0345671197281147,0.121603131425161,"Z99127.2"
"ENSG00000237254.2",12.4582554346252,-0.340074399318021,0.181196882543192,-1.87682257302058,0.0605424155835253,0.176841432007572,"TRBV30"
"ENSG00000237263.1",4.79985985198108,-0.186809101019895,0.285695539493599,-0.653874755451268,0.513192499258769,0.687751386608988,"MAPK6P3"
"ENSG00000237264.4",22.4099389561395,0.0957126074065622,0.12358066850723,0.774494980183429,0.438638135571251,0.624057922634659,"FTH1P11"
"ENSG00000237265.6",1.95697741325608,-0.850806518367838,0.498950692877937,-1.70519157606617,0.0881587005991377,0.225652701173085,"BX276092.7"
"ENSG00000237268.2",1.50625404330998,-0.71031154225241,0.562150437687477,-1.26356130784924,0.20638752858,0.38792152028261,"AC092447.7"
"ENSG00000237276.8",112.62722991101,0.0180786507000653,0.0995994515637844,0.181513556713588,0.855964493175756,0.92288419468458,"ANO7L1"
"ENSG00000237280.1",3.31993075517759,-1.71370843300717,0.325950490181463,-5.25757280516167,1.45969113477336e-07,1.89833972460975e-05,"AL136982.3"
"ENSG00000237281.1",4.45385025182214,-0.266431956551829,0.179307037777471,-1.48589793158306,0.137306120808417,0.299514863152167,"CATIP-AS2"
"ENSG00000237286.1",1.79539374003623,0.0749590404198787,0.307930718990848,0.24342826420675,0.807673650529749,0.894094059753515,"CARD11-AS1"
"ENSG00000237289.10",121.354721188657,0.246533761111255,0.224688031467908,1.09722693950642,0.272542199526074,0.464748383979799,"CKMT1B"
"ENSG00000237296.9",17.4666498697326,-0.145054408463867,0.1736866506569,-0.835150012480851,0.403633250581525,0.593296327223432,"SMG1P1"
"ENSG00000237298.10",101.702667681846,-0.29102710229486,0.127919299755895,-2.27508361013717,0.0229009146697894,0.0927994342869157,"TTN-AS1"
"ENSG00000237300.2",1.85435886890332,-2.14869719316484,0.587076792630661,-3.65999341165682,0.000252221733186629,0.00426038465904741,"MTCO1P19"
"ENSG00000237301.1",8.19185692108078,-0.136361788528612,0.138540405656694,-0.984274500152098,0.324980563838288,0.518526689919875,"AL121992.1"
"ENSG00000237307.2",4.93536640237225,-0.958428786010649,0.199054725669507,-4.81490094137199,1.47272927596704e-06,9.92542019934627e-05,"SRRM1P3"
"ENSG00000237310.2",59.8387174976169,0.119749915561881,0.113007242706085,1.05966584702303,0.289296645560663,0.481698085553947,"GS1-124K5.4"
"ENSG00000237311.3",1.75204925695887,-0.588793887686716,0.331201643942428,-1.77775049869337,0.0754448417920818,0.203845508180364,"AL034397.1"
"ENSG00000237317.2",1.67693695182375,-1.10552250614448,0.448537831054869,-2.4647252240564,0.0137118358232756,0.0662662432957343,"AL022400.1"
"ENSG00000237324.3",2.25410670055038,-0.526534593998395,0.261064517417331,-2.0168753655507,0.0437085214482705,0.142819492057834,"AC093158.1"
"ENSG00000237328.1",1.72754066509578,-0.599456931049316,0.375064176409802,-1.59827829143122,0.109981056477207,0.259830662594073,"RAI1-AS1"
"ENSG00000237329.2",2.26238369741374,-1.26862640530513,0.410623571758421,-3.0895118852346,0.00200485684824821,0.0179174356020784,"AL356320.2"
"ENSG00000237330.3",92.4867476775783,0.324850738639074,0.145566788661057,2.2316267441708,0.0256396425395918,0.100025851777669,"RNF223"
"ENSG00000237331.1",4.94619571663625,-1.02039370585667,0.314324330044858,-3.24630837743628,0.00116912123919593,0.0122671142188938,"XIAP-AS1"
"ENSG00000237336.1",4.34257212323874,-1.30242231529201,0.368204310461311,-3.53722723577096,0.00040435160922878,0.00584799223547079,"AL445489.1"
"ENSG00000237339.5",10.273543235104,-1.10951943362136,0.359820341944722,-3.0835372664723,0.00204555488767222,0.0181316983160999,"LINC01502"
"ENSG00000237347.2",3.21637985919614,0.203519723492691,0.180353807569842,1.12844705767511,0.259131163721726,0.450203717256558,"AC004461.1"
"ENSG00000237350.1",32.4796838968909,-0.186637159701634,0.150729826119451,-1.23822314737978,0.215633330936662,0.399081688080177,"CDC42P6"
"ENSG00000237351.1",4.74004507934529,-0.417830596915939,0.242242234320392,-1.72484619822038,0.0845551936040487,0.219626757350243,"ITPK1P1"
"ENSG00000237352.4",39.1399656243549,-0.151350543123686,0.126615154775767,-1.19535882882049,0.231946864150981,0.418661260405455,"LINC01358"
"ENSG00000237353.7",1.8420296800887,-0.620860533240899,0.378756178702417,-1.63920899024779,0.101169742136557,0.246216683110554,"PATE4"
"ENSG00000237356.7",74.3255680876113,-0.295731350362244,0.134573483275621,-2.19754548343341,0.0279815118391032,0.105754168879471,"AL365295.1"
"ENSG00000237359.2",3.91904089318833,-0.48130510206506,0.385561597922638,-1.24832219976854,0.211913087550305,0.394481646268662,"AL354977.2"
"ENSG00000237361.3",65.2288253724247,-0.154468539382568,0.374524837919993,-0.412438705642178,0.680017898354885,0.812045763627302,"TUSC8"
"ENSG00000237371.1",7.05236615853133,0.0846981728736037,0.133716206787504,0.633417406225128,0.526461101205995,0.69783291963416,"AL355803.1"
"ENSG00000237372.4",20.7678490855583,-0.0492500307033535,0.149889249827859,-0.328576137114001,0.742476087280574,0.853232304766203,"UNQ6494"
"ENSG00000237373.1",1.84024829247815,-1.82771294577847,0.413930578739835,-4.41550598011565,1.00773993761316e-05,0.00040373869726781,"BRWD1-IT1"
"ENSG00000237380.7",8.5972373227245,0.0450395642638583,0.261408939043796,0.17229542504785,0.863205280854442,0.927117640137834,"HOXD-AS2"
"ENSG00000237382.2",1.94964784666011,-0.491839684471278,0.365956715300315,-1.3439832196211,0.178953813228407,0.354996321502664,"RPL21P121"
"ENSG00000237387.1",2.69465695389344,-1.51583385422995,0.534429766149718,-2.83635746030901,0.0045631341989331,0.0314339803196937,"AL022329.2"
"ENSG00000237390.1",2.41144996266954,0.252964150645427,0.250947607188643,1.00803571502186,0.313437316830148,0.507601351747549,"AL139130.1"
"ENSG00000237398.1",8.78173843045619,-0.318840710662784,0.183797136122086,-1.73474253946479,0.0827864178989871,0.216732713272541,"HLA-DPA3"
"ENSG00000237399.7",30.6842384840973,-0.125710434675833,0.128626566436537,-0.977328697783885,0.328406450042339,0.522041441045626,"PITRM1-AS1"
"ENSG00000237406.1",4.8117567829138,-0.327844598221679,0.241300649685084,-1.35865609416942,0.174255591082743,0.349443724335702,"NDUFA9P1"
"ENSG00000237412.7",1.76474465128189,-0.890477140611017,0.377145746885201,-2.36109553923213,0.0182210357358484,0.0803118291756593,"PRSS56"
"ENSG00000237413.5",34.5552930663121,-0.359956765528033,0.276163754217507,-1.30341784550239,0.192432147283337,0.371658166811935,"MGC27382"
"ENSG00000237417.1",2.58081575872498,0.208081581109687,0.191347959592949,1.08745126706517,0.276837424583006,0.469523605534489,"XRCC6P1"
"ENSG00000237418.1",4.31853248824293,-0.142321038710697,0.180790479599053,-0.787215339139146,0.431155819320034,0.617263844017282,"AC069257.2"
"ENSG00000237422.2",14.5494420290227,-0.155510200084565,0.169872080831745,-0.91545473113145,0.359952957129159,0.553087504399389,"AL158071.3"
"ENSG00000237423.3",2.42659124663951,-0.024662738632882,0.246112892065053,-0.100209048075235,0.920178362849846,0.957911645078945,"LINC01522"
"ENSG00000237424.1",197.29790343045,0.234199404272304,0.10981790742191,2.13261579800943,0.0329562562903246,0.117777226349697,"FOXD2-AS1"
"ENSG00000237429.1",6.40397854359065,-0.234877986936434,0.157560283972554,-1.4907182255228,0.136035488998477,0.297805729565116,"BX293535.1"
"ENSG00000237433.1",5.30365034832942,-0.160062304459786,0.142813294562314,-1.12078014130501,0.262381459232052,0.453931922792179,"RPSAP11"
"ENSG00000237436.1",8.71121906750944,-0.0594211148131427,0.129076323793213,-0.460356423756988,0.645260407425839,0.787083415564902,"CAMTA1-DT"
"ENSG00000237438.7",119.13538889651,-0.248553733597556,0.208528472845413,-1.1919414658631,0.233284197650233,0.420141899376745,"CECR7"
"ENSG00000237440.9",671.490899968111,-0.509063169477235,0.130104025442807,-3.91273957700114,9.12549302521788e-05,0.00206958473629822,"ZNF737"
"ENSG00000237441.10",3491.22161205774,-0.129028035757567,0.0670290946469149,-1.92495566943341,0.0542349044446131,0.164238831752243,"RGL2"
"ENSG00000237452.3",3.15640424076762,0.537513789267613,0.312756801156343,1.71863181641545,0.0856814345101015,0.221457340202221,"BHMG1"
"ENSG00000237453.1",2.62333726406328,-0.0859157034392604,0.211483973038748,-0.406251604813188,0.684557740333092,0.815381069408483,"AC096536.1"
"ENSG00000237461.2",5.18013109234078,-0.47192390622495,0.180032423614427,-2.62132729621895,0.00875881280298135,0.0491169201026879,"AL359710.1"
"ENSG00000237463.6",35.2748184665617,-0.775945969254413,0.270319500037755,-2.87047722841319,0.00409852716031429,0.0292635749743213,"LRRC52-AS1"
"ENSG00000237470.3",4.45890930529189,-0.371359324514484,0.195109960850975,-1.90333349919601,0.0569970423472052,0.169747073160882,"DCLRE1CP1"
"ENSG00000237471.2",4.08623637508567,-0.180698250644636,0.190231910146656,-0.949884015280769,0.342171189800448,0.535434547002553,"AC073115.2"
"ENSG00000237476.1",43.8764679593481,0.250306569843733,0.119915565286258,2.08735679347557,0.0368558945132557,0.127498264342251,"LINC01637"
"ENSG00000237477.1",1.03292588524553,-1.58847592409388,0.493128682055684,-3.22121990039612,0.00127646166566014,0.0130199872042963,"AC093911.1"
"ENSG00000237483.1",2.62268628548032,-0.264400626153221,0.490063475334899,-0.539523223950807,0.589525876677922,0.746395567877006,"RPS27AP8"
"ENSG00000237484.6",21.3089474524675,-0.277035348314312,0.146009731204462,-1.89737592165258,0.0577783411927915,0.171200989082557,"LINC01684"
"ENSG00000237487.1",3.78368648714527,-0.407429709514525,0.241520420061651,-1.68693690334972,0.0916154851523226,0.231335179914773,"VN1R48P"
"ENSG00000237489.5",110.875216013355,-0.116762291439977,0.109149992693377,-1.06974163313033,0.284735620849171,0.477289430597977,"C10orf143"
"ENSG00000237491.10",58.4877323078674,-0.340303425721229,0.158821196156378,-2.14268267685228,0.032138587313934,0.115762197061864,"LINC01409"
"ENSG00000237493.3",18.525952838116,-0.0161001044409771,0.118676474430931,-0.135663824849695,0.892087046850656,0.942835276683245,"AC034102.1"
"ENSG00000237499.7",101.510685446985,-0.00461420089053043,0.118222842389493,-0.0390296900097245,0.968866717437139,0.98417939355102,"WAKMAR2"
"ENSG00000237505.8",18.180206627275,0.153538249805797,0.147518750236326,1.04080497943365,0.297966068583653,0.490758104351219,"PKN2-AS1"
"ENSG00000237506.3",17.5552374200646,-0.174277138006449,0.172158344290298,-1.01230723799585,0.311391175198211,0.505360292412184,"RPSAP15"
"ENSG00000237510.7",10.8856917562216,0.383797024851408,0.297361607118436,1.29067443699464,0.196816592397888,0.37691892757096,"GPAT2P1"
"ENSG00000237512.6",15.57714070688,0.181051178717175,0.170562334301135,1.06149566643197,0.288464701294056,0.480914136213471,"UNC5B-AS1"
"ENSG00000237513.2",56.0179965969519,-0.49847996236864,0.163679562087105,-3.04546246344039,0.00232322776156765,0.0198077134811609,"AC007384.1"
"ENSG00000237515.9",11.940880862599,-0.663429919341285,0.32066814044989,-2.06889876372036,0.0385555876332867,0.131277477917265,"SHISA9"
"ENSG00000237522.1",57.7689228092207,-0.142336180480966,0.105528459387819,-1.34879426181973,0.177403058328464,0.353330941668434,"NONOP2"
"ENSG00000237523.2",184.910741869528,0.446905615907029,0.126439102764428,3.53455225587666,0.00040846665959051,0.0058921492624553,"LINC00857"
"ENSG00000237525.7",6.09982478615958,-0.555005090384726,0.22500820834781,-2.4665993052432,0.0136402900111446,0.0660520634282462,"AC012668.3"
"ENSG00000237529.2",11.6268733214884,-0.455158024648768,0.140269482459442,-3.24488275473872,0.00117498990984764,0.0123126282681363,"AL137847.2"
"ENSG00000237530.2",1.09576798296182,0.678163967031969,0.351624587651679,1.92865911784236,0.0537731946708058,0.163352445385519,"AL136140.1"
"ENSG00000237541.4",2998.84593471946,0.310880411600845,0.196118096116302,1.58516943493315,0.112927843022152,0.264321335611397,"HLA-DQA2"
"ENSG00000237547.1",1.80253442866616,0.000581650193882014,0.271057479832766,0.00214585553676982,0.998287856311482,0.999128140693767,"IGHJ2P"
"ENSG00000237548.1",11.0591153347529,0.361314699599202,0.250778993679847,1.44076939737811,0.149649841779042,0.316697952094434,"TTLL11-IT1"
"ENSG00000237550.5",4687.82461782963,0.213195323069362,0.142114975265788,1.50016085687407,0.133572739973228,0.294700943136426,"AC243919.1"
"ENSG00000237551.1",1.11960881485724,-0.408034925196698,0.6229884688955,-0.654963848560642,0.512491030104939,0.68713961843195,"AC096775.1"
"ENSG00000237556.1",0.841695904933933,-0.820024860545556,0.60185343386866,-1.36249926377342,0.173040376339287,0.347812901507062,"KCND3-AS1"
"ENSG00000237567.2",1.56020082790742,-0.339729083995035,0.427230543307288,-0.795189129890191,0.426503493942419,0.614035927516755,"LINC02836"
"ENSG00000237575.4",13.0352068106784,0.0697412602859852,0.151725780002509,0.459653331720108,0.645765072096768,0.787554728939438,"PYY2"
"ENSG00000237586.3",2.22320327804955,-0.257323433454004,0.308075137725998,-0.835261927831603,0.403570248552692,0.593272830237852,"AC090192.1"
"ENSG00000237588.2",3.31069850097871,-0.178405689690817,0.233195981034212,-0.765046159456083,0.444244058527188,0.629130011508175,"AL590666.3"
"ENSG00000237592.2",7.64036030322356,-0.534972167628275,0.23888319988328,-2.23947170788764,0.02512524017601,0.0988530632450842,"IGKV1OR10-1"
"ENSG00000237593.1",4.06331374803167,-0.762443290402087,0.325821944754379,-2.34006119807816,0.0192805802673516,0.0832219370650626,"AL445220.1"
"ENSG00000237594.2",16.6867211762412,0.0049118490358987,0.240248813094097,0.0204448420478769,0.983688512533894,0.992091776916511,"AP000251.1"
"ENSG00000237595.5",10.7373915114909,0.118926160031356,0.147667575024534,0.80536407543496,0.420609616117483,0.608471189249994,"LINC01275"
"ENSG00000237596.7",28.8196469986754,0.225719415979918,0.231583605450181,0.974677872991643,0.329720072112502,0.52335496356813,"AL138828.1"
"ENSG00000237605.2",8.30868456182915,-0.0309789238234391,0.148859602829235,-0.208108333185442,0.83514438066505,0.910248866152082,"DYRK3-AS1"
"ENSG00000237606.2",3.94459668068621,-1.12590573208515,0.391865194637155,-2.8731965673238,0.00406341205535521,0.0291244694634396,"AC091286.1"
"ENSG00000237609.1",5.0039690691558,-0.598981733783689,0.20841092580784,-2.87404190285093,0.00405255192050701,0.0290694471401217,"AF064858.2"
"ENSG00000237614.3",23.9048566009859,-0.26507142247479,0.17200959211447,-1.54102698120689,0.123310219439434,0.279696845141677,"AC073257.2"
"ENSG00000237624.1",16.7846373112733,-0.160185810712751,0.179735521731903,-0.891230676992652,0.372805430083816,0.564917900131104,"OXCT2P1"
"ENSG00000237626.2",3.5180242518108,-0.369161182186961,0.17313191771422,-2.13225375806394,0.032985991271731,0.117870839047949,"AL161629.1"
"ENSG00000237628.2",1.57309181440587,-1.58774305071703,0.61009993144387,-2.60243112461831,0.00925654062016991,0.0509331063211666,"MTCO2P19"
"ENSG00000237633.4",2.57420371297119,-0.359076220063415,0.241499280589363,-1.48686248334618,0.137051134683161,0.299093942290602,"AC104623.1"
"ENSG00000237636.3",1.45031366233831,-0.600900726921082,0.411093442565382,-1.46171323767956,0.143819808165619,0.308855983642198,"ANKRD26P3"
"ENSG00000237637.1",4.2524132866754,-0.25269377534705,0.220831393090994,-1.1442837533653,0.252505978805291,0.442713231468985,"FRY-AS1"
"ENSG00000237638.2",86.5208246301963,-0.142453189868477,0.0767837097073972,-1.85525276665232,0.0635601397303854,0.182517485944775,"LINC02245"
"ENSG00000237643.2",173.163091629999,0.384513905700442,0.302022445508503,1.27313023061266,0.202971833158255,0.383863965083946,"AL365226.1"
"ENSG00000237646.1",3.47278095075048,-0.565436918591062,0.264859772873966,-2.13485389818002,0.032772946083917,0.117348859321558,"HLCS-IT1"
"ENSG00000237649.8",1123.65533595328,0.20892904118643,0.148145911343983,1.41029232120563,0.158453384963063,0.328609594078887,"KIFC1"
"ENSG00000237651.6",17.4714492557643,0.028311990919662,0.0957763201491726,0.29560533204414,0.767531501150581,0.869539479014698,"C2orf74"
"ENSG00000237654.6",2.44372018371195,-0.612704688804413,0.537408612532266,-1.14010954516965,0.254240665750855,0.444700771505896,"AP003025.1"
"ENSG00000237664.1",2.8366912845128,-0.215007455705502,0.273678076679606,-0.785621772536829,0.432089105107064,0.618042613462921,"LINC00316"
"ENSG00000237667.7",4.32708407866825,-0.0892550051313342,0.340338494569987,-0.262253628535634,0.793125910169231,0.885675888081579,"LINC01115"
"ENSG00000237668.1",6.7663854567566,-0.13790155535232,0.140424626001333,-0.982032562799996,0.326083806357573,0.519540015556215,"RPS15AP38"
"ENSG00000237669.1",6.42252111833722,0.0806288661321964,0.130913315296562,0.615895074916904,0.537963772316575,0.706219308061029,"AL671277.2"
"ENSG00000237672.1",19.6663445136046,-1.24139992833813,0.193929112402738,-6.40130774053192,1.54051712115209e-10,9.32517027536667e-08,"KRR1P1"
"ENSG00000237674.1",1.21409557223904,-1.11873489684554,0.42933759940801,-2.60572309154404,0.0091680547411407,0.0506597555007547,"GSTA7P"
"ENSG00000237676.1",2.52838806537026,0.277684791245767,0.207221385543716,1.3400392556838,0.180232582844875,0.356853011041001,"RPL30P4"
"ENSG00000237679.2",2.6112368585049,0.0586201841403854,0.285027275318319,0.205665173885265,0.837052464177759,0.911165201565151,"VDAC1P11"
"ENSG00000237685.1",4.50624050372764,0.071943492863303,0.21976929487138,0.327359165007141,0.743396248023496,0.85379782273514,"AL139039.3"
"ENSG00000237686.7",171.205497389858,-0.0204478900678744,0.179791019732728,-0.113731431626961,0.909450695339733,0.952001556263592,"AL109615.3"
"ENSG00000237693.4",3.68443461018879,-0.0583321438057964,0.177064565275928,-0.329439962845726,0.741823166033537,0.852806620332898,"IRGM"
"ENSG00000237702.2",15.6468570657113,-0.0727251539670216,0.15353998398836,-0.473656125772002,0.635745144963634,0.78010699953097,"TRBV3-1"
"ENSG00000237704.1",1.7505296476223,-1.66647582629521,0.544306369833946,-3.06165042089,0.0022012036160662,0.0190724757723969,"AP004289.2"
"ENSG00000237705.1",2.37588043068949,-0.955823462094955,0.327067537331064,-2.92240394719287,0.00347340737317311,0.026192559835799,"AC008937.2"
"ENSG00000237709.1",6.00491220993379,-0.476123103482443,0.181646970651245,-2.62114530055434,0.00876349024627285,0.0491266005672945,"EEF1A1P28"
"ENSG00000237711.1",1.85534933731484,-0.515040879796845,0.329316294056646,-1.56397022890174,0.117824560107173,0.271659380606077,"MTCO3P11"
"ENSG00000237713.1",2.56415455499838,0.33165413286175,0.467897458629653,0.708817982968056,0.478437436746102,0.658479437023067,"AC011287.2"
"ENSG00000237719.1",12.3119898610051,-0.983192820368685,0.18380927709078,-5.34898366355636,8.84495244723909e-08,1.29724670407899e-05,"Z95152.1"
"ENSG00000237729.2",12.1334524041879,-0.400108495969503,0.151119374770505,-2.64763202320762,0.00810577024477518,0.0465124799654085,"AC002075.2"
"ENSG00000237732.9",11.5757376863992,0.2030342832732,0.180442010365021,1.12520517180271,0.260502102080653,0.451689833059277,"CT75"
"ENSG00000237734.1",2.10137063322206,-0.998044092467168,0.453281535044988,-2.201819432967,0.0276780658184443,0.104917064044753,"AL163192.1"
"ENSG00000237737.6",5.61909437409967,-0.528271679627437,0.212749887424127,-2.48306443788759,0.0130257522425605,0.0640003496770317,"DCTN1-AS1"
"ENSG00000237738.1",2.99137187715474,-0.707079147491215,0.294996973995132,-2.39690305264922,0.0165342977590074,0.0751195926979577,"RNF216-IT1"
"ENSG00000237742.7",3.54469070457773,-0.298964700018208,0.227544036605831,-1.31387622579667,0.188887860459008,0.367327309477907,"AL365259.1"
"ENSG00000237748.1",10.6036276709782,-0.147525756341167,0.180803664882129,-0.815944502216498,0.41453187789217,0.603392306551664,"UQCRBP1"
"ENSG00000237749.4",12.7309275848812,-0.0830062539080254,0.135597891634636,-0.612150033509982,0.540438496894667,0.70854606903655,"AL034379.1"
"ENSG00000237751.2",3.24068237374047,0.0203783798113032,0.398238882832863,0.0511712459274245,0.959189064242336,0.979428968434906,"LINC01143"
"ENSG00000237753.2",74.5344970928285,-0.026519056435987,0.0837717846194045,-0.316563107214076,0.751575133210142,0.858989006196374,"AC079922.2"
"ENSG00000237756.1",2.16327161989937,-0.722346880096232,0.272167401352725,-2.6540536320883,0.00795311850378609,0.0459644675786072,"AL592435.1"
"ENSG00000237757.2",10.4376466951943,-0.373759882842445,0.148150686810581,-2.52283597794128,0.011641268542768,0.0593344693194081,"EEF1A1P30"
"ENSG00000237758.1",14.9025987778935,0.134888864247079,0.157153385943468,0.858326172466957,0.390712381303827,0.581522463342152,"BANF1P3"
"ENSG00000237765.8",365.869680619822,0.0179120284603948,0.0674646966045866,0.265502245794981,0.790622580026591,0.88401150475074,"FAM200B"
"ENSG00000237766.2",3.35025744426928,0.0786169176635694,0.183646120102968,0.428089183803555,0.668586191216966,0.804628400238087,"GGTA2P"
"ENSG00000237768.2",2.33500908678895,-0.0779183238907099,0.376167266287503,-0.207137438245776,0.835902524590434,0.910747218352237,"AL731563.2"
"ENSG00000237773.7",62.502714259169,-0.353607994192434,0.165674984752178,-2.13434752821237,0.0328143434040003,0.117437135585427,"AC073332.1"
"ENSG00000237774.3",7.45836286570539,-0.110534115412628,0.177560818591535,-0.622514112569527,0.533603866972643,0.702853076744452,"AC126615.1"
"ENSG00000237781.3",27.1327871603044,-0.0840556072945726,0.165572143005028,-0.507667568764994,0.611686496027422,0.763272685140773,"ADAMTSL4-AS2"
"ENSG00000237788.1",5.26993587542266,-0.283185410255751,0.181923326955847,-1.55661956602454,0.119560835586587,0.274154385840288,"AL162615.1"
"ENSG00000237793.3",3.71630955098819,-0.216591565308734,0.180274069865122,-1.20145712287288,0.229573929227193,0.415794823218644,"RPL18AP16"
"ENSG00000237797.1",7.361344569458,-0.103205539269721,0.154617023398443,-0.667491437884974,0.504458276954765,0.680504066287878,"MACORIS"
"ENSG00000237798.1",2.27166342584522,-0.398688059137816,0.323326487236125,-1.23308196166018,0.217545186648837,0.401303850792316,"AC010894.3"
"ENSG00000237803.6",3.793399441023,-0.00753174060814038,0.226090707950191,-0.0333129153180398,0.973425054542357,0.98677569988139,"LINC00211"
"ENSG00000237804.1",2.99242859981293,0.128959650803758,0.153774095208375,0.838630528952287,0.401676673562479,0.591681504941668,"HNRNPA1P39"
"ENSG00000237807.4",210.253136908988,0.239399045873461,0.153382209297406,1.56080061025376,0.118570803424934,0.272811178882261,"AC022034.1"
"ENSG00000237813.4",29.2910909265267,0.389061490981254,0.198171617940674,1.96325535929028,0.0496165097126827,0.154902706101308,"AC002066.1"
"ENSG00000237818.1",1.92378745300417,-0.402243011434629,0.284824993169742,-1.41224619004875,0.157877484374065,0.327880265268593,"RPS3AP29"
"ENSG00000237821.1",9.53072073805641,0.0924401087081789,0.137844429158099,0.670611857677293,0.502467826621725,0.678702586486412,"ST13P7"
"ENSG00000237827.1",2.26982398563304,-0.865998982672948,0.324120458672978,-2.67184301237429,0.00754359306389189,0.0442709049667112,"RPS15AP29"
"ENSG00000237836.6",9.42332637057996,-0.0471591280950389,0.123608353592937,-0.381520558475699,0.702817019264328,0.826845012981635,"PHKA2-AS1"
"ENSG00000237840.6",17.4996330159413,-0.037810553825807,0.0890405651306809,-0.424644135740986,0.671096113611672,0.805988344954128,"FAM21FP"
"ENSG00000237842.2",3.38591708741667,0.0172520944394141,0.187473542529605,0.0920241555508547,0.926678847665575,0.961628241602406,"SMU1P1"
"ENSG00000237846.1",1.87354073247479,0.00253972841037268,0.273982464218102,0.00926967504150537,0.992603975320423,0.99655400861852,"AL773545.3"
"ENSG00000237849.1",2.17405188581945,-0.12070194930748,0.446406339208479,-0.270385831709953,0.786863438967093,0.881847526627779,"NFYAP1"
"ENSG00000237851.1",4.22572060473496,-1.09298645619634,0.239237454286685,-4.56862600989968,4.90931882123249e-06,0.000238117284819502,"AL023584.2"
"ENSG00000237852.1",3.47961508566369,-0.00349844840471822,0.223520577935652,-0.0156515719359198,0.987512362255099,0.993720691448058,"AC119800.1"
"ENSG00000237853.6",3.123116034977,-0.551014947483364,0.301464713815944,-1.82779251511267,0.0675806969911576,0.189653088367533,"NFIA-AS1"
"ENSG00000237854.3",235.762324924776,-0.153282811210637,0.0953898288763749,-1.60690938453502,0.108074247464626,0.257210373925212,"LINC00674"
"ENSG00000237861.1",3.16163299171072,-0.597799244969021,0.251994240196782,-2.37227344760817,0.0176790013193496,0.0786783270755733,"AL513325.1"
"ENSG00000237862.2",3.05162131449237,-0.044617508210283,0.298481935479839,-0.1494814355802,0.88117375704416,0.936653296295496,"Z94160.1"
"ENSG00000237863.3",3.64107607464786,-0.104206723949856,0.316103289894637,-0.329660358753591,0.741656609881579,0.852759805671266,"AL035425.1"
"ENSG00000237864.1",4.47436410737578,-0.088335020940943,0.202305952431781,-0.436640740814239,0.662371911571235,0.799791806144817,"LINC00322"
"ENSG00000237870.6",5.5333068601328,0.210750861134768,0.199067794479833,1.05868888378185,0.289741492085057,0.482125324669522,"AC073130.1"
"ENSG00000237872.4",3.28883300875577,-1.17019665259551,0.286834615413662,-4.07969118688096,4.50955680656946e-05,0.00121469801586664,"POU5F1P4"
"ENSG00000237877.7",31.5292490992499,-0.101667532531259,0.130353110715305,-0.779939442744131,0.435426520623273,0.621214224850473,"LINC01473"
"ENSG00000237879.1",4.73333337877988,0.263856916272076,0.151997911323048,1.73592461880144,0.0825771641207238,0.216312982531829,"LINC00398"
"ENSG00000237880.2",2.94113616073773,-0.284226299672711,0.619006734027858,-0.459165117353829,0.646115598069715,0.787747052603724,"LINC01885"
"ENSG00000237882.1",3.30006357453509,0.34743451718561,0.18031631333413,1.92680579344924,0.0540038372187427,0.163792452630373,"PPIAP13"
"ENSG00000237883.2",54.523312483145,-0.151144800456207,0.106902893272078,-1.41385135453284,0.15740555145704,0.327326859753855,"DGUOK-AS1"
"ENSG00000237886.1",18.8984436578443,-0.0691646382688247,0.156571413729616,-0.441744994321028,0.658673746400696,0.796875796319575,"NALT1"
"ENSG00000237887.1",5.65316395454927,0.418702362950703,0.225983128607457,1.85280363862034,0.0639105085266431,0.183128716789528,"RPL23AP32"
"ENSG00000237892.1",15.1498683751639,-0.711691339858481,0.195554320291729,-3.63935370385464,0.000273323163747838,0.00447822248555944,"KLF7-IT1"
"ENSG00000237899.1",4.04385253284978,-0.389251733690737,0.146338000253765,-2.65994979441932,0.00781523001052376,0.0453613062657545,"AL031289.1"
"ENSG00000237903.1",6.94308644856999,-0.234060594097142,0.181152100057511,-1.29206668883681,0.19633405063052,0.376312581902239,"AC004000.1"
"ENSG00000237914.5",8.77998624560638,-0.669133757336745,0.248792594881645,-2.68952441150857,0.00715539133889983,0.0427883595689283,"SIRPG-AS1"
"ENSG00000237916.1",10.0112021120357,-0.0701022426200455,0.186961340225439,-0.374955819933233,0.707693324092474,0.830513479110029,"RPL37P12"
"ENSG00000237917.1",5.81381880314294,-0.122330253566765,0.255936818008249,-0.477970518344188,0.632671188654303,0.77805697689704,"PARP4P1"
"ENSG00000237923.1",4.0939022757345,-0.0636255738275682,0.375160227215892,-0.169595733267732,0.865328078298683,0.928111382682072,"LINC02570"
"ENSG00000237927.1",8.49317500040348,-0.318348772903928,0.181586847743847,-1.75314884783397,0.0795764606347391,0.211085897849763,"AL078604.2"
"ENSG00000237928.6",12.2822536382504,0.00630308713854963,0.154342007255321,0.0408384421755168,0.967424692484646,0.983425196807295,"NFIA-AS2"
"ENSG00000237934.1",6.13255810163581,-0.357541529470002,0.178515910519011,-2.00285525492097,0.0451928270151594,0.146049775753805,"AL590729.1"
"ENSG00000237938.5",20.6137699074993,-0.370354817714807,0.150270732517481,-2.46458383153035,0.013717247113624,0.0662731545717435,"AL450998.2"
"ENSG00000237940.3",53.827792847745,-0.576016127044805,0.172810946766682,-3.33321550412257,0.000858484188811246,0.00988979726577606,"LINC01238"
"ENSG00000237943.7",162.562842648731,0.077142834823453,0.140079156399904,0.550708876367175,0.581833258799086,0.740390743245034,"PRKCQ-AS1"
"ENSG00000237945.7",403.600052094759,0.144492555429788,0.137814395333068,1.04845763811959,0.294427809887118,0.487040768358054,"LINC00649"
"ENSG00000237949.2",3.4592602687122,0.027504865042156,0.215689320252586,0.127520755362139,0.898528246880233,0.946009136783999,"LINC00844"
"ENSG00000237950.3",46.3388930443897,-0.285473317586316,0.122724906025609,-2.32612374155533,0.0200119503368948,0.0852750247378734,"AL357079.1"
"ENSG00000237971.1",1.56886309511912,-3.32503630972193,0.979732713226796,-3.39381982946223,0.000689250226384024,0.00846448092475224,"AL445523.1"
"ENSG00000237972.1",6.56314166616181,-1.07572730542125,0.221855248549319,-4.84878006022074,1.24223058384261e-06,8.74367501646343e-05,"TUBG1P"
"ENSG00000237973.1",3599.55886430996,-0.157982383603168,0.139213992289227,-1.13481684567273,0.256452066521069,0.447089000926111,"MTCO1P12"
"ENSG00000237974.1",0.898323583608785,-1.20006906661988,0.444373947469995,-2.70058376160971,0.00692179050666961,0.0418918689944649,"AC000111.2"
"ENSG00000237975.7",41.5899979563981,0.390971057706657,0.167545804258805,2.33351744877318,0.0196210036218192,0.0842349546848779,"FLG-AS1"
"ENSG00000237976.1",12.4599234715407,-0.0349069194117044,0.107370879158445,-0.325106022091828,0.745100831351677,0.854774382627151,"RFX5-AS1"
"ENSG00000237977.1",21.7841062664649,-0.0194250455538513,0.118128326012862,-0.164440199988412,0.86938461926302,0.930120573576391,"EIF4HP2"
"ENSG00000237978.6",95.5232783857389,-0.452572902023133,0.264272735188918,-1.71252210978029,0.0868004936400482,0.223482239173933,"KCNMB2-AS1"
"ENSG00000237980.2",6.58298521762445,0.0762897002113565,0.121744616887195,0.626637153756409,0.530897108190334,0.70095008815755,"LINC02773"
"ENSG00000237984.3",55.2098503983448,0.00837795973015762,0.0835825505412027,0.100235751073756,0.920157163675268,0.957911645078945,"PTENP1"
"ENSG00000237986.4",8.86219959353816,-0.751148207495049,0.382709215002571,-1.96271262370833,0.0496795754637911,0.155085054469386,"CELF2-AS2"
"ENSG00000237988.5",882.891986597871,0.149740764537208,0.183895138883919,0.814272554707,0.415488828760609,0.604292935036782,"OR2I1P"
"ENSG00000237989.1",79.5291626667282,0.057366147764866,0.115276488178544,0.497639619937202,0.618738072996779,0.768212113450699,"LINC01679"
"ENSG00000237991.3",49.1045941643646,0.0899898440231264,0.135747642082268,0.662920126219129,0.507381711022943,0.682901815373821,"RPL35P1"
"ENSG00000237993.1",2.11543446891661,-0.252795222057825,0.347846160531486,-0.726744321890948,0.467382596711191,0.648887054799755,"AL365318.1"
"ENSG00000238000.1",37.4259617596996,0.238218246372913,0.104958529409437,2.26964161667736,0.0232293364111475,0.0937537031320564,"PSME2P1"
"ENSG00000238001.2",4.90063487305703,-0.734557804533554,0.401024089886593,-1.83170493508578,0.0669953930166282,0.188735625292148,"SNRPCP1"
"ENSG00000238003.1",3.03236504802093,-0.180962909364628,0.152033920990218,-1.19027982825143,0.233936426382578,0.420912611434953,"RPL10P4"
"ENSG00000238005.4",25.4339111694086,-0.0482172580383118,0.130798186672084,-0.368638581811492,0.712397133730644,0.833843263018363,"AL391832.2"
"ENSG00000238008.1",1.36757135741014,-0.906050385430452,0.457052151891222,-1.9823785571982,0.0474368876730706,0.1505321322512,"COX6CP10"
"ENSG00000238013.1",1.17551392243233,0.227665637219639,0.972336965762084,0.234142735734831,0.814874169568101,0.898658641473079,"AC109583.2"
"ENSG00000238015.2",2.39364453122407,-0.716402702053165,0.28586300114859,-2.50610501944875,0.0122069357121784,0.0612056491966197,"AC104837.2"
"ENSG00000238018.2",118.660965660411,-0.245150308200151,0.192371933912697,-1.27435589596664,0.202537315270563,0.383406095809349,"AC093110.1"
"ENSG00000238019.1",0.801746618619008,0.0511628065607798,0.704319200302868,0.0726415047875723,0.942091397900852,0.96967044087343,"AL360169.1"
"ENSG00000238025.1",2.50042280353401,-0.51226990497189,0.317569794452799,-1.61309392114756,0.106724104339486,0.2549687513552,"ZDHHC4P1"
"ENSG00000238035.8",9.92157678587147,-0.272539582460073,0.113188947458629,-2.40782857848986,0.0160477141364782,0.0736425288415948,"AC138035.1"
"ENSG00000238039.1",7.39009865314705,0.0607332901892012,0.184828945047296,0.328591878147982,0.742464187786856,0.853232304766203,"AC244197.2"
"ENSG00000238041.3",2.04589030904094,-0.115826995224341,0.200928664215178,-0.576458295170369,0.564305451243301,0.72715181283598,"TMEM230P2"
"ENSG00000238042.5",108.886146633121,-0.138207132934331,0.220574651206695,-0.626577588033092,0.530936163176121,0.700973854170702,"LINC02257"
"ENSG00000238045.9",171.015025874068,-0.147132978273338,0.156354627893317,-0.941020935905582,0.346694130464601,0.54042923895299,"AC009133.1"
"ENSG00000238055.1",2.4337064558756,-0.467051394948464,0.276193808080702,-1.69102775400379,0.0908315020262886,0.23005349539454,"Z98742.3"
"ENSG00000238057.10",7.4480033120983,-1.09765409087807,0.238051308784522,-4.61099792512224,4.00740538305833e-06,0.000205892820089755,"ZEB2-AS1"
"ENSG00000238058.2",45.6273113326379,-0.0727210037958603,0.0915635182567389,-0.794213734688031,0.42707101404622,0.614392634466582,"AL355574.1"
"ENSG00000238062.6",4.07955485772308,0.176919820735424,0.244577184514356,0.723370093112833,0.46945254004784,0.650415456338441,"SPATA3-AS1"
"ENSG00000238072.1",23.7339227859302,-0.20214515203814,0.174378730578234,-1.15923055161506,0.246362221273783,0.435542556970478,"CDC26P1"
"ENSG00000238074.5",0.102202533606677,0.049387892310398,2.94379733860336,0.0167769335418414,0.986614571675005,0.993307169128322,"TSPY9P"
"ENSG00000238078.1",11.6213401480349,-0.0137881297741491,0.177132433774505,-0.0778407967436489,0.937954693774582,0.967779019426571,"LINC01352"
"ENSG00000238082.1",6.71267312130539,0.00934558945877023,0.107750911046035,0.0867332755523291,0.93088352600725,0.96348264599119,"NUDCP2"
"ENSG00000238083.8",182.936786387249,-0.344640171545363,0.0916380206221803,-3.76088624792868,0.000169312417142122,0.00318469960673033,"LRRC37A2"
"ENSG00000238084.4",2.60250472340755,0.00429053839489251,0.214621384129559,0.0199911971134362,0.984050394849497,0.992306451287991,"AL031284.1"
"ENSG00000238085.1",6.8237080102298,-0.144137506240276,0.166765470059502,-0.864312655304772,0.387416159967213,0.578578307710421,"AL590682.1"
"ENSG00000238086.5",18.4042191861349,0.237403027398008,0.235893300758568,1.00640004033428,0.314223174247868,0.508294706197533,"PPP1R26P1"
"ENSG00000238097.2",10.2609896923312,-0.630223163470272,0.373331680722689,-1.68810523192218,0.0913910303162211,0.231013709841162,"LINC02037"
"ENSG00000238098.9",56.7703650144167,-0.205331646847917,0.170840679809637,-1.2018896616234,0.229406280463434,0.415652968460904,"ABCA17P"
"ENSG00000238099.3",5.30571549704576,-0.466179154341933,0.236658527757823,-1.96983881695986,0.0488568462913337,0.153423031840914,"LINC01625"
"ENSG00000238103.4",24.0320299572985,0.172279095977221,0.115564715857514,1.49075861692624,0.136024880291221,0.297805729565116,"RPL9P7"
"ENSG00000238105.7",562.670681404347,-0.499911286723839,0.128126286863417,-3.90170744007236,9.55165574202072e-05,0.00213711878104231,"GOLGA2P5"
"ENSG00000238109.1",8.04009993421587,-0.677665684676133,0.197329468460252,-3.43418390554594,0.000594340810601491,0.0075755699109324,"RNF14P3"
"ENSG00000238110.1",2.75827143585623,0.158958756723758,0.243983944484221,0.651513184852367,0.51471526874948,0.688901123315636,"AL353572.2"
"ENSG00000238111.1",1.27045084798175,-0.928791311996525,0.560644265380236,-1.65664998172523,0.0975902609699887,0.24068987024771,"RPS13P4"
"ENSG00000238113.7",54.362727054262,-0.153368218852347,0.134673357858064,-1.13881632782919,0.25477977014377,0.44524607041082,"LINC01410"
"ENSG00000238117.1",7.00990041443432,-0.138440818130486,0.399136881014904,-0.346850478408476,0.728703652132918,0.844233242525707,"AP000844.2"
"ENSG00000238120.1",39.5906848530509,0.0886622476247494,0.180626597666033,0.490859312916252,0.623525955830046,0.771927013832718,"LINC01589"
"ENSG00000238121.6",98.5461567637822,-0.353530302780345,0.128291549328369,-2.75567880060022,0.0058570482353818,0.0373462821524815,"LINC00426"
"ENSG00000238129.5",12.8228080075081,-0.885384198863994,0.351119408726013,-2.52160426584359,0.0116821048775911,0.0594879653853837,"AL121904.1"
"ENSG00000238132.2",6.03926495213317,0.640005500011164,0.184208424913841,3.47435520558037,0.000512082655055476,0.00685515393436348,"CASC4P1"
"ENSG00000238133.6",24.9143297280702,0.201097943272188,0.169775190029608,1.18449546860832,0.23621698898243,0.42363406773789,"MAP3K20-AS1"
"ENSG00000238140.1",4.99613163030333,-0.716255867389953,0.210197060134585,-3.40754464849007,0.000655501833425897,0.00813100690769314,"AC104170.1"
"ENSG00000238141.2",2.82716583870753,-0.675764165161645,0.252573835613414,-2.67551135500812,0.00746153455678337,0.0440062700374725,"BRWD1-AS1"
"ENSG00000238142.2",57.314570642134,0.104674897634166,0.113594364653451,0.921479669819043,0.356800050664583,0.550166258580288,"BX284668.5"
"ENSG00000238145.2",1.34498464679475,-0.70776897238376,0.314984431199829,-2.24699668389243,0.0246402390402729,0.0975688452995859,"TUBAP8"
"ENSG00000238149.1",1.56885518669134,-0.659758651556469,0.443888307813858,-1.48631680524718,0.137195343665928,0.299360635513812,"AC104978.1"
"ENSG00000238150.1",4.54278220348571,-0.0572064982723661,0.17895529120004,-0.319669219550594,0.74921909559582,0.857586170311202,"AC008753.1"
"ENSG00000238151.1",4.54731813012439,-0.192908037770611,0.176971287379287,-1.0900527459981,0.275689910038946,0.468129445358909,"MLLT10P1"
"ENSG00000238156.1",2.66534307846191,-0.233059682981322,0.287687506862026,-0.810114021020371,0.417874646579715,0.606254440429285,"AL445465.2"
"ENSG00000238160.1",6.76255167110142,-0.679341851831651,0.198708956527221,-3.41877821565928,0.000629029747784311,0.00789083925884818,"LINC02863"
"ENSG00000238164.6",191.622827460989,0.112769224551038,0.140551637008371,0.802333056742137,0.422360325414817,0.609943711027826,"TNFRSF14-AS1"
"ENSG00000238168.5",3.81299552177864,-1.13634785090092,0.258576001511758,-4.39463772452701,1.10957639413835e-05,0.000432070916898946,"IFITM3P5"
"ENSG00000238172.2",4.70861365010467,0.0847325317565081,0.168384571784874,0.503208404774527,0.614817756259732,0.765573084458064,"RPS2P35"
"ENSG00000238178.7",3.09271274307547,-0.420508662545447,0.23821529379727,-1.76524628558616,0.0775223826960818,0.207305436714912,"AC078993.1"
"ENSG00000238184.1",7.72982926354797,-0.0836168903256459,0.141421690275023,-0.591259305153515,0.554346691875637,0.719330569147429,"CD81-AS1"
"ENSG00000238186.1",11.2009728733758,-5.26850908663061e-05,0.0886365037832344,-0.000594394957129068,0.999525741468614,0.999774463553687,"AL603839.2"
"ENSG00000238197.6",168.674202519429,-0.419032947621772,0.11122741500402,-3.76735310810403,0.000164987560046436,0.00312631237144336,"PAXBP1-AS1"
"ENSG00000238198.2",15.1191599095937,-0.369347707149094,0.174541717530723,-2.11609987786491,0.0343363138855082,0.121110170377182,"LRIG2-DT"
"ENSG00000238199.1",2.66086798023467,-0.501042705184324,0.223564696773717,-2.24115306403434,0.025016161948942,0.0986220343121524,"UBE2V2P3"
"ENSG00000238207.2",3.99758407002244,-0.206880118271749,0.227185196438895,-0.91062323388396,0.362493924345834,0.555498515751236,"AC009312.1"
"ENSG00000238217.6",2.88482700731853,0.184761409301826,0.282221014303396,0.654669212914111,0.512680751337419,0.687295242081938,"LINC01877"
"ENSG00000238221.1",2.59879407983884,-0.233979190614655,0.224233338771484,-1.04346299215168,0.296733912195361,0.489439542559043,"AL139095.4"
"ENSG00000238222.3",2.02175246556217,0.217461930457388,0.217305431193215,1.00072018109862,0.316962107879201,0.510945207907429,"MKRN4P"
"ENSG00000238224.1",2.05268768166958,-1.17719501783829,0.52754114318263,-2.23147527553269,0.0256496634834711,0.100041500275914,"AC104462.2"
"ENSG00000238227.8",1916.0388345796,0.202681008476855,0.0668768483285913,3.03066028890904,0.00244019626443269,0.020562251134335,"TMEM250"
"ENSG00000238228.1",32.3604081266998,0.0515575239333215,0.132086953210225,0.390330177812978,0.696292410895153,0.822703811402574,"OR7E7P"
"ENSG00000238231.2",4.93209338727338,-0.0345359631580458,0.151510026403585,-0.227945067252847,0.819688946229038,0.901810691806018,"AL512288.2"
"ENSG00000238243.3",4.61160487289334,0.101576816909056,0.286478096273097,0.354570971500119,0.722911026320786,0.841210611278806,"OR2W3"
"ENSG00000238246.1",9.84200529790716,-0.644359232739757,0.225248470901138,-2.86065974238097,0.00422760512504019,0.0298958490713601,"AC069549.1"
"ENSG00000238249.2",71.1258455321242,0.0788420417840383,0.0950782768675286,0.829232968682088,0.406972592730463,0.596502632579717,"HMGN2P17"
"ENSG00000238251.2",5.44099311263169,-0.163242810849034,0.157851928159148,-1.03415151625168,0.3010653358851,0.493952440568989,"NSA2P7"
"ENSG00000238258.1",3.6773968949378,-0.259770742676042,0.201646904186077,-1.28824562779466,0.197660473489317,0.377867180741083,"AL121748.1"
"ENSG00000238259.1",2.19203445645926,-0.335312534069482,0.393527497156523,-0.852068880808382,0.394175862652687,0.584999643172821,"PHF5GP"
"ENSG00000238260.1",15.5181712778612,-0.128304320304144,0.149334019148408,-0.859176770543054,0.390242997248081,0.581183632627169,"AL513320.1"
"ENSG00000238266.2",32.5463803650443,1.82089485572245,0.258302131856278,7.04947668312557,1.79591923920554e-12,2.59963214047261e-09,"LINC00707"
"ENSG00000238269.9",3.57958664807136,-0.922710470879705,0.405608390026918,-2.2748801394825,0.022913121054852,0.0928229743310691,"PAGE2B"
"ENSG00000238273.3",39.282007209084,-0.419320784896919,0.204378210220784,-2.05169026797885,0.0401997731548264,0.135052577966058,"AC108058.1"
"ENSG00000238278.3",50.9559186291312,-0.00806295917781406,0.107715289409288,-0.0748543611777998,0.94033058913266,0.968729346907004,"ALG1L6P"
"ENSG00000238279.1",58.9532969668172,0.107592920161767,0.151220929904379,0.711494898423129,0.476777611047028,0.656846685615688,"BX470102.1"
"ENSG00000238283.3",0.992440576200489,-0.418365256560259,0.408005217539704,-1.02539192778716,0.305178295481132,0.498493817655447,"TBC1D3P1"
"ENSG00000238286.1",5.87945196221398,-0.178972571785621,0.167084431820683,-1.07115049460561,0.284101766962987,0.476800312884289,"SLC35E1P1"
"ENSG00000238287.1",20.2231443224918,-0.144269341581148,0.108513647632651,-1.3295041197909,0.183681707511732,0.361043580055576,"AL603839.3"
"ENSG00000238290.1",28.3305844446395,0.0396455970383405,0.145342523200129,0.272773557011602,0.785027287443041,0.88061974732441,"AL034417.2"
"ENSG00000238297.2",1.26384752794423,-0.793501190216881,0.586070682236512,-1.35393428517665,0.1757573440849,0.351234675443713,"U3"
"ENSG00000238311.1",2.05599110673214,-0.828288245022813,0.36976631662046,-2.24003163022822,0.0250888694934162,0.0987775864975598,"SNORD13E"
"ENSG00000238317.2",4.4790778621993,-0.422251650410627,0.246976133863539,-1.70968604862822,0.0873239439771301,0.224361480693826,"SNORD11"
"ENSG00000238363.1",4.89369712189744,-0.335772732682186,0.235918125777046,-1.4232595803152,0.154660919568132,0.323600175665022,"SNORA13"
"ENSG00000238365.3",2.2985490032613,-0.567682044515264,0.283316278650559,-2.00370429549317,0.0451017458729015,0.145840367652147,"RNU7-57P"
"ENSG00000238372.1",0.893583991684419,-0.659887787573598,0.970720340881989,-0.67979186155101,0.496636260546588,0.673652693483408,"AP001329.1"
"ENSG00000238386.1",1.73637780352647,-1.19334914540187,0.362737388201962,-3.2898432425649,0.0010024321135908,0.0110363665204294,"RNU7-48P"
"ENSG00000238390.1",6.90318190599748,-0.233614484087683,0.138777485224477,-1.68337453088881,0.0923026105110027,0.232418001190653,"AP000254.1"
"ENSG00000238482.1",1.393234624067,-1.75052501379393,0.80614641157476,-2.17147281022361,0.0298954502968096,0.110393658688075,"RNU6-1208P"
"ENSG00000238554.1",2.64538083975661,-1.17744658297552,0.789615353028447,-1.49116475314165,0.135918245066875,0.297725253833243,"RNU1-88P"
"ENSG00000238575.1",1.59320804025391,-0.153561292377673,0.3520377955607,-0.436206834363033,0.662686669776101,0.80003230652977,"AP005136.1"
"ENSG00000238594.1",0.368494133428028,-1.0662581313298,1.15505809254071,-0.923120783461564,0.355944264859392,0.549440518923236,"AL355497.3"
"ENSG00000238711.1",3.16848166328384,-1.379749697946,0.364775719280383,-3.78246035856752,0.000155285829355047,0.00299532509659188,"RNY4P25"
"ENSG00000238713.1",2.33956861519646,-1.38954657505954,0.378577952565518,-3.67043713360212,0.00024213601923566,0.00414460648527306,"Y_RNA"
"ENSG00000238719.1",0.812837756165784,-1.29141521940594,0.796416999135059,-1.62153146003722,0.104903708565293,0.252097529180331,"RNU7-96P"
"ENSG00000238723.1",1.06123983891443,-1.00367744854836,0.554114217243784,-1.81131870887692,0.0700915312767761,0.194171854784299,"Y_RNA"
"ENSG00000238728.1",2.03527542698218,-0.254103974603977,0.328423883466572,-0.773707356242988,0.439103868833057,0.624427007733596,"MIR1972-1"
"ENSG00000238741.1",9.55187710373719,-1.62526728340905,0.232474839390651,-6.99115348426136,2.72635292732353e-12,3.63073872037529e-09,"SCARNA7"
"ENSG00000238755.3",16.7340706943476,-0.546787469991446,0.179029308283219,-3.05417853219007,0.00225677735033066,0.0194146998254673,"LINC02006"
"ENSG00000238778.1",1.13339594389058,-1.4916511136504,1.18149756782275,-1.26250883139709,0.206765750484885,0.388340017436612,"RNU7-80P"
"ENSG00000238825.1",2.62864220123419,-1.14460351929285,0.721092700536424,-1.58731813321835,0.112440610358983,0.263588596020392,"RNVU1-2"
"ENSG00000238829.1",7.53632209177133,-0.990020132711589,0.210806057624921,-4.69635523696902,2.64844779874164e-06,0.000152195869813221,"RNU7-45P"
"ENSG00000238832.1",13.2964782334881,-0.240164454266011,0.131475279610574,-1.82668905498715,0.0677465348261474,0.189999611150444,"AC004839.1"
"ENSG00000238835.1",3.72730588000989,-1.0335049407293,0.477271539184891,-2.16544431393159,0.0303536755458235,0.111529071840537,"SCARNA18"
"ENSG00000238837.3",1.69619981745788,-0.647715510653859,0.354369401761311,-1.827797511395,0.0675799468655096,0.189653088367533,"LINC02031"
"ENSG00000238840.1",10.6186809173779,-0.5473349971447,0.309204421348542,-1.77013962076477,0.07670388468288,0.205927137549159,"U8"
"ENSG00000238961.1",5.38911953845136,-0.892390089320923,0.320789645270416,-2.78185440982256,0.00540492807216701,0.035302821396046,"SNORA47"
"ENSG00000238963.2",1.85361941312147,-0.407901617780271,0.276740957517712,-1.47394741074481,0.140495751168301,0.304012067602939,"U8"
"ENSG00000238966.1",1.39223463902943,-2.25561444466932,0.532913826447028,-4.23260634783611,2.30998622486489e-05,0.00074305672835195,"AC090571.1"
"ENSG00000239039.1",14.039389842555,-1.45748299725768,0.701349672651948,-2.07811175236831,0.0376990674644303,0.129215042122753,"SNORD13"
"ENSG00000239040.1",13.6262505274338,-0.607629848327371,0.176104818701805,-3.45038740453922,0.000559782621244465,0.00728286159011019,"Y_RNA"
"ENSG00000239093.1",3.17479913210204,0.438388823564588,0.259262234156753,1.69090891695214,0.0908541999835855,0.230093479389435,"AC068299.1"
"ENSG00000239119.1",1.18670020597988,-0.684675837253225,1.47607351448408,-0.463849415720011,0.642755636312944,0.785288503410706,"RNU7-119P"
"ENSG00000239122.1",3.83000532964014,0.0771753214599585,0.171881709825341,0.449002523528425,0.65342983622488,0.793038769956071,"RNU2-11P"
"ENSG00000239129.1",1.70521517896164,-2.57932137730108,1.1050929610125,-2.33403113430192,0.0195940917171696,0.0841808914996143,"AC104982.1"
"ENSG00000239142.1",3.35360062908699,-0.582547437103805,0.595648524536561,-0.978005338898557,0.32807168354423,0.521715915279383,"U8"
"ENSG00000239148.1",6.65256467029273,-1.0527230542919,0.635604025411659,-1.65625611576341,0.0976699634705752,0.240812494197735,"U8"
"ENSG00000239198.1",3.0483153755264,-0.191013461150572,0.180937301154339,-1.05568868294127,0.291110469245709,0.483533269437108,"RPL5P22"
"ENSG00000239207.2",3.66886605026763,-1.37239599146666,0.311513281805085,-4.40557777669774,1.05502287998777e-05,0.000415905722518606,"GAPDHP39"
"ENSG00000239211.3",0.601185460702485,1.69001449411919,0.796941797949862,2.12062474131331,0.033953394355118,0.120154162230543,"RN7SL563P"
"ENSG00000239212.2",6.58369365688776,-0.558600375112746,0.282163123479646,-1.97970722830136,0.0477364358873604,0.151096415560832,"RPL6P7"
"ENSG00000239213.6",140.382487986615,0.0125323739342485,0.0942902905433362,0.132912666426546,0.894262449424804,0.944145358302151,"NCK1-DT"
"ENSG00000239215.1",1.06694296972635,0.461018971463416,0.559942736261419,0.823332354557379,0.410319019374406,0.599471261718101,"RPL27P12"
"ENSG00000239218.2",12.3460050024681,-0.34859407266995,0.223773236795009,-1.5578005558783,0.119280534210322,0.273819680442961,"RPS20P22"
"ENSG00000239219.2",4.73606392037176,-0.433834398353243,0.172347090404096,-2.51721335901899,0.0118287174596799,0.0599411705304599,"AC008040.1"
"ENSG00000239223.3",2.80490693415836,-0.0230647204623826,0.19278828622496,-0.119637561565691,0.904770263579852,0.949368602394151,"RPL34P31"
"ENSG00000239224.3",4.68676957244367,-2.0817694127348,0.386227157465486,-5.39001303376972,7.04525738303926e-08,1.07103997284715e-05,"RN7SL546P"
"ENSG00000239246.3",38.7435613412423,-0.272540654052733,0.165774113050365,-1.64404833202112,0.100166219260779,0.244580669385051,"AC008026.1"
"ENSG00000239254.1",4.09139686995849,-0.546275941295347,0.199949683388792,-2.73206704825405,0.00629383312778977,0.0392074142990535,"AC009220.2"
"ENSG00000239263.1",1.42593486805491,0.265403900878142,0.342345901837504,0.775250702443394,0.438191533219441,0.623584979839266,"RBM43P1"
"ENSG00000239264.9",43.079448326697,-0.301792745676414,0.128632571751489,-2.34616117494301,0.0189679032231357,0.0823872670590809,"TXNDC5"
"ENSG00000239268.3",6.87095864946467,0.0584441292950599,0.32698386029232,0.178737046051177,0.858144179015912,0.923920866037567,"AC092691.1"
"ENSG00000239269.1",6.76627570044697,-0.0278571801635111,0.156731892705576,-0.177737789562979,0.858928905955143,0.924459963985536,"RPSAP4"
"ENSG00000239272.1",6.13152091588849,-0.422151674440849,0.150242309995768,-2.80980553648796,0.00495714419558775,0.0332269381324145,"RPL21P10"
"ENSG00000239280.1",1.93923737835177,-0.698627452345269,0.366946833302732,-1.90389285024542,0.0569241404696801,0.16959064059571,"AC108693.1"
"ENSG00000239282.8",15.6486945989704,-0.0661094597726545,0.124705410584959,-0.530125031965758,0.596025244568899,0.751305030570663,"CASTOR1"
"ENSG00000239291.1",4.13866941757505,-0.15486272010906,0.213733461658402,-0.7245600146437,0.468721996704561,0.649943836830354,"AC002558.1"
"ENSG00000239300.6",14.4016734517323,-0.885716976585152,0.168121804590624,-5.26830519540204,1.37689053843615e-07,1.8118899879903e-05,"AC080162.1"
"ENSG00000239305.7",1047.30808721829,0.0702768658522913,0.0578444195861948,1.21492905201635,0.224393152183098,0.409175222676739,"RNF103"
"ENSG00000239306.5",2165.73334078421,0.0638807992809192,0.045311904668427,1.40980167901507,0.158598250721833,0.328841723938592,"RBM14"
"ENSG00000239311.1",2.0205106185551,-3.57642211064658,1.03741939757903,-3.44742166860643,0.000565964497807007,0.00735179712270334,"AC092916.1"
"ENSG00000239316.3",1.30955660815458,-0.103380604227661,0.513091997797962,-0.201485512678701,0.84031895635881,0.913163792185423,"RN7SL11P"
"ENSG00000239332.6",21.2370976824021,0.0280844934499664,0.0971933357937346,0.288954929065999,0.772615868342115,0.872828231041838,"LINC01119"
"ENSG00000239335.4",11.4402922212386,0.140809645651974,0.156489760495743,0.899801017049957,0.368226153031254,0.560863451041703,"LLPH-DT"
"ENSG00000239344.1",4.10443226811754,-0.581487092177919,0.191138099081852,-3.04223540451192,0.00234828168702577,0.0199442199505482,"AC090686.1"
"ENSG00000239351.1",2.58257210260865,-0.20664877067975,0.245747330339683,-0.840899351354541,0.400404321839931,0.5904531641501,"NPM1P29"
"ENSG00000239374.1",5.07513680286102,-0.276274366226185,0.167164696632128,-1.65270760987394,0.0983903848999307,0.241956535677096,"AC090013.1"
"ENSG00000239377.1",3.33343260768858,-0.306985748176485,0.182228636637353,-1.68461858597673,0.0920621831245442,0.232005621282677,"ZNF775-AS1"
"ENSG00000239382.10",73.4143138626548,-0.157797127387468,0.115302018127559,-1.36855477423558,0.171138489196421,0.34521137357264,"ALKBH6"
"ENSG00000239388.9",34.8889282352864,-0.278337581902109,0.127980449285526,-2.17484454427202,0.0296417677834172,0.109797142596802,"ASB14"
"ENSG00000239389.8",24.5139679323626,0.209839252641567,0.208449286199339,1.00666812761785,0.314094283409905,0.508170909591115,"PCDHA13"
"ENSG00000239390.3",0.759367257183685,1.450535820239,1.1347793412595,1.27825363707189,0.20116000943413,0.381694984275077,"RN7SL87P"
"ENSG00000239393.1",1.70190369996012,-0.369380343865397,0.285574314909428,-1.29346486914465,0.195850326912879,0.375623303987008,"AC146507.1"
"ENSG00000239396.3",1.49895990094972,0.0929980457740373,0.97895685160167,0.0949970834995264,0.924317143475618,0.960284923476682,"RN7SL414P"
"ENSG00000239398.3",1.4559104505132,-0.432362184366275,1.04175815484878,-0.415031245355634,0.678119030049701,0.811058229179648,"RN7SL342P"
"ENSG00000239405.1",22.7262887454295,-0.294997047476847,0.205182043174254,-1.43773325829647,0.150509752709653,0.31791150849908,"TMED10P2"
"ENSG00000239407.5",31.6874489835757,-0.302155429430157,0.122912709136914,-2.458292812451,0.0139599301063937,0.0670080670461597,"Z68871.1"
"ENSG00000239413.1",3.04654770162052,-0.319550008286433,0.191877291943585,-1.66538731628746,0.0958355082627867,0.238216839803338,"RPS27P23"
"ENSG00000239415.1",73.1044473002825,-0.117300559887621,0.115371396320931,-1.01672133326119,0.309286014209591,0.503080871168649,"AP001469.3"
"ENSG00000239419.3",5.69739672933605,-0.339417856220586,0.190220733276607,-1.78433680900086,0.0743689524397839,0.201802010966585,"RN7SL535P"
"ENSG00000239437.3",16.9684488367892,0.136280086631893,0.233121860270221,0.584587333311107,0.558825226785131,0.722803740301375,"RN7SL752P"
"ENSG00000239440.6",1.13132872036505,0.0632360901876502,0.537672984140056,0.11761068912322,0.906376135037186,0.950265306344458,"LINC02008"
"ENSG00000239445.6",35.0611393045139,-0.32060664452081,0.137873728985985,-2.32536427990135,0.0200524898035067,0.0853172578949712,"ST3GAL6-AS1"
"ENSG00000239453.1",3.23492447645474,-0.965934741645113,0.291083001078031,-3.3184168710222,0.000905292645832385,0.0102632733129693,"SIDT1-AS1"
"ENSG00000239462.1",3.17169755550101,0.158923493726437,0.242244362881345,0.656046199945137,0.511794398754116,0.686675703946191,"AC091212.1"
"ENSG00000239465.1",4.92048718491746,-0.904402697822189,0.280286826542674,-3.22670426212305,0.00125224815743471,0.0128676228103314,"AC090543.1"
"ENSG00000239467.6",286.280160880647,-0.177913444363672,0.142827580361475,-1.24565188259438,0.212892225956846,0.395637181160059,"AC007405.3"
"ENSG00000239468.3",1.63127315170839,0.388610890318571,0.379304603639646,1.02453512715012,0.305582588049592,0.498804095178194,"RN7SL569P"
"ENSG00000239470.3",13.0652060741838,-0.309259699240714,0.150039942365635,-2.06118247157862,0.0392856351363659,0.133059448771123,"AC011979.1"
"ENSG00000239472.3",5.25813775957119,-0.0701893359309539,0.168001922345659,-0.417788885692279,0.676101477681777,0.809650655661235,"RN7SL221P"
"ENSG00000239474.7",20.0594708240075,0.0776723995787559,0.149561681534355,0.519333553768011,0.603528158600085,0.757007986447374,"KLHL41"
"ENSG00000239480.1",4.06438013990013,-0.26320520070016,0.15207608121792,-1.73074686428168,0.0834969227175364,0.217840533503247,"AC073517.1"
"ENSG00000239482.6",1.90828676752732,0.077273468918402,0.311295343725188,0.248232010134463,0.803954900750474,0.892172611269142,"AC112487.1"
"ENSG00000239483.1",5.60766806517457,-0.470992540068803,0.208556789835457,-2.25834191464299,0.0239243510263357,0.0956799871404788,"RPS15AP16"
"ENSG00000239486.1",13.2079534911185,-0.438241694719867,0.160680439230555,-2.72741160541046,0.0063833357922354,0.0396601862217023,"AC091390.2"
"ENSG00000239494.2",6.5980676032873,-0.247014405177528,0.154284252635835,-1.60103446046804,0.109369286813861,0.258941236374191,"RN7SL333P"
"ENSG00000239503.1",4.66511494536675,-0.651217778850721,0.272171361173109,-2.39267561452407,0.0167260215296355,0.0757219791659173,"MARK2P8"
"ENSG00000239508.1",3.88789560717211,-0.807852033254119,0.25223539050587,-3.20277036316726,0.00136112469222748,0.0136370521752421,"PLCH1-AS1"
"ENSG00000239513.6",2.35194783831447,-0.353654522264655,0.675472172530669,-0.523566383111953,0.600580168211176,0.754618090359463,"LINC01210"
"ENSG00000239521.9",331.715362222673,-0.0351393590318332,0.0920762653707645,-0.381633191684493,0.702733460947731,0.826805142429685,"CASTOR3"
"ENSG00000239523.6",37.0055120191116,-0.22829257650255,0.132944248269966,-1.71720536595884,0.0859416554682484,0.221992050236977,"MYLK-AS1"
"ENSG00000239528.1",17.0299166223804,-0.390567467997055,0.229299623647188,-1.70330618857884,0.088510783071735,0.226173750370501,"RPS14P8"
"ENSG00000239545.3",0.338073337572815,1.29827929753975,1.48802551251539,0.872484568725649,0.382944082891877,0.574337229744641,"RN7SL822P"
"ENSG00000239552.2",18.5044357258466,-0.0956794638354036,0.197550175731235,-0.484329935325263,0.62815173422314,0.775311614263463,"HOXB-AS2"
"ENSG00000239556.4",23.8593651980377,0.0208362903522714,0.0991937136913169,0.21005656081304,0.833623528501554,0.909281718644809,"AC004951.2"
"ENSG00000239557.1",9.1716103075026,-0.127686078057384,0.129771190543645,-0.983932393025559,0.325148755264743,0.518719190397194,"PPP2R5CP"
"ENSG00000239559.2",22.5177699520346,0.0261358800508025,0.137567597948587,0.189985726584906,0.849320315364101,0.918542790391665,"RPL37P2"
"ENSG00000239560.3",0.640426139516087,1.47169908309299,0.925709712183022,1.58980624673626,0.111878485382294,0.262757460026941,"RN7SL479P"
"ENSG00000239569.3",117.854857067985,-0.0955284186326905,0.104325674544364,-0.915675063208605,0.359837347996371,0.552994129747193,"KMT2E-AS1"
"ENSG00000239571.1",53.4124066927707,-0.429890535466674,0.24481573083238,-1.75597594976856,0.079092515206664,0.210220909210878,"IGKV2D-30"
"ENSG00000239572.3",4.60614187177995,0.563938116559722,0.292993485688969,1.92474626264687,0.0542611097461471,0.164258513073148,"AC108749.1"
"ENSG00000239576.1",1.89688390224172,-1.32487901794012,0.54594432459645,-2.4267658042227,0.0152340863149827,0.0711225499904173,"COX6CP14"
"ENSG00000239593.1",3.0947517811684,-0.516512330274142,0.234116008983097,-2.20622388241478,0.0273683278803948,0.104334242967258,"AL513122.2"
"ENSG00000239602.1",2.55895800910118,-0.11345122865631,0.316557115054998,-0.358391024117715,0.720050707877459,0.839306990649314,"RPL35AP16"
"ENSG00000239605.11",10.9616074977223,0.477042546673597,0.243604053716341,1.95827014943306,0.0501983215446954,0.156104307788861,"STPG4"
"ENSG00000239620.3",5.42576378528844,0.863690643099469,0.409231739389381,2.11051724479678,0.0348138273849894,0.122254219233274,"PRR20G"
"ENSG00000239622.1",2.02158826849852,-0.0482225987486956,0.243871240106518,-0.197737948630732,0.843250097179038,0.914815852387439,"AC005165.2"
"ENSG00000239627.3",4.33594474531277,-1.15797216927835,0.450199550786531,-2.57213088563792,0.0101074671807165,0.0541183507313598,"RPL12P20"
"ENSG00000239636.1",20.957122159775,-0.0737061344290577,0.109999840922516,-0.670056736545433,0.502821622789792,0.678944592633938,"TFAP2E-AS1"
"ENSG00000239641.1",1.07597124113974,-1.01063253096346,0.677543304271663,-1.49161319223701,0.135800577784646,0.297663350858136,"PLS1-AS1"
"ENSG00000239653.1",48.7480600039069,-0.732598153039793,0.167570337015197,-4.37188446409434,1.23178708002133e-05,0.000465492477356983,"PSMD6-AS2"
"ENSG00000239665.8",363.549485208817,-0.335648494098296,0.115857985288774,-2.89706827942587,0.00376667766494834,0.0275855696214529,"AL157392.3"
"ENSG00000239670.1",7.99474030995981,-0.137251880387974,0.219805066383409,-0.624425463190021,0.532348206898997,0.702025925295144,"AL355864.2"
"ENSG00000239671.1",1.4176228914163,-0.364178245061075,0.379188821945211,-0.960413978431292,0.336846905676284,0.530218147164698,"AC100793.1"
"ENSG00000239672.8",959.736281834129,0.300670039125015,0.117716799980406,2.55418121436415,0.0106437845157713,0.0559285855245538,"NME1"
"ENSG00000239686.1",4.60374198578676,-1.20369377413789,0.350526339987098,-3.43396098045639,0.000594829815726748,0.00757874494931166,"AL158801.1"
"ENSG00000239696.3",0.914571790934137,-2.04887594315435,0.561146635479185,-3.65123091472291,0.000260986450254427,0.00434700119550972,"AC092104.1"
"ENSG00000239697.11",854.850555922214,0.073200004080952,0.103938735840099,0.704261058106038,0.48127021286247,0.661101038322978,"TNFSF12"
"ENSG00000239702.3",4.06960015067489,0.453985541720564,0.5967329554481,0.760785100899373,0.446785434913598,0.631493419001419,"RN7SL507P"
"ENSG00000239704.11",33.0706947668005,-0.368609012403823,0.156413340388497,-2.35663410479104,0.0184414076031495,0.0808345374174971,"CDRT4"
"ENSG00000239713.9",917.113941618871,0.00759603315652092,0.113604640497456,0.066863757706192,0.946690165603154,0.972122499643014,"APOBEC3G"
"ENSG00000239719.1",10.367395570835,-0.13505935223392,0.122871348394291,-1.099193213055,0.271683798466718,0.463688353019555,"AC004890.1"
"ENSG00000239731.3",1.96426225177105,-0.793368223073402,0.356402467634101,-2.22604581932331,0.0260111124983086,0.100954531173489,"RN7SL825P"
"ENSG00000239742.3",1.82172012503954,-0.493950887464887,0.454749481947375,-1.08620439840776,0.277388571771573,0.470075217346583,"RN7SL672P"
"ENSG00000239748.3",1.03879852932739,1.89784060370021,0.982126947533631,1.93237809884574,0.0533128552189468,0.162347469935461,"RN7SL795P"
"ENSG00000239763.2",27.5573764869712,-0.381694141046924,0.119173541694417,-3.20284297688875,0.0013607815542782,0.0136370521752421,"AC009120.1"
"ENSG00000239779.7",226.626553130698,-0.163008090877462,0.092471533765272,-1.76279211818027,0.0779355572471613,0.208109440762732,"WBP1"
"ENSG00000239789.6",301.237642702338,0.266370254003043,0.075083912084412,3.54763419497348,0.000388707677517946,0.00571105238640996,"MRPS17"
"ENSG00000239794.3",0.969863102323408,-0.0147550876614243,0.958678536869441,-0.0153910691581841,0.987720188363566,0.993856519788316,"RN7SL653P"
"ENSG00000239797.1",5.02833456167799,-0.23376457967992,0.154840691705981,-1.50971025190073,0.131117374187764,0.29138847465678,"RPL21P39"
"ENSG00000239801.1",3.86679436584087,-0.589871418273679,0.252942432001407,-2.33203821757513,0.0196986807313912,0.0844921640801609,"DENND6A-AS1"
"ENSG00000239808.3",1.15801575067427,0.354592145671644,0.56317261341387,0.6296331483915,0.528934630481853,0.699724354945687,"RN7SL255P"
"ENSG00000239819.2",191.584587565416,-0.0878086990812199,0.211082224717604,-0.415992863438381,0.677415225386748,0.810648920686311,"IGKV1D-8"
"ENSG00000239821.3",1.61077259162138,0.733877178800814,0.412845133441358,1.77760888855205,0.0754681129305598,0.203845508180364,"RN7SL513P"
"ENSG00000239823.2",2.49823524914786,-0.340204367754177,0.36940505420988,-0.920952119839939,0.357075425412894,0.550426527376215,"Y_RNA"
"ENSG00000239827.8",28.5585230271308,-0.593874359669454,0.154329240926875,-3.84810004962601,0.000119037440664734,0.00248783020216634,"SUGT1P3"
"ENSG00000239828.7",7.72443286243574,-0.450203345562365,0.189647844681362,-2.37389117877283,0.0176017372326889,0.0784595846415734,"AC063944.1"
"ENSG00000239830.1",63.6765619106236,0.00737247383653752,0.171221774191829,0.0430580390335036,0.965655268256403,0.982995977683894,"RPS4XP22"
"ENSG00000239831.1",1.82037504907946,-0.726099204924728,0.290578676939581,-2.49880415373941,0.0124613156750229,0.0620419594389916,"RNF7P1"
"ENSG00000239835.1",1.8503638596061,-0.982744988590502,0.410594322747558,-2.39346950053841,0.0166898688695395,0.0756225039324667,"AC092910.1"
"ENSG00000239839.7",2.22050171304653,-0.347260513639127,0.397094461622436,-0.87450354311239,0.381844091529513,0.573136258026783,"DEFA3"
"ENSG00000239855.1",972.580215489723,-0.0778734663066379,0.198287774129984,-0.392729539924077,0.69451925040133,0.821495342438323,"IGKV1-6"
"ENSG00000239857.7",33.3789989631123,-0.0248291966088665,0.120121359016637,-0.206700929893972,0.836243431134042,0.910895928193119,"GET4"
"ENSG00000239862.1",4.30402448651019,6.84906603458292e-05,0.28597447558238,0.000239499207774923,0.999808907281619,0.999942303095643,"IGKV1-37"
"ENSG00000239868.3",3.23155785716005,0.214483965428319,0.22810772801396,0.940274874927485,0.347076583835864,0.540873464971326,"RN7SL34P"
"ENSG00000239883.8",97.7351883701995,-0.384355930295105,0.123126829961233,-3.12162613474351,0.00179855182787906,0.0166562408916766,"PARGP1"
"ENSG00000239884.3",8.81423831572937,-0.132100081452048,0.167371646851557,-0.789262004270103,0.429958889036017,0.61639845380339,"RN7SL608P"
"ENSG00000239887.6",891.100169556252,0.0209094170689526,0.11559583523574,0.180883827054072,0.856458763589575,0.92304816946044,"C1orf226"
"ENSG00000239888.3",1.8531867871068,1.43489792740204,0.613967851116719,2.33708967789139,0.0194345216195823,0.0837178231971572,"RN7SL792P"
"ENSG00000239893.2",3.03396855326758,1.3708554354257,0.737005426101064,1.86003438628376,0.0628806611185961,0.181081727412976,"ZNF736P9Y"
"ENSG00000239899.3",20.6274388118512,-1.32697703508966,0.274434048127886,-4.83532216261771,1.32930170027947e-06,9.22009198070922e-05,"RN7SL674P"
"ENSG00000239900.13",257.204995352825,-0.17261648999257,0.0787747144413938,-2.19126773377251,0.0284324235654605,0.106819272860075,"ADSL"
"ENSG00000239910.3",1.27099261048524,1.15245141620789,0.56938317033198,2.024034914021,0.0429665595145556,0.141129209344722,"RN7SL530P"
"ENSG00000239911.2",95.4647756545784,-0.156871255448093,0.134421454172901,-1.1670105520977,0.24320610820677,0.431848414433639,"PRKAG2-AS1"
"ENSG00000239912.1",9.1248661675212,-0.0507232023859536,0.0966204956317485,-0.524973527141445,0.599601594110459,0.754014574984684,"RPL39P36"
"ENSG00000239917.3",5.27469366929165,-0.0635703723654016,0.164287731740065,-0.386945340909463,0.698796673473153,0.82412460679921,"RPS10P16"
"ENSG00000239919.1",1.20209812936981,-0.0167118287160196,0.327256878536803,-0.0510663940533193,0.959272614698213,0.979468674402598,"SNRPGP3"
"ENSG00000239920.2",9.12973427199917,-0.515374871165219,0.165659551022944,-3.11104833969905,0.00186424418892177,0.0170746304764161,"AC104389.5"
"ENSG00000239926.1",3.53169233583442,-1.44332036246673,0.331473704818415,-4.35425296633227,1.33521452604819e-05,0.00049282874957227,"PRDX3P4"
"ENSG00000239941.1",4.85019883031531,-0.451397253446837,0.27833911357364,-1.62175285985242,0.104856275612735,0.252023076383875,"AC108718.1"
"ENSG00000239942.2",1.67753445377423,-0.357570034174769,0.467006775223556,-0.76566348315525,0.443876560423046,0.628796797130647,"RN7SL394P"
"ENSG00000239946.1",1.93867945894531,-1.12458048164491,0.990116427662179,-1.13580630542634,0.256037637565033,0.446623765342486,"ZBTB20-AS3"
"ENSG00000239948.2",8.73516841615257,0.199776342713879,0.167692255502764,1.19132718511611,0.233525165744892,0.420474907198515,"RN7SL368P"
"ENSG00000239951.1",11449.0333647296,-0.185443800963002,0.194248610111815,-0.954672472849383,0.339743354639235,0.533088674993122,"IGKV3-20"
"ENSG00000239961.3",32.4167869782002,-0.352709445818475,0.160013405656175,-2.20424935255956,0.0275068126851094,0.104569676611617,"LILRA4"
"ENSG00000239964.3",1.72908042403252,0.0175252836338082,0.365371232171736,0.0479656910305702,0.961743585710613,0.980713933016737,"RN7SL748P"
"ENSG00000239975.2",121.675216774911,-0.248343893772395,0.233506430625216,-1.06354198943238,0.287536233825835,0.480004046316997,"IGKV1D-33"
"ENSG00000239998.6",237.611240883913,0.107725854649073,0.171032870488694,0.629854684314581,0.52878966368872,0.699638130317869,"LILRA2"
"ENSG00000240002.1",1.57650203282119,-1.06218574511015,0.700967084204118,-1.51531472596343,0.129692720815544,0.289446990955658,"YBX1P3"
"ENSG00000240005.6",16.5612821307298,-0.0715304943267708,0.147845535201219,-0.483819103697769,0.628514256022489,0.775518931687842,"STIM2-AS1"
"ENSG00000240006.1",7.96509870175496,-0.252771039190871,0.180633879392995,-1.39935564712603,0.161706360157562,0.332817292504647,"LINC02004"
"ENSG00000240012.1",1.48257069700619,-2.12413999489447,0.875853839176181,-2.42522199467941,0.0152990282980167,0.0712805934268506,"SLC9A9-AS1"
"ENSG00000240021.10",2.82004679026872,0.209406765118598,0.273524089396259,0.765588016692843,0.44392147694071,0.628833669394846,"TEX35"
"ENSG00000240023.1",4.87345351242291,0.164254928653895,0.19778862029548,0.830456921174292,0.406280494456197,0.595898343624396,"AL133163.1"
"ENSG00000240024.5",257.328544006622,0.13560493397888,0.092881793660591,1.45997324808786,0.144297426385741,0.309531882276345,"LINC00888"
"ENSG00000240032.1",10.6948921084374,0.306116337146216,0.217948017767079,1.40453829441735,0.160158616664551,0.330963988865551,"LNCSRLR"
"ENSG00000240036.4",8.97960637211275,0.0480025864099985,0.175922140194967,0.272862678664546,0.784958776320308,0.88057256351614,"AC104563.1"
"ENSG00000240038.6",289.80858459841,-0.507097739412386,0.156122543402557,-3.24807505924915,0.00116188616044391,0.0122181541186541,"AMY2B"
"ENSG00000240041.1",77.194580964022,-0.469215350887116,0.213805200278426,-2.19459278949289,0.0281928212459942,0.106239230078425,"IGHJ4"
"ENSG00000240053.8",69.2715626116506,-0.313831069788716,0.116642356085841,-2.69054124350642,0.00713362166712821,0.0427426518986255,"LY6G5B"
"ENSG00000240057.6",26.5906305707144,-0.0690592257251323,0.0949183174067111,-0.727564790568543,0.466880040500957,0.648531898807315,"AC078785.1"
"ENSG00000240065.8",3216.39956742403,0.286255676216841,0.125377109785331,2.28315740175351,0.0224210983367534,0.0916393143829576,"PSMB9"
"ENSG00000240074.1",2.45795872609847,-0.960834543233002,0.402763428800409,-2.3856052325673,0.0170510433288047,0.0766557324859736,"RPL9P30"
"ENSG00000240086.7",36.7762950045388,-0.255444127571696,0.272199214881927,-0.938445497289555,0.348015513856262,0.541804091784733,"AC092969.1"
"ENSG00000240087.3",25.1697254052921,0.00442634398645154,0.157823868668588,0.0280460998947273,0.977625383193259,0.988852556058125,"RPSAP12"
"ENSG00000240096.1",4.94762304041054,-0.146501616909747,0.122640183119217,-1.19456456426956,0.232257201064097,0.418909463449482,"AL132838.1"
"ENSG00000240097.1",1.40177096173651,-2.06445626093162,0.622404243982748,-3.31690582268722,0.000910202921791237,0.0102932696586942,"AC104164.2"
"ENSG00000240103.2",1.51577211041026,0.0627477943405339,0.256050837264198,0.245059906895714,0.806410046159681,0.89332957307762,"AC132825.1"
"ENSG00000240106.2",2.66242760287741,-0.183780535321644,0.250714116261132,-0.733028271651952,0.463541186271927,0.64577273054445,"RN7SL146P"
"ENSG00000240116.3",0.708824533870158,-0.709454693001495,0.530327549187448,-1.33776699718599,0.180972403334889,0.357807127752744,"RN7SL303P"
"ENSG00000240132.1",6.39159184451383,-0.890635009022808,0.221884605378805,-4.01395584656404,5.97095205737115e-05,0.00151035340289801,"ETF1P2"
"ENSG00000240137.6",72.914553786033,-0.0532662441063173,0.119495867965012,-0.445758041791984,0.655772033192272,0.79489617348978,"ERICH6-AS1"
"ENSG00000240143.1",8.93228622530976,-0.162804721789923,0.124550431446299,-1.30713896290369,0.191165520618696,0.37009209036217,"AL023653.1"
"ENSG00000240160.3",6.71175748723474,-0.464846018471157,0.194153807455561,-2.39421531085634,0.0166559680453079,0.0755177916563308,"RN7SL263P"
"ENSG00000240163.1",5.02953571874507,-0.53070791987782,0.222360937163793,-2.38669582277798,0.0170005507679322,0.0765070744413042,"AC087385.1"
"ENSG00000240167.1",1.517588483836,-0.617083510259584,0.320450869734747,-1.92567275841808,0.0541452474485948,0.164071877974521,"RPS7P7"
"ENSG00000240175.1",2.53358220437954,-0.478037861732085,0.531459937596932,-0.899480521323203,0.368396766542952,0.560943679328355,"MAGI1-AS1"
"ENSG00000240183.3",2.11067963035538,0.223936373345165,0.709082470372234,0.315811464395121,0.752145615806354,0.859370053434948,"RN7SL297P"
"ENSG00000240184.7",756.927636316042,0.0759166595384809,0.124811484339704,0.60825059440729,0.543021283152439,0.710950920132738,"PCDHGC3"
"ENSG00000240198.5",1.70153213626917,-1.08266622704167,0.807090177752136,-1.34144393883848,0.179776359837483,0.356149245233827,"ARHGEF3-AS1"
"ENSG00000240204.3",183.217257412624,-0.364069922925772,0.209581006023125,-1.7371322422491,0.0823638314270653,0.215967475758154,"SMKR1"
"ENSG00000240205.3",0.716359005221014,1.01433462301171,1.25126299499458,0.81064862228752,0.417567485937891,0.605957110148281,"RN7SL865P"
"ENSG00000240207.7",64.5120456925046,-0.242904720867897,0.158189765520441,-1.53552740955614,0.124654329611216,0.281764993940268,"AC080013.1"
"ENSG00000240210.3",2.87950776840028,-0.533544676171035,0.332124685618257,-1.60645895735763,0.108173105819198,0.257372058317628,"AL122013.1"
"ENSG00000240211.1",4.1739464063793,-0.208762827130527,0.148787609459932,-1.40309282398106,0.160589160773636,0.331401160951879,"PPP1R35-AS1"
"ENSG00000240216.7",35.9272944747211,-0.149964817082248,0.234199854699983,-0.640328395055403,0.521959124143248,0.69464640125726,"CPHL1P"
"ENSG00000240219.1",29.1066634937651,-0.36448380668113,0.15421028487512,-2.36355056977095,0.0181007561192716,0.0800090910088835,"AL512306.2"
"ENSG00000240225.10",610.165833810016,-0.0212856025752752,0.10475334458547,-0.20319735526829,0.838980779906781,0.912254534574008,"ZNF542P"
"ENSG00000240230.6",687.253804929692,0.0823056499939319,0.0608245851709286,1.35316418127041,0.176003185421197,0.351531228761648,"COX19"
"ENSG00000240231.1",8.49818772578589,0.0825090583967237,0.187086283881006,0.441021419021839,0.659197490748377,0.797201156404041,"RPS27P29"
"ENSG00000240233.3",4.39142047795532,-0.318839506190509,0.262125106957978,-1.21636385728446,0.223846345703774,0.408625747752809,"RN7SL587P"
"ENSG00000240235.3",0.535702127485122,1.43350518750606,0.678840555163376,2.1116964456566,0.0347124940891993,0.121992108660223,"RN7SL794P"
"ENSG00000240250.3",1.81044905459126,0.00499552036925367,0.327406128630251,0.015257870676255,0.98782645289746,0.993856519788316,"RN7SL541P"
"ENSG00000240253.6",2.18772919240447,-0.200220357734425,0.360038156112108,-0.556108718855012,0.578136535101998,0.737410913460686,"FAR2P3"
"ENSG00000240254.2",1.59023785185155,-0.621085940093081,0.37655036104109,-1.64941002413567,0.0990636624864609,0.242955912719097,"B4GALT4-AS1"
"ENSG00000240280.7",54.9178392548135,0.150826822163998,0.310138314066425,0.486321151960907,0.626739484606141,0.774422419128275,"TCAM1P"
"ENSG00000240288.8",33.7569731802388,-0.240130435955371,0.137160168916422,-1.7507300979025,0.0799924124071868,0.211902242701501,"GHRLOS"
"ENSG00000240291.1",50.7207442758293,-0.278061707718646,0.122274123116643,-2.27408466019739,0.0229608968183508,0.0929632904990094,"AL450384.2"
"ENSG00000240299.3",1.51078339648909,-0.400755013519038,0.483280832130785,-0.829238378340208,0.406969532229417,0.596502632579717,"RN7SL187P"
"ENSG00000240303.8",14.0314321669249,-0.288770780721337,0.125153314516955,-2.30733626061671,0.0210360815600625,0.0879669755142886,"ACAD11"
"ENSG00000240305.1",1.41333896189607,-0.670561039238418,0.296814549707714,-2.25919194291098,0.0238714477983797,0.0955646600713206,"AC091152.1"
"ENSG00000240317.3",0.90466631094215,1.14842482815399,0.965944607399052,1.18891375277336,0.23447360771327,0.421576379629416,"RN7SL764P"
"ENSG00000240322.3",8.45065883075207,-0.214061913131467,0.174732445183131,-1.22508394423896,0.220543593938955,0.405098826902845,"RN7SL481P"
"ENSG00000240328.1",2.2997000326891,-1.83111430917676,0.486312004306222,-3.76530764809939,0.00016634413983626,0.0031448582893632,"AC091805.1"
"ENSG00000240338.6",2.82589133022594,0.0632729854521304,0.202881143351121,0.311872184901016,0.755137662170657,0.86122219055384,"AC009078.2"
"ENSG00000240342.3",1642.45262730989,0.26092537974902,0.109675403224784,2.37906925415394,0.0173564147874675,0.0776924661083378,"RPS2P5"
"ENSG00000240344.9",774.098814238891,-0.00850535569511141,0.067520891206344,-0.125966283074064,0.899758614142358,0.94664592152198,"PPIL3"
"ENSG00000240347.3",0.253123703288623,0.451166266372709,1.82356477030761,0.24740896167708,0.804591739321101,0.892451821873371,"RN7SL35P"
"ENSG00000240350.3",5.12747119032818,0.150800387412305,0.150021887690995,1.00518924093872,0.314805734895679,0.508901545612132,"SOCAR"
"ENSG00000240354.1",1.00917751851044,-2.11813468054033,0.745995474279249,-2.8393398533507,0.00452069807185205,0.031251578261248,"AC131211.1"
"ENSG00000240356.6",167.146941079361,0.162698925068061,0.0709760296762083,2.29230806245843,0.0218878729199872,0.0902255067700936,"RPL23AP7"
"ENSG00000240370.6",106.420138207212,0.0581533585294043,0.088857933263198,0.654453197298136,0.51281987096066,0.687359070972795,"RPL13P5"
"ENSG00000240371.1",6.09547094360509,-0.355191505154067,0.166965650615262,-2.12733280075992,0.0333924412526296,0.118940253196084,"RPS4XP13"
"ENSG00000240373.1",6.10756814138981,-0.262722839375291,0.207866648274958,-1.26390087854676,0.206265606435923,0.387714590959303,"SEC62-AS1"
"ENSG00000240374.3",1.50655603852544,-0.540198704917319,0.640982050983668,-0.842767288238908,0.399358606186057,0.589433261326967,"RN7SL503P"
"ENSG00000240376.1",90.3987394150688,-0.195947538853289,0.136303115310353,-1.43758664948435,0.15055137115532,0.31791873651364,"AC010343.1"
"ENSG00000240382.3",1334.16615389037,-0.324932219012687,0.208267098010166,-1.5601706756236,0.118719553418701,0.272964785356962,"IGKV1-17"
"ENSG00000240388.2",2.67556867387205,-0.282730810018316,0.195258703247141,-1.44798057815872,0.147622482383411,0.313763745275212,"AC008799.1"
"ENSG00000240392.1",7.94374156044584,-0.2977898118907,0.185218064406363,-1.60777952650103,0.10788347394266,0.256940017023605,"RPL9P3"
"ENSG00000240395.1",19.5501778301121,-0.243737983911811,0.142716220711271,-1.70785060518745,0.0876640664298109,0.224858205169992,"RPL5P23"
"ENSG00000240399.1",19.2972059263665,-0.259518070144225,0.133445388385849,-1.94475113215486,0.0518049382205281,0.159417858228676,"AC004801.2"
"ENSG00000240401.9",36.9068880439742,0.0832128302059746,0.138664821848479,0.600100509247419,0.548439253211866,0.71482669608573,"AC012358.2"
"ENSG00000240403.5",16.195051648997,-0.329502860561128,0.211619829436181,-1.55705096936815,0.11945838463965,0.274038999504434,"KIR3DL2"
"ENSG00000240405.7",12.8355073418981,0.403985117269185,0.237168795549455,1.70336538722669,0.0884997109438884,0.226173750370501,"SAMMSON"
"ENSG00000240409.1",6.36271957885129,-0.014476925867659,0.170492511513727,-0.0849123855301611,0.932331045122135,0.964337563230124,"MTATP8P1"
"ENSG00000240418.1",5.69410652181157,0.236523525277979,0.159768842280113,1.48041083544498,0.138763640090573,0.301310123820677,"AC020917.1"
"ENSG00000240427.1",0.974689033133578,-0.203755740197957,0.466920306878302,-0.436382263089414,0.662559405603837,0.799948877271751,"RPS26P34"
"ENSG00000240429.1",59.3689696500799,-0.0241320936064941,0.116415929278287,-0.207292024004786,0.835781802794544,0.910674636460958,"LRRFIP1P1"
"ENSG00000240435.2",3.39376480586781,-0.456810970685331,0.258218055243921,-1.76908996643868,0.0768788620547638,0.206247216308562,"RPS12P27"
"ENSG00000240436.1",1.772442771281,-1.16470010858898,0.379510512445849,-3.06895348190168,0.00214810036589039,0.0187560203203747,"RPL35AP14"
"ENSG00000240439.3",0.378516727819334,-0.218873489087229,1.33949253833826,-0.163400304833917,0.870203262886511,0.930637539150062,"RN7SL91P"
"ENSG00000240445.6",102.448713077484,-0.112975993600655,0.0977145719391169,-1.15618368231759,0.247606032826947,0.436975756740395,"FOXO3B"
"ENSG00000240449.1",27.3907312801853,-0.195830219610207,0.0920327759218922,-2.12783128237278,0.0333510746971434,0.118831049860017,"REPIN1-AS1"
"ENSG00000240454.1",1.36067483097634,-0.913517973582307,0.695040884868842,-1.31433703177719,0.188732810462079,0.367111559868777,"RPL39P26"
"ENSG00000240457.3",0.940598885923807,0.38757943212245,0.498828435676958,0.776979426997716,0.437170908218396,0.622715571270913,"RN7SL472P"
"ENSG00000240463.1",15.8337915804559,-0.0920652021378338,0.109427725446069,-0.841333416760157,0.400161175013169,0.590296190652522,"RPS19P3"
"ENSG00000240470.3",1.33076951639323,-0.259720990415173,0.556849431132131,-0.46641152148999,0.640920966102789,0.783857972392188,"RN7SL346P"
"ENSG00000240474.3",4.47483224138065,-0.00642647209286614,0.56148153233034,-0.0114455627172529,0.990867961602856,0.995532698966227,"RN7SL116P"
"ENSG00000240476.1",92.6728996128382,0.566610584708055,0.407710064782031,1.38973901713948,0.164608142204095,0.336382207862766,"LINC00973"
"ENSG00000240481.3",1.9157464967804,-0.68328133425421,1.24145583219707,-0.550387147519354,0.582053862126659,0.740461254380655,"RN7SL38P"
"ENSG00000240489.1",20.9878730776801,0.0933632119954306,0.139286207604281,0.670297609514074,0.502668090697137,0.678795561167338,"SETP14"
"ENSG00000240490.3",2.78684013523623,0.142899363415432,0.370001907353222,0.386212504788559,0.699339293386978,0.824530883728758,"RN7SL277P"
"ENSG00000240497.3",3.52125371856115,0.203857251578674,0.240364371502454,0.848117590408328,0.396372486180754,0.586925332788465,"AC092919.1"
"ENSG00000240498.9",94.8760532966632,0.0171927193974632,0.174859450215157,0.09832307819971,0.92167575321494,0.958735683985072,"CDKN2B-AS1"
"ENSG00000240499.7",20.6098609212115,-0.352852743968517,0.155695680943603,-2.26629757376719,0.0234331698821295,0.0942450501190791,"AC004594.1"
"ENSG00000240505.9",63.3897682751351,-0.323611281662707,0.185442014051912,-1.74508071063182,0.080970820738725,0.213745760771834,"TNFRSF13B"
"ENSG00000240509.1",7.69674272885753,-0.218625105292694,0.157007468795046,-1.39245035265222,0.163786065812761,0.335379143188649,"RPL34P18"
"ENSG00000240520.6",5.93707840046279,-0.0172552353537649,0.217498404717698,-0.079334997312561,0.936766170187838,0.966942273952493,"UOX"
"ENSG00000240522.1",21.9960651014985,-0.573543222119116,0.170291981956008,-3.36799898345938,0.000757158752900962,0.00906439638990713,"RPL7AP10"
"ENSG00000240527.1",1.05972364173738,-1.25170686629991,0.810494349475294,-1.54437457473979,0.122497615797962,0.278421158025774,"AL365273.1"
"ENSG00000240531.1",3.15010129443095,-1.06701728828568,0.246299685418701,-4.33219103171726,1.47632758399271e-05,0.00052850940057924,"RPL21P123"
"ENSG00000240533.3",0.991915832415514,0.681962316842818,0.768056529170561,0.887906411757585,0.37459109548842,0.566412087478244,"RN7SL69P"
"ENSG00000240535.8",5.3721997387308,-0.721262515006031,0.221810208877603,-3.25171018347506,0.0011471292503932,0.0120973627283309,"AC034238.1"
"ENSG00000240540.2",4.8482340767299,-0.233032077764912,0.159483657815823,-1.46116587088833,0.14396992666897,0.308959054311591,"RPL3P9"
"ENSG00000240541.3",31.2746724520323,0.2533363178465,0.165018538565472,1.53519913610184,0.124734920485988,0.281908879759689,"TM4SF1-AS1"
"ENSG00000240545.3",0.40136711077081,1.53238422892009,1.22817317800959,1.24769393792129,0.21214316215403,0.394750854996318,"RN7SL492P"
"ENSG00000240549.2",3.00698868366688,-1.00034076923941,0.296339135738797,-3.37566203243956,0.000736383162611636,0.00888597485785762,"THOC7-AS1"
"ENSG00000240553.1",1.30826801764264,-1.23759762869798,0.523791786416799,-2.3627663907528,0.0181390996988438,0.0801041313534432,"AL031428.1"
"ENSG00000240563.2",38.1329341504253,-0.263648106587415,0.184510364979104,-1.42890675338089,0.153031036134538,0.32138158619991,"L1TD1"
"ENSG00000240571.1",8.7543682352404,-0.183965284674343,0.129524264938698,-1.42031521863035,0.155515932538543,0.324756441197122,"AC087071.2"
"ENSG00000240577.3",0.709077969492898,2.03752953244366,0.883789981280033,2.30544538363358,0.0211416422440611,0.08821166288222,"RN7SL445P"
"ENSG00000240579.1",1.77889325380477,-0.968431008671401,0.381077710794157,-2.54129533488908,0.0110442585195241,0.0573898078493081,"AC006529.1"
"ENSG00000240583.13",20195.7108829791,0.17031936371756,0.203109712226943,0.83855844139671,0.401717139870287,0.591681504941668,"AQP1"
"ENSG00000240589.3",2.6791747914739,-0.503514450382201,0.318867246280096,-1.57907234517247,0.114319464070015,0.266510602708706,"RN7SL258P"
"ENSG00000240591.2",21.4550501832599,-0.415026190116191,0.158102281998654,-2.62504870182535,0.00866365742350535,0.0487228288176965,"AL096701.3"
"ENSG00000240602.7",41.9970505702732,0.467103326621851,0.235217863643283,1.98583270584513,0.0470519028847322,0.149703650873604,"AADACP1"
"ENSG00000240606.3",3.13871745899812,-0.673612027214687,0.685184423597416,-0.983110537857864,0.325553038453413,0.518974943601936,"RN7SL564P"
"ENSG00000240616.1",19.0781598944294,-0.316994194121509,0.108309517164327,-2.92674367332435,0.00342531059897618,0.0259651333724303,"RPS6P25"
"ENSG00000240622.1",5.15275295051802,-0.113186222570059,0.208619519250712,-0.542548573482406,0.58744065517042,0.744543236355596,"RPL7P15"
"ENSG00000240625.3",3.34881937229493,-0.242230903204804,0.174100183486406,-1.39133054517267,0.164125215390284,0.335714755026982,"RN7SL403P"
"ENSG00000240634.1",10.0688803413457,-0.166899615198448,0.143899098681481,-1.15983780807327,0.246114847586198,0.435243897837421,"AC145285.1"
"ENSG00000240639.3",0.734276978995031,1.26886004155356,1.16496994400161,1.08917835012558,0.276075244176842,0.468612883877822,"RN7SL666P"
"ENSG00000240652.1",3.90374467196314,-0.0513494639209833,0.157822484996307,-0.325362155602764,0.744906994104621,0.854677897602272,"AP001024.1"
"ENSG00000240654.6",4.61547328646277,-0.341131065575903,0.245076992563222,-1.39193427342186,0.163942302055839,0.335569427515581,"C1QTNF9"
"ENSG00000240661.3",10.7861079062145,-0.246594842349415,0.227160225154569,-1.08555466601436,0.277676065787806,0.470262091535131,"AC063952.1"
"ENSG00000240665.1",1.92984984424053,-1.18088003658183,0.271301440868556,-4.3526493364772,1.34502192691613e-05,0.000493985773447645,"LSP1P2"
"ENSG00000240668.1",14.1953652170899,0.42695187541205,0.143622602800354,2.97273456327445,0.00295159584472208,0.0233957720020362,"KRT8P36"
"ENSG00000240671.4",246.215570787499,-0.546648166247316,0.227084632358057,-2.40724420922234,0.0160734176080175,0.0736959231857794,"IGKV1-8"
"ENSG00000240674.1",3.93131641236094,-0.227607800650223,0.174158859038801,-1.30689763303694,0.191247480098203,0.370164662223677,"AC106872.2"
"ENSG00000240682.10",698.16692858702,0.0645283042134831,0.0604072402734369,1.06822135759541,0.285420672893687,0.477849263936916,"ISY1"
"ENSG00000240687.2",1.82186617807885,-0.056101234044203,0.191526661306603,-0.292916054931872,0.769586316768413,0.871194737986086,"AC082651.1"
"ENSG00000240694.9",1166.94070354492,-0.084184795255667,0.154286391790037,-0.545639795441138,0.585313563582575,0.743059915494139,"PNMA2"
"ENSG00000240695.1",7.91085458448226,-0.390670776813524,0.179460452811989,-2.1769184836662,0.0294866500650695,0.109430864360119,"AC117382.1"
"ENSG00000240707.3",2.46543242996909,0.345017039533433,0.307516981497364,1.12194467392817,0.261885964391574,0.45342268316867,"LINC01168"
"ENSG00000240710.1",5.28126468563848,-0.272125010143731,0.179673617980318,-1.51455184797102,0.129885934231508,0.289715423312984,"AL512306.3"
"ENSG00000240718.3",2.60564765748898,-0.268486964310459,0.271992894677962,-0.987110213405927,0.323588611361739,0.517136285351249,"RN7SL851P"
"ENSG00000240720.9",2.95300062828872,-0.451882826523286,0.221345144312802,-2.04153033456515,0.0411981418740333,0.137215860085253,"LRRD1"
"ENSG00000240723.3",1.96429948361667,-0.481576379844385,0.318212703026105,-1.51337886660319,0.130183449972422,0.290095462159159,"RN7SL382P"
"ENSG00000240729.1",3.67678136704036,-0.868086744393022,0.246898440710936,-3.51596689672643,0.000438155611102941,0.00617591649468679,"AC146507.2"
"ENSG00000240731.1",101.726436322837,-0.220327013000896,0.0953481313656874,-2.31076382772389,0.0208459035164905,0.0874304189688233,"AL139287.1"
"ENSG00000240733.3",2.49089590912082,-0.0194825928114861,0.339286125024572,-0.0574223092974258,0.954208792070884,0.976244747978509,"RN7SL502P"
"ENSG00000240747.8",7.21655958330269,-0.2637555628379,0.216404304969657,-1.21880922320322,0.222916610027377,0.40761807704318,"KRBOX1"
"ENSG00000240750.3",3.03358353125428,-2.37564523569194,0.369371970996857,-6.43157960600143,1.26284613546639e-10,8.24390909570243e-08,"RN7SL559P"
"ENSG00000240751.1",7.00995128669195,-0.960366324825527,0.196750516067459,-4.88113751374481,1.05475657003574e-06,7.78625509671835e-05,"AC026348.1"
"ENSG00000240759.1",6.32365647358881,-0.185861898721918,0.149991098297935,-1.23915286194339,0.215288893558354,0.398599328953303,"RPS27P21"
"ENSG00000240764.4",23.8824340090086,0.533819663861451,0.157765622030605,3.38362475291288,0.000715357001317621,0.00868576974648708,"PCDHGC5"
"ENSG00000240770.5",1.97869043931085,0.0974742618833844,0.292276090247956,0.333500635651349,0.738756409707498,0.850905281037597,"C21orf91-OT1"
"ENSG00000240771.8",94.235806714799,0.0969147945009889,0.102287632261374,0.947473241470129,0.343397685198227,0.536773516752174,"ARHGEF25"
"ENSG00000240776.1",5.92740644954033,-0.0941182869601779,0.161860113123151,-0.581479186836898,0.560917541662777,0.724851979762091,"AC079944.1"
"ENSG00000240793.1",10.9388179298351,-0.1422014978374,0.172816596016224,-0.822846307099174,0.41059539941871,0.599717146303726,"UBA52P8"
"ENSG00000240808.1",3.37409169153998,-1.43420073443678,0.254268249851665,-5.64050263952917,1.69554469507397e-08,3.60463366161146e-06,"AC126389.1"
"ENSG00000240809.1",42.9501704641417,0.000399377162623465,0.0831300345707155,0.00480424631946629,0.996166780781026,0.998115463842022,"CAP1P1"
"ENSG00000240823.3",5.78683777919158,-0.0404472554893567,0.156124192846845,-0.259071030260087,0.795580436396804,0.887445976504409,"RN7SL23P"
"ENSG00000240849.11",1812.70531234783,0.13225785729964,0.0710646605429388,1.86109180412854,0.0627312134234797,0.180901714032734,"PEDS1"
"ENSG00000240853.3",3.5175053116481,-1.64195516932607,0.32147474441303,-5.1075712722754,3.26326025741752e-07,3.31230865092078e-05,"RN7SL328P"
"ENSG00000240854.1",24.316175873211,0.0554140617769872,0.0957086961745582,0.578986696004304,0.562598150090726,0.72607732515512,"PSMC2P1"
"ENSG00000240857.2",662.01962450166,0.0851581170450929,0.046275021101357,1.84026100946706,0.0657299267728995,0.186346666734747,"RDH14"
"ENSG00000240859.3",293.953285667964,-0.17963836086739,0.128804817152548,-1.3946556102373,0.16311971686303,0.334508452942461,"AC093627.4"
"ENSG00000240861.1",1.50514470068348,-2.06308770153918,0.58275169819924,-3.54025171941039,0.000399745561552615,0.00579927874308749,"AC009153.1"
"ENSG00000240864.3",1533.52322751166,-0.488442405592375,0.214659537597414,-2.27542838794534,0.0228802440385381,0.0927837906749909,"IGKV1-16"
"ENSG00000240869.3",14.9137851545962,-1.16144679078094,0.237872455885582,-4.88264514046806,1.04672141245472e-06,7.77684815830876e-05,"RN7SL128P"
"ENSG00000240870.2",0.889775429154118,-0.498578261820135,0.517652112765271,-0.963153147693643,0.335470673444549,0.528776873922421,"RPL19P14"
"ENSG00000240873.1",1.51521462951737,-0.503491474523283,0.498975368578621,-1.009050759274,0.312950291367607,0.50703736951889,"RPS29P22"
"ENSG00000240875.6",143.281106865288,-0.0386622992120551,0.130364916910535,-0.296569814397134,0.766794959179028,0.869217043784384,"LINC00886"
"ENSG00000240877.3",7.54000956237136,0.361993771331288,0.218254723326367,1.65858390514638,0.097199667213752,0.24026048856986,"RN7SL521P"
"ENSG00000240888.1",1.26209870999836,-0.964691592039447,0.772492297629335,-1.24880415636498,0.211736713379459,0.394364771397843,"AC131210.1"
"ENSG00000240889.1",12.9890992286557,-0.0392470023603711,0.0787883900631687,-0.498131797450167,0.618391149945738,0.767983309278703,"NDUFB2-AS1"
"ENSG00000240890.2",3.83092584168475,-0.475673405909427,0.217348583554687,-2.18852774713272,0.0286311823797641,0.107308111557974,"AC020633.1"
"ENSG00000240891.8",139.951102955916,0.0811245877528134,0.116213727098227,0.698063729461536,0.485137339722934,0.664186094719781,"PLCXD2"
"ENSG00000240898.1",28.4745731105703,-0.187536906440639,0.0937914863386669,-1.99950884415533,0.0455533259092008,0.146688490446161,"AC132942.1"
"ENSG00000240905.3",2.87565072038751,-0.557879052500987,0.279715554613443,-1.9944513034749,0.0461027566562156,0.147856572329774,"RN7SL798P"
"ENSG00000240914.1",7.82013990183894,-0.222548207074706,0.181187881853869,-1.22827313172188,0.219344453594688,0.403549673603445,"RPL15P2"
"ENSG00000240922.1",5.2217676315988,0.459180931455681,0.38819564693743,1.18285955826211,0.236864811767575,0.424431656521952,"LSAMP-AS1"
"ENSG00000240925.1",2.07185708281793,-1.06797788088199,0.430662065351896,-2.47985129595602,0.0131437185231248,0.0643804356025297,"RPS20P31"
"ENSG00000240936.3",0.734373072767284,0.305388809344938,0.857580812312496,0.356104993209266,0.72176193798595,0.840404480814737,"RN7SL554P"
"ENSG00000240940.3",0.731404519733798,1.2807508725924,1.230159456209,1.04112590130332,0.297817119903144,0.490559775395996,"RN7SL591P"
"ENSG00000240950.1",15.1821998445653,-0.146743206340998,0.159429321552848,-0.920427967150043,0.357349159350042,0.550517123790705,"AC021074.1"
"ENSG00000240954.1",6.49898229762155,-0.351893636109664,0.139478967534946,-2.52291540673686,0.0116386395028314,0.0593344693194081,"RPL4P1"
"ENSG00000240961.3",0.44058761327118,1.51522833370909,1.44985308936171,1.04509094392189,0.295980939184276,0.488655971919195,"RN7SL415P"
"ENSG00000240964.3",2.71832856901776,-0.224231833275984,0.35937739511061,-0.623945290735297,0.532663515003125,0.702279677055245,"RN7SL751P"
"ENSG00000240966.3",1.19584909875884,-0.163879236042994,0.578146875795713,-0.283456060914355,0.776827259264231,0.875551303113987,"RN7SL681P"
"ENSG00000240970.1",48.5572260343572,-0.430020384127175,0.141836692860867,-3.03179928588012,0.00243100792357627,0.0205107822604219,"RPL23AP64"
"ENSG00000240974.1",3.25689979870443,-1.35838335486039,0.318520396867145,-4.26466677870861,2.00200756750225e-05,0.000667195575023549,"RPS27AP10"
"ENSG00000240990.10",3.97453256348868,-0.271448083233683,0.373538711115557,-0.726693312248723,0.467413851206191,0.648887054799755,"HOXA11-AS"
"ENSG00000240993.3",1.05299437503511,-0.567394921862117,0.471475402017139,-1.20344543837197,0.228803993333797,0.414855209130928,"RN7SL459P"
"ENSG00000240996.1",4.21636758037561,-0.211487024753952,0.164704640532347,-1.28403804574296,0.199128643692868,0.379788607611517,"AL157400.4"
"ENSG00000240997.3",0.494233539746603,-0.476936514952157,1.14527028958614,-0.416440135825496,0.677087964284746,0.81049390291629,"RN7SL183P"
"ENSG00000241003.1",3.23278898515666,-0.890445084009145,0.279617623141363,-3.18450988176441,0.00144999360155205,0.0142235229748004,"AC108860.1"
"ENSG00000241007.1",4.10381277339752,-0.0535744254306867,0.25658903314433,-0.208794681417859,0.834608523447997,0.909992519114268,"SEPTIN7P6"
"ENSG00000241014.2",15.8856676192965,-0.127037403562089,0.109369832086166,-1.161539714736,0.245422482112973,0.434481053758758,"AC114490.1"
"ENSG00000241015.2",307.564657482143,-0.0216108335633709,0.084112750461755,-0.256926963447677,0.797235155275526,0.888073154555811,"TPM3P9"
"ENSG00000241026.1",0.97299901674436,-0.195890187333462,0.619677439303956,-0.316116377503582,0.751914176216175,0.85931205096681,"AC105910.1"
"ENSG00000241030.1",5.58719302778159,-0.433634857028117,0.138415316284359,-3.13285313120452,0.00173116042537393,0.0161977257956618,"RPL29P24"
"ENSG00000241032.3",1.85262154762156,0.982983276549404,0.661564867165884,1.48584564467648,0.137319953671577,0.299514863152167,"RN7SL709P"
"ENSG00000241048.1",2.17083241425096,-0.346143848649738,0.463406843186144,-0.74695454704517,0.455090998012888,0.638327628785098,"AC117386.1"
"ENSG00000241052.1",1.27305427460521,-1.0973520945026,0.476836869797227,-2.30131553159731,0.0213738024786491,0.0887611333318779,"RPL23AP70"
"ENSG00000241057.2",4.7861142266794,0.0581095933500363,0.136712569026465,0.42504938473351,0.670800674450451,0.80589917096521,"AC004951.3"
"ENSG00000241058.4",388.121724992941,-0.113704687238805,0.0623740037298805,-1.82294995413825,0.0683109710162521,0.191019415256516,"NSUN6"
"ENSG00000241061.3",12.0485035275429,-0.213800993610539,0.151525013528893,-1.41099471718424,0.158246171721464,0.328377629994702,"RPL5P1"
"ENSG00000241067.2",1.60986488620815,-0.474793217051752,0.460346474405015,-1.03138232494429,0.302361566133925,0.49537540580172,"RPL17P40"
"ENSG00000241073.1",0.991173046783168,-2.38362249982807,0.564653363400518,-4.22139077587912,2.42799597642395e-05,0.000765485511771614,"AC093019.2"
"ENSG00000241074.3",0.767107530557341,1.47322150442145,0.791573746117636,1.86112982100156,0.0627258458711118,0.180901714032734,"RN7SL813P"
"ENSG00000241081.1",8.18623137558189,0.106697664801869,0.160260562211274,0.665776179302349,0.505554172751636,0.681130471183693,"RPL22P2"
"ENSG00000241101.1",2.47685225472027,-0.440578312364128,0.404322266370453,-1.08967115840327,0.275858025252915,0.468296510948287,"PRICKLE2-AS2"
"ENSG00000241106.8",207.142830836884,-0.149933893071571,0.121802800632033,-1.23095603954562,0.218339306391641,0.402256130136512,"HLA-DOB"
"ENSG00000241111.1",6.19978792807775,-0.826855729037802,0.255166114567789,-3.24046055424861,0.00119336781930814,0.0124314126433749,"PRICKLE2-AS1"
"ENSG00000241112.1",10.8004465470229,-0.491629917167215,0.202613649710137,-2.42644026140663,0.0152477603874881,0.0711583524783629,"RPL29P14"
"ENSG00000241120.1",4.97229674877311,-1.25576461222692,0.25489830208668,-4.92653188329159,8.37019596057071e-07,6.4656365223963e-05,"HMGN1P8"
"ENSG00000241127.8",528.970364295138,0.0639557007331431,0.0786828351056937,0.812829134171795,0.416316029235015,0.604940308001645,"YAE1"
"ENSG00000241135.6",21.5243297598913,-0.286284232079288,0.169444264939123,-1.68954807754717,0.0911144465729161,0.230542124164166,"LINC00881"
"ENSG00000241146.1",1.98322595133106,-0.665890919047714,0.262024497787194,-2.5413307712492,0.0110431390991303,0.0573898078493081,"RPL7P41"
"ENSG00000241149.3",1.70984214833791,-0.936134313273393,0.879470076876623,-1.06442997651268,0.287133960103035,0.479536038811655,"ZNF722P"
"ENSG00000241151.1",0.775964458018069,-1.26507884821658,0.649466495478932,-1.94787391962949,0.0514300511410181,0.158645482501428,"LINC02066"
"ENSG00000241155.1",17.42499832575,0.0503897725018391,0.144246873825604,0.349330083664487,0.726841515833207,0.843073357719924,"ARHGAP31-AS1"
"ENSG00000241157.1",3.67376203406881,-0.168822653909941,0.174217324295448,-0.969034822413194,0.332527815218263,0.526056001523479,"AC104763.1"
"ENSG00000241158.7",66.9894375467025,-0.201202419445731,0.204668789497849,-0.983063514175157,0.325576180009339,0.518974943601936,"ADAMTS9-AS1"
"ENSG00000241159.3",0.940784592329643,1.44990696028783,0.492586489075068,2.94345661613725,0.00324569310503439,0.0249904857876757,"RN7SL160P"
"ENSG00000241162.3",1.10921736766362,0.491478548469915,0.556396796929475,0.883323827854839,0.377061333231734,0.5685955850255,"RN7SL617P"
"ENSG00000241163.8",22.5989920920307,-0.352519048111225,0.135708216651666,-2.59762493980793,0.0093870963490518,0.0514274475479647,"LINC00877"
"ENSG00000241168.1",1.36178872826815,-0.106602749889451,0.415212749564504,-0.256742477202979,0.797377578277332,0.888100217904028,"AC128685.1"
"ENSG00000241169.1",2.99969917489606,-0.624786540952961,0.420916975180756,-1.48434626730047,0.137717081803595,0.300007511907811,"FO393419.2"
"ENSG00000241170.3",54.7002417611031,-0.195556248132569,0.148271910482646,-1.31890286903302,0.187201586880321,0.365221355523382,"AP001992.1"
"ENSG00000241172.3",0.770503580874314,0.633567590031224,0.800314328654567,0.791648440302617,0.428565693741109,0.615408136369323,"RN7SL70P"
"ENSG00000241174.3",0.1674985535522,-0.102755885541353,0.891781219282334,-0.115225442428633,0.908266432842044,0.95134638253651,"RN7SL570P"
"ENSG00000241175.3",2.2727782660178,0.0773644665535064,0.342371797143938,0.225966236701971,0.821227680379145,0.902511610171533,"RN7SL494P"
"ENSG00000241179.1",1.35680799064993,-0.848342089855061,0.646509202545055,-1.31218873067153,0.189456463258536,0.368080596689068,"AC010301.1"
"ENSG00000241186.10",9.89540171934383,0.149507750091425,0.231357033209125,0.646220899436776,0.518136306465214,0.691657751108181,"TDGF1"
"ENSG00000241187.1",2.9664108099774,-1.90522639539192,0.386560249488781,-4.92866609515993,8.27929321112464e-07,6.42523330717885e-05,"AC008379.1"
"ENSG00000241188.3",1.65076498088926,0.356479440229888,0.284740891397987,1.25194326139701,0.21059053941249,0.392981942080602,"RN7SL165P"
"ENSG00000241198.3",1.0981553820878,1.37684896831285,1.25139159661247,1.10025428653988,0.271221343635255,0.463251081702257,"RN7SL191P"
"ENSG00000241207.1",0.855613987807101,-0.816629858393554,0.694720093776477,-1.17548040672666,0.239802571435908,0.427624371227407,"AC245047.5"
"ENSG00000241211.1",2.66937982670549,-1.30734730934818,0.383720357921771,-3.40703140283923,0.000656735705806672,0.00813721691604821,"IQCJ-SCHIP1-AS1"
"ENSG00000241213.2",1.06728628511713,-0.222634313091653,0.579941541266373,-0.383890956673846,0.701059269309817,0.825623143018456,"LINC02024"
"ENSG00000241217.3",8.97424328903318,-0.273932700421457,0.174154609387519,-1.57292822386296,0.1157354389753,0.268551712420175,"RN7SL809P"
"ENSG00000241218.1",4.375846064894,0.0578208021302439,0.170208091608744,0.339706541467818,0.734077535035828,0.847994056845739,"CSP2"
"ENSG00000241226.3",2.18323737349143,0.188825729704805,0.394544343340945,0.478591907074009,0.632228976817623,0.777799102992725,"RN7SL836P"
"ENSG00000241229.3",1.06278800470799,0.766442540071412,0.814045144655972,0.941523384916598,0.346436711191007,0.540179722072041,"RN7SL443P"
"ENSG00000241230.3",2.06450429208229,-2.34762681184485,0.731011807203123,-3.21147591422217,0.00132055039840005,0.0133470201620925,"RN7SL801P"
"ENSG00000241231.2",1.53994516022977,-0.724639352287334,0.548148113003765,-1.32197728149865,0.186175716135684,0.36425837507106,"AC068308.1"
"ENSG00000241243.3",1.78044491046936,-0.683314327136278,0.630895076971115,-1.08308711238773,0.278769758764612,0.471240496499122,"RN7SL629P"
"ENSG00000241244.1",168.820693371434,-0.254712154502239,0.215453265677307,-1.1822153342699,0.237120269694865,0.424699479238074,"IGKV1D-16"
"ENSG00000241246.3",1.46220386447593,1.06188518829221,0.969852230035106,1.09489379454618,0.27356316799355,0.465988158199502,"RN7SL302P"
"ENSG00000241255.1",8.92992345362298,0.132387690542931,0.132604561111703,0.998364531604692,0.318102626020565,0.511894761859088,"AL136126.1"
"ENSG00000241258.7",1973.32912109605,0.0415058753021251,0.0538607364954259,0.770614700109977,0.440935345331649,0.626229009987484,"CRCP"
"ENSG00000241269.1",10.8665045535154,0.176681629611306,0.146323708533613,1.20747096545,0.227250820127017,0.412983709306156,"AC093620.1"
"ENSG00000241278.1",6.52797311596416,-1.05670424757263,0.233134412142391,-4.53259661609815,5.82630125884051e-06,0.000268663501122683,"ENPP7P4"
"ENSG00000241280.1",4.94716651622996,-0.0123717463206047,0.25566058813884,-0.0483912925753188,0.961404398694951,0.980578293172937,"AC106712.1"
"ENSG00000241288.8",85.5962153718861,-0.047342670968443,0.145754408904952,-0.32481124464177,0.745323933616382,0.854973447163498,"LINC02614"
"ENSG00000241291.3",1.09866580590039,1.83117651987546,1.01398648313248,1.80591807715075,0.0709311369740691,0.195748536412275,"RN7SL791P"
"ENSG00000241294.1",720.423822407572,-0.0614888554386686,0.203315321128318,-0.302430997808872,0.762323527567764,0.866153750710312,"IGKV2-24"
"ENSG00000241295.1",1.14249014747313,-1.58932838470291,1.24898852306024,-1.27249238512518,0.203198227967008,0.384139379007756,"ZBTB20-AS2"
"ENSG00000241313.3",13.23865779671,-0.0753369688762697,0.109494828232869,-0.688041344893902,0.491426745598306,0.669446948520356,"WWTR1-AS1"
"ENSG00000241316.8",171.433167067235,-0.130412848786649,0.101936376392218,-1.27935535284149,0.200771948549894,0.381328112446324,"SUCLG2-AS1"
"ENSG00000241322.11",30.9437474303561,0.427362571640156,0.176665395389201,2.41905083165075,0.015561065520544,0.0720996168074599,"CDRT1"
"ENSG00000241343.10",113.327927407412,-0.285002159771655,0.0989720136051848,-2.8796237379647,0.00398150024547083,0.0287042199377351,"RPL36A"
"ENSG00000241347.3",0.432353338021424,1.42769297486827,1.04904899768137,1.36094022111817,0.173532581505823,0.348562306852088,"RN7SL466P"
"ENSG00000241351.3",5224.3412138219,-0.414689242755962,0.193138335823854,-2.14710995094297,0.031784529281374,0.115126136432202,"IGKV3-11"
"ENSG00000241352.3",12.0608504048055,-0.332626527371135,0.149840476126671,-2.21987099860749,0.026427525679936,0.102011781155027,"AC007688.2"
"ENSG00000241354.2",1.72717128680065,-0.894062778991352,0.316146156210287,-2.82800458404643,0.00468391358292709,0.031961544628712,"AL049874.1"
"ENSG00000241358.1",3.06530809401322,0.216907737957855,0.24059834168791,0.901534634179709,0.367304127707891,0.55986910481915,"AC069528.1"
"ENSG00000241359.1",34.4950748683028,-0.359798983558437,0.205317391738313,-1.75240382956461,0.079704393417236,0.211341061647024,"SYNPR-AS1"
"ENSG00000241360.2",5.47573803042903,-0.00767235997462698,0.122471692762798,-0.0626459861993314,0.950048409615973,0.973848694267076,"PDXP"
"ENSG00000241361.8",2.64219561875473,-0.30804799532758,0.3971756931672,-0.775596293094151,0.437987389790614,0.623398493792438,"SLC25A24P1"
"ENSG00000241362.2",8.80170346070042,-0.210628567982612,0.138576317622689,-1.51994634866907,0.128524460337725,0.287722300019592,"RPL36AP43"
"ENSG00000241370.6",30.4372827092262,-0.337614556669263,0.114249561884434,-2.95506215604369,0.00312606064295325,0.0243463393914039,"RPP21"
"ENSG00000241388.5",99.9347202158364,-0.522178917564704,0.283849637477,-1.83963214540662,0.0658222616646903,0.186456271386245,"HNF1A-AS1"
"ENSG00000241391.3",0.47044826239346,0.777597072429663,0.463122733908248,1.67903023431305,0.093146151495795,0.233816996286625,"RN7SL234P"
"ENSG00000241395.3",1.80159969561487,-0.00477910745975482,0.517280959626621,-0.00923890077687073,0.992628528579629,0.99655400861852,"RN7SL344P"
"ENSG00000241399.7",397.012473768436,-0.331338334534385,0.134326051803198,-2.46667217629408,0.0136375147241522,0.0660508841593249,"CD302"
"ENSG00000241404.7",22.4531797598963,-0.152647053884886,0.13759265815906,-1.10941278355436,0.267252150108154,0.458948049391384,"EGFL8"
"ENSG00000241409.1",1.63258511168418,-0.371133989459807,0.723333487953098,-0.513088355013188,0.607889516919038,0.760420186311357,"AC064852.1"
"ENSG00000241411.1",7.95297581216967,0.281699186739882,0.140044409469524,2.0114989795518,0.0442727779994822,0.144050747750552,"AC104619.1"
"ENSG00000241416.1",5.7529658974813,0.461509022433916,0.170067503043531,2.71368141575987,0.00665401234667881,0.0407297053939245,"KRT8P13"
"ENSG00000241420.3",1.37969418563671,-0.960927126059946,0.461509084283168,-2.08214130292254,0.0373295648424425,0.128469423433889,"RN7SL505P"
"ENSG00000241429.1",23.2014316325025,-0.271405601775776,0.16932878415411,-1.60283204731903,0.108971739407071,0.258431642782389,"EEF1A1P25"
"ENSG00000241431.1",27.0382930295612,0.38553410045402,0.127289173419552,3.02880512220218,0.0024552300422904,0.020651262842838,"RPL37P6"
"ENSG00000241438.1",3.32196995713046,-1.06608865989623,0.298813245546345,-3.56774231325325,0.000360070348482237,0.00545108943493151,"TDGF1P6"
"ENSG00000241439.1",3.61906120730393,0.268622524529355,0.38320350888933,0.700991818441134,0.483308121094804,0.662551066669766,"AC092903.1"
"ENSG00000241449.6",5.33671292234288,-1.33676096140478,0.321299292323586,-4.1604852339933,3.17572149810377e-05,0.000934830201913075,"AC092666.1"
"ENSG00000241456.1",4.91723545175817,-0.572759961317565,0.310658659938056,-1.84369546122349,0.065227534868856,0.185495294161237,"AC005996.1"
"ENSG00000241461.3",1.3556871229029,0.109541767437989,0.424339226861909,0.25814669138198,0.796293697886069,0.887766461135197,"RN7SL182P"
"ENSG00000241464.3",5.79225736014025,-0.169840369080819,0.146971113596374,-1.15560374365299,0.247843276047381,0.4371627120236,"RPL39P38"
"ENSG00000241468.8",1434.93618691183,0.144857384085519,0.101048803265848,1.43353883869772,0.15170390788383,0.319582270638848,"ATP5MF"
"ENSG00000241472.7",84.3657906749899,-0.233532791301158,0.145141096857445,-1.60900528077537,0.10761518692944,0.25642946023775,"PTPRG-AS1"
"ENSG00000241475.1",0.97238746542054,0.00412837355713122,0.494736642481369,0.00834458821652105,0.993342059163662,0.996845224732813,"AL160408.4"
"ENSG00000241478.1",4.98870713111592,0.218891118912506,0.163870670323529,1.33575531533709,0.181629262725028,0.358530952443043,"HSPA8P9"
"ENSG00000241479.1",10.2975229947967,-0.787646530094908,0.232050541859426,-3.3942886915216,0.00068807116911945,0.00845623973181759,"MECOM-AS1"
"ENSG00000241484.10",77.5288749998192,-0.144901902172004,0.131749096172855,-1.09983222945144,0.27140522699639,0.463351673337616,"ARHGAP8"
"ENSG00000241489.8",26.7536568428119,-0.0800118395756386,0.146436298579473,-0.546393485439099,0.584795487201552,0.742801030670207,"AC244197.3"
"ENSG00000241490.1",4.24945268409306,-0.823038019681542,0.231216438031836,-3.55959994318491,0.000371420165153327,0.00555511750154974,"AC093010.1"
"ENSG00000241494.1",11.1946118616591,-0.122824816936935,0.155171022746394,-0.79154480497093,0.428626141188648,0.61546839120994,"AL355032.1"
"ENSG00000241506.1",43.9970135771017,0.10366197627977,0.148296369713026,0.699018974506049,0.484540172896062,0.663696041151509,"PSMC1P1"
"ENSG00000241511.1",5.96106228736183,-0.355895483544464,0.17054139589934,-2.08685686936986,0.0369010746490976,0.127609928286669,"RPS15AP24"
"ENSG00000241520.1",4.83584408380558,-0.292507355059648,0.153948318110157,-1.90003605528413,0.0574283882003802,0.170650065008502,"AC098820.1"
"ENSG00000241524.3",0.931990128383345,1.91921056086248,1.06501353508793,1.80205274170908,0.0715371079672438,0.196817199863932,"RN7SL632P"
"ENSG00000241527.1",7.39855782533447,0.0968803623758984,0.199454008332632,0.485727828614653,0.627160150221756,0.774769680197882,"CA15P1"
"ENSG00000241529.3",7.9297585081664,-1.21051520021775,0.309059406056649,-3.91677191017402,8.9742583590495e-05,0.00204084688215734,"RN7SL767P"
"ENSG00000241535.1",3.16949405009639,-1.6815603094034,0.421706341651056,-3.98751487307444,6.676901981769e-05,0.00163933700353271,"CBX5P1"
"ENSG00000241537.1",1.77228986643283,-0.70672749471716,0.430148917755333,-1.64298331472066,0.100386385505651,0.244901839144366,"AC134050.1"
"ENSG00000241544.2",7.36213567218201,-0.0308364877043324,0.251539021469516,-0.122591268440907,0.902430769062493,0.948168889273127,"LINC02029"
"ENSG00000241546.1",1.0659773905761,-0.653729463191849,0.928064601779014,-0.704400816428845,0.481183197709324,0.661056045280866,"AC092910.2"
"ENSG00000241547.1",17.6524066167709,0.158657112495426,0.123983420628297,1.27966393967368,0.200663352020209,0.381252352839629,"ACTG1P20"
"ENSG00000241549.8",33.9780670905695,-0.256891589541878,0.120111764720672,-2.13877125308496,0.0324541987055751,0.116533394899128,"GUSBP2"
"ENSG00000241553.12",4589.53363078957,0.252834490953562,0.0678840456273571,3.72450534756682,0.000195698564227945,0.00353329300370986,"ARPC4"
"ENSG00000241556.1",16.8727652671533,-0.14564114879969,0.167697173961112,-0.86847706111889,0.385133224624924,0.576592291532852,"AC018475.1"
"ENSG00000241560.7",10.1649963977133,-0.379614242201942,0.232395454824071,-1.6334839357737,0.102367256601442,0.248237054001316,"ZBTB20-AS1"
"ENSG00000241563.4",6.78253157490941,0.0305474943393158,0.140165775168905,0.217938325547053,0.827477165319196,0.905657558268582,"CORT"
"ENSG00000241566.1",53.0133095254756,-0.217108518990474,0.239321928690279,-0.90718188750454,0.364310620248896,0.55699069723334,"IGKV2D-24"
"ENSG00000241568.3",2.62280558287241,-1.05648051668567,0.366302343974952,-2.88417623873548,0.0039243905919732,0.0283785264940408,"RN7SL338P"
"ENSG00000241577.1",2.93239300069163,-1.38036984123075,0.37694724896978,-3.66197085932684,0.000250282334816416,0.00423622255874069,"AC060234.3"
"ENSG00000241587.3",1.52280655737111,0.550337504155752,0.660244277064905,0.833536197545339,0.404542391934747,0.594098743060312,"RN7SL482P"
"ENSG00000241597.2",1.7948589662351,-0.620477791014368,0.370994440562224,-1.67247193805401,0.0944312969282733,0.23595775807813,"AC022121.1"
"ENSG00000241612.1",9.77067607590178,-0.207084010597839,0.140861060024315,-1.4701295770605,0.14152666317688,0.305567263109459,"AC114728.1"
"ENSG00000241625.3",0.940735978096335,0.945921229267854,0.730072163706371,1.2956544247156,0.195094569600542,0.374691866496155,"RN7SL18P"
"ENSG00000241627.3",9.28807271551698,-0.0593438285113859,0.137293521835245,-0.432240558171417,0.665566584470727,0.802328492171189,"UBQLN4P1"
"ENSG00000241634.1",10.5389451656951,0.00558460749184596,0.131217739756906,0.0425598512990088,0.966052400493847,0.983060261321076,"AC069499.1"
"ENSG00000241635.8",36.2747362514591,0.14686018870903,0.373315949707379,0.393393823178852,0.694028631069218,0.821235968658924,"UGT1A1"
"ENSG00000241640.2",1.02025073189094,-0.334931034435729,0.507145893567949,-0.660423437680569,0.508982135667828,0.684143172626629,"AC092757.1"
"ENSG00000241641.1",7.87097747124222,-0.0768998645777624,0.185207195027323,-0.415209919714068,0.677988237690732,0.810989199778592,"RPS23P6"
"ENSG00000241644.2",2297.95504799072,0.190320352987731,0.22206357560095,0.857053447296273,0.391415347221039,0.582330159803467,"INMT"
"ENSG00000241651.4",3.29694147952466,-0.015828521316718,0.260839802762816,-0.0606829216594332,0.951611733153675,0.97465112385053,"AC099340.1"
"ENSG00000241652.3",0.918741319520654,1.15376832723063,0.506338544575316,2.27865000520221,0.0226878788725481,0.0923407764430005,"RN7SL253P"
"ENSG00000241656.1",2.0295905434717,0.0587064082548148,0.303061556451476,0.193711168589654,0.846402046222755,0.916696920133187,"UBA52P7"
"ENSG00000241657.1",11.4221384932789,-0.0124197623121381,0.159129372413723,-0.078048207717729,0.937789705702663,0.96769875625957,"TRBV11-2"
"ENSG00000241665.3",1.03475119875828,0.535659081175454,1.14881430030476,0.466271251179024,0.641021354120643,0.783951950289776,"RN7SL418P"
"ENSG00000241666.2",8.74034589465235,0.0441215228861786,0.17175926564971,0.256880015871522,0.797271398067665,0.888073154555811,"AL031733.2"
"ENSG00000241678.1",4.40560838037486,-0.318538182609796,0.179010947950835,-1.77943408632907,0.0751686222686653,0.20335925239361,"AC091564.1"
"ENSG00000241679.2",4.57070759887389,0.120261086872001,0.187097076794069,0.64277373507213,0.520370928119885,0.693487683527953,"AC018450.1"
"ENSG00000241680.1",4.87944749188873,-0.174493442413814,0.139867854396186,-1.2475592992193,0.212192491416654,0.394771843210273,"RPL31P49"
"ENSG00000241684.6",74.6333279485769,-0.316148994433843,0.178181647374821,-1.7743072818762,0.0760123367341534,0.204598490329871,"ADAMTS9-AS2"
"ENSG00000241685.10",1113.5501158414,0.0951842892482293,0.0888481601757297,1.07131412805811,0.284028209405429,0.476764705845263,"ARPC1A"
"ENSG00000241693.2",2.46713410613604,0.197620629933686,0.209376378862185,0.943853509204887,0.345244512219851,0.53874973261474,"RN7SL704P"
"ENSG00000241717.1",19.8827106664603,-0.785409400177357,0.202827609356406,-3.87230023895438,0.000107813029339286,0.00232024511040262,"VWFP1"
"ENSG00000241720.2",1.87709653241526,-0.213777460777937,0.281832923890756,-0.75852550449642,0.448136450617062,0.632463198405843,"AL158847.1"
"ENSG00000241723.1",2.3109704676045,-1.27418112064478,0.350475481865142,-3.63557848287679,0.000277357534401457,0.0045154349109182,"AC074276.1"
"ENSG00000241738.1",3.10146960042744,-1.78827873002407,0.336420151830916,-5.315611209054,1.06299903220583e-07,1.49326695271008e-05,"ZNF90P1"
"ENSG00000241741.1",42.7848825826732,-0.107621098008262,0.139041948453845,-0.774018914471603,0.43891960606611,0.624298305838382,"RPL7AP30"
"ENSG00000241743.4",11.4041890155231,-0.0662273635401492,0.17278758813283,-0.383287736438783,0.701506431157017,0.825945242158312,"XACT"
"ENSG00000241746.1",5.7858809177477,0.0224171656636167,0.150432933749957,0.14901767255884,0.881539687980047,0.936886410529199,"AC104212.3"
"ENSG00000241749.4",34.5658126465613,1.46001343841053,0.292162469347091,4.99726553404786,5.81489738763089e-07,4.90244363756373e-05,"RPSAP52"
"ENSG00000241755.1",2000.53950776996,-0.338478566379778,0.20150687948033,-1.67973702561762,0.0930084925202816,0.233629978985796,"IGKV1-9"
"ENSG00000241756.3",0.482733677267328,1.71502692744036,1.23713167521563,1.38629295635926,0.165657466775604,0.337653608507418,"RN7SL83P"
"ENSG00000241757.3",0.518701588060539,2.1462502217498,1.20143411864831,1.78640691856202,0.0740333962225496,0.201388500730235,"RN7SL714P"
"ENSG00000241764.4",59.009372152429,0.174840995450426,0.0852505255614368,2.05090812401414,0.0402758948532837,0.135185539605845,"AC002467.1"
"ENSG00000241769.7",44.0262624891883,-0.56951234731165,0.161326204605614,-3.53019119679848,0.000415259457710793,0.00595915220929544,"LINC00893"
"ENSG00000241772.2",3.72584567274958,-0.0355047190950171,0.311445066812456,-0.113999940530113,0.909237840587349,0.951866405467411,"AC092620.1"
"ENSG00000241782.1",7.09594668796036,-0.214389871465408,0.159403684403838,-1.34494928562797,0.178641612578896,0.354652069623685,"AP002812.1"
"ENSG00000241785.3",1.67262413490455,-0.563890097963322,0.557087855113511,-1.01221035925909,0.311437484126105,0.505395211493976,"RN7SL390P"
"ENSG00000241789.3",0.427203705227534,1.54345716664586,1.18840536801628,1.29876320671813,0.194025205068323,0.37350922890764,"RN7SL504P"
"ENSG00000241794.2",17.1638275603114,-0.269979009614861,0.392158863300342,-0.68844296248404,0.49117387689865,0.669289805347695,"SPRR2A"
"ENSG00000241829.1",2.52446797498539,-0.480678991091388,0.243450939690925,-1.97443884053862,0.0483318652641946,0.152334828196614,"RPL21P54"
"ENSG00000241832.1",1.76718027262962,-1.23404546713882,0.366129161954257,-3.37051946518534,0.000750266053107984,0.00901754790834806,"CECR3"
"ENSG00000241834.3",0.483128632291075,-0.311388227470381,0.893849651432842,-0.348367566034428,0.727564157330699,0.843580837273033,"RN7SL149P"
"ENSG00000241837.7",866.668786748579,0.105590850798698,0.0784347477166342,1.346225415044,0.178229831055511,0.354152231553647,"ATP5PO"
"ENSG00000241839.10",2384.34320231559,0.0660892089377269,0.0947321729003476,0.697642700619236,0.485400670362977,0.664438943167398,"PLEKHO2"
"ENSG00000241852.10",285.368752124647,0.0855928987494523,0.063561001350059,1.34662602746067,0.178100707213518,0.354021913241584,"C8orf58"
"ENSG00000241859.7",24.5879722150367,-0.0251453799871921,0.407611347616127,-0.0616895975400397,0.950810024152428,0.974249604028893,"ANOS2P"
"ENSG00000241860.7",11.8569616068814,0.0626715367743412,0.13122696296985,0.477581248212994,0.632948280014619,0.778164170759836,"AL627309.5"
"ENSG00000241868.3",1.8587713230226,0.610041779242962,0.425727511479607,1.43293952773401,0.151875119786541,0.319861991589911,"RN7SL434P"
"ENSG00000241869.3",1.02665856877949,0.372590866992727,0.386695062886294,0.963526309882799,0.335283467357647,0.528648774662174,"RN7SL363P"
"ENSG00000241878.11",1359.16321491402,0.0339094541296765,0.058268089999872,0.581955820582947,0.560596439485421,0.724503600783669,"PISD"
"ENSG00000241884.2",1.59687346930994,-0.77200697030348,0.515111564479898,-1.49871799341753,0.133946806772963,0.295232773114349,"AC114401.1"
"ENSG00000241886.1",22.4035801739324,-0.768407672685691,0.161156755628717,-4.76807608646576,1.85993544427598e-06,0.00011908236681977,"AC112496.1"
"ENSG00000241889.1",12.9219781064911,-0.102351773483507,0.120344816751939,-0.850487592618793,0.395054055667594,0.585750748961795,"AC079944.2"
"ENSG00000241890.1",2.05795275764104,-0.512170036257444,0.405015354615637,-1.26456943032073,0.206025717215034,0.387415043093919,"RPL13P4"
"ENSG00000241907.1",5.07593686339118,-1.02269767008034,0.21761258426442,-4.69962559167838,2.60638893807572e-06,0.000151081770453147,"RPS20P4"
"ENSG00000241913.1",1.68468499513902,-1.01861576105495,0.526197534379525,-1.93580489170491,0.0528916015848473,0.16164127882911,"RPS29P21"
"ENSG00000241923.2",10.3875408577884,-0.107782167728616,0.138499433617573,-0.778213779748918,0.436442994584026,0.622024684019091,"RPL14P3"
"ENSG00000241926.1",0.452239496709335,-0.0907934809341518,0.742636489338692,-0.122258308388539,0.902694449326595,0.948266377478633,"MTCO1P55"
"ENSG00000241935.9",27.8150141643099,0.23893231715179,0.173978877837306,1.3733409487514,0.16964637816033,0.3429507648848,"HOGA1"
"ENSG00000241939.3",1.96290767251167,-2.2754029215848,0.806330753778564,-2.82192253107299,0.0047736707099176,0.0323685985631949,"RN7SL517P"
"ENSG00000241942.2",1.04729060825653,-1.61926504779068,1.12138783364715,-1.44398307098113,0.148743737408922,0.31552247528227,"RPS20P20"
"ENSG00000241943.2",0.610292110119584,1.00301505311874,1.19559892956964,0.838922675750287,0.401512702172577,0.59158976780986,"RN7SL188P"
"ENSG00000241945.8",75.8352999659616,0.19077821668682,0.203315877428844,0.938334079460117,0.348072751301048,0.541828148660394,"PWP2"
"ENSG00000241962.9",14.7380068818751,-0.249815865065248,0.0997763830527268,-2.50375747668898,0.0122882233546362,0.0614651172094204,"AC079447.1"
"ENSG00000241963.3",1.72271446258345,-0.396045953632275,0.856169673741335,-0.462578815600432,0.64366629624705,0.785945206519219,"RN7SL655P"
"ENSG00000241973.11",3636.58614082368,-0.0363052744717402,0.0661963876110491,-0.548447970983848,0.583384345250778,0.741616941684817,"PI4KA"
"ENSG00000241975.1",12.1049889853777,-0.286822462365014,0.120785624523732,-2.37464071983715,0.0175660390257442,0.0783844172743735,"ELOCP19"
"ENSG00000241981.2",1.85236127379371,-1.88728447356799,0.355338345976481,-5.3112322239855,1.0888647347641e-07,1.52317536195383e-05,"AF213884.1"
"ENSG00000241983.3",6.88512060054353,0.259813038012276,0.188446012286237,1.37871337716416,0.167983143378514,0.340668661337198,"RN7SL566P"
"ENSG00000241984.2",8.38387841095678,-0.562163106817136,0.213131217605202,-2.63763850802218,0.00834855242234438,0.047520662642693,"RPL7AP2"
"ENSG00000241985.1",4.89310269169421,-0.805486872240354,0.226062235809571,-3.56311999372985,0.000366473058483261,0.00550788152375831,"WWTR1-IT1"
"ENSG00000241990.5",73.0837881003637,0.0842775495969426,0.114203848154307,0.737957178842789,0.460540470932945,0.643018406322941,"PRR34-AS1"
"ENSG00000241991.1",2.0242193695828,-1.1276592225352,0.581729762829678,-1.93845887659242,0.0525672633170691,0.161019587599152,"AC114982.1"
"ENSG00000242017.1",2.22367455220911,0.0336389978899116,0.192111902577572,0.175101060572385,0.861000224929718,0.925432784135112,"ALG1L15P"
"ENSG00000242019.1",0.968659842647641,-0.742654460291813,0.470749321227523,-1.57760070339618,0.11465737069543,0.266943205773634,"KIR3DL3"
"ENSG00000242020.3",2.50488592738132,-0.547337120367124,0.371513332597951,-1.47326373602707,0.140679934977657,0.304311420649155,"RN7SL68P"
"ENSG00000242021.2",1.46082135993543,0.437290071100294,0.409892221281251,1.06684159492806,0.286043372179657,0.478530827092976,"AC112493.1"
"ENSG00000242028.8",28.2936458775519,-0.122614651303316,0.132369388408573,-0.926306699588666,0.354286615218844,0.547674433787481,"HYPK"
"ENSG00000242048.3",9.22740259160683,-0.238456621931784,0.213065218913481,-1.1191719753594,0.263066778718818,0.454658313066975,"AC093583.1"
"ENSG00000242060.1",10.3689696626745,-0.453368524408372,0.169714081120247,-2.67136657969557,0.00755430971856181,0.0443181732969301,"RPS3AP49"
"ENSG00000242066.3",0.665323231368593,0.168287987268994,1.05363236589393,0.15972173285149,0.873100280345823,0.932178675353669,"RN7SL214P"
"ENSG00000242067.1",3.80741669290141,-0.302486289013695,0.19416757367753,-1.55786202239957,0.119265959583297,0.273816212352274,"RPL9P28"
"ENSG00000242071.3",116.161854164756,-0.00563048265869369,0.141901457397727,-0.0396788219229656,0.968349186035241,0.984043997639683,"RPL7AP6"
"ENSG00000242076.2",109.471583815125,-1.17172722209989,0.244187423690324,-4.798474894374,1.59878343252592e-06,0.000105611700037868,"IGKV1-33"
"ENSG00000242078.1",5.97674892756638,0.0977228862014038,0.171290904135365,0.570508321470341,0.568332979710784,0.730024688202135,"AC084864.1"
"ENSG00000242079.1",0.3892929697834,-0.184130058066949,1.64788901131398,-0.111736929370097,0.911031997263138,0.952546582654408,"RN7SL318P"
"ENSG00000242082.2",26.3267595422128,-0.481472484752235,0.195934066345043,-2.45731890188179,0.0139978366409203,0.0671029482053507,"SLC5A4-AS1"
"ENSG00000242083.2",4.08129630596176,-0.096937967895737,0.173690586581854,-0.558107205482054,0.576771180605268,0.736431176064859,"RPL7AP31"
"ENSG00000242085.1",15.9489744739135,-0.216247989815212,0.126503832545394,-1.70941848530648,0.0873734592136874,0.224402111980351,"RPS20P33"
"ENSG00000242086.8",785.054322482812,-0.144323952320196,0.1214311009468,-1.18852543701655,0.234626464328585,0.421782339041979,"MUC20-OT1"
"ENSG00000242087.2",1.69903482979707,-1.13363968180554,0.460792862191203,-2.46019366796342,0.0138862059815871,0.0667697076465886,"RPL36AP41"
"ENSG00000242088.1",3.42584443760564,-0.228398434773188,0.18793716854036,-1.2152914537719,0.224254950290619,0.409012822396492,"AC090602.1"
"ENSG00000242094.1",6.0541266164285,-0.107954039853407,0.310795449629985,-0.347347556027382,0.728330227587753,0.843976828759147,"FOXP1-IT1"
"ENSG00000242100.2",16.6518697730534,-0.144879532396466,0.187636764831316,-0.772127639946849,0.44003883320768,0.625340195162902,"RPL9P32"
"ENSG00000242101.3",0.622329576498148,-0.100981431092338,0.632162272298783,-0.159739730631396,0.873086102223348,0.932178675353669,"RN7SL416P"
"ENSG00000242104.5",4.29922816792338,-0.353715681321364,0.227768896071574,-1.55295866741265,0.12043300942389,0.275401894549734,"LINC02618"
"ENSG00000242110.8",78.845748176123,-0.159090904117311,0.102153782666951,-1.55736674613402,0.119383436645119,0.273923690987316,"AMACR"
"ENSG00000242113.3",1.57637740010468,0.652849931020737,0.383555209935961,1.70210158566152,0.0887363267332251,0.226626152648762,"RN7SL124P"
"ENSG00000242114.6",23.795703885612,0.264333430216213,0.108803560974708,2.42945568920909,0.0151215131979352,0.0707476867480125,"MTFP1"
"ENSG00000242120.4",0.963188273180568,-0.0532285162017419,0.721675840158186,-0.0737568216085419,0.941203884762554,0.969269106232785,"MDFIC2"
"ENSG00000242121.3",0.942576668528753,1.49598094987664,0.774133549984025,1.93245848847078,0.0533029409647123,0.162346977727396,"RN7SL267P"
"ENSG00000242125.3",1098.71560909673,-0.219876816158518,0.111570785212723,-1.97073826933544,0.0487538208068878,0.153200656547779,"SNHG3"
"ENSG00000242134.2",1.76011143181884,-1.18460721381086,0.512466759189495,-2.31157863913829,0.0208009149119427,0.0873434861534112,"RPL5P13"
"ENSG00000242136.1",11.668949583804,0.368747320591759,0.220874876602363,1.66948512327008,0.0950212762553688,0.236868926397571,"AC093904.2"
"ENSG00000242142.1",3.74152515902227,0.166522465463064,0.182748402565853,0.911211606367164,0.362183889842014,0.555310421944226,"SERBP1P3"
"ENSG00000242147.3",82.1995275313403,0.173919909267858,0.198313672160035,0.87699404369613,0.380489873293198,0.571954549013474,"LASTR"
"ENSG00000242152.1",1.01373929833288,-1.85043117617777,0.805181897077678,-2.29815297995858,0.0215530837771636,0.0893162581768868,"AC108729.1"
"ENSG00000242154.1",6.37956084998418,-0.838873665832566,0.199901004838572,-4.19644546814554,2.71136706436218e-05,0.000828160951135871,"AC004884.2"
"ENSG00000242158.3",0.809593377304906,0.373403208389111,1.11041703342038,0.336272947145748,0.736665048335186,0.849642813490728,"RN7SL361P"
"ENSG00000242169.2",3.03515093928238,0.0923201418286318,0.173015253948693,0.533595389548767,0.59362149873654,0.749552112771102,"AC093789.1"
"ENSG00000242170.3",4.01363969098577,-2.30268984950628,0.405704786671308,-5.67577688298725,1.3806063204245e-08,3.08486753193912e-06,"RN7SL329P"
"ENSG00000242173.10",5.35824355678251,-0.407988267621828,0.22161830909943,-1.84095018719226,0.0656288587893721,0.18620944227668,"ARHGDIG"
"ENSG00000242175.3",2.98224585884471,-0.113073792773404,0.574321668781132,-0.196882337755734,0.843919615586597,0.915169400401439,"RN7SL127P"
"ENSG00000242182.3",1.81066861811171,-0.586639249413807,0.315951763901301,-1.85673674414765,0.0633486171270412,0.182051403539973,"RN7SL745P"
"ENSG00000242193.11",639.749848462015,0.0158435350413091,0.078902412024516,0.200799121785863,0.840855649657358,0.913373800149086,"CRYZL2P"
"ENSG00000242197.2",1.79185496570662,-2.03769294404389,0.522588374416961,-3.89923129521833,9.64985610934014e-05,0.0021518597417834,"AC098869.1"
"ENSG00000242198.1",12.9156155102241,-0.203797457069293,0.147163083087862,-1.38484090434296,0.166101120291224,0.338185212686871,"AC008897.1"
"ENSG00000242199.1",3.15550265371374,-0.174264151157989,0.258106204430305,-0.675164518197566,0.499571246682188,0.676269306052014,"AC022336.1"
"ENSG00000242207.1",7.73720472677535,-0.404076524800317,0.377727445136947,-1.06975685776239,0.284728766101042,0.477289430597977,"HOXB-AS4"
"ENSG00000242208.1",5.98282780957364,0.0342658232910711,0.147314693503568,0.232602888932061,0.816069783796422,0.899440901510719,"RPL5P29"
"ENSG00000242216.3",0.569530525905701,1.3226784746937,0.90614382515216,1.45967829607137,0.144378509578296,0.309579654325057,"RN7SL97P"
"ENSG00000242220.9",7.68854682871263,-0.508924305154042,0.202332809434087,-2.51528314452546,0.0118936821083284,0.0601160094136008,"TCP10L"
"ENSG00000242236.2",0.988436064435745,-0.0431523556607461,0.491241624706315,-0.0878434430033172,0.930001108677365,0.963090767495976,"RN7SL594P"
"ENSG00000242242.6",22.6495774483233,-0.264600126712308,0.173823171764733,-1.52223736355726,0.127949616223536,0.286966564530877,"NECTIN3-AS1"
"ENSG00000242247.11",2960.76322199659,0.0838929705714154,0.0566806054848096,1.48010011279606,0.138846531483168,0.30142263775881,"ARFGAP3"
"ENSG00000242252.2",13.4340585013639,-0.32891337901298,0.157769091986346,-2.08477702997393,0.0370895446850372,0.1279583068605,"BGLAP"
"ENSG00000242256.3",2.60137052271302,-2.33022048374439,0.762219482815454,-3.05715156366395,0.00223451260089994,0.019257993275113,"RN7SL57P"
"ENSG00000242258.1",57.0603396581148,-0.317264106085161,0.139421275817613,-2.27557884709215,0.0228712285694254,0.0927837906749909,"LINC00996"
"ENSG00000242259.9",900.071889492819,0.0217375472359209,0.0571111245258731,0.380618441965245,0.70348639485064,0.827457076267881,"C22orf39"
"ENSG00000242262.1",12.0698941984931,-0.065689446482287,0.143936891614746,-0.456376720001068,0.648119103355847,0.789102169843573,"AC092597.1"
"ENSG00000242265.6",6075.37378542666,-0.78486039485245,0.217332889435317,-3.61132821126018,0.00030463284303517,0.00485213175982557,"PEG10"
"ENSG00000242267.6",5.83039345255404,-0.486527214011585,0.21913743015441,-2.22019220390038,0.0264057233036158,0.101974915432929,"SKINT1L"
"ENSG00000242268.3",4.73668508358065,-0.333154666005805,0.255869536209469,-1.30204896972599,0.192899646006209,0.372240118209451,"LINC02082"
"ENSG00000242276.2",5.48911757596053,-0.22556002630171,0.166014176082928,-1.35867931054898,0.174248230951756,0.349443724335702,"RPL5P3"
"ENSG00000242290.2",2.99455485390499,-0.829073995264656,0.452163152914964,-1.83357266048739,0.0667174536135752,0.188223386421215,"ZBTB20-AS5"
"ENSG00000242294.6",150.717213942188,-0.145951780518109,0.126492378170003,-1.15383853659509,0.248566371698291,0.438182792171514,"STAG3L5P"
"ENSG00000242299.1",298.996166918941,-0.092048006881145,0.13346598220803,-0.689673918090023,0.490399271366276,0.668640467753192,"AC073861.1"
"ENSG00000242307.1",1.84569552647902,-0.256680043220756,0.279719418334502,-0.917633980325977,0.358810521786878,0.551900147925642,"RPS26P52"
"ENSG00000242315.3",0.882202222013285,1.03409611126128,0.844425192029788,1.22461542007715,0.220720155208618,0.405207638378977,"RN7SL685P"
"ENSG00000242317.1",1.06537059662724,-0.497824792467436,0.36736051624558,-1.35513962566037,0.175373075833055,0.350798835238519,"AC121764.1"
"ENSG00000242318.1",1.32047455234582,-0.741289329707008,0.714297995761267,-1.03778721780813,0.299369128997169,0.492362614815133,"AC058823.1"
"ENSG00000242321.1",1.3663162406473,-1.01600864211518,0.717231496237715,-1.41657002996204,0.156608676024943,0.326362834933552,"RPL23AP40"
"ENSG00000242324.1",4.72880526824397,-0.113956652190407,0.196440726567948,-0.580107059169268,0.561842423629354,0.725494310588066,"AL049634.1"
"ENSG00000242325.1",2.93312713656741,-0.026443196704808,0.217642750277273,-0.121498173824397,0.903296461066426,0.948483211366831,"RPS12P31"
"ENSG00000242327.1",1.82260459008937,-0.334762963987447,0.239058779670312,-1.40033745863307,0.161412288684927,0.332440416157579,"AC023906.1"
"ENSG00000242330.3",1.65031752147114,-1.39666977860159,0.76720360451663,-1.82046821779669,0.068687731994839,0.191773485380669,"RN7SL683P"
"ENSG00000242337.5",5.95134805949544,-0.474800812017959,0.172689293318725,-2.74945135794633,0.00596951222240626,0.0378404677386103,"INHCAP"
"ENSG00000242338.6",24.1830482906524,-0.34861104460058,0.137504347463872,-2.53527289158747,0.0112359758544073,0.0580147866192279,"BMS1P4"
"ENSG00000242341.3",0.686779667271804,0.307977933368161,1.0520366595338,0.292744488109986,0.769717462175446,0.871254325237383,"RN7SL646P"
"ENSG00000242348.3",0.265500987514365,0.978436591821242,0.771387194569244,1.2684117635212,0.20465094289161,0.385828906008377,"RN7SL561P"
"ENSG00000242360.3",0.561144100816827,-0.345915533917994,1.29328940699113,-0.267469548616173,0.789107657031749,0.883054728431247,"RN7SL272P"
"ENSG00000242366.3",1.74583743528842,0.391853426805087,0.634042192310144,0.618024212832528,0.536559378036241,0.705092405399935,"UGT1A8"
"ENSG00000242371.1",258.19854252139,-0.34452310207898,0.222474268591585,-1.54859752662656,0.121478500891663,0.276935061768145,"IGKV1-39"
"ENSG00000242372.9",2988.45819018568,0.279537990671551,0.078388658867872,3.56605145066618,0.000362400253367159,0.00546433021951149,"EIF6"
"ENSG00000242375.1",25.6419838784871,-0.259986318026887,0.171297219672897,-1.5177497832326,0.129077488784259,0.288433910604359,"AL590705.3"
"ENSG00000242405.2",3.71952560073113,-0.156011546755114,0.210372331275489,-0.74159727093965,0.458331377524735,0.641117035079661,"AC007537.1"
"ENSG00000242407.1",1.88382839409478,0.867145673050274,0.537047085601953,1.61465483436769,0.106385463565038,0.254391383930964,"AC091179.1"
"ENSG00000242412.1",1.61523668959622,-0.220122988082102,0.317664915678334,-0.692940822917306,0.488346689442708,0.666989101231378,"DBIL5P2"
"ENSG00000242419.5",16.0923150329924,0.153279390058661,0.183545149042602,0.835104555245332,0.403658842122405,0.593307749361231,"PCDHGC4"
"ENSG00000242428.6",1.81481651437553,-1.19918179391238,0.422185042226224,-2.84041752779533,0.00450545211707892,0.0312108102476306,"CFAP20DC-AS1"
"ENSG00000242435.1",1.92172669740629,0.17110337911884,0.286448861315359,0.597326092808126,0.55028968695271,0.715935218175637,"UPK3BP1"
"ENSG00000242440.2",1.88905781394944,-0.991905395966801,0.555370678810638,-1.78602406250728,0.0740953621609709,0.201471741255237,"LINC02046"
"ENSG00000242445.1",18.9865768960642,-0.100436814288305,0.139764319753939,-0.718615555566173,0.472377826194314,0.653037094112855,"RPL7AP11"
"ENSG00000242457.1",8.89726447365679,-0.200840545521712,0.153059984541302,-1.31216886061762,0.18946316599467,0.368080596689068,"RBBP4P2"
"ENSG00000242472.1",28.4841392642681,-0.286151507405348,0.218457430200728,-1.30987308210309,0.190238774662168,0.369070539294187,"IGHJ5"
"ENSG00000242473.1",0.739761326808883,-0.251592680920237,0.404411342102241,-0.622120733835973,0.533862482369079,0.702967746113542,"KIR2DP1"
"ENSG00000242474.3",189.003922518903,0.0956627867996497,0.0913448188596588,1.04727107671673,0.294974571895829,0.487543485187303,"AC093627.5"
"ENSG00000242477.1",14.6103017181097,-0.309484979783207,0.168561984554977,-1.83603070763722,0.0663531152138504,0.187545145157884,"AC091429.1"
"ENSG00000242485.6",2512.78823205085,0.0752503883669926,0.0644834990490181,1.16697123259068,0.243221987175838,0.431848414433639,"MRPL20"
"ENSG00000242488.2",1.93468739420992,-0.574149734739152,0.450345498014534,-1.27490945789497,0.202341291083374,0.383290011843745,"AF107885.1"
"ENSG00000242493.3",2.05590104468508,-0.804402416319971,0.458576694613372,-1.75412842773915,0.0794085035823913,0.210741116761144,"RN7SL37P"
"ENSG00000242498.8",2139.88070010465,-0.0619361616221307,0.0667288027829246,-0.928177324319982,0.353315594808961,0.546885980024876,"ARPIN"
"ENSG00000242510.1",1.6563957927815,-1.63987108175288,0.618695241643475,-2.6505312654366,0.008036528865019,0.0462986944978504,"NDUFB4P1"
"ENSG00000242512.9",5.27577848370577,-0.447489381779436,0.278015262022649,-1.60958566995139,0.107488338668317,0.256163869669598,"LINC01206"
"ENSG00000242515.5",6.51846968358228,0.331973011571341,0.537941813057594,0.617116951152112,0.537157588617662,0.705506230812757,"UGT1A10"
"ENSG00000242516.2",149.957858407538,0.00143765688701779,0.19172474870576,0.00749854620607257,0.994017081821876,0.99716194724285,"LINC00960"
"ENSG00000242522.1",2.68283459634422,-0.187338961390879,0.335491098614748,-0.558402181650739,0.576569783408316,0.736286977830273,"KLHL6-AS1"
"ENSG00000242531.1",3.11370652949351,-0.881994557777225,0.259274062073434,-3.40178477833011,0.000669473376103255,0.00826122205730381,"AC083798.1"
"ENSG00000242534.2",91.4137782946234,-0.247539331387296,0.247115950636358,-1.00171328783046,0.316482087137295,0.510520767821211,"IGKV2D-28"
"ENSG00000242540.3",2.48096630412157,1.56802008663237,0.463050423061476,3.38628367136639,0.000708461088150264,0.00863211946172718,"AC010729.2"
"ENSG00000242547.3",0.494445084455127,1.69118491292965,0.919571735261525,1.83910058136865,0.0659003935348248,0.186603490344625,"RN7SL169P"
"ENSG00000242550.6",3.85047428402913,-0.567416175879502,0.304968876091138,-1.86057076758854,0.0628048161677748,0.180963158757757,"SERPINB10"
"ENSG00000242553.1",12.0345273223293,-0.136824095931646,0.122142700353965,-1.1201987145784,0.26262909161717,0.454077188783259,"AP001432.1"
"ENSG00000242559.3",1.84290715946858,-0.921666364429774,0.561294506513489,-1.64203702999831,0.100582330186008,0.245235263191707,"RN7SL144P"
"ENSG00000242571.1",9.28504569611153,-0.226849556777942,0.131558140229224,-1.7243293070477,0.0846484114856252,0.219759791296859,"RPL21P11"
"ENSG00000242574.9",3309.74466980716,-0.0738088317327469,0.119889383692668,-0.615641097313112,0.538131420823477,0.706411536687802,"HLA-DMB"
"ENSG00000242575.1",9.99157923890058,0.170508107014337,0.352189710609307,0.484137105309944,0.628288569336142,0.775415604200333,"TUBAP13"
"ENSG00000242580.1",50.5002062706149,-0.053441425289633,0.24607451558699,-0.217175781742994,0.828071357642318,0.906007435155437,"IGKV1D-43"
"ENSG00000242588.6",69.2926679614029,-0.250991801850438,0.117371432305663,-2.13844030800268,0.0324810239598752,0.116591992527884,"AC108010.1"
"ENSG00000242593.7",4.15068094574216,-0.448682065366643,0.379425100370387,-1.18253132154053,0.236994945086812,0.424539974030483,"AC006148.1"
"ENSG00000242595.1",0.510937856148466,-0.982818595755664,1.05071818230164,-0.935377927507409,0.349593567895506,0.543246080823336,"RPL26P26"
"ENSG00000242599.7",3.43595177251271,-0.452000180195827,0.736619005314404,-0.613614605290973,0.539470029901508,0.707652610649764,"CSAG4"
"ENSG00000242600.8",61.9300522542163,-0.428949882423484,0.176126874675884,-2.43545956977239,0.0148728865731555,0.0699580407855418,"MBL1P"
"ENSG00000242602.1",2.74832272684352,-0.765355578603175,0.407934147824372,-1.87617433520835,0.0606313450096756,0.17697697434746,"RPL35AP13"
"ENSG00000242607.1",9.02022120267638,-0.892372673865948,0.18970489881778,-4.70400437430511,2.55107777526451e-06,0.000149047728989581,"RPS3AP34"
"ENSG00000242611.2",13.2291997635812,0.317424503543305,0.198369420019896,1.60016853157845,0.109561201112894,0.259137614993717,"AC093627.6"
"ENSG00000242612.7",738.721767542941,0.190204305730939,0.0970206585178223,1.96045160522178,0.0499430291810775,0.155630220004269,"DECR2"
"ENSG00000242614.3",0.579176953425982,1.93685966995634,1.1078136938303,1.74836227494136,0.0804013160065015,0.212680836946167,"RN7SL164P"
"ENSG00000242615.1",26.1210393453952,-0.269146900957975,0.112465410903122,-2.3931526928739,0.0167042876927082,0.0756544483952297,"AC022415.1"
"ENSG00000242622.2",78.4644728543793,-0.101881646005172,0.101212139811427,-1.00661488033938,0.314119880835491,0.508187627807765,"AC092910.3"
"ENSG00000242628.6",16.4857972946143,-0.662409501549406,0.174336921532437,-3.79959388824104,0.000144933397066453,0.00285518792220913,"AC009228.1"
"ENSG00000242634.1",2.37495920926811,-0.620825736781555,0.377377061607416,-1.6451072413813,0.0999476975372742,0.244269998502926,"RPS24P16"
"ENSG00000242640.1",68.2060915221888,-0.28237612798238,0.18791885098442,-1.50264928985646,0.132929505803647,0.293723719023987,"RPS29P11"
"ENSG00000242651.3",2.36818529850799,-0.548101988833621,0.366019653640865,-1.49746600594135,0.134272044524292,0.295597380040154,"RN7SL862P"
"ENSG00000242657.3",1.10655977633521,-0.170139937073208,0.567983226538709,-0.299550988697397,0.764519673558865,0.867701421278901,"RN7SL581P"
"ENSG00000242660.1",2.60375000298454,-0.171170004303935,0.210326228179843,-0.813830998564636,0.415741774164825,0.604537398798588,"AC015911.1"
"ENSG00000242661.1",3.50359709249062,-0.0381083682054446,0.158410043404805,-0.240567879323544,0.809890047704631,0.895478861788987,"RPS3AP43"
"ENSG00000242667.1",5.63688222081987,0.0418029997297872,0.163058306601023,0.256368415698516,0.797666373691417,0.888100846471554,"AC087385.2"
"ENSG00000242675.1",8.53108941586721,-0.414450584792796,0.401490484638829,-1.03227996839234,0.301940982298564,0.494808088386793,"RPS16P9"
"ENSG00000242686.4",1.70042228333394,-0.742166320852364,0.289921906285219,-2.55988355747853,0.0104707240092801,0.0553248396192608,"PDE6B-AS1"
"ENSG00000242688.3",0.384410652610316,0.326911236042411,1.06870723018386,0.305894099720995,0.7596852785146,0.864444957849696,"RN7SL304P"
"ENSG00000242689.3",17.4250080856871,-0.326399348384886,0.119688525742661,-2.72707301188309,0.00638988984582399,0.0396826343288599,"CNTF"
"ENSG00000242696.3",2.43875171245751,0.858106140433586,0.273115238550289,3.1419196709362,0.00167844077890788,0.0158160771984524,"RN7SL40P"
"ENSG00000242697.2",6.42805854837166,-0.125889638606946,0.146608004517115,-0.858681891357779,0.390516043857074,0.581408221453071,"RPL5P12"
"ENSG00000242699.3",0.256418642442168,-0.115066319605716,1.39325286593746,-0.0825882525842087,0.934178942442142,0.965425898720431,"RN7SL516P"
"ENSG00000242706.2",1.19822159139435,-0.167550390209258,0.381343441862657,-0.439368746951212,0.660394368287496,0.798232272124442,"RPS27AP9"
"ENSG00000242707.3",1.47953936284974,0.900263683333103,1.07220924402027,0.839634323574327,0.401113448254353,0.591367905089549,"RN7SL362P"
"ENSG00000242715.8",56.5600218864192,0.265092983982291,0.176994357140645,1.49774822353032,0.134198677580146,0.295514026898328,"CCDC169"
"ENSG00000242719.3",2.0744111334457,-0.433164339356357,0.298818861848261,-1.44958834484925,0.147173348105023,0.313209043624426,"RN7SL806P"
"ENSG00000242731.3",5.08733366891112,0.378909726912026,0.234531233072924,1.61560454847483,0.106179839875752,0.254020982062747,"FAM86LP"
"ENSG00000242732.4",475.639319318753,-0.28981210840292,0.124563053785468,-2.32662976376652,0.0199849789958171,0.0851933297961255,"RTL5"
"ENSG00000242737.1",4.3661521532896,-0.553139905804854,0.236617918583281,-2.33769238237199,0.0194032116270846,0.0836342730062828,"AC012170.1"
"ENSG00000242747.1",8.56693408584813,-0.328203102157742,0.161958487272516,-2.02646435938549,0.0427172214586667,0.140559839298615,"AC090515.1"
"ENSG00000242753.2",4.20795212747509,-1.2414866187325,0.318065533401916,-3.90324159129725,9.49128774492414e-05,0.0021288868817272,"AL445430.2"
"ENSG00000242759.8",32.9854315252505,-0.560218327828438,0.153703240656453,-3.64480492041544,0.000267594701879022,0.00440719876045714,"LINC00882"
"ENSG00000242766.1",76.3315403077749,-0.403951282438829,0.274762166455173,-1.47018524293348,0.141511590335982,0.305567263109459,"IGKV1D-17"
"ENSG00000242767.1",4.88053353482787,-0.793261577759442,0.248395388876696,-3.19354389526618,0.00140537969606251,0.0139088306245568,"ZBTB20-AS4"
"ENSG00000242769.3",0.470205633261988,1.79276570333958,1.58511939206359,1.13099726892222,0.258056240930547,0.449015701332742,"RN7SL432P"
"ENSG00000242770.2",2.58756140226916,-0.622324233975538,0.294258163373403,-2.114891994299,0.0344391536732926,0.121318669267266,"CD200R1L-AS1"
"ENSG00000242779.7",399.486474059218,0.20284203257414,0.133335241206947,1.52129347603843,0.128186206701399,0.287252027980728,"ZNF702P"
"ENSG00000242781.2",2.87228319471981,-1.56133817102741,0.487769690285455,-3.20097415260401,0.00136963817738366,0.0136611312770877,"LINC02050"
"ENSG00000242791.2",4.54597691196828,-0.58407698062682,0.194066840291248,-3.00966914157133,0.00261532412923728,0.0214886441842785,"AC117395.1"
"ENSG00000242795.2",8.52397552658921,-0.351031097974905,0.278644078841278,-1.25978308756692,0.20774762243188,0.38953264212799,"AC007849.1"
"ENSG00000242797.3",7.51530265370645,-0.172397767342178,0.205629770671551,-0.838389143649561,0.401812184681638,0.59176913494673,"GLYCTK-AS1"
"ENSG00000242798.1",19.9074199049324,-0.266838868847038,0.142798382990894,-1.86864068946812,0.0616728207765554,0.178981278078265,"AC073842.2"
"ENSG00000242802.9",1963.88359547364,0.100241435123115,0.0822751875236454,1.21836775023218,0.223084254666991,0.407725219998481,"AP5Z1"
"ENSG00000242808.10",55.5983835610602,-0.281493391320423,0.163670318141717,-1.71988051661686,0.0854541627819796,0.221133388274355,"SOX2-OT"
"ENSG00000242816.2",1.48086697462674,-0.831437960923544,0.747934261159882,-1.11164577436815,0.266290483149313,0.457954432625834,"AC092691.3"
"ENSG00000242818.3",1.43276311204828,0.610031613573592,0.628602763238026,0.970456461933493,0.331819016625856,0.525391394715194,"RN7SL846P"
"ENSG00000242828.1",2.53221861146795,-1.29109822271151,0.454176508892803,-2.84272347299284,0.00447298607461657,0.0310503985196602,"AC068756.1"
"ENSG00000242829.1",2.44753864520436,-0.833395555892808,0.298978981298025,-2.78747205664625,0.0053121035355531,0.034896579125724,"RPS26P21"
"ENSG00000242841.1",4.83293904424726,0.400116729049255,0.194509634845166,2.05705352008787,0.0396810779822992,0.133931683826509,"KRT8P35"
"ENSG00000242852.7",10.7225681355271,-0.242877389921664,0.110550147657968,-2.19698838099342,0.0280212760326602,0.10588041572527,"ZNF709"
"ENSG00000242853.3",3.07151159936014,-0.198264186604582,0.294523808268191,-0.673168623515976,0.500840020182365,0.677328247295941,"RN7SL749P"
"ENSG00000242855.3",0.504264915868298,1.78930461192132,1.15939391330391,1.54331033774565,0.122755496564203,0.278867409970565,"RN7SL496P"
"ENSG00000242858.1",6.53192734768049,-0.113481282599826,0.150821694676994,-0.752420153101065,0.451798430847433,0.635288472281268,"AC020899.1"
"ENSG00000242860.3",2.66131925585024,0.171080560971901,0.268002371579413,0.638354653220698,0.523242842597425,0.695533177297615,"RN7SL180P"
"ENSG00000242861.1",287.481059126288,-0.156809161904371,0.10428399698842,-1.50367425906953,0.132665260223791,0.293294087813236,"AL591895.1"
"ENSG00000242863.3",0.780964898351346,2.12123953455315,1.14333914604501,1.85530211389232,0.0635530965255788,0.182513002900552,"RN7SL677P"
"ENSG00000242866.10",7.01382184866354,-0.139575906614077,0.227573786494636,-0.613321546228992,0.539663749408109,0.707809061182012,"STRC"
"ENSG00000242876.3",4.1200890168189,-0.539738815482891,0.215946664880008,-2.49940797086539,0.012440100546171,0.0619826799586456,"RN7SL812P"
"ENSG00000242880.2",5.74230599006687,-0.233014634356272,0.181989323090903,-1.28037530113721,0.200413176129167,0.381059730032459,"AC026341.1"
"ENSG00000242882.1",2.82834686691379,-0.391913117698307,0.270947336953353,-1.44645495359041,0.148049637953976,0.314390649088004,"RPL5P11"
"ENSG00000242887.1",94.1596128135396,-0.2420820164381,0.201545858860153,-1.20112622411197,0.229702241930246,0.415940212149662,"IGHJ3"
"ENSG00000242888.1",2.36404052588839,-1.03642718787706,0.38954959332363,-2.66057828230363,0.00780065915813988,0.0453083296147856,"AL133368.1"
"ENSG00000242889.3",2.00013592991781,-0.681799967810307,0.328912374238793,-2.07289242123592,0.0381822925122924,0.130379801498641,"RN7SL449P"
"ENSG00000242893.3",0.837825041687763,-0.843071666550017,0.916792279855825,-0.919588531747451,0.357787821961771,0.550845439273497,"RN7SL413P"
"ENSG00000242894.3",0.476861497872991,0.22279993506379,0.621201181182608,0.358659870284915,0.719849552477501,0.839173330671013,"RN7SL634P"
"ENSG00000242899.1",3.91952756996918,0.385003624374148,0.20971593494283,1.83583390780058,0.0663822249323197,0.187611495303202,"RPL7P16"
"ENSG00000242908.6",3.7951479766268,-0.901780739633725,0.265933660045276,-3.3909988659585,0.000696383892714059,0.0085269249503969,"AADACL2-AS1"
"ENSG00000242931.1",2.1720598495527,-0.396323395152754,0.331723282561886,-1.19474096630168,0.232188251402478,0.418847174574269,"RPL7P49"
"ENSG00000242948.1",7.61245896261262,0.117055736822278,0.290012639595989,0.403622879972909,0.686490058101197,0.81655708904005,"EPS15P1"
"ENSG00000242950.7",11.8044014054121,-0.557370599887004,0.221205745880161,-2.51969313757772,0.0117457182422953,0.0596840960684884,"ERVW-1"
"ENSG00000242951.1",13.8803065676392,-0.291077586050979,0.14675667580493,-1.98340269329813,0.0473224665314216,0.150248605591324,"AC007182.2"
"ENSG00000242952.1",5.30756766869865,-0.0412948597416293,0.145435276360948,-0.283939775650729,0.776456533826252,0.875317738323657,"RPSAP3"
"ENSG00000242953.1",2.43651421525015,-1.12842340481691,0.253105654721901,-4.45830973652784,8.26084758950627e-06,0.000347241149798474,"AC139453.1"
"ENSG00000242958.1",1.50589917702669,-0.851780877517724,0.451773997123615,-1.88541368680114,0.0593740075903092,0.174346342803331,"AC040975.1"
"ENSG00000242960.1",71.9768999582484,0.150118005341338,0.114452357199315,1.31162004011777,0.18964836789102,0.368354419940245,"FTH1P23"
"ENSG00000242963.1",0.578294909215141,-1.26820631813494,0.797691209942922,-1.5898461739671,0.111869482961429,0.262757460026941,"AC026336.1"
"ENSG00000242970.2",6.24000881475253,0.0923003595816711,0.131992694228649,0.699283851436355,0.484374656940085,0.663576831028099,"AC068522.1"
"ENSG00000242971.3",3.7694067412307,0.0176855762084618,0.215207486858006,0.0821791865453585,0.93450422418536,0.965568739940159,"RN7SL233P"
"ENSG00000242976.3",1.05495304953909,0.903175820284624,1.1932354595906,0.756913325886667,0.449101791187857,0.633234752367629,"RN7SL177P"
"ENSG00000242991.2",0.212212861157167,-0.999042250462239,1.16660408180726,-0.856367868107027,0.391794332013704,0.582581897978215,"RPL7P40"
"ENSG00000242992.3",18.2834664372998,0.0044692426946907,0.162139903828537,0.0275641133931898,0.978009804146382,0.988991750235041,"FTH1P4"
"ENSG00000242999.3",3.87744326536993,-0.186583708682774,0.269800353936022,-0.691562134596084,0.489212347853095,0.667651022630584,"RN7SL239P"
"ENSG00000243004.6",20.6544526684535,-0.329301531448043,0.186492070537398,-1.76576693314157,0.0774349582267357,0.207154846463858,"AC005062.1"
"ENSG00000243005.3",2.30241491467694,-0.351928320580242,0.55705169740163,-0.631769586596385,0.52753744970223,0.698675483846621,"RN7SL16P"
"ENSG00000243007.1",4.52333105044797,-0.0889422212069496,0.141599166178911,-0.628126729888865,0.529920923867019,0.700327775416984,"RPL12P35"
"ENSG00000243014.1",4.99336968093797,0.0935961119157863,0.157795461910281,0.593148312268975,0.553081900446302,0.7181893501847,"PTMAP8"
"ENSG00000243020.1",2.81827264362041,-0.381060746708334,0.229990988456031,-1.65685077170397,0.0975496492284682,0.240678855177367,"RPL7P39"
"ENSG00000243024.6",10.6320794195399,-0.248373225214747,0.168594607815015,-1.47319791797414,0.140697676331221,0.304330024564406,"AC012158.1"
"ENSG00000243029.3",1.29946289897588,0.600860848042867,0.473567914531772,1.2687955193015,0.204514003639387,0.385663252515781,"RN7SL635P"
"ENSG00000243035.3",0.339744047318372,1.15031942784053,0.881859135772468,1.30442536815463,0.192088590407354,0.37131774025617,"RN7SL810P"
"ENSG00000243049.3",0.95972078823508,1.39376565920117,0.734219243415644,1.89829628098177,0.0576570636119942,0.170960163816915,"RN7SL33P"
"ENSG00000243053.2",3.23924082037221,-2.17514456352004,0.348284278071658,-6.24531367181758,4.22950460809315e-10,1.98328023827106e-07,"RPL31P58"
"ENSG00000243055.1",27.3422515214269,-0.764897234275693,0.162826080227065,-4.69763340865924,2.63193272548518e-06,0.000151944806489844,"GK-AS1"
"ENSG00000243056.2",18.2306643324517,0.12770043133825,0.124307799294286,1.02729218973568,0.304282898953417,0.497543861050838,"EIF4EBP3"
"ENSG00000243063.1",170.234177645925,0.0929197789084296,0.206551770709213,0.449861933351536,0.652809997166993,0.79272127273393,"IGKV3-7"
"ENSG00000243064.8",19.825856839984,0.217731444282821,0.258269383096357,0.843040091212006,0.399206022202586,0.589312556963184,"ABCC13"
"ENSG00000243069.8",233.04839166571,-0.416930211923499,0.140247878477776,-2.97280940324218,0.00295087629231193,0.0233957720020362,"ARHGEF26-AS1"
"ENSG00000243071.1",9.57596458945064,-0.0933212109469325,0.133742534976764,-0.697767624661412,0.485322529097066,0.664412309767204,"AC107032.1"
"ENSG00000243081.2",7.19588976958184,-0.271463513679262,0.307156373937208,-0.883795801466118,0.376806453256754,0.568393695268774,"AC092894.1"
"ENSG00000243083.7",2.76479200166972,-0.0304521202953679,0.261316546410522,-0.11653345612309,0.907229772562398,0.950690907365834,"LINC00870"
"ENSG00000243094.1",6.13687337240157,-0.0223868704318252,0.121559133221483,-0.18416444604813,0.853884450323041,0.921796676496697,"AC079203.1"
"ENSG00000243101.1",3.08522326428278,-1.01706795437788,0.278563099853864,-3.6511223306728,0.000261096831814967,0.00434700119550972,"RPS3P7"
"ENSG00000243103.3",2.90415064055038,-0.0578711530452405,0.22933148700215,-0.252347175705087,0.800772726737833,0.890273371778624,"RN7SL452P"
"ENSG00000243107.1",15.7778073243787,-0.900192675580095,0.186211599741923,-4.83424596978761,1.33651251149489e-06,9.25083389713088e-05,"AC000120.1"
"ENSG00000243124.3",0.994107074696143,1.18515016737302,1.06660860147845,1.1111387679888,0.266508622884753,0.458087033457266,"RN7SL643P"
"ENSG00000243135.6",0.705533552551707,-0.416182500917022,0.680298406030655,-0.611764627445369,0.540693496053911,0.708740838778017,"UGT1A3"
"ENSG00000243137.8",6.80064496549623,0.110599184998085,0.500854029442024,0.220821194393301,0.825231660176644,0.904329602786644,"PSG4"
"ENSG00000243144.7",20.5334730842532,-0.636552966133216,0.218115227389729,-2.91842515422283,0.00351804319952097,0.0263761106222661,"AC079760.2"
"ENSG00000243147.8",1795.34138092221,-0.00787144260019634,0.0785468897855831,-0.100213294526158,0.920174991642088,0.957911645078945,"MRPL33"
"ENSG00000243155.1",29.4657232896023,-0.250509487960209,0.104046269064817,-2.40767391480563,0.0160545134972229,0.0736514094623751,"AL162431.1"
"ENSG00000243156.9",672.929103065432,0.183666773842463,0.11359904779571,1.61679853314227,0.105921776167569,0.253638534776095,"MICAL3"
"ENSG00000243167.1",2.3283700822129,-0.369100053390969,0.194397204091849,-1.89869013350921,0.0576052295770584,0.170900989868919,"RPS10P28"
"ENSG00000243175.1",6.22531147738842,-0.199153972726087,0.183605219068829,-1.08468579344375,0.278060842105271,0.470735259646639,"RPSAP36"
"ENSG00000243176.6",134.83715299097,-0.177468448940759,0.0945309519188116,-1.87735810693178,0.0604690291697982,0.17668247204815,"AC092944.1"
"ENSG00000243181.2",17.9781518870758,-0.29388868978075,0.134830557156281,-2.17968905550175,0.0292805183814251,0.108920256812602,"AC087343.1"
"ENSG00000243188.1",1.44860757310956,-0.0896282349818849,0.401370811909669,-0.223305313496628,0.823297892102271,0.903280827871508,"HNRNPA1P17"
"ENSG00000243193.4",3.38588928923974,-0.230436350720708,0.317446990354441,-0.725904978539622,0.467897024270049,0.649240153972111,"PRKAR2B-AS1"
"ENSG00000243197.8",0.557537303716885,-0.479923974703859,0.699060856159,-0.686526745812672,0.492381004449845,0.670189729401009,"TUSC7"
"ENSG00000243199.1",160.900034202207,0.0453393393750084,0.0912163169884269,0.497052949208209,0.619151712858879,0.76824008557732,"AC115223.1"
"ENSG00000243224.1",15.7540442157796,-0.00738627802097173,0.108454657309935,-0.0681047564408753,0.945702244058242,0.971737440555262,"AC006252.1"
"ENSG00000243225.2",4.77280905428872,-0.0735199099857037,0.2701958914173,-0.272098548945576,0.785546245242584,0.880786419117683,"AC007686.1"
"ENSG00000243227.3",1.37933685394092,0.755943241723513,0.701854859375855,1.07706491110678,0.281451267661323,0.473905147923218,"RN7SL55P"
"ENSG00000243230.1",4.02718534913666,0.0897092346033031,0.231116702481155,0.388155566604356,0.697900912985554,0.823564140503599,"AC011005.4"
"ENSG00000243232.6",141.771822210598,0.425949806059431,0.169290727343941,2.51608468309105,0.0118666666535741,0.0600347487932011,"PCDHAC2"
"ENSG00000243236.6",1.64197584630504,-1.24728457319425,0.417637193329307,-2.98652656687778,0.00282166320125309,0.0226747846872602,"GSTA9P"
"ENSG00000243238.1",786.042287437538,-0.400635309265104,0.201523830384681,-1.98802944793351,0.0468084332184937,0.149285675557363,"IGKV2-30"
"ENSG00000243243.5",13.6042954014273,-0.473860050067278,0.180991235406437,-2.6181381048821,0.00884110152679403,0.0494414531225149,"AC073130.2"
"ENSG00000243244.7",438.798407540081,-0.0698429431560324,0.108671174843042,-0.642699807533221,0.52041890593784,0.693499748726031,"STON1"
"ENSG00000243260.3",6.81877455325628,-0.804726299224798,0.22927330926461,-3.50989961197814,0.000448275902706292,0.00627869147193966,"RN7SL558P"
"ENSG00000243264.2",514.36917595286,-0.138773218667279,0.23018060521633,-0.602888408156091,0.546582927924593,0.713539011857173,"IGKV2D-29"
"ENSG00000243265.1",3.38427811285008,-0.268922182027499,0.248820397530352,-1.08078833044503,0.279791280548994,0.47246353739692,"RPL23AP55"
"ENSG00000243267.3",2.53258952477977,-0.0424549050474326,0.225298107340916,-0.188438800256722,0.850532686258099,0.919376127389315,"RN7SL614P"
"ENSG00000243276.6",1.90238397537286,0.139233882126238,0.500356817152201,0.278269181818472,0.780805731537974,0.878459219386785,"AC068633.1"
"ENSG00000243279.4",327.457074987539,0.135249239255685,0.0982015660454266,1.37726153158414,0.168431404020761,0.341228829929303,"PRAF2"
"ENSG00000243289.1",8.76146896107081,-0.431888794797647,0.155246005276127,-2.78196398051899,0.0054031036391995,0.0353001050356253,"AGAP13P"
"ENSG00000243290.3",946.830936470061,-0.249403331713714,0.202713378712259,-1.23032497064601,0.218575437141685,0.402579775877302,"IGKV1-12"
"ENSG00000243296.1",1.43940666120982,0.493386121967816,0.504140980081394,0.978666963134318,0.32774456075277,0.521466976598934,"AC078828.1"
"ENSG00000243302.3",321.569865175616,-0.18634378434716,0.103303980439167,-1.80383934437932,0.0712564959831759,0.196288475986089,"AC018638.4"
"ENSG00000243313.2",2.37831855809357,-0.398899458044981,0.459057473503998,-0.868953194466414,0.384872732243376,0.576398724999322,"RN7SL285P"
"ENSG00000243314.1",1.6816187991876,-1.33444675710339,0.631785332279731,-2.11218382086868,0.0346706856839934,0.121902116218945,"AC106707.2"
"ENSG00000243317.8",3028.65304772457,0.094141044854631,0.0715441243594454,1.31584593001175,0.188225759795592,0.366403567846263,"STMP1"
"ENSG00000243319.7",2.88123208962407,-1.65882163178142,0.352363748681765,-4.70769662880269,2.50531577806272e-06,0.000147889145742982,"FGF14-IT1"
"ENSG00000243321.3",0.903979594558934,-0.471725660568392,0.458880631306368,-1.02799209290106,0.303953547162271,0.497165299800944,"LINC01998"
"ENSG00000243323.7",24.9879359956271,-0.230817929252505,0.155239837413128,-1.48684727515042,0.137055152241775,0.299093942290602,"PTPRVP"
"ENSG00000243333.3",1.46312518351453,0.13681122542696,0.938102706947916,0.14583821623548,0.884049106223061,0.938361502693502,"RN7SL174P"
"ENSG00000243335.10",700.081208328709,-0.185881276196134,0.0651092568200073,-2.85491319168329,0.00430485936791691,0.0302238892737363,"KCTD7"
"ENSG00000243339.3",3.8110047509086,-0.0885226495008686,0.162440836327611,-0.544953174966029,0.58578572277781,0.743237959925366,"RN7SL738P"
"ENSG00000243352.3",9.86869179878495,0.163267572623611,0.332692681356299,0.490745909882999,0.623606171042991,0.771983351399356,"RN7SL8P"
"ENSG00000243364.8",692.878318243209,0.0873160681506094,0.110176287776567,0.792512344649723,0.428061996681575,0.615215543083085,"EFNA4"
"ENSG00000243365.3",0.752698641345683,0.251148572057022,0.93101185698614,0.2697587255978,0.787345878155532,0.882091271710877,"RN7SL278P"
"ENSG00000243366.3",0.935521374925142,1.4425968092965,0.81671094294524,1.76634930847648,0.0773372639302548,0.207029533423897,"RN7SL60P"
"ENSG00000243368.2",22.5719455001277,-0.324498559843688,0.153351400247612,-2.11604562670917,0.0343409272203906,0.121113611223354,"MCCC1-AS1"
"ENSG00000243373.3",1.93350339380467,-0.999383687806693,0.682991842678971,-1.46324395894203,0.143400636202051,0.308273867183761,"RN7SL173P"
"ENSG00000243384.1",3.70411966600625,-0.651506311622732,0.3190911978628,-2.04175582399756,0.041175758270238,0.137182479744925,"AC119424.1"
"ENSG00000243388.1",2.90653597786961,0.0502683442553433,0.184506766994645,0.272447157760898,0.785278216878811,0.880696936560069,"RPL3P3"
"ENSG00000243389.1",5.52288402723606,0.107682796928688,0.125720386348242,0.856526137538346,0.391706821691453,0.582559544278614,"AC012442.2"
"ENSG00000243398.3",3.8679310603685,-1.03061469512174,0.6113327344102,-1.68584902641611,0.091824882039064,0.231587383328646,"RN7SL141P"
"ENSG00000243402.1",3.58266876476132,-1.24654210432959,0.386637887512904,-3.22405574980797,0.00126388791570587,0.0129432852591804,"AC022973.2"
"ENSG00000243403.1",10.0763432545436,-0.0873537515219186,0.148833857255021,-0.586921236424326,0.557256606428798,0.721564069331649,"AC090543.2"
"ENSG00000243404.2",5.07933054221808,-0.869666868271179,0.223653441105574,-3.88845735604246,0.00010088339077234,0.00221990134103339,"RPL35AP32"
"ENSG00000243406.6",18.9856355766859,-0.367135124394957,0.143939360112049,-2.55062356890543,0.0107530397549049,0.0563160221110666,"MRPS31P5"
"ENSG00000243415.2",9.2217729628468,0.11774156215741,0.244527913866145,0.481505609301773,0.630157194031803,0.776627802654209,"AC107021.1"
"ENSG00000243417.1",7.73075712004833,-0.170915785515809,0.149834587244538,-1.14069647508599,0.253996253938381,0.444483431399238,"RPS3AP18"
"ENSG00000243420.3",0.849264950093977,1.21155334662938,0.761031689017441,1.59198803954353,0.111387392000117,0.262023630457138,"RN7SL734P"
"ENSG00000243422.2",5.8139922345172,0.0465411941423393,0.185707042555076,0.250616204436816,0.802110852149359,0.891186488942549,"RPL23AP49"
"ENSG00000243423.1",3.1996260435429,-0.836420754968475,0.326223009773962,-2.56395389015639,0.010348729171778,0.0548980625105171,"AC004223.1"
"ENSG00000243424.2",0.569911466806201,-0.245745272278227,0.997471760157545,-0.246368150051098,0.805397259072378,0.892850657508546,"RN7SL107P"
"ENSG00000243426.3",0.704858381437824,0.460167357413528,0.525545155960751,0.87560003587569,0.381247505898805,0.572524727735178,"RN7SL454P"
"ENSG00000243431.1",23.7699137117373,-0.350194037342649,0.11265788982327,-3.10847325377752,0.00188056666594912,0.0171910230668435,"RPL5P30"
"ENSG00000243433.1",5.63574776822469,-0.170616422194566,0.145458392606623,-1.17295687885112,0.240813098368701,0.428714533125991,"AC010973.1"
"ENSG00000243437.3",1.34785238031682,-0.651615728626923,0.655120273314171,-0.994650532383132,0.319906261368689,0.51370468141358,"RN7SL370P"
"ENSG00000243445.1",5.91213639094304,-0.363093474389538,0.145786276995726,-2.49058746729765,0.0127532100611219,0.0630239902872097,"AC106820.1"
"ENSG00000243446.3",1.12092135246534,0.978592212815841,0.680251370783912,1.43857440770479,0.150271141675282,0.317514454477599,"RN7SL284P"
"ENSG00000243449.6",179.260485088473,0.497228140739011,0.143895657324361,3.4554770448575,0.00054931996462536,0.00718356577392043,"C4orf48"
"ENSG00000243455.3",4.97088554422287,-0.411322526434475,0.199488438407624,-2.06188654198596,0.0392185391105299,0.132895961588486,"RPS18P13"
"ENSG00000243466.1",9529.26218172424,-0.157588370917764,0.199704557565705,-0.789107533842414,0.43004915902151,0.616436526686503,"IGKV1-5"
"ENSG00000243477.6",289.9662635479,0.0433940250507569,0.0774398508677535,0.560357807569416,0.575235404623426,0.73531627284038,"NAA80"
"ENSG00000243478.9",1.83427479224404,0.0614907467272789,0.288339534355444,0.21325811899064,0.831125638324387,0.907950202258903,"AOX2P"
"ENSG00000243479.3",69.375412469313,0.225185842425279,0.214461255843055,1.0500071051998,0.293714846046899,0.486281644349122,"MNX1-AS1"
"ENSG00000243480.7",1.65716199994995,0.0269728603520957,0.311501780271593,0.0865897470267378,0.930997615976124,0.963495711024613,"AMY2A"
"ENSG00000243486.1",1.12679808614911,-0.076112970907692,0.593082304994397,-0.128334584031151,0.897884197281766,0.945660699500628,"AC068985.1"
"ENSG00000243491.1",7.03485054944189,0.110863480978535,0.192609919387444,0.575585521924899,0.564895369386513,0.727522673613192,"AC082651.3"
"ENSG00000243498.2",5.0480059404639,-0.158126335652237,0.133954129933098,-1.18045136593558,0.237820742639396,0.425526198994648,"UBA52P5"
"ENSG00000243508.1",1.69369930045906,-0.952016628570616,0.385607659190888,-2.46887375258108,0.0135539027408992,0.0657511414764325,"DNAJB6P7"
"ENSG00000243510.3",0.524598511302404,-0.103447879166858,0.647033012932064,-0.15988037256102,0.872975310045541,0.932134926149654,"RN7SL111P"
"ENSG00000243514.2",5.70430216628325,-0.913190404595972,0.260412253917355,-3.50671057470968,0.000453682313744654,0.00634107694017665,"RPL32P33"
"ENSG00000243517.1",26.6914728651113,0.00282303543158986,0.132559799349475,0.0212963164205411,0.983009282244581,0.991707161412346,"AC024940.2"
"ENSG00000243518.1",4.15697420589915,-0.411033600470337,0.209159153140009,-1.96517147014453,0.0493943948318413,0.154426480151798,"AC108729.2"
"ENSG00000243532.3",2.15083676918176,-0.798219214923861,0.347849000585816,-2.29472907376353,0.0217486555390466,0.0898136924908803,"RN7SL19P"
"ENSG00000243538.1",5.92218585329628,-0.0104920257753019,0.193225834021847,-0.054299290922536,0.956696714483517,0.977963821895045,"RPS26P28"
"ENSG00000243543.9",1.35842165145329,-0.794325838831292,0.371198598044776,-2.13989450125961,0.0323632935989048,0.116294779685735,"WFDC6"
"ENSG00000243544.3",3.9348153374689,-0.112140749865766,0.220987385805624,-0.50745317184938,0.611836885576885,0.763403119271117,"RN7SL172P"
"ENSG00000243547.1",27.7600640885863,0.0335069727062102,0.138348909551951,0.242191809207056,0.808631541463332,0.894648740859322,"HNRNPKP4"
"ENSG00000243550.3",10.9798159229726,-0.0923810086144465,0.364202812035165,-0.253652650560883,0.799763917208704,0.889746043428102,"LINC01214"
"ENSG00000243554.1",8.23268778140415,-0.357638891236541,0.146653848388616,-2.43866011813641,0.0147418262300086,0.0694789949993881,"AC004967.1"
"ENSG00000243560.3",5.23867480175593,0.305367735680547,0.193421399666288,1.57876913416717,0.114389020770362,0.266598086699872,"RN7SL364P"
"ENSG00000243562.3",4.4933105188911,-0.0971757594611072,0.350189417229791,-0.277494849015786,0.781400160475531,0.878831009482868,"RN7SL838P"
"ENSG00000243566.7",1246.72023450581,-0.0512349714402167,0.287129525618308,-0.178438533375789,0.858378589606878,0.924076776297672,"UPK3B"
"ENSG00000243584.1",9.67905060617856,-1.09518268033682,0.218673145251396,-5.00830899504259,5.49103306371309e-07,4.71167432448968e-05,"AC068769.1"
"ENSG00000243592.1",4.30056059693454,-0.0588192532363264,0.160756877880085,-0.365889497307867,0.714447533710078,0.835142350609846,"RPL17P22"
"ENSG00000243601.1",1.1794757314251,-1.80964449930744,0.786263747099351,-2.30157438389281,0.0213591861131731,0.0887304602311996,"RPL12P24"
"ENSG00000243609.1",2.92363455958502,-0.685184595216546,0.323270044334511,-2.11954249156329,0.0340446467103506,0.120358088317265,"RPS2P44"
"ENSG00000243620.2",1.264621267855,-1.61706839928212,0.536736077483773,-3.01278126647078,0.00258865426340193,0.0213830540888584,"AC092957.1"
"ENSG00000243621.1",1.89665745477875,-1.41817685365636,0.774220661138764,-1.8317476203366,0.0669890303248975,0.188733670695338,"AC003989.2"
"ENSG00000243629.2",6.87298559019334,0.249260457168272,0.25100874128033,0.99303496721612,0.320692914232668,0.514471603794546,"LINC00880"
"ENSG00000243642.3",3.16467529936846,-0.299216754605145,0.186958038458273,-1.60044872674424,0.109499072839141,0.259070028858235,"RN7SL526P"
"ENSG00000243646.10",53.9156491194673,-0.0991758156958398,0.0810428876008892,-1.22374484216616,0.221048497758564,0.405545866231717,"IL10RB"
"ENSG00000243649.9",212.806359886931,0.0264755526912827,0.147570771037,0.179409191300117,0.857616414865207,0.92358477438484,"CFB"
"ENSG00000243650.3",19.6637705552487,-0.21888718067071,0.150222098764045,-1.45709041793191,0.145091423055844,0.310664914000786,"RN7SL834P"
"ENSG00000243659.1",5.64478838240157,-0.364851410748462,0.141094986384632,-2.58585666363693,0.00971373162224988,0.052551067094502,"FO393419.3"
"ENSG00000243660.11",222.470755097765,-0.117138472676966,0.0785770934104022,-1.49074580889829,0.13602824422052,0.297805729565116,"ZNF487"
"ENSG00000243663.1",11.8671129825571,-0.206684199215487,0.150980525686665,-1.36894608278438,0.171016129362582,0.345006362168602,"RPS4XP14"
"ENSG00000243667.7",244.012795267891,0.0478905583332752,0.0526355815214825,0.909851415125515,0.362900875190449,0.555822018256665,"WDR92"
"ENSG00000243675.1",2.09251614180831,-0.63237032536405,0.300491316466707,-2.10445457392814,0.0353388131816645,0.123637569068638,"RPL35AP9"
"ENSG00000243678.12",52.8044683839642,0.235187081783353,0.114520880425663,2.05366113942876,0.0400085002021617,0.134681799517752,"NME2"
"ENSG00000243679.1",310.827977615518,-0.109222429376921,0.116520072954162,-0.937370073737321,0.348568229133485,0.542295019848424,"AC018638.5"
"ENSG00000243680.1",9.23584191502023,-0.0682960777818219,0.137048101153494,-0.498336549043684,0.61824685095006,0.767890035764982,"RPL37P23"
"ENSG00000243687.1",2.26051746321276,-1.02550819479712,0.502856776161479,-2.03936437453475,0.0414136751987365,0.137740808031122,"RPL35AP10"
"ENSG00000243694.3",2.92583585601252,-1.46383649914172,0.415181656203797,-3.52577354338406,0.000422247860884448,0.00600778674435448,"LINC02027"
"ENSG00000243696.5",32.1658900824127,-0.360596398669879,0.136893403270105,-2.63414006852021,0.00843506828686822,0.0478658136142328,"AC006254.1"
"ENSG00000243700.3",0.726544723161709,1.73783366336021,1.39131109532187,1.24906188788653,0.211642438927397,0.394296468031006,"RN7SL598P"
"ENSG00000243701.7",239.501780899242,-0.225383918561759,0.113572681659855,-1.98449059463766,0.0472011755587335,0.150093352553595,"DUBR"
"ENSG00000243704.3",1.41384564938682,-0.479398805104029,0.373855903138261,-1.28230904228022,0.199734257223432,0.380355352384587,"RN7SL105P"
"ENSG00000243708.10",12.2893882460598,-0.348711749106345,0.150229933753835,-2.32118686597932,0.0202767607281724,0.085974780424946,"PLA2G4B"
"ENSG00000243709.1",10.7002227633975,0.211681209635641,0.211165361846845,1.00244286176618,0.316129749776665,0.510174879268759,"LEFTY1"
"ENSG00000243710.8",203.282462258486,-0.599839054756562,0.18875282702168,-3.17790765956403,0.00148341987291219,0.0144576984276538,"CFAP57"
"ENSG00000243716.10",95.2184839793767,-0.19255004596679,0.142527775058362,-1.35096507251267,0.176706621410649,0.352487020075124,"NPIPB5"
"ENSG00000243725.7",31.5626627999792,0.0109304897329174,0.0648457643342376,0.168561352389615,0.866141681816545,0.928590681159214,"TTC4"
"ENSG00000243730.2",2.62723906264721,-0.103776396642615,0.247317337999882,-0.41960825505353,0.674771656845715,0.808681525247098,"RPL29P3"
"ENSG00000243738.3",5.14185382298693,0.152325642805647,0.162781230169646,0.935769084966965,0.349392091960993,0.54308375356727,"RN7SL181P"
"ENSG00000243742.5",289.583915037376,0.379412643057224,0.173353214000871,2.18866806274107,0.0286209748823952,0.107295481481029,"RPLP0P2"
"ENSG00000243744.2",3.53319660610561,-0.0714348179331111,0.172147726761023,-0.414962307531819,0.678169496182779,0.811072170200169,"AC016546.1"
"ENSG00000243746.1",23.4316060916283,-0.156697273201923,0.132452387501863,-1.18304604512862,0.236790899353531,0.424347225027951,"EEF1A1P10"
"ENSG00000243753.5",362.356972656235,0.286632972046605,0.119729456216191,2.39400546118779,0.0166655006481011,0.0755473392548948,"HLA-L"
"ENSG00000243759.1",10.7497524191059,0.0494667191899079,0.14909060104619,0.331789655704605,0.740048095804738,0.851680410646686,"ST13P15"
"ENSG00000243766.8",1.50235993236659,-0.631959344320848,0.439955197410864,-1.43641749896337,0.150883576717661,0.318478851179933,"HOTTIP"
"ENSG00000243770.3",1.01641733215292,-1.18212887318954,0.919441211786259,-1.28570359696292,0.1985465254349,0.378982311162947,"RN7SL65P"
"ENSG00000243772.8",6.93432345581852,-0.636943108726901,0.250879635859476,-2.53883941813304,0.011122085975497,0.057657075062566,"KIR2DL3"
"ENSG00000243777.1",2.3446521922004,-0.059388519988922,0.211863432984518,-0.280315102763684,0.779235764751133,0.87734515779031,"AP000942.1"
"ENSG00000243789.11",8.75803865479188,-0.160905292997549,0.166995452608505,-0.963530985330281,0.335281122230089,0.528648774662174,"JMJD7"
"ENSG00000243797.6",5.34597836745657,0.235545728663877,0.217359934779964,1.08366672497543,0.278512594304218,0.471044948040149,"AC004917.1"
"ENSG00000243802.2",13.3354153518619,-0.0566610746249391,0.172649312036634,-0.328185927627192,0.742771087273117,0.853374208316097,"AC090589.1"
"ENSG00000243806.1",4.31737083867312,-0.129880182942184,0.203878726766705,-0.637046272565766,0.524094703433132,0.696192992115838,"RPL7P18"
"ENSG00000243810.1",3.97917278318862,-0.288080768408641,0.209040346958169,-1.37811084128314,0.168169068850784,0.340853087133152,"CFAP61-AS1"
"ENSG00000243811.11",18.241019431319,0.0136362289466384,0.114717007049021,0.118868416265526,0.905379604481508,0.949798436223936,"APOBEC3D"
"ENSG00000243819.4",14.9522160146942,-0.0282055291629225,0.129504821113643,-0.217795205772082,0.827588680145082,0.905708981462437,"RN7SL832P"
"ENSG00000243824.1",3.01927642359958,-0.0671059234281536,0.163411707817075,-0.410655541910576,0.68132513069356,0.81299442945345,"RPL12P6"
"ENSG00000243829.1",27.7272573086485,-0.129140691241544,0.14119937546658,-0.914598175911262,0.360402616671863,0.553479603157726,"AC011495.1"
"ENSG00000243836.5",342.795921283455,-0.530048662964613,0.211037603782743,-2.51163135604156,0.0120174552329534,0.0605730334582881,"WDR86-AS1"
"ENSG00000243845.3",1.82496685990843,0.936335919640009,0.613954682395853,1.52508963037161,0.12723674328343,0.285916004651212,"RN7SL30P"
"ENSG00000243847.3",2.06925459292917,0.23858454479462,0.262579418909226,0.908618603033388,0.363551483364704,0.556364952225286,"RN7SL610P"
"ENSG00000243849.2",4.50151069893222,-0.986907916526587,0.228588356565953,-4.31740238808639,1.57876189323964e-05,0.000553782844878614,"CFAP44-AS1"
"ENSG00000243854.3",3.92295877643755,-0.243460619462883,0.306686158210306,-0.793842868173833,0.427286912974029,0.614605685373038,"RN7SL67P"
"ENSG00000243856.3",0.480582413518908,1.02833698195804,0.719665108420929,1.4289104333742,0.1530299782939,0.32138158619991,"RN7SL551P"
"ENSG00000243859.3",4.83531519453245,-0.22004279920232,0.188116610258846,-1.16971488535512,0.242115725835536,0.430481114031643,"RPL5P17"
"ENSG00000243870.3",5.62734860219656,0.105961903406502,0.219861490156745,0.481948445500663,0.629842570079304,0.776328057577443,"RN7SL236P"
"ENSG00000243872.3",1.40147842113824,-0.516826247416132,0.91249859711151,-0.566385799443562,0.571131546027409,0.732347964947255,"RN7SL464P"
"ENSG00000243896.4",33.6994946983419,-0.47738000750807,0.132958632959461,-3.59044010067118,0.000330120090572211,0.00513343679375087,"OR2A7"
"ENSG00000243902.6",6.54889990716904,-0.484367130728065,0.221047405485719,-2.19123644389193,0.0284346866088284,0.106819272860075,"ELFN2"
"ENSG00000243904.1",5.34536325177289,-0.0866798191052472,0.180220979241753,-0.480964089030793,0.630542021711368,0.776955515530516,"RPSAP5"
"ENSG00000243905.3",0.70685871352728,0.181508942554184,0.778487918757516,0.233155760263918,0.815640457362893,0.899205859365635,"RN7SL679P"
"ENSG00000243910.8",108.766855937422,-0.7894066224215,0.255951879326356,-3.08419936004827,0.0020410077688095,0.0181010313390982,"TUBA4B"
"ENSG00000243911.3",2.22169290436718,-0.254675652584172,0.702970646113064,-0.362284903348881,0.717139138426694,0.837127496779212,"RN7SL430P"
"ENSG00000243926.2",40.1559205366447,0.128554718070351,0.111648034960869,1.15142839831806,0.249556036372596,0.439276150943896,"TIPARP-AS1"
"ENSG00000243927.6",1629.79030036724,0.0730682134004296,0.0947419434535951,0.771234056816859,0.440568210998279,0.625911179886277,"MRPS6"
"ENSG00000243943.10",948.993933842691,-0.165614841033253,0.055728404417824,-2.9718209728661,0.00296039251871452,0.023427703381403,"ZNF512"
"ENSG00000243944.5",8.99310823426243,-0.320722650622762,0.342118370683651,-0.937461060573467,0.348521444747575,0.542262102064726,"AC117386.2"
"ENSG00000243951.1",1.8231317250955,-1.5115291530103,0.944195860766213,-1.60086399000277,0.109407046857457,0.25899542884462,"RN7SL308P"
"ENSG00000243955.6",872.734591959803,-0.796968059532543,0.25611627162209,-3.11174317229052,0.00185986226452563,0.0170532620140049,"GSTA1"
"ENSG00000243960.1",7.60488202632888,-0.338730519082899,0.156435164248919,-2.16530931973781,0.0303640051301122,0.11155471449976,"AL390195.1"
"ENSG00000243964.1",22.8527513731659,-0.00696855476482441,0.141178825904525,-0.0493597727575452,0.960632585751202,0.980181454455079,"RPL23AP65"
"ENSG00000243968.2",0.934064947325141,0.48603824733807,0.625051570124688,0.777597034499269,0.436806609826721,0.622276528068507,"RN7SL402P"
"ENSG00000243970.3",178.373731005475,-0.436355647881414,0.137732473267037,-3.16813920153313,0.00153418043729173,0.0148121955194723,"PPIEL"
"ENSG00000243976.2",1.21457206474081,0.881634466408743,0.855921531338052,1.03004122939926,0.302990651772672,0.496064311259777,"RN7SL523P"
"ENSG00000243978.8",5.80928658176614,-0.276397460118503,0.15659112422731,-1.76509020854388,0.077548606011734,0.207334731757711,"RTL9"
"ENSG00000243979.2",2.28486696745082,-0.354869591001245,0.272885373495755,-1.30043463471583,0.193452045773989,0.372935666470957,"AC087752.1"
"ENSG00000243980.3",0.13035791400527,0.201309035229655,0.980579017500463,0.205296086941367,0.837340801119759,0.911335636430404,"RN7SL702P"
"ENSG00000243986.2",2.13061760248805,-2.14696746153416,0.637556852973395,-3.36749177978603,0.00075855287782799,0.0090713006327325,"ENO1P3"
"ENSG00000243989.9",11.1715781161011,-0.0773169400378918,0.108530111501032,-0.712400816405285,0.476216610136157,0.656481971657151,"ACY1"
"ENSG00000243991.3",0.475624556689277,0.375805701429431,1.14984560564476,0.326831445530204,0.743795374286901,0.854121474732793,"RN7SL447P"
"ENSG00000244003.3",0.646818065485931,1.62947487549338,0.96071561864108,1.69610532386082,0.0898659356044026,0.228431923874682,"RN7SL143P"
"ENSG00000244004.1",1.76409777506544,-0.766249888808541,0.287208141689095,-2.66792537391928,0.00763212081549113,0.0446017550131905,"RPS3AP19"
"ENSG00000244005.13",834.72811676429,-0.0165059488682175,0.0539493797806866,-0.305952523185939,0.759640794419265,0.864444957849696,"NFS1"
"ENSG00000244009.1",3.79019361100349,0.101281974414,0.13580609525157,0.745783716308041,0.455798078137052,0.638942543807026,"B3GAT3P1"
"ENSG00000244021.4",6.83196842098713,-0.276620807162594,0.14600075434333,-1.89465327358585,0.0581383519856893,0.171808996330513,"AC093591.1"
"ENSG00000244026.6",306.526093776992,0.118876572942438,0.0867807540871556,1.36984950399311,0.170733885228993,0.344604015818665,"FAM86DP"
"ENSG00000244034.3",0.400044746713459,1.07150140296893,1.50808680269395,0.710503799287192,0.477391775760817,0.657556757701579,"RN7SL424P"
"ENSG00000244038.11",12261.468917136,0.0874700001567227,0.0697915233896386,1.25330406772162,0.210095068644259,0.392380775931375,"DDOST"
"ENSG00000244040.7",11.2715142889428,-0.241546912095781,0.144102416465014,-1.67621694362374,0.0936957065363105,0.234665700572736,"IL12A-AS1"
"ENSG00000244041.7",89.4938111956844,-0.0120731502450842,0.076399065355215,-0.158027460008189,0.874435160625725,0.933001025495681,"LINC01011"
"ENSG00000244044.3",3.38084544005791,0.0668548346222811,0.719510545591861,0.0929171018157726,0.925969419240132,0.961251594111868,"RN7SL735P"
"ENSG00000244045.13",362.979148123612,0.0410993286288581,0.0460265100073409,0.892949055279294,0.371884455236182,0.563933006976917,"TMEM199"
"ENSG00000244052.1",9.41168844482527,-0.233605013771406,0.17101869832601,-1.36596182790544,0.171950944862045,0.346245122875266,"RPL5P24"
"ENSG00000244053.1",4.04017276642184,-0.150631342261847,0.17622773167906,-0.854753907496079,0.392687400120889,0.583336677325752,"RPL13AP2"
"ENSG00000244055.2",109.112573578403,-0.27086366433887,0.114988843919204,-2.35556472355867,0.0184945748269314,0.0809651386867887,"AC007566.1"
"ENSG00000244056.3",3.12870690399432,-0.373036024578204,0.243630192698661,-1.53115679319599,0.125730646328678,0.283504937908612,"RN7SL417P"
"ENSG00000244060.2",3.56889670174488,-0.422598944276005,0.255928486559079,-1.65123839849868,0.0986899052781331,0.242374535247496,"RPS2P41"
"ENSG00000244067.3",164.479756144703,-1.00919863862954,0.288246757344545,-3.50116215678093,0.000463233889999348,0.00641742151941992,"GSTA2"
"ENSG00000244073.1",17.7279722401006,-0.374476848734095,0.147133235634696,-2.54515471721053,0.0109229329361514,0.0569388956271345,"RPS4XP6"
"ENSG00000244080.3",1.48084383991531,0.459588045919178,0.360416957143243,1.27515655634516,0.202253834637738,0.383224456012419,"RN7SL833P"
"ENSG00000244086.1",7.72153597958253,0.0649733402968275,0.194579087870257,0.33391738551139,0.738441900304213,0.850690179475023,"AC110749.1"
"ENSG00000244091.1",0.433062421959906,1.14475321770322,0.972326549851655,1.17733411463245,0.23906217566674,0.426578251392045,"RN7SL483P"
"ENSG00000244094.2",13.8815512302342,-0.102455748582961,0.39841497900958,-0.257158375013047,0.79705651556772,0.888073154555811,"SPRR2F"
"ENSG00000244097.1",5.09514299412121,-0.144075579202312,0.138884490528003,-1.03737702211797,0.299560182719824,0.49255447995519,"RPS4XP17"
"ENSG00000244104.3",0.751488795704135,0.703076589773942,0.39040276118471,1.80090065869513,0.0717185391675594,0.197202289767555,"RN7SL659P"
"ENSG00000244112.3",2.22372841611365,-0.168592017720547,0.556990143759126,-0.302684023424041,0.762130674450127,0.86605285495488,"RN7SL508P"
"ENSG00000244116.3",98.1257077504149,-0.298598513384399,0.242759090084898,-1.23001990689606,0.21868965039063,0.402745576416375,"IGKV2-28"
"ENSG00000244119.1",87.8187266302589,-0.296929607894041,0.153562518622334,-1.93360730572738,0.0531614283409736,0.162137230906137,"PDCL3P4"
"ENSG00000244122.2",3.82741139900112,-0.223533390862152,0.434720414016172,-0.514200354193251,0.60711192015989,0.759928459203069,"UGT1A7"
"ENSG00000244124.1",19.2528417869249,-0.653123607317895,0.169845429720722,-3.84539995213196,0.000120355965040659,0.00250006061730021,"ATP1B3-AS1"
"ENSG00000244125.1",1.26774872980835,0.272737560991761,0.525202587749393,0.519299728054466,0.603551742989545,0.757009048348061,"AC078882.1"
"ENSG00000244128.7",35.8324007842694,1.09081717296966,0.394423585599757,2.76559823700951,0.00568184885152646,0.0365820525650494,"LINC01322"
"ENSG00000244134.1",3.26768880360634,-0.80587831202193,0.235777967659776,-3.41795427291493,0.000630937062036947,0.00790880557469731,"RPS12P20"
"ENSG00000244137.1",13.7198672602667,-0.602443441613082,0.218009764159931,-2.76337825479748,0.0057206428999111,0.0367465491157129,"AL512328.1"
"ENSG00000244139.3",1.04353250891605,0.996132548455952,0.710150162142247,1.40270692250637,0.160704252187545,0.331597562322896,"RN7SL397P"
"ENSG00000244144.1",4.52254179278325,0.627824369316966,0.169385893568309,3.7064737570002,0.000210165002069071,0.00373373714721748,"AC128688.1"
"ENSG00000244151.1",15.2016743057041,-0.263522606736965,0.136624459381868,-1.92880987730326,0.0537544691777334,0.163318812039996,"AC010973.2"
"ENSG00000244155.1",2.13368194637063,-0.710478253535378,0.456297238181022,-1.55705140002079,0.11945828240136,0.274038999504434,"CYP4F34P"
"ENSG00000244159.1",1.07016533248866,-0.0376298426722601,0.391832466433884,-0.0960355404306693,0.923492345820124,0.959803256129193,"RPS27AP13"
"ENSG00000244161.1",64.4139006276514,-0.184257394592269,0.131156191124212,-1.40486997230476,0.160059947144964,0.33086277289813,"FLNB-AS1"
"ENSG00000244165.2",90.8570468934731,-0.0845944149121479,0.0892436746433642,-0.947903761809498,0.343178449704221,0.536581981214608,"P2RY11"
"ENSG00000244167.1",1.88611641256392,-0.570384987943596,0.294482085408904,-1.93690895373682,0.0527564737663087,0.161392560349359,"AC005532.2"
"ENSG00000244171.4",6.76733397485501,-0.24954525739141,0.166392437329514,-1.4997391792346,0.133681977511674,0.294843951035439,"PBX2P1"
"ENSG00000244183.1",1.88262941749573,0.0191064113049014,0.288281500373833,0.0662769247423956,0.94715735421137,0.972211521705356,"PPIAP71"
"ENSG00000244184.1",4.12511440118684,-0.154365342112883,0.169022759267481,-0.913281399391888,0.361094562497508,0.554184357591367,"AC091153.3"
"ENSG00000244187.8",958.398745891372,0.169806887141072,0.113290558002737,1.49886177749225,0.133909493997221,0.295189616874097,"TMEM141"
"ENSG00000244194.3",0.981611372612582,1.63244576375522,1.04968789185648,1.55517251977449,0.119904987170765,0.274590503361967,"RN7SL218P"
"ENSG00000244198.7",94.9675152516026,-0.306583762927651,0.0996848342761297,-3.0755306477052,0.00210128331799447,0.0184732045170293,"ARHGEF35-AS1"
"ENSG00000244203.2",4.48344130938877,-0.738468929723457,0.262792892233215,-2.81007954000561,0.00495292577377845,0.0332187263872695,"FOXP1-AS1"
"ENSG00000244215.2",18.0845294191211,-0.527583663570841,0.396146821001894,-1.33178820477855,0.182929794989509,0.360137287244143,"LINC02016"
"ENSG00000244218.3",10.4784542641013,-0.445684064477527,0.172109456216751,-2.58953850807734,0.00961046733691258,0.0522385778037274,"RN7SL81P"
"ENSG00000244219.7",13.5191014177653,0.0111671236387566,0.147509058157094,0.075704663688272,0.939654065557485,0.968366304759816,"TMEM225B"
"ENSG00000244226.1",2.89435658784214,-1.04390450722639,0.315322746750471,-3.31059055518273,0.000930993233553705,0.0104573406628554,"ILF2P1"
"ENSG00000244227.7",4.36801816747595,-0.84543552843443,0.214125737525937,-3.9483134451879,7.8703713067982e-05,0.00184656992189734,"LRRC77P"
"ENSG00000244229.1",2.93871159792961,-1.98801501592539,0.322837092570025,-6.15795105853328,7.36921200333031e-10,3.14542532342149e-07,"RPL26P35"
"ENSG00000244230.3",4.28028974332309,-3.70103793208333,0.523081319603524,-7.0754542236159,1.48960028261549e-12,2.25423919132352e-09,"RN7SL151P"
"ENSG00000244232.3",1.56235087131904,-1.33555048341153,0.479463305757925,-2.78551135691254,0.00534433678174853,0.0350322907018614,"RN7SL698P"
"ENSG00000244236.3",0.831382160408448,1.00702499426964,0.592805464184498,1.69874445346918,0.0893673436597854,0.227696255641328,"RN7SL604P"
"ENSG00000244242.2",79.5008277680727,-0.411168795659233,0.174706833603562,-2.35347860858289,0.018598677961379,0.0812618994536352,"IFITM10"
"ENSG00000244245.1",8.00186637576239,-0.000731686283858059,0.146345631010757,-0.00499971388831059,0.996010822099765,0.998000346806693,"AC133134.1"
"ENSG00000244251.1",5.69625802734448,0.0145281894418516,0.159832193209551,0.0908965155899732,0.927574818889064,0.961940499492208,"AC013356.1"
"ENSG00000244256.3",11.3642130683601,0.225208767589695,0.169762430740656,1.32661135097519,0.184637279048763,0.362320460413207,"RN7SL130P"
"ENSG00000244264.3",1.13323894142706,0.750179914493811,0.50269708027407,1.49231006888843,0.135617878354734,0.297419539165019,"RN7SL597P"
"ENSG00000244265.2",8.61778228197739,0.246924256498551,0.167425691430053,1.47482894882779,0.140258536231521,0.303776546872975,"SIAH2-AS1"
"ENSG00000244274.8",31.6374965383811,-0.185889929717783,0.10393163984304,-1.78857881967915,0.0736826714282659,0.200729952673714,"DBNDD2"
"ENSG00000244280.1",101.292287119984,-0.0984277072123634,0.266563257880704,-0.369247089771138,0.711943559373433,0.833664072953703,"ECEL1P2"
"ENSG00000244286.1",2.81915914977472,-1.25338858609057,0.331025831114323,-3.78637697810871,0.000152859719644509,0.00295537668183776,"ITGB5-AS1"
"ENSG00000244294.3",0.933974527388308,0.857537959738977,0.410161280058211,2.09073357586868,0.0365519534127624,0.126604680084384,"RN7SL740P"
"ENSG00000244300.3",307.714597235659,0.0103593714056126,0.149745091763471,0.0691800397837126,0.944846310982483,0.971427590375511,"GATA2-AS1"
"ENSG00000244301.6",2.01610286472461,-0.295073210774843,0.339132981251213,-0.870081139516972,0.384256063930208,0.575776599370097,"AOX3P"
"ENSG00000244306.11",72.3355111124189,0.144046384223704,0.191516020441557,0.752137517747042,0.451968363889272,0.635366412150721,"DUXAP10"
"ENSG00000244307.3",3.03340670457569,0.455902100263265,0.281195307887861,1.62130052484757,0.104953202535471,0.252161865628449,"RN7SL395P"
"ENSG00000244308.2",0.907289849555839,0.901528694984329,0.38335103070375,2.35170541560647,0.0186875681520842,0.081566041956813,"RN7SL762P"
"ENSG00000244310.2",1.88543113816417,0.758748871707773,0.302116293836269,2.51144637739723,0.0120237551426398,0.0605791283238359,"AC093904.3"
"ENSG00000244313.3",380.434276550124,-0.00110580440023604,0.144224453409908,-0.00766724625464986,0.993882482527675,0.997160498219974,"AC024293.1"
"ENSG00000244327.1",2.88279261236107,-0.461737694133587,0.222597676498479,-2.07431497667381,0.0380500677905096,0.130101767171556,"AC109992.2"
"ENSG00000244331.1",2.25648279675623,-0.203349778133712,0.190923078110073,-1.06508746950159,0.286836349127814,0.47933614877179,"AC008677.2"
"ENSG00000244332.1",2.13015310132461,-0.362988753344171,0.336409122656414,-1.07900983920375,0.280583341477791,0.473057233393431,"AL138759.1"
"ENSG00000244335.3",0.615369026287834,1.10146438240986,0.952399077632895,1.15651559128706,0.247470325962553,0.436851148232083,"RN7SL687P"
"ENSG00000244345.1",1.75937886308762,-1.23150103403099,0.329028198039034,-3.74284344433266,0.000181949597501034,0.00336594464982635,"AC104435.2"
"ENSG00000244346.1",3.48333662528492,-0.599175913575378,0.273968902211564,-2.18702162449329,0.0287409454138178,0.107598369016331,"AC092953.1"
"ENSG00000244349.1",8.373102008619,0.222271129110157,0.144424881936765,1.53900855676293,0.12380220729069,0.280524527824742,"AL662791.1"
"ENSG00000244356.3",3.21130522246603,-1.69533541625852,0.700443330674282,-2.42037484263931,0.0155045155359106,0.0719030276831136,"RN7SL398P"
"ENSG00000244357.3",6.85797692769528,-0.10535779248901,0.167730025287069,-0.628139131969307,0.529912800072145,0.700327775416984,"RN7SL145P"
"ENSG00000244363.3",33.2607957884932,-0.155134668966917,0.116697989622641,-1.32936882176433,0.183726318844849,0.361043580055576,"RPL7P23"
"ENSG00000244371.2",2.05950040552508,-0.458840931462006,0.258994408019605,-1.77162485850765,0.0764568504244786,0.205512507765394,"PFN1P8"
"ENSG00000244376.3",1.13174149591825,0.813701297650711,0.551795741224339,1.47464222149531,0.140308757346916,0.303787942459759,"RN7SL636P"
"ENSG00000244378.1",6.3067751739394,-0.585016021696615,0.220624671072876,-2.65163464653223,0.00801031671613238,0.0462036511486825,"RPS2P45"
"ENSG00000244384.3",3.13081223009552,0.387261739542908,0.599841609054263,0.645606662988055,0.518534121150291,0.691981581507801,"RN7SL359P"
"ENSG00000244389.3",1.17258805280676,0.961940029899942,0.818247165949606,1.17561058556625,0.23975052354701,0.427554458216863,"RN7SL242P"
"ENSG00000244390.2",1.39916636036156,0.224095856974615,0.279061291565867,0.803034543835046,0.421954768792933,0.609701840954087,"RPS6P22"
"ENSG00000244391.3",1.41865444955887,-1.99515480846501,0.708592554205527,-2.81565872605305,0.00486773446596866,0.0328126105639795,"RN7SL330P"
"ENSG00000244398.1",354.093765380163,0.0518290521433388,0.113541317172436,0.456477460664169,0.648046675184897,0.789100218712918,"AC116533.1"
"ENSG00000244402.3",0.772122525166965,0.683834416321269,1.42961086805003,0.478336050462464,0.632411041483715,0.77790810626311,"RN7SL314P"
"ENSG00000244405.8",2394.7586626094,0.0316181831825065,0.0993615471898423,0.318213474696566,0.75032301227515,0.858348075719911,"ETV5"
"ENSG00000244414.7",2.92846943867178,0.300122130509819,0.269562932298029,1.11336572855649,0.265551387688768,0.457246310167556,"CFHR1"
"ENSG00000244425.3",10.7991868369781,-0.261057491060491,0.133347413725502,-1.95772444149448,0.050262355654021,0.156214595108951,"RN7SL268P"
"ENSG00000244437.1",4149.1367015529,-0.119541718591395,0.202630744832198,-0.58994857216949,0.555225128605217,0.720049478289713,"IGKV3-15"
"ENSG00000244451.1",1.78279114148239,-0.601316592935324,0.379268840457561,-1.58546268185353,0.112861249311658,0.264194361706828,"RPL34P21"
"ENSG00000244459.2",56.8737334275971,0.372795231226948,0.114182290585232,3.26491288023928,0.00109497749405556,0.0117218925111228,"AC147067.1"
"ENSG00000244462.8",3617.2539427845,-0.0327547397103942,0.0429436918127595,-0.762736931263606,0.44562030075432,0.630274721654003,"RBM12"
"ENSG00000244464.2",1.65159866539092,-1.94717448174729,0.433223552067959,-4.49461824605934,6.96948668338208e-06,0.000306671893076012,"AC107029.2"
"ENSG00000244468.1",0.888484125987732,0.116934891683456,0.389172698410693,0.300470439373048,0.763818341266399,0.867141923064251,"AC093001.1"
"ENSG00000244471.6",4.9358197753386,-0.807427543386949,0.240818791822208,-3.35284276313062,0.000799861328746159,0.00938329218391328,"AL137058.1"
"ENSG00000244474.6",0.612134091372293,-0.323038622188274,0.610455560206933,-0.529176312324471,0.596683147258783,0.751906586740601,"UGT1A4"
"ENSG00000244476.3",24.5165224771497,-0.302413644292152,0.220600777432241,-1.37086390996532,0.170417383595114,0.344090360363401,"ERVFRD-1"
"ENSG00000244479.7",21.7338705970785,-0.111442634705557,0.117179839426378,-0.951039319144781,0.341584416452667,0.53486830857674,"OR2A1-AS1"
"ENSG00000244480.1",25.487216349231,-0.433468755788423,0.135492844770155,-3.1992003454038,0.0013780936521618,0.0137225857230369,"AC005154.2"
"ENSG00000244482.10",258.243163653516,0.045448682593445,0.13640438740144,0.333190767974999,0.738990286470131,0.851019251181601,"LILRA6"
"ENSG00000244485.1",3.24364858394811,0.436755853727356,0.286934363555488,1.52214551200974,0.127972624383202,0.286966564530877,"RPL18P13"
"ENSG00000244486.9",499.000464106431,0.128430354319732,0.118729231398515,1.08170795689442,0.279382316425925,0.471940507421397,"SCARF2"
"ENSG00000244490.1",6.64999123558773,-0.644849285497171,0.176250706143036,-3.65870469179196,0.000253493232054437,0.00427190744521549,"RWDD4P1"
"ENSG00000244503.1",7.19003835660932,0.738068050081838,0.211205383393728,3.49455131409191,0.000474859316589205,0.00652475907024532,"AC108751.5"
"ENSG00000244509.4",2206.23724244163,0.113739420398232,0.0978313879780513,1.16260663115349,0.244989139118943,0.433975462865164,"APOBEC3C"
"ENSG00000244513.7",59.6276263148198,-0.323716406169475,0.129439989207695,-2.50089951452369,0.0123878321640212,0.0618147626254135,"AC109587.1"
"ENSG00000244514.3",1.1225408125222,0.658019059779557,0.519040114493766,1.26776147238897,0.204883144728744,0.386118789621537,"RN7SL125P"
"ENSG00000244515.1",15.9021088473002,-0.0623702631259742,0.106120562268415,-0.587730236183809,0.556713377142608,0.721282508692306,"KRT18P34"
"ENSG00000244521.3",0.970009862579556,1.7800007870747,1.32906636084057,1.33928661466455,0.18047738458433,0.357252724000601,"RN7SL700P"
"ENSG00000244532.1",0.443568056563853,2.13853896987479,1.26827053069837,1.68618517746148,0.091760137949164,0.231489753181899,"RN7SL380P"
"ENSG00000244538.1",28.0114837382187,0.0541732196003018,0.10565129305574,0.512754913200361,0.6081227720223,0.760621814146008,"AC098583.1"
"ENSG00000244540.2",1.48767605588644,-0.132610449474049,0.368925161040357,-0.35945081408948,0.719257867016989,0.838757714975907,"RPL35AP29"
"ENSG00000244541.6",7.35891366607392,0.214306287936018,0.27280210162524,0.785574182380822,0.432116994668855,0.618055209155398,"LINC01213"
"ENSG00000244544.2",0.739891688377246,1.5409721489948,1.12193475720758,1.37349532947012,0.169598412194853,0.342894269581785,"RN7SL446P"
"ENSG00000244556.1",15.7734214585597,-0.435829030393162,0.180255688998206,-2.41783786584123,0.0156130318569668,0.0722854498142118,"ODCP"
"ENSG00000244558.6",5.88924539368417,0.252616661807852,0.195062437326302,1.29505539493118,0.195301120693795,0.37498387206567,"KCNK15-AS1"
"ENSG00000244560.7",58.5830332738183,-0.131385080841188,0.132672606111633,-0.990295470118665,0.322029720052289,0.515837127497918,"AC004890.2"
"ENSG00000244575.3",1126.29726892929,-0.334830875553002,0.206068208222291,-1.62485459761853,0.104193544326602,0.251170492452797,"IGKV1-27"
"ENSG00000244578.1",1.05904341389924,0.559861406744718,0.391095916857614,1.43151943708107,0.152281400396828,0.320292163965608,"LINC01391"
"ENSG00000244582.2",7.52634867596444,-0.41747845739225,0.158460952043378,-2.6345825391606,0.00842408194262583,0.0478279263499048,"RPL21P120"
"ENSG00000244585.1",3.11510722539731,-0.2151396382087,0.192445536311167,-1.11792480268723,0.263599110966697,0.455210771528029,"RPL12P33"
"ENSG00000244586.1",27.1570300189978,-0.115100752313831,0.141568371932521,-0.813040022588483,0.416195111976823,0.604897361638118,"WNT5A-AS1"
"ENSG00000244588.5",3.15096867232984,0.734139821171345,0.279062167561494,2.63073933520412,0.00851993555472128,0.0481995266649678,"RAD21L1"
"ENSG00000244593.1",19.5151971261118,-0.470786547356246,0.182664790901343,-2.57732508291933,0.00995682607069934,0.0535875542146449,"AC025062.1"
"ENSG00000244604.1",3.08124849145663,-0.0326692854519935,0.203574761110653,-0.160478073380797,0.872504492675944,0.93172184862752,"AC025518.1"
"ENSG00000244607.7",6.91739009166951,-0.343044140074392,0.138651347457659,-2.47414934196113,0.0133553855719007,0.0651189567139711,"CCDC13"
"ENSG00000244610.3",1.75026220695378,-0.902002129417629,0.622579451287635,-1.44881448874049,0.147389396460785,0.31340839090304,"RN7SL756P"
"ENSG00000244617.2",45.3176888830299,-0.139681304919759,0.10606023779965,-1.3169997335252,0.187838713884641,0.366025864490558,"ASPRV1"
"ENSG00000244618.3",1.69793144692406,-0.0429633787696102,0.580666419412221,-0.0739897768035214,0.941018519892774,0.969228114799843,"RN7SL334P"
"ENSG00000244620.1",7.05724802940648,-0.548302801763784,0.210689071914181,-2.60242639441272,0.00925666831137265,0.0509331063211666,"AC246787.2"
"ENSG00000244625.7",172.170404376387,-0.201384152543443,0.108515896050761,-1.85580324977679,0.0634816072042739,0.182378482744694,"MIATNB"
"ENSG00000244627.5",108.256290221588,-0.105159295926488,0.116093872116768,-0.905812632562705,0.365035033504819,0.557789212891313,"TPTEP2"
"ENSG00000244630.2",1.15825069659843,-0.241656471674709,0.494899971823034,-0.488293565232047,0.625341918683676,0.773441878993076,"AC022493.1"
"ENSG00000244642.3",12.4883328236362,-0.945906976922326,0.253357132656871,-3.73349258812222,0.00018884275358,0.00344500920270627,"RN7SL396P"
"ENSG00000244649.5",47.4300595542786,0.296104701413226,0.263480727581251,1.12381920351998,0.261089733041867,0.452437700620496,"LINC02086"
"ENSG00000244671.3",3.18194223134556,0.217405428442222,0.343281035340393,0.633316163902398,0.526527199886404,0.697892748858112,"RN7SL280P"
"ENSG00000244675.2",11.2492382220117,0.169407973684333,0.207972733528761,0.814568192714094,0.415319523369785,0.60408595038646,"AC108676.1"
"ENSG00000244676.5",10.0728600069598,-0.321120482720285,0.231203872232774,-1.3889061615585,0.164861286660716,0.33666974279551,"AL109761.1"
"ENSG00000244677.3",2.09583503658988,-1.26488779552134,0.604585860100846,-2.09215576975346,0.0364245836378239,0.126321214901466,"RN7SL706P"
"ENSG00000244682.7",229.685786642257,-0.271599942618041,0.143818062451274,-1.88849674365527,0.0589592946635022,0.173541843977719,"FCGR2C"
"ENSG00000244687.12",142.799364860033,-0.392708736001341,0.116935738620841,-3.35832946054826,0.00078415090806421,0.00925975517153558,"UBE2V1"
"ENSG00000244691.1",4.26438052612404,-0.964018627602524,0.236080450451121,-4.08343268474964,4.43752877583767e-05,0.00120210452021126,"RPL10AP1"
"ENSG00000244692.3",1.21975003743408,0.911226561283407,0.372263778904124,2.44779807470362,0.0143732182121213,0.0683122846447043,"RN7SL724P"
"ENSG00000244693.1",11.2651890782951,0.183703721463226,0.166856583288729,1.10096777629292,0.270910681976543,0.462965014914286,"CTAGE8"
"ENSG00000244694.7",99.2498078069529,-0.700501484025294,0.202051944172839,-3.46693760801465,0.000526424066165095,0.00697978352641757,"PTCHD4"
"ENSG00000244699.1",6.05744565444502,-1.10436113303782,0.239097694471059,-4.61886985351712,3.85835755106027e-06,0.000200312919520575,"AC139453.2"
"ENSG00000244701.1",11.3288546084169,-0.270707070464173,0.128115726851557,-2.11298860114052,0.0346017435319161,0.121698272491874,"AC004918.1"
"ENSG00000244710.3",1.601136407459,0.163578128303258,0.617799097538811,0.264775602546071,0.791182332650253,0.884306355152411,"RN7SL47P"
"ENSG00000244716.3",47.5704078986419,-0.0419396739297578,0.116084927316699,-0.361284405298711,0.717886850330333,0.837882801333839,"BX679664.3"
"ENSG00000244720.1",8.12080394515217,-0.400308241612391,0.210388214290967,-1.90271229289852,0.0570780970157167,0.169882092253196,"NT5C3AP2"
"ENSG00000244722.1",4.48793803284677,0.0264499786150237,0.15552537806699,0.170068569797212,0.864956211068081,0.927979965377762,"RPSAP29"
"ENSG00000244723.3",12.2187024559913,-0.268320865001505,0.145241853151267,-1.84740733596984,0.0646881267853831,0.184514408733164,"ASLP1"
"ENSG00000244730.1",2.15145158679211,-2.0216313171673,0.406671014626601,-4.97117140011448,6.65495820311051e-07,5.49785418005355e-05,"AC139451.1"
"ENSG00000244731.8",762.575098983037,-0.247833153524302,0.15610144614029,-1.58764162441885,0.112367400186195,0.26347262866392,"C4A"
"ENSG00000244733.5",32.0754981722928,-0.206635188697755,0.121026635326879,-1.70735299828552,0.0877564608992445,0.224986589613318,"AL132656.2"
"ENSG00000244734.4",5058.70633475473,-0.112572034527514,0.257751519675743,-0.436746346516721,0.662295313615257,0.799746033012685,"HBB"
"ENSG00000244752.3",4.9445627375313,-0.497183608821945,0.182628295248232,-2.72237994745646,0.00648135777337055,0.0400255030285866,"CRYBB2"
"ENSG00000244754.9",3802.45151027029,-0.228085252640988,0.0932370096812144,-2.44629523641772,0.0144332756402091,0.0684901718770641,"N4BP2L2"
"ENSG00000244757.1",1.6342950145853,-0.399359175762554,0.432023132690256,-0.92439303718692,0.355281718576489,0.548830468474715,"AL137024.1"
"ENSG00000244791.3",8.99606201818734,-0.00815351163857011,0.278639733195909,-0.0292618412494583,0.976655760132317,0.98824718719797,"AC087667.1"
"ENSG00000244879.8",905.226942094028,-0.105738983816549,0.135892111283427,-0.778109802091537,0.43650428459055,0.622058776940038,"GABPB1-AS1"
"ENSG00000244921.2",35.5291361344509,0.0152321390899957,0.238679052749704,0.0638184998411621,0.949114747542461,0.973231850204431,"MTCYBP18"
"ENSG00000244926.7",15.5845997080909,-0.42937038636183,0.132487892923639,-3.24082734570549,0.00119183345595015,0.0124232032714303,"ALKBH3-AS1"
"ENSG00000244932.2",33.4407671884684,-0.28836138953716,0.116155784800899,-2.48254006489161,0.0130449397315643,0.0640556103524176,"AL449212.1"
"ENSG00000244945.1",20.1862687685872,-0.26709729162276,0.139831520761857,-1.9101364997499,0.0561156405402777,0.167918211442339,"RUFY1-AS1"
"ENSG00000244952.2",4.92817755118877,-0.058320350086096,0.136294949162431,-0.42789810220034,0.668725308862464,0.804719714435728,"AC123768.1"
"ENSG00000244953.1",25.317071228647,-0.302452914733959,0.180378401262231,-1.67676901789509,0.0935876583929281,0.234543457647612,"AC087521.1"
"ENSG00000244968.7",77.8854983907833,-0.375693144515882,0.115673847155061,-3.24786590708152,0.00116274053516054,0.0122224072208136,"LIFR-AS1"
"ENSG00000244998.1",9.19666911421023,-0.100964946042641,0.180951750164979,-0.557966120529857,0.576867519140309,0.736469449909438,"AC100803.2"
"ENSG00000245017.2",21.7053094391159,-0.0651746886190978,0.123923235897195,-0.525927911317338,0.598938295234973,0.753578952543667,"LINC02453"
"ENSG00000245025.3",119.029659131001,-0.138900322841638,0.11615641166829,-1.19580418202224,0.231772983567463,0.418460842836851,"AC107959.1"
"ENSG00000245059.2",2.7027185239893,-0.0800701452432521,0.208897461276355,-0.383298795275093,0.701498232408211,0.825945242158312,"AC092718.1"
"ENSG00000245060.8",180.837875740841,-0.114784618061747,0.0692260262343351,-1.65811363594947,0.0972945321001903,0.240383157365302,"LINC00847"
"ENSG00000245080.7",7.98458212572646,-0.0943727359526902,0.191091948272793,-0.493860347365178,0.621404810256883,0.770117270245771,"MIR3150BHG"
"ENSG00000245105.4",54.3362027840109,-0.268156400372299,0.114616481972456,-2.33959720066037,0.0193045474938243,0.0832952695323862,"A2M-AS1"
"ENSG00000245112.2",12.6319400802763,-0.0679000895524618,0.107918169047199,-0.629181259763266,0.529230396209323,0.69994309700858,"SMARCA5-AS1"
"ENSG00000245146.7",160.309468207874,-0.411707738797401,0.129487556081366,-3.17951586435609,0.00147521294064529,0.014394567536021,"MALINC1"
"ENSG00000245148.2",20.1187061666755,-0.53539717287711,0.191892177538216,-2.79009378988617,0.00526927749199923,0.0347661624140171,"ARAP1-AS2"
"ENSG00000245149.4",110.950332178958,-0.104777375637184,0.127388816475328,-0.822500581575596,0.410792055814786,0.599905087005484,"RNF139-AS1"
"ENSG00000245156.1",21.3856731596048,-0.333187033594921,0.120402016098045,-2.76728782783506,0.00565248255686908,0.0364564319577377,"AP001107.1"
"ENSG00000245164.8",160.259040935306,-0.561866963493007,0.160951551655168,-3.49090740483686,0.0004813830577535,0.00658992028856384,"LINC00861"
"ENSG00000245205.3",46.4205278723102,-0.232311611354606,0.139650693644191,-1.66351920847956,0.0962085491025352,0.238737455459422,"EEF1A1P4"
"ENSG00000245213.7",68.9624371757224,0.0761930645846598,0.106960911815855,0.712344942569622,0.476251200228827,0.656481971657151,"AC105285.1"
"ENSG00000245248.8",52.1308007173899,-0.186089109549864,0.145036725585548,-1.28304819898945,0.199475190306624,0.380159198578387,"USP2-AS1"
"ENSG00000245275.8",177.088670132921,-0.419592086274083,0.151773305923556,-2.76459739557509,0.00569930902206059,0.0366661053664663,"SAP30L-AS1"
"ENSG00000245281.8",44.5243339891635,-0.0335468247283073,0.109801787469958,-0.305521663183177,0.759968873366768,0.864627154681333,"AC124242.1"
"ENSG00000245293.3",32.0852736614112,-1.12593810322812,0.185713917939912,-6.06275563898457,1.33808885956081e-09,5.15545747912173e-07,"CYP2U1-AS1"
"ENSG00000245311.2",2.5082400613659,-0.232323804089017,0.295569527229867,-0.786020826525654,0.431855285991623,0.617893250097516,"ARNTL2-AS1"
"ENSG00000245317.2",35.3973714734628,-0.142942643354158,0.0829389021447509,-1.72346920031187,0.08480371026692,0.220008565878327,"AC008393.1"
"ENSG00000245322.7",15.7732125847167,0.0205022195813828,0.119169170548047,0.172042982988764,0.863403737225099,0.92714813002952,"H2AZ1-DT"
"ENSG00000245330.4",4.25304533249348,-0.0574700303640536,0.173607136456758,-0.331034953614181,0.740618083434004,0.85192958061598,"AP005717.1"
"ENSG00000245384.2",5.99996334200977,-0.931941351349234,0.203496264581331,-4.57964844350627,4.65758129378304e-06,0.00022972570965025,"CXXC4-AS1"
"ENSG00000245466.1",14.3640383765288,-0.411990930839062,0.200343706511404,-2.05642062839449,0.0397419896236712,0.134044048665886,"AL357153.1"
"ENSG00000245468.4",16.530481787767,0.121463067543044,0.131560590767785,0.923248115823954,0.355877919449515,0.549420058995257,"LINC02447"
"ENSG00000245479.3",3.82731836835734,0.219174711921163,0.168731829868166,1.29895297225432,0.193960068783133,0.373458796370311,"LINC01585"
"ENSG00000245498.7",126.751297288534,-0.0887301029679866,0.118140248704647,-0.751057357173958,0.452618137661805,0.635930775539098,"AP000866.1"
"ENSG00000245522.2",34.1484757943099,0.0836067236191025,0.126792452651762,0.659398267566682,0.509640054322457,0.68472341923154,"LINC02709"
"ENSG00000245526.11",11.3283273370058,-0.534012232451042,0.260639789327695,-2.04885153501886,0.0404766346680784,0.135626871779824,"LINC00461"
"ENSG00000245532.9",29852.1039869075,-0.923232285262912,0.155134326615688,-5.95117989295832,2.66216278026562e-09,9.06482775999291e-07,"NEAT1"
"ENSG00000245534.7",9.71390667211212,-0.597873909256147,0.159740975607418,-3.74277111419109,0.000182001997244856,0.00336594464982635,"RORA-AS1"
"ENSG00000245552.7",84.4049393883128,-0.389537288395246,0.117157136235287,-3.32491302632165,0.000884461212532618,0.0101006984553527,"AP000787.1"
"ENSG00000245556.3",289.777377044535,-0.0724558942507058,0.0718720860710028,-1.00812287790181,0.313395475891027,0.507588632687775,"SCAMP1-AS1"
"ENSG00000245571.7",231.366714470687,-0.10439638454164,0.0637025180975132,-1.63881095535084,0.101252636867027,0.246346392810139,"FAM111A-DT"
"ENSG00000245573.9",95.8805932827486,-0.164491975119057,0.109775787354319,-1.49843584895577,0.134020048219676,0.295251775945222,"BDNF-AS"
"ENSG00000245598.6",6.15640009375631,-0.0315376903929158,0.112458170831627,-0.280439297204417,0.77914049128307,0.877267556437054,"DACT3-AS1"
"ENSG00000245614.4",36.1225458579446,-0.0642167504435178,0.124205427262516,-0.517020486615223,0.605141857807414,0.758260740383222,"DDX11-AS1"
"ENSG00000245648.2",77.3492906107602,-0.478171951099688,0.145699117995915,-3.28191383501097,0.00103105106199245,0.0112252397014109,"KLRK1-AS1"
"ENSG00000245651.3",29.9312493328701,-0.0562502239538554,0.207448008224426,-0.271153357582502,0.786273084748663,0.881363920761497,"AC083805.1"
"ENSG00000245662.4",5.92846348854935,-0.574519621546348,0.242695710276413,-2.36724258905116,0.0179211817229944,0.0794050975650324,"LINC02211"
"ENSG00000245680.11",539.073398577765,-0.0442300035646868,0.0743809194534419,-0.594641796440446,0.552082935230799,0.717343681951332,"ZNF585B"
"ENSG00000245685.7",18.2392540000541,-0.126409458250169,0.122904387463407,-1.02851867910579,0.303705908883414,0.49694209585961,"FRG1-DT"
"ENSG00000245688.1",1.06895583235424,-0.870613957033895,0.526393235051212,-1.65392314920079,0.0981431284567185,0.241570248093267,"AC008659.1"
"ENSG00000245694.10",1478.84181290878,-0.636804113816457,0.136943611390822,-4.65011917933937,3.31743270436579e-06,0.000179881574961645,"CRNDE"
"ENSG00000245711.2",12.9413316487392,-0.847648466201637,0.181925535693185,-4.65931548845999,3.17262632712189e-06,0.000173937611016471,"NADK2-AS1"
"ENSG00000245748.1",5.26321515527549,-0.022918074419105,0.159008547942451,-0.1441310842446,0.885396959306769,0.939091814027752,"AC097382.2"
"ENSG00000245750.10",556.747584523372,-1.07310147232942,0.244860575260604,-4.38250000510423,1.17325163262519e-05,0.000449494437341661,"DRAIC"
"ENSG00000245812.3",12.5713798641945,0.0155655815245565,0.132607067976808,0.117381235872576,0.906557952876404,0.950293973403868,"LINC02202"
"ENSG00000245832.7",1.74306222194308,-0.327241882033297,0.228037733039401,-1.43503392035894,0.151277431862326,0.318986607067732,"MIR4300HG"
"ENSG00000245848.3",479.369151441604,-0.344959875966758,0.146450637353475,-2.35546858791853,0.0184993610395027,0.0809722812465433,"CEBPA"
"ENSG00000245849.8",279.730032564127,-0.204587821548672,0.101837694765241,-2.00895966881708,0.0445414110853311,0.144646624976973,"RAD51-AS1"
"ENSG00000245857.3",7.08998272270241,-0.0353530145954027,0.268282789864426,-0.131775186225207,0.895162113894378,0.944533674663058,"GS1-24F4.2"
"ENSG00000245864.3",5.94128150149596,0.018918578979157,0.265532240013117,0.0712477662909124,0.943200565977936,0.970244907866629,"MEF2C-AS2"
"ENSG00000245869.2",4.11557760769073,0.0108288765923647,0.201731829626007,0.0536795636684625,0.957190465152311,0.978199895543166,"AP004609.1"
"ENSG00000245870.4",5.60940537883437,-0.247627103995539,0.416318875334794,-0.594801529948416,0.551976144773674,0.717260910501149,"LINC00682"
"ENSG00000245888.7",20.8105890439626,-0.168003669026094,0.121356755252297,-1.38437838649212,0.166242623426329,0.338354541584962,"NSMCE1-DT"
"ENSG00000245904.4",29.0942318509663,-0.287482740540401,0.128064684743547,-2.24482448940623,0.0247794019807597,0.0979786971669158,"AC025164.1"
"ENSG00000245910.8",1711.58148988091,-0.0350407729017225,0.104470784288951,-0.335412174228584,0.737314185624229,0.850097007272042,"SNHG6"
"ENSG00000245928.2",2.76968683377544,-0.518879517690011,0.311451777994772,-1.66600274697652,0.0957128673059817,0.23810225484385,"SDAD1-AS1"
"ENSG00000245937.8",866.934546172007,0.0127749530446198,0.0769135537683211,0.166094952303212,0.868082226461171,0.929572902964213,"LINC01184"
"ENSG00000245954.8",19.0712021656534,-0.575200644148471,0.146027844521896,-3.93897921339395,8.1829018606031e-05,0.00190379700660419,"LINC02273"
"ENSG00000245958.6",308.767647150851,-0.296882876514925,0.0980916742404124,-3.02658588319429,0.00247332548136372,0.0207354300351672,"AC093752.1"
"ENSG00000245970.2",56.7839793582363,-0.330138960157116,0.108291415580888,-3.04861616579866,0.00229898010002375,0.0196963315671875,"AP003352.1"
"ENSG00000245975.2",18.6635528563233,-0.0152503446968074,0.0906739226332385,-0.168188871220369,0.86643469571321,0.928693690619359,"AC090515.2"
"ENSG00000246016.2",7.49977701124524,-0.91565700513987,0.271415866956554,-3.37363108283733,0.000741837163706915,0.00893063918883497,"LINC01513"
"ENSG00000246022.3",2.36638017533656,-0.0210305294565341,0.249157263997403,-0.0844066479103467,0.93273312188258,0.964579066901529,"ALDH1L1-AS2"
"ENSG00000246067.8",360.017359976666,-0.450843332425772,0.1148264824088,-3.92630099754078,8.62621976313948e-05,0.00197791139513914,"RAB30-DT"
"ENSG00000246082.2",435.574235530447,0.158360913560121,0.0826799759019325,1.91534784369017,0.0554481578862253,0.166506398910121,"NUDT16P1"
"ENSG00000246084.5",14.2646930477183,-0.371423873142933,0.152971096308856,-2.42806570721706,0.0151795928771768,0.07094435321001,"LINC02325"
"ENSG00000246089.3",171.375323235177,0.0433581256110934,0.0921079806584447,0.470731475178837,0.6378325045178,0.781417244688133,"AC016065.1"
"ENSG00000246090.7",101.270523365056,-0.407979359677389,0.121901038007139,-3.34680792179553,0.000817478324215052,0.00954958099933044,"AP002026.1"
"ENSG00000246095.2",4.00210056869882,0.503665361590358,0.328316584146489,1.53408443530112,0.125008881913241,0.28237470015181,"LINC01096"
"ENSG00000246100.4",38.6418893394913,-0.180743524381913,0.129641874340408,-1.39417549539068,0.163264615816742,0.33464230323065,"LINC00900"
"ENSG00000246130.1",3.31378044002357,-0.10210448902714,0.216678659828412,-0.471225404052234,0.637479779128568,0.781314029102025,"AC107959.2"
"ENSG00000246145.1",7.99445635783614,-0.837025354574001,0.194060559636248,-4.31321725621601,1.60895868712322e-05,0.000561499597173934,"RRS1-AS1"
"ENSG00000246174.9",78.584127758902,-0.282256658086762,0.110626780597733,-2.55143154814492,0.0107281395916595,0.05622984121932,"KCTD21-AS1"
"ENSG00000246203.2",31.2118255889987,-0.00178851158337558,0.10213903074487,-0.0175105595807253,0.986029308811352,0.993070542932514,"AL353807.3"
"ENSG00000246214.2",9.35615977231585,-0.444645957267941,0.185594652722448,-2.39579077708073,0.0165845539066767,0.0752554931463795,"AC024588.1"
"ENSG00000246223.9",96.8386151956011,-0.0656312354076136,0.174900406167556,-0.375249188070714,0.707475151608183,0.830388514806672,"LINC01550"
"ENSG00000246225.7",10.8186567872528,-0.212867591534993,0.173350309728219,-1.22796199134994,0.219461236469981,0.403719910807552,"AC006299.1"
"ENSG00000246228.6",45.2456374780033,0.667718292734886,0.249939660266482,2.67151796566809,0.00755090303440574,0.0443059948404072,"CASC8"
"ENSG00000246250.3",25.0621270892739,-0.691018753614922,0.151900993343494,-4.54913913599182,5.38658203533579e-06,0.000254841830087526,"AC087521.2"
"ENSG00000246263.3",56.0716000511156,-0.0533562446450436,0.0966670613885791,-0.551958897670055,0.580976514122698,0.739616514403755,"UBR5-AS1"
"ENSG00000246273.8",177.741450541642,-0.0498276104045733,0.0897980265858721,-0.554885361059958,0.578973075465142,0.738082041716227,"SBF2-AS1"
"ENSG00000246308.2",23.5479654985138,-0.125853357383394,0.109135224731776,-1.15318732052559,0.248833506686957,0.43853760722719,"AC116535.1"
"ENSG00000246331.2",3.19004607327144,0.180063095478666,0.234237693036479,0.768719556380809,0.442059812757575,0.62707700665266,"AC010198.1"
"ENSG00000246334.2",22.7252123243704,0.0272043010573999,0.161917156119942,0.168013703484565,0.866572498506624,0.928693690619359,"PRR7-AS1"
"ENSG00000246339.6",29.5847041857152,-0.260183062568917,0.163590116520535,-1.59045710158326,0.11173180793324,0.262555553467063,"EXTL3-AS1"
"ENSG00000246363.3",11.1749669645608,0.0770466737843547,0.201750657643455,0.381890570689073,0.702542534683458,0.826726587276134,"LINC02458"
"ENSG00000246366.6",43.0066637768743,-0.520126917507121,0.165962282805936,-3.13400676776252,0.00172436878860321,0.0161534637250891,"LACTB2-AS1"
"ENSG00000246375.3",6.66238026638172,-0.124048110029238,0.197037715581811,-0.629565307651636,0.528979027572917,0.699724354945687,"PPM1K-DT"
"ENSG00000246379.8",4.95620657092056,-0.298884089439473,0.194264448466858,-1.53854239310526,0.123916051445244,0.280648782365068,"AC040168.1"
"ENSG00000246422.2",3.09829043673444,-0.313781794256271,0.326115202134651,-0.962180825065348,0.335958779374875,0.529246524621632,"DIAPH1-AS1"
"ENSG00000246430.7",72.0751376637927,0.0699270727999789,0.215106341805804,0.325081409562106,0.745119458522968,0.854774382627151,"LINC00968"
"ENSG00000246451.2",144.998929746667,-0.220018551832647,0.134047258211429,-1.64135063087689,0.100724651693044,0.245403996709268,"AL049840.2"
"ENSG00000246465.1",32.2013153603681,-0.135855074209434,0.186938707334114,-0.726735924019315,0.467387742153534,0.648887054799755,"AC138904.1"
"ENSG00000246477.3",18.7467806605873,-0.899080908793279,0.168157258724182,-5.34666725429906,8.9588495285306e-08,1.30811181052687e-05,"AF131216.1"
"ENSG00000246523.8",29.8013655846772,0.0186965832250593,0.1209781236403,0.154545157938218,0.87717990799777,0.934258491624948,"FZD4-DT"
"ENSG00000246526.2",58.4370018168772,-0.00444417809470817,0.104914347871136,-0.0423600602290058,0.966211667072293,0.98310213721579,"LINC02481"
"ENSG00000246528.3",12.9835766480627,0.00348371288114153,0.204500975979964,0.0170351895116767,0.986408542669696,0.993300454028861,"AC079089.1"
"ENSG00000246548.3",13.5047181506076,0.0211232369662051,0.146802052631981,0.143889248055401,0.88558792614169,0.939246243351129,"LINC02288"
"ENSG00000246560.2",38.6233607610767,0.0305957188169479,0.0759776177053123,0.402693842489465,0.687173464273423,0.816840407956836,"UBE2D3-AS1"
"ENSG00000246575.2",107.554467875138,0.00518923728303855,0.110384736534743,0.0470104603765146,0.962504890572544,0.981309916454806,"AC093162.1"
"ENSG00000246582.3",104.215061996695,0.109589773954525,0.0953477237548091,1.14936958785026,0.250403614851136,0.440255996474381,"AC100861.1"
"ENSG00000246596.7",37.64082204892,-0.202948359256672,0.132466510529559,-1.53207296278395,0.125504430821972,0.283090719197554,"AC139795.1"
"ENSG00000246627.6",7.39718965447994,-0.277887635120115,0.16731125334602,-1.66090223797087,0.0967330827302112,0.239587451520378,"CACNA1C-AS1"
"ENSG00000246640.1",64.8317529440788,0.0247089130165282,0.125623092190023,0.196690851863067,0.844069469409102,0.915272281048667,"PICART1"
"ENSG00000246662.6",12.8113199809535,-0.438056785426749,0.175657785651378,-2.49380796759072,0.012638089703984,0.062634945914023,"LINC00535"
"ENSG00000246695.8",261.955504150418,0.0231854103941708,0.117762516933064,0.196882768796029,0.84391927826767,0.915169400401439,"RASSF8-AS1"
"ENSG00000246705.4",1994.09299603323,0.276559105157698,0.0994277865615106,2.781507209623,0.00541071288597709,0.0353144574252931,"H2AJ"
"ENSG00000246731.3",22.6806944282169,-0.000251504479512837,0.114006786103426,-0.00220604832491878,0.998239829528851,0.999110108360511,"MGC16275"
"ENSG00000246740.2",8.76798879111611,-0.187452388713348,0.204769181191976,-0.915432623318483,0.359964558475534,0.553087504399389,"PLA2G4E-AS1"
"ENSG00000246763.7",37.9955279964245,-0.0654721759013292,0.123259474232764,-0.531173577600138,0.595298501032906,0.750786915481799,"RGMB-AS1"
"ENSG00000246777.1",8.84781891991357,0.0192884237604559,0.124056475693462,0.155480990836115,0.876442138813102,0.93391973266882,"AC044802.1"
"ENSG00000246790.2",6.50266798467686,-0.877666436781021,0.24342370379999,-3.6055093365195,0.000311541289309457,0.00491803894972962,"AP000977.1"
"ENSG00000246792.3",6.04543879902351,0.187965673481378,0.179175349158378,1.04905989782797,0.294150551484245,0.486807542653216,"AC106038.1"
"ENSG00000246851.1",4.66818003366703,-0.568745903589172,0.166941711562712,-3.40685319603615,0.000657164630222051,0.00813950224478525,"AL157938.3"
"ENSG00000246859.3",172.825736039958,-0.539621744645462,0.144287302199454,-3.73991152665341,0.000184085037137761,0.00339166748280437,"STARD4-AS1"
"ENSG00000246876.7",3.70300379964746,0.056699291208756,0.529950709264428,0.106989744928268,0.914797115417472,0.954836037713699,"LINC02466"
"ENSG00000246877.1",20.6740267180857,0.0538368894701467,0.129288861755984,0.416407792124868,0.677111627540735,0.81049390291629,"DNM1P35"
"ENSG00000246889.2",35.5408181977001,-0.15775148954804,0.109207926541422,-1.44450585725758,0.148596733326941,0.315266839274834,"AP000487.1"
"ENSG00000246898.1",64.2734387055004,0.228522654023067,0.125590175187976,1.81959021620146,0.0688214327265397,0.19204358056866,"LINC00920"
"ENSG00000246922.9",145.97421096886,-0.327594808326936,0.114286570260281,-2.86643310391464,0.00415125884057738,0.0294946845644736,"UBAP1L"
"ENSG00000246982.7",38.5646282696804,-0.18947178683078,0.136696119818046,-1.38608021268623,0.165722411729862,0.337744628655871,"Z84485.1"
"ENSG00000246985.8",90.5635503966959,-0.609016310154063,0.143087925660235,-4.25623830483212,2.07895116626157e-05,0.000688017109128692,"SOCS2-AS1"
"ENSG00000247011.2",5.0321711597335,-0.00432759383907698,0.197608673380271,-0.0218998172754751,0.98252787053402,0.991372147333333,"AC005920.1"
"ENSG00000247077.7",2332.554831191,0.074364225491171,0.0896259910584461,0.829717190437284,0.406698699827692,0.596354098804815,"PGAM5"
"ENSG00000247081.8",294.6442633029,-0.0214180482164697,0.0913792105983826,-0.234386443877299,0.814684981787887,0.898580022582414,"BAALC-AS1"
"ENSG00000247092.7",141.701000855203,-0.240470405690539,0.0942998748670059,-2.55006070824253,0.0107704162478945,0.0563603085478908,"SNHG10"
"ENSG00000247095.3",327.856545495558,0.212857420292575,0.115499251747714,1.84293332702727,0.0653387456553874,0.185702822187537,"MIR210HG"
"ENSG00000247121.7",39.8188524247812,0.0827176939069105,0.0697272725011692,1.18630330629272,0.235502541416325,0.422787064511928,"AC009126.1"
"ENSG00000247131.6",3.46057306843908,-0.209173115850701,0.212388784496352,-0.98485951763754,0.324693080677932,0.51824038735847,"AC025263.1"
"ENSG00000247134.7",161.156774057991,0.0825368690835781,0.143563957528379,0.57491358210338,0.565349743726822,0.727899816965456,"AC090204.1"
"ENSG00000247137.9",91.4215264462574,-0.28850375834287,0.123520772113718,-2.3356699719887,0.0195084486622496,0.0838923768163624,"AP000873.2"
"ENSG00000247151.7",4.56910724732028,-0.0438437202996194,0.174290299731504,-0.251555711173606,0.801384495226547,0.890775040049994,"CSTF3-DT"
"ENSG00000247157.7",31.6458211117258,0.0192989853297095,0.147282783043109,0.131033546019162,0.895748770294353,0.944696015249933,"LINC01252"
"ENSG00000247199.5",72.1306775554799,-0.412948424023677,0.14994061417352,-2.75407984887796,0.00588574065096036,0.037488801127305,"AC011346.1"
"ENSG00000247228.3",2.39200115658687,-0.797883409306386,0.357990331708994,-2.22878479845365,0.0258282268735237,0.100511795502999,"AC009060.1"
"ENSG00000247240.8",82.4338995480138,-0.0024297420995965,0.0610091486089028,-0.0398258647268179,0.968231955515673,0.983954900490928,"UBL7-AS1"
"ENSG00000247271.7",452.259719507215,0.0128458160678543,0.0881514430039584,0.145724399171519,0.884138959223755,0.938384697686753,"ZBED5-AS1"
"ENSG00000247287.3",138.974456529229,-0.364686366842494,0.111964346053524,-3.2571651574525,0.00112530937233878,0.0119467235118862,"AL359220.1"
"ENSG00000247311.3",5.68663325504588,-0.718005833321872,0.238796590794885,-3.00676752097607,0.00264041608714403,0.0216329754697512,"AC010255.1"
"ENSG00000247315.4",1102.56290293158,-0.0044087976546734,0.0566810858009206,-0.0777825193779508,0.938001051831267,0.967796858144861,"ZCCHC3"
"ENSG00000247317.3",59.8500975931109,0.148385772498221,0.163361741205519,0.908326340079479,0.36370583007772,0.556457682858541,"LY6E-DT"
"ENSG00000247324.2",4.99941223721358,-0.296554846029525,0.183873107243605,-1.61282337844345,0.106782885464848,0.255048612223342,"AC010547.1"
"ENSG00000247345.2",5.62210211859759,-0.364566695846875,0.222330085033171,-1.639754223062,0.101056279727484,0.245994495939689,"AC092343.1"
"ENSG00000247363.2",17.9687834166454,-0.138191625355772,0.124931983184783,-1.10613488902499,0.268668139661087,0.460484782869288,"AC090061.1"
"ENSG00000247373.3",141.594080840158,-0.162590824720235,0.117510795145936,-1.38362458119965,0.166473437547707,0.338590384975118,"TMED2-DT"
"ENSG00000247381.3",3.05142501115719,1.79730217316386,0.494200776535583,3.63678540888423,0.000276061729906713,0.00450442888687189,"PLUT"
"ENSG00000247400.4",170.320054709618,-0.0822232241619629,0.0888299493214127,-0.925625026132293,0.354640882973109,0.548171174001751,"DNAJC3-DT"
"ENSG00000247416.4",1.8372927892304,-0.123982319205359,0.321138200458299,-0.386071538759396,0.699443687652876,0.82459556278425,"AP000802.1"
"ENSG00000247473.2",3.7597668322105,-1.11368108511838,0.273753733542147,-4.06818592283024,4.73805701776427e-05,0.00126296342908267,"CARS1-AS1"
"ENSG00000247498.10",167.887453494282,-0.019569815654383,0.088997293321768,-0.219892256538957,0.825955067115356,0.90471185204669,"GPRC5D-AS1"
"ENSG00000247516.8",241.492644352738,-0.0393178209004057,0.138984199835145,-0.282894177518323,0.777257958022577,0.875888478081697,"MIR4458HG"
"ENSG00000247556.6",4479.32581120068,-0.0343775351028195,0.0655581514285232,-0.52438231331615,0.600012655648678,0.754281127474155,"OIP5-AS1"
"ENSG00000247572.8",278.060251373433,-0.0928136910809936,0.0779648794559671,-1.19045513478172,0.23386755385837,0.420873106519281,"CKMT2-AS1"
"ENSG00000247595.4",46.3909855093372,-0.0748986246478436,0.0890483707995078,-0.841100448838954,0.400291663689232,0.590409900859039,"SPTY2D1OS"
"ENSG00000247596.10",1323.84391618216,0.234009744154465,0.0784445443952031,2.98312324915197,0.00285323071782036,0.0228292742822382,"TWF2"
"ENSG00000247624.6",3.8770762761565,-0.211746876885091,0.238983304311023,-0.886032091218869,0.375600234601389,0.567284108212627,"CPEB2-DT"
"ENSG00000247626.5",441.533236615464,0.0674701168629146,0.0699574847823437,0.964444577629284,0.334823082085115,0.528333662774971,"MARS2"
"ENSG00000247627.2",1370.04738448322,-0.12556519777634,0.223501717178269,-0.561808648996582,0.574246398666845,0.734531479591796,"MTND4P12"
"ENSG00000247675.7",7.55007426258928,-0.0179684559622774,0.158911988085824,-0.113071746057152,0.909973674690708,0.95219922210815,"LRP4-AS1"
"ENSG00000247679.3",141.769495054691,-0.214518643256638,0.0950300568947055,-2.25737677390141,0.0239845417551502,0.0958281581499393,"AC139795.2"
"ENSG00000247699.2",6.79112967013108,-0.365655232818526,0.245632125147462,-1.48862952107347,0.136584953415537,0.298439512637885,"FABP6-AS1"
"ENSG00000247708.8",179.622955219491,-0.0472783327241651,0.0932248738432738,-0.507142898403357,0.612054557064522,0.763560249123136,"STX18-AS1"
"ENSG00000247735.2",36.1568562334929,-0.0126994160881279,0.113257319515954,-0.112128877342351,0.910721220994219,0.952371191084604,"AC120114.1"
"ENSG00000247746.4",175.639906304659,-0.12058306698295,0.108892785274471,-1.1073558884458,0.268140089657319,0.459934227885811,"USP51"
"ENSG00000247763.2",2.42316211409463,0.227613429264503,0.201455573469877,1.12984428945838,0.25854184217516,0.449531729242615,"TUBAP14"
"ENSG00000247774.7",376.911817137701,-0.0700263770740769,0.105819012193761,-0.661756102446453,0.508127543324551,0.683656912503709,"PCED1B-AS1"
"ENSG00000247796.3",110.47805071927,0.0947169369472295,0.0882945215655361,1.07273854898151,0.283388439195243,0.475858743437092,"AC008966.1"
"ENSG00000247809.9",70.7119649468825,-0.123935412144552,0.14538646448596,-0.852454955712333,0.393961629513103,0.584752375160078,"NR2F2-AS1"
"ENSG00000247810.8",0.687544446621026,0.639667732895128,0.737529392209542,0.867311512804618,0.38577135033267,0.577157487378132,"AL136537.1"
"ENSG00000247828.8",572.795697556001,-0.424131456242786,0.137439989038601,-3.08593924671854,0.00202910276647024,0.0180338810475423,"TMEM161B-AS1"
"ENSG00000247853.2",11.2694388701681,-0.123155899249606,0.134509605822192,-0.915591853063683,0.359881005955572,0.553035694958637,"AC006064.2"
"ENSG00000247877.7",6.05238716800397,0.0388055113271705,0.197476161047175,0.196507320789471,0.844213103213731,0.915398216691465,"AC021086.1"
"ENSG00000247903.1",52.6476293415218,-0.428050908132125,0.150786101236734,-2.83879551643878,0.00452841660588072,0.0312844870057692,"AC024896.1"
"ENSG00000247911.3",2.16214090216075,-0.761769368785636,0.49682334779822,-1.5332801329921,0.125206847500564,0.282706786967533,"HMGN1P12"
"ENSG00000247925.2",6.33333173993239,-1.28324153620375,0.232635263217669,-5.51610928822542,3.46586778092211e-08,6.1377200016085e-06,"AL139807.1"
"ENSG00000247934.4",84.2751805906876,-0.149649713492098,0.0895831697526589,-1.67051148006131,0.094818210006053,0.236522921789793,"AC022364.1"
"ENSG00000247950.7",68.1488322557702,-0.0878050239418314,0.0919618160423393,-0.954798716691349,0.339679496508869,0.533064629212679,"SEC24B-AS1"
"ENSG00000247982.6",153.13322827479,-0.464518613967704,0.149879299370355,-3.09928466385387,0.00193988535949342,0.01753110838046,"LINC00926"
"ENSG00000248008.3",572.171273189871,0.0287024052130638,0.0649181992855389,0.442131875636568,0.658393779378046,0.796710794781859,"NRAV"
"ENSG00000248015.7",4.04286207299487,-0.0812989660147774,0.221248218825779,-0.367455911944747,0.713278972263194,0.834464713738088,"AC005329.1"
"ENSG00000248019.3",168.98510911067,-0.318918816416481,0.153950477987274,-2.07156756241344,0.0383057876151658,0.130667478183577,"FAM13A-AS1"
"ENSG00000248027.1",12.3561024146625,-0.214071820929561,0.151504026325703,-1.41297776779443,0.157662261123217,0.327656033681352,"ARHGAP42-AS1"
"ENSG00000248049.7",351.50951568031,-0.0555807326797787,0.076142572843019,-0.729956062745186,0.465417041891282,0.647140393237824,"UBA6-AS1"
"ENSG00000248050.1",4.94674606416896,-0.176008171116964,0.241377344782421,-0.729182646679699,0.465889944783492,0.647554541463567,"AC079061.1"
"ENSG00000248079.3",9.96668576556201,0.110661732665127,0.154425889676225,0.716600907381166,0.473620384445996,0.654059555368013,"DPH6-DT"
"ENSG00000248092.8",844.494718086695,-0.179769827260251,0.0829334066153673,-2.1676406962757,0.0301860348332865,0.111131727563633,"NNT-AS1"
"ENSG00000248098.12",9.9110349391598,-0.0566812404717889,0.0943077894844599,-0.60102395339389,0.54782403227801,0.714433219203141,"BCKDHA"
"ENSG00000248099.4",18.3859013250177,0.17782752648228,0.135472999665594,1.31264183210851,0.189303666640805,0.367856590992373,"INSL3"
"ENSG00000248100.2",3.21659356215984,-1.99225552098312,0.438190771813316,-4.5465483281147,5.45328525038144e-06,0.000255353341548452,"AC087257.1"
"ENSG00000248103.1",5.00760733016078,0.130612008385531,0.335429352142949,0.389387534367797,0.696989491992741,0.823045036963308,"AC008443.2"
"ENSG00000248112.1",1.96988032520575,-0.0541434073287168,0.326918902410811,-0.165617243082137,0.868458176680345,0.929577484446333,"AC108174.1"
"ENSG00000248115.1",7.25116781350873,-1.20174937604148,0.251311898621957,-4.78190401103629,1.73642595739596e-06,0.000112254037669095,"AC023154.1"
"ENSG00000248118.2",0.808780253665872,0.894157475264167,0.442713738068301,2.01971928670128,0.0434125133832915,0.142171829232754,"LINC01019"
"ENSG00000248124.8",206.603267128279,-0.283143001161909,0.116254070366595,-2.4355534414326,0.0148690280241318,0.0699580407855418,"RRN3P1"
"ENSG00000248125.2",2.08484249005361,-0.639585342672286,0.409913565909018,-1.56029318340307,0.118690613516402,0.272964785356962,"AC008700.1"
"ENSG00000248126.1",8.23070263827022,-0.162966402634141,0.15777006374929,-1.0329361525334,0.301633778797571,0.49453901786586,"AC091849.1"
"ENSG00000248131.6",29.6872867576793,-0.454479977301864,0.594597390375082,-0.764349095133381,0.444659235595531,0.629489862405917,"LINC01194"
"ENSG00000248138.5",1.90615788563037,0.120239425513126,0.344093326486858,0.349438411784248,0.726760200163454,0.843037780705964,"AC097515.1"
"ENSG00000248144.6",405.313858575774,-0.757483373308241,0.255500839817173,-2.96470013112391,0.00302978100961125,0.0237789955570456,"ADH1C"
"ENSG00000248152.2",3.34683328435534,-1.67291546146528,0.70793933194297,-2.36307743613268,0.0181238821772734,0.0800900463668653,"ANK2-AS1"
"ENSG00000248155.1",1.70921659341274,-2.34313319000755,0.655944681823824,-3.57215060192664,0.00035406169222452,0.00538500498822793,"CR545473.1"
"ENSG00000248161.5",30.899917495499,0.355385514164142,0.103198228146627,3.44371720858619,0.000573775499937094,0.00739555080116364,"AC098487.1"
"ENSG00000248165.1",2.26203944476788,-1.0915499754499,0.401903103233151,-2.71595309085403,0.00660852808254399,0.0405265129613914,"AC110760.1"
"ENSG00000248180.1",10.1853065047536,0.544161324728942,0.169278243514528,3.21459694660784,0.00130627796419647,0.0132416470076061,"GAPDHP60"
"ENSG00000248187.1",6.40196667531907,-0.284985420920041,0.192250683996389,-1.48236362542874,0.138243567102294,0.300537717280266,"AC078850.1"
"ENSG00000248191.1",0.680813591974117,-0.316212683798235,0.792359320587511,-0.399077382675038,0.68983618691373,0.818483111189945,"PES1P1"
"ENSG00000248192.1",1.22074497051122,-1.00666178981422,0.90418960379599,-1.11333041829726,0.26556654692855,0.457246310167556,"ATG10-AS1"
"ENSG00000248196.1",2.86127652316139,-0.0493926102045771,0.266827321568886,-0.1851107671964,0.853142156553922,0.921326008555521,"AC092658.1"
"ENSG00000248200.2",1.19490716192836,-0.59504371200535,0.560213826025872,-1.06217248550711,0.288157388273352,0.480617871904538,"AC093770.1"
"ENSG00000248202.2",6.14964658810983,-0.301551847589094,0.20249556912219,-1.48917751087744,0.136440631186178,0.298280775762127,"LINC02234"
"ENSG00000248206.2",14.2436730571115,-0.480716134868399,0.183631543576401,-2.61782984287988,0.00884909190988335,0.0494414531225149,"AC074194.1"
"ENSG00000248208.1",4.08457053070651,0.022222592357451,0.149184306610743,0.148960657205284,0.88158467753514,0.936886410529199,"WDR45P1"
"ENSG00000248213.3",10.9423163465499,-0.306026048023137,0.144955645422864,-2.11117026267172,0.0347576798637492,0.12211771166144,"CICP16"
"ENSG00000248215.6",1.73241044415973,-0.0193159145681821,0.56455186969592,-0.0342145967536801,0.972706026829907,0.986466410232675,"LINC02505"
"ENSG00000248216.1",1.89183884631432,-1.76034665816344,0.629569906074002,-2.79610991754826,0.0051721806348545,0.0343022728837074,"KCTD9P5"
"ENSG00000248221.1",2.07660355335295,-1.57723350066913,0.492904303033206,-3.19987772669713,0.00137485901058314,0.0136963438178769,"STX18-IT1"
"ENSG00000248222.5",3.41755331997196,-1.41407803406009,0.456493045628937,-3.09769896299697,0.00195029430476886,0.0175869849102572,"SLIT3-AS1"
"ENSG00000248228.2",1.78511004254148,-1.41931313035888,0.443709583695216,-3.19874346309772,0.00138027932546143,0.0137380088438229,"SLIT2-IT1"
"ENSG00000248231.1",0.824407932747264,-0.1410202739167,0.586862014787235,-0.240295453383239,0.810101219447536,0.895587630308718,"KRT8P4"
"ENSG00000248238.2",3.73598035164674,0.295571692801651,0.517300715673291,0.571373059897957,0.567746786729127,0.729496884356946,"LINC02438"
"ENSG00000248240.1",5.63541955767349,-0.30466731748686,0.178710548087687,-1.70480881373253,0.0882300871925552,0.225748869728077,"AC114956.1"
"ENSG00000248243.1",37.5922911475885,-0.0696417233852874,0.160928737024936,-0.432748834501178,0.6651972480037,0.801970377613151,"LINC02014"
"ENSG00000248245.1",4.18615452519153,-0.103278950196781,0.236027293000266,-0.437572065857079,0.66169652450123,0.79928388325301,"AC010307.2"
"ENSG00000248254.1",5.90436678767837,-0.445840276085378,0.205382464425231,-2.1707806327725,0.0299477586176176,0.110525521301002,"AC107398.2"
"ENSG00000248256.1",9.17120137310187,-0.0579602771101977,0.130964689625615,-0.442564154321954,0.658081017151195,0.796506027702576,"OCIAD1-AS1"
"ENSG00000248265.2",14.56339731778,-0.379909365562256,0.197371543784592,-1.92484366427656,0.054248919528899,0.164238831752243,"FLJ12825"
"ENSG00000248268.1",7.99409659339524,0.137849413693333,0.353255055313417,0.390226301421304,0.696369214512927,0.822718958792721,"AC010275.1"
"ENSG00000248275.2",333.562299910861,0.0980285898217386,0.0896207459555847,1.09381582106358,0.274035763845061,0.466646562895725,"TRIM52-AS1"
"ENSG00000248278.1",11.2916939566772,0.0267473309639886,0.088826806064879,0.301117783571464,0.763324680671035,0.866807354856938,"SUMO2P17"
"ENSG00000248283.2",3.42670313405809,-0.329550469782613,0.29482562687287,-1.11778095166984,0.263660558843429,0.455269487348907,"CCNL2P1"
"ENSG00000248290.1",7.8516729578753,-0.423270506465724,0.199532910184978,-2.12130673618367,0.0338959978727287,0.120067544792758,"TNXA"
"ENSG00000248300.1",0.950549982904052,-0.229138130935732,0.480574038465235,-0.476800893505421,0.633503909421882,0.778627803167565,"LINC02360"
"ENSG00000248309.7",41.5260421572068,-0.16003977857062,0.166246944078137,-0.962662979810327,0.335716680601411,0.529014362327848,"MEF2C-AS1"
"ENSG00000248318.1",9.31733363544909,-1.20652870153893,0.237080397890126,-5.08911201548639,3.59744077522278e-07,3.56457130147298e-05,"AC104958.1"
"ENSG00000248323.7",855.276778395908,-0.0237572147140988,0.213739584389311,-0.111150280290743,0.911497177815654,0.952881042003189,"LUCAT1"
"ENSG00000248329.6",37.5265875523398,-0.178039649193481,0.243007830306783,-0.732649844940042,0.463772021585572,0.645862515534872,"APELA"
"ENSG00000248333.9",1332.35240468136,0.0295836872591792,0.0607110426449745,0.487286759876262,0.626055129161157,0.773844391015044,"CDK11B"
"ENSG00000248334.6",62.6287302921867,-0.289778226664113,0.118585591700235,-2.44362086919146,0.0145406979913093,0.0688363463324989,"WHAMMP2"
"ENSG00000248335.1",1.15232958328134,-2.22157556569105,0.972710471741007,-2.28390217873851,0.0223772805678493,0.0915354222810426,"AC096733.1"
"ENSG00000248340.2",1.70104018315509,-0.380128760535978,0.600783594694518,-0.632721605404794,0.526915458362621,0.698107561258885,"PIMREGP4"
"ENSG00000248347.3",20.3182559091474,-0.102489311765394,0.277129654267443,-0.369824413184188,0.711513323794383,0.833288902134219,"AC120036.1"
"ENSG00000248360.7",20.2837080160534,-0.214353008516046,0.19001847254165,-1.12806405424116,0.259292868498049,0.450401827333617,"LINC00504"
"ENSG00000248362.1",2.9542247904284,-0.119800662229132,0.299062145559381,-0.40058785108042,0.688723591705649,0.817632097370425,"AC011352.1"
"ENSG00000248363.5",2.05628722770204,-1.15779729236799,0.572681620550067,-2.02171197891057,0.0432061156202526,0.141776188384099,"AC016550.2"
"ENSG00000248367.1",29.9113373966029,0.093884372063376,0.130401279848492,0.719965112094427,0.4715464763997,0.65225795998069,"AC008610.1"
"ENSG00000248373.6",2.60432496939371,-0.296579429685054,0.418311458154772,-0.708991886077675,0.478329512036955,0.658412554026806,"AC096577.1"
"ENSG00000248374.1",2.73052797486084,-0.240763653599245,0.371026672011122,-0.6489119833197,0.516395268674184,0.690507992542883,"AC073358.1"
"ENSG00000248383.5",175.235654554346,0.363638720420896,0.166749967290319,2.18074237932405,0.0292024765859935,0.108770495597656,"PCDHAC1"
"ENSG00000248388.5",2.66639410612385,0.678341821991332,0.294808620291099,2.30095653689341,0.0213940879063773,0.0888232159455066,"AC093801.1"
"ENSG00000248393.1",0.704739442356946,-1.78461124478152,1.03654961060627,-1.72168435212447,0.0851267134490663,0.220651365813481,"AC026782.1"
"ENSG00000248399.1",8.85882997763179,-0.683628818946629,0.238581006750657,-2.86539497949682,0.00416489395275732,0.0295560587316296,"AL645924.1"
"ENSG00000248401.2",1.62379637523697,-0.167881123563141,0.311564667120175,-0.538832355783099,0.59000253565835,0.74673843070418,"AC114781.1"
"ENSG00000248405.10",10.4350779388767,-0.364162845405512,0.176983189239354,-2.05761262959848,0.0396273333199203,0.13380454444423,"PRR5-ARHGAP8"
"ENSG00000248409.2",10.3029393294111,0.457068799455563,0.244046431723532,1.87287638761034,0.0610854564972693,0.177974805562579,"AP000344.2"
"ENSG00000248415.1",8.50033219933539,-0.51361582265527,0.197503011844241,-2.60054678589068,0.00930753264982483,0.0511092997708425,"GAPDHP61"
"ENSG00000248416.1",2.4943464331384,-0.198837854488737,0.262848749995226,-0.756472513155756,0.449365946357814,0.633338054015109,"AC107464.1"
"ENSG00000248423.1",1.21682229012415,-0.83503318068933,0.64417601627568,-1.29628107782884,0.19487866522768,0.374472909691207,"AC100850.1"
"ENSG00000248429.5",71.1819250136126,-0.221978346569313,0.161922547153786,-1.37089213621676,0.170408583101456,0.344090360363401,"FAM198B-AS1"
"ENSG00000248431.2",0.545563146927486,-0.177540253168268,0.588135315189025,-0.301869737428039,0.762751366221777,0.866435542467467,"AC021134.1"
"ENSG00000248432.1",0.655994974992567,0.745088537391987,0.58883581568725,1.26535872571265,0.205742763808713,0.38706494049152,"AC139718.1"
"ENSG00000248441.7",39.0645813919718,0.0989366536423322,0.158982819601876,0.622310347055669,0.533737818774182,0.702872397324509,"LINC01197"
"ENSG00000248445.5",24.3013007749344,-0.448927376373175,0.154850325826297,-2.89910514542124,0.00374229373616669,0.0274553074830757,"SEMA6A-AS1"
"ENSG00000248449.2",11.5962068915251,-0.176210997915352,0.222046175346393,-0.793578171929609,0.427441044048261,0.614668049390927,"PCDHGB8P"
"ENSG00000248458.2",5.04019741955114,-0.684990059079909,0.257526430322323,-2.65988255350167,0.00781679036586489,0.0453624545321143,"AL139147.1"
"ENSG00000248459.1",2.18730576371315,0.00539278066060792,0.255834595967846,0.0210791689067952,0.983182502007565,0.991791932214468,"AC083906.1"
"ENSG00000248461.3",0.436210428381835,-0.216193943691008,0.652409766996705,-0.331377540048539,0.740359327871232,0.851853598288231,"LINC02119"
"ENSG00000248468.2",3.71929414918888,-0.000291755134340127,0.155992675401174,-0.00187031303610767,0.998507706974646,0.999192560067343,"AC107027.1"
"ENSG00000248473.2",6.66885297985881,-0.106373761429946,0.14363648672138,-0.740576185466615,0.458950451880638,0.641560357288593,"LINC01962"
"ENSG00000248474.1",14.0469387469947,-0.348830861202057,0.346248377979533,-1.00745847023918,0.313714505378936,0.507779016852261,"LINC02122"
"ENSG00000248475.5",1.58239284672206,-1.17871604022564,0.318183646459848,-3.70451484021943,0.000211795709000276,0.00375469357813962,"AC016642.1"
"ENSG00000248476.1",16.1095635409772,-0.596920200979076,0.160009769876245,-3.73052346391566,0.000191082345680426,0.00346717034104858,"BACH1-IT1"
"ENSG00000248483.7",10.6498332015376,-1.21028624379961,0.241900962022765,-5.00323038684613,5.63774958524747e-07,4.78820400361337e-05,"POU5F2"
"ENSG00000248485.2",864.31052488288,-0.109696645485086,0.219869171913544,-0.49891780885144,0.617837287459531,0.767588468576606,"PCP4L1"
"ENSG00000248487.9",243.892298594752,0.0307319302063773,0.0908653914653304,0.338213809579008,0.735202069891447,0.848690493148502,"ABHD14A"
"ENSG00000248489.2",25.0728067510337,-0.106556761712232,0.114998867043443,-0.926589665200595,0.354139622815547,0.547523472759264,"LINC02062"
"ENSG00000248491.6",7.73277520384877,-0.378723073616108,0.218704708870365,-1.73166401204737,0.0833334017567909,0.217577255868094,"AC093772.1"
"ENSG00000248494.1",4.33713828727745,0.346346755437449,0.213831157068521,1.61972071884016,0.105292283467712,0.252666570094459,"LNX1-AS2"
"ENSG00000248498.4",9.85434464712649,0.25230560761837,0.528332273466787,0.477551003959689,0.632969810721387,0.778164170759836,"ASNSP1"
"ENSG00000248503.2",23.455357224577,-0.217438649338991,0.0962471110058295,-2.25917066046607,0.023872771114926,0.0955646600713206,"AL356235.1"
"ENSG00000248508.8",222.058650806751,-0.112903110703689,0.0906294427004817,-1.24576635737262,0.21285018402224,0.395624228263312,"SRP14-AS1"
"ENSG00000248510.2",5.57320093096698,0.61036283878144,0.734017693366671,0.831536956530201,0.405670359768279,0.595250750719815,"LINC02267"
"ENSG00000248514.1",2.59705731085403,0.168171978482621,0.23394948352732,0.718838853358625,0.472240215241412,0.652919164702339,"AC008443.3"
"ENSG00000248515.2",5.52824138293489,0.206068275833409,0.481912201984526,0.427605433074353,0.668938409720417,0.804761381615302,"AC024230.1"
"ENSG00000248517.1",0.46144909375856,0.180048931785841,0.660916067152924,0.272423293568048,0.78529656408478,0.880696936560069,"LINC02437"
"ENSG00000248521.1",1.75439105061191,-1.11653291875511,0.563492991691666,-1.98144952149832,0.047540884905687,0.150726471875539,"AC092612.1"
"ENSG00000248527.1",13578.2730813401,-0.00714962999869444,0.128603613609155,-0.0555943165051581,0.95566499227612,0.97721489055089,"MTATP6P1"
"ENSG00000248537.1",1.27452605073701,0.0829112971751282,0.387186374121502,0.214137951944326,0.830439480781654,0.907616756406789,"AC091906.1"
"ENSG00000248538.8",93.5427401736978,0.606466149470291,0.193896772309104,3.12777846814016,0.00176132882468766,0.0163752919744,"AC022784.1"
"ENSG00000248540.3",20.3058871445066,0.12455663756426,0.164207384668539,0.758532497278874,0.448132266046588,0.632463198405843,"AC010931.1"
"ENSG00000248544.2",6.05982594952247,-0.521955135326838,0.190820148127006,-2.73532507154032,0.00623186994560831,0.0389263876358607,"AC008676.1"
"ENSG00000248545.3",12.4528696303469,-1.45134658730756,0.26069164538127,-5.56729228965095,2.58728201150432e-08,5.05665339510882e-06,"AC105290.1"
"ENSG00000248550.4",0.919249295181134,-0.232033718533396,0.425530260447864,-0.545281358578787,0.585560023050937,0.743115788650593,"OTX2-AS1"
"ENSG00000248551.1",4.55779330320838,0.0123650967096124,0.399502632326064,0.0309512271236307,0.975308436134137,0.987799177998628,"AC095050.1"
"ENSG00000248553.1",1.183953864535,-1.06287024190939,0.804355568977603,-1.32139352657231,0.186370183382571,0.364367990801336,"OR52H2P"
"ENSG00000248554.1",5.75243132534046,-0.195733786842827,0.158929232743687,-1.23157825318704,0.218106668583751,0.40200549837562,"C5orf34-AS1"
"ENSG00000248555.7",0.858102564951371,-1.33417595962454,0.613469737229117,-2.17480321955353,0.0296448657316148,0.109797142596802,"LINC01339"
"ENSG00000248557.1",13.4422740841995,-0.215178379869432,0.146998533997763,-1.46381310083478,0.143245021894393,0.308120732087862,"AC024558.1"
"ENSG00000248559.1",11.3630220017658,-0.0731817411441345,0.101406730089044,-0.721665525353931,0.470500142486933,0.65135187508077,"AC109454.2"
"ENSG00000248568.1",16.6283438408711,0.389965846716515,0.195534233812099,1.99436098279986,0.0461126192294355,0.147869342999528,"KRT8P48"
"ENSG00000248569.1",20.1603730292871,0.0367777967580816,0.0979622647363813,0.375428200410143,0.707342035223638,0.830388514806672,"AC026410.3"
"ENSG00000248571.1",17.2088640810956,-0.473021404299476,0.221565147299789,-2.13490889728904,0.0327684524291857,0.117345389558447,"AC106882.1"
"ENSG00000248576.1",2.92313811612406,-0.227242269966009,0.237894383758329,-0.955223349017181,0.33946476052553,0.532879979896497,"AC023794.1"
"ENSG00000248578.1",4.87520334372617,-0.112012887296816,0.17390290450312,-0.64411165309091,0.519503034351329,0.692830256475678,"NPM1P21"
"ENSG00000248585.2",2.16779038503201,-0.902955979951783,0.398393608978954,-2.26649213140235,0.0234212683840184,0.0942256120767293,"AC084024.2"
"ENSG00000248587.8",9.09932447362707,-0.635629412411775,0.231769448140573,-2.74250733869916,0.00609720874419201,0.0384022646084723,"GDNF-AS1"
"ENSG00000248590.2",1.73289004382048,-0.782727084879711,0.334031179810646,-2.3432755149487,0.0191152615280795,0.0827503373893311,"GLDCP1"
"ENSG00000248592.7",12.4231751107919,-0.368435886801803,0.13962343713984,-2.63878253070648,0.00832043364458541,0.0474092413707311,"STIMATE-MUSTN1"
"ENSG00000248593.3",370.532509577081,-0.00343010230029893,0.0860432700645504,-0.0398648528551465,0.968200872174597,0.983954900490928,"DSTNP2"
"ENSG00000248599.2",8.55836215871321,0.0367763054966994,0.220861508214467,0.166512969118131,0.867753277766486,0.9294504995232,"FLJ42969"
"ENSG00000248608.2",58.0480744206082,-0.623802282795558,0.228743993924488,-2.72707611724872,0.00638982970868834,0.0396826343288599,"AC133963.1"
"ENSG00000248610.1",9.74029249367618,-0.492397567216427,0.174287896149925,-2.82519657471143,0.00472516174746034,0.0321444237961171,"HSPA8P4"
"ENSG00000248626.1",10.3103343740103,0.448054053311225,0.151914857278957,2.94937612644744,0.00318416191800945,0.0246592934952986,"GAPDHP40"
"ENSG00000248629.1",1.42670832536011,-0.606355189634212,0.744402611182614,-0.814552744073412,0.415328369457426,0.60408595038646,"AC092608.1"
"ENSG00000248636.7",34.4052725053217,-0.0583574649886398,0.140667011071784,-0.414862479439896,0.67824257818478,0.811089445240872,"AC002070.1"
"ENSG00000248641.1",9.20665203328636,0.142606947199817,0.147345583318232,0.967839985348048,0.333124290766687,0.52676636963927,"HMGA1P2"
"ENSG00000248643.5",25.0960948675477,-0.32781687614673,0.153478086500265,-2.13591974999092,0.0326859554938621,0.117112948370335,"RBM14-RBM4"
"ENSG00000248648.1",5.9776894379558,-0.265317925481879,0.138456107537955,-1.91626017948792,0.0553319867569754,0.166320678503068,"AC113410.1"
"ENSG00000248663.6",17.8222470117953,0.28726970772542,0.250615669951211,1.14625596947447,0.251689255563517,0.441891717226523,"LINC00992"
"ENSG00000248667.1",0.424167353170685,-0.461536426909031,0.773437609102563,-0.596733881928191,0.550685067622815,0.716226187841486,"AC010486.1"
"ENSG00000248668.3",8.26780126335341,-0.430886772603655,0.152177817530868,-2.83146899853687,0.00463347250321126,0.0317542610229338,"OXCT1-AS1"
"ENSG00000248671.8",42.4837347709634,-0.0660292325046204,0.0884718315435557,-0.746330570449572,0.455467748807083,0.638667723583128,"ALG1L9P"
"ENSG00000248673.2",11.6625168572848,-0.486519777519816,0.240188127885709,-2.02557795758882,0.0428080522395436,0.14072918609364,"LINC01331"
"ENSG00000248677.2",7.72469574475364,-0.303540339303807,0.163069480001825,-1.8614172271869,0.0626852796557917,0.180847575006956,"LINC02102"
"ENSG00000248682.1",0.979731353572939,0.204365120244329,0.685644680945233,0.298062722462297,0.765655292286272,0.868382110410081,"ARHGAP22-IT1"
"ENSG00000248685.6",6.56032866860419,-1.02813856816679,0.806601706265991,-1.27465459120631,0.202431525838341,0.383342971943341,"LINC02484"
"ENSG00000248690.8",16.238928284673,0.170462006523716,0.159481490268118,1.06885135219854,0.285136655656196,0.477589911795629,"HAS2-AS1"
"ENSG00000248693.1",8.73494141473845,0.193397564453717,0.181619614772742,1.06484954665118,0.286944019682897,0.479363101375016,"LINC02100"
"ENSG00000248696.1",1.89414903125475,-1.70887953422535,0.473767448166367,-3.60700073599245,0.000309756782163468,0.00489916035561441,"AC011406.1"
"ENSG00000248698.6",1.15730798186548,0.516739118367643,0.267297958327619,1.93319515644894,0.0532121612156703,0.162248601827394,"LINC01085"
"ENSG00000248705.1",1.29428145535817,-0.0418456447681222,0.483456714055292,-0.0865551011115679,0.931025156019969,0.963495711024613,"AC114812.4"
"ENSG00000248711.1",1.41334659374944,-0.297979864009647,0.688255899358855,-0.432949233398842,0.665051651463747,0.801871912874658,"THUMPD3P1"
"ENSG00000248712.7",129.590923281235,-0.293328139098983,0.129725884963488,-2.26113808498237,0.0237507076602342,0.0952460021840733,"CCDC153"
"ENSG00000248713.1",48.3024391266179,0.210865147951793,0.272496159916591,0.773827961525539,0.439032534799842,0.624378905642509,"C4orf54"
"ENSG00000248714.7",10.0208352223689,-0.302616612204445,0.138251237760003,-2.18888899012805,0.0286049094964221,0.107294192413743,"AC091180.2"
"ENSG00000248719.2",4.84548812042167,0.403529918204022,0.217078951674348,1.85890854498588,0.0630401026956237,0.181383989201054,"AC021127.1"
"ENSG00000248727.6",95.986064786891,-0.0677600783346042,0.13222071830396,-0.512477009683398,0.608317206469758,0.760807842035975,"LINC01948"
"ENSG00000248734.2",41.7106435933302,-0.308837501248472,0.131815382523273,-2.34295493694709,0.0191316936784967,0.0828070043731396,"AC008906.1"
"ENSG00000248738.6",11.9749632208438,-0.582028832558429,0.243977451952011,-2.38558451980599,0.017052003568051,0.0766557324859736,"AC037441.1"
"ENSG00000248740.6",12.0756522674611,-0.357512176409165,0.356448366988292,-1.00298446989633,0.315868354421372,0.509926059436103,"LINC02428"
"ENSG00000248746.6",4.31675485143617,-0.373382999268336,0.1566094054923,-2.38416714561052,0.0171178255563837,0.0768685953936716,"ACTN3"
"ENSG00000248752.3",3.84155668690645,-0.580716080177551,0.275239475928803,-2.10985752758723,0.0348706295578946,0.122335070017107,"AC116362.1"
"ENSG00000248758.1",1.69359163696557,-0.822447138850586,0.421629472024742,-1.95063958622495,0.0510999346605052,0.157934471282232,"AC008883.1"
"ENSG00000248762.2",0.948644316427049,1.56567523375496,0.944787002003753,1.65717270711218,0.097484562827532,0.240578387817733,"AC012339.1"
"ENSG00000248767.2",0.806650249825967,0.00692260900724835,0.480206405957255,0.0144159030811941,0.988498171884519,0.994169552614426,"FOXL3"
"ENSG00000248771.5",197.445380990048,0.105122746225319,0.258231034965214,0.407087963844005,0.683943383174911,0.814852358896596,"SMIM31"
"ENSG00000248773.1",9.46305043867705,-0.677759613889124,0.198553080282477,-3.41349332342208,0.000641357299994332,0.00800026548846433,"AC108727.1"
"ENSG00000248774.1",5.00647935062872,-0.0813944172147554,0.162223160834848,-0.501743504416238,0.615847958119481,0.766196788851715,"AC097534.1"
"ENSG00000248780.1",9.24528307726531,0.0570753138597902,0.125987833321765,0.453022425697436,0.650532593352378,0.791050864914011,"ARL4AP2"
"ENSG00000248783.1",7.78567403501381,-0.109985469415139,0.662479175299514,-0.166021021514243,0.868140406969544,0.929572902964213,"AC106771.1"
"ENSG00000248785.1",3.00556181270086,-0.588256853466773,0.255858219884601,-2.29915166974934,0.0214963283218415,0.0891143392876442,"HIGD1AP14"
"ENSG00000248787.2",10.7013142511002,0.109644831609307,0.148420149797006,0.738746266994529,0.460061085448622,0.642456848196006,"AC092903.2"
"ENSG00000248791.1",8.99728927874625,-1.13186417704813,0.253415180452506,-4.46644188807885,7.95312524252035e-06,0.000338165260152273,"AC010627.1"
"ENSG00000248794.1",18.1313142232095,-0.0163835443443476,0.123805943271176,-0.132332454415878,0.894721338187762,0.944412577082966,"AC026436.1"
"ENSG00000248795.1",2.77769735654746,-0.0740256976272134,0.187880508059762,-0.394004138011311,0.693577984156887,0.821028850776517,"AC098859.1"
"ENSG00000248801.7",338.928520384049,-0.215330171079698,0.210025740309023,-1.02525609843284,0.305242364654382,0.498549550943796,"C8orf34-AS1"
"ENSG00000248802.1",2.1662289104157,-0.240128806063867,0.299149689049305,-0.802704515010507,0.422145542682561,0.609845159790442,"AC078850.2"
"ENSG00000248803.1",1.30380296772448,-0.672128525966894,0.791939213613501,-0.848712267826809,0.396041418177569,0.586565547194528,"AC092349.1"
"ENSG00000248807.1",0.785796667299527,0.152920917894513,0.824574952737606,0.185454236011915,0.852872771936507,0.921128047624802,"KRTAP9-12P"
"ENSG00000248810.2",32.0084576549994,0.00740669018640393,0.19961868239494,0.0371041933427353,0.970401928528461,0.985107677963717,"LINC02432"
"ENSG00000248822.1",1.94058610431827,-0.558023212602625,0.450693238969607,-1.23814418400951,0.215662603285069,0.399093421379627,"APOBEC3AP1"
"ENSG00000248837.7",5.80097520932434,0.0144971723132872,0.400057016287477,0.0362377654260904,0.971092773297949,0.985484670923718,"AC097512.1"
"ENSG00000248840.2",3.33720111698804,-0.0865808323291288,0.216174281827349,-0.400514027835549,0.688777953509534,0.817667477489496,"AL645949.1"
"ENSG00000248844.6",0.876217776798207,-1.14985032922055,0.603663484107083,-1.90478695414444,0.056807770385924,0.169304547440567,"LINC02753"
"ENSG00000248846.3",7.20499701393659,0.367432867399047,0.244882609902653,1.50044491744477,0.13349919171484,0.294636300282543,"LINC02065"
"ENSG00000248858.7",41.2449143221069,-0.156626460833933,0.145012638907317,-1.0800883427412,0.280102842413394,0.472654025974106,"FLJ46284"
"ENSG00000248859.2",1.1088314315018,0.881303100032508,0.546882628324943,1.61150318987434,0.107070092518473,0.255451991999563,"LINC01574"
"ENSG00000248863.2",5.95856815639776,-0.758553757754655,0.239141922333772,-3.17198151771958,0.0015140264225886,0.0146743760370429,"AC097376.2"
"ENSG00000248866.1",75.6482103594805,-0.0495437032883598,0.0657464554521116,-0.753557023685429,0.451115258352724,0.634729959273824,"USP46-DT"
"ENSG00000248869.7",0.875647548685841,-0.609339959184372,0.435849730074669,-1.39805055994868,0.16209788487529,0.333284289396659,"LINC02511"
"ENSG00000248870.1",2.12750192657176,-0.658871176756464,0.363444608805237,-1.81285169952691,0.0698546975649486,0.193773741545562,"AC026782.2"
"ENSG00000248874.5",17.3112766381544,-0.0374194113326153,0.33097604785095,-0.113057762262805,0.909984761055327,0.95219922210815,"C5orf17"
"ENSG00000248885.1",2.90666485094429,-1.33156649240233,0.359392617722931,-3.70504686723668,0.000211351649855864,0.00374881751659631,"AC118465.1"
"ENSG00000248890.2",164.289439058099,-0.123855763060718,0.203213370927163,-0.60948628771633,0.542202158974773,0.710131254081318,"HHIP-AS1"
"ENSG00000248896.3",18.8141983284165,-0.280797699401714,0.141393481752771,-1.98593100559398,0.0470409853875489,0.149698714736587,"AC105001.1"
"ENSG00000248898.3",39.3060434682681,0.0451467806673369,0.168659397991635,0.267680195737305,0.788945495197851,0.883017613929563,"AC022126.1"
"ENSG00000248905.10",1212.7534242001,-0.108091681034731,0.125798481326,-0.859244721362074,0.390205514855628,0.581161843237432,"FMN1"
"ENSG00000248909.1",1.94665090230858,-0.590847935796501,0.325312992859429,-1.81624450533954,0.0693328738237556,0.192932569589681,"HMGB1P21"
"ENSG00000248923.1",40.5681361489205,-0.21218578061995,0.174373867071812,-1.21684392382356,0.22366360451988,0.408398217932904,"MTND5P11"
"ENSG00000248925.1",7.23040271232632,-0.191791087981103,0.14551218556318,-1.31804142202118,0.187489782019747,0.36561221301373,"AC021087.1"
"ENSG00000248927.1",7.90863387817285,0.114975090096043,0.158445841848773,0.725642836407025,0.468057753574496,0.649374788088331,"AC114284.1"
"ENSG00000248930.1",2.40076749918578,-0.655050419278222,0.473652430675267,-1.38297700350517,0.16667191726204,0.338850033060888,"CHP1P1"
"ENSG00000248932.6",146.696555687781,0.041902944142425,0.098626446832811,0.424865190707496,0.67093495133749,0.805940154960278,"AC046134.2"
"ENSG00000248935.1",0.892337047692597,-0.869684785887833,0.557092920447099,-1.56111261509096,0.118497182111286,0.272749224886973,"AC034234.1"
"ENSG00000248936.1",7.17357453481356,-0.328404854282646,0.156315209316808,-2.10091427262883,0.0356484922994389,0.12444639342825,"AC027607.1"
"ENSG00000248942.3",1.28429576663774,-0.686321604870119,0.415867402114052,-1.6503375868876,0.0988739086999603,0.24268718979267,"LINC01335"
"ENSG00000248954.1",2.9728904113603,-0.553955092935696,0.236195738654728,-2.3453221302416,0.0190106468802812,0.0824545943961963,"AC027801.2"
"ENSG00000248964.7",4.26561612174772,0.588596396648602,0.223472187710747,2.63386868262308,0.00844181301325131,0.0478796048807795,"AC131254.1"
"ENSG00000248965.1",2.01194375872908,0.341338236295522,0.372919460722555,0.915313552245725,0.360027046521084,0.553132462382392,"AC011389.1"
"ENSG00000248967.1",2.02139945311625,-1.48114154256019,0.460699900257965,-3.21498125293893,0.00130453041525976,0.0132373456614578,"AC022493.2"
"ENSG00000248968.1",2.87976002107785,-0.439834173834697,0.198709571559874,-2.21345237867502,0.0268664729333964,0.103063386877779,"AC012640.1"
"ENSG00000248971.2",20.5082582617011,0.0783963256348389,0.131546261010914,0.595960121043156,0.551201867983292,0.716646377582995,"KRT8P46"
"ENSG00000248973.3",6.66391404499585,-0.466248297291795,0.472337836168776,-0.987107662332593,0.323589861845901,0.517136285351249,"AC106799.2"
"ENSG00000248975.2",1.59726840651563,-0.822436239615887,0.619997064541985,-1.32651634443375,0.184668724947638,0.362339454248096,"AL133372.2"
"ENSG00000248984.1",1.2116253607262,-0.664667209984619,0.813297394405138,-0.817249894758079,0.413785634205883,0.602816484471031,"AC004054.1"
"ENSG00000248988.1",6.76995182855274,0.345130421586582,0.164679718453879,2.09576761987992,0.0361028100618793,0.125573670751212,"PSME2P3"
"ENSG00000248994.2",18.9350186078204,0.0832313371863226,0.196763945183814,0.423000957358163,0.672294562567753,0.806845566907041,"AC124852.1"
"ENSG00000248996.1",21.2873073516499,-0.127567478568409,0.105742284349629,-1.20639987449691,0.227663344423893,0.413507677354318,"AC145098.1"
"ENSG00000249001.5",28.8979644292711,-0.00171151124748379,0.242559402726019,-0.00705604989231036,0.994370133447192,0.997365855838802,"AC093895.1"
"ENSG00000249007.1",81.5739168402861,-0.168904025943907,0.174708818626409,-0.966774472358402,0.333656788504539,0.527240754648137,"AL691482.3"
"ENSG00000249012.2",4.08334027905251,-1.45549769291798,0.321488194465813,-4.52737524417171,5.97208368882466e-06,0.000273868570595095,"AC104819.1"
"ENSG00000249014.2",5.90973492452027,0.0257111923397691,0.128051691048584,0.200787604827601,0.840864655470204,0.913373800149086,"HMGN2P4"
"ENSG00000249019.2",2.063141965787,-0.755471807980716,0.246850603763231,-3.06044140246598,0.00221011003468557,0.0191169637268867,"AC108471.1"
"ENSG00000249020.1",2.71553879028533,-1.18614586832487,0.398780276711189,-2.97443463881218,0.00293528981656537,0.0233066071697856,"SNORA58"
"ENSG00000249023.1",0.473561745200722,-0.124861582521195,0.790832131941635,-0.157886329447233,0.874546370467427,0.933034426455554,"AC010486.2"
"ENSG00000249026.2",5.26191543639252,0.141996804301147,0.159844445460941,0.888343688713571,0.374355905804506,0.566192056373327,"CTNNA1P1"
"ENSG00000249028.2",3.38528599555979,-1.63647536249174,0.339528467227392,-4.81984728955213,1.43668151608619e-06,9.78148010532877e-05,"AC004672.1"
"ENSG00000249035.7",10.0605403508944,-0.602092389939813,0.172090470562085,-3.49869686551061,0.000467537797996624,0.00645078156183241,"CLMAT3"
"ENSG00000249042.6",80.0538457511653,-0.0953952720421621,0.105686218564227,-0.902627356131485,0.366723702679329,0.559470844214951,"AC008771.1"
"ENSG00000249047.2",3.39235487772175,-0.123140538040279,0.182342027102316,-0.675327240774733,0.499467880596372,0.6761867334375,"COX6B1P5"
"ENSG00000249049.1",0.789891455697414,-0.981110145376849,0.763622887915379,-1.28480976788843,0.19885876816432,0.379447785906391,"AC074124.1"
"ENSG00000249053.1",1.24989737181167,-1.13868031483347,0.655881101343894,-1.73610782884326,0.0825447703627327,0.216305630829316,"AC106794.1"
"ENSG00000249057.1",1.60979451045999,0.631000367390009,0.737261082665952,0.855870982784413,0.392069146883318,0.582834350204782,"MAST4-IT1"
"ENSG00000249064.1",5.05872376105645,0.14245989260582,0.161825445710364,0.880330605489542,0.378680237374946,0.570212625188787,"KRT18P25"
"ENSG00000249068.1",2.96038436872027,-0.309712954098169,0.323322431662472,-0.957907413060316,0.338109448049112,0.531526955042926,"AC008417.1"
"ENSG00000249077.1",1.52223337867724,-0.279305623318964,0.362436757548734,-0.770632717299399,0.440924662857514,0.626229009987484,"AL158068.1"
"ENSG00000249082.2",2.6739781846684,0.213472545345328,0.370900119920942,0.5755526457927,0.564917596562673,0.727522673613192,"C5orf66-AS1"
"ENSG00000249084.1",1.81251381659352,-0.300464099804028,0.305234976053964,-0.984369824482065,0.324933709262889,0.518476778456235,"AC027627.1"
"ENSG00000249087.7",55.5502858874627,-0.0467867406317201,0.115059194615913,-0.406631914884352,0.684278353285729,0.815174409272616,"ZNF436-AS1"
"ENSG00000249089.1",1.58238980759821,-1.08000058904479,0.637953251833497,-1.69291493685601,0.0904716597375621,0.229385506751821,"AIG1P1"
"ENSG00000249091.1",3.28487807077856,-1.47769259096899,0.478301946909551,-3.08945552180332,0.00200523728871968,0.0179174356020784,"AC093903.1"
"ENSG00000249092.1",5.29687965720956,-0.279151107605149,0.172149417913528,-1.62156288989236,0.104896973959555,0.252097529180331,"PPIAP77"
"ENSG00000249096.7",168.108898802816,-0.29919524749329,0.173465255344071,-1.72481369193981,0.084561053446962,0.219626757350243,"LINC02362"
"ENSG00000249098.1",1.4753857382356,-1.84472796434063,0.595680585824293,-3.09684083759072,0.00195594861848434,0.0176195872086325,"AC055733.1"
"ENSG00000249102.3",2.40480020027151,2.4525803212015,0.392184871385345,6.25363317187136,4.010123055555e-10,1.90727181269418e-07,"AC034223.1"
"ENSG00000249112.1",3.08712267693534,-1.47147497466244,0.441411592249592,-3.33356667676821,0.0008574011848899,0.00988416123564385,"AC112196.1"
"ENSG00000249115.9",927.521524217756,-0.127774406032484,0.0874950556543184,-1.46036144644909,0.144190762699769,0.309353206763979,"HAUS5"
"ENSG00000249116.1",1.08961031272489,0.472035006963714,0.799394964611194,0.590490343147582,0.554861958077319,0.719731154970699,"IRX4-AS1"
"ENSG00000249119.1",24.8139151211234,-0.0315852712977341,0.174700000122111,-0.180797202493742,0.856526759011828,0.92304816946044,"MTND6P4"
"ENSG00000249129.1",12.7757021673618,-0.118097679927958,0.0952955611921024,-1.23927786825128,0.215242611911496,0.398557968763595,"SUDS3P1"
"ENSG00000249138.1",11.9607809050655,-0.354438349630613,0.217591693672705,-1.62891488938796,0.103331037633824,0.249778569370719,"SLED1"
"ENSG00000249140.1",3.96644873840769,-0.975190363832009,0.255761609228625,-3.81288797319182,0.000137352379549171,0.00276940330299048,"PRDX2P3"
"ENSG00000249156.2",0.337998412226545,0.670349238076788,1.1815862818503,0.567329909269982,0.570490060123899,0.731722678726546,"TAF11L12"
"ENSG00000249158.7",92.2070718454466,0.290334949416345,0.176211003893932,1.64765504423951,0.0994234781268715,0.243497561959536,"PCDHA11"
"ENSG00000249159.6",3.6204934693503,-0.410699803415914,0.190071072360215,-2.16076964430217,0.0307131380484056,0.112459124386439,"AC091965.1"
"ENSG00000249162.1",0.876886849546318,1.47148981959331,0.546450629821315,2.69281384134277,0.00708518171780502,0.0425251406040891,"ADAM20P3"
"ENSG00000249167.2",4.04773751816219,-0.146415008030403,0.202094622998552,-0.724487400297889,0.468766559701469,0.649951902054848,"SEMA6A-AS2"
"ENSG00000249170.1",1.09567067315705,-0.372539799962379,0.689781576090171,-0.540083720522103,0.589139297050333,0.746098512480297,"AC096713.1"
"ENSG00000249173.6",4.41364335150415,0.74443304959558,0.226650556791667,3.28449689307337,0.0010216462459183,0.0111520224476584,"LINC01093"
"ENSG00000249174.1",0.515639483613876,-0.474397248855271,1.01504651133474,-0.4673650355504,0.640238733638526,0.783484090238456,"AC106744.1"
"ENSG00000249175.1",2.10675566875392,-1.26307764725726,0.44931395891139,-2.81112487650614,0.0049368620957927,0.0331243348962568,"AC008534.1"
"ENSG00000249177.1",1.32330677427251,-1.54613662974358,0.422104219904506,-3.6629262557322,0.000249350341150259,0.00423293023319956,"MTND4P29"
"ENSG00000249180.1",2.2650047320157,-1.15081980895557,0.490629124695965,-2.34560027325878,0.01899646805082,0.0824360545901918,"AC020900.1"
"ENSG00000249193.1",4.6768079990275,0.170870194065634,0.197762103977271,0.864018892544102,0.387577512224616,0.578723383231843,"HSPD1P5"
"ENSG00000249196.6",2.27769298837363,-1.57153653489403,0.563574265893557,-2.78851720172555,0.00529499353849341,0.0348570115836424,"TMEM132D-AS1"
"ENSG00000249199.2",50.0408640208668,1.42593352936466,0.455030325442651,3.13371098503714,0.00172610776749965,0.0161652055986964,"AC026785.3"
"ENSG00000249201.2",5.73025730574251,-0.56782563369978,0.347810393289971,-1.63257235739468,0.102558968903362,0.248525784387483,"CTD-3080P12.3"
"ENSG00000249207.2",41.630693020616,-0.513605114261896,0.153881924599411,-3.33765720437229,0.000844879130542449,0.00979065815981544,"AC079921.1"
"ENSG00000249210.1",5.12929889350794,0.22144405345484,0.140636448772828,1.5745850765369,0.115352249752535,0.267980074733875,"GAPDHP38"
"ENSG00000249212.1",5.68635213690872,-0.346381342774567,0.190190500279858,-1.82123366974102,0.0685713443878503,0.191570510086825,"ATP1B1P1"
"ENSG00000249216.1",10.0051571382022,-0.444431983091866,0.191817032016338,-2.31695787605561,0.0205060265291968,0.0866489581465348,"AC105389.2"
"ENSG00000249222.1",2.83500760687538,-0.0632786018381179,0.236452995050034,-0.267615987798031,0.78899492323241,0.883017613929563,"ATP5MGL"
"ENSG00000249231.8",9.10401826308397,-0.639131017097646,0.27927015878746,-2.28857612239215,0.0221039925559299,0.090796819761206,"CASC16"
"ENSG00000249234.1",5.94181782505679,-0.833928640497313,0.244585806653411,-3.40955451139087,0.000650690726896909,0.00808941238632517,"AC108063.1"
"ENSG00000249236.2",2.82250981270724,-1.13310026206987,0.308860488883266,-3.66864750543773,0.000243836996660045,0.00416524634674339,"AC008892.1"
"ENSG00000249238.1",2.91009469263731,-0.230741256106952,0.316179815158469,-0.729778578658805,0.465525540401755,0.64719184896488,"BCL9P1"
"ENSG00000249241.1",9.33863892424074,-0.555689833184648,0.215600235082866,-2.57740828979647,0.00995442928359623,0.0535833167564704,"LINC02265"
"ENSG00000249242.8",1092.69460237272,-0.359326243547452,0.160386418245595,-2.24037825320861,0.0250663768734376,0.0987545957848581,"TMEM150C"
"ENSG00000249244.1",18.4520738110487,0.194065925256976,0.128710828078244,1.50776689230064,0.131614198424758,0.292004506157354,"AC110373.1"
"ENSG00000249245.2",3.20576903743553,-0.758850192152876,0.264192389557668,-2.8723393335569,0.00407445201820525,0.0291482498021819,"NCOA4P3"
"ENSG00000249249.2",50.6568132145948,-0.259123557246703,0.132142966903698,-1.96093339901732,0.0498867926062213,0.155498641160839,"AC010226.1"
"ENSG00000249252.5",7.77456471949209,-0.359504281862554,0.213845066981874,-1.68114367535551,0.092735010741966,0.233242178184806,"C1QTNF7-AS1"
"ENSG00000249258.2",4.85909008126581,-0.546530532779867,0.213215124883694,-2.56328219247106,0.0103687735432049,0.054978113963039,"AC079193.2"
"ENSG00000249264.1",223.970976240973,-0.0706786129587486,0.120259957510254,-0.587715266344761,0.55672342678527,0.721282508692306,"EEF1A1P9"
"ENSG00000249267.7",6.70691728455029,0.418569678457169,0.32650416672811,1.28197346653075,0.199851954192666,0.38053595144046,"LINC00939"
"ENSG00000249274.1",8.1888274080151,-0.477726757472154,0.144206205764707,-3.31280304435466,0.000923660001774207,0.0104136174869857,"PDLIM1P4"
"ENSG00000249275.1",2.21116195982655,-0.835035077810928,0.378654775598433,-2.20526751971165,0.0274353276367876,0.104412935872379,"AC093817.1"
"ENSG00000249279.6",21.2872858463236,0.0916951239372012,0.211457882653465,0.433633037400031,0.664554939972957,0.801670809585653,"LINC02057"
"ENSG00000249288.1",2.379909518017,-0.846367561648214,0.408531750461647,-2.0717301915746,0.0382906100761273,0.130629089175582,"SLC25A15P5"
"ENSG00000249295.1",4.11263569961641,-1.10569879766892,0.30408532204398,-3.63614655990862,0.000276746915532368,0.00450769816967668,"AC145146.1"
"ENSG00000249302.2",2.79882040045043,-1.61090239994663,0.377685214075813,-4.2651984772252,1.99724574484645e-05,0.000666275576985699,"FTH1P24"
"ENSG00000249304.1",5.15069108364112,-0.456216340867363,0.22050543420742,-2.0689573592922,0.0385500882491339,0.131272178385846,"AC104779.1"
"ENSG00000249306.6",2.28816170624654,0.264083936452556,0.369589291290733,0.714533517814557,0.474897337833853,0.655205216049997,"LINC01411"
"ENSG00000249307.7",56.3628266669736,-0.458281565967595,0.200783517133359,-2.28246607346363,0.0224618382720007,0.091742542449817,"LINC01088"
"ENSG00000249312.1",7.44227133616044,-0.409158808969016,0.262538337846235,-1.55847261137402,0.119121255623466,0.27363911660734,"ARL2BPP4"
"ENSG00000249318.1",1.2530302672609,-1.52640756261166,0.633432923250521,-2.40973827943573,0.015963967793049,0.0733795912928319,"AC010468.1"
"ENSG00000249320.1",3.10259570993495,-0.945302382864094,0.343736742217017,-2.75007663355139,0.00595813287298205,0.0378268721853912,"AC133963.2"
"ENSG00000249328.3",6.06951590389996,0.158789869332723,0.184778560308846,0.859352237983214,0.390146212017847,0.581161843237432,"AC036214.1"
"ENSG00000249335.2",6.56707003302479,-0.147793057338267,0.20421661093367,-0.723707325582201,0.469245434816976,0.650321981358691,"AC093523.1"
"ENSG00000249345.8",6.68497452828397,0.0957455905807764,0.374928117174801,0.255370526228465,0.798436932929319,0.888626088387237,"LINC02405"
"ENSG00000249348.1",87.2960728969024,-0.186360210885622,0.0880483485216992,-2.11656679556794,0.0342966306705892,0.121008660970319,"UGDH-AS1"
"ENSG00000249352.4",25.3432298551784,-0.225560200683237,0.162358276116697,-1.38927442492129,0.164749317769782,0.336577467450038,"LINC02198"
"ENSG00000249353.2",140.250451537228,-0.00305925327663724,0.127655367506434,-0.02396494042041,0.980880574161754,0.990568644673871,"NPM1P27"
"ENSG00000249359.3",2.07253833671829,-0.547810473165441,0.36691211768095,-1.493029111788,0.135429566678505,0.297104412455685,"AC093274.1"
"ENSG00000249363.1",4.11446367966672,-0.707904049323484,0.255599202082003,-2.76958630370203,0.00561275322565227,0.036270456743331,"AC011411.1"
"ENSG00000249364.6",67.8213396781824,0.00131059533998541,0.233885219961961,0.00560358341668005,0.995529010704959,0.997896891473481,"AC112206.2"
"ENSG00000249375.8",4.27342746147344,0.121241182092485,0.157344579693992,0.770545654183186,0.440976284351196,0.626233724403018,"CASC11"
"ENSG00000249378.6",9.03399093814135,-0.0192653235175425,0.296757232958056,-0.064919474162456,0.948238115160956,0.97269200049463,"LINC01060"
"ENSG00000249379.2",26.6943894393818,0.226222408839499,0.239140933293013,0.945979451214714,0.34415906720723,0.537550258676812,"AL033397.2"
"ENSG00000249388.3",3.01059515725822,0.0804548804481604,0.266686341241383,0.301683543572781,0.762893314455402,0.866479899490318,"AC023794.2"
"ENSG00000249395.4",189.580857420771,0.205491902140069,0.350534121418477,0.586225105015519,0.557724253102508,0.721873643539788,"CASC9"
"ENSG00000249396.2",1.26235118505854,-0.153819394298892,0.396328009077542,-0.3881113390318,0.697933641060375,0.823573570277985,"LINC02212"
"ENSG00000249406.3",6.60391293644897,-0.369422461157091,0.189776789464798,-1.94661561194561,0.0515808355002732,0.158954424199084,"AC015909.1"
"ENSG00000249411.1",0.435136956080169,-1.3470278616166,0.747102453162249,-1.80300286247897,0.0713877651282028,0.196531798766402,"AC022325.1"
"ENSG00000249412.1",3.20028305036781,-0.537912993320042,0.253588525455387,-2.12120399514951,0.033904639216298,0.12007459571629,"AC010285.1"
"ENSG00000249413.2",6.68894983921516,-0.474085490776491,0.409781934892793,-1.1569214023564,0.247304473682319,0.436628723673195,"AC116049.1"
"ENSG00000249425.1",3.10413199823931,-0.594117079630163,0.357946084166108,-1.65979488507118,0.0969557230904808,0.239942532435247,"LINC02477"
"ENSG00000249437.8",68.5602055354399,-0.17506651990907,0.132685626091302,-1.31940832678142,0.187032639490996,0.365020087143076,"NAIP"
"ENSG00000249453.1",2.73275010422866,-0.663246504905478,0.316069442885237,-2.09842020427865,0.0358680420380404,0.124990027587657,"AC092834.1"
"ENSG00000249459.11",42.105344569384,-0.173700225142456,0.103151051812339,-1.68394041641442,0.0921931844330896,0.232283009636057,"ZNF286B"
"ENSG00000249464.6",120.066783161523,-0.557373099943816,0.154655033889132,-3.60397644956957,0.000313385464803657,0.00494012418546787,"LINC01091"
"ENSG00000249465.1",7.05708011275455,0.0317524997368879,0.130913323314213,0.242545975711554,0.808357136644603,0.894523504297971,"RBMXP4"
"ENSG00000249471.8",196.833990072151,0.00175944760308529,0.0578628627864956,0.030407199339192,0.975742303269651,0.987848789201296,"ZNF324B"
"ENSG00000249476.2",22.5154731710123,-0.209324714984324,0.164556830526731,-1.27205120756334,0.203354925643179,0.3843205656213,"AC008467.1"
"ENSG00000249478.1",1.01955282873375,-0.200705827685707,0.514013826446172,-0.390467760514074,0.696190690465142,0.82267180183614,"AC010307.3"
"ENSG00000249481.7",3.66743285678279,-0.855812636137842,0.266522448794791,-3.21103396733674,0.00132258300555529,0.0133635071332177,"SPATS1"
"ENSG00000249484.9",1.92689387936857,-0.722076741919887,0.405667488857707,-1.77997192713948,0.075080555091306,0.203141562019898,"LINC01470"
"ENSG00000249485.1",24.8791704384774,-0.0862775381033553,0.109653146581073,-0.786822273627738,0.431385912794659,0.617529285484156,"RBBP4P1"
"ENSG00000249489.1",5.48539822131006,-0.0802753292377959,0.167488259324447,-0.479289292046985,0.631732838789963,0.777409010848388,"GAPDHP70"
"ENSG00000249492.2",30.0544590440029,-0.302782143064322,0.126197081490387,-2.39928007437626,0.0164273445114586,0.0748072193708097,"AC114956.2"
"ENSG00000249494.6",4.29259773574429,-0.293316375627725,0.176060518493153,-1.66599745438744,0.0957139214594395,0.23810225484385,"AC008629.1"
"ENSG00000249500.1",0.620050724515295,0.32338870055727,0.433261976453199,0.746404526897602,0.455423085478815,0.638658893258338,"LINC01179"
"ENSG00000249502.3",33.1227318642515,-0.226739063215703,0.159502487086971,-1.42153935876919,0.155160019837096,0.32423691566887,"AC006160.1"
"ENSG00000249506.3",2.19950010880209,-0.221768496774442,0.343433488502363,-0.645739289262457,0.518448211423469,0.691894668814749,"ZEB2P1"
"ENSG00000249516.1",1.56275986605198,0.0484443612381588,0.364383944985069,0.132948671051201,0.89423397458855,0.944145358302151,"PRELID3BP6"
"ENSG00000249526.1",2.20837929066637,-0.121380945344546,0.254747506055035,-0.47647550009115,0.633735657662879,0.778731868700459,"AC008667.1"
"ENSG00000249532.5",2.08794839803085,-0.491507698053502,0.274907403822105,-1.78790273095577,0.0737917022345766,0.20089517887773,"MIR302CHG"
"ENSG00000249545.1",0.640608493633027,-1.92442206974678,1.15629245962003,-1.66430391700311,0.0960517100416521,0.238485314521346,"MCTP1-AS1"
"ENSG00000249550.7",75.2830231059963,0.894374077297001,0.348652293312603,2.56523216525957,0.0103106789390504,0.0547527916301172,"LINC01234"
"ENSG00000249558.1",1.3073593841342,-1.00707599029678,0.624217104693864,-1.61334250971972,0.106670115823586,0.254925573621037,"RCC2P4"
"ENSG00000249565.2",15.324911902546,0.0152430112571852,0.138557162256126,0.1100124382528,0.912399510492935,0.95345717616979,"SERBP1P5"
"ENSG00000249572.1",26.6124053135826,-0.0938175542010487,0.122958218466466,-0.763003525678403,0.445461293216121,0.630221980088382,"AC034231.1"
"ENSG00000249574.1",29.3529144024165,-0.250318919488055,0.187526434520049,-1.33484604519206,0.181926739739658,0.358976606110521,"AC226118.1"
"ENSG00000249592.6",197.586455502175,-0.145356698971848,0.108923093722302,-1.33448926214337,0.182043563639211,0.359099395323922,"AC139887.2"
"ENSG00000249593.6",9.24327516192553,-0.310164364021215,0.179179832724302,-1.7310227345644,0.08344770969253,0.217755519808106,"AC011405.1"
"ENSG00000249599.2",5.21576924511623,-0.347951002555063,0.296494145384199,-1.17355100588643,0.240574915339852,0.428542571236473,"BMPR1B-DT"
"ENSG00000249602.1",30.5172179802828,0.160617145008163,0.117365861615015,1.36851672878287,0.171150389276919,0.345214462025716,"AL589765.4"
"ENSG00000249604.1",3.21550600287948,-0.4802687666715,0.286560196896155,-1.67597863162253,0.0937423782136354,0.234729617769747,"AC096564.1"
"ENSG00000249609.1",3.34279571574514,-0.856398257568809,0.297518853763138,-2.87846718531193,0.00399612852598792,0.0287660771925872,"AC080188.1"
"ENSG00000249610.1",4.94035879174095,-0.731622416221763,0.266220447165059,-2.74818265844227,0.00599266140005134,0.0379289433442538,"ZNF474-AS1"
"ENSG00000249621.1",9.01821962427037,-0.926625060677987,0.330395603831935,-2.80459258516449,0.00503802160963728,0.0335999305788569,"AC113349.1"
"ENSG00000249623.1",1.12335761324576,-1.71430641481985,0.600441599765236,-2.85507602319712,0.00430265282376435,0.0302153294792541,"PALLD-AS1"
"ENSG00000249626.1",52.9627905124549,-0.296602161537738,0.156964021132563,-1.88961877631336,0.0588089641393206,0.173221874112218,"AC024560.2"
"ENSG00000249627.1",1.04140073439125,-0.337463227458303,0.751998209605793,-0.448755360249069,0.653608144094587,0.793168432343396,"AC017037.1"
"ENSG00000249628.3",321.342377822683,-1.05563864496527,0.298117334614246,-3.54101731900708,0.000398587413939914,0.00579718442899853,"LINC00942"
"ENSG00000249631.6",11.6997359159869,0.296718801387976,0.221770842330448,1.3379522676198,0.180911997179355,0.357708939428214,"AC005699.1"
"ENSG00000249635.1",3.21428367257439,-0.197105309768993,0.216268551412076,-0.911391455123914,0.362089154259915,0.555224493956123,"AC109361.1"
"ENSG00000249637.2",19.5642895763031,-0.0443724573017966,0.0890179721549213,-0.498466278523775,0.618155431521503,0.767862427492179,"AC008438.1"
"ENSG00000249641.2",16.2733759071122,0.512874593560041,0.411273920992155,1.24703893775415,0.212383220651472,0.394954731896858,"HOXC13-AS"
"ENSG00000249642.2",5.31485133572713,1.05697097447264,0.610377029908268,1.73166898929911,0.0833325150562012,0.217577255868094,"AC097521.1"
"ENSG00000249647.2",0.72782993097653,1.20518822256985,0.494366953720103,2.43784139190703,0.0147752552761496,0.0696168375189425,"C5orf66-AS2"
"ENSG00000249655.1",3.91009791410084,-0.342450013289879,0.191091467552221,-1.79207380463649,0.0731211443665912,0.199854056267705,"AC008434.1"
"ENSG00000249661.1",8.07946077701602,-0.266846403122588,0.154989011195134,-1.72171175920739,0.0851217460914561,0.220651365813481,"TNRC18P1"
"ENSG00000249664.1",3.84221925136682,-0.230469023868043,0.213317348067735,-1.08040450509849,0.279962090571898,0.472560225177967,"AC027338.1"
"ENSG00000249669.10",418.570679444541,-0.475049063719112,0.161720172393848,-2.93747562030909,0.00330896187915457,0.0253137104417953,"CARMN"
"ENSG00000249673.7",625.743521470147,0.0911216432763166,0.0604931604312718,1.50631315386213,0.131986802984094,0.292481138960958,"NOP14-AS1"
"ENSG00000249678.1",1.67034768946493,0.560583608670372,0.505588888289785,1.10877359383157,0.267527864665146,0.459326759749198,"AC097716.1"
"ENSG00000249679.2",31.0504243176161,0.00413496935771428,0.152559250208471,0.027104022549035,0.978376766410494,0.989160881816509,"AC106897.1"
"ENSG00000249684.6",25.3775116865749,-0.362885165285284,0.166578395520195,-2.17846476520594,0.0293714526930487,0.109137884191974,"AC106795.2"
"ENSG00000249685.1",13.8301286106293,0.0265329196068423,0.119972294429298,0.22115872446266,0.82496884659587,0.904160641594506,"AC079921.2"
"ENSG00000249690.1",1.92144409177318,-0.392996482439941,0.469504454015947,-0.837045269918979,0.40256712230808,0.59233550923391,"AC110813.1"
"ENSG00000249691.1",1.75081828656813,-1.56231482179123,0.987804054663411,-1.58160397744427,0.113740005460578,0.265643353335604,"AC026117.1"
"ENSG00000249693.3",5.63874132562421,-0.0137806617424629,0.217394607176471,-0.0633900809290841,0.949455885638935,0.973313670664553,"THEGL"
"ENSG00000249695.6",6.32842878164514,0.207339499591145,0.222746608849071,0.930831228643458,0.351940872996052,0.545458142146886,"AC026369.1"
"ENSG00000249699.1",1.70645976442826,-0.235875780583936,0.342790551495652,-0.688104673698768,0.491386867522552,0.669446948520356,"LINC02261"
"ENSG00000249700.9",97.9652341624027,0.119663863107997,0.145143248711199,0.82445352553807,0.409681912270912,0.59893469921554,"SRD5A3-AS1"
"ENSG00000249706.1",4.90841429889625,-0.0345665544321466,0.184468290610104,-0.18738480373956,0.851358936434559,0.920035817448815,"AC105384.1"
"ENSG00000249709.8",14.4431095178291,-0.338748884244923,0.155810491006444,-2.17410831617823,0.0296970015698729,0.109904654653821,"ZNF564"
"ENSG00000249713.1",2.04914725163108,-1.93970058842976,0.585836186116945,-3.31099483848298,0.000929649233281084,0.0104492345591025,"AC026725.1"
"ENSG00000249715.12",55.3895288792108,-0.383603925315179,0.18096769183268,-2.11973707257013,0.0340282247281743,0.120323902754136,"FER1L5"
"ENSG00000249717.1",12.4673583904421,-1.25905309400263,0.289788520675629,-4.34473074042826,1.39446600552601e-05,0.000507387505158225,"PARM1-AS1"
"ENSG00000249721.1",3.57944874564239,-0.0797244463755171,0.374702668148903,-0.212767223594563,0.831508530146766,0.908154877859021,"AC112206.3"
"ENSG00000249738.10",35.1438842463471,-0.142087741190702,0.168416701523406,-0.843667759227281,0.398855088575271,0.588933473716247,"AC008691.1"
"ENSG00000249740.3",65.0460734645507,-0.123514260180999,0.137663698101926,-0.897217362921264,0.369602941977578,0.562172488992477,"OSMR-AS1"
"ENSG00000249741.2",16.2367846931875,-0.138213511668087,0.179688850478251,-0.769182457900002,0.441785002703118,0.62687135167175,"AC093890.1"
"ENSG00000249743.6",23.0715239188568,-0.240591742187729,0.393184130085518,-0.611906035310733,0.540599928302556,0.708646090754272,"AC116345.1"
"ENSG00000249746.1",41.2986740992217,-0.172101621670956,0.250826750428557,-0.686137429029828,0.492626450247873,0.670414176263181,"AC099509.1"
"ENSG00000249751.4",47.3148309103677,0.213898962038099,0.137801360607933,1.55222677841822,0.120607970836937,0.275694723966744,"ECSCR"
"ENSG00000249763.1",1.09255152415732,-0.294758857577049,0.591456562989565,-0.498360955007696,0.618229651791922,0.767890035764982,"AC114786.1"
"ENSG00000249767.1",2.80904234799712,-0.117903461184507,0.248322893754241,-0.474798998199469,0.634930247119757,0.779451796362761,"ENPP7P10"
"ENSG00000249771.2",5.37512265783544,-0.166408864561553,0.140015451427136,-1.18850357489404,0.234635072232623,0.421782339041979,"AC108210.1"
"ENSG00000249774.1",3.05696507762779,0.207755094085932,0.162079412800102,1.28181050570663,0.199909127946563,0.380601280764278,"AC025458.1"
"ENSG00000249779.1",2.26238895617454,0.277200572838501,0.237057055738129,1.1693411612465,0.242266205596811,0.430679665897834,"AC106800.1"
"ENSG00000249780.1",8.22054665695018,0.866019436328961,0.261458187112714,3.31226742559652,0.000925430368227562,0.0104229882440461,"AC093809.1"
"ENSG00000249786.7",4.93084961408799,-0.476073506595115,0.159392613594873,-2.98679779356117,0.00281916120697888,0.0226650708740954,"EAF1-AS1"
"ENSG00000249787.2",1.93032272968623,-1.17332837398764,0.44428850174712,-2.64091546230353,0.00826823476317803,0.0471844943384447,"AC113385.1"
"ENSG00000249790.3",14.5875822640822,-0.525151946574739,0.232536115664045,-2.25836724362185,0.0239227731575065,0.0956799871404788,"AC092490.1"
"ENSG00000249803.6",1.49728121914571,0.543080154972532,0.5722715145369,0.948990367643948,0.342625511124094,0.535969136956935,"AC112178.1"
"ENSG00000249806.1",3.77067846961629,-0.182842459370185,0.243872579813415,-0.749745869380132,0.453407775823741,0.636610369454276,"AC139720.1"
"ENSG00000249815.1",3.08135034708462,2.12186700042848,0.460497659441465,4.6077693489302,4.07011786329918e-06,0.000208471436958184,"AC004704.1"
"ENSG00000249816.7",63.5487787071862,-0.0940362944733947,0.192165787720415,-0.489349824382941,0.624594052450357,0.772947618787114,"LINC00964"
"ENSG00000249825.6",27.0336268048828,-0.410434146061511,0.178607657579004,-2.29796500119242,0.0215637811705399,0.0893231469923059,"THBS4-AS1"
"ENSG00000249835.2",4.90391185462173,-0.976984449696971,0.281711576778981,-3.46803088771703,0.000524287023266069,0.00697088173546215,"VCAN-AS1"
"ENSG00000249842.1",0.74848549098318,-1.4151023966031,0.910639902566258,-1.55396484671408,0.120192802061934,0.275117150845513,"AC010486.3"
"ENSG00000249846.7",45.6737965128465,-0.0257580291434431,0.111260025785909,-0.231511982506707,0.81691707757984,0.899898099588579,"LINC02021"
"ENSG00000249848.1",2.13279656903937,-0.962488823295758,0.514705320300752,-1.86998032725474,0.0614865497968836,0.178705517449816,"AC112673.1"
"ENSG00000249850.1",7.45862745447485,-0.364731660712848,0.232432102764977,-1.56919657987883,0.116602140907846,0.269702504160911,"KRT18P31"
"ENSG00000249852.1",15.98453528679,0.22710384471329,0.207145569285309,1.09634903366188,0.272926058818487,0.465188515652685,"AC145676.1"
"ENSG00000249853.8",101.819321897068,-0.481737193644856,0.259236727256287,-1.85829067795861,0.0631277469183843,0.181542029727371,"HS3ST5"
"ENSG00000249855.1",181.169693470487,0.053270183410457,0.128444084547604,0.414734423917468,0.67833632931382,0.811110678675021,"EEF1A1P19"
"ENSG00000249858.2",3.22351543085398,-0.107731821903024,0.196229193305396,-0.549010165553495,0.582998473584932,0.741335934729979,"SNX5P1"
"ENSG00000249859.12",945.223720879348,0.0524569194592982,0.157237913174275,0.333614955835477,0.738670131125235,0.850835340283436,"PVT1"
"ENSG00000249863.2",25.1504489983137,0.307521228255819,0.124540643963138,2.46924392286617,0.0135398888921912,0.0657239532407593,"AC021106.1"
"ENSG00000249867.6",5.38222031367517,1.00715017199117,0.317190979153717,3.17521694557108,0.00149724515872565,0.0145540972465556,"LINC02742"
"ENSG00000249870.1",3.78410301272837,-1.67162600778782,0.360551173112209,-4.63630722196427,3.54688677932754e-06,0.000187676887304141,"AC005920.2"
"ENSG00000249877.1",0.40387613193438,0.382642397107801,1.04385870198929,0.366565318063257,0.713943282155419,0.834710180985618,"AC105924.1"
"ENSG00000249884.8",4.3383486341593,0.689843938434025,0.186935606851366,3.69027575887416,0.000224011083412039,0.00390548034907426,"RNF103-CHMP3"
"ENSG00000249885.1",13.3352639996109,-0.873432142812108,0.207294195369055,-4.21349059609266,2.51454061325524e-05,0.000782398136795389,"ARHGEF38-IT1"
"ENSG00000249896.2",16.96434534056,-0.34855714229906,0.216731570656691,-1.60824351174562,0.107781856937981,0.256734732992502,"LINC02495"
"ENSG00000249898.8",61.0668509864414,0.0806993134507285,0.109913990337382,0.734204200966789,0.462824293520451,0.645124940513979,"MCPH1-AS1"
"ENSG00000249899.6",6.76306627103879,-0.591691764742561,0.189440695286626,-3.12336145012203,0.00178798023534967,0.0165796980547543,"AC025180.1"
"ENSG00000249915.8",453.001171743335,-0.0663130991707276,0.117263636446179,-0.565504372714584,0.571730750911186,0.732630303878974,"PDCD6"
"ENSG00000249916.1",16.103595941704,-0.430851709754983,0.200153688397381,-2.15260439717492,0.0313497826721511,0.114081136135526,"AC119150.1"
"ENSG00000249917.3",1.63314001714506,-0.404303373293259,0.299805010011628,-1.34855442635057,0.177480127284127,0.353378737974429,"LINC00536"
"ENSG00000249921.2",2.13416948960109,-0.241661213445211,0.324244435898949,-0.745305660450949,0.45608695998776,0.639253534610759,"AC034207.1"
"ENSG00000249923.1",6.24259319524384,0.31780912459311,0.215188457271739,1.47688741590717,0.139705818733951,0.302873336140486,"AC007663.2"
"ENSG00000249926.2",1.30333141089909,0.0757861681602418,0.462210654692461,0.163964563323767,0.869759040580353,0.93028199755973,"AC117500.1"
"ENSG00000249930.1",2.29549741674478,0.301839534129127,0.230233642401244,1.3110140246276,0.189853025426945,0.368536923534447,"AC007016.1"
"ENSG00000249936.3",122.600538897832,0.372440155067854,0.0977416013509072,3.81045685685809,0.000138710218605275,0.00278533130761484,"RAC1P2"
"ENSG00000249937.8",5.80251140470699,0.280589006987637,0.305258110735325,0.919186082596581,0.357998249401991,0.551058103349229,"LINC02223"
"ENSG00000249942.1",7.78278368211527,-0.0823971055446274,0.38532812477857,-0.213836209313756,0.830674787028961,0.907784529281313,"AC239584.1"
"ENSG00000249947.2",9.90059618083875,-0.314132584338781,0.162935199721007,-1.92796022514883,0.0538600737123588,0.1634755615011,"XBP1P1"
"ENSG00000249948.6",24.0922054226576,-0.257998996092697,0.268881202104508,-0.959527828919847,0.337292907152544,0.530719445996013,"GBA3"
"ENSG00000249961.10",3.84631866413653,-0.409954815366365,0.200198592717483,-2.04774074483574,0.0405854091962509,0.135856994394141,"TERB1"
"ENSG00000249976.2",0.905891574821506,-1.14242009637107,0.627547224685891,-1.82045279053364,0.0686900793909973,0.191773485380669,"AC108157.1"
"ENSG00000249978.1",10.6724399711996,-0.000270530823627005,0.1445999798411,-0.00187089115727603,0.998507245701498,0.999192560067343,"TRGV7"
"ENSG00000249986.1",2.62161992430874,-0.494780158904345,0.233720333406977,-2.11697523998815,0.0342619492280242,0.120936599533614,"YWHAQP6"
"ENSG00000249992.2",220.815244818778,0.363774387050611,0.169903154530001,2.1410690581756,0.032268469461458,0.116066784116283,"TMEM158"
"ENSG00000249996.1",3.74093982900124,-0.0675965266867954,0.147508132112143,-0.458256271833239,0.646768336188026,0.788143121287945,"PPIC-AS1"
"ENSG00000250001.1",1.26771136862222,-0.540631329701111,0.895481629911571,-0.603732462668719,0.546021527753512,0.713113711105353,"AC027335.1"
"ENSG00000250006.2",0.761908918268039,-0.0282991467021871,0.972675361777356,-0.0290941333709496,0.976789514710717,0.988247282136442,"AC008638.2"
"ENSG00000250012.2",55.831165393652,-0.0113450897675307,0.109638905451899,-0.103476860889568,0.917584513234071,0.956394126826808,"AC079848.1"
"ENSG00000250015.1",7.53882816003567,-0.491379256861477,0.173347136057148,-2.83465460138598,0.0045875254891301,0.0315367512099129,"AC018752.1"
"ENSG00000250027.1",5.94291994459975,-0.49415170506173,0.186004201257425,-2.65666958983274,0.00789167468203295,0.0456696549954672,"AC022272.1"
"ENSG00000250030.2",2.07486284632206,-0.229809947252197,0.274870362035875,-0.836066666300688,0.403117399627209,0.592930752630381,"AC104806.1"
"ENSG00000250031.1",7.64186791219269,-1.35431272516233,0.214516275243371,-6.31333321271709,2.730886196361e-10,1.3775665778098e-07,"AC009927.1"
"ENSG00000250033.5",26.2608444787723,0.323290719781095,0.252947961738786,1.27809181603507,0.201217054232885,0.381716204363272,"SLC7A11-AS1"
"ENSG00000250036.1",5.25081902401325,0.133483790873912,0.269747283994915,0.494847580657857,0.620707714996976,0.769496246725003,"IGKV1D-37"
"ENSG00000250038.7",2.5663763123788,0.393819841807872,0.634233441296347,0.620938310983603,0.53464021283172,0.703576291782539,"AC093791.1"
"ENSG00000250039.4",4.13925576948064,-0.137270253733818,0.205653359718283,-0.667483642970189,0.504463254368419,0.680504066287878,"AC096719.1"
"ENSG00000250041.3",22.7896910024424,0.156039435644934,0.179963782710556,0.867060212308937,0.385909019353362,0.577227526938611,"AC069360.1"
"ENSG00000250045.2",2.20254242912835,-2.35783637771772,0.621024309521743,-3.79668934302027,0.000146641367196736,0.00287522440405237,"CBX3P3"
"ENSG00000250049.7",14.9991656343703,0.0976296236344217,0.302026499633198,0.323248535320542,0.746507026303013,0.85576004034538,"AC114316.1"
"ENSG00000250050.1",5.62950921469565,-0.235231007913721,0.16362587825266,-1.43761494468799,0.150543338196513,0.31791873651364,"MTND4P9"
"ENSG00000250056.8",133.272444443765,-0.00853108223623824,0.201064838265038,-0.0424295083608443,0.966156305253885,0.98310213721579,"LINC01018"
"ENSG00000250060.2",7.55550957527965,-0.215170826946522,0.579768001238517,-0.371132636652709,0.710538743625705,0.832640617720228,"AC122710.1"
"ENSG00000250062.5",1.3550763107073,-0.575375304070707,0.391372016594545,-1.47014932001842,0.141521317166736,0.305567263109459,"MAPK10-AS1"
"ENSG00000250067.12",95.9390017310854,-0.137100684532828,0.147291792254758,-0.930810077289957,0.351951815985324,0.545458142146886,"YJEFN3"
"ENSG00000250068.1",6.97628470844649,-0.29844846738926,0.174884888875024,-1.70654233941582,0.0879071503142119,0.225234166185244,"AL445187.1"
"ENSG00000250069.1",5.05926839995935,-0.893465162984033,0.236248532033052,-3.78188662293587,0.000155644252647806,0.00299876394872882,"AC011379.1"
"ENSG00000250072.6",3.00639347710963,1.08047914016033,0.300441679308101,3.59630242597702,0.000322772526784483,0.00504675391529784,"SH3TC2-DT"
"ENSG00000250073.3",65.7487249836886,-0.311373113466684,0.150485028376434,-2.06913017744059,0.038533872588679,0.131230382579265,"AP000866.2"
"ENSG00000250075.7",6.34562940426583,-0.508427969159186,0.208603264680749,-2.43729631910266,0.0147975479281535,0.0696922850717234,"AC104806.2"
"ENSG00000250081.1",5.01347814046376,0.0687733472052372,0.188125256436721,0.365572111410624,0.714684388560507,0.835287065517973,"AC025176.1"
"ENSG00000250091.3",102.871390365307,-0.0806463862870667,0.128582330960338,-0.627196487143656,0.530530445625107,0.700716075939092,"DNAH10OS"
"ENSG00000250102.6",3.44358101623812,-0.656539905407869,0.674578273985854,-0.973259784262836,0.330424204424601,0.52404787718694,"LINC02377"
"ENSG00000250103.2",3.94482767756464,-0.385498969247883,0.54412353709131,-0.708476922921993,0.478649138103201,0.658683055484779,"PANCR"
"ENSG00000250107.1",4.94249332073582,-0.436847048875278,0.198227247368766,-2.20376893022483,0.0275405986716751,0.104646102667893,"CACNA1G-AS1"
"ENSG00000250116.2",21.4521211371124,-0.461725076522618,0.140949481254139,-3.27581962284844,0.00105355825613003,0.0114031583294334,"RHOQ-AS1"
"ENSG00000250120.8",172.56632948743,0.394985830826716,0.178543699617864,2.21226417774528,0.0269484167308411,0.103244377240494,"PCDHA10"
"ENSG00000250122.1",2.44885035919368,0.613133598867618,0.386568622832457,1.5860925141184,0.11271832475504,0.264032004817886,"AC122694.1"
"ENSG00000250125.4",0.628527207242074,-0.643262169974882,0.501007901180312,-1.28393617837051,0.199164287267387,0.379813072287382,"LINC02232"
"ENSG00000250129.5",2.23661891561935,-1.02005754472757,0.315952029449996,-3.22852031209697,0.00124432421803595,0.0128059617283063,"AC116424.1"
"ENSG00000250130.1",4.93746587513477,0.136147864527373,0.177155091702682,0.768523575691909,0.442176189792243,0.627215367336421,"GAPDHP43"
"ENSG00000250131.2",23.3772270529988,-0.0286283394546133,0.145235153442499,-0.197117149505734,0.84373586334725,0.9151191718276,"AC078881.1"
"ENSG00000250132.6",82.4434257192884,-0.157131830530203,0.0859619180481876,-1.82792373760344,0.0675609979439524,0.189653088367533,"AC004803.1"
"ENSG00000250133.2",20.3822420213488,0.182294973412471,0.28433927657276,0.641117806902146,0.521446145734345,0.694253640323664,"HOXC-AS2"
"ENSG00000250138.4",24.5336319239232,-0.0724868588984588,0.153418169991666,-0.472478969749128,0.63658494919639,0.780763408126558,"AC139495.2"
"ENSG00000250144.1",21.593976890301,-0.315362106875886,0.14320548758578,-2.20216496024277,0.0276536581970578,0.10490807228289,"AC104619.3"
"ENSG00000250155.2",51.2324345616328,-0.434215327838241,0.16227419443841,-2.6758125612082,0.00745483246091336,0.0439825867661153,"AC008957.1"
"ENSG00000250159.7",54.6649272456012,-0.464964682449298,0.173345605138213,-2.68229864886721,0.00731181527418632,0.0433384842306365,"AC106791.1"
"ENSG00000250166.3",2.34620797420649,-0.3169996292545,0.223743588813938,-1.41679871559633,0.156541785346089,0.326254636413996,"AC053513.1"
"ENSG00000250170.1",1.92764490504513,-0.366906266499806,0.448518791862072,-0.818039897451246,0.413334405912493,0.602396356857145,"RASA2-IT1"
"ENSG00000250174.5",2.13611513899419,-0.136425618970394,0.388025594301358,-0.351589227550901,0.725146345197312,0.842310280882496,"MYLK-AS2"
"ENSG00000250182.3",276.931701529585,-0.197102175033983,0.125282272708062,-1.57326468281174,0.115657543444868,0.268464518853099,"EEF1A1P13"
"ENSG00000250189.2",0.961629169394028,-2.09350054440272,0.821289001677257,-2.5490424687623,0.0108019145186917,0.0564654011729948,"AC097504.1"
"ENSG00000250198.3",1.14906588496102,-0.0637932201240474,0.390623893099567,-0.163311106286545,0.870273489746455,0.93064145198852,"LINC02199"
"ENSG00000250208.6",195.681663599959,-0.324993155692322,0.217186274620767,-1.49637980696432,0.134554708638803,0.296009341726775,"FZD10-AS1"
"ENSG00000250219.2",1.15182901386787,-1.22012932975449,1.16692009716954,-1.04559800856461,0.29574666911144,0.488455891195911,"LTV1P1"
"ENSG00000250220.1",16.1164376182162,-0.149768402419757,0.132161072428093,-1.13322629476425,0.257119234552362,0.447970625147929,"AC053527.2"
"ENSG00000250221.1",5.66818804299701,0.418755493224501,0.165369907736783,2.53223515061174,0.011333795499764,0.0583514562675969,"KRT8P32"
"ENSG00000250230.3",20.2960297868503,-0.549684833864965,0.237464181736089,-2.31481156377457,0.0206232468089052,0.0869016271369294,"AP002754.1"
"ENSG00000250237.1",23.9362541619811,-0.125883801901507,0.156869508495787,-0.802474637095507,0.422278453983623,0.609904844409212,"AC010273.3"
"ENSG00000250240.6",10.1690582119252,-0.179422478925099,0.136247840758166,-1.31688310014077,0.187877812101016,0.366025864490558,"AC008840.1"
"ENSG00000250241.6",1.77739010669078,-0.615821524730021,0.294772616840776,-2.08914088197908,0.0366950432012357,0.126994602214006,"AC105383.1"
"ENSG00000250244.5",4.14020323108591,0.0744739672980483,0.291626822820906,0.255374202474456,0.798434093811873,0.888626088387237,"AC010307.4"
"ENSG00000250250.2",2.34824118014484,-0.895917306182525,0.748374129563747,-1.19715162615895,0.231247460630394,0.417889560666387,"CTD-2350J17.1"
"ENSG00000250251.6",136.748299161452,-0.184591771485565,0.100746324988619,-1.83224322580916,0.066915191457729,0.18857351186746,"PKD1P6"
"ENSG00000250258.1",6.10037297412639,-0.155793494317879,0.24580765340833,-0.633802455528424,0.526209750485157,0.697628806746202,"AC008496.2"
"ENSG00000250266.2",39.9893134833557,0.181454660814209,0.268336099536655,0.676221578563353,0.4988999741794,0.67561020298372,"LINC01612"
"ENSG00000250267.2",1.34844322283089,-1.29357504658032,0.494591721985251,-2.61544014806398,0.00891125377019903,0.0496622651106857,"AC021237.1"
"ENSG00000250271.2",4.62921361574188,0.605984235335616,0.362404004732548,1.67212345178919,0.0944999810249748,0.236053312445649,"AC068647.2"
"ENSG00000250274.2",7.65926497367332,0.174852633651527,0.145347811741404,1.20299460691308,0.228978407546676,0.415103627685896,"AC034199.1"
"ENSG00000250280.2",2.88472406317941,-1.28724965746033,0.358712772070217,-3.58852474092659,0.000332554439109361,0.00515469656757518,"AC026124.1"
"ENSG00000250282.1",3.89160022503847,0.0428811530957716,0.196063746205494,0.218710260951701,0.826875755408986,0.905267166222669,"AC002401.2"
"ENSG00000250284.3",2.02959619006125,-0.449873799493319,0.478360051174999,-0.940450186817002,0.346986689546629,0.540806993347792,"AC109439.1"
"ENSG00000250286.2",3.92029123365826,-0.15160557178754,0.186932094587805,-0.811019488771246,0.417354478980649,0.605762606535128,"AC021491.2"
"ENSG00000250290.1",8.04940740022175,-0.669851259430706,0.233043289236944,-2.87436407898295,0.00404841982092113,0.0290595648827421,"NCAPGP1"
"ENSG00000250292.1",1.65970168932974,0.0487925958631471,0.426889584267132,0.114297930100385,0.90900162328813,0.951866405467411,"AC093844.1"
"ENSG00000250295.6",49.4596761134153,-0.486952817212242,0.195749357213959,-2.48763431023678,0.0128595886255303,0.0634179061042484,"RDH10-AS1"
"ENSG00000250299.6",14.2209070937457,-0.172346689895,0.0979866917271675,-1.75887854623033,0.0785981398492054,0.209374929588702,"MRPS31P4"
"ENSG00000250302.3",9.66193039515895,0.0888229578016811,0.173942699041921,0.510644932445682,0.609599706929108,0.761610741623791,"LINC01618"
"ENSG00000250303.4",150.112956145325,0.0125253209973597,0.149394767750867,0.0838404261804344,0.933183305707782,0.964889338082835,"LINC02762"
"ENSG00000250305.9",170.382355658445,-0.295850611283851,0.158419427487029,-1.86751471064416,0.0618297444662447,0.1792807008002,"TRMT9B"
"ENSG00000250312.8",396.952393533791,0.165773409460486,0.103642187407236,1.59947810450122,0.109714409915279,0.259407843854085,"ZNF718"
"ENSG00000250315.2",1.3754690990254,-0.990670380010047,0.373808234396635,-2.65021015818202,0.00804417156859644,0.0463266915816089,"AC110760.2"
"ENSG00000250317.8",1125.05762670584,0.185620260321376,0.0763227096424091,2.4320449469241,0.015013844060648,0.070422078093992,"SMIM20"
"ENSG00000250318.1",51.2103548929449,-0.0585751757197941,0.10116094131415,-0.579029563770982,0.562569225167348,0.72607732515512,"AC003072.1"
"ENSG00000250320.6",71.1774796188283,-0.259070403206123,0.162028812779132,-1.59891564199308,0.109839347941964,0.259629493150998,"EDIL3-DT"
"ENSG00000250321.1",12.2049888375623,0.0563914633544622,0.161062307372759,0.35012203832366,0.726247112199152,0.842677486022597,"AC079140.2"
"ENSG00000250325.1",10.773343558742,0.410594321069198,0.294507460860663,1.39417290098283,0.163265399074143,0.33464230323065,"IGBP1P4"
"ENSG00000250326.2",23.028814854119,-0.115756634744229,0.102064013658896,-1.1341571881652,0.256728618565522,0.447500832350886,"AC104596.1"
"ENSG00000250327.1",14.1887884249492,0.0904044946627387,0.142211212659669,0.635705813711671,0.524968186401665,0.696908402642475,"RPSAP70"
"ENSG00000250328.6",124.163006809338,-0.403474534919862,0.166611902456126,-2.42164292569739,0.0154505239293441,0.0717325747008302,"MGC32805"
"ENSG00000250329.1",2.49234107678536,-0.14876460724168,0.315671642841433,-0.471263766053281,0.637452387420799,0.781309219688571,"KDELC1P1"
"ENSG00000250330.1",1.91361756630912,0.279919549106742,0.328624863602876,0.851790537203564,0.394330359373402,0.585115571836795,"AC016559.3"
"ENSG00000250331.2",3.47613412126919,-0.540771470556671,0.276301259109509,-1.95718062342359,0.0503262360956186,0.156341455475546,"LINC01340"
"ENSG00000250334.6",7.13739651972892,-0.132545596566971,0.179029250736998,-0.74035720990469,0.459083275664383,0.641606848761926,"LINC00989"
"ENSG00000250337.7",26.702330739641,-0.431837045485226,0.319767953484876,-1.35047005423466,0.176865252985618,0.352618412339074,"PURPL"
"ENSG00000250343.1",50.3615060470672,-0.0441350888800038,0.219504487751872,-0.201066909073377,0.840646256301565,0.913345162387756,"STK32A-AS1"
"ENSG00000250344.1",5.37205337161167,-0.3842470988003,0.225085936754491,-1.70711286693763,0.0878010760081069,0.225066309172921,"AC105254.1"
"ENSG00000250345.2",1.94012723918744,-0.45532596101059,0.409768820977868,-1.11117766335663,0.266491883781041,0.458087033457266,"AC104090.1"
"ENSG00000250354.1",1.2419742641247,-0.735659162858731,0.567109622146713,-1.29720804255445,0.194559614230046,0.374146626806812,"AC069272.1"
"ENSG00000250357.1",0.926006933682414,-2.01020178333765,0.927919062444417,-2.16635465817695,0.0302840959540611,0.111322557866684,"AC108935.1"
"ENSG00000250360.1",0.950724159140726,-1.21301761275212,0.535442122905985,-2.26545047701656,0.0234850497668311,0.0943966874184605,"AC008808.2"
"ENSG00000250362.1",4.43090092030525,-0.191730974219315,0.173335786655259,-1.10612458003633,0.268672601064366,0.460484782869288,"AC008592.1"
"ENSG00000250365.7",28.135520193975,-0.153912358219253,0.137525631244997,-1.11915398479476,0.26307445237504,0.454658313066975,"AL139353.2"
"ENSG00000250366.3",2.06143137745731,-2.07869929177497,0.532693559087001,-3.90224221095841,9.53057175932687e-05,0.00213383541078191,"TUNAR"
"ENSG00000250371.1",1.20274729094469,0.294611228698365,0.337645166811411,0.872546855862199,0.382910118192156,0.574322050951545,"AC007370.2"
"ENSG00000250378.4",5.92070175893479,0.378585949775841,0.306611262337782,1.23474247778533,0.216926361489469,0.400631082091497,"AC114296.1"
"ENSG00000250384.1",1.50664752805041,-1.46094933493864,0.630892467193995,-2.31568676265302,0.0205753776902114,0.0867977742130738,"UBE2CP3"
"ENSG00000250387.3",2.19736474425072,-0.105840130565687,0.385130118194353,-0.274816550473666,0.783457182065718,0.879807275097132,"LINC02197"
"ENSG00000250397.2",52.4534833846279,-0.200464996296737,0.14269170932073,-1.40488187611622,0.160056406782525,0.33086277289813,"AP006623.1"
"ENSG00000250410.1",13.9136725515475,-0.264562248912552,0.196542361649438,-1.34608257829138,0.178275886488908,0.354198772076456,"AC112722.1"
"ENSG00000250412.1",10.3471809716704,0.182597513654649,0.1490633254082,1.2249660548939,0.220588010480331,0.405098826902845,"KLHL2P1"
"ENSG00000250413.1",4.92450916457397,0.157086868450239,0.170981416612011,0.918736501094142,0.358233412868281,0.551241681208341,"SLC2A9-AS1"
"ENSG00000250420.8",9.51582125774729,-0.726017355842721,0.260583105828751,-2.78612595983042,0.00533421396102748,0.0349838295636279,"AACSP1"
"ENSG00000250421.5",2.90557248827715,-0.768703438593694,0.374949019641135,-2.050154549889,0.0403493515982366,0.135336587019957,"AC106798.1"
"ENSG00000250423.2",7.78019722375051,-0.45727763096181,0.222553487007175,-2.05468643565701,0.0399093009310451,0.134443018910987,"KIAA1210"
"ENSG00000250431.1",2.81747971159902,-0.125127937868596,0.418347534691041,-0.299100454747524,0.764863399318975,0.867854854935813,"AC105914.2"
"ENSG00000250447.6",1.48620164179526,-0.7877263146141,0.444369894268716,-1.77268155375475,0.0762814893941042,0.205223404153366,"LINC02105"
"ENSG00000250448.1",0.519941647184975,0.578162558381501,0.888274197303814,0.650882982007586,0.515122027764461,0.689352367307021,"AC092335.1"
"ENSG00000250451.5",11.4360788679367,0.348690274467207,0.300289923165433,1.16117873950472,0.245569218892551,0.434602169072385,"HOXC-AS1"
"ENSG00000250453.2",0.799860682780574,-1.72747425087303,0.684695268256879,-2.52298260402893,0.0116364157288222,0.0593344693194081,"AC008825.1"
"ENSG00000250456.1",0.996073786641164,0.298210152539778,0.484695846503342,0.615252131189289,0.538388224947376,0.706665057093356,"LINC02260"
"ENSG00000250461.1",14.1584985272158,-0.0960220219258954,0.172287020484815,-0.557337526969181,0.577296840504059,0.736791524607132,"AC122718.1"
"ENSG00000250462.8",279.642932572645,-0.116549987640658,0.0474397813665682,-2.45679858303044,0.0140181256978173,0.067134431452459,"LRRC37BP1"
"ENSG00000250471.2",7.38963273352275,0.273869311214549,0.1286008987179,2.12960651087914,0.0332041130762634,0.118472246988322,"GMPSP1"
"ENSG00000250473.1",2.23662289863805,-2.81275874693207,0.580183620232382,-4.8480492189791,1.24681470507063e-06,8.75742657719756e-05,"DUTP7"
"ENSG00000250474.2",14.8734386936618,0.239248727566991,0.108513350832071,2.20478609988958,0.0274691079022215,0.104506618689518,"WBP1LP2"
"ENSG00000250479.9",931.843818867744,0.320854111112167,0.0995174778305037,3.2240980992167,0.00126370101408651,0.0129432852591804,"CHCHD10"
"ENSG00000250486.5",36.0102261875167,-0.0830702886159874,0.136288499523891,-0.609517963042987,0.54218116993752,0.710131254081318,"FAM218A"
"ENSG00000250490.1",11.7142101273953,-0.0466978908995797,0.195398418282854,-0.238988070169436,0.811114833370389,0.896261152083384,"LINC02145"
"ENSG00000250506.8",10.8238453845823,-0.193938518399315,0.124234856584027,-1.56106364777058,0.118508734170583,0.272749224886973,"CDK3"
"ENSG00000250508.1",49.8239042948651,0.0383192779151547,0.148540594326425,0.257971755727234,0.796428705285006,0.887783334728626,"LINC02701"
"ENSG00000250509.2",20.2559219791572,0.336311966157008,0.203871594566374,1.64962640760391,0.0990193704176218,0.242900965171963,"AC034213.1"
"ENSG00000250510.8",233.355865485039,-0.471584797559345,0.135499465140356,-3.48034434726998,0.000500769707382581,0.0067690320210671,"GPR162"
"ENSG00000250511.1",3.59507693023763,0.585935171113311,0.444514192412289,1.31814727429412,0.187454351741828,0.365564534474033,"AC098798.1"
"ENSG00000250514.1",0.758414372523133,0.641693572746012,0.60840704636617,1.05471094816974,0.29155754308297,0.483981878505793,"LINC02125"
"ENSG00000250519.7",73.1018281796273,-0.0170673822527732,0.111297535365097,-0.153349148269869,0.878122944268076,0.934932752910683,"AP002784.1"
"ENSG00000250522.1",8.15257047485751,-0.343354678996963,0.163454659054687,-2.1006111479642,0.035675114642642,0.124490505413377,"AC004066.1"
"ENSG00000250526.1",2.72491145763851,-0.00701069384656764,0.224502475730784,-0.0312276905800123,0.975087956789763,0.987696341286406,"CCT6P2"
"ENSG00000250535.1",6.61992911321094,1.2565277769897,0.30443543587506,4.12740314995848,3.66882868543975e-05,0.00104487864349312,"STK19B"
"ENSG00000250539.1",35.1475203340714,0.286023348690132,0.102066212729046,2.80233135963841,0.00507347336636552,0.033775474662349,"KRT8P33"
"ENSG00000250541.1",5.44767925318494,-0.763661814387065,0.234581740029162,-3.25541883307767,0.00113225255030055,0.0120051223430434,"AC092436.3"
"ENSG00000250546.6",18.7744144696431,-0.542516724742214,0.387839339859805,-1.39881819347754,0.161867509104653,0.332966016720495,"AC079160.1"
"ENSG00000250548.7",23.9472465408773,0.251931013496394,0.188723504785525,1.33492123189796,0.181902127941805,0.358963164339193,"LINC01303"
"ENSG00000250551.1",3.41545640716827,-0.0259240285072159,0.201578703966049,-0.128604996446362,0.897670212551578,0.945656794941599,"MIR583HG"
"ENSG00000250563.1",2.78145345085461,-0.0845170324924923,0.519790809122567,-0.162598166433842,0.870834830754753,0.930897544124289,"KNOP1P5"
"ENSG00000250564.2",5.73701979465421,0.484293547894925,0.314897991475156,1.53793787513927,0.12406380544146,0.280780147055866,"AC109454.3"
"ENSG00000250565.7",288.507474632056,0.055921336301702,0.0820322390242411,0.681699499695197,0.495428983887166,0.672758288330652,"ATP6V1E2"
"ENSG00000250568.1",6.11170639053284,0.2029445644559,0.202203694361799,1.00366397902095,0.315540604933619,0.5095568389916,"AC098591.3"
"ENSG00000250569.1",18.5121415610591,-0.107153137106796,0.125292858267035,-0.855221427532783,0.392428575965039,0.583134326248786,"NTAN1P2"
"ENSG00000250571.7",346.928076554598,0.0798026152622785,0.0993863562517174,0.802953426123814,0.42200165437934,0.60973772637359,"GLI4"
"ENSG00000250579.2",8.84509862328081,-0.461135228099079,0.231593070278617,-1.99114432717832,0.0464650223778378,0.148574720517226,"CTD-2297D10.2"
"ENSG00000250582.1",2.76841665681446,-2.1801278137335,0.516198007303529,-4.22343322308016,2.40608683014349e-05,0.000760739305184875,"SMAD1-AS2"
"ENSG00000250584.3",4.31474490962324,-0.0558909760949469,0.182027276235454,-0.307047258250743,0.758807401540935,0.863927734748046,"LINC01511"
"ENSG00000250590.6",6.05070677942807,0.608349660147504,0.571196596645226,1.06504426623073,0.286855898481036,0.47933614877179,"LINC02492"
"ENSG00000250592.1",1.11442736076981,-0.149886741893244,0.992022564603301,-0.151092069113551,0.879903088609754,0.935780658970916,"AC055733.2"
"ENSG00000250596.2",9.88776604198526,-0.0389173580929122,0.219964451163524,-0.176925670884795,0.859566774254279,0.924698094069009,"AC096751.1"
"ENSG00000250602.6",28.2146848444826,-0.645537469300826,0.165312390013981,-3.90495515336891,9.42428603829871e-05,0.00212432467889695,"AC093535.1"
"ENSG00000250608.2",103.496387635388,-0.571363320568402,0.1526724220355,-3.74241341658644,0.000182261340764335,0.00336594464982635,"AC010210.1"
"ENSG00000250612.2",2.46997488812652,-1.94966411130015,0.748825717093921,-2.60362867726619,0.00922426339259209,0.0508446852543468,"AC114786.2"
"ENSG00000250614.1",3.59193210560014,-0.481809942020156,0.284232443719771,-1.69512648068839,0.090051429786147,0.228739013646921,"AC005522.1"
"ENSG00000250616.2",47.5104762639861,-0.258943396123051,0.133837295108876,-1.93476262287281,0.0530194317241984,0.16184333449593,"AC012645.1"
"ENSG00000250620.2",0.842415107625956,-0.279624303001372,0.577128846597636,-0.484509316506788,0.628024454080243,0.775311614263463,"LINC02515"
"ENSG00000250624.1",1.02029680096851,0.00936920885107797,0.702992132644045,0.013327615510915,0.989366416151439,0.994624395112173,"MTCYBP43"
"ENSG00000250629.1",5.18543590091605,-0.609351712399241,0.215019231550063,-2.83394051781534,0.00459778892300919,0.0315747084599309,"AC091435.2"
"ENSG00000250634.6",2.99364513895075,0.67854088790501,0.244351518037544,2.7769047368912,0.00548792610317298,0.0356854538579957,"LINC01182"
"ENSG00000250643.1",3.66597942236104,-0.235220932063247,0.264377343223815,-0.88971667993545,0.373618035323705,0.565608641780288,"AC083906.3"
"ENSG00000250644.3",50.7395259898872,-0.189877095827649,0.168637543598963,-1.12594794596389,0.260187553226966,0.451337345035514,"AC068580.4"
"ENSG00000250646.1",1.12292493505819,-0.624593022839477,0.513889319042682,-1.21542324328325,0.224204707455892,0.408988402023397,"AC111194.2"
"ENSG00000250654.7",12.9732990149106,-0.01143032258941,0.171909001317509,-0.0664905415179437,0.946987287821976,0.972211521705356,"AC023794.3"
"ENSG00000250658.1",4.19874208658445,-0.607425588408746,0.291940844705478,-2.0806461289154,0.0374663083453166,0.12877771264056,"AC097652.1"
"ENSG00000250659.2",3.99942211477192,0.0872637177362216,0.221418990763329,0.394111261348383,0.693498897136892,0.821017665257754,"AP001363.1"
"ENSG00000250669.1",2.74912238349863,-0.88297555458182,0.268152035820845,-3.2928168972461,0.000991890480604857,0.0109674559185578,"AC112206.4"
"ENSG00000250673.2",25.5762051573545,0.0120099213190542,0.199025294727375,0.0603436931748069,0.951881903207221,0.974747914723118,"REELD1"
"ENSG00000250682.6",37.5849855292683,-0.374381304326803,0.400507946169831,-0.934766233497027,0.349908784779327,0.543572808488096,"LINC00491"
"ENSG00000250686.2",6.99606834423363,-0.647880355157194,0.273602717919732,-2.36796023110876,0.0178864584051454,0.0793138864034518,"KHDRBS2-OT1"
"ENSG00000250687.6",6.93719682245273,-0.210229594659612,0.149185408230942,-1.40918335883206,0.15878095712339,0.328995170868124,"NAIPP1"
"ENSG00000250696.5",1.35179191571564,-0.297566879665623,0.51588449024216,-0.576809121603835,0.564068406944907,0.72697739419196,"AC111000.4"
"ENSG00000250697.2",12.7968683147505,1.67840625972369,0.269368352224141,6.23089626478128,4.63774141782058e-10,2.14450451421528e-07,"AC010343.3"
"ENSG00000250698.1",2.73091746059894,-1.01645041887853,0.382958863796184,-2.65420261801148,0.0079496076388521,0.045956986824154,"AC131182.1"
"ENSG00000250708.2",2.50928653480142,0.675659787553367,0.479604212043142,1.40878618366385,0.158898401757579,0.329177057414914,"LINC02269"
"ENSG00000250711.1",1.38592157391095,-0.484066857604362,0.415913822668155,-1.16386335635347,0.244479391665282,0.433449256302694,"PRELID3BP7"
"ENSG00000250722.6",2450.77731544475,-0.137133446274762,0.14054698749425,-0.975712455454598,0.329206978120903,0.522809844478225,"SELENOP"
"ENSG00000250731.1",25.8642062945347,0.163555439378261,0.115358122024174,1.41780601580864,0.156247407343142,0.32573230636664,"TPM3P6"
"ENSG00000250733.6",2.78093594638342,-2.01663244354013,0.381873958121389,-5.28088496387881,1.285613946862e-07,1.71728451621746e-05,"C8orf17"
"ENSG00000250735.5",3.76683462010512,-0.620147671184108,0.582839962169821,-1.06401021109705,0.287324073831762,0.479767324104135,"AC096759.2"
"ENSG00000250740.1",5.27428646603811,-0.537826840628744,0.263014816939636,-2.04485377244803,0.0408692765696853,0.136497685499684,"AC109361.2"
"ENSG00000250742.4",214.36884623281,-0.0744169047990126,0.148225998001762,-0.50205028673936,0.615632148452375,0.765990623878674,"LINC02381"
"ENSG00000250746.1",7.89965040884903,0.102498006426438,0.181935800081109,0.563374588073064,0.573179837504651,0.73367459938648,"AC105250.1"
"ENSG00000250748.6",8.98836496676277,1.67984552257116,0.298520371789799,5.62723914786629,1.83116774651607e-08,3.76327578918269e-06,"AC025419.1"
"ENSG00000250749.1",1.32448479682989,-0.874903099545799,0.611874345702352,-1.42987380610234,0.152753241138682,0.321075270548483,"AC122714.1"
"ENSG00000250753.2",1.26636625208709,-0.270380763600211,0.50548267517258,-0.534896202936923,0.592721634105046,0.748773902377473,"AC119751.4"
"ENSG00000250762.1",4.60893073192485,0.264327928406374,0.14734825073756,1.79389933089307,0.0728292382818262,0.199305085856349,"Z99943.2"
"ENSG00000250764.1",19.9187300925856,-0.402809300788362,0.136045879623148,-2.96083425609183,0.00306806998873287,0.024011578310974,"AC025178.1"
"ENSG00000250770.3",35.5616412813419,-0.228887972864152,0.222921695765798,-1.02676400373619,0.304531603040802,0.497765589318863,"AC005865.1"
"ENSG00000250771.2",43.5762636745754,-0.358389843072629,0.157819686256496,-2.27088173581943,0.0231541381873832,0.0935522721689988,"AC106865.1"
"ENSG00000250775.2",2.31012516574787,-0.0656939598744916,0.752888804811933,-0.0872558596364061,0.930468139052856,0.963195523746489,"AC093730.1"
"ENSG00000250777.2",3.65150534980838,-0.48755574313798,0.197370469426353,-2.47025679451964,0.0135016091724606,0.0655834657395286,"AC131956.2"
"ENSG00000250786.2",313.933986462971,-0.0580759524748036,0.147230108744841,-0.394457037150279,0.693243640555297,0.820861419248409,"SNHG18"
"ENSG00000250790.4",42.2784408874589,-0.570391273685975,0.142029568468103,-4.01600370850997,5.91933244200191e-05,0.00150207572402111,"AC127070.2"
"ENSG00000250794.2",4.87897576935988,-0.0759664269147756,0.160488564997445,-0.47334479510104,0.635967208357534,0.780268222474771,"ALG1L12P"
"ENSG00000250799.11",0.75097432000141,-0.522080882521631,0.539497193452327,-0.967717513377138,0.333185469093415,0.526772984918507,"PRODH2"
"ENSG00000250802.7",81.9599539044499,-0.405854846562211,0.134559265618949,-3.01617911405321,0.00255981999441653,0.0212575018025687,"ZBED3-AS1"
"ENSG00000250803.6",9.94891355185039,-1.15047687649823,0.257725987432943,-4.46395370508596,8.0460956396114e-06,0.000341090094867204,"AC010255.2"
"ENSG00000250822.1",1.6298428663073,0.501448670351466,0.424858412605986,1.18027242835017,0.237891880422523,0.425607736842767,"LINC02111"
"ENSG00000250829.2",1.45798711920663,-0.17146140439369,0.346987955873461,-0.494142236038354,0.621205731158756,0.769956532052733,"AC108865.1"
"ENSG00000250835.1",0.999279683408321,-1.95352421775106,0.939528391092695,-2.07926044201715,0.0375934189143121,0.129083920783229,"LSM3P4"
"ENSG00000250838.1",1.19494511936648,0.939473981031814,0.974424323372249,0.964132317408211,0.334979592009748,0.528453163228797,"AC091133.3"
"ENSG00000250846.6",1.16721450683509,-0.654190914944122,0.50695522372557,-1.29043135237177,0.196900932283071,0.377030122419065,"EPHA5-AS1"
"ENSG00000250848.1",18.5302987950664,-0.510689662054219,0.169655693398233,-3.01015339848027,0.00261115777500367,0.0214777389782665,"AC021087.2"
"ENSG00000250853.1",3.08186275442671,-0.148751873527128,0.283521096014355,-0.524658925273048,0.599820315896384,0.754171435255358,"RNF138P1"
"ENSG00000250859.1",29.6478648228303,0.0398803208429592,0.095652340929139,0.416929899002715,0.676729683354616,0.810234778410256,"HNRNPKP1"
"ENSG00000250863.2",5.95978270339551,0.331481870158437,0.229721916871136,1.4429701557139,0.149028878519454,0.315829333155528,"AC114757.1"
"ENSG00000250869.2",3.3120738708428,-1.42621452279047,0.281169533641768,-5.07243620714462,3.92754818206614e-07,3.75746728808989e-05,"AC087359.1"
"ENSG00000250874.1",7.38295186787503,0.145639164439398,0.465589052130508,0.312806247855188,0.754427868331692,0.860796018381953,"AC010595.1"
"ENSG00000250878.3",5.31772913522799,-0.183041019860356,0.177885645096875,-1.0289813984747,0.303488416010369,0.496708280121582,"METTL21EP"
"ENSG00000250882.1",2.42714191329999,-0.946565729366602,0.33954144536575,-2.78777669791378,0.00530711112559127,0.0348844325181264,"AC010261.1"
"ENSG00000250891.2",6.57416267634916,-0.0703477527477089,0.257668561729053,-0.273016437378503,0.78484058020648,0.88049085121932,"LINC02208"
"ENSG00000250892.1",2.93536935701276,-0.401718023929982,0.265135037804683,-1.51514498896942,0.129735690636603,0.289505756121116,"AC108475.1"
"ENSG00000250893.1",17.479442082567,-0.326989831656824,0.165651984119114,-1.97395662596893,0.0483866750916373,0.15243542522955,"AC098869.2"
"ENSG00000250896.1",13.0872638416868,0.0823609879628046,0.144193021724848,0.571185671661473,0.56787378978969,0.729631911217512,"RNPS1P1"
"ENSG00000250899.3",166.094403460209,0.0402039218748615,0.13960513025698,0.287983126414162,0.773359654946817,0.873280941965669,"AC125807.2"
"ENSG00000250900.6",3.16382239629649,0.120007529209714,0.17647164202453,0.680038604689999,0.49648001728587,0.67351109182212,"TRIM7-AS1"
"ENSG00000250903.9",491.417934804447,-0.31612008178416,0.114962228671354,-2.74977342939186,0.00596364842204341,0.0378287442702371,"GMDS-DT"
"ENSG00000250909.1",8.68251170394684,-0.36941514233247,0.142913516853425,-2.58488595386921,0.00974112123902263,0.0526821230361891,"AC138956.1"
"ENSG00000250910.8",4.72042695863961,-1.27525328554563,0.304549601930237,-4.1873418236736,2.82240589802059e-05,0.000853515615970381,"AC097467.3"
"ENSG00000250920.3",1.01548056841647,0.294283372538395,0.513673104992201,0.572900098678251,0.5667123377769,0.728870967380296,"AC105460.1"
"ENSG00000250930.5",2.36470414600201,-1.28429674405873,0.469043528446261,-2.73811846058946,0.00617918137289471,0.0386843710883384,"LNX1-AS1"
"ENSG00000250933.1",1.56418965564665,-0.0139184879795735,0.365334117308461,-0.0380979692838863,0.969609570413054,0.984723672373918,"GAPDHP66"
"ENSG00000250934.2",11.5146215705058,0.24301385263329,0.212341641992248,1.14444745907241,0.252438115689429,0.442671184565222,"AC016924.1"
"ENSG00000250938.6",11.0064572744196,0.0183284900128464,0.160439308857746,0.114239397709557,0.909048021469962,0.951866405467411,"AC073475.1"
"ENSG00000250942.1",5.97162363868067,-0.505362046150223,0.227109431994926,-2.22519180163998,0.0260683649876114,0.10112958232726,"ENPP7P11"
"ENSG00000250950.1",3.44633770329292,-0.358116394154035,0.230753348710704,-1.55194451631992,0.120675500016178,0.275766999934011,"AC093752.2"
"ENSG00000250954.6",1.87779933647383,-1.55729406869579,0.691850359780821,-2.2509116988667,0.0243911306274382,0.0968641941509969,"AC016687.3"
"ENSG00000250955.1",1.16715360262754,-0.918340835332084,0.805698858248428,-1.1398065492218,0.254366904620848,0.444868719747904,"AC008592.2"
"ENSG00000250959.2",70.823645963341,-0.336441976889427,0.0976485914896072,-3.4454360452832,0.000570138864522712,0.00737099943991705,"GLUD1P3"
"ENSG00000250961.2",3.54916687154242,-0.309720146418328,0.265141115155261,-1.1681332268553,0.242753029479421,0.431360835314815,"AC025470.2"
"ENSG00000250966.2",10.2773230765823,-0.0647010658788949,0.109301159133889,-0.591952239039288,0.553882571229676,0.718924461752421,"H3P14"
"ENSG00000250971.3",3.19738511118069,-0.209985048381743,0.241339328653568,-0.870082176631755,0.384255497198796,0.575776599370097,"AC110772.2"
"ENSG00000250974.4",3.70225015659782,-0.727730469032981,0.510398591351049,-1.42580814556452,0.153923729026885,0.322584836364856,"LINC02196"
"ENSG00000250978.5",60.7354192166955,-0.0883563629415987,0.267657404746164,-0.330109914296571,0.74131691223384,0.852512225056229,"AC079467.1"
"ENSG00000250979.1",5.4331704314269,-0.663623766182627,0.30454970930289,-2.17903266991011,0.0293292413346633,0.1090498289929,"AC022905.1"
"ENSG00000250980.1",2.39498788722258,-1.67910667974153,0.356750776451563,-4.70666580306519,2.51801197900372e-06,0.000148113379535284,"NSA2P6"
"ENSG00000250982.2",56.7836395629398,0.242547014303221,0.185963945446151,1.30426902764038,0.192141871644933,0.371356050892532,"GAPDHP35"
"ENSG00000250986.1",20.9951379654483,0.112710596880127,0.200878520330213,0.561088346802078,0.574737311834008,0.734905301028906,"LINC02600"
"ENSG00000250988.7",12.9293252395419,-0.0220423877783448,0.109245787051269,-0.201768767229443,0.840097499487565,0.913046911841462,"SNHG21"
"ENSG00000250990.1",13.2902668188506,-0.278575536560195,0.186304840038793,-1.49526730761364,0.13484469360597,0.296351444573514,"AC098851.1"
"ENSG00000250993.1",0.561069262179213,-0.50996094718327,0.923561367328256,-0.552167906999534,0.580833320096722,0.739462495735542,"AC020551.1"
"ENSG00000250994.1",3.57947963394253,0.0677357485111636,0.215431363897023,0.314419160171782,0.753202705789403,0.860194075324046,"AC005355.1"
"ENSG00000250995.1",24.6805809525302,0.0491489025308056,0.120695049119723,0.407215564261069,0.683849671197647,0.814809501939133,"TMEM30BP1"
"ENSG00000250999.2",22.7248608167223,-0.187514037919366,0.107910817882647,-1.73767599577725,0.0822679206640938,0.215898180686286,"AC136604.2"
"ENSG00000251000.1",19.1388146669984,0.0919828077199325,0.0919385119313464,1.00048179797188,0.317077402022749,0.510961178390289,"GGCTP1"
"ENSG00000251001.1",1.23376243000748,-0.741804294376777,0.855377245844812,-0.867224722168212,0.385818893134374,0.577176742715018,"AC026427.2"
"ENSG00000251002.8",20.2907291345009,-0.294252651803432,0.135379096989983,-2.17354568279625,0.0297392714599526,0.110024398790555,"AC244502.1"
"ENSG00000251003.9",168.193783473658,-0.000962207559884649,0.230953420596347,-0.00416624078309871,0.996675830419161,0.998444102681231,"ZFPM2-AS1"
"ENSG00000251008.1",10.3990091386063,0.0254715867102999,0.189064567137983,0.134724274864841,0.892829879599441,0.943380785854969,"ORAOV1P1"
"ENSG00000251009.2",4.29567340289692,-0.380353876449113,0.187536056939915,-2.02816398433169,0.0425435143613907,0.140140617753416,"AC133961.1"
"ENSG00000251011.6",6.83199301243913,-1.96851458420477,0.432815762490878,-4.54815825762876,5.41174342570153e-06,0.000254841830087526,"TMEM108-AS1"
"ENSG00000251022.6",1330.72572845936,-0.0264961394922811,0.0689139380519242,-0.384481575734609,0.700621548917098,0.825428827208923,"THAP9-AS1"
"ENSG00000251023.1",48.4816627182314,-0.424846067310749,0.137511097882295,-3.08954021786957,0.00200466563436013,0.0179174356020784,"AC114980.1"
"ENSG00000251026.2",15.9951795660327,8.87991428050115e-05,0.398410468836569,0.000222883557915336,0.999822164651755,0.999942303095643,"LINC02163"
"ENSG00000251034.2",78.9702516689954,-0.39060292233181,0.157951580673919,-2.47292822689876,0.0134011053786539,0.0652666766195908,"AC087854.1"
"ENSG00000251039.2",193.806330073503,-0.483546241688325,0.245556019738535,-1.96918911702185,0.0489313781515132,0.153541222695413,"IGKV2D-40"
"ENSG00000251045.1",0.673981081783943,-1.11535462309686,0.473268809624467,-2.35670426703564,0.0184379239755573,0.0808345374174971,"SLC25A48-AS1"
"ENSG00000251046.2",1.71898030809059,-0.488245796842735,0.3724738294736,-1.31081906487967,0.189918899877838,0.368621811556746,"ZNF969P"
"ENSG00000251050.1",6.10515673443642,-0.197816601477977,0.170421561520311,-1.16074867354387,0.245744121428327,0.434809493077341,"RBX1P2"
"ENSG00000251054.1",1.91245561137948,-0.855631934391791,0.466133093494459,-1.83559576939148,0.0664174633262244,0.187663295130271,"AC008883.2"
"ENSG00000251061.2",2.33007716447382,-1.16410514140102,0.335727213808101,-3.46741370232325,0.000525492444791689,0.00697776875875372,"LINC02512"
"ENSG00000251066.1",1.29676510642102,0.138636505129081,0.260607840518076,0.531973653799051,0.594744242997862,0.750343706928183,"AC026700.1"
"ENSG00000251076.1",3.91279266142759,-0.680787330099224,0.414428873759012,-1.64271211106564,0.100442511798549,0.245013549239918,"AC104126.1"
"ENSG00000251079.6",6.74147091238237,-0.253943399956717,0.165120727215331,-1.53792563925396,0.124066797509066,0.280780147055866,"BMS1P2"
"ENSG00000251087.3",7.81540891433962,0.333030779975951,0.32556200155584,1.02294118596279,0.306335654678307,0.499771301573228,"ALG1L3P"
"ENSG00000251093.1",3.33513218589711,0.736862648580299,0.298339980884012,2.46987563114035,0.013516003341987,0.0656438073325708,"AC093281.2"
"ENSG00000251095.7",17.745711467847,-1.30602369222663,0.288074559509559,-4.53363078798109,5.79783381388718e-06,0.000268093446063536,"AC093866.1"
"ENSG00000251102.1",2.74191423171769,0.0823663150728493,0.208159662693954,0.395688165549865,0.692335086995913,0.820077277950508,"CTBP2P4"
"ENSG00000251111.2",3.59328770721628,-1.4418653881685,0.314169532438968,-4.58945008758479,4.44415245125153e-06,0.000222160912251527,"FCF1P8"
"ENSG00000251112.2",0.788462699692233,-1.09365240747427,0.655167723476572,-1.66927088787423,0.0950637069732862,0.236933372979609,"AC106794.2"
"ENSG00000251127.2",6.09720179635237,0.130436176013245,0.361557066890115,0.360762346965513,0.718277112611728,0.838079371709434,"AC091173.1"
"ENSG00000251128.1",1.85426770905639,0.261517442032708,0.447653280302464,0.584196416154954,0.55908817243918,0.723087659273468,"WWC2-AS1"
"ENSG00000251129.2",8.65964788795857,-0.517880511156119,0.442836193867699,-1.16946292630914,0.242217169752382,0.430615487401403,"LINC02506"
"ENSG00000251131.2",27.4133255798225,-0.292356704774715,0.157346463239685,-1.85804433576222,0.0631627185435571,0.181611226225982,"AC025171.3"
"ENSG00000251136.9",483.355390897309,-0.227618628225395,0.119096263069539,-1.91121553572585,0.055976888194331,0.16756325648749,"AF117829.1"
"ENSG00000251138.7",83.9826397810115,-0.521668524479373,0.31118943807454,-1.67636963422395,0.0936658129872407,0.234626131350854,"LINC02882"
"ENSG00000251139.2",9.00119873055782,-0.19761298403337,0.210532744823398,-0.938633010267046,0.34791919840665,0.541764859235049,"AC084871.1"
"ENSG00000251141.6",74.5952849767094,0.242744001398889,0.142106577194489,1.70818273292634,0.0876024414172702,0.224782125788453,"MRPS30-DT"
"ENSG00000251143.1",24.7279368862789,-0.507756111780955,0.153041351311961,-3.31777070333063,0.000907389408746175,0.0102750796075325,"AP002490.1"
"ENSG00000251144.1",5.28755926036953,0.163391099656875,0.272200511135233,0.600260076571644,0.548332921200334,0.71482669608573,"AC113346.1"
"ENSG00000251149.1",1.07851298619742,-1.82804350450734,0.983230182611762,-1.85922232335412,0.062995631867953,0.181342485334006,"MTND5P5"
"ENSG00000251151.2",20.8419831161367,0.184458782508732,0.446408580142978,0.413206176390366,0.679455563326204,0.811840154673389,"HOXC-AS3"
"ENSG00000251152.1",16.7279722700598,-0.722859216696526,0.225729460206856,-3.20232554507554,0.0013632284337575,0.0136382758327714,"AC025539.1"
"ENSG00000251161.4",29.735587243932,0.207043799244768,0.137662441425041,1.50399627597413,0.132582325615962,0.293294087813236,"AC020661.1"
"ENSG00000251165.6",5.05492372167919,-0.447214590009569,0.310489503120233,-1.44035333083834,0.14976746016096,0.316846161983786,"F11-AS1"
"ENSG00000251169.2",52.1654810665522,0.718736679924175,0.202890565865855,3.54248447608639,0.000396376752377582,0.00578289711520896,"LINC01843"
"ENSG00000251171.1",3.3431040271098,0.0369269243860517,0.582560144679556,0.0633873166973408,0.949458086750148,0.973313670664553,"AC096741.1"
"ENSG00000251175.5",5.05515282557913,-1.10373017537974,0.212508112073361,-5.19382608320721,2.0601560773624e-07,2.4335103083541e-05,"GSTCD-AS1"
"ENSG00000251179.1",43.3812135825978,0.0689841963648658,0.14447316637741,0.477487952223995,0.633014697882603,0.778190618735895,"TMEM92-AS1"
"ENSG00000251185.1",2.29228157313549,-1.40991379467974,0.431693285696416,-3.26600816226559,0.00109075105380765,0.0116913952969251,"AC025244.1"
"ENSG00000251186.1",1.65619294524608,-0.0483051853084548,0.336851120013343,-0.143402181077924,0.885972560527714,0.93938610360985,"AC105345.2"
"ENSG00000251187.5",3.78361399708696,-1.01458119678004,0.289969720589443,-3.49892117948598,0.000467144653032963,0.0064480294085516,"AC010261.2"
"ENSG00000251188.1",12.8444364791162,-0.396918417954724,0.158063716247408,-2.51112922926252,0.0120345632271586,0.0606185999563039,"AC079140.3"
"ENSG00000251191.8",18.6066697210397,-0.289801514473796,0.236485192206802,-1.22545311090924,0.220404546468218,0.404962945119557,"LINC00589"
"ENSG00000251192.7",173.176782704226,-0.181802095127796,0.0627175450632245,-2.89874380358039,0.00374660897024673,0.0274748573670538,"ZNF674"
"ENSG00000251194.2",21.4555997087766,-0.630447463807221,0.180110164167989,-3.50034361869329,0.000464658778407033,0.00642520838612131,"AL133330.1"
"ENSG00000251199.6",6.55208685133941,0.0566223040031374,0.331123271900856,0.171000678019668,0.864223232465649,0.927736256777273,"AC015631.1"
"ENSG00000251203.1",2.34979426210881,0.215529850034182,0.243925094270222,0.883590311521686,0.37691741095574,0.568436659958395,"DNAJB6P2"
"ENSG00000251204.1",0.910266572558382,0.0992139670922891,0.437823768614234,0.22660708304237,0.820729284093684,0.902187078790604,"AC027313.1"
"ENSG00000251206.1",1.84989543475044,-0.769879516193903,0.391360152010496,-1.96718933248282,0.0491613873812135,0.15395824194175,"AC010420.1"
"ENSG00000251209.9",38.6469340577376,-0.839437825641667,0.240235679825479,-3.49422627917502,0.000475437863745333,0.00653001353039331,"LINC00923"
"ENSG00000251211.1",16.9582419239765,0.217935535660484,0.122596437014164,1.77766614567523,0.0754587030229659,0.203845508180364,"AC136632.2"
"ENSG00000251215.1",2.52662416385061,-1.26943132990912,0.337965796700167,-3.75609408497428,0.000172585833464555,0.00322622131023887,"GOLGA5P1"
"ENSG00000251218.1",1.64393172797696,0.229311275373696,0.280276811992601,0.818159995981934,0.413265834386149,0.602375527525856,"AC103764.1"
"ENSG00000251224.1",2.26888300370381,-0.951132340955944,0.481510794869878,-1.97530844809611,0.0482331551110626,0.1521245199993,"CNOT10-AS1"
"ENSG00000251226.1",3.66641168121833,0.364299959888241,0.292682624414902,1.24469281569587,0.213244687814084,0.396105526873999,"LINC02714"
"ENSG00000251229.1",7.69124559697312,-1.32397680635076,0.208675743128717,-6.34466079526114,2.2291605282579e-10,1.18114242187757e-07,"AL645924.2"
"ENSG00000251230.6",27.0610989229075,0.305880346110212,0.220186406460365,1.38918814756747,0.164775544890459,0.336577467450038,"MIR3945HG"
"ENSG00000251234.1",1.76119764081608,-0.722224551539835,0.434406570545381,-1.66255439146123,0.096401667118143,0.239033343514138,"PSMA2P2"
"ENSG00000251244.2",5.49777869812478,0.285276350934622,0.20075536651736,1.42101481959614,0.155312451211132,0.32445362603829,"AC107208.1"
"ENSG00000251247.11",212.535645321413,-0.14895945813156,0.0777448352044967,-1.91600455181033,0.0553645163111284,0.166368720449617,"ZNF345"
"ENSG00000251254.1",2.72816310716936,-0.145106509731744,0.233257904995586,-0.622086139950925,0.533885228140078,0.702967746113542,"GTF2F2P1"
"ENSG00000251257.2",2.63644948679914,0.110633374426413,0.202468459825805,0.546422758989708,0.584775369258056,0.742801030670207,"AC010457.1"
"ENSG00000251258.2",1.02617011088658,1.50251494195981,0.411770265837354,3.64891558865811,0.000263349610555497,0.00437073708086947,"RFPL4B"
"ENSG00000251259.1",14.2070081901871,-0.0713738615100013,0.121993906883808,-0.58506087175305,0.558506787406837,0.722486859878245,"AC004069.1"
"ENSG00000251271.3",4.73100169957508,0.384659501030387,0.173233638183376,2.22046656217661,0.0263871130591869,0.101938660219009,"ALG1L7P"
"ENSG00000251273.4",13.4610021479063,-0.307855950564475,0.380016225804987,-0.810112646933284,0.417875436246996,0.606254440429285,"LINC02228"
"ENSG00000251281.1",3.03490438436195,2.54682197727427,0.452546577504394,5.62775657550862,1.82568482514083e-08,3.76327578918269e-06,"AC034223.2"
"ENSG00000251287.8",29.8952750320711,-0.0405123996971554,0.126488362287561,-0.320285589634355,0.748751846069822,0.857331379114445,"ALG1L2"
"ENSG00000251288.2",3.34078624476516,-0.19711306976697,0.245656880034942,-0.802391814708928,0.422326346415828,0.609921097090278,"AC018797.2"
"ENSG00000251297.1",3.441682264304,0.0337524206212925,0.202853646164576,0.166388040143528,0.867851585346393,0.929495989414105,"TUBB7P"
"ENSG00000251301.7",61.7526765786098,-0.271139900218201,0.160829215595754,-1.68588710212772,0.0918175466557336,0.231587383328646,"LINC02384"
"ENSG00000251306.1",1.73432797723231,-1.05787064266411,0.679170099771058,-1.55759307281152,0.119329741840563,0.27387598890789,"NDUFB4P2"
"ENSG00000251307.1",14.1138444491831,-0.507654775870239,0.171464240572775,-2.96070349231084,0.00306937280070852,0.0240161289433581,"AC026704.1"
"ENSG00000251309.1",1.58939335216951,-1.37018304406023,0.438554578995059,-3.12431589974499,0.00178219007601815,0.0165323082198028,"AP002075.1"
"ENSG00000251314.2",4.14893401336638,-0.167927255661502,0.187412256077406,-0.896031343820669,0.370236023185719,0.562663437253944,"AC104123.1"
"ENSG00000251320.1",5.6653149269225,-0.286016619398795,0.292068432103647,-0.979279470015766,0.327441911502628,0.521155156308299,"AC011352.3"
"ENSG00000251322.9",1277.20160481107,-0.0633823718107596,0.108517423264048,-0.584075532797491,0.559169495312479,0.723164744102799,"SHANK3"
"ENSG00000251323.3",13.6172274991251,-0.736297943964612,0.159281536312767,-4.62261955157696,3.78924297540219e-06,0.000198045944081735,"LINC02728"
"ENSG00000251330.3",9.7107624785282,-0.27601687870604,0.161377815558075,-1.71037684300981,0.0871962103412743,0.224154384286313,"AC114939.1"
"ENSG00000251332.1",1.82639044960982,-0.279689330449649,0.302674678418001,-0.924059230562365,0.355455478314733,0.548971528484131,"PSME2P4"
"ENSG00000251333.3",5.42259992487594,-0.0482262580199378,0.164890032938023,-0.292475276768636,0.76992326017431,0.871408581947388,"RTN3P1"
"ENSG00000251340.1",3.40887553140009,-0.613371387296755,0.264470023546537,-2.31924729718498,0.0203816312682702,0.0863094010224303,"MTCYBP35"
"ENSG00000251348.1",9.80357497051307,-0.58166061643418,0.22834390972477,-2.5473007672299,0.0108559822665863,0.05666795509587,"HSPD1P11"
"ENSG00000251350.2",28.3912007617832,0.569931299332888,0.309905310722745,1.83904979880378,0.0659078618016533,0.186603490344625,"LINC02475"
"ENSG00000251354.3",3.51015720223791,-1.54834084355234,0.338948581065408,-4.56806999659205,4.92235664523316e-06,0.000238117284819502,"AC024451.1"
"ENSG00000251359.4",24.6921819824475,0.339614430069765,0.135920238846111,2.4986303213775,0.0124674292159481,0.0620538377764331,"WWC2-AS2"
"ENSG00000251361.1",3.69249957567354,-0.139735130214638,0.302885973669882,-0.461345662598878,0.644550629192326,0.786621117950883,"AC012625.1"
"ENSG00000251363.3",26.9554938551843,0.430757132547647,0.319595214721556,1.34782097073306,0.177715971319234,0.353742546522257,"LINC02315"
"ENSG00000251364.7",114.547178918845,-0.0629317894691645,0.128615836922941,-0.489300470103612,0.624628988302131,0.772962121154581,"AC107884.1"
"ENSG00000251365.4",47.1713639918653,-0.51591145083943,0.160717580757355,-3.21004988009578,0.00132711940604355,0.0134012090947552,"LINC02236"
"ENSG00000251369.9",407.319546421117,-0.201753023764907,0.0825551618500242,-2.44385716463649,0.0145311783099715,0.0688076403746095,"ZNF550"
"ENSG00000251370.1",2.54612232077324,-1.05758594687825,0.50600730397872,-2.09006063462421,0.0366123532677489,0.126762318819997,"SEMA5A-AS1"
"ENSG00000251372.6",4.28933755487333,-0.425838783799579,0.249000805213385,-1.71019038847947,0.0872306724709726,0.224225662336017,"LINC00499"
"ENSG00000251379.1",1.49473381463063,0.567217150923546,0.330025656094138,1.71870622919616,0.0856678772154433,0.221457340202221,"AC099550.1"
"ENSG00000251381.8",67.9053788462209,-1.41496353704056,0.221335345545395,-6.392849427433,1.62822582440807e-10,9.68009328071748e-08,"LINC00958"
"ENSG00000251396.7",49.7798604873041,0.0346938191372517,0.129747107410576,0.267395704071193,0.789164506716924,0.883088663690728,"LINC01301"
"ENSG00000251400.1",5.12716657389094,0.0937540593231491,0.179183107985867,0.523230456135095,0.600813889538472,0.754799347189301,"ALDH7A1P1"
"ENSG00000251405.3",5.50183330668294,-0.728123164315444,0.234642359346227,-3.10311900350891,0.00191492622094468,0.0173810356253848,"AC016571.1"
"ENSG00000251408.1",1.84302656782464,-0.360917960748139,0.350381276125557,-1.03007205390395,0.302976182745824,0.496064311259777,"AC113615.1"
"ENSG00000251411.1",20.5628011982823,0.00934937009647892,0.096159152518558,0.0972280833556074,0.922545266401563,0.959162436896734,"AC093827.3"
"ENSG00000251414.1",21.3767342491825,-0.269332659397912,0.12188095787857,-2.20980097371935,0.0271189781285906,0.103671097875475,"AC138956.2"
"ENSG00000251417.2",37.7935116578148,-0.108579388768271,0.108475039816703,-1.0009619627865,0.316845198111091,0.510883726303398,"AC145285.2"
"ENSG00000251423.3",3.32786785575113,-1.15434483784468,0.454522590872493,-2.53968638968818,0.0110951907743782,0.0575650407863158,"AC016576.1"
"ENSG00000251429.1",19.3923714747138,-0.0191381465655045,0.139197639201901,-0.137489016877257,0.890644273565575,0.942023278350273,"AIDAP2"
"ENSG00000251432.7",155.943715629674,-0.479244812000243,0.134102410601975,-3.57372257403092,0.000351941815039511,0.0053576583667629,"LINC02615"
"ENSG00000251441.3",8.56268943590114,-0.643380306672164,0.2130723777702,-3.01953877553314,0.00253159884565742,0.0211025727983525,"RTEL1P1"
"ENSG00000251442.6",263.688634599039,0.0516482263239026,0.126120983447688,0.409513349103602,0.682162972397009,0.813590425161385,"LINC01094"
"ENSG00000251443.2",1.7596537276846,-0.318802105039135,0.296320861227301,-1.07586790791145,0.281986336316682,0.47448555013602,"LINC02160"
"ENSG00000251448.2",3.6985825298361,-0.764546380818345,0.246281991338017,-3.10435357723343,0.00190695290274255,0.0173430151218311,"AC063919.1"
"ENSG00000251450.2",8.75498289278094,-0.158172368367152,0.165312562673978,-0.956807914708167,0.338664216658127,0.532122694095948,"RASGRF2-AS1"
"ENSG00000251453.1",3.03245427907142,-0.521957344904464,0.243745556119409,-2.14140250683693,0.0322415929630315,0.115982642303426,"HAUS1P1"
"ENSG00000251455.1",10.573109769261,-0.0640836000924728,0.144727306399526,-0.442788591087071,0.657918656279991,0.796409071727107,"AC092611.1"
"ENSG00000251456.1",1.92331763474476,-1.76888093794073,1.28289270554713,-1.37882219634754,0.167949581328001,0.34063633330205,"AC113398.2"
"ENSG00000251459.2",0.990182686162638,1.84007675387271,0.446695611237264,4.11930788568984,3.80012105638345e-05,0.00107103608928269,"AC013724.1"
"ENSG00000251467.1",4.35488860989412,0.537180574802477,0.20440263882585,2.6280510755057,0.0085875620714921,0.0484633637614858,"AC020893.1"
"ENSG00000251468.2",8.36328547900088,0.238920428477572,0.21053332144678,1.13483427153344,0.25644476378214,0.447089000926111,"AC135352.1"
"ENSG00000251474.6",343.621095766874,-0.259949310619464,0.088052822822828,-2.95219735479134,0.00315521199162771,0.0245034926142434,"RPL32P3"
"ENSG00000251484.3",3.92295770082094,-0.387469935666995,0.218152246397951,-1.77614460572722,0.0757090857669448,0.204151773109098,"AL356488.1"
"ENSG00000251485.1",8.60456710820634,-0.0324437886901761,0.115804765794948,-0.280159356719595,0.779355247135839,0.877394602545379,"NRBF2P6"
"ENSG00000251487.1",0.661898297010911,-0.58256495680876,1.16331462403276,-0.500780222971181,0.616525805742679,0.766640342011689,"AC106744.2"
"ENSG00000251493.5",30.6043712358455,0.0638001983895574,0.282871773298758,0.225544590913191,0.821555640325248,0.902571773412664,"FOXD1"
"ENSG00000251495.1",29.8532908748418,0.283859121412572,0.128966882496467,2.20102336288039,0.0277343699486869,0.105082551348769,"PPIAP11"
"ENSG00000251497.2",6.55350942430076,-0.901872666031384,0.234090362926727,-3.85266892133309,0.000116837320692941,0.0024588273816878,"PITPNM2-AS1"
"ENSG00000251504.1",3.49539148147883,-0.148686552277327,0.227794847140926,-0.652721315444602,0.513935958184915,0.688280532496867,"LINC01099"
"ENSG00000251513.2",3.83867882728475,-0.463605234482478,0.192411973271132,-2.40944067357597,0.0159769934097665,0.0733989294316762,"LIX1-AS1"
"ENSG00000251517.1",3.26144826278194,-0.175827715820189,0.244132371232121,-0.720214672608951,0.471392831307209,0.652153813950173,"AC096734.1"
"ENSG00000251520.1",6.89205053998794,-0.359041146023588,0.219660093140491,-1.63453060995449,0.102147484345695,0.247873840495754,"AL162431.2"
"ENSG00000251521.2",9.11279545524689,-0.392280026978123,0.274605675691729,-1.42852119130449,0.153141899561358,0.32149872354466,"IMPA1P1"
"ENSG00000251523.1",1.73694592068827,-1.5361548734566,0.363562687600987,-4.22528198257392,2.38641765290505e-05,0.00075617370722087,"AC108159.1"
"ENSG00000251526.1",5.43915146928412,-0.475824169753555,0.175727658603911,-2.70773635484474,0.00677438143046882,0.0412172596251404,"LINC02435"
"ENSG00000251532.1",191.400621821676,-0.312006608061231,0.222195251268352,-1.40420016305574,0.160259253329147,0.331069205825719,"AC091849.2"
"ENSG00000251533.2",9.14970190440515,0.515441253838486,0.235200059348135,2.19150137660274,0.0284155302314919,0.106777712703577,"LINC00605"
"ENSG00000251536.2",1.83346906685884,-1.4470414562801,0.403957409942685,-3.58216341788461,0.000340760509826754,0.00524985638762708,"AC055717.1"
"ENSG00000251537.4",7.70974712617263,0.311158034943917,0.212026787587713,1.46754114649403,0.14222890464925,0.306685681508256,"AC005324.2"
"ENSG00000251538.7",2.96829788376705,-0.292541982625969,0.263503291563933,-1.11020238453071,0.266911825483257,0.458505516011252,"LINC02201"
"ENSG00000251544.1",2.97680588592901,-0.322570107509349,0.270599683823742,-1.19205648340468,0.233239098539797,0.420126481709835,"MTND5P12"
"ENSG00000251546.1",260.753042562874,-0.299800790570438,0.21548588724759,-1.39127807579329,0.164141119452387,0.335714755026982,"IGKV1D-39"
"ENSG00000251550.1",2.89117676405037,0.919185490642092,0.389503509720365,2.35989013629684,0.0182803479277426,0.0804285565776555,"AC091133.5"
"ENSG00000251552.1",2.00919446300444,-0.834162084961137,0.407394175243603,-2.04755525643524,0.0406035973380782,0.135860860922275,"COQ10BP2"
"ENSG00000251562.8",20244.017202207,-0.227289758821639,0.171404097093821,-1.32604624204069,0.184824380901613,0.362488133551817,"MALAT1"
"ENSG00000251574.8",2.4808567826097,-0.0602916198042394,0.506948774185022,-0.118930398640701,0.905330498041566,0.949789889677946,"AC099520.1"
"ENSG00000251576.1",14.7295085037084,-0.911279066803228,0.213879062653177,-4.26072124825487,2.03768250926636e-05,0.000675702826504033,"LINC01267"
"ENSG00000251578.1",2.78238758140182,-0.607405555307339,0.222652093841731,-2.72804780241189,0.00637103747610273,0.0396024926609201,"TRBV21-1"
"ENSG00000251579.1",1.52961299513542,-2.10968383852672,0.651932379498576,-3.23604702706951,0.0012119741522402,0.0125701730375492,"AC055733.3"
"ENSG00000251580.3",39.1587190064045,-0.0696716550975875,0.118836336728796,-0.586282420137114,0.557685742776963,0.721862736062884,"LINC02482"
"ENSG00000251584.2",9.56825459401299,0.223198075035946,0.222290377416465,1.00408338691953,0.315338422300541,0.509391659080636,"AC096751.2"
"ENSG00000251586.1",3.94258393279575,-0.797548000968928,0.293554527361549,-2.71686493183138,0.00659034965633537,0.0404941522471792,"TET2-AS1"
"ENSG00000251593.1",11.3673940216899,-0.023979300896418,0.165713968996845,-0.144702954383251,0.884945406451674,0.938789052466429,"MSNP1"
"ENSG00000251595.7",51.0527865095724,-0.249758300776765,0.108031122773715,-2.31191062690253,0.0207826089800094,0.0872969216214298,"ABCA11P"
"ENSG00000251596.1",8.83460295356889,-0.489609592075596,0.218682922752076,-2.23890181233161,0.0251623055470046,0.0989755007769878,"HADHAP1"
"ENSG00000251598.2",3.33653363269906,0.342196851834416,0.285912078527186,1.19686042505503,0.231360961561838,0.417990180826502,"AC093916.1"
"ENSG00000251600.8",23.7172104529767,-0.138511137468975,0.167037591111359,-0.829221353992313,0.406979163759597,0.596502632579717,"AC107223.1"
"ENSG00000251602.7",99.9662551174605,0.0824835972603596,0.114021268189145,0.723405366124603,0.469430875398358,0.65041250716374,"AL928654.1"
"ENSG00000251604.1",3.44724494903375,0.426267938585399,0.513096551550776,0.830775294234686,0.406100581901082,0.595765694599134,"LINC01385"
"ENSG00000251609.2",3.63030025089195,-0.196284269516014,0.199518113800555,-0.983791725859167,0.325217928426342,0.518719190397194,"SETP12"
"ENSG00000251611.1",15.0700341648183,0.140153283709801,0.114446806310126,1.22461506990432,0.220720287207603,0.405207638378977,"FAM160A1-DT"
"ENSG00000251614.1",1.59685600211717,-0.71568319110242,0.474695123495805,-1.50766914526508,0.131639226162198,0.292004506157354,"HSPA8P19"
"ENSG00000251615.3",180.395382796971,-0.151772172999755,0.102298787600328,-1.48361653700839,0.137910679693598,0.300165847312772,"AC104825.1"
"ENSG00000251620.3",3.22112861349296,-0.946947910672712,0.43004197057112,-2.20198951608168,0.0276660490358533,0.104914309934336,"STPG2-AS1"
"ENSG00000251623.2",2.81630322634974,-0.801559674392018,0.325318995789171,-2.46391906026749,0.0137427141305824,0.0663406084067592,"AC139491.5"
"ENSG00000251629.7",13.5685629664695,-1.37880936079285,0.368895916734171,-3.7376650113111,0.000185737188136163,0.00341242125592828,"LINC02241"
"ENSG00000251634.2",13.9467732901642,-0.0786634530466325,0.139832097395069,-0.562556483897855,0.573736931073512,0.734105443744444,"NAIPP4"
"ENSG00000251636.1",0.541502519598963,0.876754258630203,0.699085422778424,1.25414467254325,0.209789425592194,0.39199768467664,"LINC01218"
"ENSG00000251637.6",12.0268222794889,-0.708872531944028,0.190253114563651,-3.72594442708515,0.000194585275455522,0.00351891774890858,"LINC02754"
"ENSG00000251639.2",11.9938221401227,-0.0580649809295744,0.227075926286542,-0.255707339298942,0.798176827600635,0.888492257901124,"AC092535.3"
"ENSG00000251652.1",4.70585077316426,-0.181738372811024,0.254515987427769,-0.714054840514099,0.475193269103913,0.655504848074439,"AC092535.4"
"ENSG00000251655.6",1.30416867914739,-0.426148353697691,0.725122191141929,-0.587691783403552,0.556739191673171,0.721282508692306,"PRB1"
"ENSG00000251661.3",33.2526168736553,-0.0176776355183051,0.11463968795202,-0.154201706530323,0.877450696668588,0.934515868336126,"AC136475.1"
"ENSG00000251664.5",62.01285821031,0.407064211326058,0.190217772773449,2.13999041935412,0.0323555410131997,0.116279471821293,"PCDHA12"
"ENSG00000251666.1",14.2060290538775,-0.541203653927301,0.169410558701259,-3.19462764349693,0.00140011355397812,0.0138773386581106,"ZNF346-IT1"
"ENSG00000251667.1",7.15795723657073,0.17316647435377,0.100683138426439,1.71991534094151,0.0854478315152495,0.221133388274355,"BRCC3P1"
"ENSG00000251669.6",159.770952859542,0.2517958458239,0.0836062996937573,3.0116850852891,0.00259801966730753,0.0214151692952884,"FAM86EP"
"ENSG00000251675.1",6.09968099660701,-0.425359887124559,0.178840374740531,-2.37843321309122,0.0173863861737348,0.0777701164180296,"AC010260.1"
"ENSG00000251676.2",3.79800613704324,-0.287765203405297,0.250976704234422,-1.14658133025969,0.251554696200371,0.441719963111759,"SNHG27"
"ENSG00000251680.6",1.44032409692036,-1.20626191384184,0.358492299293318,-3.36481959645911,0.000765937212391365,0.00911703525639819,"AC008591.1"
"ENSG00000251682.1",5.26453991143053,-0.822678966330994,0.304873368747773,-2.69842843181101,0.00696677160259281,0.0420498887357189,"AC122718.2"
"ENSG00000251687.1",2.43388346886395,-0.868702361130237,0.265248461769326,-3.2750514567949,0.00105642729138196,0.011413088175924,"AC104791.1"
"ENSG00000251688.2",2.04661382614703,-0.102448492348545,0.301579885508278,-0.339705985947571,0.734077953425626,0.847994056845739,"LINC02507"
"ENSG00000251703.1",1.82720537065312,-1.62994880636402,0.541600017289567,-3.00950656264947,0.00261672425588231,0.0214948434865753,"RNU6-998P"
"ENSG00000251705.1",0.98093646309296,-0.0136551560017213,0.574972433407647,-0.0237492359777882,0.981052632434518,0.990633747585527,"RNA5-8SP6"
"ENSG00000251726.1",1.60611769237549,-1.49278920877172,0.444980186263755,-3.35473186189665,0.000794419470165684,0.00933260671144182,"RNU7-41P"
"ENSG00000251728.1",5.86248850160657,-0.521455286015201,0.217514934091285,-2.39733096117604,0.0165149991472916,0.0750700940338074,"Y_RNA"
"ENSG00000251733.1",3.77044026123348,-0.357594460636181,0.303557219873944,-1.17801336033015,0.238791279972902,0.426287331562256,"SCARNA8"
"ENSG00000251739.1",5.72479029628874,-0.301121883145502,0.158772704651392,-1.89655951132569,0.0578860986075395,0.171428738742289,"RNU6-1053P"
"ENSG00000251745.1",1.02961257456441,-1.01768469686429,0.80242007938041,-1.26826923081249,0.204701821183525,0.385886288016709,"RNU7-124P"
"ENSG00000251748.1",1.2464825644809,-1.82821776967158,0.776590362803915,-2.35415974397457,0.0185646311127429,0.0811651035635654,"RNU4ATAC11P"
"ENSG00000251768.1",3.2976238317947,-0.541976751115441,0.254213859218565,-2.13197169021956,0.033009173916995,0.117928364332924,"RNA5SP217"
"ENSG00000251774.1",1.68939620534001,-0.868338834788304,0.348527764169631,-2.49144809698913,0.0127223553844355,0.0629182082314337,"RNU6-377P"
"ENSG00000251775.1",1.9178664524697,-0.409720621332321,0.282472199141133,-1.45048122462349,0.146924371188855,0.31295925079914,"AC114748.1"
"ENSG00000251783.1",1.16251916529757,-0.499003299645081,0.537683594691094,-0.928061232613513,0.353375807696102,0.546952150889183,"RNU6-1170P"
"ENSG00000251785.1",0.977261796529867,-1.60218427548994,0.872127684166893,-1.837098287988,0.0661953868724419,0.187242397208514,"RNA5SP20"
"ENSG00000251791.1",44.3068762794345,-0.719408696967526,0.292744574105742,-2.45746210383277,0.0139922572451342,0.0670955236154762,"SCARNA6"
"ENSG00000251805.1",1.13706597592069,-0.179792401457794,0.702113290669881,-0.256073206200463,0.797894310710605,0.88828942606548,"AC009228.2"
"ENSG00000251807.1",0.945743944177458,-0.99310344266173,0.871953731808846,-1.13894052681163,0.254727960744393,0.445222637385511,"RNU6-202P"
"ENSG00000251814.1",4.41021401415723,-0.620239690619452,0.271619279802396,-2.28348919513622,0.0224015685962444,0.0916010099821621,"RN7SKP18"
"ENSG00000251819.1",5.64327480119137,-0.527971004254033,0.167656580388657,-3.14912187180547,0.00163761885271755,0.015537761826242,"RNU6-322P"
"ENSG00000251867.4",52.9630656525583,-0.30339429121088,0.0995677608571328,-3.04711373037918,0.00231050271633191,0.0197543828800303,"AC009812.1"
"ENSG00000251869.1",1.94393764253841,-1.20022940188636,1.15206739394472,-1.04180485290598,0.297502163750627,0.490236563935341,"SCARNA23"
"ENSG00000251880.1",4.90067774166673,-0.705595970760381,0.26609013301632,-2.65171790762006,0.00800834185829027,0.0462036511486825,"RNU7-75P"
"ENSG00000251891.1",1.07676641065354,-2.35522454373273,0.813844343560375,-2.89394963836596,0.00380429173569434,0.0277390023557757,"RNU7-79P"
"ENSG00000251892.1",1.44956490250783,-0.712902038614194,0.53370437061596,-1.3357620395565,0.181627064173227,0.358530952443043,"RNU7-84P"
"ENSG00000251893.2",3.08473147888155,-0.142211204978361,0.283264154394373,-0.502044479586246,0.615636233254605,0.765990623878674,"SNORA70"
"ENSG00000251898.1",2.44929960753384,-0.422750270050946,0.639816859950328,-0.660736370848006,0.508781394694861,0.684011426812148,"SCARNA11"
"ENSG00000251934.1",1.73881031385792,-0.404406071643158,0.42878561372716,-0.943142817054689,0.345607857514742,0.539234064916276,"RNU6-1143P"
"ENSG00000251972.1",1.51199402053443,-0.612024733403157,0.616063713170482,-0.993443892764695,0.320493680340663,0.51434915439046,"RNU6-123P"
"ENSG00000251985.1",7.17149664260105,0.171541286940269,0.206867562115162,0.829232409307229,0.406972909196225,0.596502632579717,"RNU6-1161P"
"ENSG00000251987.1",0.798099129508955,-2.76428799547264,1.38162292568293,-2.00075428981917,0.0454188756371135,0.146538484987539,"SNORD63"
"ENSG00000251988.1",7.20816734554461,-0.220720530094328,0.160099203580733,-1.37864852015347,0.168003148995421,0.340668661337198,"RNU4ATAC18P"
"ENSG00000251991.1",5.85372839870907,-0.511742869979197,0.1725843300402,-2.96517574834283,0.00302510056271346,0.0237646703715006,"RNU7-49P"
"ENSG00000251993.1",0.823866866609915,-0.90381041057129,0.644592127322072,-1.40214311075459,0.16087251567338,0.331739155423589,"RNA5SP227"
"ENSG00000251999.1",0.774878821252817,-1.83533717215854,0.778468857013345,-2.35762440028745,0.0183922916910942,0.0807380181221845,"AC018645.2"
"ENSG00000252010.1",164.817185295695,-0.693722818910654,0.426139505971844,-1.62792421070787,0.103540957074884,0.250019392561792,"SCARNA5"
"ENSG00000252050.1",1.49783614094857,-0.501752774151503,0.556315549835134,-0.901921174592728,0.367098742256683,0.559760851238973,"AL606748.2"
"ENSG00000252061.1",7.73704747855056,-0.0473237090881415,0.154520934141844,-0.306260827058554,0.759406062547508,0.864308550601481,"RNU6-415P"
"ENSG00000252062.1",1.12927769742107,-0.230027800503729,0.549520226186125,-0.418597513871706,0.675510306835898,0.809387508908547,"RNU6-469P"
"ENSG00000252098.1",1.42363108023215,-0.232645170809941,0.31813871641307,-0.731269596586525,0.464614497288345,0.646348422957582,"Y_RNA"
"ENSG00000252118.1",3.12638857759289,-0.522138636210596,0.284808027715021,-1.8333002773821,0.0667579281709001,0.188289707098761,"RNU6ATAC39P"
"ENSG00000252122.1",0.887888049435953,-0.97700481528677,0.44655430961352,-2.18787456363895,0.0286787406003707,0.107435932014301,"AC009163.2"
"ENSG00000252130.1",0.960254302277477,-1.87684531257568,0.605788963588935,-3.09818340277529,0.00194710889138275,0.0175677767807062,"RNU6-1045P"
"ENSG00000252132.1",1.91641505008912,-1.57317527780315,0.463445013563296,-3.39452412209047,0.000687479834192571,0.00845209236328407,"RNU6-795P"
"ENSG00000252147.1",4.52829093318062,0.0999432397536357,0.154093120624254,0.648589887392446,0.516603493662289,0.690595467355896,"RNY3P16"
"ENSG00000252153.1",1.1778985171516,0.021126139254822,0.837541736067247,0.0252239838864887,0.9798763066655,0.990106585262511,"MIR2278"
"ENSG00000252156.1",1.32874415274589,-0.792933854584497,0.675878414855256,-1.17319008442415,0.240719587440951,0.428593894040942,"RNU6-155P"
"ENSG00000252164.1",3.6899750965435,-1.28808691657255,0.36817990076851,-3.49852589422698,0.000467837658913515,0.00645224489569497,"RNA5SP282"
"ENSG00000252172.1",2.32319352638034,-0.202943820918001,0.334882871591108,-0.606014335560867,0.544505233836645,0.711776567982223,"RNU6-720P"
"ENSG00000252174.1",1.50783569526191,-0.823097213691962,0.411351844513434,-2.00095666196795,0.0453970604658365,0.14649674277112,"RNU7-18P"
"ENSG00000252192.1",3.11615395230108,-1.05476236395804,0.270936470115734,-3.89302467662431,9.90020774406526e-05,0.00219154000281359,"AC127002.1"
"ENSG00000252202.1",5.33032873336076,-0.34970091050137,0.139280242791504,-2.5107718330507,0.0120467532448407,0.0606399388842581,"Y_RNA"
"ENSG00000252206.1",4.47844248765558,-0.231949496344156,0.150581177730208,-1.54036181573592,0.123472183570278,0.280024482806898,"RNU7-40P"
"ENSG00000252213.1",5.15388042436806,-1.3034656274683,0.627237565371073,-2.07810517008363,0.0376996735847044,0.129215042122753,"SNORA74D"
"ENSG00000252218.1",2.63160686191096,-0.635359788371276,0.290098891298054,-2.19014897136747,0.028513434623172,0.107047561897752,"AL355802.2"
"ENSG00000252222.1",1.07052244932034,-1.42387629034482,0.509250962371399,-2.79602081400955,0.00517360683966073,0.0343048979312537,"RNU7-13P"
"ENSG00000252233.1",0.853362469256913,-0.867212499915982,0.680840676047823,-1.27373779273885,0.202756357919584,0.383674401740179,"RN7SKP253"
"ENSG00000252237.1",1.2654327450915,-0.957041684503615,1.31127980409837,-0.72985314157391,0.465479957334317,0.647173816901838,"RNU4-54P"
"ENSG00000252244.1",2.67125005792448,-0.390710154988036,0.22894018484275,-1.70660364957948,0.0878957463779043,0.225222280009203,"RNU7-3P"
"ENSG00000252250.1",1.57446189531573,-1.51215309845692,0.584457260979175,-2.58727746135538,0.00967376605326731,0.0524627289805227,"Y_RNA"
"ENSG00000252269.1",2.15104495340014,-0.889202270832083,0.352919502198645,-2.51956116137664,0.0117501224913826,0.0596924024715272,"RNU4ATAC12P"
"ENSG00000252274.1",7.86161310986934,-0.354522529075819,0.161171838840239,-2.19965554545319,0.0278313430583071,0.10534207644841,"AC080037.1"
"ENSG00000252283.1",1.25058204095982,-1.46429588096361,0.979693045844065,-1.49464762169668,0.135006430761475,0.296449617421303,"Vault"
"ENSG00000252311.1",3.93549804648191,-0.121455122212321,0.156793158496626,-0.774620036848959,0.438564213907176,0.624006084602402,"RNU1-103P"
"ENSG00000252316.1",1.65594908497704,-2.06680989109424,1.03290395308084,-2.00097006592875,0.0453956158669429,0.14649674277112,"RNY4"
"ENSG00000252329.1",1.3925553624014,-1.53077542326414,0.809787184990721,-1.89034285999683,0.0587121200917521,0.173043786669149,"AC013549.2"
"ENSG00000252349.1",2.13637357897917,-1.14934233658299,0.277496959333148,-4.14181956928454,3.44561362003091e-05,0.000999943839354688,"AC005722.2"
"ENSG00000252355.1",5.96130470752412,-0.515793992221719,0.224682989945968,-2.29565216461539,0.0216957775867937,0.0896902756813996,"RN7SKP287"
"ENSG00000252361.1",7.69193675312612,-0.658815683748853,0.197745236842194,-3.33163869972051,0.000863362651009981,0.00992881959933516,"RNU6-118P"
"ENSG00000252377.1",0.902518379969618,-1.13021683158544,0.570482614181976,-1.98115911596372,0.0475734325045155,0.150800941480799,"RNU6-504P"
"ENSG00000252391.1",3.61540606015,-1.11286113810425,0.226146985054024,-4.92096384941146,8.61190382029314e-07,6.60636207117557e-05,"RNU6-638P"
"ENSG00000252412.1",5.69294808294392,-0.300134389900965,0.159955889263016,-1.87635723375869,0.0606062428563263,0.176934728465071,"Y_RNA"
"ENSG00000252414.1",2.80910604505368,-0.559852735371147,0.245505422118943,-2.28040884204956,0.0225834516933189,0.0921523296023613,"RNU6-100P"
"ENSG00000252438.1",1.24740055965291,-0.528139386250099,0.535591700796644,-0.986085828933757,0.324090996993096,0.517578623441797,"AL391314.1"
"ENSG00000252448.1",3.7946857051742,-0.44157994727721,0.204821685525255,-2.15592380340393,0.031089615443544,0.113469257505142,"SNORA63"
"ENSG00000252451.1",1.38042687066895,-1.69743718986837,0.751052456481978,-2.26007807473179,0.0238164056450068,0.0954175202333588,"RNA5SP168"
"ENSG00000252452.1",2.17208946879719,-2.65864129576087,0.46609037641261,-5.70413256807364,1.16937044096775e-08,2.66656507473556e-06,"RNU6-107P"
"ENSG00000252464.1",4.51250714952663,-0.449269356679876,0.203692692947448,-2.20562333473487,0.0274103838466333,0.104397506241126,"RN7SKP70"
"ENSG00000252473.1",4.02216376146452,-1.35992611410787,0.301110378235956,-4.51637078095731,6.29084752264087e-06,0.000283599956138253,"AC007684.1"
"ENSG00000252474.1",1.93161938599487,-0.618065202269337,0.408742882780806,-1.51211245089932,0.130505257918971,0.290514668351216,"RNU6-539P"
"ENSG00000252494.1",2.75110779317019,-0.898494595037797,0.355447457773639,-2.52778455827356,0.0114784764028611,0.0587844347713095,"RNU6-126P"
"ENSG00000252496.1",1.13424607421381,-1.71284227501817,0.714924069317329,-2.39583803165801,0.0165824160690983,0.0752554931463795,"RNA5SP33"
"ENSG00000252498.1",8.57409865841798,-0.849455736569386,0.176466893164806,-4.81368329965474,1.48173564713066e-06,9.96594442422647e-05,"RNU6-1016P"
"ENSG00000252516.1",8.15395579951415,-0.236274865819559,0.141357276439837,-1.67147296389882,0.0946282945569011,0.236204637835958,"RNA5SP82"
"ENSG00000252544.1",1.08606791506827,-0.752250938126293,0.618264511944734,-1.21671375858224,0.223713142418427,0.408449775187096,"RNU6-1282P"
"ENSG00000252549.1",1.85314556330842,-0.731423521281529,0.331336832342686,-2.20749234581036,0.0272796811578531,0.104106192662586,"RNU6-759P"
"ENSG00000252577.1",3.30146224032435,-0.00959756600225139,0.224937483154332,-0.0426677042334754,0.965966424401548,0.983060261321076,"SCARNA20"
"ENSG00000252578.1",0.930692490504298,-1.58033996176034,0.571355576229524,-2.76594825973219,0.00567575392977365,0.0365569502000298,"RNU6-135P"
"ENSG00000252614.1",2.37837034995652,-0.0876298566928374,0.223095624017127,-0.392790567178987,0.694474172191223,0.821495342438323,"RNU6-807P"
"ENSG00000252620.1",4.38150105673926,-0.38327929892849,0.201401647609548,-1.90305940133888,0.0570327946784577,0.169823167268571,"RNU6ATAC24P"
"ENSG00000252627.1",1.10354910636967,-1.62868339933884,0.40789335738198,-3.99291474073608,6.52660404264858e-05,0.00161152332469472,"RNU6-122P"
"ENSG00000252634.1",1.36491275175641,-0.779609363526302,0.718935579112142,-1.084393909798,0.278190182875689,0.47087580035155,"RN7SKP219"
"ENSG00000252643.1",2.83776527515249,-0.221155122816402,0.200314389073783,-1.10404012332306,0.269575733059287,0.461367649243964,"RNU6-1136P"
"ENSG00000252652.1",2.08385181189249,-0.959595370618982,0.334831434106342,-2.86590586448408,0.00415817872970609,0.0295240444547035,"Y_RNA"
"ENSG00000252657.1",1.38277682539699,-0.646240489287308,0.59520645232704,-1.08574174013192,0.277593268316088,0.470254550554496,"SNORA70"
"ENSG00000252658.1",0.814027852200654,-1.87984208298618,0.593027037725106,-3.16990957140401,0.00152486385534441,0.0147450747417896,"RNU6-786P"
"ENSG00000252690.3",12.2718426125484,-0.160746573337247,0.15149861531999,-1.06104318509925,0.288670275847791,0.481088226150098,"AC105339.2"
"ENSG00000252707.1",1.47795707589565,-2.81603030460983,0.76656115913468,-3.67358855983345,0.000239167732168966,0.00410655559933026,"RNU11-2P"
"ENSG00000252719.1",1.04836468774794,-1.01967998449577,0.850752183945473,-1.19856287616786,0.230697960611549,0.417153334925064,"AL356785.1"
"ENSG00000252722.1",1.47907452932925,-1.95304707300535,0.554367603928903,-3.52301804644383,0.000426662307498505,0.00605282662244554,"AC113208.1"
"ENSG00000252743.1",9.35882919864626,-0.3670857522506,0.164399533375591,-2.23288804240063,0.0255563283242419,0.0998620666512753,"RNU6-850P"
"ENSG00000252750.1",1.12683652909096,-1.3734732193487,0.849645178267249,-1.61652564444576,0.10598071348747,0.253692928168824,"RNU7-70P"
"ENSG00000252756.1",1.32287837398955,-0.783894710795553,0.435665045963308,-1.79930595318306,0.0719702969123557,0.197731234123045,"RNU6-577P"
"ENSG00000252759.1",6.99295575378709,-0.634004962217419,0.221937376399502,-2.8566840453055,0.00428091738107184,0.0301058133759531,"Y_RNA"
"ENSG00000252763.1",1.17863883024746,-1.88887660050312,0.628355255990777,-3.00606477385915,0.00264652614898408,0.0216754723439426,"RNU2-31P"
"ENSG00000252768.1",3.01594176001044,-0.716813718569112,0.199857269915968,-3.58662819156142,0.000334981423187114,0.00517999838465796,"RNU6-856P"
"ENSG00000252770.1",1.30881348513823,-0.820904380286296,0.54368512991971,-1.50988933688057,0.131071663991758,0.291306335732817,"RNU7-4P"
"ENSG00000252778.1",1.23760034668829,-2.23586529932948,0.903772944761737,-2.47392369099844,0.0133638237777454,0.0651327455764129,"AP006442.1"
"ENSG00000252782.1",2.94589027377935,-0.540954759641705,0.270946842838676,-1.99653464854652,0.0458757582114037,0.147298834808782,"RNU6-341P"
"ENSG00000252796.1",1.20920717890911,-0.646297395138534,0.587647263568766,-1.09980499392371,0.271417096002165,0.463351673337616,"RNU7-11P"
"ENSG00000252800.1",1.42605993019182,-1.04880688245584,0.818855141823443,-1.28082102546286,0.200256537178192,0.380870659370096,"AL132992.1"
"ENSG00000252824.1",0.930173518927156,-0.506237326138832,0.881596456953955,-0.574227949926155,0.565813557977741,0.728221384944832,"AC005086.1"
"ENSG00000252835.1",27.0489432735903,-2.38326310316194,0.308763824291431,-7.7187251732977,1.17498940655706e-14,2.60792815416695e-11,"SCARNA21"
"ENSG00000252840.1",3.63704785667176,-0.434222305334739,0.21160849137148,-2.05200794410683,0.0401688903768289,0.134976066543779,"AL365436.3"
"ENSG00000252864.1",1.18573054882112,-0.373096858504323,0.535910423895266,-0.696192575976538,0.486308236368823,0.665296684476792,"RNA5SP278"
"ENSG00000252874.2",4.6280829640813,-0.275702212262541,0.241001813308494,-1.14398397455055,0.252630283083673,0.442809248011076,"Y_RNA"
"ENSG00000252894.2",1.05676109438227,-1.85221534574887,0.919054227704231,-2.01534935579987,0.0438680568769444,0.143172161317921,"Y_RNA"
"ENSG00000252904.1",1.32474064979135,-2.36983531293047,0.847316390700198,-2.79687179304074,0.00516000043820916,0.0342373212815106,"AC010359.1"
"ENSG00000252906.1",5.02591134312412,-1.47121353624331,0.516555864383116,-2.84812086685003,0.00439782187146954,0.0306888877733883,"SCARNA3"
"ENSG00000252908.1",1.24059053335864,-1.8934237014249,0.72414135744009,-2.61471559657681,0.00893017804465942,0.0497261109952912,"RNU6-1003P"
"ENSG00000252914.1",1.30049658830832,-1.33924482424803,0.617337512341115,-2.16938837746833,0.0300532106098583,0.11079162346463,"RNU6-789P"
"ENSG00000252915.1",5.71368875409758,-0.37626794004456,0.155975184580496,-2.41235771611077,0.0158497224390503,0.0730258523613756,"Y_RNA"
"ENSG00000252916.1",5.27548367987245,-0.350513260078586,0.161531762763228,-2.16993397510535,0.0300118480690874,0.110700693304246,"RNU6-762P"
"ENSG00000252917.1",1.26618865507342,0.0788132026091008,0.683469130012757,0.115313478178056,0.908196655586963,0.951314851952453,"SNORA74"
"ENSG00000252947.1",3.93850841584796,-0.594423099802348,0.508660497770241,-1.168604801057,0.242562893016978,0.431138027719516,"SCARNA1"
"ENSG00000252950.1",2.42483679006455,-0.493333847552634,0.251161287611839,-1.96421133305808,0.0495055890825366,0.154701480882757,"RNA5SP490"
"ENSG00000252965.1",9.374232247318,0.0512149828015701,0.105175819512245,0.486946363138224,0.626296341877676,0.773997414666891,"Y_RNA"
"ENSG00000252975.1",1.51147567550077,-1.7573588248447,0.510570119961961,-3.44195391805464,0.000577528624305517,0.0074266745805344,"Y_RNA"
"ENSG00000252985.1",1.96584761772799,-1.1915672994961,0.514937634548634,-2.31400313271054,0.0206675503004802,0.0870332345249035,"SNORD116"
"ENSG00000253008.2",1.69501961818699,-1.1082051167477,0.520581868296118,-2.12878162732576,0.0332723316782822,0.118608464909002,"MIR2355"
"ENSG00000253015.1",1.09213636122332,-0.200368016039534,0.505726811620984,-0.396198127991877,0.691958872205881,0.819748309160957,"RN7SKP64"
"ENSG00000253042.1",1.72178144402691,-1.56896405206907,0.814460494681453,-1.92638447452594,0.0540563845518641,0.163921961097114,"SNORA70"
"ENSG00000253043.1",2.49980378500193,-1.95037754016674,0.430949319766593,-4.52577008642937,6.01759738448201e-06,0.0002751976232439,"RNU7-181P"
"ENSG00000253047.1",11.1291473109411,-0.303440477729909,0.135928924963213,-2.23234663124151,0.0255920621449196,0.0999221912736962,"AL356356.1"
"ENSG00000253059.1",1.49518933128389,-0.959085437886775,0.803220204957371,-1.19405043843198,0.232458238573348,0.419129820569861,"AL137818.1"
"ENSG00000253064.1",1.57036570595665,-1.05419110103135,0.655830445669613,-1.60741409306639,0.107963560582447,0.257051348975084,"RNU6-711P"
"ENSG00000253075.1",0.958881006873301,-0.289058643034437,1.08944470621896,-0.265326584620937,0.790757886615478,0.884099077140476,"RN7SKP92"
"ENSG00000253079.1",1.13850867133512,-0.337686095490627,0.542208584691259,-0.622797397578849,0.533417668708627,0.702800840726436,"NRON"
"ENSG00000253088.1",1.70081162695593,-1.96051059307244,0.648832701382122,-3.02159645914306,0.00251445512639115,0.0209914128693432,"Y_RNA"
"ENSG00000253102.1",5.38372578874638,0.143137428783435,0.172438014151717,0.830080475512186,0.406493285209258,0.596157920112411,"AC004707.1"
"ENSG00000253105.6",4.25261932710604,-0.38276158076659,0.242539133925709,-1.5781435951026,0.114532624870033,0.26680452236606,"AP003548.1"
"ENSG00000253106.1",138.380172620168,-0.194037526131807,0.0970138471947675,-2.00010134370047,0.0454893217166587,0.146666278124416,"AC090198.1"
"ENSG00000253112.1",2.15577245014299,-0.195615884511432,0.311854416749735,-0.627266679594328,0.530484441103724,0.700716075939092,"AC102945.1"
"ENSG00000253116.1",0.998670668541379,-0.690168236067989,0.475439853751554,-1.45164152862255,0.146601305243382,0.312651159789118,"AC027698.1"
"ENSG00000253119.1",3.52544777853477,-1.28441997499394,0.306838832028977,-4.18597596171479,2.8394339952208e-05,0.000857833720534358,"HNRNPA3P7"
"ENSG00000253120.1",27.5101191688272,-0.0486338297524295,0.220833914753015,-0.220228083203717,0.825693526247987,0.904566982869095,"IGLV2-34"
"ENSG00000253123.4",29.9543118343351,0.15628135172111,0.155481120488556,1.00514680644209,0.31482616457885,0.50890986100814,"AC091182.1"
"ENSG00000253125.1",6.10922504999231,-0.129815324453084,0.227332328309633,-0.571037676068102,0.5679741039509,0.729703522341334,"AC055854.1"
"ENSG00000253130.2",3.35988406993638,-0.50130768198369,0.337402320501341,-1.48578611207773,0.137335704741208,0.299514863152167,"AC114550.1"
"ENSG00000253131.1",14.8912977311918,-0.624674072059394,0.255388802891651,-2.4459728264767,0.0144461887965576,0.0685319127392124,"IGHV7-56"
"ENSG00000253132.1",53.7278641825755,-0.333937830031044,0.209868812849781,-1.59117415063509,0.111570388564558,0.26228731439626,"IGHV3-62"
"ENSG00000253133.2",4.6219942614571,-0.0905273758778346,0.151202957714226,-0.598714319126824,0.549363406832995,0.715233689335636,"AC009630.1"
"ENSG00000253142.1",1.25616596883246,-1.43936054491833,0.462868942659782,-3.10965029679318,0.00187308962409429,0.0171367883635535,"AC037441.2"
"ENSG00000253152.1",1.62328479805848,-0.411460712700881,0.318291232207691,-1.29271770964899,0.196108710382785,0.376010556022464,"IGLV3-17"
"ENSG00000253153.1",1.81549901697806,-0.351501525241868,0.480969669119843,-0.730818485675205,0.464890030777997,0.646596640961351,"AP001207.1"
"ENSG00000253154.2",2.5455921306323,-1.11605062961782,0.372167095849002,-2.99878909786971,0.00271054864866928,0.0220436260641443,"AC100801.1"
"ENSG00000253159.3",99.2909001922256,0.153406917336837,0.139178389598191,1.10223230617716,0.270360690360123,0.462307060306091,"PCDHGA12"
"ENSG00000253161.5",22.9875473084548,0.915053376118646,0.225433982052042,4.05907471353366,4.92675495766631e-05,0.00130303159481993,"LINC01605"
"ENSG00000253167.1",7.21097247613711,-0.230326372250612,0.185369577498689,-1.24252520482894,0.214042846894264,0.396976686627527,"WASHC5-AS1"
"ENSG00000253168.1",4.66946497209652,-0.751266796185535,0.3654474378035,-2.05574514546053,0.0398070879072225,0.134193740147343,"AC124069.1"
"ENSG00000253177.2",14.6090691221335,-0.215875205677132,0.188661357266773,-1.14424707213294,0.252521186510548,0.442716525107168,"AC104211.1"
"ENSG00000253180.1",4.98702970959333,-0.341153505631743,0.175630246486994,-1.94245303673821,0.0520822800276988,0.159955144161039,"AC104986.1"
"ENSG00000253182.1",1.8626215849737,0.116036575790416,0.337907266406895,0.343397693172687,0.731299294723907,0.846146279281935,"AC084026.1"
"ENSG00000253187.2",1.46294327833599,0.639285995650244,0.447368550119379,1.42899181330394,0.153006586467309,0.321370783121325,"HOXA10-AS"
"ENSG00000253190.4",4.43526798581247,-0.0351196930857612,0.230548376249417,-0.152331123112172,0.878925778664291,0.935293667946821,"AC084082.1"
"ENSG00000253194.2",39.6790115407519,-0.384498442491597,0.172289497472804,-2.23169983157151,0.0256348083953155,0.100025851777669,"AL137009.1"
"ENSG00000253196.1",1.97880576697215,-0.213583613822035,0.328034635826448,-0.651100800023553,0.514981420119723,0.689201930298908,"AC083841.1"
"ENSG00000253197.5",3.69845868152966,-1.02204012603062,0.265060928993457,-3.85586864843383,0.00011531940000627,0.00243921777916693,"AC117834.1"
"ENSG00000253200.1",29.6741700952706,-0.235107164090715,0.104215897461153,-2.25596257210521,0.0240729752263231,0.0960064164123115,"AC037459.2"
"ENSG00000253209.1",6.38867933774656,-0.472338281026749,0.28054105534876,-1.68366901036838,0.0922456535905985,0.232344874034786,"IGHV3-65"
"ENSG00000253210.2",184.977058113904,0.207827276561978,0.0884293712089682,2.35020642712544,0.0187630021453677,0.0817732873749292,"AC040970.1"
"ENSG00000253213.1",4.37158520942414,-0.0996544634968064,0.182330033669932,-0.546560879142977,0.58468045195913,0.742725044083859,"USP12P1"
"ENSG00000253214.2",12.5044296618429,-0.133650748094751,0.138843875861324,-0.962597358116397,0.335749623857458,0.529034692490128,"AC079209.1"
"ENSG00000253217.1",20.9242266480408,-0.330716826225349,0.220749936342271,-1.49815140020052,0.134093919186085,0.295324575816581,"AP001574.1"
"ENSG00000253218.1",1.95857437597813,-0.122426776503798,0.313317005624067,-0.390744116362108,0.695986385973963,0.822585691940337,"KLF3P1"
"ENSG00000253223.1",5.15212104633359,-0.933837131877607,0.215688723606792,-4.32955935879163,1.49407995340898e-05,0.000532004319666792,"AC110998.1"
"ENSG00000253227.2",28.4191556421748,0.290342350185209,0.284004583486366,1.02231571977129,0.306631495471824,0.50015591488626,"AC090192.2"
"ENSG00000253234.1",80.0545229457759,-0.462757218980929,0.205222143705085,-2.25490880577652,0.0241390534843948,0.0961942386815536,"IGLV2-5"
"ENSG00000253239.1",10.7732647143829,-0.114776199272207,0.256833419734627,-0.44688965863866,0.654954731053175,0.794310354835835,"IGLVI-70"
"ENSG00000253245.2",1.59980609700226,-1.70319295321466,0.730027483148536,-2.33305319666728,0.0196453534848629,0.0843068772327326,"MTND1P36"
"ENSG00000253247.1",6.45287683898464,-0.446475298334037,0.250589124023527,-1.78170261807579,0.0747977397400865,0.2026233644562,"IGHV3-76"
"ENSG00000253250.3",17.3353203326084,-0.00682075781104867,0.154534436204401,-0.0441374620348498,0.964794831483051,0.982513909703442,"C8orf88"
"ENSG00000253251.3",117.620430061285,-0.0845455641763681,0.0810192099503273,-1.04352491499488,0.29670524773681,0.489439542559043,"SHLD3"
"ENSG00000253256.1",3.89580415683231,0.266816779866,0.230211765892095,1.15900583461517,0.246453806776104,0.435660500941625,"AC134043.2"
"ENSG00000253258.1",9.93741015327708,0.614783969123694,0.216159670515523,2.84411966236572,0.00445343191474222,0.0309653241466361,"AC068228.1"
"ENSG00000253263.1",4.11177598897901,-0.516562685344818,0.246998422070497,-2.09136026463109,0.0364957813170002,0.126494748289714,"AP003354.1"
"ENSG00000253266.1",9.16358932613034,-0.688050007415278,0.221838437904834,-3.10158155599006,0.00192489840609666,0.0174287850514485,"AC100860.1"
"ENSG00000253269.1",1.53957225491264,-0.75029316037935,0.412171631985097,-1.8203415814082,0.0687070028054386,0.191804649035843,"AC008680.1"
"ENSG00000253270.1",5.84239333958524,1.03028283649387,0.428838130250886,2.40249820110706,0.0162835146496281,0.0743626607699872,"AC090541.1"
"ENSG00000253273.2",4.29096654093059,-0.690201095005285,0.323861206784258,-2.1311632284044,0.0330756972178924,0.118115326340802,"AC022826.1"
"ENSG00000253274.1",41.9523820615522,-0.154939859923061,0.216891768915882,-0.714364868235971,0.475001590025643,0.655321893615271,"IGHV1-67"
"ENSG00000253276.4",1910.33551496055,0.0117568136902514,0.0915497591957589,0.128419930249211,0.897816659685517,0.945660699500628,"CCDC71L"
"ENSG00000253284.2",19.9286258485773,-0.415568794608683,0.172242701458998,-2.41269320028407,0.0158351425384565,0.0729788760427507,"AC092828.1"
"ENSG00000253286.6",1.83229359995028,-0.148052048106891,0.283893459219435,-0.521505668055756,0.602014558118246,0.755764354578837,"AC135166.1"
"ENSG00000253288.2",73.7195524045124,-0.916338364488807,0.287804221145587,-3.18389480474393,0.00145307808439262,0.0142453853544415,"AC046195.1"
"ENSG00000253293.5",94.1588407398505,0.210601736025031,0.275129666927816,0.765463566240152,0.443995553670476,0.628885086932617,"HOXA10"
"ENSG00000253298.2",2.47228161227037,-1.00903656774513,0.412557229511385,-2.44580992784974,0.0144527170825398,0.0685433489784896,"LINC01845"
"ENSG00000253299.1",2.06977698412668,-1.25630494638916,0.345388947276259,-3.6373629101232,0.000275443710126853,0.00450188877822942,"AC025647.1"
"ENSG00000253301.6",5.76326803101333,-0.900271731406001,0.324735568300665,-2.77232252727074,0.00556578597644632,0.0360439043987215,"LINC01606"
"ENSG00000253302.1",26.9319958130878,-0.102259106764987,0.168341528132838,-0.607450270288,0.543552135730117,0.7111719427361,"STAU2-AS1"
"ENSG00000253304.2",204.947304121665,0.125934168525658,0.116687137170354,1.079246364077,0.280477916109548,0.4729513402064,"TMEM200B"
"ENSG00000253305.2",125.582280172052,-0.0434089831114287,0.134883129945145,-0.321826629683657,0.747584039116573,0.856598135128994,"PCDHGB6"
"ENSG00000253307.1",8.88704943431799,0.196298577885423,0.154498295667416,1.27055497303342,0.203887014153731,0.384936244718428,"AC011676.1"
"ENSG00000253308.2",0.569554950980252,1.54804443436012,0.534922864885118,2.89395824329286,0.00380418748337003,0.0277390023557757,"AC004080.1"
"ENSG00000253309.6",6.85258128114451,-0.244820296977989,0.167763716221639,-1.45931612920727,0.144478118093294,0.309704501649432,"SERPINE3"
"ENSG00000253313.6",982.261844975998,-0.0540834260345265,0.113201909791805,-0.477760720945377,0.63282052082649,0.778151804442416,"C1orf210"
"ENSG00000253315.1",11.098452748668,0.158162707072727,0.214105486754375,0.738713937089213,0.460080720969753,0.642457320830719,"LINC01932"
"ENSG00000253317.1",2.61585059293676,-0.298326806022357,0.278641021218755,-1.0706492702241,0.284327160795297,0.476953905595698,"AC078906.1"
"ENSG00000253320.7",258.632934982261,-0.102941184591242,0.106426080868029,-0.967255241869632,0.333416452551606,0.526986040391217,"MAILR"
"ENSG00000253325.1",3.29115879786145,-0.567492943247036,0.238894173943757,-2.37549930112838,0.0175252255882207,0.0782862384957241,"IGHV7-34-1"
"ENSG00000253326.2",11.0139706171294,-0.0277004618472721,0.213453523392698,-0.129772802092897,0.896746181703306,0.945179049211643,"AL606534.4"
"ENSG00000253327.2",10.9021842431027,0.20263248928432,0.130417915808959,1.55371666559327,0.120252015997288,0.275233766574846,"RAD21-AS1"
"ENSG00000253328.2",5.35556927150129,-0.255963413326561,0.185264635813336,-1.38160967527801,0.167091581599739,0.339350944073696,"SUMO2P19"
"ENSG00000253329.1",2.25666039606182,-0.330843839484064,0.293328931535965,-1.12789365082966,0.259364835602824,0.450401827333617,"IGLV3-30"
"ENSG00000253330.1",34.2519424625348,-0.154797896931018,0.131913971216793,-1.17347613374945,0.240604922121664,0.428550164358899,"AC024451.2"
"ENSG00000253335.1",2.24584131178636,-1.5137267965291,0.557528581135335,-2.71506582397371,0.00662625986886903,0.0405902612353738,"AC009884.1"
"ENSG00000253338.1",9.22606436908444,-0.08173999748824,0.297225063549614,-0.275010446669803,0.783308212373926,0.879788149064338,"IGLV3-29"
"ENSG00000253339.2",168.892577521118,-1.09753032371792,0.259184265363983,-4.2345561455153,2.2900356627352e-05,0.000738780594180651,"AC111149.2"
"ENSG00000253341.1",176.640078449659,0.0271870649449307,0.0868047382747717,0.313197936947552,0.754130285717846,0.860644347025352,"PCBP2P2"
"ENSG00000253347.1",5.53509567976508,-0.450042268369537,0.205195496012035,-2.19323658226466,0.0282903381166243,0.106438041238193,"AC040934.1"
"ENSG00000253348.1",3.51854754220787,0.264842664392626,0.222624613245907,1.18963784161676,0.234188765812489,0.421201582506366,"AC008514.1"
"ENSG00000253352.10",4694.03145691098,-0.108180029236195,0.0605373652608164,-1.78699599445925,0.0739381359682571,0.201228019356755,"TUG1"
"ENSG00000253359.1",2.95553063515591,-0.296427138396047,0.251136893919333,-1.18034086417928,0.237864671546002,0.425581927653753,"IGHV3-37"
"ENSG00000253361.3",19.9736428490744,-0.149220308744714,0.331247414228121,-0.450479920250637,0.652364429573076,0.792381209550398,"AC069120.1"
"ENSG00000253363.7",6.54936217557042,-0.738797115480212,0.58861185100239,-1.25515161514682,0.209423726229359,0.391638719168345,"AC090809.1"
"ENSG00000253364.2",11.6740693584299,-0.635557258315042,0.213896762352248,-2.97132715486547,0.0029651572900515,0.0234431207926109,"COPDA1"
"ENSG00000253368.4",1134.70740093295,0.468360785354854,0.173093261693984,2.70582910490693,0.00681340988147932,0.041393951675929,"TRNP1"
"ENSG00000253369.2",7.68414360855315,-1.21566144604646,0.313316795598375,-3.87997535760819,0.000104467048131686,0.00226433687073451,"AC022034.3"
"ENSG00000253372.5",4.72804830987924,-0.480558194049849,0.209432023050008,-2.29457838897494,0.0217572979443889,0.0898270982716445,"AC016405.1"
"ENSG00000253374.5",1.37994540363275,-0.183884489312977,0.345421263011945,-0.532348494442908,0.594484650801356,0.750097182744678,"AC023644.1"
"ENSG00000253376.2",5.21968274044473,-0.832161064610651,0.388015148702768,-2.14466127776911,0.0319799390259325,0.115515689485773,"AC012103.1"
"ENSG00000253384.1",4.81271908066465,-0.0856241689044613,0.154473222385905,-0.554297810209169,0.579375048705759,0.738453102735761,"AC124242.2"
"ENSG00000253385.1",4.32423204805549,-0.725402543418433,0.397194709725772,-1.82631471582101,0.0678028698446517,0.190077546795048,"AP003696.1"
"ENSG00000253392.3",14.8149640734333,-0.420678188938412,0.120183162391666,-3.50030886662358,0.000464719364244139,0.00642520838612131,"AC119403.1"
"ENSG00000253394.6",8.94622613171642,0.999635728002094,0.283935285035075,3.52064636094315,0.000430496337415024,0.00609634817590745,"LINC00534"
"ENSG00000253395.1",16.9647248327119,0.0425073071307482,0.169375120623619,0.250965472226626,0.801840804194365,0.891052059588045,"AP003469.2"
"ENSG00000253396.1",1.19698928845778,-1.71077752075428,0.575722218926037,-2.97153291034277,0.00296317113844141,0.023433846249106,"AC016868.1"
"ENSG00000253399.1",3.46923872203245,-1.01611333203862,0.292446355647962,-3.47452896031909,0.000511751119585047,0.00685347144985718,"AC078852.1"
"ENSG00000253404.1",8.31411464411569,-0.0599227344367504,0.225668282714848,-0.265534587828934,0.79059766860548,0.88401150475074,"AC034243.1"
"ENSG00000253405.1",0.688664708263528,2.03094889581424,0.599989759349526,3.38497260022583,0.000711853598645497,0.0086585901918558,"EVX1-AS"
"ENSG00000253406.1",2.30203953345574,-1.43871592973661,0.4106572795713,-3.50344679446213,0.000459278395976864,0.00638711597212103,"AC012613.2"
"ENSG00000253408.6",7.35758389465272,0.328799491013175,0.220687268134552,1.48988880868609,0.136253474650298,0.298028180246526,"AC083973.1"
"ENSG00000253409.1",3.16386688329246,-0.550858913457804,0.207877490939667,-2.64992092682935,0.00805106116064911,0.0463423200590406,"TRBV7-4"
"ENSG00000253414.3",19.7615415839553,-0.332658989070415,0.209454320694674,-1.58821736389645,0.112237195998645,0.263278585667787,"AC124067.2"
"ENSG00000253417.5",71.2484911091054,-0.462560593716118,0.227994985088692,-2.02881915817656,0.0424767132119113,0.139975968817595,"LINC02159"
"ENSG00000253420.1",2.26473180042276,-1.66197254142838,0.606222545164484,-2.74152215994778,0.00611552354584496,0.0384588312945658,"AC103853.1"
"ENSG00000253428.1",10.7964343011189,-0.203445572399032,0.214569875066074,-0.948155337912105,0.343050380065049,0.536499629544318,"LINC01942"
"ENSG00000253435.1",4.70000518852682,-0.376512277877253,0.223259128751548,-1.68643620524136,0.0917118128832943,0.231417761317832,"IGKV2-4"
"ENSG00000253438.4",107.61831089009,-0.199152916756766,0.15622183428955,-1.27480846491436,0.202377043825803,0.383317684049179,"PCAT1"
"ENSG00000253439.1",4.55180148741771,-0.338390202427211,0.228668720824254,-1.47982724181715,0.138919356642208,0.301541409615924,"CDC42P5"
"ENSG00000253441.1",6.18470584704158,-0.0552969570886444,0.240431378862227,-0.229990600022017,0.81809907404418,0.900872278631768,"IGHV3-25"
"ENSG00000253448.1",4.13016759088689,-0.769312957498898,0.282301795772169,-2.72514369026462,0.00642735083118674,0.0398261290196725,"IGLV3-6"
"ENSG00000253451.1",191.131630946348,0.0743534885436822,0.224224591484081,0.331602738359593,0.740189251566832,0.851731593562957,"IGLV2-28"
"ENSG00000253452.6",1.75582304027898,0.84942591633125,0.427531444507362,1.98681506879577,0.0469428941170225,0.149513993479195,"AC124290.1"
"ENSG00000253454.1",0.825556469287582,-0.922300181648056,0.570455127002719,-1.61677954669984,0.105925875935687,0.253638534776095,"NDUFA5P2"
"ENSG00000253456.1",1.52388205182455,-3.19121810264307,0.927763688681265,-3.43968851290042,0.000582384039148747,0.0074574276212997,"AC136424.1"
"ENSG00000253457.3",3.89635278419984,-1.45182048362016,0.287956388605599,-5.04180681890913,4.6115671395042e-07,4.15865185255348e-05,"SMIM18"
"ENSG00000253460.2",15.0922915861758,-0.204323220507963,0.264554496533634,-0.772329418645833,0.439919345710092,0.62523947819535,"IGKV2OR22-3"
"ENSG00000253475.1",3.19709143551425,-0.635743695883231,0.321578070897627,-1.97694977803887,0.0480473073275273,0.151782806988838,"AC103769.1"
"ENSG00000253476.1",13.0231631754951,0.0141827277198819,0.141187594815754,0.100453072654082,0.919984636918102,0.957844168563751,"AC091185.1"
"ENSG00000253477.5",6.53145049406839,0.120177740385184,0.464066082882089,0.258966868767523,0.79566080356578,0.887483598881145,"AC012213.1"
"ENSG00000253479.6",1.21449656097237,-1.38547499993506,0.386167323261081,-3.58775825006397,0.000333533317384126,0.00516480220263707,"LINC01603"
"ENSG00000253481.2",33.2692453848166,-0.407605712214445,0.24160015418479,-1.68710865930443,0.0915824603019865,0.231304418967838,"IGKV1OR22-1"
"ENSG00000253485.2",67.623130208686,-0.0105065829843677,0.134967323644825,-0.0778453828722012,0.937951045643189,0.967779019426571,"PCDHGA5"
"ENSG00000253488.1",1.02764071207701,-0.0602237034799473,0.425469588068415,-0.1415464352067,0.887438279289736,0.940190378119115,"SINHCAFP3"
"ENSG00000253490.5",11.1090495250446,-0.234491955058681,0.154406958465747,-1.51866183615488,0.128847637555193,0.288139360886578,"LINC02099"
"ENSG00000253496.3",4.49435714891751,0.24558369012319,0.243773399687838,1.00742611965731,0.313730044653561,0.507779016852261,"AC011586.2"
"ENSG00000253497.1",26.0467798983523,-0.242291084170557,0.268134734106187,-0.903616925939199,0.366198563069856,0.558947572768854,"IGKV1-13"
"ENSG00000253499.2",1.17693968340126,-0.450496723310873,0.798707284845401,-0.564032320549163,0.572732136271243,0.733298889085047,"AC025881.1"
"ENSG00000253500.6",1.81818314598656,0.742069498360446,0.430626619934159,1.72323183010355,0.0848466098083094,0.220051272131187,"AF121898.1"
"ENSG00000253506.3",9.0504663259204,0.0428309050747692,0.15724162606799,0.272389100429739,0.785322852571314,0.880696936560069,"NACA2"
"ENSG00000253507.5",2.86015042973703,-0.232664593900982,0.424221905052386,-0.548450212329916,0.583382806629021,0.741616941684817,"AC104257.1"
"ENSG00000253516.1",3.62957129707992,-0.918810786920678,0.242828035415535,-3.7837920376384,0.000154456896730329,0.0029827920318114,"HMGB1P41"
"ENSG00000253519.1",6.24747580675891,-0.882348347598549,0.229225849405623,-3.84925325780864,0.000118478461745656,0.00247935644267255,"AC106801.1"
"ENSG00000253520.1",32.6801904537738,0.0816021633022244,0.115218051489723,0.708241132766448,0.478795526688336,0.658699978100611,"AC136628.3"
"ENSG00000253522.6",77.3446437793315,-0.346885812541827,0.162136201004983,-2.13947169350024,0.0323974860332483,0.11640508336984,"MIR3142HG"
"ENSG00000253523.1",0.822414286358854,-1.13919368851693,0.905443741590265,-1.25816065227434,0.208333661931833,0.390323725756698,"AC104350.1"
"ENSG00000253524.1",0.847409313807792,0.156013750213376,0.748293150300739,0.208492821497396,0.834844187105037,0.910158696522849,"AC124290.2"
"ENSG00000253525.1",31.7248529677001,0.170967697699073,0.223407967289361,0.765271264823036,0.444110031254167,0.628966958930789,"CPP"
"ENSG00000253526.1",1.38320479361639,-0.332680315969877,0.853584541737311,-0.389745010251438,0.696725109840167,0.823022604382226,"AC090802.1"
"ENSG00000253532.1",1.44962381797532,-1.69275614579566,0.511037785905464,-3.31238940149289,0.000925026928288209,0.0104227348202297,"AC107909.1"
"ENSG00000253535.5",5.97351730656041,-1.329083389728,0.253204882863157,-5.24904328344367,1.52891152722654e-07,1.95027017149246e-05,"AC120193.1"
"ENSG00000253536.1",1.52007792409273,-1.5150684385463,0.463022318113975,-3.27212831709197,0.00106741118838116,0.0115007510339074,"AC138832.1"
"ENSG00000253537.3",68.2492968232029,0.205262428042676,0.160677017123782,1.27748468148712,0.201431185169181,0.382057109772549,"PCDHGA7"
"ENSG00000253539.1",1.97715903447327,-3.02160183944833,0.603830799195822,-5.00405385659771,5.61370621544319e-07,4.78820400361337e-05,"AC018442.2"
"ENSG00000253540.5",74.7762443272833,-0.0205825598763466,0.101385644156472,-0.203012566992038,0.839125209703028,0.912288005964239,"FAM86HP"
"ENSG00000253541.1",6.71978156711597,-0.000814954320541797,0.138967412933776,-0.00586435555888312,0.99532094805981,0.997748413939397,"SEPTIN10P1"
"ENSG00000253543.1",1.01055256138325,-0.528441129119965,0.658142441181351,-0.802928205285507,0.422016232506131,0.60973772637359,"AC083923.1"
"ENSG00000253545.1",19.6113998691947,-0.122132255435381,0.216075409971517,-0.565229775343158,0.571917486677256,0.732763089626549,"IGHV3-52"
"ENSG00000253549.6",26.2330845999239,-0.0567128349350141,0.139608011455477,-0.406229086309283,0.684574284447359,0.815381069408483,"CA3-AS1"
"ENSG00000253550.1",2.23400413479591,-1.44777951588178,0.419502509442231,-3.45118201511296,0.000558137023764746,0.00726666883652633,"AC016065.2"
"ENSG00000253552.8",160.357783461676,0.0594282860761914,0.146353198371595,0.406060726635447,0.684697981371107,0.815458556887348,"HOXA-AS2"
"ENSG00000253553.7",6.30292876870897,0.49117535493076,0.257805716451634,1.90521514298116,0.0567521105685223,0.169243701160018,"AC090578.1"
"ENSG00000253554.7",2.20323913954382,0.65313825082532,0.589309000970506,1.10831202263956,0.267727084990487,0.459431876737709,"LINC01414"
"ENSG00000253558.1",3.52151324896622,-0.0907256054308734,0.245930843907074,-0.368906982099222,0.712197058902054,0.833784959632397,"AC024568.1"
"ENSG00000253559.1",10.6710362797035,-0.199639497013052,0.122319868419643,-1.63211013543727,0.102656286993466,0.248676199844738,"OSGEPL1-AS1"
"ENSG00000253562.1",2.99404271319823,-0.5940956215451,0.30528700614738,-1.94602328164041,0.0516519430432524,0.159094101187807,"AC107909.2"
"ENSG00000253563.2",377.791080499827,-0.194175711974842,0.171384724823168,-1.13298143796181,0.257222048397253,0.448100415297709,"NKX2-1-AS1"
"ENSG00000253567.1",2.18368013247635,-0.577719880783291,0.309975519622641,-1.86375969781936,0.0623554577600898,0.180239647092088,"AC025871.1"
"ENSG00000253570.1",73.480622162043,-0.139999064134163,0.174880246833942,-0.800542466451914,0.423396569472779,0.610980171485376,"RNF5P1"
"ENSG00000253573.2",4.40468976695283,-0.348022891020237,0.262408632213526,-1.32626311903126,0.184752558540798,0.362397156159711,"AC024382.1"
"ENSG00000253574.5",1.18598195145375,-0.846425088324264,0.433338090589827,-1.95326722184098,0.0507879393598972,0.157299449875289,"AC021744.1"
"ENSG00000253576.1",1.15829629846303,-0.605353735228518,0.472513075258871,-1.28113647415338,0.200145734448421,0.380703418670587,"AF181450.1"
"ENSG00000253582.1",12.7109683366013,0.00720679470148475,0.148628634815298,0.0484886018797163,0.961326848140188,0.980529234862022,"AC090579.1"
"ENSG00000253584.1",2.17965980775206,0.496462509223762,0.696907809350365,0.712379029999031,0.476230097391016,0.656481971657151,"AC091987.1"
"ENSG00000253586.1",1.52747065364285,-1.13711770397315,0.53535122375259,-2.12405922228482,0.0336651917510725,0.119617420380839,"AC067817.1"
"ENSG00000253590.1",5.74972449645951,0.504066501193117,0.255582969775176,1.97222256880621,0.048584204376825,0.152862640038048,"IGLV3-13"
"ENSG00000253593.2",7.748680306272,-0.922297469604495,0.284560342362512,-3.24113143084972,0.00119056278797326,0.0124177339912261,"AC110741.1"
"ENSG00000253598.3",28.3856998399654,-0.0409509634721742,0.129625267991375,-0.315918062170557,0.752064701874846,0.85933658645431,"SLC10A5"
"ENSG00000253602.2",1.30497575792102,1.56604106405235,0.929042400710603,1.68565079791247,0.0918630788753044,0.231644132772515,"RN7SL260P"
"ENSG00000253605.1",11.4655794193808,0.051116708183486,0.0979131843534818,0.52206154381566,0.60162748082852,0.755540348230122,"HNRNPA1P38"
"ENSG00000253607.1",2.47854843103027,-0.824899700326129,0.390648124779847,-2.11161822622598,0.0347192079783354,0.121995418598704,"AC104316.1"
"ENSG00000253608.2",1.75263807219659,-0.0695315709621205,0.267300246307921,-0.260125353128267,0.794767081938722,0.886943333187606,"AC022915.2"
"ENSG00000253616.5",32.6906203557188,0.18594943421923,0.156994422971662,1.18443337476259,0.2362415553306,0.42363406773789,"AC107959.3"
"ENSG00000253626.3",140.130453455699,0.223840616937427,0.170525942859691,1.31264846382702,0.1893014309417,0.367856590992373,"EIF5AL1"
"ENSG00000253631.1",2.09446441810129,-0.510786868074411,0.343190879426447,-1.48834627810639,0.136659596330398,0.298524239920474,"IGLV7-35"
"ENSG00000253632.1",5.32061605107306,-0.585594023046504,0.267253883110779,-2.19115253342744,0.0284407562065905,0.106822889935246,"AC084026.2"
"ENSG00000253633.2",7.73559801045523,-0.250118885756549,0.175780638757842,-1.42290349792799,0.154764132096864,0.323714409116095,"AP002852.1"
"ENSG00000253636.1",44.1507829548462,-0.402598580756942,0.151926852767436,-2.64995011364598,0.00805036568088343,0.0463423200590406,"AC022893.1"
"ENSG00000253641.6",28.2846817445343,-0.10598885153272,0.210204394155935,-0.504218058610585,0.614108151654922,0.765175998991291,"LINCR-0001"
"ENSG00000253642.6",2.60539337631168,0.254145274690218,0.667704758014691,0.380625226403772,0.70348135990014,0.827457076267881,"AF279873.3"
"ENSG00000253649.5",26.0534616836503,-0.0701512680312349,0.212812456629444,-0.329638918427527,0.741672812093148,0.852759805671266,"PRSS51"
"ENSG00000253658.6",2.91717100461361,0.532152707117808,0.270730266492499,1.96561955932087,0.0493425730181903,0.154364432164724,"LINC01592"
"ENSG00000253660.1",0.381826497729804,0.135207801978671,0.775388558945399,0.174374254583491,0.861571346204978,0.925897186223446,"AC008464.1"
"ENSG00000253661.2",4.46736304755703,-0.564049151995043,0.35854593456713,-1.57315729343303,0.115682401293028,0.268484781195455,"ZFHX4-AS1"
"ENSG00000253665.1",61.2927028692772,-1.47548641635207,0.350829901362065,-4.20570313597453,2.60271691491276e-05,0.000804570605832781,"LINC02866"
"ENSG00000253666.2",20.1252746227551,-0.617500626773688,0.213579074327312,-2.8912037788279,0.00383769188558545,0.0279030958608422,"AP000424.1"
"ENSG00000253667.2",31.9000193009267,-0.447361365527212,0.161351233848698,-2.77259339675525,0.0055611558499436,0.0360279357291637,"AC100821.1"
"ENSG00000253669.4",43.8351421488562,0.360070139367291,0.113923459486878,3.16063206813664,0.0015742721864491,0.0150826601161007,"GASAL1"
"ENSG00000253671.3",494.454183793843,-0.64763003591027,0.193408838306,-3.34850279636977,0.000812494608765825,0.0095003752871447,"AC027117.1"
"ENSG00000253674.1",2.76719757909997,-0.863637563927316,0.270414040682002,-3.19376006419329,0.00140432783361399,0.0139025532454685,"IGHVII-78-1"
"ENSG00000253676.1",46.1446672006686,0.0312813910353302,0.13775624622925,0.227077841416154,0.820363213994526,0.902025030563839,"TAGLN2P1"
"ENSG00000253683.1",29.3279633508101,-0.126449128936942,0.144122472838122,-0.877372740328768,0.380284214441284,0.571859749557491,"AC027309.2"
"ENSG00000253686.2",113.562499810559,-0.0374922904282825,0.187976150675171,-0.199452378898164,0.841908891016992,0.913920475480783,"LINC01484"
"ENSG00000253691.2",39.6989001390054,-0.578556740972668,0.228646812569351,-2.53035121929454,0.0113948399842071,0.058526443627616,"IGKV2OR22-4"
"ENSG00000253692.3",3.10363951905631,-0.553545182499659,0.301812606389902,-1.8340691236222,0.0666437340383966,0.188095103199418,"IGHEP1"
"ENSG00000253696.2",3.80782854692224,-0.0288787221260147,0.227561126221855,-0.12690534014083,0.899015319996878,0.94617542571057,"KBTBD11-OT1"
"ENSG00000253703.2",2.62957623095885,-0.320923480708993,0.272452541116195,-1.17790599197284,0.238834086032079,0.426331200807786,"IGHV1-68"
"ENSG00000253704.2",21.5309519991022,-0.258351062528849,0.116335788542377,-2.22073590393675,0.0263688541196432,0.101891627229025,"AC023632.2"
"ENSG00000253706.5",19.5597841203013,0.236181733574056,0.441117488573661,0.535416844019815,0.59236164517146,0.748508018505668,"AC011632.1"
"ENSG00000253709.1",14.0443539346222,-0.550709662593015,0.243106858048402,-2.26529875386473,0.0234943524704329,0.094418478444922,"IGHV1-14"
"ENSG00000253710.4",282.210880886959,-0.0593927066098254,0.0731861311246934,-0.81152953021431,0.417061641593555,0.605584552926727,"ALG11"
"ENSG00000253715.1",1.14757643133539,-0.614244438560558,0.520714153468395,-1.17961924881276,0.238151683668233,0.425806482177929,"AC083841.2"
"ENSG00000253716.6",141.134624662702,0.0358865552314715,0.104581122433879,0.343145630839454,0.73148890434621,0.846311512802278,"MINCR"
"ENSG00000253719.4",5054.05442562883,-0.00593577453547898,0.0487180879389679,-0.121839234391035,0.90302634085644,0.948375633769706,"ATXN7L3B"
"ENSG00000253720.2",8.12290992684404,-0.685803075681986,0.225196953777472,-3.0453479240206,0.00232411280487203,0.0198077134811609,"AC022973.3"
"ENSG00000253729.8",10530.1408882998,0.0200439782445235,0.0942504198955831,0.212667256726596,0.831586507866822,0.908154877859021,"PRKDC"
"ENSG00000253731.3",142.49448880152,0.00505771562207495,0.12785910809082,0.0395569443397211,0.968446353990952,0.984069662713637,"PCDHGA6"
"ENSG00000253733.3",1.04147248718003,0.114062145064425,0.891068145866586,0.128006085273643,0.898144157309883,0.94572437944582,"LZTS1-AS1"
"ENSG00000253738.2",1100.78819803505,-0.0112088421272248,0.0609078198649845,-0.184029606577146,0.85399022887286,0.921796676496697,"OTUD6B-AS1"
"ENSG00000253741.2",22.5442057107482,0.159911531391897,0.158458006806971,1.00917293240155,0.312891705446959,0.507013703370272,"LNCOC1"
"ENSG00000253742.1",17.3855629365762,-0.0311445269185712,0.22157072756155,-0.140562461753526,0.88821560491857,0.940475213387843,"IGHV3-60"
"ENSG00000253746.1",4.64172782286476,0.746171799767296,0.289634939940315,2.57624926026211,0.00998786163448808,0.0537238210166226,"AC091182.2"
"ENSG00000253754.1",2.20178771190965,-1.00985502824834,0.384309881152089,-2.62771028738834,0.00859616920352229,0.0484907253969616,"AC087620.1"
"ENSG00000253755.1",16947.6007241831,0.0372283160572398,0.219659359096728,0.169482038964004,0.865417498822636,0.928172952396818,"IGHGP"
"ENSG00000253763.1",23.0854311700961,-0.0533338772698041,0.197620056219465,-0.269880893114283,0.787251887020387,0.882091271710877,"IGHV3-6"
"ENSG00000253764.3",11.9207166926869,-0.0755824245339533,0.1861607887938,-0.406006146749151,0.684738084024576,0.815458556887348,"AC019257.1"
"ENSG00000253767.2",35.5099246354315,0.365403462924905,0.225247079849681,1.62223396267227,0.104753262286587,0.251917824422662,"PCDHGA8"
"ENSG00000253770.1",1.75247721559704,-0.69623731164144,0.602338985804798,-1.15588950416547,0.247726356319805,0.437067757620988,"HMGB1P23"
"ENSG00000253771.6",18.4947231290558,-0.0628643891762281,0.153579940160969,-0.409326824260637,0.68229983269446,0.813690881179807,"TPTE2P1"
"ENSG00000253772.1",1.66358392191782,-0.667468245583793,0.317491521091794,-2.10231833369437,0.0355253996323389,0.124172927029865,"AC112191.1"
"ENSG00000253773.3",17.9991257221163,0.0601616768163206,0.155863435073073,0.385989676078389,0.699504314756878,0.824608637886861,"C8orf37-AS1"
"ENSG00000253785.1",14.2991489789243,-0.0949171949429033,0.125753261128809,-0.754789133028363,0.450375515228464,0.634064277253943,"AC008429.2"
"ENSG00000253796.2",14.3835007351335,0.707779712432618,0.205519373544472,3.44385884515876,0.000573475017178321,0.00739555080116364,"AC104248.1"
"ENSG00000253802.2",1.35300616210005,-0.410332998767113,0.61522472793248,-0.666964411762308,0.504794865821327,0.680741067230616,"SIRLNT"
"ENSG00000253807.6",5.41605889285139,-0.996805622326867,0.224773426241654,-4.43471294180123,9.21950521696676e-06,0.000378944428627746,"LINC01170"
"ENSG00000253811.1",1.5876092407576,-2.60409231499434,0.622476617023906,-4.18343796983837,2.87133461753056e-05,0.000863553237772764,"AC136424.2"
"ENSG00000253818.1",124.72760261045,-0.242373146674231,0.27448258841722,-0.883018292970257,0.377226387950218,0.568743688706938,"IGLV1-41"
"ENSG00000253819.2",12.2839238112219,0.103436602095466,0.246072284272185,0.420350477102302,0.67422944013869,0.808292736989646,"LINC01151"
"ENSG00000253821.2",9.91380193584987,0.0220575883678049,0.267258850579401,0.0825326769159762,0.93422313454107,0.965425898720431,"AC090796.1"
"ENSG00000253822.1",2.18042638938732,-0.178703637500111,0.32388362089344,-0.551752623387232,0.581117850543143,0.739627388561902,"IGLV3-24"
"ENSG00000253824.2",8.5589196277879,0.196182702157262,0.217061827263726,0.90381023983044,0.366096031087346,0.55887180352107,"AP003472.1"
"ENSG00000253829.1",11.0748064305771,-0.234749611770956,0.176420672023926,-1.33062417843595,0.183312702697097,0.360706281555935,"AC067817.2"
"ENSG00000253833.1",4.97074369447806,-0.25338128386259,0.119572987002432,-2.11905121896333,0.0340861386120843,0.120470256137168,"DSTNP3"
"ENSG00000253837.1",20.5645146718271,-0.116828226209367,0.152851880312694,-0.764323120987241,0.444674710280615,0.629489862405917,"AC090197.1"
"ENSG00000253838.1",11.2118081853058,-0.288243827333505,0.26143974176092,-1.10252490838633,0.270233535795604,0.462160841796015,"AC007991.2"
"ENSG00000253842.2",5.53627061735464,-0.458050424186507,0.209705800510419,-2.18425252459219,0.0289436972489607,0.108061772800574,"AP003472.2"
"ENSG00000253844.1",4.21757145736948,-0.190004867393993,0.236783045174785,-0.802442874462309,0.422296820498484,0.609904912582684,"AC064807.2"
"ENSG00000253846.2",160.924207198572,0.144820149756984,0.153691628140066,0.942277412957089,0.346050629099088,0.53972939167038,"PCDHGA10"
"ENSG00000253853.3",9.58200260410919,-0.704187576981013,0.215160198862619,-3.27285241742428,0.0010646805314322,0.0114824777884588,"AC246817.1"
"ENSG00000253854.1",60.6348790982655,-0.32903616387597,0.141450517248055,-2.32615737487162,0.0200101566722204,0.0852750247378734,"AC010834.3"
"ENSG00000253868.4",1.32587210560813,-0.148125726761732,0.365461134793677,-0.405311844843248,0.685248300914139,0.815833631895809,"FER1L6-AS2"
"ENSG00000253872.1",0.866621306618125,-0.878602550297191,0.604412692117679,-1.45364675784493,0.146044266392072,0.311902736608587,"AC083836.1"
"ENSG00000253873.6",65.2345258907985,-0.214386134349257,0.167077737587734,-1.28315200723065,0.199438826241215,0.380130564153811,"PCDHGA11"
"ENSG00000253875.2",5.6423963468761,-0.546949730754563,0.238020848953476,-2.29790681429538,0.0215670933755127,0.0893231469923059,"AC013643.2"
"ENSG00000253877.6",4.30732764663754,-2.13353963345714,0.437589568560172,-4.87566383375466,1.0844314901611e-06,7.95241797399415e-05,"LINC01608"
"ENSG00000253878.5",27.8867749759958,-0.314299272992752,0.124708146273636,-2.52027860556209,0.0117261979251507,0.0596355510763944,"AC087752.3"
"ENSG00000253880.1",0.814326030183626,-0.554817257534576,0.482593777381616,-1.14965688232621,0.250285219903687,0.440117563315557,"AC009435.1"
"ENSG00000253882.6",5.5664503268517,0.210169814294946,0.150834708766629,1.39337832792928,0.163505415742221,0.335024817075952,"AC099548.2"
"ENSG00000253883.1",26.6797730479206,-0.34543772019105,0.212093300082268,-1.6287064233385,0.10337518232916,0.249836603141955,"IGHV3-19"
"ENSG00000253893.2",3.71363090636609,-0.326006675334108,0.192417324197605,-1.69426883308756,0.0902142101651272,0.22901271056253,"FAM85B"
"ENSG00000253898.1",11.8925101773413,-1.07086005499847,0.629528759603611,-1.70105025173551,0.0889335513909826,0.226990549406622,"LINC01419"
"ENSG00000253899.1",2.27247711307859,-0.071328987082572,0.220232811756096,-0.32387992739959,0.746028941199455,0.855463991849331,"AC067904.2"
"ENSG00000253901.1",0.794578065852115,0.669788038820501,0.656188522958207,1.02072501329494,0.3073847402485,0.50079685672262,"AC103409.1"
"ENSG00000253908.1",3.92185614273851,-0.973656857063699,0.254230850518914,-3.82981394695551,0.000128240180543587,0.00261988954427103,"AC104115.2"
"ENSG00000253910.2",110.59774454953,0.222283912210759,0.147829285584484,1.50365275278101,0.132670800542677,0.293294087813236,"PCDHGB2"
"ENSG00000253911.1",1.98975628707937,-0.558346738986899,0.381741842043612,-1.46262913176573,0.143568887420707,0.308496125525854,"AP003467.1"
"ENSG00000253915.1",2.41984564476891,-0.151262530608822,0.250953064393854,-0.602752275506886,0.546673499663952,0.713573557110971,"MAPRE1P1"
"ENSG00000253919.1",13.4560080327391,-0.238717631905225,0.138756338496498,-1.72040884396247,0.0853581505236803,0.221016402658647,"THAP12P7"
"ENSG00000253921.1",7.5093575600983,-0.107367299247495,0.121263687637216,-0.88540354775211,0.37593901963974,0.567599554707989,"AC091982.1"
"ENSG00000253924.2",2.58548172229672,-0.887019013034569,0.37233568431957,-2.38230997025054,0.0172044089724346,0.0771533388899873,"AC103831.1"
"ENSG00000253930.1",59.6906057217529,0.0767263240484666,0.104208780285016,0.736275041686666,0.461563331945577,0.643909322535784,"TNFRSF10A-AS1"
"ENSG00000253931.1",13.1058291042772,-0.827125836695965,0.265519327098765,-3.11512478482706,0.00183867108199828,0.0169055168000466,"AC105118.1"
"ENSG00000253932.1",1.40415681610265,-2.36111039712767,0.666806796685681,-3.54092131163541,0.000398732475334172,0.00579718442899853,"AC019270.1"
"ENSG00000253936.1",31.6732969429037,-0.243863430459687,0.203027490002068,-1.20113503081382,0.229698826292376,0.415940212149662,"IGHV3-63"
"ENSG00000253939.1",2.59711377347919,0.279071525581179,0.293863521153227,0.949663723098401,0.342283148294383,0.535559397319527,"AC007991.3"
"ENSG00000253944.1",26.9363030234256,-0.576100462481541,0.215691161703695,-2.67095071458217,0.00756367514990148,0.0443262518510245,"AC027117.2"
"ENSG00000253948.2",29.607299236187,-0.0387156717738034,0.0931400515891629,-0.415671573219399,0.677650345205337,0.810740135220698,"VPS13B-DT"
"ENSG00000253953.3",83.057699440107,0.0378118002905554,0.196675965434861,0.192254301164616,0.847543012968438,0.917365633822888,"PCDHGB4"
"ENSG00000253954.3",8.06755444799624,-0.0556028980737901,0.147492551938122,-0.376987836627285,0.706182644158227,0.82933926318247,"HMGN1P38"
"ENSG00000253955.2",15.0563190160616,-0.0391349120887085,0.142722685986152,-0.274202463457741,0.78392903508439,0.88012913485751,"AC008663.2"
"ENSG00000253957.1",12.4414733999027,-0.560085583150174,0.234874848451499,-2.384612855922,0.0170971030564472,0.0768273521471584,"IGHV3-22"
"ENSG00000253958.2",677.854897984055,0.132389419670092,0.100370669279591,1.31900505018364,0.18716742412249,0.365176104741564,"CLDN23"
"ENSG00000253959.1",9.85057882065376,0.0411542686396509,0.291462188989606,0.141199339723338,0.887712467674579,0.940247555783181,"LINC01863"
"ENSG00000253961.1",2.57737621543569,-0.251990057489558,0.276902482487305,-0.910031774457317,0.36280575293698,0.555811335014306,"AC009563.1"
"ENSG00000253966.1",9.77356916505807,-0.0278389959624318,0.191066171001733,-0.145703427333452,0.88415551562598,0.938384697686753,"AC008514.2"
"ENSG00000253967.1",6.92254682829959,-0.606656922445055,0.29628295749636,-2.04755929119719,0.0406032016343238,0.135860860922275,"AC022730.4"
"ENSG00000253971.1",2.81168364166093,-0.261315674728343,0.227320252717039,-1.14954858445288,0.250329845202766,0.44017278632807,"CDC42P3"
"ENSG00000253972.6",22.8123531787749,-0.753023025031101,0.176378031033109,-4.26936972036925,1.96026105990925e-05,0.000656569129452301,"MAL2-AS1"
"ENSG00000253973.3",11.2816197577473,-0.8224120510177,0.233441015698489,-3.52299722718789,0.000426695824433955,0.00605282662244554,"AC079296.1"
"ENSG00000253978.2",14.5748331351552,-0.306824559262291,0.177999865127225,-1.72373478509654,0.0847557323487054,0.219938084453781,"CTB-178M22.2"
"ENSG00000253980.1",1.98068209354667,-1.74080034820362,0.482742611856228,-3.606063159641,0.000310877501717419,0.00491306106899394,"AC010609.1"
"ENSG00000253981.5",12.7290633913448,-0.0610261643256135,0.123663558141462,-0.49348543130066,0.621669631317528,0.770380222048396,"ALG1L13P"
"ENSG00000253982.2",418.995998958529,0.189619231341739,0.0822842580067433,2.30444116450803,0.021197891488523,0.0883935226627328,"AC100810.1"
"ENSG00000253983.3",3.23493803307211,0.0888528021737406,0.171302578728979,0.518689227173377,0.603977475286949,0.757314781738791,"AC087627.1"
"ENSG00000253988.1",3.51826267387265,-0.491596286150565,0.205992240636828,-2.38647962967336,0.017010549718859,0.0765210419929702,"AC079015.1"
"ENSG00000253989.2",1.44186875864853,-0.197514253722613,0.332059833157119,-0.594815253156971,0.551966970542537,0.717260910501149,"IGHVIII-38-1"
"ENSG00000253991.1",1.24522511788023,-0.630832384047981,0.409223293977267,-1.54153586399465,0.123186421321093,0.279547783044316,"AP001207.2"
"ENSG00000253998.3",151.454069548288,-0.82761216130454,0.302285588815858,-2.73784855092346,0.00618425481326162,0.0387088542015264,"IGKV2-29"
"ENSG00000254003.1",4.22363064096374,-0.567500810562053,0.199029449410178,-2.8513409057998,0.00435352662375485,0.0304756017419407,"SRI-AS1"
"ENSG00000254004.7",1227.92254724085,-0.0444612759309088,0.0690526345560665,-0.643875157215167,0.519656392444061,0.692979262742935,"ZNF260"
"ENSG00000254006.5",3.56718035091409,-0.0998157957999958,0.194502466093921,-0.513185245434354,0.607821745902393,0.760407076913838,"AC104232.1"
"ENSG00000254008.1",2.3035497009706,-0.0993533549470425,0.438280055173723,-0.226689199689138,0.820665425911892,0.902187078790604,"LINC00051"
"ENSG00000254012.1",4.07987567415309,0.0249940007894839,0.163685484444845,0.152695279451647,0.878638583562163,0.935144281796505,"RPL10P8"
"ENSG00000254016.3",7.05295271680878,-0.0364406321584056,0.134069633417388,-0.271803772633271,0.78577290425324,0.880981219104331,"ALG1L10P"
"ENSG00000254019.1",2.04989420472049,-0.599974992776114,0.397184763721115,-1.51056900359196,0.130898296226932,0.291062418938515,"AC011676.2"
"ENSG00000254024.1",22.497097027342,-0.168367343123291,0.179777388889065,-0.93653236463004,0.348999157021575,0.542675677675928,"AP001207.3"
"ENSG00000254027.1",9.15333600275789,-0.668426699178695,0.204012825116688,-3.27639548541313,0.0010514121878566,0.0113836312098568,"AC009902.2"
"ENSG00000254031.6",1.24639561214099,-0.172367097169948,0.637015118919639,-0.270585567046318,0.786709797683032,0.881710572138795,"AC022858.1"
"ENSG00000254034.2",10.5039685243235,-0.729916502932929,0.204750614051585,-3.56490507397957,0.000363987900626541,0.00548337066767395,"INTS9-AS1"
"ENSG00000254035.1",9.48990764168636,-0.379919058851783,0.172364715677667,-2.20415795285072,0.0275132376686589,0.104569676611617,"AC104117.3"
"ENSG00000254039.1",1.65386702211107,-0.366020295951872,0.317546447401844,-1.15265120723799,0.249053576038941,0.438832532789864,"AC027801.4"
"ENSG00000254042.2",2.04187855104234,-1.0658890816883,0.328573536134991,-3.24398944061761,0.00117868115723594,0.0123324424160453,"SLIT3-AS2"
"ENSG00000254046.1",11.1893752949773,-0.0252381224909523,0.235535422532425,-0.107152131172448,0.914668290497346,0.954836037713699,"IGHV1-17"
"ENSG00000254048.1",2.26456355177977,-2.0829366516854,0.691977183189669,-3.0101233137256,0.00261141643540753,0.0214777389782665,"AC105150.1"
"ENSG00000254051.1",0.592651483802169,-1.56021068958271,1.23195893785265,-1.26644699075947,0.205353096367392,0.386676129028877,"AC011853.1"
"ENSG00000254054.3",41.2058146485078,-1.56594547508886,0.25963658413218,-6.03129747806127,1.62648466745443e-09,5.88592978625655e-07,"AC087273.2"
"ENSG00000254056.1",40.7911168584589,-0.379301323735151,0.209928207273285,-1.80681447558582,0.0707912109117166,0.195459594035809,"IGHV3-71"
"ENSG00000254060.1",1.29451606430321,-0.877929216447882,0.540554212468366,-1.62412797125184,0.104348499384172,0.251377163587344,"AC022778.1"
"ENSG00000254064.1",14.6276334439426,-0.0294168388226587,0.0989070732416512,-0.297418959620684,0.766146670550771,0.86874837718902,"AC105206.2"
"ENSG00000254065.1",3.09453965766586,-0.565318298245127,0.267003918653842,-2.1172659228947,0.0342372852971894,0.120888953165694,"AC024451.3"
"ENSG00000254081.2",2.50105562760986,-1.48506405872694,0.46664103409834,-3.1824549283293,0.00146032242737873,0.0142869569717074,"LINC01299"
"ENSG00000254087.8",5466.04727529438,0.0768360651413792,0.0755513243738523,1.01700487421199,0.309151110680776,0.502959730643817,"LYN"
"ENSG00000254088.1",4.81888684274638,0.113210837343833,0.203807472102922,0.555479326521755,0.578566846850122,0.737776236970394,"SLC2A3P4"
"ENSG00000254090.1",0.815059087001599,-1.20101804449395,0.560171413923163,-2.14401880324919,0.0320313801927547,0.115590331672555,"MTND2P32"
"ENSG00000254093.9",215.177365060545,0.14517190549209,0.0778283241764159,1.86528371294522,0.0621416468656738,0.179808956118449,"PINX1"
"ENSG00000254094.1",4.46241416075371,-0.232942977589046,0.286738667588332,-0.812387738104024,0.416569179942871,0.605150436680251,"AC078852.2"
"ENSG00000254098.1",11.747892331497,-0.595418810858549,0.242637355448667,-2.45394535296325,0.0141298452341671,0.0675121896356381,"IGKV2-26"
"ENSG00000254099.1",3.87795836927293,-0.597254534912057,0.225756006675576,-2.64557538781391,0.00815521127946096,0.0467317468377098,"AC005740.3"
"ENSG00000254101.7",17.5540821859124,-0.00997171898450927,0.253339366230621,-0.039361111274873,0.968602484573494,0.984147139076679,"LINC02055"
"ENSG00000254102.2",9.33292831113771,-0.119516974250198,0.141569725356921,-0.844226927394794,0.398542610174669,0.588698661011812,"AC090136.3"
"ENSG00000254109.6",133.535794105118,-0.00771814310775941,0.163782858745064,-0.0471242422247194,0.962414206296313,0.981247509347191,"RBPMS-AS1"
"ENSG00000254111.3",2.09633430439236,-0.151630213522565,0.367403439995846,-0.412707658709671,0.679820812937879,0.811968839778486,"AC124067.3"
"ENSG00000254112.1",1.50334461815269,-1.52984436789036,0.44719515524236,-3.42097706103558,0.00062396594902785,0.00785395022343448,"AP003467.2"
"ENSG00000254119.5",2.46446907399704,-0.97246394908323,0.292482240313439,-3.32486494920542,0.000884613737277828,0.0101006984553527,"LINC02842"
"ENSG00000254122.3",188.606581876378,-0.0918980441272172,0.134860027894743,-0.681432783025545,0.495597685133241,0.672835041844024,"PCDHGB7"
"ENSG00000254126.8",6.27724995962988,-0.74386232153056,0.210935004500107,-3.52650013350526,0.000421090952893882,0.0060034919786379,"CD8B2"
"ENSG00000254127.1",1.34834909770418,-0.76116030867505,0.328429828887051,-2.3175736237308,0.0204725050735799,0.086541140002452,"IGLCOR22-1"
"ENSG00000254129.1",1.38400930857976,-0.215600058489263,0.465506811547384,-0.463151243206496,0.643255961659517,0.785627069706966,"AC108449.1"
"ENSG00000254131.1",3.24515058325187,-0.142066711011414,0.22435155498236,-0.633232566730299,0.526581781666504,0.697909524563014,"AC093367.1"
"ENSG00000254132.1",3.13277369976008,-0.179144690734365,0.217919026948861,-0.822069982794136,0.411037068223546,0.600125295459655,"MTND6P3"
"ENSG00000254141.1",3.1260102288719,-0.993294347358985,0.424941880091924,-2.33748282740246,0.0194140928304598,0.0836595123743848,"AC103853.2"
"ENSG00000254143.1",68.6179289540687,-1.20841901446271,0.280679472676729,-4.30533449040107,1.66733610643728e-05,0.000579442807845681,"AC022733.1"
"ENSG00000254152.1",3.06883607350919,0.362513239695767,0.28892725359824,1.25468689845317,0.209592443682512,0.391800181219645,"PPIAP84"
"ENSG00000254153.1",12.5159372962088,-0.173890876045313,0.189937168169142,-0.915517893214352,0.359919813344074,0.553069802716895,"AC103957.2"
"ENSG00000254154.8",13.0646376223822,0.0254600027296377,0.194467027362096,0.130921951525651,0.895837049339835,0.944759190461248,"CRYZL2P-SEC16B"
"ENSG00000254157.1",5.70711387996869,0.0134418239864182,0.250399259662197,0.0536815644125784,0.957188871087857,0.978199895543166,"IGKV2-18"
"ENSG00000254162.1",34.083169085014,-0.350030341107981,0.161871471233827,-2.16239673637336,0.0305876089234202,0.112165796220666,"AC009812.3"
"ENSG00000254163.1",2.20928595327733,-0.214707833146275,0.323001206155952,-0.664727651334555,0.506224704525887,0.681714829012491,"AC025434.1"
"ENSG00000254165.1",26.4658686330342,-0.414459982969554,0.166600890155311,-2.48774170764142,0.0128557062436523,0.0634081522918396,"AC090739.1"
"ENSG00000254166.3",127.721565177118,0.0549130696719356,0.257661391651939,0.213121062957367,0.831232536162028,0.907950202258903,"CASC19"
"ENSG00000254170.1",4.100827443214,-0.105941639248344,0.204326647757939,-0.518491544841724,0.604115357805624,0.757378023125836,"AC008802.1"
"ENSG00000254174.1",37.841607052546,-0.653660336840671,0.234459496672822,-2.78794566275482,0.00530434398550474,0.0348820257141198,"IGHV1-12"
"ENSG00000254176.1",10.1837915745516,0.404586569467817,0.223233154462317,1.81239462588929,0.0699252426361104,0.193889586722607,"IGHV3-75"
"ENSG00000254177.1",1.39789203832706,-0.729735678762916,0.415118637115812,-1.75789669149287,0.0787650888855951,0.209668673884074,"AC079209.2"
"ENSG00000254180.2",3.55869396054588,-0.390172667051141,0.262671828363806,-1.48539974568854,0.13743796300322,0.299654361641533,"AC004083.1"
"ENSG00000254197.1",1.70543231436367,-0.539318972632352,0.389681309241734,-1.38400010429495,0.166358422803859,0.338497360547567,"AC011676.3"
"ENSG00000254202.2",0.557171522209822,-1.39292214096854,0.649332166796784,-2.14516115509871,0.0319399642221912,0.11547545793952,"AC015522.1"
"ENSG00000254205.1",1.47022151435293,-1.90638442227195,0.477684083026705,-3.99088956490386,6.58259284950922e-05,0.00162216331412813,"AC009686.1"
"ENSG00000254206.5",39.8188501508763,-0.137217370279487,0.152791677564585,-0.898068353372749,0.369149109472118,0.561733031854135,"NPIPB11"
"ENSG00000254208.1",3.08759654658051,-0.1776806848895,0.240888382715271,-0.737605869102945,0.460753987865836,0.643208625855058,"AC011773.1"
"ENSG00000254211.6",10.5814915931199,-0.565863074081059,0.20379208011413,-2.77666862109734,0.00549191397961527,0.0356974408674993,"LINC01485"
"ENSG00000254220.1",2.90768562276978,0.0689012537403507,0.295167914078854,0.233430703182541,0.815426973918493,0.899000272954116,"IGKV2D-18"
"ENSG00000254221.2",66.1303741984884,0.371387694488067,0.173325239767654,2.14272136583177,0.0321354786983933,0.115762197061864,"PCDHGB1"
"ENSG00000254226.6",3.94295309389404,-0.0903259689467716,0.217596874924104,-0.415106921817129,0.67806363253994,0.811044128396872,"LINC01933"
"ENSG00000254228.2",3.70754795014811,-0.428044809533636,0.25806722628081,-1.65865621800371,0.0971850864903725,0.240258437532062,"IGHV3-42"
"ENSG00000254231.3",34.0066716596172,0.146567781167141,0.123255829635302,1.1891346770438,0.234386674572048,0.421465598516186,"AC103760.1"
"ENSG00000254233.1",9.37493052633828,-1.04428146702861,0.275204125466777,-3.79457054016683,0.000147899230316827,0.00288628902399656,"LINC02365"
"ENSG00000254238.1",2.05794196887504,-0.860418949743313,0.363793469137364,-2.36513028060553,0.0180237293206986,0.0797957473768642,"AC100782.1"
"ENSG00000254244.1",5.47669189540726,0.386017620340542,0.198834395467209,1.94140264029018,0.0522094583038305,0.160262723152262,"PAICSP4"
"ENSG00000254245.3",33.0623545030082,0.360982235249567,0.162663520100325,2.21919601289168,0.026473392214616,0.102129623059236,"PCDHGA3"
"ENSG00000254248.1",2.56705959888822,-0.0464138697697077,0.21366083294396,-0.217231530600096,0.828027913464614,0.906007435155437,"AC068189.1"
"ENSG00000254254.6",6.22340400353796,-1.28254841469425,0.300288329416994,-4.2710564782331,1.94549126129903e-05,0.000653682279604458,"AC012349.1"
"ENSG00000254256.1",2.00888125401827,0.359318876308118,0.588632510599604,0.61042988594378,0.541577075838299,0.709516237702858,"RPSAP71"
"ENSG00000254263.1",4.95252896497364,-1.39488636385584,0.28294731594833,-4.92984483411947,8.22949539560945e-07,6.40617555731063e-05,"AC022973.4"
"ENSG00000254266.6",8.15199480792253,-0.263331778802497,0.259194936104901,-1.01596035308314,0.309648266753492,0.503435546111918,"PKIA-AS1"
"ENSG00000254271.1",8.56913388923851,-0.276614873522501,0.172437895805722,-1.60414201431773,0.108682752710411,0.258068246629179,"ANK3-DT"
"ENSG00000254272.1",3.39306094616521,-0.22935545144177,0.16827164606413,-1.36300711858705,0.172880267131141,0.347650563759186,"BTF3P3"
"ENSG00000254273.1",1.7101302078066,-0.721043879831582,0.344433907127337,-2.09341724177293,0.036311924612768,0.125996134041989,"AC018620.1"
"ENSG00000254274.1",3.23301213993208,-0.597002976110212,0.24832564734213,-2.40411323800031,0.0162117506426284,0.0741296269942351,"TDGF1P5"
"ENSG00000254275.6",6.83713332171577,-0.0503935370957194,0.278466339075911,-0.180968145963171,0.856392578997492,0.92304816946044,"LINC00824"
"ENSG00000254285.3",132.936735872027,0.513564677445465,0.159615286334634,3.21751562296341,0.00129305984651998,0.0131570420141166,"KRT8P3"
"ENSG00000254287.1",9.37816649315968,-0.36496995856796,0.241312269333227,-1.51243846645847,0.130422355418077,0.290444914978865,"AC007991.4"
"ENSG00000254288.1",6.95857623357848,-0.0609398443856988,0.127973722313527,-0.476190293476032,0.633938814040053,0.778866519146633,"AC087672.2"
"ENSG00000254289.2",1.14109654484544,-1.28955129053584,0.411602560281995,-3.13300113986743,0.0017302877021012,0.0161952399398525,"IGHV3-32"
"ENSG00000254290.1",18.5323714096025,0.59884810403361,0.284029132128411,2.10840380895459,0.0349960752571671,0.122683408817191,"AC124067.4"
"ENSG00000254302.2",1.47935791559455,-0.457926310161114,0.513874397763686,-0.891124975585373,0.372862127457769,0.564952387450577,"AC087855.2"
"ENSG00000254315.1",2.73368600095948,-0.859877846390757,0.269686857814942,-3.18843066124046,0.00143047312735094,0.0140985026136456,"AC023632.5"
"ENSG00000254317.1",18.0572211623734,-0.412915472291162,0.145408429773335,-2.83969418371975,0.00451568017968308,0.031236347438643,"AC022973.5"
"ENSG00000254319.6",6.55875215760949,-0.141975038269945,0.214577916328655,-0.66164794914166,0.508196870264259,0.683722557249979,"AC246817.2"
"ENSG00000254324.3",0.760707513632072,-1.08289159065451,0.955376862209623,-1.13347060567279,0.257016678354232,0.447885698636349,"MIR151A"
"ENSG00000254325.2",3.55194404180838,-1.56871107308478,0.432821137413414,-3.62438646702785,0.000289648220497436,0.00467212122336295,"AC018607.1"
"ENSG00000254326.1",9.58884565511731,-0.655938819724045,0.24425052417628,-2.68551652831108,0.00724177928679552,0.0430330900032785,"IGHV7-27"
"ENSG00000254328.1",1.8437752652367,-0.113387028645928,0.307419942023592,-0.368834330979173,0.712251213597065,0.833819039146492,"AC008429.4"
"ENSG00000254330.1",2.17279376275852,-2.69450510223224,0.688645253747565,-3.91276217699739,9.12463873229136e-05,0.00206958473629822,"AC104232.2"
"ENSG00000254331.1",2.4912327185151,-0.11005788209381,0.215711620121005,-0.510208407094956,0.609905462929562,0.761750700308943,"CKS1BP7"
"ENSG00000254332.1",42.65499348675,0.198733779710014,0.10865610980813,1.82901615068814,0.0673971888050332,0.189354819146495,"AF201337.1"
"ENSG00000254333.1",3.04414262396737,0.321395877010571,0.220764157765809,1.45583359302154,0.14543862682607,0.311160527043474,"NDST1-AS1"
"ENSG00000254337.2",2.56887172008043,0.210311260956057,0.256939274913341,0.818525159405816,0.413057381854717,0.602203512615568,"AC083967.1"
"ENSG00000254338.1",8.3754577494166,-0.623252248649548,0.274843224842268,-2.26766458953911,0.0233496576819063,0.0940796506358111,"MAFA-AS1"
"ENSG00000254339.5",1.7908933932875,-0.474730976863881,0.338497361352738,-1.40246581233813,0.160776192612789,0.33166378218338,"AC064802.1"
"ENSG00000254340.2",9.41516486177278,-0.123415158699393,0.175475240030358,-0.703319503526774,0.481856658847071,0.661680913301527,"AC022784.5"
"ENSG00000254343.2",134.320259538509,-0.216111420871903,0.127392844922116,-1.69641725957237,0.0898068873734385,0.228361773567852,"AC091563.1"
"ENSG00000254346.2",0.580110522265251,-0.847442638882826,0.888598007347619,-0.953685054293969,0.340243087713867,0.53352077615193,"MTND1P6"
"ENSG00000254348.1",7.76074244658485,-0.240838656966268,0.205267723023217,-1.1732904395253,0.240679354857581,0.428577847769712,"AC120036.3"
"ENSG00000254349.6",28.6756648633692,-0.267552959766605,0.349945264433282,-0.764556594871751,0.444535623963696,0.629355525115808,"MIR2052HG"
"ENSG00000254352.1",12.8563641491212,0.066723330651269,0.122306847883829,0.545540432164887,0.585381880467434,0.743093718168386,"AC100854.1"
"ENSG00000254361.2",1.60981031290724,-1.47406423948208,0.45326267946042,-3.25211914918048,0.00114547992637464,0.0120837969546233,"AC046195.2"
"ENSG00000254362.1",3.15571521407763,-0.0875212594231407,0.235505530138694,-0.371631440550876,0.71016727687576,0.832271183632363,"AC011726.2"
"ENSG00000254363.6",100.184469414507,-0.855753232356437,0.16851742077263,-5.07812918351659,3.81169500052042e-07,3.66770987434469e-05,"AC011379.2"
"ENSG00000254364.1",2.81310291552454,-0.598626458886286,0.233906986658114,-2.55925001402911,0.0104898270258569,0.0553993989803067,"AP000424.2"
"ENSG00000254367.5",21.61973712534,-0.0573976227721766,0.251050613899669,-0.228629684989001,0.819156750305495,0.901491564161671,"AC087269.1"
"ENSG00000254369.6",11.7864634500475,0.18613379456374,0.176871215336941,1.05236905965255,0.29263025834807,0.485162053243478,"HOXA-AS3"
"ENSG00000254373.1",5.82871874877098,-0.561171670869051,0.186250272857744,-3.0129978456336,0.0025868075397808,0.0213830540888584,"AC112191.2"
"ENSG00000254388.1",3.54786122830453,-0.817523376768883,0.30342051187016,-2.69435764816954,0.00705244446048372,0.0423821359969105,"DUTP2"
"ENSG00000254389.3",107.398752817993,-0.0285905954000146,0.126662521690437,-0.225722613275377,0.821417169098135,0.902529817327725,"RHPN1-AS1"
"ENSG00000254394.2",0.713050643492707,-1.63831690641597,0.560829041622119,-2.9212412069057,0.00348639789889056,0.0262688631848198,"AC060765.2"
"ENSG00000254395.1",151.342485432852,0.0856008819731079,0.190600227504576,0.44911217102851,0.653350740955142,0.792971682352796,"IGHV4-55"
"ENSG00000254397.1",9.14955687089236,-0.460594033348026,0.200729014436581,-2.29460616164958,0.0217557048402471,0.0898270982716445,"AC132192.1"
"ENSG00000254401.2",4.86550249495736,-0.154017018406595,0.174610750411266,-0.882059197637228,0.377744795546955,0.569302033953014,"LINC02752"
"ENSG00000254409.3",5.53265265757991,-0.209680960599268,0.121598287568202,-1.72437428842624,0.084640296092206,0.219755858831616,"AC087521.3"
"ENSG00000254413.8",6.19492096157199,-0.110608858163836,0.168853065088694,-0.6550598184625,0.512429241249462,0.687112116030382,"CHKB-CPT1B"
"ENSG00000254415.3",216.114106881926,-0.0498667352110001,0.162612375430298,-0.306660148583679,0.759102065938792,0.86411546761378,"SIGLEC14"
"ENSG00000254416.6",17.5391669003369,0.568696999972567,0.228965291602514,2.48376946563512,0.0129999937073553,0.0638962882742031,"LINC02732"
"ENSG00000254417.1",1.52758971204036,0.296079092819842,0.322087878235898,0.91924941243207,0.357965131149455,0.55103260178282,"LINC02584"
"ENSG00000254419.1",22.8597363336713,-0.29236424485626,0.152630450164964,-1.91550404614722,0.0554282536349216,0.166474772058407,"AL139349.1"
"ENSG00000254420.1",2.82389699474877,-0.971215232771719,0.252933712986301,-3.83980142980908,0.000123133863135286,0.00254153484523439,"AP003086.1"
"ENSG00000254427.2",9.54035108680193,0.0966912364184564,0.193333256980948,0.500127282436384,0.616985456838915,0.766924164222596,"LINC02696"
"ENSG00000254428.1",56.209194657753,-0.369069207528878,0.12932582459536,-2.85379357667841,0.00432005917231652,0.0303114288775414,"AP003392.1"
"ENSG00000254431.1",7.70810161866761,-0.526216556092448,0.227509017465863,-2.31294812818312,0.0207254912534744,0.0871449583609401,"AC084083.1"
"ENSG00000254432.1",4.4472204611834,-1.17310351695366,0.251759173910069,-4.65962569996636,3.16784898073264e-06,0.000173937611016471,"AC113143.1"
"ENSG00000254433.1",13.4040832775387,-0.621806758100006,0.171686850626965,-3.62174945739464,0.000292617449342546,0.00470633465746927,"AP001001.1"
"ENSG00000254438.1",2.31895342263186,0.533417845927535,0.297944909076658,1.79032374669739,0.0734018808861441,0.200308919700196,"LINC02683"
"ENSG00000254440.3",4.11599853746455,-0.989021570923849,0.312608304905843,-3.16377254027765,0.00155738459581466,0.0149682463477071,"PBOV1"
"ENSG00000254441.1",2.07895527486392,-0.544547875648532,0.313928285557967,-1.73462507426073,0.0828072352505294,0.216737522263827,"EIF2S2P6"
"ENSG00000254442.1",2.20577050894725,-1.84171383839334,0.484392180560475,-3.8021130652075,0.000143467223261426,0.00283805957459458,"AP000859.1"
"ENSG00000254447.3",5.32737789244894,-0.116746688673673,0.281612931742921,-0.414564373699462,0.678460833006787,0.811204758961931,"OR7E11P"
"ENSG00000254449.1",2.39664261009201,-0.15673455392489,0.285435101177791,-0.549107496864108,0.582931680698854,0.741311858117149,"SF3A3P2"
"ENSG00000254450.1",1.55638689027168,-0.696234332476395,0.603165204735669,-1.15430122130721,0.248376695981108,0.437913914541172,"ALG9-IT1"
"ENSG00000254453.1",3.17713949547096,-0.52615674506234,0.372269861115607,-1.41337454363232,0.157545626436837,0.327505602899464,"NAV2-AS2"
"ENSG00000254454.2",6.89737384106303,0.130064313096436,0.174340579749567,0.746035795471526,0.455645792013492,0.638863565108662,"RCC2P6"
"ENSG00000254461.1",16.1598980772322,-0.205399949260571,0.131163086298849,-1.56598899169373,0.117351194318759,0.270922495836241,"AP001107.4"
"ENSG00000254463.1",5.67167468624922,-0.523139912514363,0.251313603434024,-2.08162194710522,0.0373770151195637,0.128579558211989,"PPIAP41"
"ENSG00000254469.7",61.3699395897025,-0.331495475506318,0.0887974578874039,-3.73316402736053,0.000189089365430652,0.00344761897222492,"AP002495.1"
"ENSG00000254470.3",1989.05262528127,0.112804141541749,0.0611538345971326,1.84459637379858,0.0650962748978783,0.185264670376802,"AP5B1"
"ENSG00000254471.1",1.28706972737413,0.271333061584188,0.373577819868824,0.726309344809235,0.467649151915512,0.649051326276603,"AP001284.1"
"ENSG00000254473.1",67.1340657918908,0.0927483272418499,0.0924024664286123,1.0037429824831,0.315502513478385,0.5095568389916,"AL354920.1"
"ENSG00000254477.2",13.1891197767367,-0.182325557289425,0.0987264082559182,-1.84677595904027,0.0647796175420541,0.184680111199927,"AP000640.1"
"ENSG00000254480.2",5.50286169405738,0.166266864706218,0.200613708412515,0.828791143047559,0.407222600866794,0.596701819931261,"LINC02749"
"ENSG00000254481.1",6.93805570509053,-0.0492912581945173,0.14447481571302,-0.341175435671972,0.732971514566823,0.847282550676526,"PTP4A2P2"
"ENSG00000254484.1",2.63517413456528,-0.516022097830076,0.281031813102302,-1.83616969244059,0.0663325635629009,0.187518896043106,"AP002336.1"
"ENSG00000254485.5",6.57227268540952,-0.440418405443483,0.201302757896045,-2.18784089222921,0.0286811940548676,0.107435932014301,"AC026191.1"
"ENSG00000254495.1",3.00088880647126,-0.893106320187093,0.283023349737058,-3.15559236019512,0.00160172545343086,0.0152753496193279,"AP000487.2"
"ENSG00000254503.1",15.6518797065477,-0.345183014543868,0.134726594876531,-2.56210004312962,0.0104041344055582,0.0551041754317926,"AC010319.1"
"ENSG00000254505.11",54.3656750853592,-0.234483034878751,0.0982577794471866,-2.38640681885942,0.0170139183871637,0.0765258558313754,"CHMP4A"
"ENSG00000254506.1",10.8022669873868,0.0841735113457764,0.198074908221038,0.424957972222531,0.670867312580329,0.805917061331344,"AP003080.1"
"ENSG00000254510.2",9.83717764419788,-0.0201295764535078,0.154677686178173,-0.130138851639664,0.896456572314087,0.945095579433123,"AP001107.5"
"ENSG00000254519.5",1.17187278245631,-0.551247157990465,0.330267223341148,-1.66909435460708,0.0950986819438602,0.236985061224322,"AC044839.1"
"ENSG00000254521.7",100.75483229501,0.107299339348622,0.189956620724473,0.564862329827694,0.572167407753544,0.732965806918939,"SIGLEC12"
"ENSG00000254527.1",2.07144438859201,-0.331555610804207,0.335945976849467,-0.986931333167215,0.323676302440379,0.517189246359548,"ENPP7P12"
"ENSG00000254528.7",20.7552066718994,0.137221111586371,0.210553011249307,0.651717640000375,0.51458334079822,0.688802382284268,"AP000757.1"
"ENSG00000254531.1",186.466090375245,0.287474541033253,0.0928628831574929,3.09568830148967,0.00196356652867451,0.0176683839024758,"FLJ20021"
"ENSG00000254533.1",12.3488485687475,-0.388983656530469,0.189974141100194,-2.04756107477446,0.0406030267134669,0.135860860922275,"AF186192.1"
"ENSG00000254535.4",97.7052709125127,0.0664839023704527,0.132915964508538,0.500195011308685,0.616937770706815,0.766902154600957,"PABPC4L"
"ENSG00000254536.2",20.5717913714063,-0.100644190065333,0.123126364199639,-0.817405684960756,0.413696627960825,0.602751794945283,"AL360181.3"
"ENSG00000254538.1",3.7679679613638,-1.65669865073888,0.356246198321409,-4.65043180403063,3.31240764967489e-06,0.000179881574961645,"AC027018.1"
"ENSG00000254542.1",3.55190844696097,-0.355328223398776,0.315940087012573,-1.12466963834392,0.260729052127925,0.451918592903739,"NAV2-AS3"
"ENSG00000254544.1",0.780144353242172,0.396210969568759,0.503570387498686,0.786803552005514,0.431396873871099,0.617529285484156,"PCNAP4"
"ENSG00000254548.1",5.26271795890282,0.459724127413646,0.235676906346218,1.95065411601379,0.0510982050469186,0.157934471282232,"AC105219.1"
"ENSG00000254550.1",3.10727180276912,0.318176111310543,0.214118553398289,1.4859810430285,0.137284135311803,0.299514863152167,"OMP"
"ENSG00000254554.1",5.10918188978143,0.312913610420459,0.196096891378076,1.59570918346258,0.110553737337512,0.260655375638884,"AC080023.1"
"ENSG00000254556.1",3.26453193869981,-2.17475246177303,0.37810964519974,-5.75164503043607,8.83792161898228e-09,2.11684118317106e-06,"AF131215.2"
"ENSG00000254557.1",0.92378052201927,-0.411773939617974,0.625466149381593,-0.658347282303129,0.51031500208831,0.685353665370153,"AC091047.1"
"ENSG00000254558.1",12.0210676298928,0.113246491423314,0.288312613730726,0.39279062389231,0.694474130300031,0.821495342438323,"AP005435.1"
"ENSG00000254560.6",79.5552781212732,-0.0925499946135047,0.258531286774896,-0.357983730975232,0.720355488644207,0.839527961754177,"BBOX1-AS1"
"ENSG00000254561.4",3.14229598553344,-0.630147558805644,0.235137899017393,-2.67990639296744,0.00736427505781876,0.0436179122210386,"AP003393.1"
"ENSG00000254565.1",1.39393695636417,-1.40239062867695,0.668109901861765,-2.09904182645554,0.0358132138062333,0.124877390788744,"MTND2P26"
"ENSG00000254577.1",10.2219057876875,-0.45494918541265,0.180923486104435,-2.51459440235436,0.0119169393657178,0.0601866902765236,"AC087276.1"
"ENSG00000254582.1",1.22083181782655,-2.15087710449183,0.495005165012119,-4.34516093269283,1.39173591697334e-05,0.000506948182536034,"PSMA2P1"
"ENSG00000254584.2",1.27882227455894,0.0216976399746552,0.40639407559203,0.0533906404591314,0.957420662409534,0.978313366693285,"AL035078.1"
"ENSG00000254585.5",32.1271422120888,0.209635360082484,0.14538109160974,1.44197128912216,0.149310473282702,0.316204526971316,"MAGEL2"
"ENSG00000254588.1",1.81494173900265,-0.562035385863236,0.602830031888828,-0.932328112622772,0.351166983438477,0.544723891390082,"ETS1-AS1"
"ENSG00000254593.1",7.21404256721446,-0.185904017824723,0.163519868489987,-1.13688947735489,0.255584491558858,0.446160574531725,"OR7E126P"
"ENSG00000254595.1",35.7864627314738,-0.699361668941095,0.133688319197201,-5.23128477596821,1.68335947244952e-07,2.11487120438725e-05,"AC084337.1"
"ENSG00000254598.3",6.60874445164529,-0.0846766320561291,0.14280683277146,-0.592945242274514,0.553217798789008,0.718257620991399,"CSNK2A3"
"ENSG00000254602.2",17.3694629013427,-0.277217600739792,0.165767560187588,-1.67232720579397,0.0944598177394623,0.235993599879928,"AP000662.1"
"ENSG00000254604.1",12.552619899521,-0.289020940813774,0.152543124158147,-1.89468350283777,0.0581343446181214,0.171808996330513,"AP002336.2"
"ENSG00000254605.1",9.53907062051561,1.08010554757224,0.208132693111083,5.18950450036108,2.10854408360531e-07,2.45119809210509e-05,"AP003555.1"
"ENSG00000254606.1",1.79616047439194,-0.128715155219781,0.331366532858068,-0.38843740226148,0.697692369894932,0.823463984363017,"AC013714.1"
"ENSG00000254607.2",1.37539933477978,0.341311687499324,0.266885632294176,1.27886872202664,0.200943288673285,0.381513628188991,"AP001783.1"
"ENSG00000254609.1",1.71686964069754,-0.297574748971407,0.428557311626833,-0.694363952960674,0.487453993737995,0.666207135201933,"AC136443.1"
"ENSG00000254610.3",15.1465645463209,-0.330361474267031,0.163396701067043,-2.02183686763347,0.0431932076384542,0.141747803046531,"AC004923.1"
"ENSG00000254612.2",201.157679509693,0.0935731739066338,0.0788239363104343,1.18711622746309,0.235181778341283,0.422370641186554,"DNAJB6P1"
"ENSG00000254614.2",103.843764898924,-0.0365516797447284,0.102643738593461,-0.356102381359061,0.721763893909704,0.840404480814737,"AP003068.2"
"ENSG00000254615.3",74.6128622466963,0.273834084997879,0.134734154318446,2.03240289281565,0.0421128854837733,0.139121283628822,"AC027031.2"
"ENSG00000254622.1",2.22421089205095,-0.206064637318359,0.462981092649542,-0.445082187134457,0.656260361109725,0.795198580667713,"NAV2-AS4"
"ENSG00000254631.5",5.4259080136574,-0.0544589686012468,0.145377435227327,-0.374603999004997,0.707954998489696,0.830641680538675,"AP001372.1"
"ENSG00000254632.2",25.1393115819642,-0.202419279858174,0.32313034650148,-0.626432280501537,0.531031441928837,0.701000756858718,"AP003119.1"
"ENSG00000254634.4",8.75346750738666,-0.586935824703263,0.207645268741917,-2.82662748956138,0.00470410146096118,0.0320535509496072,"SMG1P6"
"ENSG00000254635.6",1124.73098334056,-0.0314553029873778,0.0558511518212367,-0.563198823330575,0.573299504051736,0.733771351237677,"WAC-AS1"
"ENSG00000254638.1",1.43247176280711,-0.73891379158507,0.412676586439598,-1.79053965227374,0.0733671986724483,0.200232065555002,"AP002884.1"
"ENSG00000254639.1",3.28642265849738,0.452122383023787,0.221408256939691,2.04203036179874,0.0411485197020626,0.13712519741607,"AC116021.1"
"ENSG00000254645.2",6.33214707142445,-0.00256189250106883,0.305221253451605,-0.00839355867947458,0.993302987755672,0.996838165846938,"AC087379.1"
"ENSG00000254648.1",3.38920308292172,-0.0590018263078071,0.18088629686015,-0.326181846452546,0.744286775390394,0.854520394936085,"AP000911.1"
"ENSG00000254649.1",2.73552424711967,-1.06011008761579,0.600491028569817,-1.76540537190146,0.0774956612109828,0.207259929326874,"AP003086.2"
"ENSG00000254653.1",2.54043844917635,-2.0879428913391,0.449485750307724,-4.6451814988788,3.39777602608556e-06,0.000182455092316881,"AC024475.1"
"ENSG00000254656.3",6.8047882550694,0.401110848253324,0.414761307217889,0.967088398249757,0.333499844765656,0.527067802704974,"RTL1"
"ENSG00000254670.1",18.4956193081089,-0.566778267685795,0.165987316005196,-3.41458782108418,0.000638785969554967,0.0079737525943693,"RASSF10-DT"
"ENSG00000254672.1",1.05127884025718,-1.64423350551557,0.727507506266098,-2.26009146483523,0.0238155747626403,0.0954175202333588,"AL136146.1"
"ENSG00000254675.1",3.19183102240285,-0.525920085184879,0.234851019473195,-2.23937748434984,0.0251313651065066,0.0988654777845829,"AP003032.1"
"ENSG00000254676.1",13.9578419802545,-0.37612054351274,0.126070205018999,-2.98342136792796,0.00285045268286439,0.0228125291275491,"AP000873.4"
"ENSG00000254681.6",55.3452097139145,-0.302875311242089,0.191479981588079,-1.58175966349135,0.113704446527067,0.26561620391704,"PKD1P5"
"ENSG00000254682.1",145.007290509476,-0.0667124316894332,0.116071920496407,-0.574750821767424,0.565459830775414,0.727934968138808,"AP002387.1"
"ENSG00000254685.6",683.453141514937,-0.0368278809412494,0.0720329610569042,-0.511264293469157,0.609166004059847,0.761297438932601,"FPGT"
"ENSG00000254687.1",1.02602684013663,-0.444454513548709,0.40659720708011,-1.09310764021342,0.274346541857956,0.466934659215915,"AC009646.2"
"ENSG00000254688.1",1.71348360335083,-0.328224397077859,0.541093936487709,-0.606594114153994,0.544120307290585,0.711663617781397,"AC013549.3"
"ENSG00000254689.3",5.2433281838546,-0.23380586038492,0.158349461287531,-1.47651819263455,0.139804835045917,0.302993101007536,"LINC02235"
"ENSG00000254691.1",6.81151447595682,-0.525687050849901,0.187914518098692,-2.79747970603214,0.0051503002583162,0.0341927190891295,"AP002812.3"
"ENSG00000254694.1",7.66752045956526,-0.580856885703543,0.15661830572641,-3.70874198267869,0.000208291543008949,0.00371233958318895,"AP001893.1"
"ENSG00000254698.1",0.697222316830518,-1.47446138790789,0.901286028655857,-1.63595278416425,0.10184946953137,0.247366476167791,"AP000893.2"
"ENSG00000254703.2",31.3341231618601,0.310952268125509,0.138741837384669,2.24122927868814,0.0250112272411172,0.098620047637664,"SENCR"
"ENSG00000254704.3",4.1618790853826,-0.805441866565623,0.304101790586815,-2.64859297609326,0.00808276126983356,0.0464204538479504,"AP002358.2"
"ENSG00000254708.1",3.59271806212537,-0.315990890437753,0.236755676824174,-1.3346708077983,0.18198411195944,0.359018549387629,"MMADHCP2"
"ENSG00000254709.8",136.173171769278,-0.219877480242571,0.18623442368374,-1.18064896861368,0.237742201886311,0.425444664955831,"IGLL5"
"ENSG00000254710.2",1.49941416864183,-1.12360323199681,0.691412479158004,-1.62508381880108,0.1041447002269,0.251089108889433,"AP001970.1"
"ENSG00000254717.2",0.933524507245822,-0.644533075393758,0.577539367668272,-1.11599851278704,0.264422771205685,0.456041614263928,"GLYATL1P2"
"ENSG00000254718.6",7.83636885481994,0.116990403964613,0.13166051047647,0.888576259815743,0.374230854501392,0.566124492862362,"AL157756.1"
"ENSG00000254719.1",4.15790429586738,0.00817496104522838,0.185118273577535,0.044160745923359,0.964776271724527,0.982513909703442,"AC080023.2"
"ENSG00000254726.3",1213.00918957759,-0.115594860678142,0.171997970012095,-0.672071075431955,0.501538449404523,0.677887284671354,"MEX3A"
"ENSG00000254730.1",1.50226853650514,-3.08394594420666,0.895953216689092,-3.44208367888123,0.000577251654030541,0.00742598118919583,"AP002453.1"
"ENSG00000254731.1",4.39324662660682,-0.16467400446653,0.184471084283719,-0.892681934981527,0.372027527236596,0.56407288752564,"AP003059.1"
"ENSG00000254732.2",19.0936847561872,-0.390244952544558,0.171972900173845,-2.26922353551091,0.023254735725017,0.0938380270179733,"AP001931.1"
"ENSG00000254739.1",12.02026087693,-0.265921566100695,0.196150836100114,-1.35569937598925,0.175194838055166,0.350568682736546,"AC137894.1"
"ENSG00000254750.1",12.3562230711885,-0.203349526661623,0.188837016126864,-1.07685204327212,0.281546370645214,0.47396082913946,"CASP1P2"
"ENSG00000254759.1",23.2970435465755,-0.090906237667455,0.0998448831161064,-0.910474676621566,0.36257223075366,0.555581409236507,"NAP1L1P1"
"ENSG00000254768.6",1.71762419742969,-1.82321259596202,0.511058502988399,-3.56752228032768,0.000360372745579209,0.00545108943493151,"AC104009.1"
"ENSG00000254771.1",1.14657581680592,-1.34154604915956,0.411414260658195,-3.2608156241675,0.00111092251491103,0.0118392904253946,"AP001893.2"
"ENSG00000254777.5",8.97204513050368,-0.748260521330612,0.195176405747948,-3.83376524669134,0.000126196583234002,0.0025902976853327,"AC022182.1"
"ENSG00000254780.1",3.62861005667808,-0.0435377760154527,0.234819903655852,-0.185409223569314,0.852908074484339,0.921136293632435,"AC023232.1"
"ENSG00000254781.1",1.48062689862382,0.600484006237555,0.387056934142631,1.55141002077042,0.120803455304793,0.275918187911284,"GVINP2"
"ENSG00000254783.1",21.0242612614473,-0.312058691189648,0.0849908113786984,-3.67167563325393,0.000240965394079762,0.00413103031158472,"AP003084.1"
"ENSG00000254786.1",2.28111410627096,-0.535743396452215,0.289987898748347,-1.8474681142372,0.0646793252352807,0.184505935657459,"AP001636.1"
"ENSG00000254791.1",1.65253453238237,-0.217576513768766,0.344816651624238,-0.630991898865339,0.52804582140617,0.699070682840609,"FAR1-IT1"
"ENSG00000254799.1",4.75590571679091,-2.00343000885408,0.345714514624008,-5.79504164305329,6.83042304552732e-09,1.81924219563793e-06,"SLC25A47P1"
"ENSG00000254810.1",30.1425945048776,-0.144316926540075,0.169873824196144,-0.84955364502444,0.395573293193349,0.586159055113325,"AP001189.3"
"ENSG00000254812.1",6.74701477004744,-0.143623194131879,0.154989291776889,-0.92666527142164,0.35410035410692,0.547488185077867,"AC067930.2"
"ENSG00000254814.1",2.25781440833142,-0.213819627862041,0.27125032568915,-0.788274179279976,0.43053634756426,0.616857774057777,"AP003031.1"
"ENSG00000254815.6",59.9046502508827,-0.433432706426958,0.180502794790793,-2.40125205224283,0.0163390777911842,0.0745582397069484,"LMNTD2-AS1"
"ENSG00000254827.6",149.075203843695,-0.182326108732964,0.142557432314486,-1.27896599828445,0.200909029690898,0.381506837959217,"SLC22A18AS"
"ENSG00000254833.1",2.27859688389775,-1.15689940270045,0.296284441898166,-3.90469170533793,9.43455793807544e-05,0.00212469365088699,"AP001893.3"
"ENSG00000254837.2",246.554287155487,-0.0375158263601218,0.0822967383193198,-0.455860428083511,0.64849034712219,0.789461354641622,"AP001372.2"
"ENSG00000254838.5",421.816905677777,-0.452101062894618,0.144760841722868,-3.12308948686639,0.00178963326040869,0.0165874889027802,"GVINP1"
"ENSG00000254840.1",0.313094552056427,-0.505309060470689,1.32002773149967,-0.382801852122163,0.701866688113796,0.826194097067942,"AC024405.2"
"ENSG00000254842.6",9.28889131887333,0.844644997106275,0.231104594214068,3.65481698872631,0.000257365499767892,0.00431443584278572,"LINC02551"
"ENSG00000254843.1",3.19751661214555,-1.92495938418943,0.370633885168885,-5.19369507543082,2.0616070458318e-07,2.4335103083541e-05,"XIAPP2"
"ENSG00000254847.1",5.32986343765423,-0.111559288174727,0.188769035212233,-0.590982986427307,0.554531820628667,0.719484230160034,"AC009806.1"
"ENSG00000254851.1",28.3855764142791,0.0225775593165499,0.252069506948055,0.0895687843797884,0.92862989112803,0.962392995029588,"AP005018.2"
"ENSG00000254852.8",2.44774043655155,-0.520571959053878,0.275952800024831,-1.88645289704267,0.0592339501127818,0.174088621213351,"NPIPA2"
"ENSG00000254854.1",12.8856188492407,-0.0557781573396183,0.18257802741562,-0.305503121756513,0.759982992731552,0.864627154681333,"AP003390.1"
"ENSG00000254856.1",1.5927615350561,-1.68238909799103,0.446654581890221,-3.76664466503677,0.000165456227562299,0.00313162830257625,"NDUFA3P2"
"ENSG00000254858.10",533.831441424453,0.140278484657864,0.0753226347534925,1.86236826575374,0.0625511990632098,0.180507677074755,"MPV17L2"
"ENSG00000254860.6",137.09455156853,-0.164430238617936,0.124833515636704,-1.31719624957506,0.187772850728649,0.366014140474761,"TMEM9B-AS1"
"ENSG00000254862.5",5.44165225959403,-0.101421366763251,0.193523215914911,-0.524078551938928,0.600223905660277,0.754312792206991,"LGR4-AS1"
"ENSG00000254864.1",6.93387810150514,-0.160134821706859,0.177485536748311,-0.902241527059994,0.366928579543673,0.559629538629689,"AC107884.2"
"ENSG00000254865.1",2.59656275599726,-2.89709056051702,0.708257170540315,-4.09045002439846,4.30536978253469e-05,0.00117974219069899,"AC100763.1"
"ENSG00000254872.3",80.6523259405222,-0.428625410257587,0.253128050374251,-1.6933145482054,0.0903956103973976,0.229303701314098,"LINC02688"
"ENSG00000254876.5",26.496121885947,-0.208657361580945,0.146604675034047,-1.42326540086451,0.154659232882854,0.323600175665022,"SUGT1P4-STRA6LP"
"ENSG00000254877.1",2.43661485155608,-0.468746334506436,0.322091049844779,-1.45532244603609,0.145580015431415,0.311340817956124,"AP001636.2"
"ENSG00000254879.1",2.64623625792417,-0.0693154195104267,0.341993147715725,-0.202680726129764,0.839384588825686,0.912450815155698,"PTPRJ-AS1"
"ENSG00000254884.1",2.5591826929307,0.00424716898753436,0.232058285771302,0.0183021647919956,0.985397800502349,0.992898634504443,"PRR13P2"
"ENSG00000254887.1",6.38972379484579,-0.030721203354729,0.15083011188989,-0.203680836470878,0.838602918552204,0.912152320778013,"AC010247.1"
"ENSG00000254893.6",29.7674884160055,0.320975500727355,0.151850036479554,2.11376637219691,0.0345352264528316,0.121532104652682,"AC113404.3"
"ENSG00000254895.2",1.10819352037552,-1.99006981610397,0.967033505387836,-2.05791195963354,0.0395985854811939,0.133748169465901,"MTCO3P15"
"ENSG00000254897.1",1.22388445324316,-0.966301569961439,0.787983152027807,-1.22629724693319,0.220086837003384,0.404535475313514,"AP003035.1"
"ENSG00000254898.1",1.71470813614561,-1.14161843826437,0.471292299623695,-2.42231506684046,0.0154219731006265,0.0716599791261908,"AC087362.1"
"ENSG00000254900.1",3.31792124254241,-0.619362634665528,0.284907641991948,-2.17390671003143,0.0297121420255625,0.109944382985127,"AC091053.2"
"ENSG00000254901.8",482.658947440761,-0.1450760376484,0.062743094563011,-2.31222318023706,0.0207653875057788,0.0872465984641459,"BORCS8"
"ENSG00000254906.1",0.860787781824494,-0.865273679462224,0.649186796403165,-1.3328577910954,0.182578476344626,0.359685839400975,"AC090707.1"
"ENSG00000254907.1",5.64577617286964,-0.506586932987688,0.224239778479386,-2.25913054509308,0.0238752656130387,0.0955646600713206,"AC087276.2"
"ENSG00000254909.1",43.043203897509,-0.506061057582189,0.14259660235666,-3.54889982803685,0.000386844212346737,0.00569372429781605,"AP003392.2"
"ENSG00000254910.1",35.286102921829,-0.109010613013816,0.0970461958281283,-1.12328579274634,0.261316135759972,0.452771173971208,"AC136475.2"
"ENSG00000254911.3",5.78484901912407,-0.435019826510918,0.328890717073134,-1.32268806606112,0.185939133823473,0.363909916076943,"SCARNA9"
"ENSG00000254915.1",1.54396205924197,-2.48633601605188,0.74985247243756,-3.31576691074912,0.000913920209844461,0.0103247864086704,"AP003168.1"
"ENSG00000254934.5",0.694065856632413,-1.32037724846294,0.580389188225183,-2.27498594951541,0.0229067727119737,0.0928118758549033,"LINC00678"
"ENSG00000254936.4",5.56648940726884,-1.38771169135172,0.24996172459245,-5.55169673922803,2.82910076168622e-08,5.24004386846708e-06,"AF131215.4"
"ENSG00000254951.7",8.66457963091054,-0.151202277859896,0.308516611643255,-0.490094445983137,0.624067068066952,0.772467743508682,"AC044810.2"
"ENSG00000254966.1",8.10535963935985,-0.128848574438347,0.124359788142381,-1.03609515875684,0.300157750574157,0.493196722429445,"AC103974.1"
"ENSG00000254968.7",2.93595605625594,-0.252461824072804,0.238589985082025,-1.05814091059191,0.289991205510928,0.482321905765317,"LINC02763"
"ENSG00000254973.2",53.1471371316646,0.017650607926152,0.160441197014252,0.110012940906843,0.912399111852679,0.95345717616979,"AC105219.3"
"ENSG00000254978.2",11.8104978475264,0.248279523820501,0.11704870281468,2.12116424915528,0.0339079826778713,0.12007459571629,"ALG1L9P"
"ENSG00000254983.1",1.03018831882112,-0.282564868739409,0.791440637948379,-0.357025979196483,0.721072357125137,0.840116141016543,"AC025300.1"
"ENSG00000254984.1",3.11418373859908,-0.854712215715287,0.381294948131864,-2.24160382901192,0.0249869882932178,0.098571447831077,"FTLP6"
"ENSG00000254985.1",7.79707846052537,-0.735303279425507,0.20673118361937,-3.55680873369997,0.000375387258466627,0.00559434556675444,"RSF1-IT2"
"ENSG00000254986.7",2461.11909641861,0.0808118029207437,0.0771904240107728,1.04691487262028,0.295138841773403,0.48769393781824,"DPP3"
"ENSG00000254988.1",36.132867221603,-0.213565754203556,0.262507729775722,-0.813559868831364,0.415897135864357,0.604622651601766,"AP002498.1"
"ENSG00000254990.5",4.94345652859187,-0.59311033315588,0.229900538252924,-2.57985621809799,0.00988414591017157,0.0533170560251688,"AP001781.1"
"ENSG00000254991.1",3.2989236233617,-0.00887171906603793,0.224607041981815,-0.0394988464642895,0.968492673188809,0.984069662713637,"AC124276.1"
"ENSG00000254995.4",37.337334098716,-0.54151474059939,0.149930412757329,-3.61177382654087,0.000304109744617572,0.00484900657449847,"STX16-NPEPL1"
"ENSG00000254996.5",60.0146359929015,-0.461402574904332,0.141781480921062,-3.25432187551506,0.00113663415221463,0.0120291822220221,"ANKHD1-EIF4EBP3"
"ENSG00000254997.4",7.60491727162016,-0.449369152901257,0.165956208516222,-2.70775740732431,0.00677395175264206,0.0412172596251404,"KRTAP5-9"
"ENSG00000254999.4",5829.75617958212,0.121027729649773,0.0657605152501832,1.84043159013167,0.0657048991610415,0.18632363976809,"BRK1"
"ENSG00000255000.1",2.28958162177754,-0.800191239643068,0.315659723340798,-2.53498048840128,0.0112453589396308,0.0580362323945321,"AC139103.1"
"ENSG00000255002.2",10.2850634447768,-0.240612545404354,0.194063521558177,-1.2398648827581,0.215025374766571,0.398310788521863,"LINC02324"
"ENSG00000255007.1",53.6628270643938,-0.386486617224138,0.240998432648867,-1.60368933928814,0.108782546944373,0.258204996134002,"LINC02489"
"ENSG00000255008.3",9.12362635316313,0.28704588799375,0.118611227502749,2.42005663407452,0.0155180900434707,0.0719459367521612,"LINC02739"
"ENSG00000255020.1",3.7602462395101,-0.470302945253849,0.411536094829499,-1.14279877552101,0.25312214732393,0.443326616384639,"AF131216.3"
"ENSG00000255026.1",528.976367731866,-0.0620360339778665,0.215347169350257,-0.288074527123068,0.773289690893996,0.873280941965669,"AC136475.3"
"ENSG00000255029.2",2.27027404937087,-0.280491922417915,0.345877378284891,-0.810957697808384,0.417389964138482,0.605787701123087,"AC110058.1"
"ENSG00000255031.5",52.823292264252,0.0236374597678119,0.140605303610751,0.168112149120984,0.8664950517604,0.928693690619359,"AP002807.1"
"ENSG00000255040.1",4.26081239012001,-0.993963563044426,0.290591206193651,-3.42048741276102,0.000625090283817099,0.00785806513228065,"MORF4L1P3"
"ENSG00000255042.3",1.51054354854423,-2.32236313893227,0.577733415901998,-4.01978330318047,5.82516958657754e-05,0.00148043794691547,"AC109635.2"
"ENSG00000255043.1",3.11083169501681,-1.88573135655106,0.541344153606168,-3.48342425791291,0.00049504317740319,0.00672235147714677,"NAV2-AS5"
"ENSG00000255045.1",10.8976154191747,-0.268633081334438,0.170810927763198,-1.57269259556306,0.115790015176992,0.268641262510322,"AP000866.5"
"ENSG00000255046.1",9.28738126739237,-0.118336266710875,0.118488615951098,-0.99871422888182,0.317933145828652,0.511720968048021,"AC069185.1"
"ENSG00000255050.1",13.1126626029275,0.206026882340918,0.185441084722739,1.11100990726493,0.266564084863417,0.458091734340316,"AC067930.4"
"ENSG00000255051.1",0.7006752783769,-0.367757240242369,0.79133442466323,-0.464730496716197,0.642124466086523,0.784810934266469,"BCAS2P1"
"ENSG00000255052.5",33.7497429812278,-0.177873883506715,0.140484312596401,-1.26614765890431,0.20546022250899,0.386781841024264,"FAM66D"
"ENSG00000255059.1",2.98886517460959,0.172835466090203,0.179088967934383,0.965081590919265,0.334503946750091,0.528078140222428,"PPIAP43"
"ENSG00000255060.1",1.60818374751356,-1.32120325818872,0.707520922915139,-1.86736987613748,0.0618499535066126,0.179292163874241,"AC009656.1"
"ENSG00000255062.1",59.8681856985003,-0.0258510115217757,0.0928157628931522,-0.278519625502997,0.780613501838975,0.878392306997938,"AP001318.2"
"ENSG00000255081.1",1.67225718658639,-1.90098783691125,0.639447605281713,-2.9728594199266,0.00295039549377223,0.0233957720020362,"AP003168.2"
"ENSG00000255082.1",2.6991229371665,-0.0325549817819264,0.279514768507356,-0.116469630409063,0.90728035368789,0.950713987641034,"GRM5-AS1"
"ENSG00000255084.1",1.79844994171553,-0.727822388964257,0.385270596585976,-1.8891199988106,0.0588757512723545,0.173357246582692,"AP003110.1"
"ENSG00000255085.8",43.1042259751808,-0.626600071697067,0.190566373915912,-3.28809358556382,0.00100868303159454,0.0110685841037828,"AF186192.2"
"ENSG00000255087.4",1.3820030894439,-0.150452019371154,0.416840932238093,-0.360933890449172,0.718148867964342,0.838029135352371,"AP001993.1"
"ENSG00000255092.1",2.89472985044707,-0.682471958509817,0.26972970219722,-2.53020691807538,0.0113995277471483,0.0585414896322396,"AC010768.2"
"ENSG00000255093.2",1.4288010046406,-1.16358245773105,0.379547335807266,-3.06571104037972,0.00217153067890121,0.0188961763964083,"AP002008.2"
"ENSG00000255097.1",2.13676149911039,-1.49330593984043,0.438371128228764,-3.40648789046424,0.000658044695493524,0.00814434276842598,"AP006259.1"
"ENSG00000255100.1",13.2002441811929,0.00678242033576288,0.170245146081806,0.0398391407441584,0.968221371186438,0.983954900490928,"AP003119.2"
"ENSG00000255112.3",2875.80553328276,0.19142771811752,0.0753841491268801,2.53936298724186,0.011105453447674,0.0575999161292117,"CHMP1B"
"ENSG00000255120.5",2.8162156523748,-0.026756321805039,0.213324041031055,-0.125425721712931,0.90018652592119,0.946871732353362,"OVOL1-AS1"
"ENSG00000255121.2",64.7323645383453,-0.0786429500048131,0.101861436544577,-0.772058127909838,0.440080000533066,0.625347770177238,"CENATAC-DT"
"ENSG00000255122.1",8.76372686499639,-0.675317809960072,0.205244732750213,-3.29030519278635,0.00100078771997229,0.0110255544543473,"AC068587.2"
"ENSG00000255129.6",5.23601296300535,-0.371090484259992,0.195744358875582,-1.89579146184163,0.057987625339881,0.171592037191419,"AP000880.1"
"ENSG00000255135.4",120.88585435897,-0.0545746652209693,0.109657338012258,-0.497683659025799,0.618707027532792,0.768203664788889,"AP002360.1"
"ENSG00000255136.3",5.21690853206298,-0.430346443662269,0.229849540217099,-1.87229629981333,0.0611656224056057,0.178143962599176,"AP001972.3"
"ENSG00000255139.2",25.1261301396474,-0.0161201986164529,0.0758180632167747,-0.212616861108189,0.831625818873963,0.908168018754579,"AP000442.1"
"ENSG00000255141.1",2.54166862345942,-2.02373284891221,0.361337925070272,-5.60066549482355,2.135304363166e-08,4.29895199378711e-06,"HNRNPA1P76"
"ENSG00000255142.1",19.2986973143059,-0.12293768185664,0.163276646001129,-0.752941004531599,0.451485366280138,0.635036007586169,"AP006621.2"
"ENSG00000255145.3",46.1015311891022,-0.0150426829420419,0.114166559480591,-0.13176085020412,0.895173453511896,0.944533674663058,"STX17-AS1"
"ENSG00000255150.2",107.381511822123,0.306543087464,0.132592348713596,2.31192139243376,0.0207820155996636,0.0872969216214298,"EID3"
"ENSG00000255151.2",3.71238797387175,-0.228765844307353,0.263053671819414,-0.869654632551189,0.384489172025707,0.57591208909218,"GLYATL1B"
"ENSG00000255152.8",14.8995291946691,-0.328350989622887,0.160103777125067,-2.05086348066849,0.0402802434257526,0.135186506489272,"MSH5-SAPCD1"
"ENSG00000255153.1",40.6203175404436,0.0636092070828091,0.110063785450324,0.577930395747824,0.563311112879513,0.726629867535747,"TOLLIP-AS1"
"ENSG00000255154.8",4.03222391141671,-0.428145622536375,0.182664119975057,-2.34389557508523,0.0190835135645125,0.0826521942374546,"HTD2"
"ENSG00000255156.1",2.91819801407098,-0.765333278474823,0.258989649001688,-2.95507284335458,0.00312595235335517,0.0243463393914039,"RNY1P9"
"ENSG00000255158.1",10.8694442523131,-0.419769145637142,0.187821762014892,-2.23493348765336,0.0254217156651908,0.0995630127546275,"AC131934.1"
"ENSG00000255159.1",3.71852906973067,-1.33983867321135,0.366878510985718,-3.65199550557353,0.000260210440132764,0.00434462697258782,"AC026894.1"
"ENSG00000255160.5",4.98174880371842,-1.09343660853687,0.288771389958402,-3.78651295301236,0.00015277613569294,0.00295537668183776,"AC009652.1"
"ENSG00000255163.1",7.06235443789002,-0.78628324656082,0.22399876918241,-3.51021235264253,0.0004477489600285,0.00627395038982695,"HSPE1P18"
"ENSG00000255165.1",4.37852444845502,-0.316950498242863,0.221629589449463,-1.43009107687372,0.152690880884013,0.32102548612043,"AC134775.1"
"ENSG00000255171.7",1.20907422567013,0.375290234190537,0.497396332730287,0.754509451508236,0.450543372223432,0.634193323669656,"LINC01499"
"ENSG00000255176.1",16.7464512192712,-0.5689787561906,0.186058486054667,-3.05806398974688,0.00222772000380902,0.0192293186639393,"AP000941.1"
"ENSG00000255182.2",50.732371218509,-0.131374338271593,0.157403244180061,-0.83463551819369,0.403922957599875,0.593606014357095,"AC084125.2"
"ENSG00000255185.6",4.73782992906807,-0.603882360047809,0.232373758298429,-2.59875454298185,0.00935626488701043,0.0513302233082827,"PDXDC2P"
"ENSG00000255186.1",2.21276124787424,-0.746123391067051,0.282356707335902,-2.64248509662438,0.00823000872036387,0.0470402894045855,"AC087277.2"
"ENSG00000255189.1",3.38298918788604,-0.233104241762365,0.223243818747392,-1.04416885121523,0.296407275542136,0.489115314957566,"GLYATL1P1"
"ENSG00000255191.1",3.72016234772959,0.0803931557964105,0.220712952961002,0.364243034755713,0.715676533843108,0.836142019816365,"AP003555.2"
"ENSG00000255197.6",258.379620930012,-0.0654358802123124,0.12638090387254,-0.517767148415926,0.604620741743492,0.757778887022514,"AC090559.1"
"ENSG00000255198.4",127.917462562727,0.137426536523889,0.126861170781008,1.0832828963964,0.278682874596915,0.471190554095486,"SNHG9"
"ENSG00000255200.1",37.6332420518994,0.0175670635850675,0.0997135895996011,0.176175220003691,0.860156287857415,0.925003497904872,"PGAM1P8"
"ENSG00000255202.1",3.73442192237066,0.0207493709950428,0.243506934995971,0.0852105957285616,0.93209396704727,0.964137592513638,"AL049629.1"
"ENSG00000255203.1",1.84585533568983,-0.811212512064773,0.482990554819973,-1.67956185471813,0.0930425946417208,0.233687921769128,"OR7E2P"
"ENSG00000255213.1",2.0559136246737,-0.0334094971639238,0.206663962410702,-0.161660972596322,0.871572839551514,0.931273765826661,"NPM1P35"
"ENSG00000255219.1",1.05551348603624,-0.762771516974726,0.583438393489937,-1.30737285287668,0.191086112513111,0.369959871126949,"AP000755.2"
"ENSG00000255220.1",3.09142309860714,-1.95169509754752,0.391633367847717,-4.98347499926621,6.24523862880589e-07,5.21449810798721e-05,"DDX18P5"
"ENSG00000255221.3",10.014304262474,0.35625188408992,0.186147464584104,1.91381539837713,0.0556437472734831,0.166821006571461,"CARD17"
"ENSG00000255224.1",43.1693644480947,0.061673803532656,0.113238849256648,0.544634672089228,0.586004803431157,0.74343093093905,"AC109322.1"
"ENSG00000255234.6",3.37294505380611,-0.284296042125263,0.197158748691203,-1.4419651372942,0.149312208828164,0.316204526971316,"AP000446.1"
"ENSG00000255236.3",7.51742336635146,-0.765714005565614,0.20042051726754,-3.82053701888948,0.000133161415642923,0.00270655861477402,"AP002992.1"
"ENSG00000255237.1",12.2144507504454,-0.18783718404075,0.124327479174515,-1.51082596774192,0.130832796774347,0.291018392768527,"AC138230.1"
"ENSG00000255239.2",6.36347453877172,-0.0557460986777723,0.236686154787391,-0.235527501504461,0.813799336019231,0.898127798391893,"TREHP1"
"ENSG00000255240.6",19.3178101087604,-0.709804925995924,0.219562870620313,-3.23280946359723,0.00122579289792907,0.0126779505904792,"AP001636.3"
"ENSG00000255241.1",2.30284311180613,-0.528106365953234,0.255963642849284,-2.06320850912484,0.0390928220413099,0.132618435319068,"AP005436.2"
"ENSG00000255248.9",793.303952145378,0.241373271954517,0.154640764280999,1.56086445302298,0.118555736033796,0.272795363865724,"MIR100HG"
"ENSG00000255250.2",4.41715330280723,-0.5402871056565,0.174635029713332,-3.0938071619617,0.00197605881243639,0.0177567951531565,"AP003059.2"
"ENSG00000255274.9",18.5462801129325,-0.286644408878724,0.14991874570535,-1.91199844642574,0.0558763933212793,0.167337659696442,"SMIM35"
"ENSG00000255277.3",45.682030584981,-0.072524600678229,0.132868828168279,-0.545836082684316,0.585178617837413,0.742977336727213,"ABCC6P2"
"ENSG00000255282.6",16.7097411533002,0.445773139761222,0.210587742866821,2.1168047754951,0.0342764199006287,0.120962990009713,"WTAPP1"
"ENSG00000255284.2",108.946934974291,0.0730695954557143,0.0923363018656464,0.791342018029204,0.428744435205027,0.615558604566,"AP006621.3"
"ENSG00000255286.2",1.17422551232125,-0.519151727377688,0.391766557166927,-1.32515580485468,0.185119480286652,0.362838976638613,"AP000907.1"
"ENSG00000255296.1",1.51657975842408,-1.3887889734785,0.477357076853327,-2.90932939055436,0.00362205019310929,0.0268918254318687,"AP002490.2"
"ENSG00000255298.4",3.53717891204692,-0.11152633061636,0.361754673734521,-0.308292715239956,0.757859608677753,0.86319069997411,"OR8G5"
"ENSG00000255302.5",6073.74835589563,0.132663514776102,0.0625732711384361,2.12013072614662,0.0339950223974452,0.120252945746744,"EID1"
"ENSG00000255303.2",14.3208003858125,-0.0185491616769608,0.186018563006373,-0.099716723842907,0.92056922301272,0.958095318445794,"OR5BA1P"
"ENSG00000255305.1",1.24903272590396,0.405179287446838,0.513177485213709,0.78955000778747,0.429790613889261,0.616276987655458,"AP004607.7"
"ENSG00000255306.1",37.3555110503719,-0.301637871882691,0.130337085340488,-2.31429044998745,0.0206517952957418,0.0869849913597638,"AC004923.4"
"ENSG00000255308.1",3.17391374949564,-1.09090481186445,0.241552091711763,-4.51623003607105,6.29502801147895e-06,0.000283599956138253,"CSRP3-AS1"
"ENSG00000255310.2",90.8054996249144,-0.434546535024758,0.154277903785035,-2.81664790850568,0.00485276925897221,0.0327382465935079,"AF131215.5"
"ENSG00000255311.5",1.1986130477895,-1.16893621891489,0.480080458347706,-2.43487565175642,0.0148969080586904,0.0700417238127645,"DLG2-AS2"
"ENSG00000255319.5",1.8762544849603,-0.366893370397423,0.313410896561,-1.17064650407269,0.241740896483474,0.429952436915662,"ENPP7P8"
"ENSG00000255320.1",78.8321238723501,0.066736800068553,0.0900249317855423,0.741314641898687,0.45850268591887,0.641248894026336,"AP000759.1"
"ENSG00000255321.1",2.39802852188337,-0.706765590210584,0.426138590913847,-1.65853458306824,0.0972096132198932,0.24026723481291,"AC068389.3"
"ENSG00000255325.2",1.83874394657314,0.148489446053136,0.354617408662045,0.418731405808248,0.675412440589608,0.809303810852972,"AC108136.1"
"ENSG00000255326.1",11.4556087092712,-0.245631634816431,0.114341007952746,-2.14823744529122,0.0316948974300235,0.114900260840257,"AP001922.5"
"ENSG00000255327.1",1.32469293402556,-0.308570298344901,0.448483005294721,-0.688031195612694,0.491433136750594,0.669446948520356,"LINC02697"
"ENSG00000255328.1",5.72026603386591,0.00545773351909191,0.15407636737976,0.035422262426787,0.971743032999965,0.985985459162794,"AC136475.5"
"ENSG00000255329.1",2.84971693407201,-1.29191664221833,0.26461489829871,-4.88225209738551,1.04881050763843e-06,7.77684815830876e-05,"H2AZP4"
"ENSG00000255337.1",35.0820181000892,0.111324404261548,0.115283452130832,0.965658142637933,0.334215270966078,0.527797600620133,"AP001830.1"
"ENSG00000255340.1",2.25469203772041,-1.06263478183628,0.407524828991157,-2.60753383902245,0.00911970559936599,0.0505195272079354,"AC087276.3"
"ENSG00000255345.1",19.9621454441587,0.00556036332400863,0.243487588104658,0.0228363316885731,0.981780827077919,0.990918896242833,"AP002957.1"
"ENSG00000255346.10",62.7212338408688,0.750215236150767,0.209543367182043,3.58023852646699,0.000343280701879638,0.00527160719911383,"NOX5"
"ENSG00000255350.1",2.51261519306317,-0.549039570805122,0.404717691607578,-1.35659888902875,0.174908694967991,0.3502908554842,"MTCO1P15"
"ENSG00000255358.1",3.80823508428207,-0.290869220498088,0.325570355666363,-0.893414327919227,0.371635332563971,0.563781557186724,"NDUFAF2P2"
"ENSG00000255362.1",6.14096902974472,0.230646605301068,0.149061261691652,1.54732760667344,0.121784268032841,0.277462782154067,"LINC02761"
"ENSG00000255363.3",4.02688773183153,-0.247937511190788,0.192749476935552,-1.28632002085115,0.1983313980526,0.378753789836235,"LINC02757"
"ENSG00000255364.1",3.1903055957449,0.399806237507515,0.305521085992664,1.30860440027735,0.190668389620789,0.369494918256398,"SMILR"
"ENSG00000255366.1",44.72184935615,-0.217147716678884,0.176871879990311,-1.22771192736109,0.219555127390627,0.403801756714472,"AC120036.4"
"ENSG00000255367.3",2.79651215276634,-0.15453412659664,0.274577435302969,-0.56280708728351,0.573566253745675,0.733971683359141,"AC127526.2"
"ENSG00000255372.1",1.019825151305,-1.09760016618688,0.557651392976555,-1.96825504250651,0.0490386999361086,0.153716582608797,"AC107886.1"
"ENSG00000255374.3",2.695299420551,-0.238284302371719,0.322030639372097,-0.739942953367207,0.459334609734321,0.641846183240357,"TAS2R43"
"ENSG00000255379.1",0.73703601634293,-1.02373289811954,0.740660347017504,-1.38218942358925,0.166913546709981,0.339162323284058,"CYCSP29"
"ENSG00000255389.1",40.6163246648393,-0.154830555455092,0.116405048093264,-1.33010172661104,0.183484756741973,0.360867084487861,"Z97989.1"
"ENSG00000255394.4",0.67751464103745,1.113250818874,0.526192131773176,2.11567363259982,0.0343725746110093,0.121173880402831,"C8orf49"
"ENSG00000255397.1",5.48031729578335,-0.287159895860306,0.173221426688949,-1.65776198331373,0.0973655174577426,0.240509732357963,"NASPP1"
"ENSG00000255398.3",45.1922503182628,0.151075530264985,0.178542445076823,0.846160307707116,0.397463321267108,0.587860788758144,"HCAR3"
"ENSG00000255399.4",297.977208268163,-0.0504683804038062,0.134530395632428,-0.375144815166522,0.70755276906457,0.830450339859928,"TBX5-AS1"
"ENSG00000255400.1",4.77194219598965,-0.673457373364791,0.288268537001484,-2.33621532328838,0.0194800220758061,0.0838459437582174,"AC124276.2"
"ENSG00000255408.4",35.8515598299959,-0.123358995725122,0.169189296309585,-0.729118203195304,0.465929360597438,0.647582291156821,"PCDHA3"
"ENSG00000255409.1",4.66330378592188,-0.337954707711061,0.251155756746979,-1.3455980945383,0.178432166516558,0.354363046995691,"RSF1-IT1"
"ENSG00000255410.2",6.10408794043076,-0.437586043326706,0.16814132697799,-2.60248953182097,0.00925496405587333,0.0509331063211666,"AC091564.5"
"ENSG00000255417.1",0.92503256790533,-1.54302699535722,0.860159631758178,-1.79388445863619,0.0728316125330306,0.199305085856349,"MTCO2P15"
"ENSG00000255418.6",6.33656383821581,-0.550512573126472,0.178820247438606,-3.07858075923689,0.00207989147960747,0.0183675933768094,"LINC02718"
"ENSG00000255422.3",28.7703751999897,0.102887886132468,0.161571049415687,0.636796545572714,0.524257376505955,0.696353514303321,"AP002954.1"
"ENSG00000255423.1",51.8315868822202,-0.302521277436988,0.133410695214416,-2.26759389081048,0.0233539703857655,0.0940856408583364,"EBLN2"
"ENSG00000255425.6",1.41647613178664,0.0282853022485213,0.680993075106689,0.0415353742680716,0.966869092588324,0.983200143541328,"OR8G3P"
"ENSG00000255433.5",2.27579939170231,-1.22631487801162,0.449823064024778,-2.72621609714542,0.00640650395035691,0.0397487394743259,"LINC02735"
"ENSG00000255434.1",8.83880199168284,-0.176433901273159,0.11298615890263,-1.56155322905709,0.118393274978728,0.272591099852475,"AP001922.6"
"ENSG00000255435.7",20.4692300231724,-0.181792235346458,0.132397101823171,-1.3730831932353,0.169726485259381,0.343074375868545,"AP001267.3"
"ENSG00000255438.2",2.58420008262715,-0.333699352518224,0.279284511250307,-1.19483658805249,0.232150882127223,0.418802455630542,"AL354813.1"
"ENSG00000255443.1",27.2171191806117,-0.52151559508312,0.183031951425977,-2.84931451049974,0.00438135453792354,0.0306242359121905,"CD44-AS1"
"ENSG00000255445.1",9.77577661134514,-0.71528501226484,0.174434348050741,-4.10059727489434,4.12085167873443e-05,0.00114329595783421,"AP003072.2"
"ENSG00000255446.1",2.99006807845474,-1.06522349368357,0.256213992647993,-4.15755393635763,3.21673343615324e-05,0.000944397762697088,"AP003064.2"
"ENSG00000255449.1",6.80322034035598,-0.452712806011378,0.181342853294731,-2.49644691139604,0.0125444444512188,0.062269597303478,"AP002812.5"
"ENSG00000255450.1",2.48273598978496,0.17566630234942,0.187563693004707,0.93656879716594,0.34898040864116,0.542675677675928,"AC110056.1"
"ENSG00000255458.7",23.1941881190662,-0.0332913350218466,0.112155206193231,-0.296832720939314,0.76659422301286,0.869137458428985,"AC108471.2"
"ENSG00000255462.1",22.5855651800158,0.233948453053552,0.21887116750139,1.0688865770868,0.285120781044232,0.477589911795629,"AC104031.1"
"ENSG00000255468.7",124.474777179065,-0.275647788237821,0.126312776087473,-2.18226371690961,0.0290900751792651,0.108429457519018,"AP001107.9"
"ENSG00000255471.1",29.8760564733068,-0.141390419852469,0.154694889333466,-0.913995416795461,0.360719253976552,0.553838135152248,"AP001528.1"
"ENSG00000255476.1",1.41643728137264,-0.867915726404101,0.534955864191618,-1.62240622918607,0.104716396269558,0.251865552738217,"AC011092.2"
"ENSG00000255491.3",36.2055816162424,-0.326596236823144,0.148051416931651,-2.20596495185129,0.027386453788478,0.104370101417101,"AC100858.2"
"ENSG00000255492.1",1.96385829093829,-1.96304012650202,0.5861489807022,-3.34904638774654,0.000810902179074104,0.00948807098266945,"H3P33"
"ENSG00000255495.1",15.1744250041705,-0.0719704186180889,0.140195852277669,-0.513356261607126,0.607702135077939,0.760324208310779,"AC145124.1"
"ENSG00000255501.3",5.65327562867748,-0.109063689573372,0.551960117502776,-0.197593424080724,0.843363180191675,0.914893788143416,"CARD18"
"ENSG00000255503.1",8.87714920744452,-0.287949871474397,0.16454622929409,-1.74996335503836,0.0801246371884664,0.212168101957815,"AP001767.2"
"ENSG00000255507.6",8.55155004417574,-0.265021507242765,0.138562704480732,-1.91264675610902,0.055793289696805,0.167162809731165,"UVRAG-DT"
"ENSG00000255508.7",125.360212945155,0.0362452233611366,0.0803395019622649,0.451150710122161,0.651880931495441,0.791967298652668,"AP002990.1"
"ENSG00000255517.6",63.6765294548034,0.0228385837779452,0.0929051879831168,0.245826786143478,0.805816320856015,0.893138434298159,"AP002748.4"
"ENSG00000255520.1",2.36486316187822,-0.636830675990265,0.317015533349176,-2.00883114231765,0.0445550443587337,0.14467678648545,"AC090589.2"
"ENSG00000255521.2",10.2411617986586,0.00108688079376846,0.162451203983043,0.00669050623891908,0.994661788193658,0.997492857142406,"AL356215.1"
"ENSG00000255529.9",1104.53945397482,0.0259616127619855,0.0587513681270504,0.44188950129371,0.658569168195492,0.796856404880111,"POLR2M"
"ENSG00000255539.1",1.46904735032164,-0.553234885049607,0.449338605093739,-1.23122046220398,0.218240420328526,0.402185227166922,"AP002336.3"
"ENSG00000255545.8",292.92318690727,-1.00954859219522,0.267622207286351,-3.77229005930371,0.000161756055180261,0.00308086060933435,"B3GAT1-DT"
"ENSG00000255548.1",1.38469563442133,-0.733664903762466,0.467118920840407,-1.57061696932016,0.116271645918793,0.269251715070904,"AP003043.1"
"ENSG00000255553.2",0.849261941197248,0.118550051843949,0.337744366901223,0.351005267479769,0.72558439664589,0.842495773638323,"LINC02733"
"ENSG00000255555.1",1.34647038826388,-1.52361134800674,0.801981642856234,-1.89980825817963,0.0574582868074308,0.170696927112304,"AP000857.2"
"ENSG00000255557.1",3.6440442340355,-0.209105093200876,0.211680411070624,-0.987833933916118,0.323233985479517,0.516854573678956,"AP001266.2"
"ENSG00000255559.1",19.5547320252751,-0.225011944096566,0.139599704984666,-1.61183681671306,0.106997454266188,0.255396203390034,"ZNF252P-AS1"
"ENSG00000255561.7",87.1784147792976,-0.0306109834351078,0.0685284667393412,-0.446690038338979,0.655098875387917,0.794386277167732,"FDXACB1"
"ENSG00000255565.1",2.72300292983661,-1.4632305038767,0.419651931737852,-3.48677175824547,0.000488888397712796,0.00665743477959816,"AC073651.1"
"ENSG00000255566.1",8.03027132773893,-0.190452102603213,0.161475907862905,-1.17944593174177,0.238220654437382,0.42589841306969,"AC135279.2"
"ENSG00000255568.3",22.3776761244558,0.0694348440335908,0.120964112259493,0.574011934090324,0.56595972551966,0.728300162293129,"BRWD1-AS2"
"ENSG00000255569.1",4.18012266571475,-0.616993322351879,0.208237761052316,-2.9629271810931,0.00304728649171714,0.0238826057365204,"TRAV1-1"
"ENSG00000255571.9",152.5466153654,0.0211915528529089,0.213626501154881,0.0991990822222235,0.920980203546341,0.958373254881175,"MIR9-3HG"
"ENSG00000255580.1",4.10076816003378,-2.10188773310093,0.518130000130567,-4.05668023965271,4.97751535814472e-05,0.00131104761723665,"AP000462.1"
"ENSG00000255583.2",1.54679891582679,-1.06383681833675,0.52673352002639,-2.01968695343986,0.0434158692322015,0.142171829232754,"AC084357.3"
"ENSG00000255585.3",30.1977380386599,-0.633282060975321,0.15453832442572,-4.09789651420553,4.16921587696988e-05,0.00115095940457677,"AL590627.1"
"ENSG00000255587.9",28.068745089944,-0.284032035267788,0.163821611063559,-1.73378856076315,0.0829556060762182,0.216921221575207,"RAB44"
"ENSG00000255595.5",47.5135147224947,-0.130078712965751,0.332185100095549,-0.391585031743856,0.695364849373913,0.822145031080851,"AC007368.1"
"ENSG00000255621.1",7.16314705401385,0.0136636692880379,0.127550214310881,0.107123844219776,0.914690731057331,0.954836037713699,"AC023790.2"
"ENSG00000255622.3",18.729738064807,0.372824345098344,0.226862316464016,1.64339477313536,0.100301280870646,0.24476512086978,"PCDHB17P"
"ENSG00000255624.3",59.6840706869577,0.0518040697333428,0.160268283949428,0.323233446173851,0.746518452880512,0.85576004034538,"C10orf88B"
"ENSG00000255639.3",2.72671522137545,-0.845683288018206,0.263511496588232,-3.20928422086907,0.00133065883281159,0.0134288040378285,"AC005833.1"
"ENSG00000255642.1",47.8188974006201,0.0150699771619356,0.105706048211844,0.142564947009787,0.886633782867195,0.939655875583474,"PABPC1P4"
"ENSG00000255644.1",6.64654070946524,-0.58228678301152,0.258051253055151,-2.25647725448973,0.024040758217892,0.0959357735141549,"AC010185.1"
"ENSG00000255649.2",2.71483288098825,-0.409463947691526,0.23928433767044,-1.71120246179869,0.0870437443997238,0.223935312189997,"AC008114.1"
"ENSG00000255650.6",14.5776682914102,-0.0105508906129311,0.21515748868982,-0.0490379892290977,0.960889021316509,0.980293038821646,"FAM222A-AS1"
"ENSG00000255652.4",8.52552545755249,-0.302928372783596,0.250315404398092,-1.21018669830575,0.226207261048016,0.411761527723979,"AC140847.2"
"ENSG00000255660.1",1.37185327910753,-1.74375686947111,0.684929210942986,-2.54589356332222,0.0108998417300145,0.056861239535784,"RERG-AS1"
"ENSG00000255666.7",4.27976361151514,-0.0165230693067235,0.272882366082419,-0.0605501540606439,0.951717471930877,0.974699452226981,"LINC02700"
"ENSG00000255669.2",3.27404488942243,-0.364133956758787,0.223842518883157,-1.62674168685915,0.103791971088448,0.25043818621885,"AC092471.1"
"ENSG00000255670.1",8.15099912450768,-0.482726640178195,0.190713295232352,-2.53116406798002,0.0113684657740622,0.0584541051761933,"AC007619.1"
"ENSG00000255689.1",2.03718146742165,-0.445463108142819,0.345970244898554,-1.28757635869362,0.197893473271644,0.378197227745563,"AP003174.1"
"ENSG00000255690.3",511.0609650592,0.0146841293006046,0.14681985885216,0.100014598947346,0.920332735275724,0.957937602386262,"TRIL"
"ENSG00000255692.1",11.6505439140765,-1.12296645536054,0.273612185010001,-4.10422677381671,4.05669390956854e-05,0.00113020510737461,"AC002563.1"
"ENSG00000255693.3",7.24931068048592,-0.191552567823407,0.220188142486572,-0.869949515265512,0.384327994158361,0.57578586634467,"LINC02389"
"ENSG00000255710.2",10.1676570629839,-0.480070968176057,0.15474229285959,-3.10239016951665,0.00191964765138238,0.017395435290548,"AP003170.1"
"ENSG00000255717.7",1531.239302622,-0.229055820231913,0.10277807432418,-2.22864479353281,0.0258375481669669,0.100511795502999,"SNHG1"
"ENSG00000255727.2",1.64516296621152,-0.218439489512021,0.252597495236322,-0.864772983230321,0.387163402444962,0.57835020523247,"LINC01489"
"ENSG00000255733.6",31.977243202653,-0.563324441829098,0.214493568074599,-2.62629992538135,0.0086318721391162,0.0486097630459397,"IFNG-AS1"
"ENSG00000255737.2",27.5443709914615,0.350070503479972,0.131766361548316,2.65675168811282,0.00788975325144477,0.0456664734006173,"AGAP2-AS1"
"ENSG00000255741.1",7.03507717769685,-0.000609438580015355,0.122234511988445,-0.00498581431791511,0.996021912214159,0.998000346806693,"AP000808.1"
"ENSG00000255745.2",10.5762916193576,-0.741578680104874,0.263788893257162,-2.81125816537668,0.00493481723748342,0.0331243348962568,"AC023796.1"
"ENSG00000255750.6",9.781927845354,-0.146945392151691,0.194511979562545,-0.755456771774004,0.449974960450914,0.633722329900259,"AC022509.1"
"ENSG00000255753.1",2.85949083712661,-0.186143349200498,0.230231095633576,-0.808506551594378,0.418799036040116,0.60714462472822,"AC009533.2"
"ENSG00000255760.2",17.3117934129163,-0.09103104889233,0.136907895425371,-0.6649072254708,0.506109833995508,0.68166357689256,"LINC02422"
"ENSG00000255769.7",217.703045271571,-0.405038203302927,0.130649738892449,-3.10018379475183,0.00193400592008305,0.0174922192603436,"GOLGA2P10"
"ENSG00000255774.2",14.5177738248477,0.862203373418226,0.387506789153382,2.22500198074452,0.0260811051772815,0.101155432743154,"LINC02747"
"ENSG00000255790.6",2.22143297397832,-0.699149639934916,0.449102519181025,-1.55677069282504,0.119524937714923,0.274153892617495,"AC078950.1"
"ENSG00000255794.9",14.6159564736005,-0.561077387465697,0.287139065540755,-1.95402665398053,0.0506980651068271,0.157130020629454,"RMST"
"ENSG00000255815.3",35.9158660967205,0.537555546200391,0.191269410743335,2.81046270865413,0.00494703214428178,0.033185883775856,"KRT8P11"
"ENSG00000255819.7",7.58449109139327,-0.125456193945025,0.20947533122671,-0.598906769643659,0.549235056862477,0.715178455417805,"KLRC4-KLRK1"
"ENSG00000255823.5",35.2769193976502,-0.258658572408712,0.142958931588783,-1.80932082755582,0.0704011751227639,0.194786530654216,"MTRNR2L8"
"ENSG00000255833.2",48.1211942215271,-0.399718535210156,0.157174635671944,-2.54314911245891,0.0109858335547147,0.0572112242354321,"TIFAB"
"ENSG00000255836.1",38.327651585455,0.307282776332057,0.276043413789021,1.11316829521211,0.265636156523342,0.457285994303421,"AC131206.1"
"ENSG00000255837.1",30.1642657628967,-0.358490817346121,0.154983216778194,-2.31309444208517,0.0207174472311576,0.0871412200411464,"TAS2R20"
"ENSG00000255843.1",7.10461040713463,-0.301163797159139,0.179594583646109,-1.6769091308042,0.0935602523756107,0.234538173506604,"AP000593.3"
"ENSG00000255847.5",38.2496516578866,-0.663922071162165,0.21887962695945,-3.03327486612156,0.00241915143344885,0.0204262766101477,"AP003717.1"
"ENSG00000255857.6",81.0427545393122,-0.0913288797287425,0.077832276866571,-1.17340624488358,0.240632934118727,0.42855420325317,"PXN-AS1"
"ENSG00000255860.3",2.57603758190481,-0.631472820358953,0.276356455488501,-2.28499391933049,0.022313184309672,0.0913742737050318,"AP000812.2"
"ENSG00000255866.2",0.976987100916689,1.14634924769515,0.742381210479888,1.54415175318638,0.12255157377457,0.278524782966534,"AC090023.1"
"ENSG00000255867.1",5.28079789934832,0.347608878917039,0.197659049551091,1.75862870790133,0.0786405936106285,0.209443785767168,"DENND5B-AS1"
"ENSG00000255871.2",1.504833890218,-0.257389039329693,0.496452727432589,-0.518456290210718,0.604139949234005,0.757378023125836,"AC007529.1"
"ENSG00000255872.3",1.37392854861668,-0.688406804102643,0.552925499817129,-1.2450263269289,0.213122073040227,0.395996940379969,"AL138752.2"
"ENSG00000255874.2",289.894172465694,0.0994061632136339,0.139761991351534,0.711253197327476,0.476927348575165,0.657025787897256,"PRECSIT"
"ENSG00000255882.1",2.21413757379006,-1.42460453281029,0.488520322391592,-2.916162271072,0.0035436614230941,0.0264883519890148,"AC091814.1"
"ENSG00000255883.1",20.9380401409964,-0.108650679379963,0.113978928331366,-0.953252333309261,0.340462236418242,0.533763855578853,"FUNDC2P1"
"ENSG00000255886.1",1.04762431757006,0.414535947086341,0.41836614155447,0.990844874649997,0.32176133330281,0.515623386624492,"AC020611.2"
"ENSG00000255893.1",20.0764807553706,-0.626771797055992,0.177768898355119,-3.52576745907444,0.000422257561102618,0.00600778674435448,"AP000786.1"
"ENSG00000255910.2",44.2821111335583,-0.92375321243353,0.25994984887032,-3.55358241771611,0.000380022100456323,0.00563315930119874,"AC024901.1"
"ENSG00000255920.3",16.7606494500687,-0.522743827010047,0.166347400813604,-3.14248268655422,0.00167521620116524,0.0157907624533959,"CCND2-AS1"
"ENSG00000255921.1",7.27895075595141,0.182640529695968,0.210357143944342,0.868240204593633,0.385262848873329,0.576629923913853,"AC026310.1"
"ENSG00000255928.1",2.28501928812752,-0.290176057655115,0.34387006157832,-0.843853798505295,0.398751108391066,0.588932829769042,"AP002993.1"
"ENSG00000255931.2",10.8362966588444,-1.16906921749123,0.225442127851335,-5.18567327514831,2.1523586164343e-07,2.47098191092921e-05,"AP003108.1"
"ENSG00000255933.1",6.85185390467398,-1.10188745742469,0.216751856275054,-5.08363562075528,3.70277970533409e-07,3.61515087183835e-05,"AC117500.2"
"ENSG00000255960.1",4.60032210153918,-0.432173648308601,0.436403899247505,-0.990306569335887,0.322024296585837,0.515837127497918,"AC092851.1"
"ENSG00000255965.1",1.74489604973453,-0.807594011453469,0.443667934835831,-1.82026679875412,0.0687183848939484,0.191820339420996,"AC073916.1"
"ENSG00000255966.1",6.31324744096669,0.0278530850804801,0.163237436307109,0.170629272981709,0.864515278948502,0.927832989975581,"AC006064.3"
"ENSG00000255967.1",3.58214838435668,-0.193295283207064,0.16626583038387,-1.16256769512286,0.245004944085832,0.433975462865164,"HADHAP2"
"ENSG00000255968.1",15.4987427500209,-0.912682399562648,0.184360237085578,-4.95053821795092,7.40085213828691e-07,5.92563125692523e-05,"AC024145.1"
"ENSG00000255970.1",5.54412603508492,-0.225368158093365,0.201383410502513,-1.11909991757018,0.263097515021051,0.454674568782552,"LINC02421"
"ENSG00000255974.8",35.5733565993589,0.0550141214400838,0.229875327597404,0.239321557537631,0.810856250527331,0.896067884250222,"CYP2A6"
"ENSG00000255980.1",2.23551508080704,-0.00802801607508982,0.268591598089729,-0.0298893045507994,0.976155335772006,0.988056049916617,"AP000439.2"
"ENSG00000255983.1",13.902262989117,-0.371173400685496,0.343229889214941,-1.08141339769234,0.279513264636677,0.472113800393126,"AC007848.1"
"ENSG00000255986.6",5.40987792682402,-0.222956269763382,0.281780104788843,-0.791242057101436,0.428802753537243,0.615589240374086,"MT1JP"
"ENSG00000255987.1",10.6310726198435,-0.323493069608457,0.157795389846037,-2.05007934594346,0.040356688543615,0.135347560358877,"TOMM20P2"
"ENSG00000255992.1",7.71457328992798,0.282845130937283,0.137557991795593,2.05618828281226,0.0397643712526946,0.134090470182919,"AC131009.1"
"ENSG00000255993.1",3.36631767743855,0.243066282600747,0.178340259683424,1.36293556503854,0.172902818805359,0.347674913721497,"PSMC1P9"
"ENSG00000255998.2",1.47545339929476,-0.21118362568894,0.411064809031643,-0.513747762029134,0.607428354383243,0.760124495488867,"LINC02824"
"ENSG00000256001.2",11.7876151775507,0.371077883063449,0.248691569009098,1.49212088106563,0.135667458746603,0.297495486893993,"AC079949.1"
"ENSG00000256006.1",15.9581412815112,0.0102512097190037,0.15283075765785,0.0670755669611584,0.946521544820063,0.972010800692998,"AC084117.1"
"ENSG00000256008.3",1.19937868306415,0.0149046467830691,0.432013976166211,0.0345003810185408,0.972478138521631,0.986403274100499,"AC125616.1"
"ENSG00000256019.1",2.83879580028398,-1.22099383092819,0.457430599915538,-2.6692438834517,0.00760222273244887,0.0444634580622511,"TAS2R63P"
"ENSG00000256021.1",2.54368303003738,-1.05867036837389,0.304285151125933,-3.47920483288961,0.000502904033835132,0.00678411021007822,"ELOCP31"
"ENSG00000256022.6",1.34401097970076,-3.06074023636805,0.872464780063753,-3.5081533447624,0.000451228875651978,0.00631208527608457,"LINC02411"
"ENSG00000256025.2",1.89604692045109,-1.35347568210501,0.572727515829966,-2.36321050533712,0.0181173753416117,0.0800719205161662,"CACNA1C-AS4"
"ENSG00000256029.6",7.76504910952306,-0.192913798226159,0.139650915497734,-1.38140016868911,0.167155954060502,0.339424996856508,"AL590560.2"
"ENSG00000256037.1",4.61197595399446,0.503516379337903,0.215357577397917,2.33804812174105,0.0193847519568247,0.0836088284620502,"MRPL40P1"
"ENSG00000256039.2",72.956479101453,0.0432323415575111,0.202301531528384,0.213702492664745,0.830779067382613,0.907809094471884,"LINC02446"
"ENSG00000256043.4",2510.43460276596,-0.00764081210090337,0.0890104690475537,-0.085841723818142,0.931592238061262,0.963782989396651,"CTSO"
"ENSG00000256045.3",4.42179969688648,-0.0201286352114636,0.171340886022988,-0.117477128072998,0.906481967683671,0.950293973403868,"MTRNR2L10"
"ENSG00000256053.9",543.243578141857,0.184933031992644,0.0738004531387655,2.50585225601417,0.0122156651258502,0.0612217580964823,"COA8"
"ENSG00000256056.1",5.80004061088668,-0.165141321782192,0.319550714208302,-0.51679221619434,0.605301214261138,0.758431874088144,"AC087257.2"
"ENSG00000256060.3",152.867150523244,0.103762034796435,0.0778677224434898,1.33254231073391,0.182682047655778,0.359819760551606,"TRAPPC2B"
"ENSG00000256061.7",35.8030384796011,-0.333282529865285,0.103764344785337,-3.21191764430032,0.00131852166910357,0.0133346117647221,"DNAAF4"
"ENSG00000256064.1",1.24747896999479,-0.209912535020839,0.574182210951561,-0.36558522889966,0.714674598857243,0.835287065517973,"AC063926.1"
"ENSG00000256069.7",15.8321742976112,-0.42446928277505,0.195610958388192,-2.16996678648589,0.0300093621517466,0.110700693304246,"A2MP1"
"ENSG00000256073.3",217.447280339045,0.0781365148331477,0.0964855403493005,0.809826162037079,0.41804009402454,0.606387628544745,"URB1-AS1"
"ENSG00000256081.2",2.32075434787174,-1.70086387793383,0.552579678659369,-3.07804275767135,0.00208365016241373,0.0183812837459566,"AC243972.2"
"ENSG00000256083.1",2.06326143822454,0.420625927029632,0.427601087086528,0.983687693348907,0.325269092632453,0.518732588729766,"AC090673.1"
"ENSG00000256084.1",5.01268531678372,-0.437774498365344,0.24900234650686,-1.75811394754581,0.0787281230573445,0.209587030301309,"AC092112.1"
"ENSG00000256087.7",575.896598468221,-0.13364864372045,0.0783871514450546,-1.70498150853372,0.0881978732043018,0.225701137016973,"ZNF432"
"ENSG00000256092.2",30.604931490909,-0.0301374276436306,0.121842256842123,-0.247347910525665,0.804638983179403,0.892451821873371,"SBNO1-AS1"
"ENSG00000256115.6",2.90624931267253,-1.09877680206703,0.372387467905587,-2.95062776480333,0.00317128853216547,0.0245899671268327,"LINC02443"
"ENSG00000256116.1",3.889560028411,-0.430927977743356,0.153638839441285,-2.80481146115426,0.00503460196289365,0.0335838515629369,"AP001453.1"
"ENSG00000256120.2",2.22759983738928,-0.45959349717315,0.642683530701397,-0.715116344542965,0.474537155194389,0.654949887037372,"SOX5-AS1"
"ENSG00000256124.6",7.54703240677632,1.01826031405383,0.260033447449918,3.9158820684018,9.00742731662565e-05,0.0020469916563305,"LINC01152"
"ENSG00000256128.6",20.3008130857477,0.191075571414242,0.177696617096675,1.07529099054423,0.282244468584346,0.474758908417059,"LINC00944"
"ENSG00000256134.1",3.00530646002971,-1.77495562022076,0.371706882381478,-4.77514865705164,1.79574551933646e-06,0.000115639759333209,"EGLN3P1"
"ENSG00000256139.2",12.3485279934719,-0.0641279006705879,0.147832232945948,-0.433788351786818,0.664442140966865,0.801594040894996,"AC007637.1"
"ENSG00000256146.1",1.14007354268135,-0.890677351319474,0.470098313465441,-1.89466187349968,0.0581372119071316,0.171808996330513,"AC006206.1"
"ENSG00000256148.1",9.32563897718169,-0.432197656603279,0.170448770241378,-2.53564549624635,0.0112240292154677,0.0579890758334209,"AP000763.2"
"ENSG00000256151.1",124.962564583653,-0.0586987803741572,0.228968617287372,-0.256361684276086,0.797671570962031,0.888100846471554,"ADGRD1-AS1"
"ENSG00000256155.1",3.4331028535199,-0.447023942924921,0.239526339362395,-1.866283032233,0.0620017774434674,0.179558556760339,"LINC02598"
"ENSG00000256159.1",1.3186945825944,-1.02147800363521,0.510963751495162,-1.9991202911091,0.0455953401655534,0.146741372714488,"AC022080.2"
"ENSG00000256166.1",4.49657822760894,-0.574022668593236,0.293087786450474,-1.95853493434547,0.0501672759710432,0.156051492002611,"LINC02571"
"ENSG00000256167.1",9.89388268025335,-0.0531140389168371,0.122685745150154,-0.432927548769674,0.665067405466853,0.801871912874658,"ATF4P4"
"ENSG00000256176.1",2.66499494674384,-0.58960680256753,0.328467374075029,-1.79502394789703,0.0726498844995639,0.198941651969401,"AC024940.3"
"ENSG00000256188.3",5.10079604193399,-1.12105501268486,0.390354368062875,-2.87189052923392,0.00408024283646825,0.0291822824392132,"TAS2R30"
"ENSG00000256195.3",6.06721147996736,-0.846381562663147,0.259162543768718,-3.26583290299263,0.00109142632333653,0.0116913952969251,"AP002518.1"
"ENSG00000256196.2",5.45572595074116,-0.0182896936643889,0.189644123187586,-0.0964421852729793,0.923169389248071,0.959601320579788,"AP003721.1"
"ENSG00000256197.1",1.44192456974454,-0.789293936882944,0.653922246653058,-1.2070149638168,0.227426381248805,0.413235087644844,"TSPAN9-IT1"
"ENSG00000256209.2",9.93690802979733,-0.795776786072109,0.321583451706893,-2.47455763612308,0.0133401294022522,0.0650987552110149,"AC073578.1"
"ENSG00000256218.1",1.53624324659562,-0.897111036658676,0.402416278089943,-2.22931100331425,0.0257932190338654,0.10038971724275,"AC007848.2"
"ENSG00000256222.3",4.22090935781158,-0.24679743106509,0.232300747667369,-1.06240480731676,0.28805195233126,0.480514763451481,"MTRNR2L3"
"ENSG00000256223.6",360.868262041133,-0.379704811248707,0.0812272244420442,-4.67460034313529,2.94526606093521e-06,0.000164801248683556,"ZNF10"
"ENSG00000256229.8",1006.84001810653,-0.308248808978082,0.178719854920517,-1.72475973145329,0.0845707815225459,0.219626757350243,"ZNF486"
"ENSG00000256232.1",10.3431821049709,-0.21556277423513,0.268149273684667,-0.803890949518749,0.421459957413992,0.609268936902844,"LINC02387"
"ENSG00000256234.1",11.3346995204118,-0.299046415498237,0.208536651324581,-1.43402329326167,0.15156561576752,0.319432426773948,"AC022509.2"
"ENSG00000256235.2",1329.96717378867,0.229838682707871,0.108245737203482,2.12330470137421,0.0337283269969572,0.119777833675701,"SMIM3"
"ENSG00000256237.1",0.860851743979767,0.265888046570332,0.490107588068943,0.542509549011368,0.587467531035314,0.744548955451624,"AC007450.1"
"ENSG00000256238.1",22.2949969889311,-0.174627423391362,0.149893545526831,-1.16500962584879,0.244015096479004,0.432933365684811,"SUPT16HP1"
"ENSG00000256243.2",1.94972582107318,-1.12242399014061,0.356390285911954,-3.14942363613665,0.00163592857035374,0.0155347889026774,"RPL7AP3"
"ENSG00000256250.1",4.1666440943606,-0.627211143047445,0.214268987662054,-2.92721382544023,0.00342013651294858,0.0259403176779195,"AC073912.1"
"ENSG00000256262.1",14.0971861116625,0.00383603135920919,0.144768076366433,0.0264977711626114,0.978860311330821,0.989442042872407,"USP30-AS1"
"ENSG00000256263.1",1.01061027469795,-1.02404099684969,0.330451073507841,-3.09891865678987,0.00194228338520503,0.0175384976250695,"DDX11L8"
"ENSG00000256268.2",13.0759149268971,0.761793216815645,0.304472225800841,2.50201217799729,0.0123489677047743,0.0616485502766607,"LINC02454"
"ENSG00000256269.10",1319.36449339194,0.111898478299363,0.0930761503272058,1.20222503730535,0.2292763513454,0.415485388925669,"HMBS"
"ENSG00000256271.1",4.1630571215671,-0.263396313889883,0.158651977255619,-1.66021450502001,0.096871307653767,0.239804925698332,"CACNA1C-AS2"
"ENSG00000256274.1",5.26435625693751,-0.558782760342447,0.288285321455354,-1.93829764734999,0.0525869192795303,0.161035348010799,"TAS2R64P"
"ENSG00000256278.1",4.77244295094865,-0.388329829653772,0.163274591475027,-2.37838494125504,0.0173886626803175,0.0777701164180296,"AC048382.1"
"ENSG00000256282.1",11.0341074112051,-0.353715014506366,0.141656783569108,-2.49698606444643,0.0125253878877115,0.0622306728765227,"AC112694.1"
"ENSG00000256287.1",12.2900688367503,-0.927543476605515,0.31567551619264,-2.93828133328998,0.00330037383125474,0.0252732158644463,"LINC02398"
"ENSG00000256288.1",6.27073433671369,0.937875617222941,0.344565089374055,2.72191131993873,0.00649055570400862,0.0400537666457014,"LINC02617"
"ENSG00000256294.8",244.260781788376,-0.0659235121606552,0.0624964692721474,-1.0548357839798,0.291500435633317,0.48393956335594,"ZNF225"
"ENSG00000256299.1",3.42301032490881,-0.825487634800991,0.261848483139017,-3.15253930404757,0.00161857030170207,0.015409511311,"AC073912.2"
"ENSG00000256310.1",2.9592493834856,-1.46945633996684,0.503789216432225,-2.91680784748304,0.00353633556857901,0.0264632996369298,"NDUFA5P6"
"ENSG00000256312.1",4.16520756593215,-0.0607943405723721,0.213947813218002,-0.284154998632427,0.776291600418777,0.875308511824996,"AC138466.1"
"ENSG00000256314.1",2.19712243637581,-1.78927981280778,0.538042165662651,-3.32553827004267,0.00088247984449768,0.0100894235792793,"AC078962.3"
"ENSG00000256315.1",3.93676334283416,-2.77591653398118,0.879421617885552,-3.15652524059562,0.00159661068359237,0.0152484106393691,"AP000462.2"
"ENSG00000256325.1",4.84591893218392,-0.921584178567698,0.259642354067278,-3.54943700105607,0.000386055827711201,0.00568463364528484,"AC025423.1"
"ENSG00000256331.1",2.16721136384427,0.0791642733000165,0.320352074811901,0.247116468174894,0.804818089139275,0.892479914960727,"NIFKP3"
"ENSG00000256338.2",46.7545186595192,-0.158414853261242,0.127401156965681,-1.24343339600846,0.213708170257585,0.396604719710841,"RPL41P2"
"ENSG00000256340.8",101.470030134961,-0.0994295222714469,0.141824888026343,-0.701072453891017,0.483257800018723,0.662551066669766,"ABCC6P1"
"ENSG00000256347.1",1.80951831625895,-0.111804611910614,0.26721062488958,-0.418413796071228,0.675644601455718,0.809434619946928,"OR8R1P"
"ENSG00000256350.1",1.20165547391257,-0.18096667940924,0.557472949489758,-0.324619660155482,0.745468945758327,0.854973447163498,"AC243972.3"
"ENSG00000256351.1",2.85233934736948,-0.100300661600201,0.212697706304054,-0.471564378117084,0.637237757844847,0.781161186786277,"AC007834.2"
"ENSG00000256355.1",1.4922284206553,-0.296976928301578,0.407877224815704,-0.728103728850673,0.466550091418551,0.648228536582832,"NTAN1P3"
"ENSG00000256356.1",7.82991471772476,-0.189131332705237,0.153001589097978,-1.23613966247189,0.216406654108613,0.400068117898721,"HSPA8P5"
"ENSG00000256361.1",4.75480375314619,-0.563396184273808,0.247628441775212,-2.27516750594117,0.022895883331066,0.0927994342869157,"AC027544.1"
"ENSG00000256377.6",6.07961865038369,0.167336830012941,0.281883714337669,0.59363780701601,0.552754388441627,0.717991846923501,"AC009509.1"
"ENSG00000256389.2",0.49118110823468,-0.962356413580169,0.622010933108028,-1.54716961126635,0.121822351699111,0.277492580399459,"AC048352.1"
"ENSG00000256393.1",265.453214415065,0.26381454999687,0.120613451582519,2.18727303244761,0.0287225981789482,0.107553870337614,"RPL41P5"
"ENSG00000256394.3",2.99911322796396,-0.534070513608103,0.318600971152492,-1.67629907616471,0.0936796257930451,0.234643077153765,"ASIC5"
"ENSG00000256399.1",2.06800508907703,-1.43686122818932,0.354469295585083,-4.05355624897681,5.04448635561182e-05,0.00132554131205512,"AC079866.1"
"ENSG00000256417.1",42.4127922671353,-0.178892809815847,0.326837124389043,-0.547345440485843,0.584141430969169,0.742311563848107,"AC006206.2"
"ENSG00000256427.2",5.31830511402832,-0.423417276547193,0.178276132039037,-2.3750642988736,0.0175458934119917,0.078346319598407,"AC010175.1"
"ENSG00000256433.3",47.1583990299466,-0.138517088197788,0.128482201796192,-1.07810331906916,0.280987650603106,0.473570307699777,"AC005840.2"
"ENSG00000256436.1",9.93010034482727,-0.814870662698631,0.195022246966353,-4.17834721614719,2.93635146076679e-05,0.000878346353848236,"TAS2R31"
"ENSG00000256443.1",34.0109577192832,-0.365982154655188,0.199197487485321,-1.83728298622319,0.0661681302296292,0.187183897783668,"AP003559.1"
"ENSG00000256448.5",4.85409547718025,-0.628559930384702,0.179097770365557,-3.50959104126057,0.000448796386571967,0.00628333814051325,"AP000763.3"
"ENSG00000256450.1",3.88801500318628,-0.709079307469692,0.294194099314546,-2.41024313241429,0.0159418927355233,0.0733062669347304,"AC007552.1"
"ENSG00000256452.1",4.8338003387157,-0.295542375122217,0.181945117481646,-1.62434903015207,0.104301338610536,0.251339350489328,"AP003170.3"
"ENSG00000256458.1",0.829756473247835,-0.647132573414202,0.579714182643254,-1.11629591407191,0.264295490019739,0.455921483155203,"AC080075.1"
"ENSG00000256463.8",12.4188929967403,-0.0891662483920543,0.374633916336397,-0.238009012275303,0.811874104254189,0.896835480703896,"SALL3"
"ENSG00000256464.1",6.35162682339849,0.0825098915952433,0.130957917336846,0.630048898708538,0.528662591963957,0.699559816816906,"YWHABP2"
"ENSG00000256481.1",1.5998342272328,-0.147723400499871,0.350511320126483,-0.421451154406554,0.673425671987917,0.807620795270117,"AP006333.2"
"ENSG00000256482.1",3.98867929163027,-0.163787901729127,0.264921803381248,-0.618249987878197,0.536410563465532,0.705014286426037,"AC023796.2"
"ENSG00000256494.1",1.39725658482294,-0.385531977054751,0.477073288757787,-0.80811897488247,0.41902209534538,0.607309330039343,"LINC02825"
"ENSG00000256499.2",14.8420508513594,-1.08410352261953,0.312744753481523,-3.46641633648886,0.000527445855383077,0.00699054731818025,"LINC02468"
"ENSG00000256525.8",593.139495397343,-0.160813426253762,0.083439535754425,-1.92730490168425,0.0539416430966418,0.163663457907272,"POLG2"
"ENSG00000256533.1",2.02871142650526,-0.572797373916539,0.312595321321877,-1.83239266504163,0.0668929400792364,0.188542723845074,"AP002373.2"
"ENSG00000256537.5",950.889823912914,0.0332377740060448,0.0692851322875619,0.479724479244613,0.63142331916693,0.777267491127139,"SMIM10L1"
"ENSG00000256538.2",4.89404460469512,0.0806147872578035,0.179361137540753,0.449455151562511,0.653103353826361,0.792844080793949,"AC046130.2"
"ENSG00000256540.1",27.5640522900266,0.0824384648336846,0.127442333694664,0.646868763649583,0.517716883592457,0.691319262411434,"AC007406.3"
"ENSG00000256542.2",2.70968099658278,0.22473345769353,0.418535438971942,0.536952039821403,0.59130074302211,0.747756130111107,"AC148477.2"
"ENSG00000256546.2",43.3886865022649,0.0409807095712648,0.183016482172776,0.223918136141297,0.822821003416123,0.902951091111539,"AC156455.1"
"ENSG00000256552.2",4.24724124756615,-0.00876359717093459,0.188773010846119,-0.0464239942545513,0.962972312477594,0.981517692885594,"AC092745.2"
"ENSG00000256553.1",8.59855578518942,-0.178891975328851,0.14801533583672,-1.20860432682592,0.226814893318107,0.412416616233739,"TRAV1-2"
"ENSG00000256557.1",1.09848870055135,-1.29773387382994,0.70853737676577,-1.83156727702023,0.0670159158083775,0.188759844400502,"AC009509.3"
"ENSG00000256564.1",33.929083988307,-0.81137752430901,0.199746515505435,-4.06203593717726,4.86465858524802e-05,0.00129051058389372,"AC007552.2"
"ENSG00000256571.1",2.21767406162019,-1.06488364363386,0.508404242755613,-2.09456089088097,0.0362100448697185,0.125799960747943,"AC079866.2"
"ENSG00000256574.8",9.02048327719507,-0.685133778235846,0.165808527106107,-4.1320780673566,3.5949827124154e-05,0.00102912948791441,"OR13A1"
"ENSG00000256576.2",60.3554147846526,-0.1848379794937,0.117073228397605,-1.57882363050544,0.114376516838411,0.266587606769898,"LINC02361"
"ENSG00000256588.1",5.46231507098707,-0.632755530133851,0.240406631811011,-2.63202194285253,0.00848783807448935,0.0480587743221044,"AC027544.2"
"ENSG00000256590.2",1.65045788787148,-0.0856240140299111,0.310662750884606,-0.275617253069763,0.782842056733965,0.879472265727818,"TRDV3"
"ENSG00000256591.5",30.6507881169222,-0.610371122033937,0.139601752651564,-4.37223108192188,1.22983253556776e-05,0.000465281984166563,"AP003108.2"
"ENSG00000256594.8",81.8150591501049,-0.173574606322156,0.106750982168026,-1.6259766682891,0.103954618820376,0.250703449792596,"AC010186.2"
"ENSG00000256609.1",2.74775816221397,-0.280234930298276,0.358802606937835,-0.781028133239925,0.434785948301591,0.62053983037579,"AC084880.3"
"ENSG00000256612.7",6587.99451622014,-0.491809365717083,0.216633511798216,-2.27023677747135,0.0231932206870718,0.0936533531030543,"CYP2B7P"
"ENSG00000256615.1",28.3915036166456,-0.260055739654279,0.28537151091377,-0.911288372204958,0.362143451431175,0.555282177888735,"AC010197.1"
"ENSG00000256616.3",12.427330896159,0.109486321956149,0.144118258659746,0.759697785515431,0.447435252759953,0.631982600234913,"AP002414.2"
"ENSG00000256618.2",57.3056543814782,0.00863078309106882,0.296356294363698,0.0291229957156801,0.97676649564566,0.988247282136442,"MTRNR2L1"
"ENSG00000256625.1",5.54987747010995,-0.25844232879574,0.180503125148278,-1.43178866617094,0.152204311856078,0.320187633990992,"AC092747.2"
"ENSG00000256628.3",166.429705924786,0.0320944275702774,0.0623621899205888,0.514645614773086,0.606800683738352,0.759716613642572,"ZBTB11-AS1"
"ENSG00000256633.1",7.6986278758477,-0.0108814122914309,0.135311759825984,-0.080417343661961,0.9359053333298,0.966443232609071,"PDE2A-AS2"
"ENSG00000256650.1",2.9754945053134,0.128165903184944,0.242703275212112,0.52807652914009,0.597446220485621,0.752469434010282,"RERG-IT1"
"ENSG00000256651.1",2.33823275326471,-0.547408276605951,0.295989933453137,-1.84941518185996,0.0643978848914904,0.183989698914188,"AC006518.1"
"ENSG00000256654.4",2.06972159945315,-0.635552022956735,0.347424657285221,-1.82932330688024,0.067351189140878,0.189257523638357,"AC005906.2"
"ENSG00000256657.1",1.77715495841359,-1.5875226545816,0.737517479430781,-2.15252207419796,0.0313562586179142,0.114090674059391,"AC244131.1"
"ENSG00000256660.6",9.32902866699333,-0.524005334702894,0.191977720658955,-2.72951117923616,0.00634282984902333,0.0394566207330967,"CLEC12B"
"ENSG00000256663.1",28.6777005639162,0.420249798790221,0.163427829913658,2.57147022641277,0.0101267722527681,0.0541607435520333,"AC112777.1"
"ENSG00000256667.6",118.259091853233,-0.250447453504674,0.1167738178072,-2.14472266307312,0.0319750277818745,0.115510481764534,"KLRA1P"
"ENSG00000256673.1",26.3352371936059,-0.480287854748167,0.184634016547578,-2.60129668264246,0.00928720976908597,0.0510548350626336,"AC141557.1"
"ENSG00000256682.2",3.5530126395888,-1.21218304539395,0.268217515509365,-4.51940300428151,6.20142507209622e-06,0.000281669911221418,"AC006518.2"
"ENSG00000256683.7",474.246709799201,0.0177260500344084,0.0807958420036828,0.219393097402221,0.826343846536063,0.904863362805063,"ZNF350"
"ENSG00000256690.1",5.72247837999701,-0.16569132655792,0.136184614670914,-1.2166669998539,0.223730939631014,0.408459869112489,"AP001160.1"
"ENSG00000256691.1",4.21102250049647,-0.260053092233531,0.292077539995337,-0.890356349336831,0.373274572929398,0.565336814685178,"AC005908.2"
"ENSG00000256694.1",21.671037995707,0.0719240390717538,0.132133438909107,0.544328821421421,0.586215217096366,0.743556203245555,"AC026369.2"
"ENSG00000256705.3",7.8922357729731,-0.601553116111999,0.176509584685448,-3.40804788127515,0.000654294125938119,0.00812207842463005,"AL137779.1"
"ENSG00000256712.1",2.21510959553758,-1.31208133204069,0.345916687835471,-3.79305589519509,0.000148804644219023,0.00289511645357863,"AC134349.1"
"ENSG00000256721.1",0.991744804054693,-2.46673340952958,1.02336691254672,-2.41040957967944,0.0159346205954769,0.0732952624211692,"CACNA1C-IT3"
"ENSG00000256732.1",3.0536711821758,-1.05623353390842,0.427313361199834,-2.47180086048016,0.0134434378860922,0.0653660834803404,"AC006065.4"
"ENSG00000256733.2",2.17213955361744,-0.829390756606184,0.285803970828682,-2.90195672999708,0.0037083975871711,0.0272908224734057,"AP003721.2"
"ENSG00000256739.1",1.06852690079598,-0.470809376596557,0.604164346271021,-0.779273685219017,0.435818512442657,0.621560389597043,"AP002892.2"
"ENSG00000256745.1",21.9479837163404,-0.140398135882478,0.132625789095798,-1.05860358561988,0.28978035325805,0.482141794153937,"ARPC3P3"
"ENSG00000256746.5",3.97705509881387,-0.630546727280398,0.273080049149112,-2.30901792073465,0.0209425868211626,0.0876812805629989,"MADD-AS1"
"ENSG00000256751.6",200.864385204717,-0.0490608117456763,0.112019581767559,-0.437966389193255,0.661410648282133,0.798996542571011,"PLBD1-AS1"
"ENSG00000256771.4",407.561964624314,-0.362237097458002,0.0863462166157581,-4.19517046207087,2.72666448058889e-05,0.00083054748904159,"ZNF253"
"ENSG00000256779.2",1.75534315255657,-0.430760966508721,0.439973623851004,-0.979060887192175,0.327549895876036,0.521252267262601,"AP002383.3"
"ENSG00000256789.1",3.50026811715954,-1.50858798830174,0.310215496469805,-4.86303232903962,1.15600957006893e-06,8.36674491658806e-05,"AP000753.2"
"ENSG00000256797.1",2.77435222981956,-0.369956840990243,0.318532482527567,-1.16144148959196,0.245462404636733,0.434505520925709,"KLRF2"
"ENSG00000256802.2",157.554243865149,0.421725516919032,0.175044337074104,2.40924970192264,0.0159853567804944,0.0734170897079599,"AC022613.1"
"ENSG00000256806.6",140.579336955694,-0.0190735632639343,0.0792694670507905,-0.240616771798317,0.809852150027977,0.895478861788987,"C17orf100"
"ENSG00000256810.2",6.76071929585398,-0.275886238870281,0.289122222162048,-0.954220110814077,0.339972236872693,0.533332870740396,"AC078925.1"
"ENSG00000256812.2",14.947744946116,-0.733042421097799,0.260876595492622,-2.80992022191017,0.00495537816067339,0.0332217891871323,"CAPNS2"
"ENSG00000256817.1",3.08866503669551,-0.588248000920568,0.274247805403401,-2.14495062250468,0.0319567951267423,0.115494743829204,"TPT1P12"
"ENSG00000256827.1",3.06968736090674,-0.53673504802573,0.265631286374152,-2.02060177229921,0.0433210053344494,0.142027201437698,"AC068790.1"
"ENSG00000256849.1",2.82058672858793,-0.0948024288435326,0.243508837892132,-0.389318226246588,0.697040755180291,0.823045036963308,"TCP1P3"
"ENSG00000256862.3",11.1585536056693,-0.608786906651147,0.161311469483803,-3.7739840111758,0.000160661061983127,0.00307054462491632,"PARP11-AS1"
"ENSG00000256870.3",294.172005461745,0.437508064594516,0.277520516792881,1.57648908142181,0.114913133096704,0.267355925560634,"SLC5A8"
"ENSG00000256894.1",21.5379108503746,0.481809873322813,0.156446740505809,3.07970541134364,0.00207205431546156,0.0183178184611422,"AC022509.3"
"ENSG00000256897.1",9.8844444747371,-0.662218880697087,0.193050615208223,-3.43028630073425,0.000602944697464011,0.0076452761984,"AC018410.1"
"ENSG00000256898.1",5.92531967879208,-0.451194686545506,0.17997538552447,-2.50697996968125,0.0121767611823635,0.0611095734164046,"ARPC3P4"
"ENSG00000256915.2",1.51175033720692,1.0096520440208,0.515131632186193,1.95998843972342,0.0499971414987083,0.155743720329562,"AC090023.2"
"ENSG00000256916.1",3.31328107993601,-0.196366473011046,0.295415102671296,-0.664713723961297,0.506233614203461,0.681714829012491,"AP000851.1"
"ENSG00000256923.1",0.919482051629186,0.0978222075476472,0.512131865228713,0.191009804679818,0.848517911563529,0.918015536241521,"AC084819.1"
"ENSG00000256940.2",7.46059749568587,0.373108994271344,0.146862061778081,2.54054035299557,0.011068132061107,0.0574779785853119,"PPP1R14B-AS1"
"ENSG00000256943.1",1.24677141573619,0.0201704035957069,0.438134061901313,0.0460370588585969,0.963280712512204,0.981680025763531,"AC148477.3"
"ENSG00000256944.1",9.25742204063714,-0.0572204421696171,0.107298016386469,-0.533285181745755,0.593836183724302,0.749566254512744,"AP003721.3"
"ENSG00000256947.1",1.90597205368094,-0.595040369731978,0.392219975120341,-1.51710878455236,0.129239220720782,0.288659692436402,"AP002518.2"
"ENSG00000256948.1",43.385922330308,-0.139705439432376,0.233457270675786,-0.598419740914352,0.549559896912746,0.715405577631126,"AC026369.3"
"ENSG00000256955.2",3.44814860691225,0.626733352036137,0.31054160343534,2.01819448699612,0.0435710100922491,0.142454054699131,"AC131009.2"
"ENSG00000256967.1",55.8712111899907,-0.124562358115605,0.127343563563582,-0.978159827083931,0.327995281954718,0.521715915279383,"AC018653.3"
"ENSG00000256968.1",24.6037989566656,0.128325580527038,0.0953335482461393,1.34606948852588,0.178280107518041,0.354198772076456,"SNRPEP2"
"ENSG00000256969.2",73.7345992177374,-0.346769561736335,0.243688549072577,-1.42300310398688,0.154735255438653,0.323676780834281,"AC084375.1"
"ENSG00000256972.1",2.94560598862944,-1.07954869427379,0.381945864539949,-2.82644425427697,0.00470679357607874,0.0320609374703568,"AP000462.3"
"ENSG00000256973.1",17.3012187213413,-0.406971485599959,0.18888317590795,-2.15462009066541,0.0311915755627177,0.113716724179759,"AC053513.2"
"ENSG00000256975.1",1.78870779603214,-0.348958315633922,0.292678697931074,-1.19229147218668,0.233146977162267,0.420030428066199,"AC092821.2"
"ENSG00000256980.5",1.29642651757179,-0.5265985204902,0.419121475162354,-1.25643411683024,0.208958618657848,0.391040997809215,"KHDC1L"
"ENSG00000256981.1",4.39698656729179,-0.995619104052696,0.262187260684829,-3.79735880931878,0.000146246026038069,0.00287254805007989,"AC134349.2"
"ENSG00000256982.2",2.7045477048569,0.639338850355248,0.310357216783179,2.06000961402454,0.0393976217352832,0.133353499433996,"AC135782.1"
"ENSG00000256984.2",3.01990282216131,-0.156313639567038,0.24032504109501,-0.650425935037045,0.51541712921458,0.689591001564902,"AC008013.2"
"ENSG00000256987.1",1.71250088382683,-0.306814911094796,0.31248203420201,-0.981864163417631,0.326166772764292,0.519647335294136,"AC023050.5"
"ENSG00000256995.8",3.64359286105753,-1.0691558552848,0.366341087171107,-2.91847104440521,0.00351752542209228,0.0263761106222661,"AC084816.1"
"ENSG00000257002.1",2.53065185858628,-0.550812231146602,0.274610880821489,-2.00579172062981,0.0448784743770885,0.145372547911696,"AP000438.1"
"ENSG00000257008.6",3.62076931900812,-0.833189990185954,0.294150992775601,-2.83252482789195,0.00461819796044952,0.0316923166529271,"GPR142"
"ENSG00000257017.9",2537.96312033959,-0.618375441986719,0.256584994697798,-2.41002184369757,0.0159515654367521,0.0733327075511995,"HP"
"ENSG00000257022.1",4.30020170111347,-0.61684105292192,0.276892494915067,-2.22772759915767,0.0258986854172817,0.100658992948583,"AC008250.1"
"ENSG00000257027.1",257.702908657914,-0.347631278159799,0.138573357189698,-2.50864441195513,0.012119541745765,0.0608894237744544,"AC010186.3"
"ENSG00000257035.1",3.16295136084545,-1.60016107680692,0.579034547329174,-2.76349845477744,0.00571853631157548,0.0367401060249484,"AC025252.2"
"ENSG00000257038.1",22.5531784226987,-0.0382475469711717,0.12321961257114,-0.31040145455002,0.756255688159703,0.862024809158484,"AP002761.3"
"ENSG00000257043.1",3.75316665029359,-0.0090360451683671,0.14222308340351,-0.0635343078783516,0.949341040682139,0.973305341559231,"SRSF3P1"
"ENSG00000257046.5",1.65727380469309,1.06976331581404,0.508034151616772,2.10569173826133,0.035231137950084,0.12333861995501,"SLCO1B3-SLCO1B7"
"ENSG00000257048.1",3.09547655611448,-0.70238540852765,0.358383896780688,-1.95986877434248,0.0500111301717299,0.155746977812312,"LINC02417"
"ENSG00000257052.1",12.0521197139521,-0.36820334850653,0.105708529146112,-3.48319432197937,0.000495468582917969,0.00672467816187849,"AP003721.4"
"ENSG00000257056.3",0.503143610067541,-0.496231393604481,0.997531155858301,-0.497459543684639,0.618865025273209,0.768212113450699,"LINC02282"
"ENSG00000257057.3",24.8715138073236,-0.903778173422853,0.328721277934877,-2.74937533432777,0.0059708971056527,0.0378404677386103,"C11orf97"
"ENSG00000257058.1",4.40433552516921,0.457303469507064,0.163241371842868,2.80139442804519,0.00508822865150849,0.0338466326662682,"AP001363.2"
"ENSG00000257060.7",6.60262493191142,0.0980662437560826,0.202882734014223,0.4833641671509,0.628837186208544,0.775629659180547,"AC091078.1"
"ENSG00000257062.6",0.513760568363547,1.82993549608663,0.970533028965455,1.8854953324332,0.0593629940261751,0.174344756537883,"AC022335.1"
"ENSG00000257074.3",3.87466642288235,0.0746566036890445,0.155465020903251,0.480214798514097,0.631074665189454,0.776969657799332,"RPL29P33"
"ENSG00000257083.7",2.03255112273449,-1.5113108031186,0.477966538480543,-3.16195942904928,0.00156711396265827,0.0150357133022425,"AC073530.1"
"ENSG00000257084.1",113.269849025764,0.0339470449598647,0.128566648010899,0.264042389570481,0.791747255278682,0.884670471539575,"MIR200CHG"
"ENSG00000257086.1",13.0600591115014,0.105846651338482,0.107927628747906,0.98071877022069,0.326731444991733,0.520273101114873,"AP001453.2"
"ENSG00000257093.7",2588.28386914622,-0.215018214994084,0.0762824166303214,-2.81871267970051,0.00482166566240128,0.0325878430569074,"DENND11"
"ENSG00000257097.1",4.08044915583167,-0.176409044616713,0.242016395538336,-0.728913610271375,0.466054508820389,0.647675116339992,"CLIP1-AS1"
"ENSG00000257103.8",5554.55439702504,0.0987796345273556,0.0528518329198379,1.86899165213774,0.0616239757978342,0.178922984044839,"LSM14A"
"ENSG00000257108.2",72.542140585649,-0.523067102077381,0.155047865030649,-3.37358467963415,0.00074196221416867,0.00893063918883497,"NHLRC4"
"ENSG00000257113.1",0.908304984495832,-1.81239767431562,0.610076503726914,-2.97077114631331,0.00297053050220611,0.0234633148303554,"AC090502.1"
"ENSG00000257114.3",5.87573046038183,0.497422303133783,0.21749725327935,2.28702797683105,0.0221941901760759,0.0910437621404751,"LINC02450"
"ENSG00000257120.1",1.26514812460735,-0.933464706927675,0.686355279966399,-1.36003136301854,0.173819999291765,0.348929106808606,"AL356756.1"
"ENSG00000257121.1",3.32434101426469,-1.16493090148548,0.261743955082138,-4.45065064108132,8.56105159825602e-06,0.000356724769537845,"AC126615.2"
"ENSG00000257122.5",169.126772872279,-0.119185356520268,0.071750808972653,-1.66110122278474,0.0966931189405472,0.23953021283141,"RRN3P3"
"ENSG00000257127.6",1.89308556960886,-0.308771581590125,0.289906975754207,-1.0650712380647,0.286843693699858,0.47933614877179,"CLLU1"
"ENSG00000257128.1",0.638774286622979,-1.97518660448254,1.4194537002259,-1.39151182188486,0.164070277303623,0.335684020257941,"AC006197.1"
"ENSG00000257135.7",99.5330024292255,-0.173421740946162,0.120467991882691,-1.43956696078271,0.14998995269687,0.317124537361168,"ODC1-DT"
"ENSG00000257137.7",4.33386656948058,0.448283554645697,0.229066065043752,1.95700552397437,0.0503468189021958,0.156361627025262,"LINC02874"
"ENSG00000257138.1",2.30617101539715,0.762358045117656,0.576703785029485,1.32192308236485,0.186193765264749,0.36425837507106,"TAS2R38"
"ENSG00000257150.3",14.0876462228513,-0.641389313324069,0.181149949209889,-3.5406541162257,0.000399136451307969,0.00579718442899853,"PGAM1P5"
"ENSG00000257167.2",105.008443007161,0.239043246946254,0.11404682888819,2.09600958901373,0.0360813403260794,0.125536217313843,"TMPO-AS1"
"ENSG00000257169.1",1.6251709068595,-1.6066682641648,0.563155398059154,-2.8529749864815,0.00433120306388209,0.0303640226586284,"AC125612.1"
"ENSG00000257176.3",72.8022854558211,-0.271280708960725,0.148220327307944,-1.83025306911588,0.0672121055371042,0.18901027364193,"AC009318.1"
"ENSG00000257178.5",10.6341998236813,-0.296317758980159,0.236954349297549,-1.25052677808444,0.211107179613345,0.393637150986676,"AC103702.1"
"ENSG00000257183.1",2.55861326212593,-1.63757427464342,0.470108544650908,-3.48339610772113,0.000495095239899195,0.00672235147714677,"AC090502.2"
"ENSG00000257185.2",16.6793615031627,0.299910707813389,0.449328922275018,0.66746361728708,0.504476041812126,0.680504066287878,"LINC02293"
"ENSG00000257191.1",2.83507645706725,-0.123778058014481,0.296088511225982,-0.418044109519706,0.6759148673864,0.809547882434276,"AC090709.1"
"ENSG00000257194.2",2.91804105415253,0.26860869741691,0.315498968810382,0.851377417903216,0.39455973189737,0.585258788998175,"AC126178.1"
"ENSG00000257195.1",5.05164818915823,-0.597425612431537,0.195549842162697,-3.05510659494411,0.00224980545089066,0.01937474725207,"HNRNPA1P50"
"ENSG00000257202.1",6.50339948529018,-0.605840233822402,0.21147134396694,-2.86488099265645,0.00417165987480973,0.0295945178376391,"AC084398.2"
"ENSG00000257218.6",798.79920909334,-0.00471761161581176,0.0537850668478704,-0.0877122943651888,0.930105347797467,0.963111170959993,"GATC"
"ENSG00000257219.6",18.4019213455236,-0.0563925775763419,0.158301424431406,-0.356235439945631,0.721664253277823,0.840404480814737,"LNCOG"
"ENSG00000257221.4",28.5837449604022,-0.405907834184911,0.150142831600684,-2.70347794734851,0.00686180010585635,0.041612005632837,"AC007569.1"
"ENSG00000257222.1",7.2158931202212,-0.393669021415491,0.125238620861526,-3.14335161715621,0.00167025073056075,0.0157560479862156,"AC079907.1"
"ENSG00000257225.1",2.26451745185776,-0.751425460077861,0.288036874215604,-2.60878216417317,0.00908650649177087,0.0503691409641238,"AC079601.1"
"ENSG00000257226.2",4.44982525525786,-0.495996811692505,0.198614474280063,-2.49728431671655,0.0125148570670448,0.0621876322885256,"AC079584.2"
"ENSG00000257242.8",47.1100050235462,-0.302034752575614,0.140132126024518,-2.15535695592579,0.0311339119690294,0.113581123294422,"LINC01619"
"ENSG00000257243.1",6.97974764523444,-0.260160427932081,0.167869297362159,-1.54977969182068,0.121194402961924,0.27649731088956,"AC020612.1"
"ENSG00000257246.1",8.15473508919376,-0.232903100658436,0.188036166123984,-1.23860800536035,0.215490701992005,0.398862063791618,"PHBP19"
"ENSG00000257252.6",9.42548802299843,0.259781347402222,0.135346648092551,1.91937776859151,0.0549365423623529,0.165508268512607,"AC124947.1"
"ENSG00000257256.1",3.14561672089955,-0.283116132005119,0.212892365899138,-1.32985572690404,0.183565810878803,0.360908355486636,"AC008147.1"
"ENSG00000257258.2",4.46650397491247,-0.75638144033472,0.283303914546154,-2.66985876826454,0.0075883157429242,0.0444237376523959,"AC012150.1"
"ENSG00000257259.3",3.65482673505318,-0.898204128838315,0.288931492909682,-3.10870967990702,0.00187906259706665,0.0171819914979786,"LINC02388"
"ENSG00000257261.6",113.976250997798,-0.0655641783417542,0.11406828557883,-0.574780080274321,0.565440040288745,0.727934968138808,"AC008014.1"
"ENSG00000257265.1",1.2176400120852,-0.439939459647923,0.511120255424049,-0.86073571723924,0.389383616621851,0.58036294176356,"AC123905.1"
"ENSG00000257267.3",1123.96677681173,-0.0902263006563151,0.0595434595526296,-1.51530161892198,0.129696038538927,0.289446990955658,"ZNF271P"
"ENSG00000257270.1",54.797846955752,-0.165785790617759,0.126636540990095,-1.30914654902589,0.19048471394705,0.369336716438413,"AL928654.2"
"ENSG00000257275.6",2.16996960899937,-0.550210671786382,0.316301290699658,-1.73951446916109,0.08194430937693,0.215376323682492,"AL139020.1"
"ENSG00000257277.2",9.31534447416255,-0.707103212568691,0.273599576370094,-2.58444556804505,0.0097535698787876,0.0527323160075472,"AC092652.1"
"ENSG00000257279.1",15.6689321619412,-0.464789056199355,0.207608222118581,-2.23877961795694,0.0251702590923758,0.0989860373389578,"AC127164.1"
"ENSG00000257284.1",1.23524965646971,-2.19739882423362,0.901768122013795,-2.43676702534846,0.0148192236017212,0.0697844994868603,"AC013437.1"
"ENSG00000257285.6",54.1544525971669,-0.338005558012046,0.113566228676356,-2.97628583736195,0.00291762784077223,0.0231829555376682,"AL132780.1"
"ENSG00000257288.1",1.8241314645382,-0.350421324566098,0.31914551797221,-1.09799857692694,0.272205110675858,0.464316259336578,"AC068305.1"
"ENSG00000257289.1",2.76834717045232,-0.744572544919276,0.369501822575691,-2.01507137293417,0.0438971712429206,0.143199617443823,"AC025423.5"
"ENSG00000257298.1",26.5674531846649,-0.860043990279729,0.183339531586131,-4.69099044182781,2.71885673950672e-06,0.000154469108239586,"AC008147.2"
"ENSG00000257302.1",2.77818169737922,0.944498876314091,0.391738531295483,2.41104410431781,0.015906924736897,0.073204220488448,"FAHD2P1"
"ENSG00000257303.2",25.7559913918509,-0.144471223515264,0.0978190294475675,-1.47692350180905,0.139696144306687,0.302872084683675,"AC073896.2"
"ENSG00000257307.1",5.66000470331905,0.0203637822428876,0.13926468349625,0.146223591880249,0.883744882096519,0.93818814322373,"AL162311.2"
"ENSG00000257315.3",11.6180426096391,-0.0146714761120166,0.176468125837754,-0.0831395247292741,0.933740598428589,0.965225750410874,"ZBED6"
"ENSG00000257322.6",5.27770657519386,0.0354128505721082,0.196440253485197,0.180272881671764,0.856938344167436,0.923272654359614,"AC138123.1"
"ENSG00000257329.1",1.05747524676652,0.469527088618902,0.361195093286192,1.29992654204434,0.193626147146242,0.373120062333729,"AC011611.2"
"ENSG00000257335.8",68.0219578478121,-0.0697631446084042,0.186098957123607,-0.374871228117992,0.707756237927184,0.830513479110029,"MGAM"
"ENSG00000257336.1",5.79731362291685,0.616288406627901,0.182630051187681,3.37451806326533,0.000739450629258212,0.00891975717387451,"PRELID2P1"
"ENSG00000257337.7",379.28881229301,-0.166072769505431,0.105498282964814,-1.57417509402329,0.115446975594019,0.268125298810721,"AC068888.1"
"ENSG00000257341.5",2.10393571329087,-0.335298584550535,0.285067146312714,-1.17620914541558,0.239511310834631,0.427265180925755,"AL928654.3"
"ENSG00000257345.2",2.91156987374968,-0.296816311221025,0.230202227207854,-1.28937202224817,0.19726878312141,0.377554196398887,"LINC02413"
"ENSG00000257354.2",215.784235504385,-0.340507462979044,0.125236946626141,-2.71890581934684,0.00654982545549704,0.0402925607704846,"AC048341.1"
"ENSG00000257356.2",1.10484336060109,1.45146768667198,0.804990383196867,1.80308698957092,0.0713745541019878,0.196531798766402,"BNIP3P6"
"ENSG00000257365.8",298.524944746709,0.123460405103121,0.0534267620973554,2.3108345004728,0.020841998069232,0.0874250525033314,"FNTB"
"ENSG00000257376.1",6.02305990378491,-0.730741733455061,0.186411115924722,-3.92005449798473,8.85289468410546e-05,0.00201876316930084,"AC079601.2"
"ENSG00000257398.8",3.08539805579095,-0.483440394406986,0.188205009851256,-2.56869035945995,0.0102083627208933,0.0544693779070494,"AC126177.3"
"ENSG00000257403.2",1.80253873558254,-0.472426660165445,0.295286736534685,-1.59989123016351,0.109622715180958,0.259246274791848,"AC008740.1"
"ENSG00000257433.6",21.3076483309827,0.0023434004575998,0.0914215618602787,0.02563290770706,0.979550138133083,0.989867138616668,"AC004241.1"
"ENSG00000257438.1",3.19155623362744,-1.94383508581792,0.443638601942932,-4.38157337369837,1.17825350629896e-05,0.000450891884887486,"AC011595.1"
"ENSG00000257443.1",17.1062443272852,0.459540725938468,0.235990450279917,1.94728526257478,0.0515005445573337,0.158804077979745,"AC068305.2"
"ENSG00000257446.4",13.6953979433421,-0.172504525155272,0.154972452322969,-1.11313025359994,0.265652491989982,0.457285994303421,"ZNF878"
"ENSG00000257452.1",2.27297671344365,-0.0267814312398583,0.266555755516896,-0.100472155207921,0.919969487883836,0.957844168563751,"AC004551.1"
"ENSG00000257464.1",5.51568178535376,-0.203550426533388,0.223524886265349,-0.910638765706609,0.362485737937721,0.555498515751236,"AC125611.1"
"ENSG00000257467.6",2.73575675127909,-0.766771115177961,0.279092491079116,-2.74737278746995,0.00600748088048114,0.0380024816556828,"PPFIA2-AS1"
"ENSG00000257472.1",1.06945169737892,-0.00759009253395125,0.58589027130816,-0.0129548021287404,0.989663852507959,0.994803255987062,"AL355112.1"
"ENSG00000257474.5",54.2809357776258,-0.326887205007863,0.264829480287048,-1.23433087832046,0.217079634229679,0.400844828752563,"AC027288.1"
"ENSG00000257475.2",2.36444916210113,-0.577964015832585,0.293656095494036,-1.96816624855084,0.049048912315565,0.153721682925925,"AC068888.2"
"ENSG00000257488.5",3.36184773130018,-0.182490216004727,0.176010449746333,-1.03681466792303,0.299822238306454,0.492791359594035,"LINC02354"
"ENSG00000257489.6",20.4426936746176,-0.60167002122536,0.136709246672527,-4.40109236112316,1.0770726200511e-05,0.000423364565990099,"AC010203.1"
"ENSG00000257494.1",1.35157884312857,-1.04067401730076,0.706316749094216,-1.47338148024286,0.140648201141348,0.304282315978874,"AC004217.1"
"ENSG00000257497.2",60.226511198087,0.0581583306475965,0.123986612816371,0.469069436824857,0.639020004345184,0.782395300259791,"AC121761.1"
"ENSG00000257501.6",4.3842643928096,0.218826739388582,0.258551483063254,0.846356542983151,0.397353873621465,0.587767848910557,"PAFAH1B2P2"
"ENSG00000257509.1",17.9466651946275,-0.361452702710411,0.148231899392544,-2.43842724940885,0.0147513275991037,0.0695139348559038,"AC073487.1"
"ENSG00000257511.1",62.5823189397453,-0.136925577084283,0.0820172314878069,-1.66947328750836,0.0950236200091901,0.236868926397571,"AC084824.1"
"ENSG00000257512.1",23.8931644273579,-0.0791114730972739,0.23819694039794,-0.332126319360389,0.739793877092498,0.851599389739317,"AC124947.2"
"ENSG00000257513.7",3.18298319819141,-0.0464437586054237,0.208941162790966,-0.222281516887546,0.824094739599804,0.903772851915289,"NPIPB1P"
"ENSG00000257515.1",1.59476200140849,-0.292432696917181,0.520299285620545,-0.562047085204828,0.574083939126918,0.734351887860778,"AC011601.1"
"ENSG00000257524.6",10.3108141481968,-0.370669869250831,0.138222920474604,-2.6816816485869,0.00732531328928448,0.0434107610075024,"AL157935.2"
"ENSG00000257526.2",6.6235515642609,0.154384259475991,0.139653115490894,1.10548381919957,0.268950001884657,0.460699342084066,"AC107032.2"
"ENSG00000257531.2",3.45893377662364,-0.132843280442536,0.194434847820659,-0.68322773377058,0.494462950447761,0.671952120872579,"AC008147.3"
"ENSG00000257534.1",3.77952333402118,-0.228926877359351,0.229345285339644,-0.998175641676377,0.318194195820286,0.511967879443494,"AC023794.4"
"ENSG00000257539.2",4.29075340292869,-0.191710842955283,0.163390931950903,-1.17332608772248,0.240665064556198,0.428577847769712,"HSPA8P14"
"ENSG00000257542.5",3.39220691159539,-0.290654866271389,0.220391101543678,-1.31881398221418,0.187231308619476,0.365222366844755,"OR7E47P"
"ENSG00000257543.1",10.335077125705,0.0545082570800262,0.12052885815897,0.452242375084425,0.651094384067945,0.791473326444837,"AC063948.1"
"ENSG00000257545.5",3.6216033132962,-0.394878769288347,0.189924217257308,-2.07913859006915,0.0376046140581962,0.129084137736213,"AC079385.1"
"ENSG00000257550.2",4.48106743096098,-0.566037376042615,0.238468771936312,-2.37363312372736,0.0176140422636694,0.0784934157521543,"AC023509.2"
"ENSG00000257556.2",71.3661390070721,0.0462802910738519,0.118810019139293,0.389531888043827,0.69688272641325,0.823045036963308,"LINC02298"
"ENSG00000257557.2",42.6692974720559,0.242935656773806,0.100484533061678,2.41764229152252,0.015621425004181,0.0723041988967326,"PPP1R12A-AS1"
"ENSG00000257568.1",3.46744496237026,-1.05981781728891,0.25347100443903,-4.181219148259,2.89950236572131e-05,0.000870452049251213,"AC079035.1"
"ENSG00000257576.1",14.1370060426043,0.383252006533832,0.142126489906982,2.69655577074097,0.00700606645297077,0.0422171703779414,"HSPD1P4"
"ENSG00000257582.5",0.274599376209196,-0.213069684684198,0.634010952130097,-0.336066252433565,0.736820906521256,0.849704829955392,"LINC01475"
"ENSG00000257585.1",2.84929281801242,-0.723945443768619,0.35918937429173,-2.01549793948147,0.0438525017432944,0.143163496816974,"LINC00609"
"ENSG00000257588.1",106.171454055275,-0.378742024650806,0.267958617110944,-1.4134347636747,0.157527930102531,0.327501361436507,"AC025154.2"
"ENSG00000257591.6",5.62050974884941,-0.376866307352063,0.151832117658485,-2.48212508106977,0.0130601422441959,0.0641087388739364,"ZNF625"
"ENSG00000257594.4",11.2616601315428,0.175195709523185,0.161345365834222,1.08584283544402,0.277548531358248,0.470239194656766,"GALNT4"
"ENSG00000257595.3",8.52042705413193,0.38751264905851,0.163545998767405,2.36944133136287,0.0178149812508159,0.0790924350958012,"LINC02356"
"ENSG00000257596.1",26.4231699260409,-0.27095463843027,0.162044706899626,-1.67209805006532,0.0945049890844339,0.236053312445649,"SCAT2"
"ENSG00000257599.3",44.26409165274,0.0961477548062435,0.103509416985806,0.928879300126175,0.352951641651688,0.546498884080999,"OVCH1-AS1"
"ENSG00000257604.1",23.2503663026796,0.0108086454670725,0.256610360235873,0.042120846006129,0.966402362206631,0.983137474314135,"AC027288.2"
"ENSG00000257612.2",1.22047585303661,-1.33584687614566,0.548745700284098,-2.43436417898867,0.014917977337078,0.0701008072665263,"MIR4307HG"
"ENSG00000257621.8",1745.21389855159,-0.363538750568522,0.0840991501074218,-4.32273988624339,1.54103380749575e-05,0.000544068277337817,"PSMA3-AS1"
"ENSG00000257636.6",8.42193964303466,-0.161502768652894,0.588427362517094,-0.2744650893902,0.783727228478152,0.880021268725906,"G2E3-AS1"
"ENSG00000257643.1",1.80682880544959,-0.987140096359942,0.47333031194751,-2.08552055814547,0.0370220740387545,0.127836768956416,"AC084824.2"
"ENSG00000257654.1",25.5523933303784,-1.22098707988671,0.442218840965813,-2.76104717116993,0.00576163540007765,0.036903064135203,"AC125603.1"
"ENSG00000257657.3",1.78614176267734,-0.654255197055555,0.339769134730438,-1.92558749509316,0.0541559013628855,0.164089226799649,"AC079950.1"
"ENSG00000257658.1",1.3004857650464,-1.72692264748352,0.851810799148945,-2.02735472385289,0.0426261487213957,0.140315638657448,"AC004217.2"
"ENSG00000257660.5",13.6510667903108,-0.264962031022134,0.177054612875868,-1.49649888652094,0.134523697852114,0.295994810163931,"ADCY6-DT"
"ENSG00000257666.1",2.4212171917992,-1.09520163614676,0.311786594370706,-3.5126642900002,0.000443637633664981,0.00623105553737001,"CBX3P5"
"ENSG00000257671.1",330.082207568808,0.0387556916531771,0.154118874784237,0.251466225064478,0.801453671862263,0.890792451669571,"KRT7-AS"
"ENSG00000257681.1",9.56672983145326,-0.0521272336117206,0.159762013415752,-0.326280524996069,0.744212121488956,0.854520394936085,"AC025265.1"
"ENSG00000257696.1",4.55608921646717,-0.178591717005025,0.146462182874748,-1.21937085396135,0.222703467089044,0.407413234568085,"AC010203.2"
"ENSG00000257698.2",228.138386714353,0.0852479385998405,0.10652180926173,0.800286243640317,0.423544971427145,0.611097843281644,"GIHCG"
"ENSG00000257702.3",327.609193235511,0.102932529650801,0.106048338894584,0.970618971723075,0.331738055010251,0.525373672877246,"LBX2-AS1"
"ENSG00000257703.6",15.5922277538316,-2.02505760312983,0.397391317890609,-5.09587782108335,3.47128960574123e-07,3.47055990522351e-05,"AC068643.1"
"ENSG00000257704.4",328.957257409006,0.0977860505414566,0.0888247187869749,1.100887814528,0.270945486112323,0.462965399273817,"INAFM1"
"ENSG00000257715.1",1.92564560599164,-1.16627364250983,0.363983760943868,-3.20419141635742,0.00135442395147702,0.0135903666716469,"AC007298.1"
"ENSG00000257718.1",25.3878629572981,0.19951457770991,0.120261996867065,1.65899937559201,0.0971159181250906,0.240162921727712,"CPNE8-AS1"
"ENSG00000257727.6",143.120634619114,-0.0635619395290772,0.0845831536429739,-0.751472802697481,0.452368162757736,0.63568686656649,"CNPY2"
"ENSG00000257732.1",17.0591245997039,0.273864414917148,0.256488299556758,1.06774623010257,0.285634998660148,0.478082073056857,"AC089983.1"
"ENSG00000257740.1",17.1343099627737,-0.20661693943741,0.0930843401294753,-2.21967453548058,0.026440868625852,0.102039624337602,"AC073896.3"
"ENSG00000257743.8",7.21617900865377,0.272346878641759,0.256317528024712,1.06253708336131,0.287991932358976,0.480474846613646,"MGAM2"
"ENSG00000257746.2",1.37376324740011,-0.536052572235624,0.413524886066599,-1.29630063461112,0.194871930039156,0.374472909691207,"AC138123.2"
"ENSG00000257752.1",3.83844527812196,-0.362165382268829,0.205940038791001,-1.75859626129513,0.0786461084667502,0.209443785767168,"AC091516.1"
"ENSG00000257754.1",1.29174660442175,-0.838405044713143,0.691891579394744,-1.2117578384847,0.225605091744216,0.410912540042682,"AC012555.2"
"ENSG00000257761.3",2.06039844037347,0.256108838029981,0.277949881676217,0.921420928425943,0.356830706344553,0.550166258580288,"AC078860.2"
"ENSG00000257763.1",3.81752327449474,-0.396218898222853,0.223525190314056,-1.7725917050609,0.076296387221862,0.205246898818475,"OR5BK1P"
"ENSG00000257769.1",2.75688472099218,-0.973859390875484,0.336622856376447,-2.89302812458585,0.00381547130211844,0.0278022512719259,"AC026401.1"
"ENSG00000257771.6",2.44644261638331,-0.2400565832922,0.237290067183656,-1.0116587944088,0.311701223731837,0.50569995817475,"LINC02395"
"ENSG00000257773.1",5.07437632025624,-0.0274656636839531,0.170781869446605,-0.160823064959716,0.872232758485453,0.931670737856723,"ST13P3"
"ENSG00000257784.2",0.646045426128495,-1.63677574042308,0.779829883126667,-2.09888820092474,0.0358267572098303,0.124911532913067,"LINC02400"
"ENSG00000257790.1",9.49181396255416,0.145859513430722,0.139821820314414,1.04318133680945,0.296864315528624,0.489500994018304,"EIF4A1P4"
"ENSG00000257800.1",34.696599960575,-0.315905240668332,0.113770493011386,-2.77668868532298,0.00549157500332485,0.0356974408674993,"FNBP1P1"
"ENSG00000257802.1",5.0284741570147,-0.521301664937358,0.201459483126917,-2.58762534702297,0.00966400275602129,0.0524183192825378,"MRS2P2"
"ENSG00000257803.2",3.09329538457409,-1.51564193949687,0.300333193394581,-5.04653489135184,4.49894764173813e-07,4.1491264220606e-05,"PIGAP1"
"ENSG00000257815.7",72.2453282782878,-0.200125404124881,0.115529992589251,-1.73223766088514,0.0832312561561175,0.217454148254384,"PRANCR"
"ENSG00000257818.1",11.575027141093,-0.403838321425076,0.200053639818112,-2.01865020697571,0.0435235887289534,0.14239713144615,"C1GALT1P1"
"ENSG00000257826.1",17.0158685369979,0.355739518418453,0.303114744056447,1.17361337709196,0.240549920615255,0.428520975281913,"AL133304.2"
"ENSG00000257829.1",33.4965931081825,0.0456152760259593,0.172033139637529,0.265154005339145,0.790890825455717,0.884158633084759,"AC121757.1"
"ENSG00000257830.1",2.41596358942214,0.312375549408203,0.228686282373632,1.3659566554055,0.171952568456422,0.346245122875266,"AC021066.1"
"ENSG00000257831.1",13.9877792249269,0.0204707031296399,0.208927879887751,0.0979797580899115,0.921948366722455,0.958779370262349,"AL136418.1"
"ENSG00000257838.5",22.156488631391,0.223638891064862,0.151818582571521,1.47306665150497,0.14073306453921,0.304386793848107,"OTOAP1"
"ENSG00000257842.6",31.4849233886927,-0.265817245002793,0.420974519040201,-0.631433098632293,0.52775738005041,0.698827763354345,"LINC02588"
"ENSG00000257845.1",1.27858240538181,0.0875527854305254,0.512233515165757,0.170923578481962,0.864283856529469,0.92776406369291,"LINC02294"
"ENSG00000257851.2",8.47756543826982,-0.0142131833710409,0.156228656460572,-0.0909768008830563,0.927511024811129,0.961940499492208,"HNRNPA3P10"
"ENSG00000257859.2",12.0511295628091,-0.710206393418455,0.19335147688336,-3.67313663627658,0.000239591286030468,0.00411106028907135,"CASC18"
"ENSG00000257869.1",10.8193643220035,0.473240917861095,0.491257513862152,0.96332555636775,0.335384171984461,0.528690588914709,"AL139023.1"
"ENSG00000257875.1",2.44961404401734,-0.840533632281167,0.31104552731818,-2.70228490191841,0.00688647261232969,0.0417084469132786,"AC089998.3"
"ENSG00000257883.1",59.2915743816053,-1.02731290223509,0.382528288224097,-2.68558674968701,0.00724025767888609,0.0430330900032785,"AC125603.2"
"ENSG00000257890.1",2.23190563133539,-0.210867106482346,0.232641882047058,-0.906402168977009,0.36472302519438,0.557509188053999,"AC011595.2"
"ENSG00000257893.3",2.32562388174408,0.331166574922418,0.432934646303493,0.764934333045423,0.444310648324537,0.629144029205036,"LINC02404"
"ENSG00000257894.2",110.798942526387,-0.326251533274166,0.228994318824218,-1.42471452981594,0.154239737315924,0.32302343677795,"AC027288.3"
"ENSG00000257896.1",6.46638560072714,-1.11818071216455,0.233398334245543,-4.79086843434016,1.6606099229773e-06,0.000108713737952997,"AC093012.1"
"ENSG00000257905.1",2.77185248044785,-0.27503936427336,0.242008659617179,-1.13648563116886,0.255753375785237,0.446293131705232,"AC004486.1"
"ENSG00000257906.3",21.0211221457044,-0.352447398180132,0.201539616604856,-1.74877477747291,0.080329958320591,0.212559632996935,"LINC02156"
"ENSG00000257907.2",9.55425715077166,-0.390634224188963,0.173329695051958,-2.25370629119186,0.0242146513282423,0.0964443577785824,"EEF1A1P17"
"ENSG00000257913.2",17.2782654115764,-0.25388995444767,0.127572713072779,-1.99015877559042,0.0465734478928769,0.148778526261519,"DDN-AS1"
"ENSG00000257923.12",6888.13636783272,-0.0340978048554301,0.0592807922616383,-0.575191449954616,0.565161824619034,0.727692022548691,"CUX1"
"ENSG00000257924.1",18.1952358110796,0.0181066122993121,0.191481014106911,0.0945608753106066,0.924663627509372,0.960447802124214,"LINC02416"
"ENSG00000257925.1",5.74042213525878,0.0316576908238098,0.224514123202974,0.141005342435359,0.887865721860682,0.940275343412153,"AC008083.2"
"ENSG00000257941.1",3.04082343402032,-0.87357872511981,0.250466922929365,-3.48780076388039,0.000487010834789674,0.00664374208075627,"AC011611.5"
"ENSG00000257947.1",1.1493479979795,-0.840282188603482,0.634709271688141,-1.32388516457082,0.185541185976715,0.363495704542881,"AC025030.2"
"ENSG00000257950.3",21.121444442966,-0.0719385158641729,0.09356134723694,-0.768891406426543,0.44195777938089,0.627012415260918,"P2RX5-TAX1BP3"
"ENSG00000257951.2",8.13364760102139,0.34177968187459,0.247764842824584,1.37945189470068,0.167755468404955,0.340387787031092,"AC126177.5"
"ENSG00000257953.1",11.5870970817583,-0.0998775132095944,0.211889461472347,-0.471366119464271,0.637379306202827,0.781277170995571,"AC083805.2"
"ENSG00000257954.1",6.49455287284705,-0.0476685077929748,0.175033095840724,-0.272339968415756,0.785360626844438,0.880696936560069,"AC125611.2"
"ENSG00000257956.1",7.20944884589202,-0.152478348671406,0.208137867525271,-0.732583409661831,0.46381255283631,0.645862515534872,"NOP56P3"
"ENSG00000257957.1",4.23301949327788,-1.32771803345826,0.373327576684339,-3.55644242852408,0.000375910811342235,0.0055954902902981,"QRSL1P3"
"ENSG00000257964.1",5.9970228673049,-0.516708727980514,0.210786463470121,-2.45133733672493,0.0142326498686909,0.067852455149831,"AC020612.3"
"ENSG00000257979.1",2.15218190753478,-1.93393824172277,0.695605797689111,-2.7802215682324,0.0054321820730057,0.0354198272143711,"SNRPGP18"
"ENSG00000257986.3",1.09767138178839,-0.840330493770172,0.588293395768266,-1.42842075028356,0.153170790115325,0.321512837482474,"LINC02306"
"ENSG00000257989.1",3.00028111958212,-0.877260353991498,0.316922967035156,-2.76805547479992,0.00563918559507741,0.0363918212864726,"AC078864.1"
"ENSG00000258011.2",4.81485272492198,0.245723404926322,0.162636530920214,1.51087460815841,0.130820401328292,0.291018392768527,"HMGA1P3"
"ENSG00000258012.1",3.16354382170098,-1.74623746293896,0.341514903193149,-5.1132101311296,3.16729629537134e-07,3.25459245561105e-05,"AC026111.1"
"ENSG00000258013.2",3.42155944580267,-0.222950883146316,0.249423512762863,-0.893864739040397,0.371394265876662,0.563600405389111,"RPL3P13"
"ENSG00000258016.1",1.99052469102092,-0.0492397129718735,0.242743544262775,-0.20284664262202,0.83925490016069,0.912364663680821,"HIGD1AP1"
"ENSG00000258017.2",17.2915516907305,-0.317696897747774,0.132707025895987,-2.39397195139296,0.0166670233030127,0.0755473392548948,"AC011603.2"
"ENSG00000258026.2",0.93633941945468,-1.30641912022542,0.846547317831099,-1.54323224787073,0.1227744356139,0.278867409970565,"AC078955.1"
"ENSG00000258028.3",2.11613970570285,-0.888662236658171,0.566510279564999,-1.56866039101804,0.116727092552523,0.269815224528734,"AL135878.1"
"ENSG00000258034.1",2.88935252396663,-0.435921910741448,0.227663592834919,-1.91476338097475,0.0555226864662409,0.166668181455284,"AC012157.2"
"ENSG00000258035.2",3.2423270410987,-1.52556997978999,0.322058257994942,-4.73693793566366,2.16971577001938e-06,0.000131580689428081,"AC123567.2"
"ENSG00000258038.6",3.80553250430792,-0.509050167230331,0.527792011344436,-0.964490095129777,0.33480027190565,0.528333662774971,"LINC02327"
"ENSG00000258044.1",3.06448606853022,-1.33184690313811,0.349852130598635,-3.80688521421659,0.000140728021392418,0.00281154553345511,"AC073569.1"
"ENSG00000258045.2",9.11239346539059,0.12499603443463,0.123888017677119,1.00894369591415,0.313001637609731,0.507086372555851,"Metazoa_SRP"
"ENSG00000258048.1",2.09437415901325,-0.606136083215211,0.287995516819103,-2.10467194041753,0.0353198746184967,0.123584296970427,"AC073569.2"
"ENSG00000258053.1",29.6142991575881,-0.294638741848105,0.391904656353224,-0.75181230197619,0.45216394288837,0.635534012352028,"AC025575.2"
"ENSG00000258056.2",292.315241959706,0.12347709293575,0.0708189787995789,1.74355935412731,0.0812359560514428,0.2142757633355,"AC009779.2"
"ENSG00000258057.6",32.9510268216754,-0.15678995344104,0.0901914133473847,-1.73841331033523,0.0821380130294874,0.215749180890787,"BCDIN3D-AS1"
"ENSG00000258065.1",0.843970241608568,-1.55438455570351,0.880738778884218,-1.76486444445277,0.0775865505957408,0.207393739781935,"AL122126.1"
"ENSG00000258068.2",1.2791986112962,-0.821645921967406,0.486587806252975,-1.68858716023853,0.0912985729522632,0.230850109311134,"AC079600.3"
"ENSG00000258072.1",5.66298640172842,0.260827943453187,0.242181296648156,1.07699457828951,0.281482687849416,0.47390598793302,"AC126177.6"
"ENSG00000258077.2",12.6751903145722,-0.213881010051074,0.265516482703274,-0.805528183687548,0.420514949332437,0.60841355039437,"AC078923.1"
"ENSG00000258081.4",3.52055164138471,-0.747470402332669,0.358569616260098,-2.08458934733185,0.0371065922796638,0.127979879495167,"AL110292.1"
"ENSG00000258082.1",6.34575441982116,0.275896435348793,0.130508511473097,2.11401104981315,0.0345143235632536,0.121480640066752,"AL391832.3"
"ENSG00000258086.1",4.79743300415182,-0.0676721366406158,0.211169683808656,-0.320463313767778,0.748617136478307,0.857280305602183,"AC079313.1"
"ENSG00000258088.1",9.94848595502754,-0.240549707688759,0.25299078608232,-0.950823986176664,0.341693734189893,0.534964001522883,"AC078820.1"
"ENSG00000258099.1",9.92973096199682,-0.0844408511069647,0.11458402530657,-0.736933886560913,0.461162555539121,0.643509156358772,"ATXN2-AS"
"ENSG00000258101.2",16.0300608269402,0.319588170832793,0.12307911863449,2.59660756738012,0.00941494211736492,0.0515460726711775,"AC010173.1"
"ENSG00000258102.5",58.5211026967621,0.0214337957369568,0.0782938479902596,0.273760918477571,0.784268359134742,0.880167499944469,"MAP1LC3B2"
"ENSG00000258111.1",2.20151615212158,-1.5254376371109,0.643067997840161,-2.37212494205015,0.0176861089328032,0.0786881764933606,"AC079316.1"
"ENSG00000258116.1",7.58943780510303,0.0431396999350752,0.220005202792173,0.196084907936595,0.844543708679488,0.9155004322625,"PPIAP45"
"ENSG00000258122.1",2.56362578965446,0.0566220678905287,0.193671894714496,0.29236078871433,0.770010785219422,0.871408581947388,"AC044802.2"
"ENSG00000258125.1",0.536614275152051,0.487728695818774,0.914226697576286,0.533487697429746,0.593696025012741,0.749566254512744,"AC025254.1"
"ENSG00000258128.2",4.08391068471101,-0.369668370234305,0.356464777008047,-1.03704038681488,0.29971703553099,0.492691416774465,"MKRN9P"
"ENSG00000258134.1",1.60415566968824,-0.668541376462857,0.503961575197903,-1.32657212248836,0.184650262674662,0.362324582732806,"AC016954.1"
"ENSG00000258136.2",18.5723839750765,-0.34415999951072,0.15617893864822,-2.20362618986617,0.0275506438674587,0.104662141557132,"AC007622.2"
"ENSG00000258153.1",2.57967000193208,-0.00422480803096236,0.205156333075754,-0.0205931153458585,0.983570232461024,0.992002537089515,"HSPE1P4"
"ENSG00000258162.4",6.72595334619736,-1.17647373671213,0.432366504759042,-2.72101035524891,0.00650827227446498,0.0401333411435011,"AC069228.1"
"ENSG00000258168.6",73.7610662609189,-0.486780118914027,0.198205120266685,-2.45594118991005,0.0140516150928419,0.0672434673189644,"AC025569.1"
"ENSG00000258169.1",1.5488635871708,-0.681567636087993,0.431392794802382,-1.57992355064765,0.114124375168549,0.266192078618797,"LINC00485"
"ENSG00000258172.1",2.74175331498005,-0.297507297985277,0.234949203839634,-1.26626220954697,0.205419221847554,0.386778766710249,"AC073655.1"
"ENSG00000258175.1",13.0232470935189,-1.18518095588413,0.338494803968291,-3.50132688002841,0.000462947637545302,0.00641742151941992,"LINC02300"
"ENSG00000258177.1",2.45767972284771,-0.730313441348259,0.361852471412981,-2.01826296362297,0.0435638817583856,0.142444737318987,"AC008149.1"
"ENSG00000258181.1",10.8349433424774,-0.109452889272639,0.135622293140147,-0.807042018966117,0.419642275027218,0.607857316505663,"AC008083.3"
"ENSG00000258210.1",4.89132810203036,-0.329603759580367,0.154153803938526,-2.13814872652644,0.0325046742743592,0.116626589138511,"AC144548.1"
"ENSG00000258212.1",1.52277030858747,-2.72107770559628,1.22338102809553,-2.22422748359296,0.0261331428210259,0.101247018367282,"ZNF75BP"
"ENSG00000258216.7",2.51718930276066,0.00213484114159619,0.283214468805885,0.00753789575298644,0.993985686313227,0.997160498219974,"AC009522.1"
"ENSG00000258227.7",459.115773982287,0.0328191137820729,0.146639055256374,0.223808819040017,0.8229060674288,0.902951091111539,"CLEC5A"
"ENSG00000258230.2",7.45342120100266,-0.581585568640328,0.200495167604821,-2.90074606579367,0.00372275424148188,0.0273638538301547,"AC063950.1"
"ENSG00000258234.1",2.81137540125661,-0.762402906997992,0.317244412695798,-2.40320357581538,0.0162521371296266,0.0742836904800465,"AC024257.1"
"ENSG00000258240.6",1.20294128736395,0.789320004318698,0.381096790525504,2.07117987855601,0.0383419892518496,0.130723998787694,"AC002351.1"
"ENSG00000258245.1",6.76210327880377,-0.123037873776613,0.195444974493506,-0.629526924882388,0.529004147291344,0.699724354945687,"RPL10P13"
"ENSG00000258256.1",4.53680609504203,-0.0509441544734441,0.187380594060469,-0.271875295992519,0.785717906937458,0.880949224613349,"AC011773.3"
"ENSG00000258274.1",9.05657017372886,-0.524513606337403,0.233291755529323,-2.24831608449822,0.0245560417990214,0.0973151172020974,"AC012085.2"
"ENSG00000258279.4",13.3893038783968,0.620914316224277,0.211050164387711,2.94202242403196,0.00326076314009446,0.0250543704646123,"LINC00592"
"ENSG00000258284.1",3.45909707640984,-0.586186477326413,0.211050748616743,-2.77746694180601,0.00547844126498778,0.0356446638724327,"POLR2KP1"
"ENSG00000258285.1",2.95916923136026,0.390998757972628,0.357686139180519,1.09313365865513,0.274335119669115,0.466934659215915,"TESC-AS1"
"ENSG00000258289.8",1934.77947157639,-0.0358494740729761,0.0759109728251221,-0.472256812668747,0.636743492479308,0.780871559419243,"CHURC1"
"ENSG00000258292.1",1.35972705495993,-1.5012635890133,0.441455730632398,-3.40071152063809,0.000672107152060001,0.0082875348438175,"LINC02410"
"ENSG00000258294.5",0.737516780702226,-0.0497275159347289,0.56622034302017,-0.0878236123935194,0.930016870299025,0.963090767495976,"AC090503.2"
"ENSG00000258301.3",7.68105331838576,-0.202607859853177,0.129394958833212,-1.56580953137699,0.117393214184801,0.270963136429187,"VASH1-AS1"
"ENSG00000258302.2",30.5683722116284,-0.286589264335276,0.156120983283329,-1.83568703135294,0.0664039570694726,0.187641057775756,"AC025034.1"
"ENSG00000258303.1",4.06131645788095,-0.459808954268174,0.210500839926789,-2.18435686255738,0.0289360354221098,0.108061772800574,"AC012464.2"
"ENSG00000258308.6",2.07743616801881,0.132119369248717,0.274410805694157,0.481465622006043,0.630185607300542,0.776634070844232,"AC079907.2"
"ENSG00000258311.5",20.22449251473,0.0173653462004181,0.099005441559072,0.175397896589926,0.860766993245881,0.925432784135112,"AC009779.3"
"ENSG00000258314.3",2.05216765377322,-0.618375080518743,0.529598209019379,-1.16763061125857,0.242955797023423,0.431548489397569,"AL589182.1"
"ENSG00000258315.5",18.0411519420022,-0.108120532615425,0.0828919581346654,-1.30435491027698,0.192112601283032,0.371321035385543,"C17orf49"
"ENSG00000258317.1",7.24671284284237,-0.147146699532563,0.141237963367859,-1.04183532545931,0.29748803318133,0.490236563935341,"AC034102.6"
"ENSG00000258320.1",2.10903069071726,-1.54422800493946,0.627204095676671,-2.46208214452656,0.0138133025847455,0.0665701300138395,"AC090502.3"
"ENSG00000258323.1",2.4133427129295,-0.856964872442306,0.372020572416096,-2.30354162103651,0.0212483881893702,0.0884831254519954,"AC073575.1"
"ENSG00000258332.3",1.45824675148527,-0.767214893915595,0.465221039166851,-1.64914057904512,0.0991188379727841,0.243037521919863,"LINC02394"
"ENSG00000258334.1",9.83276759399217,-1.03106277651282,0.215369352096259,-4.78741643821256,1.68942042893082e-06,0.000109855223321082,"AC125611.4"
"ENSG00000258337.1",2.2519703118852,-1.52676885234294,0.519082660548136,-2.94128270578469,0.00326856075793737,0.025090877802043,"AC130895.1"
"ENSG00000258342.2",10.0201609146951,0.196489926475382,0.265335373125165,0.740534230928542,0.458975898534217,0.641560357288593,"AL133304.3"
"ENSG00000258343.2",20.0996824416281,-1.06291349808497,0.227988860730811,-4.66212908243778,3.12954788921965e-06,0.000172789449213582,"AC090001.1"
"ENSG00000258344.1",7.70570476717979,-0.778350280080809,0.206382794835547,-3.77139131535177,0.000162339862774026,0.00308668249647952,"AC078778.1"
"ENSG00000258346.1",20.4198581029709,-0.663644170765766,0.344664285690851,-1.92547994764107,0.0541693422421922,0.164115016040523,"AC079384.1"
"ENSG00000258352.1",25.8709227304649,-0.174125013384899,0.133087563009313,-1.30834925103193,0.190754877259421,0.369597982226496,"IFITM3P6"
"ENSG00000258359.1",10.6710239420925,-0.156084071519955,0.118283768270517,-1.31957303865217,0.186977609489026,0.364949987802088,"PCNPP1"
"ENSG00000258365.1",17.1636162371236,-0.457501764371127,0.127065393239188,-3.60052216192277,0.000317578756804144,0.00498968832009456,"AC073655.2"
"ENSG00000258366.9",32.7889848591157,-0.289530442424695,0.113325141519866,-2.55486504178722,0.0106228976583552,0.0558739147005263,"RTEL1"
"ENSG00000258373.1",2.42665879577518,-1.23028044649331,0.311023087745342,-3.95559202826972,7.6345351354573e-05,0.00181037448906538,"SLC25A3P2"
"ENSG00000258376.2",69.7783007316966,-0.0439955513325294,0.130187823612679,-0.33793906458887,0.735409108266906,0.848870625161395,"AC004846.1"
"ENSG00000258380.1",2.12574310904354,-0.78035678253357,0.448138840998099,-1.74132815802253,0.0816260731858545,0.214913155759324,"AL356805.1"
"ENSG00000258384.1",7.43689662434289,-0.0412650023061849,0.123351522892957,-0.33453176206016,0.73797832742363,0.850457118695427,"RCCD1-AS1"
"ENSG00000258386.1",4.03513907512164,-0.0776916981853149,0.245401831537645,-0.316589724284094,0.75155493384705,0.858989006196374,"AL352984.1"
"ENSG00000258388.7",10.2384448000712,-0.296426753774897,0.123610900066007,-2.3980632259502,0.0164820200073335,0.0749741620582257,"PPT2-EGFL8"
"ENSG00000258400.1",1.63493689738317,-0.328159763943804,0.315448136345111,-1.04029704453472,0.298201916867121,0.491025096110443,"AL591767.1"
"ENSG00000258404.1",7.60075420085805,0.750867187301693,0.192950081445741,3.89151008217036,9.96222486582923e-05,0.00220087825121468,"LINC02320"
"ENSG00000258405.11",82.5158514842957,0.103189084528237,0.177873187713502,0.580127257259495,0.561828803773117,0.725494310588066,"ZNF578"
"ENSG00000258412.1",3.40672293344844,-0.761679639971405,0.325979976373858,-2.3365841314678,0.019460818365615,0.0837957870986057,"AL355102.1"
"ENSG00000258413.2",3.75527956781966,0.458596680813756,0.188656978388382,2.43084928387677,0.0150634791268719,0.0705554882626544,"AL158801.2"
"ENSG00000258414.1",5.69494233000187,-0.853176961164187,0.238089274613618,-3.58343298978402,0.000339107788872095,0.00523007407099843,"AL121790.1"
"ENSG00000258424.1",24.6364990843445,-0.287244243014733,0.121963845154087,-2.35515896249281,0.0185147834308723,0.081010998129062,"AL512791.1"
"ENSG00000258427.3",11.3175026987215,0.0301873525198731,0.166058653979448,0.181787288987716,0.855749660229218,0.922831229245879,"RBM8B"
"ENSG00000258428.5",3.13914281699355,-0.86202170407962,0.275446870060503,-3.12953893391591,0.00175080869171905,0.0163284147469185,"AL161757.2"
"ENSG00000258429.2",18.7540799864385,0.353677141256835,0.122087396202104,2.89691771844618,0.00376848579396682,0.0275927419262233,"PDF"
"ENSG00000258439.1",5.25959588522904,-0.380753857996607,0.210868138167858,-1.80564907199738,0.0709731723703528,0.195832075893101,"AC007956.2"
"ENSG00000258441.1",452.474709027829,-0.240242600755844,0.125786622059208,-1.9099217136363,0.0561432938596603,0.167962730705478,"LINC00641"
"ENSG00000258443.1",3.8819048135653,-0.148630716536493,0.164494864509136,-0.903558399710637,0.366229608397554,0.558947572768854,"AC005225.1"
"ENSG00000258445.3",3.39116119831292,-0.0983475680868477,0.296830518543631,-0.33132566209627,0.740398509406378,0.851853598288231,"MAD2L1P1"
"ENSG00000258448.1",2.26185877232416,-0.311080927537337,0.36141031207134,-0.860741703119782,0.389380319082508,0.58036294176356,"AL442663.2"
"ENSG00000258449.1",2.12273570094202,-1.02456080504992,0.356681253249284,-2.87248291216992,0.00407260103208443,0.0291482498021819,"AC023510.1"
"ENSG00000258450.1",6.59814418075261,-0.329568581791772,0.139473782895855,-2.36294287678324,0.0181304639591631,0.0801041313534432,"AL139099.2"
"ENSG00000258451.1",2.76286547373484,-0.620452541582709,0.243523828521749,-2.54781039436269,0.0108401370393491,0.0566118717570272,"EGILA"
"ENSG00000258455.1",3.20750140577044,-1.59632974377412,0.403913201997134,-3.95216035495034,7.74488112772589e-05,0.00182872572613743,"AL158801.3"
"ENSG00000258457.5",28.3767873172904,-0.0517986716217654,0.117733480462142,-0.439965517187114,0.659962082369428,0.797796652566187,"AL132780.2"
"ENSG00000258458.8",10.6580831761115,-0.233154122737181,0.137334945276451,-1.69770426796945,0.0895635918400295,0.227931087213654,"AL160314.2"
"ENSG00000258460.2",1.13069101532147,-0.485852973913625,0.475438399395788,-1.02190520271621,0.306825769800448,0.500423766911592,"AL355096.1"
"ENSG00000258461.5",5.54897603039637,-0.664491176387853,0.190575677510817,-3.48675751841489,0.000488914427540849,0.00665743477959816,"AC012651.1"
"ENSG00000258467.1",4.72081657507045,-0.648721630290699,0.446823626892969,-1.45185167311238,0.146542852425683,0.312588141772991,"PHKBP2"
"ENSG00000258469.1",85.3575234181013,0.0202350573951867,0.136478429590808,0.148265608388489,0.882133155869503,0.937226107690005,"CHMP4BP1"
"ENSG00000258474.1",10.8843665237577,-0.0290061333006974,0.319418886798193,-0.0908090739137269,0.927644299903788,0.961940499492208,"LINC02313"
"ENSG00000258476.6",13.3802246755969,-0.191513109254062,0.200132301111253,-0.956932530084687,0.338601310734043,0.532048963482561,"LINC02207"
"ENSG00000258477.1",9.04026275981807,0.208844656381091,0.147546332423517,1.41545135653812,0.156936201021466,0.326799908719519,"PPIAP6"
"ENSG00000258479.6",4.93386173711497,-0.495512763309497,0.180591675586815,-2.74382947995458,0.00607270733764141,0.0383059199302947,"LINC00640"
"ENSG00000258484.4",49.2702720723445,0.000368585175803242,0.201065999164435,0.00183315516962073,0.998537354611797,0.999192560067343,"SPESP1"
"ENSG00000258485.2",2.68201788782606,-1.24592543610993,0.324768938429822,-3.83634420869702,0.000124879351533931,0.00256801003744236,"SRMP2"
"ENSG00000258490.1",2.69945564853951,-0.488794353705956,0.362439757251676,-1.34862234047503,0.177458301165278,0.353360345000668,"AL049835.1"
"ENSG00000258498.8",98.2165872418287,-0.102136712996675,0.202489891324028,-0.504404009152409,0.613977501317968,0.765063348090914,"DIO3OS"
"ENSG00000258510.2",1.4967175178451,-1.2712573324644,0.474580207687478,-2.67869858850404,0.00739088906337324,0.0437127137457303,"AC007954.1"
"ENSG00000258512.1",58.466692380373,0.073159269154092,0.115578610702988,0.632982769987567,0.526744894720638,0.698014558984804,"LINC00239"
"ENSG00000258515.1",21.5209975115212,-0.616500532809984,0.148117563469813,-4.16223787623693,3.15143803210264e-05,0.000928502888520294,"AL355075.2"
"ENSG00000258521.1",22.9852676784071,-0.351627427766383,0.165427572143513,-2.12556723894453,0.0335393098790006,0.119303423340101,"AL157871.2"
"ENSG00000258524.1",3.5115886423244,-0.331840467679924,0.175444997392234,-1.89142165699968,0.0585680798485046,0.172756895755849,"NT5CP1"
"ENSG00000258525.2",6.27279879214949,-0.563483421396523,0.281849227228625,-1.99923706350789,0.0455827101308023,0.1467400085462,"AL049830.3"
"ENSG00000258526.7",36.4656833728533,-0.434589022884779,0.164968474072609,-2.63437620628956,0.00842920350026259,0.0478488443536645,"AL049828.1"
"ENSG00000258527.1",8.66821712937125,-0.509674643397676,0.203159722963771,-2.50873862182104,0.0121163101792926,0.0608888022338398,"ASB9P1"
"ENSG00000258531.2",1.55815564703655,-0.817508740999588,0.393989631840931,-2.07494988428946,0.0379911797311248,0.12999386914577,"BANF1P1"
"ENSG00000258535.1",3.20747337042136,0.0970665616700585,0.325264241145954,0.29842371029806,0.765379794829793,0.868209694702168,"AL079307.1"
"ENSG00000258539.1",9.48838935645107,-0.46174698672618,0.151029327947675,-3.0573332544137,0.00223315848448453,0.0192562076527867,"AC068896.1"
"ENSG00000258545.6",157.506689169833,-0.454921943675009,0.209787545622278,-2.16848880292491,0.0301215156385404,0.110982251013051,"RHOXF1-AS1"
"ENSG00000258546.1",2.86537591586962,-0.97488871846431,0.299076200983875,-3.25966665103143,0.00111543228843877,0.0118683564010841,"CENPUP2"
"ENSG00000258548.6",1.74978507652486,-1.16741878911495,0.511379491361955,-2.28288151721879,0.0224373484870904,0.0916685045012516,"LINC00645"
"ENSG00000258551.6",7.03590493893788,-1.00029246073789,0.250626344351511,-3.99117045467077,6.57480020001616e-05,0.00162144313377139,"CRAT37"
"ENSG00000258559.2",25.9457173569899,-0.288255861909411,0.140569711929317,-2.05062568566944,0.0403034130225456,0.135213856402014,"AC005519.1"
"ENSG00000258561.2",19.6479214529787,0.307076311416091,0.133197864154476,2.30541468037325,0.0211433600943547,0.08821166288222,"AL359232.1"
"ENSG00000258565.1",1.85617640606978,-0.36049656699331,0.3791362621934,-0.950836421997058,0.341687420308164,0.534964001522883,"BLZF2P"
"ENSG00000258568.1",10.4329743667747,-0.0406273902933178,0.10884256153141,-0.373267495010151,0.708949366267982,0.83137436763504,"RHOQP1"
"ENSG00000258571.1",3.32350758235687,-0.777651311262188,0.297066681298469,-2.61776685242216,0.00885072546354784,0.0494414531225149,"PTTG4P"
"ENSG00000258572.1",15.5578342920012,-0.172352922274482,0.161421144463102,-1.06772209333381,0.285645889443637,0.478082073056857,"AL133467.1"
"ENSG00000258578.2",1.11556330187575,-0.674227005730874,0.966764852859567,-0.697405376019408,0.485549138085478,0.664480587410874,"AC008015.1"
"ENSG00000258580.1",3.4576975488306,0.0509612457838551,0.333893717380154,0.152627147895189,0.878692314900556,0.935144281796505,"AL136298.1"
"ENSG00000258581.2",9.03509349892496,-0.545396316978371,0.188802714558959,-2.88871014515024,0.00386825461168303,0.0280644854668361,"AL157871.3"
"ENSG00000258583.7",7.19276947756373,-0.150106139057787,0.188929373811046,-0.79450927100363,0.426899013909425,0.61423349626546,"LINC01500"
"ENSG00000258584.2",12.8818804889919,-1.08477985620681,0.276894368864694,-3.91766672848769,8.94102027228068e-05,0.00203467797624771,"FAM181A-AS1"
"ENSG00000258586.1",3.11208341865601,-0.587441450028901,0.237290934012951,-2.47561691504336,0.0133006205771257,0.0649549990416952,"LINC02274"
"ENSG00000258590.5",5.66923486864364,0.0853407110176341,0.207650340827709,0.410982763993837,0.681085173259504,0.812824628932454,"NBEAP1"
"ENSG00000258591.2",6.18199052481719,0.06156001414147,0.11353409796528,0.542216085253048,0.587669655583534,0.744751458742666,"PPIAP4"
"ENSG00000258592.1",11.1884952305091,-0.354083052191652,0.288788519740129,-1.2260980890455,0.220161764894805,0.404606184513288,"AL391152.1"
"ENSG00000258593.2",8.91739065853716,-0.358338473697806,0.16137985003491,-2.22046602237076,0.0263871496641161,0.101938660219009,"AL583810.1"
"ENSG00000258601.1",1.25390705475855,-1.01892329038051,0.585268610312694,-1.74094983470261,0.0816923722201135,0.214985704554916,"AL162464.1"
"ENSG00000258602.1",8.14458377984521,0.239690576454007,0.337759627514148,0.709648391721911,0.477922202919351,0.6580967781369,"LINC01629"
"ENSG00000258603.4",4.09575241635924,-0.0871003820768894,0.170708148523612,-0.510229785925199,0.609890486942204,0.761750700308943,"AC005225.2"
"ENSG00000258608.1",4.22603085480604,0.0508546240466951,0.189793446718344,0.267947207482691,0.788739955497804,0.882910340205379,"DNAJC19P9"
"ENSG00000258613.1",7.33953164759305,0.0601384166657113,0.162863266307738,0.369257095409575,0.711936102144629,0.833664072953703,"RPL21P7"
"ENSG00000258616.5",1.46126912253494,0.508111667886848,0.563436791662079,0.901807754491807,0.367158999785455,0.559782676367209,"LINC02303"
"ENSG00000258620.2",3.66776807886074,-0.934038524260461,0.274066734849949,-3.40806966147076,0.000654241902430529,0.00812207842463005,"AL135838.1"
"ENSG00000258623.1",4.373936049257,-0.152352865939252,0.159440850013631,-0.955544742305548,0.339302290280057,0.532748120651479,"AL121820.1"
"ENSG00000258626.2",5.25542496627504,-0.472439919972589,0.177121347770611,-2.66732342498005,0.00764580541934483,0.0446503770963423,"COX7A2P1"
"ENSG00000258628.1",3.08844198526901,-0.174748871828649,0.270060612821811,-0.647072781190606,0.517584840406988,0.691319262411434,"RHPN2P1"
"ENSG00000258632.2",1.08222472327049,-2.01956100635717,0.662012586582842,-3.05063838254448,0.00228355422349225,0.0195792868304732,"AC135626.1"
"ENSG00000258633.1",1.11463106475853,-0.813296197788792,0.33508603826554,-2.42712648368923,0.0152189489749595,0.0710637402837767,"AL049870.2"
"ENSG00000258634.3",227.932568243309,-0.114228902458946,0.0826467409237314,-1.38213438524284,0.166930442306589,0.339162323284058,"AL160006.1"
"ENSG00000258636.2",17.8159850018242,-0.275120062019783,0.169937594035488,-1.61894761180583,0.105458535453392,0.252934871204002,"AL121821.2"
"ENSG00000258637.1",0.995654944845272,-1.5179963458193,0.531345893100483,-2.85688920443436,0.00427815144349144,0.0300959848671723,"AC008056.1"
"ENSG00000258640.3",5.0452602024016,-0.537199460479279,0.210046668475931,-2.55752430817934,0.0105420189794066,0.0556173849783703,"RPL21P5"
"ENSG00000258643.6",6.64470898786686,-0.0327916404131615,0.156150533436721,-0.210000181821025,0.833667531126762,0.909281718644809,"BCL2L2-PABPN1"
"ENSG00000258645.2",7.56787305483011,0.0195249801462916,0.150408071272455,0.129813380233587,0.896714076598715,0.945178168484746,"HSPE1P2"
"ENSG00000258646.1",6.52938728739547,-0.302535687528277,0.154679360695402,-1.95588917725123,0.0504782105386925,0.156652783693577,"AL049780.1"
"ENSG00000258647.6",66.7557168283496,-0.795107174102637,0.245827369386527,-3.23441273478565,0.00121893164132363,0.0126305294536532,"LINC00930"
"ENSG00000258648.1",2.87691052152359,-1.73742431335526,0.337633302500316,-5.14589141677941,2.66253406429322e-07,2.90291925697687e-05,"UBE2CP1"
"ENSG00000258653.3",1.43908898818744,-0.720829461064106,0.408204551265614,-1.76585356245837,0.0774204196726709,0.207132596605772,"AC005520.1"
"ENSG00000258654.1",3.25420264926925,-0.510145799923085,0.252171275432029,-2.02301312490523,0.0430717943581286,0.141446956950599,"AC026495.1"
"ENSG00000258655.2",98.2390471959674,0.135804547652073,0.111501229908798,1.21796457100207,0.223237436467712,0.407872021310478,"ARHGAP5-AS1"
"ENSG00000258657.5",3.26687932142917,-0.0455148152038266,0.328257919689969,-0.138655649943843,0.889722265689938,0.941498694642467,"AL136018.1"
"ENSG00000258659.7",9.60205181720332,-0.0481817948922674,0.16750884005711,-0.287637326339556,0.773624369494956,0.8734978384621,"TRIM34"
"ENSG00000258661.1",50.5652322085202,-0.517123310413261,0.207484263713874,-2.49234954572935,0.0126901081548161,0.0627960420330399,"AL079303.1"
"ENSG00000258667.2",77.1944632564004,-0.223465117466752,0.180172308188178,-1.24028558946671,0.214869780573342,0.398111169493476,"HIF1A-AS3"
"ENSG00000258670.1",3.04659774481639,-1.04428776709788,0.262936969513076,-3.9716277594275,7.13832006124049e-05,0.0017312349979562,"AL049874.3"
"ENSG00000258674.5",8.32463042341611,-0.203038381401858,0.162103869623386,-1.25252026292509,0.210380349518971,0.392721781695267,"AC011448.1"
"ENSG00000258675.2",3.31164340117882,0.0134981227487494,0.216033272872812,0.0624816842759971,0.950179247268467,0.97389691898312,"LINC02308"
"ENSG00000258676.5",23.018936305186,-0.927780160082685,0.236800800859752,-3.91797729025491,8.92951164385106e-05,0.00203344891353443,"AC091544.2"
"ENSG00000258679.1",3.59598571409316,-0.0850541147852276,0.212694180480282,-0.399889242823514,0.68923809570811,0.818038712359991,"AC121758.2"
"ENSG00000258682.1",60.6334361433145,-0.40428216473713,0.111018265385456,-3.64158243090413,0.000270967333575435,0.00445717165846194,"AL132989.1"
"ENSG00000258689.1",21.7273905795085,0.23758094814422,0.222275811205834,1.06885651144565,0.285134330528539,0.477589911795629,"LINC01269"
"ENSG00000258692.2",1.82620642136048,-1.09526173971942,0.386255118316158,-2.83559152431198,0.00457409068669473,0.0314768915320644,"SALL4P7"
"ENSG00000258693.1",1.68658594685945,-1.57090907771194,0.509371046950921,-3.08401721518205,0.0020422577756616,0.0181072937749938,"AL133368.2"
"ENSG00000258696.1",1.00106335405344,0.155267965661815,0.472693357728342,0.328475031694962,0.742552519768662,0.853240872529097,"AL359233.1"
"ENSG00000258699.1",4.98194342361829,-0.901339255026673,0.30503165126299,-2.95490402813826,0.0031276632798797,0.0243463393914039,"AL357093.1"
"ENSG00000258700.6",5.22357982516749,-0.476444491963686,0.440919559341225,-1.08057009917079,0.279888389179744,0.472531650150162,"LINC00871"
"ENSG00000258701.1",112.89742758842,0.195311908521572,0.115024339701039,1.69800503988294,0.0895068106189347,0.22785978329532,"LINC00638"
"ENSG00000258702.3",7.33714347710173,-0.274342820663665,0.212047549502852,-1.29377972679649,0.195741517269661,0.375515805264735,"AL137786.1"
"ENSG00000258704.6",45.5909190586082,-0.388957985447684,0.121828217850227,-3.19267565684873,0.00140961180428497,0.0139424259655554,"SRP54-AS1"
"ENSG00000258708.1",98.0264977555291,-0.212938993011334,0.116277180188185,-1.83130509930418,0.0670550169622663,0.188759844400502,"SLC25A21-AS1"
"ENSG00000258711.2",3.9421021731172,0.427151753728641,0.221309157573526,1.93011332387693,0.0535927979116702,0.162976344617577,"AL358334.2"
"ENSG00000258716.1",1.01411646876871,-1.52448173871443,1.05118803476614,-1.45024647189176,0.146989800069332,0.313035845082776,"AL139193.2"
"ENSG00000258725.2",13.2220440608339,-0.0259668862491907,0.150460019367937,-0.172583297265773,0.862978981732793,0.927050827272518,"PRC1-AS1"
"ENSG00000258727.1",14.651690212921,-0.242491530850718,0.141376110785459,-1.71522281595866,0.0863043832850051,0.222653230024035,"AL135999.1"
"ENSG00000258730.1",4.11677862342379,-1.58513043789214,0.331400453579353,-4.7831269413534,1.72589053325795e-06,0.000111790026310811,"ITPK1-AS1"
"ENSG00000258731.1",2.6282673101501,-0.740640207373876,0.2589961756265,-2.85965692575305,0.00424099533778484,0.029923780911519,"AL356020.1"
"ENSG00000258732.1",10.5742941578514,-0.568789200283007,0.219924171480536,-2.58629688794052,0.00970133286152511,0.0525084931684324,"AC025884.1"
"ENSG00000258733.6",42.0763503050431,-0.00970711138972364,0.12793203962841,-0.0758770939470581,0.939516880695297,0.968366304759816,"LINC02328"
"ENSG00000258734.2",5.01650056211272,-0.112324116809407,0.162228124522715,-0.692383747515245,0.488696369537786,0.667220349847099,"AL049873.2"
"ENSG00000258735.1",4.65758400380745,-0.237661544706196,0.193485710660033,-1.22831574432793,0.219328462928957,0.403542554091947,"LINC00637"
"ENSG00000258738.1",126.796719925027,-0.0881555588764091,0.0834922426788646,-1.05585328705903,0.291035248597856,0.48345344449192,"AL121603.2"
"ENSG00000258741.4",29.059126078901,0.021527369461228,0.10226199590392,0.210511923524883,0.833268146533243,0.909096749329245,"H2AZ2P1"
"ENSG00000258743.6",3.82096463767909,-0.178127512471646,0.355723830497014,-0.500746638825877,0.616549444337029,0.766640342011689,"LINC02301"
"ENSG00000258744.2",139.702356406523,-0.099208962897104,0.082240997055036,-1.20632004048678,0.227694113374357,0.413518444063522,"AL132800.1"
"ENSG00000258752.2",86.0592323887185,-1.00735245328456,0.246783842553429,-4.0819222314624,4.46647436362331e-05,0.0012050432008761,"AL357093.2"
"ENSG00000258754.8",46.1966687997814,-0.0866216713461038,0.23872360148327,-0.362853403718334,0.716714396223918,0.836837076295255,"LINC01579"
"ENSG00000258759.1",2.1327656489982,-0.577395156807341,0.284225397313922,-2.03146925737118,0.0422074150541871,0.139364422235352,"AL049779.2"
"ENSG00000258760.1",9.83964079598011,-0.0452967098388812,0.18544453852674,-0.244260144832195,0.807029348521111,0.893826616776891,"AL355076.2"
"ENSG00000258766.1",1.44538110948815,-0.135601866531713,0.49048336127085,-0.27646578301936,0.782190337047361,0.879096070327711,"DIO2-AS1"
"ENSG00000258768.2",46.0326908428944,-0.215955212249973,0.10662356206758,-2.02539858978916,0.0428264521486089,0.140766222863425,"AL356019.2"
"ENSG00000258769.1",11.0173010697249,-1.06672501594267,0.185091176879755,-5.76324076558045,8.25139526778949e-09,2.00520950839792e-06,"RAP1AP"
"ENSG00000258774.1",6.26550670082222,-0.488568592813572,0.228099673248999,-2.1419083414479,0.0322008585009735,0.115867933532379,"NANOGP7"
"ENSG00000258777.1",5.0945755385814,0.721420449776229,0.177120702786521,4.07304419204874,4.64026155351459e-05,0.00124186678377139,"HIF1A-AS1"
"ENSG00000258779.8",1.68112807657772,-1.08306296911225,0.477684581736076,-2.26731824832196,0.0233707914990649,0.0941201493998744,"LINC01568"
"ENSG00000258785.6",0.495486748770371,0.240659107217787,0.663702763747956,0.362600730873524,0.716903164220705,0.836998774246035,"LINC01580"
"ENSG00000258788.3",9.47767457060901,-0.314497660456057,0.174630924985208,-1.8009276448756,0.0717142850487009,0.197202289767555,"CKS1BP1"
"ENSG00000258789.1",13.8244238372204,0.00658266443043328,0.127871650327438,0.05147868517828,0.95894408609135,0.979282221278423,"AL162171.1"
"ENSG00000258791.9",10.7654926679406,0.858691196700134,0.224973805498953,3.81684967632435,0.000135166464054845,0.00274061942008401,"LINC00520"
"ENSG00000258793.1",2.93974960683621,-0.00745090057613396,0.270738041253422,-0.0275207006065306,0.978044429403019,0.988991750235041,"AL355102.4"
"ENSG00000258794.3",14.3735799973798,-0.144367146746576,0.244023953226695,-0.591610556413126,0.554111403283569,0.719137369879541,"DUX4L27"
"ENSG00000258796.1",0.898466941021238,-0.45570382586631,0.695285551736358,-0.655419668549514,0.512197591483096,0.687025938986157,"AL133241.1"
"ENSG00000258798.1",3.41069695791238,0.103040978520926,0.172712246379858,0.59660493497549,0.550771175642921,0.716282216823428,"AL133153.2"
"ENSG00000258806.2",5.25394952495061,0.00349950432881243,0.243997274182119,0.0143423910801577,0.988556819911823,0.994169552614426,"OR11H7"
"ENSG00000258810.1",17.5510461401514,-0.279220042236319,0.139334162240858,-2.00395967324689,0.0450743804253078,0.145822694344551,"AL133371.2"
"ENSG00000258811.1",11.4749005637498,0.117610818656504,0.182463409528284,0.644572075905842,0.519204535628791,0.69256952231561,"AL583810.2"
"ENSG00000258813.2",8.99918143680279,-0.0596142185605368,0.119183838492488,-0.500187100151958,0.616943340662558,0.766902154600957,"AL442663.3"
"ENSG00000258815.1",9.08867711530631,0.152339560255456,0.517154681452836,0.294572524853668,0.768320453298954,0.870146370435149,"LINC02820"
"ENSG00000258818.4",29.5372458337624,-0.254134645572404,0.156131052921441,-1.62770083732334,0.103588335482314,0.250091838521587,"RNASE4"
"ENSG00000258819.2",54.1317756854268,0.0277448232460961,0.186443108744173,0.148811202693289,0.881702610599852,0.936886410529199,"LINC02289"
"ENSG00000258824.2",12.0550403258791,-0.097459687305607,0.106386282281794,-0.916092612837598,0.359618321994478,0.552810637831848,"AL122035.1"
"ENSG00000258826.6",3.2792261369445,-0.487128441330638,0.24217520433449,-2.011471168856,0.0442757126642657,0.144050747750552,"LINC01147"
"ENSG00000258827.2",1.15800392150776,-1.98695072444763,0.797833017818072,-2.49043431403927,0.012758707737427,0.0630418012321395,"AL079304.1"
"ENSG00000258829.1",0.850343882733233,-2.10272314694411,1.01745399249063,-2.06665182156967,0.0387669739898218,0.131708059815157,"AC026888.1"
"ENSG00000258837.1",28.7096494857911,-1.38103670453115,0.402579434580699,-3.43047007845682,0.000602536421357361,0.0076449104711321,"AL133370.1"
"ENSG00000258839.4",112.321734352742,0.206659139930127,0.108107355866651,1.91161034578479,0.0559261913465185,0.167456667730879,"MC1R"
"ENSG00000258841.1",2.19822432838311,-0.379140783521645,0.2234705748645,-1.69660271269063,0.0897717966185642,0.228324860566987,"EEF1A1P2"
"ENSG00000258843.1",0.912354728772618,-1.35396386728445,0.720628864963209,-1.87886432685925,0.0602630208723971,0.176303756933631,"AL133485.2"
"ENSG00000258844.2",144.911178049913,-0.248305153231702,0.225795123755546,-1.09969227457953,0.271466221891214,0.463388275503701,"AL162511.1"
"ENSG00000258846.1",4.96202967611117,-0.497417666377282,0.179536777147412,-2.77056140964851,0.00559597468959098,0.0361971605479993,"EEF1A1P33"
"ENSG00000258851.1",2.99746887842965,0.0378597171931339,0.206661205052068,0.18319702134513,0.854643431440746,0.922222063860319,"AL139300.2"
"ENSG00000258857.1",3.65060674297607,-0.0301599288611143,0.149603783807746,-0.20159870354531,0.840230458840049,0.913101993281164,"AL359397.1"
"ENSG00000258858.1",1.43410584630977,0.337720510209371,0.341933823518207,0.987677986150993,0.323310379073271,0.516909276006795,"AL583722.3"
"ENSG00000258867.6",26.4019670688855,-0.260568143331896,0.166809495381895,-1.562070209105,0.11827145004775,0.27242364649507,"LINC01146"
"ENSG00000258868.1",2.25044088592265,-1.13183513911076,0.34774465437235,-3.25478803161941,0.00113477026291251,0.0120203329185956,"AL110505.1"
"ENSG00000258869.1",1.91906062000491,-2.10977812971468,0.549329853479192,-3.84063985664052,0.000122714035451296,0.00253916617916719,"LINC02312"
"ENSG00000258870.1",2.45783050015457,-0.450622370700376,0.292313208764693,-1.54157375441463,0.123177207438338,0.279545928237532,"EIF4EBP1P1"
"ENSG00000258872.2",1.80350481653457,-0.600596385251978,0.35251511218191,-1.70374649056761,0.088428458592912,0.226047963139882,"FDPSP3"
"ENSG00000258875.6",54.2803493928574,-0.467258455013857,0.134080415902048,-3.48491203484341,0.000492298855182145,0.00669530465097188,"AL135818.1"
"ENSG00000258878.1",3.9507388901176,-0.391177597143212,0.197993000078327,-1.97571427771922,0.048187146916707,0.152032528884284,"AL355076.3"
"ENSG00000258881.6",4.50420529949992,0.0903593383569638,0.171645441661445,0.526430166058178,0.598589360851264,0.7532636953327,"AC007040.2"
"ENSG00000258884.2",15.7059646649268,0.186981012279403,0.185077521293856,1.01028483076842,0.312358846624769,0.506421382063717,"LINC02321"
"ENSG00000258890.7",1250.42447411419,-0.21651584212033,0.0642478071306291,-3.37001139478751,0.000751650754120471,0.00902095745747845,"CEP95"
"ENSG00000258891.1",8.71082620359998,-1.23936379474922,0.222682538793443,-5.56560833850938,2.6123941487962e-08,5.05665339510882e-06,"AC005480.1"
"ENSG00000258896.1",3.0280060801891,-0.0428737834177451,0.204886269013407,-0.209256499345691,0.834248008468471,0.909836303994578,"SCOCP1"
"ENSG00000258904.1",8.61412789428812,-0.307772401028433,0.153373575915609,-2.00668465340978,0.0447832511189657,0.145148829780347,"AL157871.5"
"ENSG00000258910.3",2.1004873242899,0.923819995103269,0.473013746879754,1.95305105020154,0.0508135463679654,0.157356097035501,"LINC01956"
"ENSG00000258912.2",3.68168499479764,-1.14496533260424,0.276146759119507,-4.14622042371585,3.3800844748154e-05,0.000985404136777839,"LINC02316"
"ENSG00000258913.2",12.6010410313736,-0.636943314054097,0.224945474674089,-2.83154535549973,0.00463236632455214,0.0317532163976353,"LINC02691"
"ENSG00000258917.1",3.34919887651595,-0.904501324222268,0.236114777138871,-3.83076965864904,0.000127743049783091,0.00261719960395596,"ZMYND19P1"
"ENSG00000258919.1",17.1864451279384,0.890123333793668,0.183464052733857,4.85175880794986,1.22371387086556e-06,8.63159023362859e-05,"AL049836.1"
"ENSG00000258920.1",94.2905802760426,0.0528429587762821,0.0895523833314238,0.590078754026187,0.555137851955428,0.719967487836555,"FOXN3-AS1"
"ENSG00000258922.1",6.58025824271784,-0.295672882175618,0.197815394937788,-1.49469095804503,0.134995115162195,0.296449617421303,"AC106028.2"
"ENSG00000258926.2",40.4969327519646,-0.596760144550524,0.181314444604929,-3.29129952029372,0.000997256704093021,0.0110049564000457,"AL355916.2"
"ENSG00000258927.2",5.66471621703273,-1.42410148597228,0.457305648789714,-3.11411304395921,0.00184498787273984,0.0169542316442527,"AL133467.2"
"ENSG00000258928.1",1.87732980432371,-2.14389089414373,0.781106888505531,-2.74468312300455,0.00605693510992871,0.0382281593582666,"AL358333.2"
"ENSG00000258930.1",1.97991272970418,-0.626807914206561,0.599047706327858,-1.0463405628391,0.295403824011614,0.488039285453891,"AC005230.1"
"ENSG00000258932.5",5.26428707793612,0.399344693544871,0.495160893656488,0.806494815444598,0.419957596228312,0.608056373455213,"AL390334.1"
"ENSG00000258938.1",11.9176802607055,-0.197435500060677,0.108663945231928,-1.81693660799153,0.0692268204648226,0.192763113040805,"AL162311.3"
"ENSG00000258940.2",10.1010628985206,-0.0223755306189374,0.122149072662348,-0.183182157107236,0.85465509404635,0.922222063860319,"AL132639.2"
"ENSG00000258944.1",6.83338848467851,-0.108271317218984,0.154331809360318,-0.70154893970175,0.482960504029163,0.662419708793186,"AC004846.2"
"ENSG00000258947.7",68.1318025280829,0.382138251759948,0.183346751298471,2.08423792106282,0.0371385309813565,0.1280134905985,"TUBB3"
"ENSG00000258949.1",8.75281938876398,-0.721418817689385,0.193176046837344,-3.73451486092801,0.000188077385972622,0.00344099651489034,"AL049870.3"
"ENSG00000258951.1",6.57166721578244,-0.305107388718532,0.158932396691626,-1.91973062175944,0.0548919342148092,0.165508268512607,"KRT18P7"
"ENSG00000258952.2",21.0207417283551,-1.02490143460047,0.230135035669945,-4.45347850498681,8.4490170132711e-06,0.000353383320882958,"SALRNA1"
"ENSG00000258955.2",16.2430989139296,0.0524368644892269,0.18691723250149,0.280535206879915,0.779066918220131,0.87724562383475,"LINC00519"
"ENSG00000258957.2",6.37987999621877,-0.0518469321087906,0.158114439938724,-0.32790763531075,0.742981500502946,0.85352759036074,"AL359317.2"
"ENSG00000258960.1",2.54124265496981,-0.00809331847589201,0.18999923891779,-0.0425965836599687,0.96602311886459,0.983060261321076,"FTH1P13"
"ENSG00000258962.2",3.8616329120316,-0.653984339881778,0.329661808196933,-1.9838037759324,0.0472777190461802,0.15022113954996,"AL121839.1"
"ENSG00000258966.1",1.33597710287226,-1.34234499093634,0.858776605729148,-1.56308984429847,0.11803146401405,0.272002029314037,"GTF3AP2"
"ENSG00000258968.2",3.84586223853728,-1.70539414910761,0.364887332734937,-4.67375542013251,2.95741498503162e-06,0.000165099992554662,"AL049830.4"
"ENSG00000258969.2",1.47570465929983,-1.55083988253816,0.6052688400178,-2.56223314336247,0.01040014771162,0.0550918246241791,"LINC02307"
"ENSG00000258976.1",2.27395464339763,0.382925931222066,0.24005436813641,1.59516335484664,0.110675711014409,0.260840235242967,"AC013451.2"
"ENSG00000258980.1",1.48645270096728,-2.61717292118723,0.677544470112819,-3.86273231741001,0.000112125849767545,0.00238835951139531,"EIF1AXP2"
"ENSG00000258982.1",5.49046562194718,-0.123300437851074,0.161189754218156,-0.764939672804498,0.444307468503641,0.629144029205036,"AL133523.1"
"ENSG00000258983.2",5.20393349672548,-0.573495608997509,0.280063596276059,-2.04773350275847,0.0405861191915455,0.135856994394141,"AL162171.2"
"ENSG00000258986.7",19.1636977429746,-0.56692825747824,0.338739942788085,-1.67363864093497,0.0942016395019802,0.235543010434805,"TMEM179"
"ENSG00000258987.2",4.72635168437791,-0.373439223435489,0.204277552375287,-1.82809720937633,0.0675349637090585,0.18959790427234,"AL132642.1"
"ENSG00000258992.7",0.086856558168975,0.32350461771645,2.64973350605742,0.122089492010009,0.902828143783213,0.94834697557894,"TSPY1"
"ENSG00000258998.2",14.1026790275846,-0.583696799060268,0.321752227799273,-1.81411890463867,0.069659421673806,0.193441581932273,"LINC02302"
"ENSG00000259004.2",5.48163306606087,-0.136676930317067,0.143968591355478,-0.949352417983956,0.34244140198237,0.535731478605284,"LINC02285"
"ENSG00000259005.1",23.5661261872043,-0.623265512073302,0.161047574606843,-3.8700707762588,0.000108803761372622,0.00233703459830884,"AC005479.1"
"ENSG00000259013.2",1.30932527769415,-0.956984393437687,0.535177438254805,-1.78816281298849,0.0737497439815475,0.200812773718846,"AL118558.2"
"ENSG00000259015.1",12.20684221766,-0.365860824926272,0.121736603583529,-3.00534772744205,0.00265277385502744,0.0216999508489997,"AL442663.4"
"ENSG00000259017.1",1.60202011228391,-0.997994437341698,0.367477153646976,-2.7157999550101,0.00661158541077055,0.0405265129613914,"AL133163.3"
"ENSG00000259020.3",16.683762927008,0.102448958969836,0.0985466545862903,1.03959854750958,0.298526452019969,0.491486557566058,"AL049872.1"
"ENSG00000259023.3",9.12118099308275,0.825168479358499,0.359465405702567,2.29554351063554,0.0217019958601293,0.0896932747477841,"LINC00524"
"ENSG00000259030.7",29.219580332499,-0.359608654560726,0.185857970611855,-1.93485731807398,0.0530078070821166,0.16184333449593,"FPGT-TNNI3K"
"ENSG00000259032.2",6.82015119311209,-0.0267463822357767,0.162038222354289,-0.165062180065744,0.868895040567313,0.929835832522502,"ENSAP2"
"ENSG00000259033.2",8.66746214055634,-0.242818669539045,0.222472899811428,-1.09145280052025,0.275073689870547,0.467754124889375,"AL356804.1"
"ENSG00000259036.1",2.18506481904028,-0.171445018767824,0.325621084422972,-0.526516945521631,0.598529081389658,0.753242486280127,"AL355102.5"
"ENSG00000259038.1",16.5118969410101,-0.188918848140314,0.172238935234087,-1.09684170935891,0.272710593688378,0.464940280400818,"AL121820.2"
"ENSG00000259039.3",2.86707955962757,-0.15560341371994,0.219942383689155,-0.707473526066055,0.479272258993771,0.659141274042295,"AL161804.1"
"ENSG00000259045.1",10.1927144527759,-0.305324169579789,0.175391091461996,-1.74081914329125,0.0817152853052941,0.21498957175681,"MTCO1P2"
"ENSG00000259048.1",1.4169500681313,-0.21874959080761,0.359737162511212,-0.608081715218377,0.543133278710626,0.711015108843696,"AL392023.2"
"ENSG00000259051.1",6.99997911872288,0.102355900036481,0.130348620439831,0.785247282948643,0.432308597801036,0.618223020771869,"HNRNPUP1"
"ENSG00000259062.2",3.86523296320662,0.0501920320939032,0.154309473071955,0.325268637723222,0.744977764886941,0.85470018699407,"ACTN1-AS1"
"ENSG00000259065.2",106.220385281278,-0.00947296838823113,0.100035002748618,-0.0946965374913429,0.924555868301528,0.960389555028931,"AC005520.2"
"ENSG00000259070.7",35.531044588761,-0.737482792806215,0.166212524028495,-4.43698690647273,9.12268403290559e-06,0.000375892969687532,"LINC00639"
"ENSG00000259072.2",11.9458966327542,-0.29470608196512,0.177446674550931,-1.6608149051592,0.0967506266825135,0.239613078489989,"AL355835.1"
"ENSG00000259073.1",1.27823538965616,-1.19868311643061,0.584390401177568,-2.05116838677573,0.040250551374848,0.135114096281792,"FOXN3-AS2"
"ENSG00000259075.6",4.86970847042383,0.079025563091783,0.157953383404243,0.500309403879856,0.616857233550194,0.766896538141403,"POC1B-GALNT4"
"ENSG00000259078.2",18.2790653952436,-0.197549917685228,0.171505574791734,-1.15185712140915,0.249379790616613,0.439081991062398,"PTBP1P"
"ENSG00000259079.1",3.26688617441938,-1.21147200256476,0.376088073694717,-3.22124546695452,0.00127634779319328,0.0130199872042963,"AC005476.1"
"ENSG00000259081.1",11.9602473741418,-0.293089219893684,0.13289790748442,-2.20537121645835,0.0274280561365234,0.104397794358744,"AF111169.3"
"ENSG00000259083.1",5.45795293083423,-0.0294785681824241,0.145197670158432,-0.203023699693381,0.839116508273634,0.912288005964239,"AL132639.3"
"ENSG00000259087.5",21.8156107167594,-0.977590407744135,0.246769681687723,-3.96154989972082,7.44648153154145e-05,0.00178792268077096,"AL121790.2"
"ENSG00000259088.1",11.8609303653507,0.103442256546988,0.134143986241608,0.771128542137382,0.440630744249452,0.625956620937745,"AL137779.2"
"ENSG00000259090.1",2.23443245855085,-0.695732396316087,0.316089530264314,-2.20106118584287,0.0277316925879966,0.105082551348769,"SEPTIN7P1"
"ENSG00000259091.1",2.61945121115844,-0.111936412940073,0.300189664135755,-0.372885633029163,0.709233565302318,0.831553382210605,"LINC00517"
"ENSG00000259092.1",3.41659605135719,-0.286916445707161,0.201201087383939,-1.42601836519728,0.15386304095328,0.3225185558432,"TRAV30"
"ENSG00000259094.1",43.3672729575703,-0.135047344702953,0.330093862905762,-0.409118011204914,0.68245305908948,0.813759455729533,"AC013457.1"
"ENSG00000259096.1",2.01502190873459,-1.34742648506407,0.290641386033763,-4.63604479544955,3.55139035237464e-06,0.000187676887304141,"SHLD2P2"
"ENSG00000259098.1",2.70556279636441,-0.804157899576533,0.410565723946572,-1.9586581457569,0.0501528351337239,0.156035729381092,"AC025884.2"
"ENSG00000259100.1",4.50315036063724,-0.401125353651472,0.182511093387287,-2.19781354769646,0.0279623956079744,0.105707658229465,"COILP1"
"ENSG00000259103.2",2.27378812922792,-1.42945150270829,0.415004330193188,-3.4444255124829,0.000572274294604622,0.00739337527755982,"AF107885.2"
"ENSG00000259104.2",56.313638042449,-0.262187355883232,0.222393591103261,-1.1789339548076,0.238424475764792,0.426045305733214,"PTCSC3"
"ENSG00000259113.1",3.07606980944717,-1.28494472860884,0.319279981693402,-4.02450764934817,5.7094638418157e-05,0.00145994761663264,"AL118556.1"
"ENSG00000259116.2",21.6401970644085,-0.810867681278739,0.178478786950666,-4.5432160041679,5.54024290661564e-06,0.000258335163991533,"AL049869.2"
"ENSG00000259118.5",8.99651775316601,-0.671586001181041,0.164910221897335,-4.07243403989317,4.65243778098953e-05,0.00124412538989947,"AL139022.1"
"ENSG00000259120.3",161.324898371805,0.00502329327037782,0.155528716309246,0.0322981722577182,0.974234266772893,0.987168955209873,"SMIM6"
"ENSG00000259121.2",2.68646411059957,-0.352184686937507,0.327449897643403,-1.07553763025158,0.282134094068191,0.474662205963529,"AL109628.1"
"ENSG00000259124.1",4.35274190932695,-0.30244532358348,0.156463624012129,-1.93300727560826,0.0532353015329128,0.162274573698523,"AC008050.1"
"ENSG00000259125.1",2.41691865695067,0.0159845010991023,0.261241415543711,0.0611867037461668,0.951210518765577,0.974469788137793,"LRP1-AS"
"ENSG00000259126.1",1.95047928929274,-0.423901752207714,0.343756172948488,-1.23314658925772,0.217521078141848,0.40130171328399,"AL161752.1"
"ENSG00000259129.6",53.818807802139,0.681617585954919,0.397301170251492,1.71561937641274,0.0862317297250514,0.222551393622956,"LINC00648"
"ENSG00000259134.7",24.1816964931458,-0.0367873779413225,0.172092302349829,-0.213765388916357,0.830730016699264,0.907809094471884,"LINC00924"
"ENSG00000259137.1",4.58646809998997,-0.15478864249234,0.200941574414466,-0.770316660170435,0.441112076095539,0.626319701017092,"AL109766.1"
"ENSG00000259138.1",5.83658938797609,-0.376250836977087,0.182663873766938,-2.05979884920839,0.0394177746479679,0.1333810317466,"AL049780.2"
"ENSG00000259144.2",6.4058189826081,-0.695217523485341,0.285547906234455,-2.43467911445485,0.0149050009854921,0.0700497173644817,"RANBP20P"
"ENSG00000259146.4",47.1151380126822,-0.103613930389617,0.131528810177901,-0.787766043420237,0.43083356668516,0.617014751823849,"AC005476.2"
"ENSG00000259151.2",5.73833529611325,-0.376261348345453,0.209376198167212,-1.79705884259568,0.0723262787229714,0.198425788210012,"CAP2P1"
"ENSG00000259153.2",253.048630192214,0.242022436056151,0.146956060126705,1.64690340668823,0.0995779015750421,0.243752240298791,"AC004816.1"
"ENSG00000259158.4",16.8350732235519,-0.568224742373365,0.176647294117435,-3.21671919862871,0.00129665439650257,0.0131815312435909,"ADAM20P1"
"ENSG00000259161.2",2.15231743586761,-2.31584742837437,0.565399186223193,-4.09595111702228,4.20438647286107e-05,0.0011577885760212,"NPM1P20"
"ENSG00000259162.1",4.04265077449484,-0.45110512236825,0.224308531534492,-2.01109212958707,0.0443157263500827,0.144166843597157,"AL355075.5"
"ENSG00000259163.2",4.50003366250312,-0.312871859120441,0.265524957042451,-1.17831431969847,0.238671321107158,0.426159748275619,"AL096869.2"
"ENSG00000259165.1",7.24540471042484,-0.900561683427808,0.198159763048668,-4.54462434539059,5.50333122316279e-06,0.00025697392203753,"DDX18P1"
"ENSG00000259169.1",2.07237311949603,0.384505472660557,0.282469328697983,1.3612291091316,0.173441297824591,0.348463045590133,"GNRHR2P1"
"ENSG00000259175.1",1.43934629729132,-0.213612026167262,0.32902963873863,-0.649218188933272,0.516197356628525,0.690393575864882,"AC108451.1"
"ENSG00000259177.1",2.54469205426716,-0.815932008237278,0.367944485436837,-2.21754107081826,0.0265861397238768,0.102386622305035,"AC018946.1"
"ENSG00000259182.5",9.52044589941687,-0.194067635899072,0.133936947458535,-1.44894772937208,0.147352180520654,0.313373427994256,"AC019254.1"
"ENSG00000259188.6",2.80195050515193,-0.699228721008267,0.347499507199357,-2.01217183484271,0.0442018263864872,0.143899276193835,"AC025040.1"
"ENSG00000259192.1",1.72171218316709,-0.0868308366909582,0.285265946258904,-0.304385566625438,0.760834162612039,0.865111057918122,"AC109631.1"
"ENSG00000259196.1",1.80764065041995,-0.381626550307115,0.406627163434362,-0.938517110081647,0.347978728170812,0.541772156611993,"HMBOX1-IT1"
"ENSG00000259200.2",3.11452679911666,0.440025898716263,0.334300302042833,1.31625935132982,0.188087009124455,0.366319185900912,"AC068722.1"
"ENSG00000259201.1",4.12603296062841,-1.0268167593328,0.271782820669126,-3.77807823469044,0.000158043234556477,0.00303444833223114,"AC090971.2"
"ENSG00000259202.1",2.84510276176317,-1.39083332262683,0.590925154572311,-2.35365394731497,0.0185899083608491,0.0812436097476698,"AC012568.1"
"ENSG00000259203.2",21.6267322270966,-0.655805344726221,0.386605839530005,-1.69631515531033,0.0898262118780853,0.228390822054576,"AC016044.1"
"ENSG00000259205.2",16.6111464742691,-0.350130135607969,0.148771702287029,-2.35347267138514,0.0185989749748205,0.0812618994536352,"PRKXP1"
"ENSG00000259207.9",671.384418947806,0.0391844470243403,0.169113229091522,0.231705391913097,0.816766843205137,0.899801990348781,"ITGB3"
"ENSG00000259209.3",12.8026057911053,-0.368825730606979,0.146747994752562,-2.51332722623482,0.0119598343838277,0.0603392583938134,"AC004943.1"
"ENSG00000259211.1",3.89866135203097,-0.148272412800245,0.148082245336915,-1.00128420164684,0.31668942850877,0.510731502777682,"AC013356.2"
"ENSG00000259212.1",8.84844534423839,-0.435293005245699,0.18903996419033,-2.30265069669309,0.0212985042908412,0.0886253097556527,"AC103739.1"
"ENSG00000259215.1",5.55126898166646,-0.717010202137784,0.158732653070551,-4.51709329030808,6.26942890408787e-06,0.000283597957206247,"AC027237.2"
"ENSG00000259216.2",1.90049779798322,-0.319582528217766,0.251573230513326,-1.27033598752009,0.203964974348102,0.384998633120045,"AC084757.1"
"ENSG00000259224.2",2.97746394357332,-0.191437901008046,0.189883859920601,-1.00818416630089,0.313366057722457,0.507584711479701,"SLC35G6"
"ENSG00000259225.7",110.066876895574,-0.120614734314864,0.173513705876748,-0.695130875716185,0.486973286834462,0.66573035160917,"LINC02345"
"ENSG00000259228.1",2.66677312844797,-0.403360985919395,0.280847857758348,-1.43622596639659,0.150938052511037,0.318573639042091,"HNRNPA1P62"
"ENSG00000259230.1",30.2776276114459,0.78223013229401,0.220257733097628,3.55143095905419,0.000383142497781371,0.00566377089203933,"LINC02323"
"ENSG00000259232.2",2.0016635101959,-0.384611390857307,0.330784161552563,-1.16272613855543,0.244940632978516,0.433927978170261,"AC105129.1"
"ENSG00000259236.1",7.39392398315222,-0.0418353520743657,0.163540487224063,-0.255810367111406,0.798097268406322,0.888455958707047,"GOLGA8VP"
"ENSG00000259237.1",3.19925978085729,-0.701922571923308,0.468188974436201,-1.49922917934702,0.133814187669888,0.295020908966471,"LINC02490"
"ENSG00000259238.1",2.97290405131093,-0.305849772719996,0.263177813992263,-1.16214117018613,0.245178126519715,0.434163893740805,"AC092755.2"
"ENSG00000259240.1",4.04834344967313,0.0548477493719631,0.323790764853492,0.169392568675578,0.865487868379894,0.928188622663697,"MIR4713HG"
"ENSG00000259242.2",2.98212647634027,-0.660632508519858,0.258431906913034,-2.55631170473919,0.0105788308024304,0.0557456495576629,"AC002306.1"
"ENSG00000259244.1",5.96005107549387,-0.402879475986886,0.181751895590619,-2.21664524971084,0.0266473428625538,0.102539295645285,"AC048382.2"
"ENSG00000259248.7",36.1782703963884,-0.390259064238101,0.121349234944345,-3.21599937912331,0.0012999111336045,0.0132039145590591,"USP3-AS1"
"ENSG00000259250.1",45.3548737024458,-0.0171718078746125,0.0883564698002427,-0.194346921209445,0.845904248148658,0.916485734440212,"AC018904.1"
"ENSG00000259251.2",11.1873748704449,-0.130979749265758,0.14133520860199,-0.926731212705855,0.354066107463953,0.547484447671372,"AC104590.1"
"ENSG00000259256.2",1.15736793882884,1.16832885663834,0.582571080296533,2.0054700553341,0.0449128189008616,0.145455494130971,"LINC01895"
"ENSG00000259257.1",1.62287332296971,-0.647255715513559,0.360701916368196,-1.79443381402181,0.0727439538442602,0.199166484813894,"AC037479.1"
"ENSG00000259261.2",6.53743042594681,-0.293876292665081,0.238993283281918,-1.22964247626333,0.218831016503161,0.40289448832825,"IGHV4OR15-8"
"ENSG00000259265.1",1.38034247309128,1.16155766843688,0.487045737290218,2.38490470094135,0.0170835461739186,0.0767767957300584,"AC027088.3"
"ENSG00000259269.2",1.6252912281355,-0.338526002326772,0.323567382736598,-1.0462303074669,0.2954547132402,0.48807054519728,"AC109630.1"
"ENSG00000259274.1",2.40571124400289,-0.754143633743095,0.267392156073701,-2.82036558146168,0.00479689656881845,0.0324797798384529,"AC107241.1"
"ENSG00000259275.4",39.2384037923484,0.0205044499848043,0.129777310507305,0.157997186909264,0.874459015395646,0.933001025495681,"AC087477.2"
"ENSG00000259276.1",3.01673477173617,-0.960209465261082,0.483108627749191,-1.98756430771007,0.0468598970559721,0.149335364476355,"AC087286.1"
"ENSG00000259278.2",6.47252111693478,-0.631680334569074,0.202580798100073,-3.11816490256411,0.00181980952206557,0.0167830798942185,"AC087878.1"
"ENSG00000259291.2",231.848548283554,-0.353322474216628,0.103028127806865,-3.42937877002834,0.000604964623323743,0.00765820806247809,"ZNF710-AS1"
"ENSG00000259293.1",1.72830117395847,0.223797581331975,0.323878520934371,0.690992353201848,0.489570346531472,0.667947936524559,"LIPC-AS1"
"ENSG00000259294.1",4.25310109312548,-0.801251411740924,0.25063967279427,-3.1968259565939,0.00138948736955991,0.0138131391444485,"AC005096.1"
"ENSG00000259295.6",43.5619298377316,-0.39820239659846,0.143539046106141,-2.7741747447869,0.00553419427534217,0.0359021687468759,"CSPG4P12"
"ENSG00000259303.5",2.58779230059393,-1.00180532644702,0.308381704704365,-3.24858871704926,0.0011597903590445,0.0122076791282717,"IGHV2OR16-5"
"ENSG00000259305.6",6.27140395100002,-0.17711882283513,0.134465863820676,-1.31720287813223,0.187770629437867,0.366014140474761,"ZHX1-C8orf76"
"ENSG00000259306.2",5.3446184742945,0.291523620214971,0.356260608685851,0.818287548798399,0.413193014134254,0.602348498974154,"AC020891.2"
"ENSG00000259308.3",3.33368895981422,-0.449551060959934,0.245910064656474,-1.82811167809637,0.0675327926506388,0.18959790427234,"FABP5P8"
"ENSG00000259309.2",2.25607459548826,-1.04575545064891,0.365076382484414,-2.8644839842346,0.0041768927627289,0.0296253282380769,"AC021818.1"
"ENSG00000259314.1",5.19536044387484,-0.39114222486106,0.226043789596276,-1.730382531454,0.0835619527618457,0.217976031755867,"AC103739.2"
"ENSG00000259315.1",10.482530043375,-0.0786975136226702,0.129522096037692,-0.607599135824427,0.543453374119497,0.71112956358221,"ACTG1P17"
"ENSG00000259316.12",4.53944727033011,-1.34449894616221,0.287536840785447,-4.67591889265222,2.92640260031062e-06,0.000164021417124817,"AC087632.2"
"ENSG00000259318.1",15.5480806971765,-0.328511701633124,0.154458485104771,-2.1268608287223,0.0334316483580827,0.119044253188857,"HMGN1P1"
"ENSG00000259319.1",108.830276775159,0.00989391569088043,0.105241885526205,0.0940111975513484,0.925100261773642,0.960708787399166,"AF111167.2"
"ENSG00000259321.1",12.7641366299272,-0.291080758678465,0.116222988588804,-2.50450244149466,0.0122623758950793,0.061391170026297,"AL136295.2"
"ENSG00000259322.1",3.42896797233142,-0.376560643306534,0.188490663666418,-1.99776814395939,0.0457418025039103,0.147050629922147,"AC090607.1"
"ENSG00000259326.1",13.4958478076162,-1.06415922894034,0.185216898516743,-5.745475912092,9.16628060793798e-09,2.14910549493013e-06,"AC116158.1"
"ENSG00000259330.3",1013.34850255646,-0.00945566155660151,0.0754209553192361,-0.125371808359869,0.900229205664283,0.946871732353362,"INAFM2"
"ENSG00000259335.1",2.12275400989629,-1.46165662072837,0.345661351794521,-4.228579831503,2.35171071087205e-05,0.000749919463523719,"HNRNPMP1"
"ENSG00000259336.1",2.49827503889737,-0.949463770726361,0.325947105215276,-2.9129381900762,0.00358045464335516,0.0266917635662036,"AC021231.1"
"ENSG00000259337.4",95.1217851275249,-0.718380505330836,0.227624842866813,-3.15598462928395,0.00159957289683857,0.015263565621796,"IGHV1OR15-2"
"ENSG00000259341.2",18.7390114108826,0.299343050992956,0.164673675357507,1.81779540866553,0.0690954086568483,0.192539964499603,"AC015660.1"
"ENSG00000259342.1",152.545609414906,-0.764294481282682,0.217503315510131,-3.51394404949695,0.000441505797254238,0.00621524418942298,"AC025580.1"
"ENSG00000259343.7",46.3796551411136,-0.773176072823821,0.151978922847751,-5.08739013500162,3.63024557598905e-07,3.57579189234921e-05,"TMC3-AS1"
"ENSG00000259345.7",65.2182955105849,-0.57800824097421,0.191376402114806,-3.02026913761011,0.00252550158692902,0.0210625060955981,"AC013652.1"
"ENSG00000259347.7",8.36124809903956,-0.111907249831212,0.160953583974838,-0.695276532945717,0.486882017881906,0.665698686708102,"AC087482.1"
"ENSG00000259349.2",14.4877230007331,-0.111056153858866,0.126980236188539,-0.874594009212356,0.381794848586866,0.573136258026783,"AC011921.1"
"ENSG00000259351.1",15.9159060028225,-0.754434292980862,0.205697428949602,-3.66768946424559,0.000244752180681304,0.00417659372189783,"AC015914.1"
"ENSG00000259353.1",15.2883969583539,0.661127797072664,0.273398087983401,2.41818734706296,0.0155980436150604,0.0722261009841731,"AC090515.4"
"ENSG00000259354.5",74.0173748663196,-0.248822218643925,0.145083280496757,-1.71503027634867,0.0863396761569075,0.222709137544892,"AC025580.2"
"ENSG00000259359.2",3.39408960747924,-0.483974288193057,0.283453314305158,-1.70742151800004,0.0877437336598581,0.224971284153843,"AC012409.1"
"ENSG00000259362.2",4.09881337686869,-0.501575130325044,0.221972224893197,-2.25963014321445,0.0238442151743037,0.0955059499275858,"AC046168.1"
"ENSG00000259363.6",48.9560834093664,-0.13713624260053,0.133404312645096,-1.02797458254114,0.303961784082186,0.497165299800944,"AC090825.1"
"ENSG00000259364.1",2.39251942050272,-0.301574815045038,0.264163959447278,-1.14161983215287,0.253612076814368,0.443997837376072,"AC013356.3"
"ENSG00000259366.1",56.8851196151233,-0.304722157775091,0.128741684375078,-2.36692691457499,0.0179364744154846,0.0794622811330309,"AC108449.2"
"ENSG00000259367.1",6.08852326484217,-0.630951502372789,0.223905544307864,-2.8179360378198,0.00483334372476809,0.0326336468523026,"AC087286.2"
"ENSG00000259370.2",16.9885965171395,-0.163936470388577,0.192962461325403,-0.849577007167845,0.39556029974919,0.586159055113325,"AC103740.1"
"ENSG00000259374.2",5.07937670624265,-0.766330108786169,0.250069097219593,-3.06447344876537,0.00218053528713908,0.0189497680278573,"NDUFB4P11"
"ENSG00000259376.1",6.49678913428773,-0.202347029505167,0.156688412908228,-1.29139753061179,0.196565866474401,0.376648483023438,"AC090907.1"
"ENSG00000259378.1",4.24165415810104,-0.208101784420756,0.206623626098912,-1.0071538688472,0.313860837640194,0.507884886055384,"DCAF13P3"
"ENSG00000259379.1",1.91065704043052,-1.70475511275068,0.5693045183998,-2.99445210366923,0.00274938218436741,0.0222908099880275,"MTND5P32"
"ENSG00000259380.6",2.75712130373778,-0.017815181106793,0.261876606164583,-0.0680289139519267,0.94576261758897,0.971755495098383,"AC087473.1"
"ENSG00000259381.2",11.343653887076,-0.352034544142277,0.189353383162469,-1.85914050365936,0.0630072254174517,0.181342485334006,"AC090695.1"
"ENSG00000259383.1",0.683182163638334,-1.72839205365303,1.33914952086213,-1.29066398242095,0.196820219139793,0.37691892757096,"AC012414.2"
"ENSG00000259392.2",3.90340961125179,-0.207021548820079,0.193587782529005,-1.06939366790392,0.284892319371478,0.477474555052432,"AC090877.1"
"ENSG00000259394.2",5.68128112937924,0.062622988739611,0.187200258579208,0.334524050420123,0.73798414558949,0.850457118695427,"AC079328.1"
"ENSG00000259398.1",4.13442977262381,-0.901709435853654,0.271739109670493,-3.31829097750065,0.000905700807782534,0.0102632733129693,"AC090970.1"
"ENSG00000259402.1",3.3828294533304,-0.880018343422987,0.316563427770191,-2.77991159503693,0.00543736987138434,0.0354328352178506,"AC090515.5"
"ENSG00000259405.1",5.40266061313189,0.287323104959567,0.146746583623403,1.95795430370581,0.0502353749701603,0.156161189438053,"ISCA1P4"
"ENSG00000259407.1",14.0526465483111,-0.378251683882582,0.154489025847713,-2.44840487411347,0.0143490314228947,0.0682244601862537,"AC021739.2"
"ENSG00000259408.2",7.2682836497368,0.0140279832440002,0.135898774723732,0.103223765427743,0.917785378575042,0.9565435953199,"AC010809.2"
"ENSG00000259411.1",2.37433718871714,-0.300402297782285,0.270132501845381,-1.11205536442346,0.266114346590051,0.457773325463602,"HNRNPA1P45"
"ENSG00000259415.1",1.25773825721129,-1.82933115837278,0.608969877378833,-3.00397643024102,0.00266475967887304,0.0217712500585816,"AC012291.2"
"ENSG00000259416.2",4.56536575057503,-0.169653661474239,0.176616448144138,-0.960576793707139,0.336765001561179,0.530164422024604,"LINC02883"
"ENSG00000259417.3",97.8397645717191,-0.412044641776175,0.241667689417177,-1.70500509509522,0.088193474171541,0.225701137016973,"CTXND1"
"ENSG00000259420.5",4.06748606011894,-0.218401613471359,0.23996989175875,-0.910120898378892,0.362758754377271,0.555783346524485,"AC046168.2"
"ENSG00000259423.3",1.17498358321634,-1.45374937310224,0.628558177638817,-2.31283185044741,0.0207318858938693,0.087155996626988,"AC113146.1"
"ENSG00000259424.1",3.46596634530152,0.129372831715828,0.189003421709513,0.684499944739975,0.493659524255851,0.671298719154109,"IRAIN"
"ENSG00000259425.5",12.5250834754758,-0.866594863943118,0.243785855497542,-3.55473808016666,0.000378355791847672,0.00561673337226884,"AC011767.1"
"ENSG00000259426.6",42.1475824164456,-0.153755063916553,0.102522372219611,-1.49972206639149,0.133686412131618,0.294843951035439,"AC027237.3"
"ENSG00000259429.5",70.9487212767983,-0.225806269670642,0.125962123891458,-1.79265212981976,0.0730285653524965,0.199715789903127,"UBE2Q2P2"
"ENSG00000259430.2",7.79573693449583,-0.205165480483577,0.282618143203514,-0.725945893487232,0.467871940519663,0.649240153972111,"CERS3-AS1"
"ENSG00000259431.6",190.627819918818,0.0255552424624264,0.073982825664017,0.345421281669911,0.729777680183797,0.845095245438579,"THTPA"
"ENSG00000259434.2",0.43289182631489,-0.730531695659774,0.517167520738013,-1.41256298272035,0.157784259663553,0.327786806251009,"AC068875.1"
"ENSG00000259436.1",18.5763597397525,-0.135805754732606,0.15192928484635,-0.893874771213134,0.371388897614266,0.563600405389111,"AC010247.2"
"ENSG00000259438.1",3.578812185506,0.0632211047347603,0.179703928870724,0.351807025767592,0.724982989195059,0.842149913096929,"MAPK6-DT"
"ENSG00000259439.2",60.1702625188198,0.780294671927574,0.337787416933585,2.31001698941614,0.0208872135550316,0.0875517271671466,"LINC01833"
"ENSG00000259440.2",1.35409347781058,-0.480366837289242,0.476965501926318,-1.00713119785223,0.313871730711847,0.507884886055384,"NPM1P43"
"ENSG00000259441.2",1.71356395968518,-0.718770144006018,0.316356840003849,-2.27202340242516,0.023085096886088,0.0933412837780576,"MRPL15P1"
"ENSG00000259447.1",1.20331677182009,-0.9042399092481,0.483285045803415,-1.87102811705023,0.0613411838976234,0.178454389680494,"AC013652.2"
"ENSG00000259448.3",45.9069799841351,-0.331103284257619,0.14314811090041,-2.31301190197313,0.0207219847735487,0.0871412200411464,"LINC02352"
"ENSG00000259453.1",4.70361117125221,-0.613587948048372,0.252260208604276,-2.43236121718632,0.0150007389817145,0.0703705231672849,"AC087286.4"
"ENSG00000259456.4",54.2689850092585,-0.36827593473417,0.0954710126843681,-3.85746337426741,0.000114569840173805,0.00242799089045607,"ADNP-AS1"
"ENSG00000259457.1",11.7792558790562,-3.04007102654477,0.489233748567021,-6.21394381611902,5.16710097526428e-10,2.35655195574622e-07,"AC100826.1"
"ENSG00000259459.6",35.8315092092323,-0.740631437573984,0.214450887368255,-3.45361796662641,0.000553120329403548,0.00722158240267934,"LINC02568"
"ENSG00000259463.1",2.0185611519641,-1.00412740473546,0.577595886325397,-1.73846010421509,0.0821297740212497,0.215744561029625,"AC020661.2"
"ENSG00000259470.2",5.42761212966741,0.526454745251757,0.189479472353915,2.77842627864421,0.00546229066059749,0.035560430771074,"KRT8P9"
"ENSG00000259471.1",7.68983137984248,-0.715388929272316,0.269037851807113,-2.65906423377635,0.00783580221785314,0.0454331876069287,"LINC01169"
"ENSG00000259474.1",2.63844398510338,-0.990233145794512,0.346396172445554,-2.85867230807856,0.00425417996046403,0.0299755372325352,"AC027228.1"
"ENSG00000259475.1",2.73414027044266,-0.191920611843937,0.225650011854829,-0.850523384715832,0.39503416489431,0.585750748961795,"AC036108.1"
"ENSG00000259479.6",71.5863919939587,0.0638876417251554,0.155978014691615,0.409593889571348,0.682103880055744,0.813573764149173,"SORD2P"
"ENSG00000259481.1",1.68968051923164,-0.355065799470476,0.724982907297827,-0.4897574768954,0.624305524379649,0.772676722050991,"AC012404.1"
"ENSG00000259483.1",2.43608539875246,0.0549622596092212,0.270446546922486,0.203227810577201,0.838956976676493,0.912254534574008,"AL355073.1"
"ENSG00000259485.2",26.399379450128,1.31286137617126,0.467501154400464,2.80825269373914,0.00498111243548906,0.033340599509275,"LINC02253"
"ENSG00000259488.2",16.3117057698514,-0.230835132307813,0.145108723053579,-1.59077364510045,0.111660526153725,0.262406571414977,"AC023355.1"
"ENSG00000259490.2",34.2616427255446,-0.32756689210415,0.223418362700976,-1.46615921871456,0.14260491578333,0.307160580554237,"IGHV3OR15-7"
"ENSG00000259494.2",102.360930576514,-0.0277176269741945,0.0799098892008522,-0.346861036242044,0.728695719997429,0.844233242525707,"MRPL46"
"ENSG00000259495.3",103.990593050899,-0.0825561072171474,0.195822130563851,-0.421587217846292,0.673326337712662,0.807530755096097,"AC016705.2"
"ENSG00000259498.1",4.37205324772014,-0.118189773325271,0.237724363934593,-0.497171477795141,0.619068133002227,0.768212113450699,"TPM1-AS"
"ENSG00000259499.1",3.90778494016183,-1.45139462573348,0.305681672476508,-4.74805903139326,2.05378098434867e-06,0.000125923628567073,"AC090519.1"
"ENSG00000259500.1",6.53696195568831,0.554748750071058,0.188926683017649,2.93631762972959,0.00332134048569159,0.0253850754798279,"KRT8P24"
"ENSG00000259502.1",3.43546701300253,-0.470239939545377,0.20226293684261,-2.3248942534207,0.0200776153387535,0.0853914214963108,"AL132640.1"
"ENSG00000259503.1",2.38986963931489,-1.51522786268588,0.329047983277113,-4.60488421048855,4.12695420287784e-06,0.00021073418140554,"AC048383.1"
"ENSG00000259504.2",6.79519337782064,-0.460024188827157,0.241183966257113,-1.9073580883762,0.0564742328000326,0.168615158646735,"AC026992.1"
"ENSG00000259505.1",1.6304269321864,-1.44558255170982,0.424255876615927,-3.40733654237273,0.000656001872562692,0.00813115053731561,"AC009268.1"
"ENSG00000259508.1",4.48281476969458,-0.552305517654976,0.274841043296617,-2.00954526671226,0.04447933912767,0.14453521486885,"AL132801.1"
"ENSG00000259513.1",1.24596295346511,-0.410796727614045,0.418767389593878,-0.980966373748532,0.326609324113352,0.520197455504993,"CYCSP38"
"ENSG00000259514.1",1.86827231542189,0.361320370102274,0.313970477280412,1.15081001638117,0.249810403148529,0.439561215159028,"AC027243.1"
"ENSG00000259515.1",10.3744087612126,0.0876990145508339,0.129336103313202,0.678070641562941,0.497726904269528,0.674652789831667,"AL117209.1"
"ENSG00000259516.2",5.3793193810585,0.0308182439857245,0.143833364990881,0.214263526322133,0.830341559304568,0.907599117959453,"ANP32AP1"
"ENSG00000259518.2",4.80371657187441,-0.137581393682952,0.227221206962076,-0.605495391571944,0.544849885804514,0.712058380690469,"LINC01583"
"ENSG00000259520.6",12.9306543177314,-0.273194523616386,0.151308487282004,-1.80554659242092,0.0709891914486766,0.195860043996088,"AC051619.4"
"ENSG00000259521.1",3.19407973151911,-0.114670843717529,0.245803259481569,-0.466514740119333,0.640847099258233,0.783813366508221,"INO80-AS1"
"ENSG00000259523.1",24.8941898227738,0.232935686665827,0.105792380575624,2.20181912344167,0.0276780876912584,0.104917064044753,"AC022613.2"
"ENSG00000259528.1",1.07088569518447,0.159432861458224,0.443546345298591,0.359450287772962,0.719258260685446,0.838757714975907,"AC068397.1"
"ENSG00000259529.2",7.59176992853886,-0.0657727919084963,0.128536199648652,-0.511706368231545,0.608856528527693,0.761082090721352,"AL136295.5"
"ENSG00000259531.2",6.4635960947148,-0.280201301526539,0.17588353625676,-1.59310704964161,0.11113617813739,0.261599036957589,"AC022306.1"
"ENSG00000259532.1",2.81314581775829,-2.48809617886139,0.443773807745073,-5.60667649923739,2.06248639816179e-08,4.21266010147243e-06,"AC009269.2"
"ENSG00000259536.5",8.05843145866575,-0.0998770427881435,0.153135251597905,-0.652214573365483,0.514262759891943,0.688599986530022,"AC091045.1"
"ENSG00000259541.5",1.67927982717575,-0.796436246336741,0.48326206492918,-1.64804213724794,0.0993440246888283,0.243392494956594,"AP001150.1"
"ENSG00000259544.1",3.18830062433479,-1.51547283980362,0.305331523197535,-4.9633684197854,6.9280983252244e-07,5.6395397931955e-05,"AC021739.3"
"ENSG00000259545.2",1.92015518700312,-0.881008546704275,0.391934163121327,-2.2478483112776,0.0245858640713291,0.0974217058470317,"AC013452.1"
"ENSG00000259547.1",1.07340556479132,-0.479133186130706,0.497762455972767,-0.962573975560985,0.335761362818503,0.529034692490128,"CYCSP2"
"ENSG00000259556.2",15.3945866719065,-0.524980320875775,0.163850905672494,-3.20401232279489,0.0013552667584103,0.0135924379171991,"AC090971.3"
"ENSG00000259560.2",1.11649638682732,-0.902121478812006,0.559711289061136,-1.61176216460674,0.107013704358478,0.255398369835612,"AC020687.1"
"ENSG00000259561.1",2.40289296345091,-0.674596647030001,0.261426205326863,-2.58044768766218,0.00986723046860985,0.0532516946006529,"AC079075.1"
"ENSG00000259562.2",26.633762987377,-0.331711170904798,0.117396519320824,-2.8255622298161,0.00471977191201378,0.0321143196948037,"AC090607.2"
"ENSG00000259563.1",4.49306980812973,-0.376585479712456,0.222594264039578,-1.69180226335705,0.0906836819158651,0.229845733301188,"AC025430.1"
"ENSG00000259564.2",2.75985367497984,-1.63248691094471,0.368299911976257,-4.43249335082642,9.31495760217178e-06,0.000382218092286487,"AC009554.1"
"ENSG00000259570.1",4.68098771666354,-0.493932003697708,0.171217536371524,-2.88482134578742,0.00391635839241493,0.0283345298441145,"AC243562.1"
"ENSG00000259571.2",2.13853530954794,-0.465425165808839,0.562613648003919,-0.827255377575905,0.408092329781652,0.597502877673624,"BLID"
"ENSG00000259575.1",2.22965651492684,-0.759462966905114,0.398167325723899,-1.90739650855165,0.0564692611723285,0.168615158646735,"AC012404.2"
"ENSG00000259577.2",32.5526750433284,-0.258274857296543,0.121545484712199,-2.12492350421818,0.0335929963744764,0.11944104677071,"CERNA1"
"ENSG00000259579.1",2.19161445891599,-0.393291269062181,0.340230936267603,-1.15595387467307,0.247700024272054,0.437048964337776,"AC087762.1"
"ENSG00000259581.3",4.07067175781605,-0.775096654008635,0.232507613769041,-3.33363988148177,0.00085717558380487,0.00988416123564385,"TYRO3P"
"ENSG00000259583.3",105.42091219247,-0.0474051446283694,0.120149858863307,-0.394550148263607,0.69317491056447,0.820833623683591,"AC015712.2"
"ENSG00000259584.1",3.08735880296906,-0.225675965428841,0.169648262079777,-1.33025804486413,0.183433265414396,0.360829761030517,"AC021755.2"
"ENSG00000259585.2",1.89632528681137,-0.421242364055296,0.289459647843376,-1.45527145905749,0.145594124733694,0.311340817956124,"RBM17P4"
"ENSG00000259588.1",0.7282651490728,-0.352225119512976,0.629405105336621,-0.559615923872428,0.575741440958422,0.735680667581222,"AC012050.1"
"ENSG00000259590.1",4.77740522977095,-0.0967744515911841,0.203727698363368,-0.475018627160737,0.634773696557632,0.779403307375742,"LINC02244"
"ENSG00000259591.2",3.52736143372604,-0.973849469700825,0.309960724668242,-3.14184795748931,0.00167885191539756,0.0158160771984524,"AC022898.1"
"ENSG00000259594.6",4.36229391872046,-0.740746725141196,0.256940990734076,-2.88294492453266,0.0039397631754797,0.0284649599395065,"AC023034.1"
"ENSG00000259595.1",4.10225073605362,-0.62146159840044,0.244481755144515,-2.54195491206732,0.0110234392577947,0.0573211269381158,"AC025043.1"
"ENSG00000259598.1",2.00079795397579,-0.987399669821682,0.390619268476882,-2.52778024410262,0.0114786174405516,0.0587844347713095,"AC116158.2"
"ENSG00000259600.2",1.13178641252294,-1.1554480304236,0.682471968704662,-1.69303368256524,0.090449056075049,0.229361074606955,"AC066616.2"
"ENSG00000259605.3",16.7268825912648,0.0370319382366484,0.16461272782838,0.224964003240726,0.822007277751582,0.902697770168005,"AC074212.1"
"ENSG00000259612.1",29.3407058237282,-0.220156162879183,0.136683037997713,-1.61070580596011,0.107243859653769,0.255758844253985,"EEF1A1P22"
"ENSG00000259616.2",2.38451076600524,-0.720401537338297,0.400626068193194,-1.79818937042034,0.0721470034511197,0.198118623053293,"AC104574.2"
"ENSG00000259617.1",3.11693895985522,-0.890143379755706,0.297421215144574,-2.99287116866567,0.00276366384450062,0.0223652553171996,"AC020661.3"
"ENSG00000259621.1",1.87297850394494,-0.481315492384943,0.498238432128369,-0.966034455288536,0.334026940272538,0.527575260804289,"AC069029.1"
"ENSG00000259630.2",9.36378725066299,0.0282991375293653,0.19009245101116,0.148870391111449,0.881655905295613,0.936886410529199,"FABP5P9"
"ENSG00000259632.2",2.47038900754044,-1.54088595259914,0.343669145824952,-4.48363192133631,7.33831999280506e-06,0.000317709327436163,"AC090971.4"
"ENSG00000259635.1",10.0410341879815,-0.39856888059425,0.152884160042432,-2.60699918476597,0.00913395777644913,0.0505648247840573,"AC100830.1"
"ENSG00000259642.2",117.862044542237,0.0462878042488006,0.0906643130536046,0.510540505848572,0.609672844382159,0.761650051621366,"ST20-AS1"
"ENSG00000259644.1",7.66642734881674,-0.794634608940931,0.201302291330956,-3.94746926965919,7.89816520831696e-05,0.00185178601605984,"AC022613.3"
"ENSG00000259647.1",4.94332128630016,0.00755350328624014,0.161492016709894,0.046773230281775,0.962693964815248,0.981442574963838,"AC111152.2"
"ENSG00000259649.4",3.77173179623863,-0.393017257050834,0.242985290602451,-1.61745287575391,0.105780559976024,0.253454637155939,"AC027808.2"
"ENSG00000259654.1",3.57694571573229,-0.114957949781106,0.170361628974472,-0.674787805640973,0.499810588967104,0.676397544418921,"AC115102.1"
"ENSG00000259657.1",9.03113013292041,-0.145196886867003,0.134142486661697,-1.08240789685959,0.279071320895763,0.471575330806117,"PIGHP1"
"ENSG00000259658.5",17.9817957023928,-0.120238279335918,0.118088646999063,-1.01820354785564,0.308581233758405,0.502327157027116,"AC027559.1"
"ENSG00000259659.1",14.0330365876895,-0.288408111149263,0.171581034360026,-1.68088572390874,0.0927851134379468,0.233332939171355,"AC009996.1"
"ENSG00000259660.2",4.27710831799434,-0.413653804427635,0.207949561345431,-1.98920258235363,0.0466788470017234,0.148986564397314,"DNM1P47"
"ENSG00000259663.2",29.6477422905777,-2.08889515358065,0.327360361296121,-6.38102654001868,1.75904816017723e-10,1.00972397235828e-07,"AC010478.1"
"ENSG00000259664.3",2.21832015240638,0.35662427294928,0.344146940561593,1.03625582830208,0.300082807518863,0.493097917710157,"LINC02254"
"ENSG00000259668.6",42.6558058020614,-0.317600287476226,0.144092335121005,-2.20414421911834,0.0275142031994042,0.104569676611617,"AC066613.1"
"ENSG00000259672.3",1.74083690902248,-2.36721626656304,0.387947333840324,-6.10190110892054,1.04814220795303e-09,4.10960939670344e-07,"AC087612.1"
"ENSG00000259673.6",233.092687732747,-0.109308562030199,0.0816699090171602,-1.33841904987591,0.180759872398033,0.357535553216951,"IQCH-AS1"
"ENSG00000259674.1",33.5982081353168,0.300592262554701,0.234892555551239,1.27970110355043,0.20065027636391,0.381249266692366,"AC092868.1"
"ENSG00000259677.1",6.35809181893478,-0.0372003253989895,0.191613431893292,-0.194142576704675,0.846064244410714,0.916599423681817,"AC027176.2"
"ENSG00000259678.1",2.2452684591647,-0.914955916627389,0.285823559726099,-3.20112141037002,0.00136893837705719,0.0136611312770877,"AC066613.2"
"ENSG00000259680.5",33.15348481448,-0.342831724424873,0.219538680445758,-1.56160055134147,0.118382119522026,0.272584266218052,"AC136428.1"
"ENSG00000259682.1",2.95261112103365,-0.783333091456438,0.373012480598222,-2.10001845032145,0.0357272181341067,0.124655865996522,"AC091231.1"
"ENSG00000259683.1",14.5116231421075,-0.182279398862865,0.166728016768046,-1.0932739583681,0.274273533192846,0.466923364351369,"AC243562.2"
"ENSG00000259685.3",3.87826662044013,0.0291788248072684,0.323807236949966,0.0901117130120753,0.928198441451566,0.962215428797079,"IDH2-DT"
"ENSG00000259686.1",1.89052388874103,-0.454972470961514,0.35853013051654,-1.26899368347656,0.20444331691738,0.385600873475873,"HNRNPA1P71"
"ENSG00000259687.2",24.9695586714714,0.156298389855685,0.111818957024054,1.39778078793977,0.1621789053361,0.333391298893188,"LINC01220"
"ENSG00000259692.6",29.2739841109549,-0.323810296349112,0.264304211283046,-1.22514240229922,0.220521571385565,0.405088538740875,"AC104041.1"
"ENSG00000259699.2",7.79070048880677,-0.128248345023436,0.151601107425165,-0.845959156906181,0.397575529345646,0.58792227496245,"HMGB1P8"
"ENSG00000259702.3",4.85465916557595,0.156969734369844,0.269037036918493,0.583450279440147,0.559590218880789,0.723540221259005,"AC024337.1"
"ENSG00000259704.2",17.016006630572,-0.38727830020617,0.156493236524742,-2.47472867713961,0.0133337429260081,0.065085456552076,"AC124248.1"
"ENSG00000259705.1",6.47951780636771,0.218021349686897,0.147033319338993,1.48280233804854,0.138126934705346,0.300365045750066,"AC084757.3"
"ENSG00000259706.1",17.5891118480253,-0.0406425782911058,0.129695494018206,-0.313369239222765,0.754000151673413,0.860632441362553,"HSP90B2P"
"ENSG00000259709.1",4.13560173353983,-0.823042248097333,0.228672637516506,-3.59921614162484,0.00031917782390002,0.0050030071992012,"AC023906.4"
"ENSG00000259711.1",8.85541876266975,-0.285508143274502,0.180900355494635,-1.57826192488035,0.114505449199005,0.266776061594294,"AC106738.1"
"ENSG00000259712.1",10.1973623293441,-0.211769662582871,0.172638502569529,-1.22666531179846,0.2199484104793,0.404383176258661,"AC023906.5"
"ENSG00000259717.1",3.27890920562578,-0.194306182723608,0.214858484545937,-0.904344937246659,0.365812525590597,0.55856707092679,"LINC00677"
"ENSG00000259719.6",4.6539224761999,-0.57277317248562,0.225329835632787,-2.54193223403868,0.0110241545004883,0.0573211269381158,"LINC02284"
"ENSG00000259721.1",4.73128320432908,-0.419598949520578,0.245476482940847,-1.70932443097488,0.0873908702777214,0.224424037376986,"AC090877.2"
"ENSG00000259722.2",1.02310862975189,-0.529955466972521,0.819262944004899,-0.646868591885625,0.517716994767986,0.691319262411434,"AC087465.1"
"ENSG00000259723.1",8.83976036601452,-0.413371579905415,0.305638731997702,-1.35248427842752,0.176220444787182,0.351838516839559,"AL354993.2"
"ENSG00000259725.1",8.65129250203779,-0.720813357587696,0.254510072008968,-2.83216044024497,0.00462346434747236,0.03171178379077,"AC106738.2"
"ENSG00000259727.1",4.84060637510789,0.389520020591628,0.241693758260896,1.61162631337447,0.107043281147387,0.255432336528094,"AC103740.2"
"ENSG00000259728.5",24.9388136033247,0.04372168511213,0.111297224988629,0.392837153995502,0.694439761239545,0.821495342438323,"LINC00933"
"ENSG00000259731.2",0.778021846912396,-1.69211533791232,1.20866634927765,-1.39998547897325,0.161517666904809,0.332595725152264,"AC022929.1"
"ENSG00000259732.1",9.96055508893262,-0.00974175206858305,0.148935272669278,-0.0654093009264187,0.947848118871697,0.972501692551246,"AC092757.2"
"ENSG00000259735.1",3.18283102904902,-1.59388250125226,0.389614534972311,-4.09092156011462,4.29662446251052e-05,0.00117831563616444,"AC092868.2"
"ENSG00000259736.1",10.2592756445998,0.037602394674795,0.127085029559241,0.295883746537326,0.767318863995867,0.869456548287375,"CRTC3-AS1"
"ENSG00000259746.1",6.13461532744291,0.108760460394368,0.1462053292328,0.743888481802131,0.456943944218619,0.639956029567158,"HSPE1P3"
"ENSG00000259749.1",3.67484985871964,-0.193088781923824,0.431888338761585,-0.447080332100409,0.654817059170298,0.794230185105349,"NCAPGP2"
"ENSG00000259754.2",2.62212818465517,0.101578766723311,0.357229788831143,0.284351333229172,0.776141150683324,0.875308511824996,"AC092078.2"
"ENSG00000259755.1",3.09037833906651,-0.11236289521968,0.244929690932161,-0.458755713903224,0.646409600317231,0.787907842987536,"AC090907.2"
"ENSG00000259756.1",0.97298624645518,-1.17861305995285,0.620902236250498,-1.89822646971003,0.0576662553589031,0.170960163816915,"AC100839.1"
"ENSG00000259757.1",6.92727250318791,-1.11049320947655,0.32250438591667,-3.44334296825187,0.000574570158427827,0.00740292735469723,"AC091891.1"
"ENSG00000259760.1",3.22799346282561,-0.243906554375291,0.216436086775058,-1.12692184565683,0.259775526102029,0.450782163583594,"AC015660.2"
"ENSG00000259762.1",4.6621252060534,0.0770304831676626,0.149804273286109,0.514207515432776,0.607106913901098,0.759928459203069,"AC021739.4"
"ENSG00000259763.2",2.85238307960658,-0.268055941306038,0.26109583996236,-1.02665726633056,0.304581878292819,0.497812688954483,"LINC02157"
"ENSG00000259764.1",1.21687381472506,-0.290574288319905,0.468368671960474,-0.620396507528212,0.534996771192255,0.703906398328476,"PCSK6-AS1"
"ENSG00000259767.1",8.13910835444455,-0.441520396650537,0.152610356194814,-2.8931221160831,0.0038143296560421,0.0278000169086274,"AC022558.1"
"ENSG00000259768.6",190.898582153245,0.0467663652820995,0.0872996021265931,0.535699638290259,0.592166153651199,0.748367284903939,"AC004943.2"
"ENSG00000259770.2",0.673998033277957,0.392682801722934,0.402120524168181,0.976530115032628,0.328801831774697,0.522420510894101,"AC015871.1"
"ENSG00000259771.1",6.18801803370622,0.196406559554831,0.170479664785397,1.15208203747979,0.249287363629408,0.438990955090268,"AC092756.1"
"ENSG00000259772.6",135.476791806894,-0.0998400195434212,0.139778260804394,-0.714274301088476,0.475057580073021,0.655371980830028,"AC012236.1"
"ENSG00000259774.1",2.83235563021618,-0.605831613375528,0.257616392866492,-2.35168114355788,0.0186887874844051,0.081566041956813,"AC243562.3"
"ENSG00000259775.1",22.467292177648,0.117402860518833,0.10565594058263,1.11118087512567,0.266490501588756,0.458087033457266,"AL138976.2"
"ENSG00000259781.1",365.558195567683,0.0320921767202508,0.0907159578397376,0.353765505920646,0.723514626197646,0.84126610728873,"HMGB1P6"
"ENSG00000259782.2",2.94684459018604,-0.457871353537763,0.211706698995087,-2.16276270760987,0.0305594352526142,0.112074826819265,"AC008915.1"
"ENSG00000259786.7",7.11236698246384,-0.183516204748855,0.430453143736929,-0.426332592569032,0.669865511749746,0.805265661046553,"LINC02109"
"ENSG00000259790.1",4.24497599329699,0.0637900364746409,0.173294805327545,0.368101261627958,0.712797730195717,0.834077563313862,"ANP32BP1"
"ENSG00000259792.1",7.81343764102991,-0.0532344242504751,0.133102400487496,-0.399950895367031,0.689192684674685,0.818013976858263,"AC104758.1"
"ENSG00000259793.1",6.13427086435518,-0.32428585365735,0.174626932706614,-1.85702084226706,0.0633081888729732,0.181950926463044,"AC013726.1"
"ENSG00000259797.1",3.54564437317812,-0.771960371513015,0.22282586035274,-3.4644110440816,0.000531393857420592,0.00702609042696734,"AC020978.1"
"ENSG00000259802.1",83.4160064543297,0.0930049235883488,0.126416262534911,0.735703790979143,0.461910982079374,0.644244753416522,"AC012640.2"
"ENSG00000259803.7",4566.18121058419,0.0032460505524573,0.196898213381344,0.0164859319783186,0.986846725219306,0.9933479779173,"SLC22A31"
"ENSG00000259804.1",7.27826222726963,-0.39333633983817,0.148225373576859,-2.65363702817193,0.00796294317902343,0.0460021286238464,"AC027682.1"
"ENSG00000259807.2",31.8629798094144,-0.176953706561566,0.172131316024355,-1.02801576522269,0.303942411874878,0.497165299800944,"AC009093.1"
"ENSG00000259810.2",6.96923648942837,-0.818272376859565,0.219805373580746,-3.72271325095231,0.000197093319222369,0.00354885228603046,"AC002519.1"
"ENSG00000259820.1",467.149245852228,-0.580650903880858,0.162361174035618,-3.57629160622771,0.00034850289125326,0.00531990222764548,"AC083843.2"
"ENSG00000259823.6",1.40262330117619,-1.78462321701974,0.370858638259232,-4.81213873134129,1.49323636721578e-06,0.000100037118871413,"LYPD8"
"ENSG00000259826.1",33.7316147669014,-0.0504378235676083,0.0899256170889908,-0.560883819320304,0.574876741223573,0.734942452405975,"AC072061.1"
"ENSG00000259828.1",18.2267871688511,-0.947153841387644,0.311288482335271,-3.04268835866378,0.00234475022316007,0.0199193082877439,"AL355596.1"
"ENSG00000259831.1",11.2037040775809,-1.777942668771,0.277654554439186,-6.40343419672022,1.51920348773181e-10,9.32517027536667e-08,"LINC00567"
"ENSG00000259834.1",561.642595484013,-0.458335433421099,0.156253318127546,-2.93328448261796,0.00335396418367226,0.0255533466156862,"AL365361.1"
"ENSG00000259838.1",3.46952872581363,-0.186533921397614,0.179973043621088,-1.03645478036332,0.299990025172689,0.492994121529904,"ELOCP2"
"ENSG00000259840.1",5.86641468980318,0.140950329328899,0.180467720205794,0.781027926590794,0.434786069839788,0.62053983037579,"Z97653.1"
"ENSG00000259842.2",5.37029247186951,-0.490537827498581,0.273462040323777,-1.79380592245193,0.072844151332927,0.199309691841481,"IGHV3OR16-16"
"ENSG00000259845.1",10.1293862525402,-0.0718662946409835,0.1977314385479,-0.363454062584863,0.7162657227108,0.836606606308261,"HERC2P10"
"ENSG00000259846.1",1.90763591439996,-0.515219323186179,0.355735717269566,-1.44832047549434,0.147527443862144,0.313601787032458,"AC092131.1"
"ENSG00000259847.2",11.5879262672952,0.102110389565477,0.165220226675135,0.618025962198033,0.536558224901269,0.705092405399935,"LINC02126"
"ENSG00000259848.9",1.83345354474143,-1.19327228366424,0.282348996598146,-4.22623171338047,2.37637292831095e-05,0.000754929235708555,"AC097374.1"
"ENSG00000259856.1",40.6052018180523,0.122812948418586,0.0906052241838393,1.35547314765644,0.175266858238509,0.350670643710016,"RAB43P1"
"ENSG00000259862.1",0.923866316232423,-0.294589608274936,0.70971658972106,-0.415080628720711,0.678082879702248,0.811044128396872,"AC026336.2"
"ENSG00000259863.1",32.9650977623726,0.0402253507855882,0.124357768093463,0.323464721201462,0.746343321063851,0.85567713034811,"SH3RF3-AS1"
"ENSG00000259865.1",379.279703293055,-0.234637400200704,0.0875954824350691,-2.67864727355809,0.00739202169790831,0.0437127137457303,"AL390728.6"
"ENSG00000259866.1",1.97085538729196,-1.29304994215269,0.820708430835178,-1.57552901075579,0.115134387534131,0.267660719514966,"AC007599.1"
"ENSG00000259867.6",3.44314322284906,0.0515809852262735,0.184215665789125,0.280003250566753,0.779475011013821,0.877436487073409,"AC105411.1"
"ENSG00000259868.3",6.27270794687188,-0.297495210480267,0.220684074144222,-1.34805926360525,0.177639322220876,0.35361111836769,"AL163952.1"
"ENSG00000259869.2",11.5916638884446,0.0464346872496204,0.162136106325379,0.286393255037431,0.774576940155085,0.874258062466802,"AL022344.1"
"ENSG00000259871.1",9.23467120276026,-0.542298379375637,0.240075208585648,-2.25886872105818,0.0238915521960969,0.0955958892945244,"AC130456.1"
"ENSG00000259876.1",2.71445115488376,-0.426922232529131,0.272601679536303,-1.56610272268068,0.11732457080687,0.270917390475318,"AC010333.1"
"ENSG00000259877.2",166.172772896722,-0.0673739123195267,0.0831925071881826,-0.809855533829819,0.418023210769055,0.606387628544745,"AC009113.1"
"ENSG00000259878.1",2.56561962627666,-0.690985260247108,0.368496535045181,-1.87514723893506,0.0607724702904122,0.177280106315491,"AC126323.3"
"ENSG00000259881.1",13.4714451204392,-0.482484163410407,0.173257542978904,-2.78478013202088,0.00535640302151043,0.0350857695672323,"AC092384.2"
"ENSG00000259883.2",6.29045098905767,-0.727334878055395,0.180683020167868,-4.02547443240458,5.68605585902726e-05,0.00145619890549688,"EHD4-AS1"
"ENSG00000259884.1",46.2947757542397,-0.436077704575219,0.214523679104638,-2.03277188977593,0.042075574366974,0.139080827779951,"NR4A1AS"
"ENSG00000259887.1",6.91419894713464,-0.294866324000131,0.229886586404415,-1.28265997860965,0.199611226980793,0.380273322263191,"FIGNL2-DT"
"ENSG00000259891.1",116.185410616478,-0.215243967636059,0.102597939563513,-2.09793655264211,0.0359107505103355,0.12509957274674,"AC107375.1"
"ENSG00000259895.1",5.46566969392183,-0.401886716038115,0.186925329176467,-2.14998533269247,0.0315563749857198,0.114594938088958,"AC106820.2"
"ENSG00000259899.1",2.6458477304733,-0.305279773255507,0.252762068997481,-1.20777525863087,0.227133720684929,0.412815971326747,"AC010333.2"
"ENSG00000259904.1",4.76254971539805,0.0480652504351815,0.134178646388677,0.35821832854052,0.720179931950882,0.839387181390847,"ACTG1P15"
"ENSG00000259905.7",3.57605033428015,-0.729767420843889,0.309662956043784,-2.35665069586401,0.0184405837873155,0.0808345374174971,"PWRN1"
"ENSG00000259915.2",10.0322391605569,-0.544183644962792,0.155625302265601,-3.49675558563126,0.000470953109834448,0.00648446728110764,"AC017071.1"
"ENSG00000259916.1",2.79346946542568,-0.520540309342479,0.233786874827256,-2.22655916730614,0.0259767505004872,0.100890777852045,"AL845331.1"
"ENSG00000259917.1",33.8248000384975,0.0667077715476901,0.106339245950392,0.627310932586545,0.530455438488267,0.700716075939092,"HNRNPLP2"
"ENSG00000259918.1",4.73043903508068,-0.51296028700937,0.245340632104465,-2.09080853264841,0.0365452309234136,0.126594565927917,"NDUFA5P11"
"ENSG00000259920.1",5.84559212239241,-0.339242259454575,0.147299628248884,-2.3030761413829,0.0212745594313137,0.0885588781128693,"AC007938.1"
"ENSG00000259921.1",7.96848186685099,-0.175538289176448,0.169283366632664,-1.03694942195565,0.299759429355407,0.492712450334711,"AC022819.1"
"ENSG00000259922.1",3.8384339553616,-1.79790833324812,0.380253228412527,-4.72818689996133,2.2653361540596e-06,0.000136383067951368,"AC023825.1"
"ENSG00000259924.1",5.82595454892019,-0.804003032463338,0.231354205069192,-3.47520388584631,0.000510465214414606,0.00684446743555549,"AC011939.1"
"ENSG00000259925.1",67.8392597316466,-0.189345963440938,0.185647708338179,-1.01992082280931,0.307766013145357,0.501294220922132,"AC130456.2"
"ENSG00000259926.1",2.43559566368675,-1.0747762498598,0.326786308567412,-3.28892680532265,0.00100570173977825,0.0110566144095075,"AC007342.1"
"ENSG00000259931.2",1.71547371680701,-0.47795071466178,0.347402269741484,-1.37578466317287,0.16888831107899,0.341873809251099,"AC105036.1"
"ENSG00000259933.6",21.7556588387092,0.250608522104933,0.178758488973522,1.40193913891303,0.160933421627818,0.331823645646556,"AC009065.2"
"ENSG00000259935.1",5.03771918407172,-0.321692782848464,0.232434024977667,-1.3840176061976,0.166353063800649,0.338497360547567,"AC009754.1"
"ENSG00000259937.2",0.616344612591506,0.274200524886524,0.718940724763566,0.381395176878732,0.70291003935115,0.826925227566002,"AC023158.1"
"ENSG00000259940.2",9.52455234211468,-0.065267015526629,0.126818804126485,-0.514647776220426,0.606799173064065,0.759716613642572,"AC109449.1"
"ENSG00000259943.1",250.744494211567,-0.178927239461881,0.0871549217175284,-2.05297917703132,0.0400745970722242,0.134795267763746,"AL050341.2"
"ENSG00000259946.1",1.7542468634723,0.0839287624146616,0.469542017728824,0.178746010464889,0.858137139797887,0.923920866037567,"BX005019.1"
"ENSG00000259950.1",2.62149282149738,-1.25754598836064,0.420267989691497,-2.99224784948232,0.00276931331197782,0.0223837698702786,"AC034105.3"
"ENSG00000259953.2",363.288944689941,-0.0990865031287398,0.0778347714296162,-1.27303647597065,0.203005098604695,0.383883264105765,"AL138756.1"
"ENSG00000259954.1",5.00734393097809,-0.425163116040821,0.173641433874149,-2.44851189347451,0.0143447693988149,0.0682244601862537,"IL21R-AS1"
"ENSG00000259956.2",3152.09221208407,0.080334266511505,0.0486122222393805,1.65255285215961,0.0984219002921841,0.241956535677096,"RBM15B"
"ENSG00000259959.1",149.05474896583,-0.0604617060686923,0.0932091443564377,-0.64866710756922,0.516553569257187,0.690569389361738,"AC107068.1"
"ENSG00000259964.7",3.15581262549372,0.123175353464255,0.410664016215657,0.299941919916281,0.764221458080535,0.867422098863877,"THSD4-AS1"
"ENSG00000259969.1",28.8449439881308,-0.00940391604724909,0.142344650756956,-0.0660644147654387,0.947326541836059,0.972211521705356,"AL049838.1"
"ENSG00000259972.3",214.774057593052,-0.466120410902117,0.131651424304256,-3.5405648922178,0.000399271435307531,0.00579718442899853,"AC009120.2"
"ENSG00000259974.3",871.696983475399,-0.27639623048215,0.233087593765135,-1.18580412632624,0.235699661603049,0.423049697220891,"LINC00261"
"ENSG00000259982.1",6.7326854650673,-0.053977945468493,0.227188177197019,-0.237591348874123,0.812198061006173,0.897014763479135,"CDC37P1"
"ENSG00000259985.1",25.9550547907863,0.43983953387188,0.169251920252871,2.59872699355338,0.00935701574679265,0.0513302233082827,"AC017100.1"
"ENSG00000259986.1",2.76255767028942,-1.23748509307443,0.352446717696749,-3.51112673473437,0.000446211614498945,0.00625767619271836,"AC103876.1"
"ENSG00000259990.2",2.4991147644587,-0.762310374944007,0.31895584133185,-2.39001854225607,0.016847522196969,0.0760949962687119,"AC133561.2"
"ENSG00000259994.1",63.6778010482927,-0.0693692082954204,0.0892985693927346,-0.776823288067863,0.437263035118372,0.622820151800973,"AL353796.1"
"ENSG00000259999.1",2.29355802050819,-1.77565382219975,0.387266954386867,-4.5850899543211,4.53791022496719e-06,0.00022486830707532,"AC009054.1"
"ENSG00000260000.2",70.890638973949,0.0339744327945561,0.0951738531622507,0.356972337104364,0.72111251499804,0.840116141016543,"AL133338.1"
"ENSG00000260001.6",14.8903524934031,0.36242567307651,0.191899338813121,1.88862387602833,0.058942245391955,0.173522342898077,"TGFBR3L"
"ENSG00000260005.6",27.0154998959436,-0.188791632597054,0.129221807572033,-1.46098894717763,0.144018474701918,0.309023400248192,"AC027601.1"
"ENSG00000260007.3",50.9859099542404,-0.246869029641891,0.0921664572535104,-2.67851273661154,0.00739499196561912,0.0437225124332015,"AC107871.1"
"ENSG00000260008.1",2.65177930128142,-0.179122125063982,0.266474983438492,-0.672191148124519,0.501462015539146,0.677887284671354,"AP001527.1"
"ENSG00000260012.1",2.959749041889,-0.938804384128815,0.380907153530041,-2.4646541169639,0.0137145569557598,0.0662697742711338,"AC007494.1"
"ENSG00000260015.1",5.37298863610573,0.0167654976961375,0.246171681845403,0.0681048996799978,0.9457021300347,0.971737440555262,"AC010547.2"
"ENSG00000260018.1",34.7103349872306,0.312031442976856,0.134573297460991,2.31867278920845,0.0204127850252752,0.0863865325850371,"AC040169.1"
"ENSG00000260019.2",3.59121864123001,-0.057439339694646,0.464255862661356,-0.123723455780125,0.901534239322523,0.94776551578598,"LINC01992"
"ENSG00000260022.1",18.5702548353659,-0.310838550933199,0.151471302099579,-2.05212833470495,0.0401571919044658,0.134976066543779,"AL031716.1"
"ENSG00000260025.1",52.3718763456956,0.253437613838582,0.131870720947086,1.92186417135215,0.0546228511332545,0.165038441127094,"CRIM1-DT"
"ENSG00000260027.5",495.505622183877,0.273463971450721,0.178038875051867,1.53597898981924,0.124543533371001,0.281629075524774,"HOXB7"
"ENSG00000260029.2",1.70159639192079,-0.963501894511533,0.716945251769614,-1.34389884322875,0.178981100150699,0.354996321502664,"AC007608.2"
"ENSG00000260032.2",16170.1560722946,-0.137991503699623,0.0534354089419158,-2.58239819685144,0.0098116304752439,0.053011784065611,"NORAD"
"ENSG00000260033.1",2.75309281156394,-1.98153822674756,0.652042951952415,-3.03896886058539,0.00237389390367993,0.0201411951414923,"AC023813.2"
"ENSG00000260034.1",12.3000211401339,-0.628988547729882,0.197346056634558,-3.18723646398788,0.00143639289537967,0.014144285319691,"LCMT1-AS2"
"ENSG00000260037.5",7.379169727493,-0.229118969581176,0.134734361389756,-1.70052366165441,0.0890324695611476,0.22713744077635,"AC104938.1"
"ENSG00000260038.1",10.5149299454189,0.0233418129026462,0.144397132984947,0.161650113268381,0.871581391565582,0.931273765826661,"AC009090.1"
"ENSG00000260046.1",3.81542554711969,0.299008722892892,0.176061154706193,1.69832308206698,0.0894468005661564,0.227741842402038,"AL162632.3"
"ENSG00000260048.2",8.05172283677726,-0.815369880101384,0.267955482276638,-3.04293038968165,0.00234286521883629,0.0199083746122299,"IGHV1OR16-3"
"ENSG00000260051.1",28.5443107578233,-0.160442304203926,0.151422566548744,-1.05956666737833,0.289341784629366,0.481725060542356,"AL031600.1"
"ENSG00000260053.2",0.852655550972957,1.16057074543808,0.408638034508592,2.84009477197521,0.00451001327828707,0.0312198747376574,"ABCB10P4"
"ENSG00000260057.6",8.64327336163772,-0.890159289769157,0.36461107105103,-2.44139402350889,0.0146306817982848,0.0691509496181566,"LINC01571"
"ENSG00000260059.1",1.75806076836874,-1.05327927159617,0.321723491977192,-3.2738649736863,0.00106087291322057,0.0114488304375534,"AC092620.2"
"ENSG00000260060.1",6.49221349453256,-0.265560540894195,0.158067328289632,-1.68004700128542,0.0929481713050654,0.233548940925248,"AC009088.1"
"ENSG00000260062.3",12.5239389521881,-0.705963473831383,0.320557882649704,-2.20229640898533,0.0276443776950487,0.104894941060898,"GOLGA2P11"
"ENSG00000260063.1",37.9048959617429,0.0166996205000086,0.10094033159055,0.165440515568626,0.86859726620886,0.929636698617404,"AL512408.1"
"ENSG00000260064.1",1.44743062939708,-1.23140671248758,0.549707454583921,-2.24011281313193,0.0250835999087483,0.0987775864975598,"AC092332.1"
"ENSG00000260066.1",1.45797779382019,0.1860072924662,0.4024762058537,0.462157240007907,0.64396856473278,0.786212816636293,"AC112176.1"
"ENSG00000260070.1",1.85850143742705,-0.62451831356662,0.247944643367188,-2.51878122908972,0.0117761799522193,0.0597659084068959,"AC006960.3"
"ENSG00000260071.2",2.89027596324835,-0.711567550700841,0.336694835001708,-2.11339015847164,0.0345673876132437,0.121603131425161,"AC012178.1"
"ENSG00000260072.1",1.4055146628185,-1.11000279294003,0.311475524117432,-3.56369186980336,0.000365675180660304,0.00550311719109737,"AC008938.1"
"ENSG00000260073.2",2.81010630812067,-0.171225470299834,0.867997225138065,-0.197264997330606,0.843620169203022,0.915049250361857,"AC023824.1"
"ENSG00000260075.1",5.98564159611625,-0.119423859071247,0.270506750827191,-0.44148199150689,0.658864095954499,0.79701556104095,"NSFP1"
"ENSG00000260077.1",221.515843774315,0.0234334298861083,0.091380938735505,0.256436738453022,0.797613622815737,0.888100846471554,"AC104794.3"
"ENSG00000260078.3",10.8876572499645,-0.160443220505752,0.163211654827472,-0.983037765748737,0.325588851921234,0.518974943601936,"AC007342.3"
"ENSG00000260081.2",38.1453138709686,-0.0727566792252656,0.121477727592348,-0.598930196236637,0.549219434102844,0.715178455417805,"AF274858.1"
"ENSG00000260083.2",55.426251541775,0.0178081230005273,0.0718789151959905,0.247751693969926,0.804326532417806,0.892311598264562,"MIR762HG"
"ENSG00000260086.3",25.135089476843,0.0801693471947032,0.109121862880546,0.734677223046156,0.462536095120938,0.644804212999807,"AC007611.1"
"ENSG00000260088.1",9.31296778863849,0.465340935037323,0.17754428926547,2.620985090326,0.0087676096324009,0.0491414187696167,"DDX59-AS1"
"ENSG00000260093.1",2.1356020709714,-0.698223540058348,0.297350783443735,-2.34814763886596,0.0188670411573865,0.0820776690517271,"AC034111.1"
"ENSG00000260095.1",19.4654877359704,0.0253981906741775,0.118980790970097,0.213464631282883,0.830964573479899,0.907833023064458,"AC106820.3"
"ENSG00000260097.3",27.1219938783055,-0.139162190327175,0.122727721128787,-1.13391000050545,0.256832301792425,0.447631081615958,"SPDYE6"
"ENSG00000260101.1",33.6693170033751,-0.0380739415992896,0.0983221963370936,-0.387236483903946,0.698581142744104,0.823987174427104,"AC008074.2"
"ENSG00000260105.6",16.2869814885203,-0.33879003856923,0.134221205539945,-2.52411708869956,0.0115989288559923,0.0591990101713361,"AOC4P"
"ENSG00000260115.1",8.09577759571164,0.251188472112234,0.421961971901714,0.595286989915628,0.551651650907725,0.717063148154097,"AC012174.1"
"ENSG00000260118.1",29.7482937604919,-0.395846884763439,0.135362983211603,-2.92433629469174,0.00345191594313443,0.0260777484671601,"AL157700.1"
"ENSG00000260121.1",9.51122480361051,-0.161073104676804,0.131070314296121,-1.22890606879068,0.219107025824251,0.403313441187968,"AC138028.4"
"ENSG00000260123.2",5.59695845581789,-0.0968020354231206,0.191923039153418,-0.504379442145765,0.613994761590759,0.765063348090914,"AC013565.1"
"ENSG00000260125.2",1.44852311270195,-0.577031597595743,0.42675103359976,-1.35215043939865,0.176327194446309,0.35194612018591,"AGBL1-AS1"
"ENSG00000260135.7",70.3953651454084,-0.615611652485262,0.187962042541569,-3.27519133204309,0.00105590433147513,0.011413088175924,"MMP2-AS1"
"ENSG00000260136.6",35.5683542566421,-0.134497510685784,0.0926018718720029,-1.45242755861016,0.146382758163075,0.312385178355443,"AC008915.2"
"ENSG00000260137.1",1.80665394152856,-0.940724292482128,0.351987013578299,-2.67261079583228,0.00752635158192792,0.0442449462095042,"AL132657.2"
"ENSG00000260139.6",6.11087365347583,0.0385859740982596,0.164634444156694,0.234373640922519,0.814694920303071,0.898580022582414,"CSPG4P13"
"ENSG00000260144.1",4.94408669364605,-0.202911376825837,0.153013259738809,-1.32610322250636,0.184805508888231,0.362479663450917,"AC100827.2"
"ENSG00000260145.1",6.46682348911152,-0.574306937686401,0.198902537961574,-2.88737863062034,0.00388466445429478,0.0281585311728361,"AC023825.2"
"ENSG00000260146.1",2.03552696859983,-0.396413278423063,0.281405727130472,-1.40868944802701,0.158927016423916,0.329215851032941,"AC132186.1"
"ENSG00000260152.2",2.43245737426398,-1.17614010962843,0.352060256408781,-3.340735252612,0.000835568582879243,0.00971200925781385,"AC113208.2"
"ENSG00000260156.1",4.34327845134982,-0.201585046454796,0.194914747946069,-1.03422162037001,0.301032568971975,0.493951568200294,"AC020763.1"
"ENSG00000260157.3",0.157130788729918,-0.325112242212548,0.934298541870415,-0.347974686508331,0.727859194129607,0.843809171219472,"AC233702.1"
"ENSG00000260160.1",54.53138434589,-0.141315770584784,0.101745823795401,-1.38890978826761,0.164860183696143,0.33666974279551,"AC011468.1"
"ENSG00000260167.1",7.7796448912959,-0.140535906751696,0.142900456705032,-0.983453167275619,0.325384454056752,0.518823018626027,"AC093249.2"
"ENSG00000260171.1",1.45788172431744,-0.975536854782421,0.578007299764469,-1.68775871027916,0.0914575565767955,0.231059070504724,"AC008269.2"
"ENSG00000260172.2",0.999359811278378,-0.00977768832987869,0.410691120727489,-0.0238078883043751,0.981005847877018,0.990616551209268,"LINC01413"
"ENSG00000260174.1",7.27465496363965,0.0610776238237394,0.145506168165016,0.419759688499751,0.67466101619618,0.808607142782757,"SYNGR2P1"
"ENSG00000260179.1",9.23932796736096,-0.223676154879061,0.120583940482372,-1.85494149539556,0.0636045815413493,0.182575636708539,"AL162741.1"
"ENSG00000260182.1",10.1212972115596,-0.225588250864338,0.247313807822028,-0.912153885991987,0.361687715183702,0.554736679486387,"AC120498.2"
"ENSG00000260183.1",2.13784531499282,-1.19390050087407,0.336837591402313,-3.54443960931932,0.00039344862679964,0.0057603716499738,"AC108097.1"
"ENSG00000260186.5",1.90444078228419,0.1159155982023,0.232956091218345,0.497585607639914,0.618776150027754,0.768212113450699,"LINC02137"
"ENSG00000260190.1",9.4082866048809,0.00509828803482708,0.151919351274697,0.0335591746018483,0.973228677864563,0.986742753286939,"AL807752.5"
"ENSG00000260192.3",4.99210679928455,-0.186141374219448,0.266199965575246,-0.699253937983069,0.484393347684975,0.663576831028099,"LINC02240"
"ENSG00000260193.1",29.815122053548,0.09728766673387,0.139019445747645,0.699813369350293,0.484043864367998,0.663259036887986,"LINC02846"
"ENSG00000260194.1",5.67969917445238,-2.59547114022466,0.372949612390959,-6.9593077831218,3.41948719174453e-12,4.37865334902887e-09,"AC007496.1"
"ENSG00000260196.1",67.1450733912757,-0.175864074620355,0.135874573027024,-1.29431188413286,0.195557713159343,0.375278283717448,"AC124798.1"
"ENSG00000260197.1",22.7652356840623,-0.185701813744074,0.455433350738918,-0.407747507824761,0.683459055019285,0.814518983346114,"AC010889.1"
"ENSG00000260209.1",4.69192672500463,-1.20771201607771,0.333592249758765,-3.62032396421398,0.000294234379467458,0.00472321369122955,"AP000842.3"
"ENSG00000260213.6",3.4972045377002,-0.53630924813298,0.190507514390066,-2.81516059799553,0.0048752863730434,0.03285021437315,"AC092718.2"
"ENSG00000260219.2",163.608421311088,0.191961692196844,0.0936524273464029,2.04972468558464,0.0403913046862294,0.135409093436576,"CD2BP2-DT"
"ENSG00000260220.7",144.410237305586,-0.710026449127443,0.204027842532058,-3.48004684221409,0.000501326122426646,0.00677380300079152,"CCDC187"
"ENSG00000260228.6",29.6478761917724,-0.178135273617791,0.139958104740624,-1.27277569203955,0.203097649240981,0.383992846622749,"AC009119.1"
"ENSG00000260229.1",5.0778192364065,-0.791515128894841,0.214509517718414,-3.68988349474478,0.000224356777966104,0.0039066475987581,"PPIAP51"
"ENSG00000260230.5",20.7915675914856,-0.28998245301026,0.258665421510775,-1.12107158087298,0.262257394442503,0.453857195414215,"FRRS1L"
"ENSG00000260231.2",382.196339011072,0.0748031735491209,0.107941672105624,0.692996245934785,0.48831190741049,0.666989101231378,"KDM7A-DT"
"ENSG00000260233.3",74.3783516582423,-0.138582034361999,0.0796382770350902,-1.7401435530924,0.0818338143106726,0.215153848206999,"ZNRD2-AS1"
"ENSG00000260236.1",35.0780699686664,-0.0697309151463852,0.0873982940231592,-0.797852131162967,0.424956304895046,0.612576647855506,"AC099778.1"
"ENSG00000260239.2",2.1153992317753,0.103629446784304,0.298323737524912,0.347372447275168,0.728311529983345,0.843976828759147,"LINC02533"
"ENSG00000260249.3",20.843178283022,-0.135380134416382,0.156792526674586,-0.863434867003295,0.387898415995322,0.578960905753262,"AC007608.3"
"ENSG00000260252.1",4.68780736896567,-0.329499166156859,0.143018119674401,-2.30389804387728,0.0212283675458363,0.0884440045931085,"AC009087.1"
"ENSG00000260253.1",6.52717111123381,-0.301033854791837,0.286403037569556,-1.05108471385792,0.293219684058632,0.485728079478756,"AC084262.1"
"ENSG00000260257.2",297.127128712444,-0.0395670713421105,0.0925819047811968,-0.427373701541583,0.669107159073426,0.804900683842396,"AL035071.1"
"ENSG00000260259.1",24.7598313690347,-0.271425361140176,0.13505085782782,-2.00980108905509,0.0444522454949599,0.144498009106005,"LINC02166"
"ENSG00000260260.1",274.984092890405,0.159918176557422,0.123135559946791,1.29871644410864,0.194041258618525,0.37350922890764,"SNHG19"
"ENSG00000260261.2",99.9219240222932,-0.154420881144204,0.144256729857813,-1.07045876678619,0.284412859347822,0.477002828326391,"AC124944.2"
"ENSG00000260265.1",122.619689737402,-0.294948519242965,0.212169769690954,-1.39015336479172,0.164482311320932,0.336247749547569,"LINC02562"
"ENSG00000260266.1",5.00741599082818,-0.176759746050561,0.179111795457516,-0.986868260680731,0.323707225670548,0.517206581924199,"PPIAP46"
"ENSG00000260267.1",194.781695316452,0.0105659498820345,0.0665470272152597,0.158774183072923,0.873846789684729,0.932616802980404,"AC026471.1"
"ENSG00000260269.5",6.76310159031488,-0.173165599788014,0.171870488251025,-1.0075353922024,0.313677558726085,0.507775655883138,"AC105036.3"
"ENSG00000260273.1",9.40046447289028,0.141774414433263,0.107124777001909,1.32345119776293,0.185685375414906,0.363627033920856,"AL359711.2"
"ENSG00000260274.1",32.9790408348439,-0.0280441467462958,0.0837599552963583,-0.334815684261893,0.737764128387753,0.850380180252509,"AC068338.2"
"ENSG00000260276.2",57.3965055446566,-0.0389901138665673,0.0911641954837448,-0.427691087050941,0.668876039820743,0.804761381615302,"AC022167.2"
"ENSG00000260279.4",130.188063417044,-0.203189372551641,0.138253597372615,-1.4696859713821,0.141646823908971,0.305696008530055,"AC137932.1"
"ENSG00000260281.6",7.08753910992898,-0.37077322639151,0.158819435236121,-2.33455827267155,0.0195665085447302,0.0840877460926425,"ITFG1-AS1"
"ENSG00000260284.1",15.2633324331932,0.660884964164973,0.366272054842565,1.80435541130497,0.0711756083088175,0.196179280356442,"TPSP2"
"ENSG00000260285.1",92.8611195919287,-0.166269116597764,0.11101913933983,-1.49766173280099,0.134221158923473,0.295524439126989,"AL133367.1"
"ENSG00000260286.4",1.67351919363459,-0.448893974570349,0.32604092570276,-1.37680253975107,0.168573305421954,0.341438593606864,"ARMH2"
"ENSG00000260288.4",4.98702745986892,-0.0517986629852156,0.136011795485289,-0.380839491166176,0.703322353804473,0.827322585069156,"AC019294.2"
"ENSG00000260289.2",30.607632069595,0.195974274316826,0.330509205561196,0.592946492924658,0.553216961779813,0.718257620991399,"AC093515.1"
"ENSG00000260290.2",21.6819063956769,-0.0988948357833852,0.156553639503189,-0.63169937215909,0.527583338377954,0.698680317846657,"AC092115.1"
"ENSG00000260293.2",43.1394786512043,-0.489389572788639,0.158077226055197,-3.09588917392664,0.00196223686667772,0.0176657125999866,"AC106820.4"
"ENSG00000260296.1",46.7449617720209,-0.220558793648144,0.122558204349839,-1.79962487879282,0.0719198899835212,0.197625362926822,"AC095057.3"
"ENSG00000260302.3",24.3346271265919,-0.123891237905096,0.214537269468315,-0.577481191086909,0.563614441037381,0.726767713135966,"LINC01882"
"ENSG00000260303.1",2.38014585292441,-0.310521576068142,0.250916625407793,-1.23754882947066,0.215883398084272,0.399322516385337,"AC108206.1"
"ENSG00000260306.1",15.7285598787421,-0.432454938005808,0.156219548387733,-2.76825110857744,0.00563580139770837,0.0363770329456969,"AC092375.2"
"ENSG00000260310.1",15.5224025048674,0.283275937732477,0.237785604105942,1.19130819040781,0.233532619740118,0.420474907198515,"AC027277.2"
"ENSG00000260314.3",6207.92410815538,0.178692936474489,0.180250689280382,0.99135785381952,0.32151087237559,0.515386464153331,"MRC1"
"ENSG00000260316.2",6.46175888681665,-0.0167142733431291,0.181579689132691,-0.0920492452815857,0.926658913564273,0.961628241602406,"AL008727.1"
"ENSG00000260317.1",99.3005565134843,-0.0990733470397022,0.126049647007574,-0.785986707553008,0.431875274575383,0.617895295076847,"AC009812.4"
"ENSG00000260318.1",25.8267841811663,0.138827646828491,0.226566188593291,0.612746534204629,0.540043948189184,0.708112447995845,"COX6CP1"
"ENSG00000260325.2",19.1115389917558,-0.198153815647738,0.182058413388731,-1.08840790139503,0.276415074528929,0.469070139981224,"HSPB9"
"ENSG00000260328.1",34.7916255494972,0.315048694326794,0.208806782583092,1.5088048885645,0.131348651117834,0.291626975849102,"AC104024.2"
"ENSG00000260329.1",42.572950072516,-0.176137565540318,0.103061918321057,-1.70904606094772,0.0874424177313264,0.224498490199393,"AC007541.1"
"ENSG00000260331.1",12.3334412277016,-0.226825911876375,0.112920540832605,-2.00872144433513,0.0445666832074138,0.144700466552021,"AC079148.1"
"ENSG00000260337.4",26.0832273869593,-1.01093670175367,0.222427459022749,-4.54501753603305,5.4930680717179e-06,0.00025685493723554,"AC091544.4"
"ENSG00000260339.1",20.0855261100785,-0.186808924690064,0.118603845367496,-1.57506634048192,0.115241132439501,0.267842337411379,"HEXA-AS1"
"ENSG00000260352.1",8.78001765923802,0.303833453857023,0.140370347977067,2.16451307726801,0.0304249940523983,0.111729464701798,"AC092287.1"
"ENSG00000260360.1",9.42404190322456,0.0447213784617453,0.088622182751513,0.504629620635041,0.613819001340044,0.764930229510933,"AL353708.1"
"ENSG00000260361.1",62.4459053518491,-0.282334805652601,0.117975440230866,-2.39316594284455,0.0167036844295578,0.0756544483952297,"AC106028.3"
"ENSG00000260367.2",16.9273974442384,-0.183272692392749,0.120401595457065,-1.52217827095243,0.127964418131885,0.286966564530877,"AC109460.1"
"ENSG00000260368.1",12.7929424750525,-0.262471474486306,0.144359564079193,-1.81817863028679,0.0690368350776862,0.192467204006147,"AC027373.1"
"ENSG00000260369.2",5.27281157866805,0.169212325328828,0.147073062961781,1.15053240832279,0.249924654034666,0.439669300225952,"AC120024.1"
"ENSG00000260372.7",31.3386150212343,-1.2062124479095,0.216412192379492,-5.57368064454675,2.49412768883234e-08,4.91343154699971e-06,"AQP4-AS1"
"ENSG00000260375.1",1.08506188828295,-0.364648637806598,0.479973178915516,-0.759727113566033,0.447417718239051,0.631982600234913,"AC126323.4"
"ENSG00000260377.1",1.87334972650067,0.449997577338622,0.438784437753589,1.02555500747119,0.305101384422511,0.498417094778147,"AC083801.2"
"ENSG00000260378.1",2.09362555086892,-1.69024145140337,0.56872489551191,-2.97198428403944,0.00295881829312941,0.023427703381403,"AC109597.1"
"ENSG00000260381.2",2.31745225899961,-0.458514612700424,0.248317400875668,-1.84648603393687,0.0648216653923557,0.18476949536881,"AC007610.2"
"ENSG00000260382.1",3.37546488210176,0.124653174523814,0.23487581809704,0.530719490553572,0.595613177632142,0.75104153023925,"AC087481.1"
"ENSG00000260386.6",7.09197679477699,-0.583655411788693,0.304080049474436,-1.91941369648376,0.054931998930709,0.165508268512607,"LDC1P"
"ENSG00000260388.2",9.38459773568351,-0.211081857602521,0.134513013803216,-1.56923000707813,0.11659435462648,0.269702504160911,"LINC00562"
"ENSG00000260390.1",2.36592058211946,-0.413210485147413,0.313322396919929,-1.31880289825885,0.187235015087444,0.365222366844755,"AL360014.1"
"ENSG00000260392.6",1.86287023972943,-0.535726654119111,0.337212146494173,-1.58869322973326,0.112129668189289,0.263063423509689,"AC090518.1"
"ENSG00000260398.1",17.6206026862275,-0.247686219794654,0.190599512371291,-1.29951129839281,0.193768518594714,0.373264785602836,"AC068700.1"
"ENSG00000260400.1",57.1988884838782,-0.0365521704217743,0.123647523205971,-0.295615872231309,0.76752345083628,0.869539479014698,"AL513534.2"
"ENSG00000260404.3",354.46584874031,-0.0883690513818005,0.0979702366288172,-0.901998958281656,0.367057421108894,0.559726788817154,"AC110079.1"
"ENSG00000260412.1",7.10771414387216,1.0014121756223,0.324367697576782,3.08727466730949,0.00202000854145782,0.0179770500857405,"AL353746.1"
"ENSG00000260417.1",3.7096988029583,-1.5691683857468,0.289326904832587,-5.42351353965772,5.84387865172476e-08,9.30910296420443e-06,"AC092127.1"
"ENSG00000260418.1",57.16152219743,-0.0419063681719309,0.125876563129892,-0.332916367669555,0.73919741392215,0.851036406699186,"AL023284.4"
"ENSG00000260423.2",44.4036477908652,-0.353036128644217,0.178666941980234,-1.97594543641584,0.0481609573447457,0.151983199324987,"LINC02367"
"ENSG00000260425.1",12.3615627648809,-0.206514525265256,0.134432983332219,-1.53618940937213,0.124491932697524,0.281608229059565,"AL031709.1"
"ENSG00000260428.3",91.3099818256312,0.145755403342854,0.153154431124207,0.951689104082454,0.341254676883965,0.534578269303056,"SCX"
"ENSG00000260430.2",25.8200409217425,0.0328414629432295,0.177846651467234,0.184661688439381,0.853494397503888,0.92162003684798,"AC099518.1"
"ENSG00000260433.3",3.89681913963753,-0.130099289955156,0.274786728058692,-0.473455508110887,0.635888236137028,0.780225069864748,"LINC01917"
"ENSG00000260439.1",7.31280506392356,-0.520762023286568,0.197271766089942,-2.63982035345665,0.00829499846720204,0.0472966918939129,"LMF1-AS1"
"ENSG00000260442.5",9.35347916965782,-0.00199793287532832,0.157772468485025,-0.0126633809720607,0.989896353874382,0.994916809344598,"ATP2A1-AS1"
"ENSG00000260448.6",12.7535961262815,-0.0212209841785314,0.115815369567389,-0.183231157123611,0.854616648343129,0.922222063860319,"LCMT1-AS1"
"ENSG00000260452.1",2.326979280212,-1.54347829705151,0.375608101935636,-4.10927849824709,3.96897197019345e-05,0.00111041162860211,"TPRKBP2"
"ENSG00000260455.2",12.2769763170984,-0.262410746772514,0.165267664301646,-1.58779243284738,0.112333283168467,0.263429738432612,"NBAT1"
"ENSG00000260456.7",16.1958059141888,0.0949750233969833,0.0876062990516497,1.08411180959704,0.278315227272211,0.470970517708287,"C16orf95"
"ENSG00000260458.3",1.27074990019735,0.182722042397229,0.439273085742063,0.41596457494899,0.677435925610024,0.810648920686311,"KCNJ18"
"ENSG00000260459.2",69.6484746225944,-0.12752219115082,0.135049610265049,-0.944261822751986,0.345035869860835,0.538474626882144,"FTLP14"
"ENSG00000260461.1",3.27811025295381,-0.237184828195353,0.187924615181366,-1.26212751834796,0.206902904672863,0.388408142389265,"AL133355.1"
"ENSG00000260464.1",17.2542223368602,-0.0713474122549083,0.0913405077247088,-0.78111468867616,0.43473504348932,0.62053983037579,"AL049796.1"
"ENSG00000260468.1",13.7627618882481,-0.177753722070864,0.168952921509728,-1.0520902537967,0.292758143256288,0.485325741344998,"LINC01290"
"ENSG00000260469.3",1.61716927086035,-0.293029521150562,0.322696276297194,-0.908066013382473,0.363843345471876,0.556592473003999,"INSYN1-AS1"
"ENSG00000260473.2",9.92898110289213,-0.662444207253029,0.216387089989888,-3.06138507285248,0.00220315552049892,0.0190815964474429,"AC068987.2"
"ENSG00000260476.1",1.29010775169452,-0.0271993809496514,0.647839874266881,-0.0419847280632907,0.966510872622243,0.983137474314135,"AC104794.4"
"ENSG00000260479.1",1.97995428516884,-1.22467233212499,0.345892802257294,-3.54061236352068,0.000399199612262209,0.00579718442899853,"AC009145.1"
"ENSG00000260484.1",1.92255585410853,-0.69176429520283,0.375528592653175,-1.84210818759603,0.0654593264139929,0.185886843594427,"AC131902.1"
"ENSG00000260487.1",3.21238760204114,-0.199196379898497,0.237668144575818,-0.838128223931801,0.401958693057692,0.591835412777968,"AC116348.1"
"ENSG00000260490.2",8.63649703385978,0.135562966117098,0.111222521706259,1.2188445652682,0.222903193155028,0.40761807704318,"MYL12BP1"
"ENSG00000260493.1",5.47317579343451,-0.127488701392814,0.183786302219751,-0.693679016624307,0.487883528047592,0.666520570344213,"AC011773.4"
"ENSG00000260494.1",3.07090705621127,-0.309691318757971,0.191051429645424,-1.62098404253103,0.105021061050096,0.252211390119399,"AC002310.3"
"ENSG00000260495.1",18.7315938680669,-0.367900542908442,0.173874855429953,-2.11589273215329,0.0343539317063681,0.121146642124787,"AC009148.1"
"ENSG00000260496.3",2.59796850563071,-0.225243650758783,0.208973278259504,-1.07785862687704,0.281096851384692,0.473674664630485,"AC009041.1"
"ENSG00000260498.6",3.24991051458432,0.03919404414049,0.240694171475211,0.162837529053031,0.870646358702263,0.930870315539372,"AC126696.3"
"ENSG00000260517.3",12.4647212362036,-0.0246448674571028,0.163208606459097,-0.151002254058699,0.879973937806909,0.935796221656672,"AC009093.2"
"ENSG00000260518.2",3.77303534682216,0.260597592333659,0.266522839573286,0.977768332165778,0.328188916832308,0.521820221027653,"BMS1P8"
"ENSG00000260519.1",2.38397653848535,-0.519689331118531,0.226943896569873,-2.28994627735461,0.0220244311056831,0.090615346614126,"AC096734.2"
"ENSG00000260526.1",30.1548529240535,0.042968155361755,0.076854391673106,0.559085231518279,0.576103553331866,0.735860947672274,"AC109347.1"
"ENSG00000260528.5",29.2835234215509,-0.0904135115182548,0.131662824234683,-0.686704937736236,0.492268684759736,0.670122051199087,"FAM157C"
"ENSG00000260536.1",6.43332457634819,-0.524611346424218,0.204853325584403,-2.56091203268296,0.0104397786496101,0.0552226804228583,"AL035071.2"
"ENSG00000260545.1",2.94127799166614,-0.340018737071359,0.208985383704681,-1.62699769258429,0.10373758785127,0.25032510780114,"AC026771.1"
"ENSG00000260549.2",161.722098750841,0.453742007281334,0.165863722052745,2.73563140671017,0.00622607220725079,0.0388974708192908,"MT1L"
"ENSG00000260552.1",12.6726981083085,0.169288099159335,0.119565141363534,1.41586500236403,0.156815033419341,0.326690626846263,"AC023043.1"
"ENSG00000260555.1",6.24548134894589,-1.06080683652071,0.215102585718265,-4.93163219297662,8.1545353468539e-07,6.37297993668561e-05,"AC092681.2"
"ENSG00000260558.2",7.00275102900155,-0.903538466904288,0.236125125382025,-3.82652403230051,0.000129965466487875,0.00264806626424775,"AC018557.2"
"ENSG00000260563.3",158.534314480579,0.000156945207058166,0.10051671422743,0.00156138417639737,0.998754196178366,0.999234409753473,"AC132872.1"
"ENSG00000260564.1",0.853734954712748,-0.149080962550738,0.597355458540883,-0.249568260269836,0.802921246619907,0.891674498998,"AL161912.2"
"ENSG00000260565.7",533.911945793343,-0.356068516202472,0.124118039698221,-2.86878939651491,0.00412046058941584,0.0293626914390885,"ERVK13-1"
"ENSG00000260571.1",4.15553319720019,-0.138631367934873,0.176779853943955,-0.784203430662546,0.432920752457436,0.618859193283187,"BNIP3P5"
"ENSG00000260572.1",22.1878280442062,-0.0703199845152876,0.125650238207809,-0.559648636710002,0.575719123213689,0.735680667581222,"AC069224.1"
"ENSG00000260573.4",30.8451119237949,-1.64211426848384,0.481276316215434,-3.41199891446305,0.000644883700501703,0.00804007894659289,"AC007493.1"
"ENSG00000260577.2",18.1241384366137,0.104199827271082,0.147112559211346,0.708300010751534,0.478758970433627,0.658697384570504,"AC126773.4"
"ENSG00000260578.1",16.6024729358731,-0.0654573530318289,0.163095076382583,-0.401344752298232,0.688166319180719,0.817390822090814,"AC110597.1"
"ENSG00000260581.1",4.73664471351823,-1.00815298821551,0.237484064879675,-4.24513951589261,2.18457453136723e-05,0.000711654010497153,"AC011374.1"
"ENSG00000260583.1",7.48865461381294,-0.0684985902315552,0.16323462000445,-0.419632736178685,0.674753769913793,0.808681525247098,"AP000223.1"
"ENSG00000260585.1",2.67679620976681,-0.62861479690653,0.402338813616163,-1.56240157706047,0.118193415818496,0.272290467746125,"AL359851.1"
"ENSG00000260586.2",2.52999638118641,-0.111299451177107,0.384415282911693,-0.28952920480707,0.772176434219499,0.87264871345089,"AC064799.2"
"ENSG00000260588.1",28.3423810835939,0.269858582639999,0.132193217183816,2.04139507600272,0.0412115734974775,0.137246865704863,"AC027702.1"
"ENSG00000260589.1",19.488968795612,-0.0868381957465578,0.134650585630994,-0.644915098880708,0.518982206482501,0.692440772669495,"STAM-AS1"
"ENSG00000260592.1",15.4450127240373,-0.704480764912901,0.193209815736734,-3.64619552183011,0.000266151498355991,0.00440060132750562,"AC130456.3"
"ENSG00000260593.1",3.42741965481198,-0.0842968078662032,0.205604369508693,-0.409995215897585,0.681809456990161,0.813368800287851,"AC009097.2"
"ENSG00000260594.1",1.14260454676037,-2.1643478996889,0.763697783928168,-2.83403716134454,0.00459639866196479,0.0315716733345974,"AC099313.1"
"ENSG00000260597.1",12.291014576691,0.061745880547707,0.3134313566473,0.196999691441813,0.843827779244934,0.915159236901478,"AC012531.1"
"ENSG00000260601.1",2.6551480396636,-1.31383760655277,0.423260175228924,-3.10408983278942,0.00190865369316039,0.0173430151218311,"AC131391.1"
"ENSG00000260604.2",70.5213481372487,0.531823668940205,0.21521016514828,2.47118284851358,0.0134666942905788,0.0654425124823002,"AL590004.3"
"ENSG00000260608.1",4.66929910592444,-0.249451173596884,0.19490244397755,-1.27987709392509,0.200588364743943,0.381204769049862,"AC024270.3"
"ENSG00000260611.1",4.90148197112705,-1.26747581136471,0.543048967800936,-2.33399911705444,0.0195957681531256,0.0841808914996143,"AC106785.2"
"ENSG00000260613.2",4.22446778730589,-0.427305075182762,0.178944023193467,-2.38792594218571,0.0169437557367936,0.0764055221382481,"Z98885.2"
"ENSG00000260615.1",8.59875686537785,-0.0367780213041183,0.131100335552192,-0.280533388028414,0.779068313456945,0.87724562383475,"RPL23AP97"
"ENSG00000260616.6",1.9079049159861,-0.857518360032905,0.374959812928015,-2.28696071010024,0.0221981164970852,0.091048650060054,"AC007728.1"
"ENSG00000260618.1",35.7155267848805,-1.03435792728069,0.167659745475503,-6.16938743612626,6.85550598651356e-10,2.99728710186124e-07,"AC025917.1"
"ENSG00000260619.1",4.52009717974404,-0.00664191358241516,0.15415107664505,-0.0430870398505804,0.965632150406778,0.982995977683894,"AC068870.1"
"ENSG00000260625.3",12.5892282043808,-0.0760090606628696,0.125281578453132,-0.606705803050725,0.544046170355343,0.711622565105898,"AC026471.2"
"ENSG00000260628.5",9.0312648886225,-0.0881280198892408,0.138379112634792,-0.63685926446014,0.524216518761172,0.696327025180167,"AC142381.3"
"ENSG00000260630.7",113.728061347012,-0.0177541612241854,0.0753233784261212,-0.235705853815347,0.81366092718041,0.898064356471866,"SNAI3-AS1"
"ENSG00000260633.1",13.3801459141954,-0.320093209706335,0.169165377996345,-1.89219102335024,0.0584655339640823,0.172546141500416,"AC010207.1"
"ENSG00000260635.1",6.4357341549892,-0.880725438720897,0.21274256902167,-4.13986463908494,3.47510814072401e-05,0.00100431228584309,"AC092338.1"
"ENSG00000260641.1",30.9384188138534,-0.0896582596262286,0.153445641247783,-0.584299813909013,0.559018617359085,0.723025788731441,"AC114811.2"
"ENSG00000260643.2",25.3730752040133,0.0838941267628162,0.0853954065235365,0.982419666094025,0.325893141704045,0.519310791497285,"AC092718.3"
"ENSG00000260644.6",1.92215269748935,-0.13607512947252,0.30341848091119,-0.448473438611504,0.653811551391236,0.793328521775218,"HERC2P5"
"ENSG00000260645.2",13.5067054076959,-0.43975894577529,0.142883806419878,-3.07773817617244,0.0020857808452667,0.0183952057434342,"AL359715.2"
"ENSG00000260646.1",6.78339407743605,-0.321572527123755,0.15900447040002,-2.02241186247626,0.0431338205825983,0.141566865995312,"AL031705.1"
"ENSG00000260647.1",9.50747589297385,-0.013362685426194,0.10656380648247,-0.125396097111004,0.900209977782411,0.946871732353362,"AC127537.1"
"ENSG00000260653.6",13.0510193800304,0.0432721983352619,0.3164579352055,0.136739179275634,0.891236959797043,0.942325714638051,"AC237221.1"
"ENSG00000260658.6",5.72175071340089,0.101807853322109,0.358650531847648,0.283863661926357,0.776514865028361,0.875317738323657,"AC138305.1"
"ENSG00000260661.1",5.24275368739732,-0.749348548646988,0.213821284110247,-3.50455545978586,0.000457370293204926,0.00637389249546739,"AC116903.2"
"ENSG00000260664.2",1.99877390447734,-0.902329524011993,0.369755257593641,-2.44034264687495,0.0146733368377343,0.0692738802238637,"AC004158.1"
"ENSG00000260668.1",8.91429541669486,0.209631686086755,0.116156043752053,1.80474196017072,0.0711150704476773,0.196077353243438,"AC093536.1"
"ENSG00000260669.2",9.31981308101484,-0.131394258372473,0.104840205364013,-1.2532811998628,0.210103387875188,0.392380775931375,"AL096870.2"
"ENSG00000260671.2",10.4330140820443,-0.0910256555950951,0.247335818641341,-0.36802455905948,0.71285492189036,0.834091982002441,"AC010536.2"
"ENSG00000260672.1",3.52744327990918,-0.399055678718994,0.224564137555125,-1.77702318394911,0.0755644254296647,0.20393289895241,"AC100827.4"
"ENSG00000260677.1",1.46010993004624,-0.603205554898325,0.332973663914948,-1.81157136515278,0.070052452791615,0.194142640796611,"AL445531.1"
"ENSG00000260681.1",3.86817303104421,-0.367978395141698,0.270285933961893,-1.36144115880473,0.17337431658796,0.348349494397281,"AC130456.4"
"ENSG00000260685.1",2.96337287790906,-0.0866323363734043,0.244912190923853,-0.353728150675601,0.723542623651419,0.841268055023714,"AC027104.1"
"ENSG00000260689.2",4.20903136327439,-0.675420829177021,0.229645702375611,-2.94114290922935,0.00327003630742392,0.025090877802043,"HNRNPA3P11"
"ENSG00000260691.6",2.29969806387401,-0.430546683011755,0.277482109903945,-1.55161960949769,0.120753268270715,0.275868974167085,"ANKRD20A1"
"ENSG00000260695.1",30.2839899112938,-0.605880656451486,0.18962779639682,-3.19510466273418,0.00139780139736853,0.0138668062939781,"AC022164.1"
"ENSG00000260698.1",15.9902111865286,-0.301053470447616,0.118901060119193,-2.53196624273848,0.0113424910422545,0.0583656188979568,"AL591848.2"
"ENSG00000260701.2",1.871382902777,-0.782003815517931,0.35322584900742,-2.21389181373729,0.0268362220146275,0.102992315796311,"AC025284.1"
"ENSG00000260704.1",29.509372935636,0.551898080854395,0.237258240565706,2.32614926056299,0.0200105893954357,0.0852750247378734,"LINC00543"
"ENSG00000260706.5",0.436655291299119,0.655194355233934,0.857245262791943,0.764302100778074,0.444687233770605,0.629489862405917,"AC022166.1"
"ENSG00000260708.1",116.685875798389,0.135708652058446,0.11434852087226,1.18679849134251,0.235307114073099,0.422550148265139,"AL118516.1"
"ENSG00000260710.1",10.5441413029381,0.531603891680818,0.301991260412364,1.76032872923184,0.0783520857602747,0.2089368034615,"AC120498.4"
"ENSG00000260711.2",523.565257837524,-0.461790503455074,0.152653402076511,-3.02509146323265,0.00248557948845671,0.020807744005328,"AL121839.2"
"ENSG00000260719.1",11.353792560409,-0.420636785181221,0.164334811547943,-2.559632869135,0.0104782792247465,0.0553559743302896,"AC009133.3"
"ENSG00000260723.1",2.12600614144769,-1.39580991888666,0.482504045586139,-2.89284604275401,0.00381768380053891,0.0278122859455891,"AC007598.1"
"ENSG00000260725.1",1.88812531847163,-1.68710630672502,0.401297705659886,-4.20412647002498,2.62092369485302e-05,0.00080766804451794,"AC005307.1"
"ENSG00000260729.1",6.82929139051259,-0.16591905507709,0.155416924990505,-1.06757391504964,0.285712755314711,0.478169947352973,"AC009690.1"
"ENSG00000260733.1",2.45211902093316,-1.47650227873134,0.390542205007134,-3.78064716130839,0.000156421227135728,0.00301199069695188,"AC046158.1"
"ENSG00000260734.6",0.875104057172814,-0.452212566661333,0.897431360195915,-0.503896550442156,0.614334074762996,0.76535860101803,"TLE7"
"ENSG00000260735.2",5.70743303493421,-0.315939138373813,0.166635570959168,-1.89598857287938,0.0579615555703911,0.17159114970701,"AC139256.1"
"ENSG00000260737.6",1.30801588019816,-0.671948513715473,0.308846170869972,-2.17567377255382,0.0295796626879332,0.10967766008123,"LINC01227"
"ENSG00000260740.2",3.14500345390173,0.185101183833509,0.249453697190133,0.742026219368582,0.458071449955925,0.640840846103993,"AC026471.3"
"ENSG00000260742.1",22.9414330835512,-0.140394157860716,0.12581645616035,-1.1158648252005,0.264480000307199,0.456116687398475,"AC009962.1"
"ENSG00000260743.1",11.4135004661262,0.154336970949681,0.122351362423956,1.26142421213826,0.20715604952555,0.388664207205079,"AC007823.1"
"ENSG00000260744.1",3.87842423657378,-1.60571325288454,0.350771579775195,-4.57766063577219,4.70204690842719e-06,0.000230917536435632,"AC007494.2"
"ENSG00000260746.2",0.681966036954151,-0.532805840964928,0.632908233971935,-0.841837429766405,0.399878957610401,0.590010832488396,"KIF18BP1"
"ENSG00000260747.1",5.59188866117619,-0.0328771986065159,0.185272018867136,-0.177453664118018,0.859152058226861,0.92457327661043,"AC022968.1"
"ENSG00000260751.2",37.7123208350643,-0.287278760147916,0.118410187956418,-2.42613211840903,0.0152607135540727,0.0711855503029925,"AC008870.2"
"ENSG00000260757.1",4.53538836437071,0.128633305192155,0.213839468805098,0.601541454956554,0.547479409390386,0.714148293467104,"AC093520.1"
"ENSG00000260761.1",2.06087983789159,-0.395995365529835,0.526065157844365,-0.752749653963948,0.451600365780104,0.635127879549701,"AC106754.1"
"ENSG00000260763.1",10.3422408768147,-0.0382216931609814,0.461670020842601,-0.0827900696069077,0.93401846532571,0.965419769750809,"AC106799.3"
"ENSG00000260773.1",10.2007200574855,-0.118702707405948,0.131347813388332,-0.903728081525052,0.366139604939058,0.558892788215256,"AC055855.1"
"ENSG00000260774.1",31.485334197217,-0.264769542508039,0.13868938415304,-1.90908297794352,0.0562513882414527,0.168188367195571,"AC021087.3"
"ENSG00000260776.6",2.73477109581983,0.135675603561026,0.218783388217011,0.620136677956782,0.535167806368465,0.70402014293604,"AC104758.2"
"ENSG00000260777.1",3.28439696444429,-0.738713819232519,0.267390958927593,-2.76267313672545,0.00573301468586624,0.0367847622001124,"AC061975.1"
"ENSG00000260778.5",28.9920605971147,-0.089014270673207,0.112298479566558,-0.792657843781838,0.427977197727984,0.615133872829108,"AC009065.4"
"ENSG00000260781.1",0.882532938087903,-0.957185568502286,0.393928197622976,-2.42984781053525,0.0151051640437639,0.0706910636082418,"ARHGAP23P1"
"ENSG00000260782.1",3.34216378499934,0.000858887025677836,0.228073229128874,0.00376583884464808,0.996995302429259,0.998517336404953,"AC007225.1"
"ENSG00000260790.1",3.98901257142898,-0.40653352507667,0.249146516137813,-1.63170463460063,0.102741723265261,0.248787562198729,"AC092338.2"
"ENSG00000260792.1",5.27038070286112,-0.070185685913249,0.174020257499169,-0.403319055619626,0.686713525152646,0.816663385069766,"LINC02280"
"ENSG00000260793.2",119.316284523422,-0.153210237524752,0.104536686426477,-1.46561214787029,0.142753979903738,0.307320287936316,"AC003102.1"
"ENSG00000260796.1",6.11571328532083,-0.131983309927767,0.16523833340381,-0.798745104776781,0.424438227145722,0.612068345664769,"AC145285.3"
"ENSG00000260802.1",27.2282435529574,-0.57040929071495,0.258360485086242,-2.2078039160073,0.0272579449770062,0.10407076971771,"SERTM2"
"ENSG00000260804.3",241.077333466949,-0.092838456955136,0.104894640270835,-0.885063876623528,0.376122180935887,0.567786653578042,"LINC01963"
"ENSG00000260805.2",76.261381705608,0.00681160362893593,0.117542201339571,0.0579502812718108,0.953788231722484,0.975919589364333,"AC092803.1"
"ENSG00000260806.1",39.5591844979417,-0.281489339343338,0.125652574408593,-2.24021943575943,0.0250766804865319,0.0987775864975598,"AL163051.1"
"ENSG00000260807.7",64.9748815280196,-0.227064177926556,0.168215499348086,-1.34984100042229,0.177066990111368,0.352811329597498,"CEROX1"
"ENSG00000260808.1",4.94464709608382,-0.34809387097439,0.148423962875689,-2.34526732900894,0.0190134415603959,0.0824559736707387,"AP003096.1"
"ENSG00000260810.1",20.0835463743458,-0.380112507465293,0.141689011514469,-2.68272396992817,0.0073025235925443,0.0433056622691652,"AL135818.2"
"ENSG00000260816.2",26.1685806494268,-0.528302161557086,0.19050950577762,-2.77310131796661,0.00555248303143512,0.0359858348439282,"AC027279.1"
"ENSG00000260828.1",3.6734245768836,-0.0581136782602567,0.208752506980938,-0.278385534625284,0.780716422508116,0.87844302257641,"HMGB3P32"
"ENSG00000260838.3",5.70669555373726,-1.92866263951446,0.324764660262337,-5.93864688958625,2.87384095024602e-09,9.4731472036179e-07,"AC022893.2"
"ENSG00000260852.1",146.935015928837,-0.0936169629738083,0.113495115362694,-0.824854555851487,0.409454169106803,0.598777983847176,"FBXL19-AS1"
"ENSG00000260853.2",127.747006960667,-0.261400462803477,0.115026276669965,-2.27252824633706,0.023054623939994,0.0932747107588067,"AC109460.2"
"ENSG00000260855.1",48.2878113032219,0.0398702966164377,0.154546251259168,0.257982942268698,0.79642007183761,0.887783334728626,"AL591848.3"
"ENSG00000260859.1",1.74003233753763,-0.748597518207186,0.338005866739436,-2.21474711497913,0.0267774269946103,0.102873399138191,"AC025280.1"
"ENSG00000260860.2",2.07571517849909,-0.611469027464186,0.331715478552776,-1.84335391924408,0.0652773534293481,0.185591710309418,"AC126773.5"
"ENSG00000260862.1",0.937754405000814,0.0272992387004871,0.550810853074369,0.0495619114040973,0.960471499605359,0.980137245558965,"AC099506.1"
"ENSG00000260865.1",1.86527764856269,-0.910711912415587,0.347859493413952,-2.6180453017904,0.00884350637436355,0.0494414531225149,"AC010287.1"
"ENSG00000260868.1",5.85913665774684,0.189740298200578,0.140149076603751,1.3538462243104,0.175785442901847,0.351243833305197,"LINC01960"
"ENSG00000260871.1",5.71477444689487,-0.107181690106302,0.15810629812762,-0.677909048378243,0.497829362530245,0.674752318648177,"AC093510.2"
"ENSG00000260874.5",8.87988663553543,-0.0589139485533485,0.131147560155134,-0.449218792051178,0.653273832598841,0.79293615183613,"AC106820.5"
"ENSG00000260876.6",13.3032767072381,-0.403953693768299,0.163998988623171,-2.46314746913766,0.0137723257101104,0.066433213541974,"LINC01229"
"ENSG00000260877.2",35.6743429039973,0.352407728970021,0.304386107164537,1.15776548493892,0.246959752104449,0.436222540360103,"AP005233.2"
"ENSG00000260884.1",23.7661952800749,-0.455612694824988,0.146523306305462,-3.10948958437477,0.00187410892050485,0.0171414033764747,"AC009120.3"
"ENSG00000260886.2",3.51496888220965,-0.0863227274483667,0.156789591016482,-0.55056414707589,0.581932492075282,0.740408853084509,"TAT-AS1"
"ENSG00000260891.1",14.2165209489627,-0.378432266028579,0.173632105040752,-2.17950629545014,0.0292940775062323,0.108948194539489,"AC020978.3"
"ENSG00000260895.1",1.91558694178517,-0.318430357101311,0.269036414219549,-1.1835957523633,0.236573122634431,0.424122417041004,"AP003071.1"
"ENSG00000260896.6",1.36288535355622,0.427269140177179,0.357896547161573,1.19383420590612,0.232542828386812,0.419221372407757,"ARLNC1"
"ENSG00000260898.6",15.2812276814688,-0.36839412542875,0.130421676816647,-2.82463877493812,0.0047333945696586,0.0321610011036008,"ADPGK-AS1"
"ENSG00000260903.3",9.59172759501325,-1.08092764284908,0.324618341039675,-3.32984155912794,0.00086895414896593,0.00997933441929035,"XKR7"
"ENSG00000260908.1",115.80053091666,-0.058551145682125,0.264060289015361,-0.221734005898626,0.824520956104861,0.903978769251318,"AC009093.3"
"ENSG00000260910.2",15.064697871389,0.283602889889484,0.148144634183621,1.91436491407421,0.0555735453677857,0.166703457017955,"LINC00565"
"ENSG00000260911.2",12.9793535865115,-0.226666858771647,0.138634342090617,-1.63499790422411,0.102049486963961,0.247710670195228,"AC135050.3"
"ENSG00000260912.1",237.475219461502,0.058329928455053,0.0943722742383276,0.618083318705944,0.536520417715199,0.705092405399935,"AL158206.1"
"ENSG00000260916.7",1086.68054014384,-0.11213024381572,0.0804148059377399,-1.39439799062048,0.163197454559593,0.334635832495953,"CCPG1"
"ENSG00000260917.1",207.836556935578,-0.102150945920167,0.095426894290858,-1.07046285724038,0.284411019060923,0.477002828326391,"AL158212.3"
"ENSG00000260918.1",4.31715293519422,0.249094023050127,0.253387901869501,0.983054128521158,0.325580799057589,0.518974943601936,"AC107398.3"
"ENSG00000260920.2",143.462174121976,-0.112909282580794,0.101466926388703,-1.11276931902181,0.265807515495377,0.457410948125682,"AL031985.3"
"ENSG00000260922.2",3.39811690690713,-0.10618793454597,0.296174168776199,-0.358532058973076,0.719945180716543,0.839234852994501,"AC009139.1"
"ENSG00000260923.7",11.4039642829804,-0.136523277342113,0.11849606309742,-1.15213344455057,0.249266241775159,0.438990955090268,"LINC02193"
"ENSG00000260924.2",28.2615392605349,-0.0276625803739926,0.125006247560141,-0.221289582832122,0.824866960633406,0.904134819791223,"LINC01311"
"ENSG00000260927.2",12.3649228173331,-0.236085700990028,0.11158483038804,-2.1157508611971,0.0343660023408174,0.121169833113298,"AC009107.2"
"ENSG00000260930.2",2.5832604315983,-0.511808454492182,0.430724263595348,-1.18825080857997,0.234734611665467,0.421908947048447,"LINC01416"
"ENSG00000260932.1",3.22264800671008,-0.0576625155789346,0.220530195766026,-0.26147220056936,0.793728384766693,0.88611089511225,"AC009119.2"
"ENSG00000260941.1",25.9077472287033,-0.0627797648337237,0.146720989407726,-0.427885369960692,0.668734579019412,0.804719714435728,"LINC00622"
"ENSG00000260942.1",117.468253428189,-0.118512380173747,0.10853115005214,-1.09196650101664,0.274847825639212,0.4675402812665,"CAPN10-DT"
"ENSG00000260943.1",88.6220950269931,-0.422276405385901,0.267625664676927,-1.5778621452306,0.114597283170013,0.266859295557058,"LINC02555"
"ENSG00000260947.1",13.7594729867116,-0.115965887202588,0.203372983111207,-0.570212844540795,0.568533345333021,0.730169373381641,"AL356489.2"
"ENSG00000260948.1",38.6174818094545,-0.23603938300084,0.132277787780306,-1.78442191211171,0.0743551331229088,0.201785576056489,"AL390195.2"
"ENSG00000260949.1",6.39374398139479,-0.35696250709695,0.190995614271907,-1.8689565645668,0.0616288576442003,0.178922984044839,"AP006545.1"
"ENSG00000260951.2",4.86232617676206,-0.91243949809292,0.347023579662243,-2.62932996939572,0.00855533029048459,0.0483094659703364,"AC005100.1"
"ENSG00000260953.1",4.37188142413615,0.235263906884582,0.183557009281047,1.28169394242181,0.199950030750172,0.380616867615513,"AC009093.4"
"ENSG00000260955.2",5.6340140195,-0.396823912128132,0.206727746682951,-1.91954838426563,0.0549149691385495,0.165508268512607,"AC100821.2"
"ENSG00000260957.1",1.35963778347685,-1.1685364210288,0.454448827709127,-2.57132673643232,0.0101309694995706,0.0541700104509336,"AC126323.5"
"ENSG00000260958.3",2.50221706572065,-0.0606711977551357,0.782516415040821,-0.0775334505308374,0.938199181679746,0.967851310868645,"AC023824.3"
"ENSG00000260963.2",3.83034080105209,0.622575303537078,0.347824293158789,1.78991322855319,0.073467861877523,0.200390424831097,"AC026462.3"
"ENSG00000260969.2",4.53630975260653,-1.76172028412434,0.353830938824923,-4.9789888074091,6.39173385361676e-07,5.30673304709384e-05,"WWOX-AS1"
"ENSG00000260971.4",7.04772819546163,-0.606164335165111,0.204791662273932,-2.95990729522131,0.00307731628173285,0.0240622607443638,"AC119674.1"
"ENSG00000260976.2",3.81110578206806,-0.513830170523874,0.485929631889645,-1.0574168291111,0.290321394277159,0.482728371356414,"LINC01633"
"ENSG00000260978.1",2.16355278684441,0.0890094041166128,0.382332540273341,0.232806247809766,0.815911861166932,0.899356164542136,"AC126407.1"
"ENSG00000260988.1",5.8852837851064,-0.0659733878527077,0.156112934849905,-0.422600394490936,0.672586838743354,0.807016283466718,"AC090260.1"
"ENSG00000260992.1",62.5834115826658,-0.160907903598594,0.107182874591609,-1.50124639044893,0.133291845251053,0.294256707376387,"DOCK9-DT"
"ENSG00000260996.1",10.9111052239676,0.303180212390534,0.127706625149696,2.37403668004812,0.0175948025095282,0.0784496799182699,"BX255925.1"
"ENSG00000260997.1",236.238665968247,-0.00878661719295111,0.190006382642909,-0.0462438001857252,0.963115932296424,0.98160223883992,"AC004847.1"
"ENSG00000261000.1",4.58492973795047,-0.0582689676536407,0.176004434782668,-0.331065337788742,0.740595133078034,0.85192958061598,"AC244034.2"
"ENSG00000261002.5",9.40325440500496,-0.673455896986464,0.175957605929834,-3.82737588084152,0.000129516656281187,0.00264053768375356,"AC036103.1"
"ENSG00000261003.1",2.6332788389147,0.0678905871949863,0.234993457461571,0.288904158985315,0.772654720970326,0.872828231041838,"AL008628.1"
"ENSG00000261008.7",58.0493052089173,-0.200544670260424,0.175476614903279,-1.14285695772603,0.253097985824505,0.44330762005762,"LINC01572"
"ENSG00000261019.1",8.12581731074525,-0.444022697135986,0.167549686175188,-2.65009566578191,0.00804689818620097,0.046334379334692,"AC010132.4"
"ENSG00000261024.7",2.81387404037763,-0.676721524357286,0.335001513642891,-2.02005512452301,0.0433776699437817,0.142115766064657,"GS1-279B7.1"
"ENSG00000261026.1",9.02186946873173,0.130846901839968,0.207464728206005,0.63069468709901,0.528240173594633,0.699244566795998,"AC105046.1"
"ENSG00000261039.3",28.4480998909165,0.400065343226606,0.213720544157185,1.8719086871329,0.0612192375399142,0.178250554025933,"LINC02544"
"ENSG00000261040.7",157.236813136414,0.0282604577876235,0.179861861811866,0.157123124952324,0.875147812863567,0.933347090805226,"WFDC21P"
"ENSG00000261046.1",0.415599890103106,1.51376834930318,1.2291962700314,1.231510692157,0.218131920172929,0.402029784007824,"C2orf69P1"
"ENSG00000261049.2",4.46670790793851,-1.29426376426317,0.264124229486802,-4.90020838594759,9.57350581683683e-07,7.27695728675682e-05,"AC007347.1"
"ENSG00000261051.1",41.2541077612524,0.457634709557299,0.162458746238505,2.81692872900451,0.00484852835636844,0.0327162656198976,"AC107021.2"
"ENSG00000261056.2",7.94416580642019,-0.8891568071664,0.240402643068097,-3.69861493958091,0.000216779179525691,0.00381863980103112,"AC079416.2"
"ENSG00000261061.1",155.815352667739,0.260812623069253,0.105911042697244,2.46256307583344,0.0137947906281713,0.0665030356767606,"AC092718.4"
"ENSG00000261064.1",8.9441482695796,0.0977942168444455,0.117473522309689,0.832478799662071,0.405138739838985,0.594616648979868,"LINC02256"
"ENSG00000261067.7",9.81652601129988,-0.120639111600799,0.127369703091473,-0.947157044985492,0.343558760096555,0.536874057727979,"AC109460.3"
"ENSG00000261068.2",97.5015036378418,0.196128318438199,0.165175842240467,1.18739106020523,0.235073404608357,0.422267123104891,"AL512274.1"
"ENSG00000261072.2",3.68884114899769,-1.24521277092587,0.537473589802886,-2.31678875864866,0.0205152416975242,0.0866662041879273,"AC084783.1"
"ENSG00000261079.1",5.38480068720571,-0.0140955600202125,0.124922829469064,-0.112834139925586,0.910162051423357,0.952218810315884,"AC009053.2"
"ENSG00000261080.1",1.09807345012724,-1.50478747200552,0.597928321594352,-2.51666866689482,0.0118470180516461,0.0599791319941385,"RUNX2-AS1"
"ENSG00000261083.3",11.4981488162092,-0.450076292811784,0.226215599786011,-1.98958998953889,0.0466361197823672,0.148888369039614,"LINC02516"
"ENSG00000261084.1",0.713476875272362,-1.57217461954081,1.04201402558814,-1.50878450858992,0.131353860861775,0.291626975849102,"PPP1R1AP2"
"ENSG00000261087.1",151.639095322328,0.236718764925116,0.10589802880804,2.23534628160278,0.0253946238386034,0.0995248041740578,"ZNNT1"
"ENSG00000261089.1",11.7766728730861,0.0139701833631502,0.18924637221035,0.0738200854261141,0.941153544769957,0.969268062646392,"CDC37P2"
"ENSG00000261092.1",3.51767169941431,2.31061739286225,0.541506405738711,4.26701765366959,1.98103488519388e-05,0.000662194723220481,"LINC02178"
"ENSG00000261094.2",72.4093239378293,-0.175440621682502,0.0932803593394893,-1.88078844169107,0.0600007030754806,0.17576800769837,"AC007066.2"
"ENSG00000261096.1",5.1867105971434,-0.324767007909801,0.185038638621007,-1.75513076798507,0.0792369425611478,0.210465909313772,"AC073476.2"
"ENSG00000261098.1",110.344685047274,-0.327632996688966,0.109778198797398,-2.98449965729199,0.00284042519606662,0.0227668800879695,"AP000766.1"
"ENSG00000261101.2",16.0222941224158,-0.410707901100894,0.151858242480622,-2.70454796784114,0.00683973937838326,0.0415311769331596,"AC234775.2"
"ENSG00000261102.2",0.714806695835141,-0.513745050299561,0.855087979902899,-0.600809580270208,0.547966822451035,0.714449164670542,"ATP5MFP6"
"ENSG00000261103.3",1.91697017165278,0.305098979048369,0.347745357666852,0.877363197873833,0.380289395825034,0.571859749557491,"AC009063.3"
"ENSG00000261104.1",44.2817882761399,0.361952615590465,0.23989820979338,1.50877580913259,0.13135608475755,0.291626975849102,"AC093904.4"
"ENSG00000261105.6",48.0893369420055,-0.217748543415653,0.12744986254712,-1.70850355633101,0.0875429470680925,0.22468141664647,"LMO7-AS1"
"ENSG00000261114.1",22.5775233668167,-0.316048620712094,0.142050010280932,-2.22491093162926,0.0260872180212236,0.10116735580438,"AC012181.1"
"ENSG00000261115.6",207.286940412267,-0.630432095879353,0.221738496603959,-2.8431332652415,0.00446723872873968,0.0310302063417338,"TMEM178B"
"ENSG00000261117.1",2.82308511891334,0.275632559310366,0.225033710062694,1.22485008683177,0.220631709408876,0.405156729252604,"AC009486.1"
"ENSG00000261118.1",23.330344215378,-0.0676999367073862,0.116952555066198,-0.578866675200608,0.562679137660653,0.726124133886434,"AC092123.1"
"ENSG00000261121.2",6.86706929299367,0.181295054990419,0.242292343942549,0.748249210191334,0.454309853511587,0.637634920659385,"LINC02473"
"ENSG00000261123.1",34.4022982073818,0.381429367940716,0.205676944712436,1.85450716644009,0.0636666358348567,0.182681488136679,"AC009065.5"
"ENSG00000261126.7",21.6530477374431,-0.428238928634908,0.187507300639959,-2.28385202695221,0.0223802288287467,0.0915362356751183,"RBFADN"
"ENSG00000261131.1",7.15925320520598,-0.217873155143566,0.11232487208251,-1.93966973746941,0.0524198396579116,0.160743941984336,"AC012186.2"
"ENSG00000261136.1",25.546341923936,-0.239347083015132,0.138854218025908,-1.72372929262023,0.0847567243427152,0.219938084453781,"AC023908.3"
"ENSG00000261141.1",9.59146455985554,-0.17364939275039,0.110939425677047,-1.56526313067364,0.117521224296573,0.271127026575138,"AC092718.5"
"ENSG00000261143.1",103.954889344126,-0.523146348151915,0.262678011302249,-1.99158789713068,0.0464162923858405,0.14847594373576,"ADAMTS7P3"
"ENSG00000261146.1",2.20527365637726,-1.14765053782032,0.711683269449662,-1.61258608581285,0.106834463426544,0.255098600793225,"AC007159.1"
"ENSG00000261150.3",1168.6156391431,-0.0654271755051613,0.143754784190534,-0.455130421387879,0.649015413293364,0.789869504122531,"EPPK1"
"ENSG00000261156.6",1.09777041288515,-0.0356501387875002,0.304280125030558,-0.11716223261023,0.90673149475437,0.950437996815605,"LINC01989"
"ENSG00000261158.1",4.92128760645083,-0.908184724149435,0.229658680174971,-3.95449770702119,7.66956073456109e-05,0.00181609306924426,"AC109597.2"
"ENSG00000261159.1",14.4607184988619,-0.626936697743529,0.176716326321715,-3.54770105735551,0.000388609022643478,0.00571105238640996,"AC112484.3"
"ENSG00000261167.1",104.168871210681,-0.00635972090918272,0.0856840034368184,-0.0742229664125376,0.940832971697114,0.969096965741972,"AC107027.3"
"ENSG00000261168.1",8.78758086804733,0.121862249016066,0.172413975441533,0.706800296808831,0.479690590105993,0.659522131776788,"AL592424.1"
"ENSG00000261170.2",22.340452186906,0.162322912723696,0.121644309719426,1.33440613126989,0.182070791737756,0.359099395323922,"AC009053.3"
"ENSG00000261172.1",23.9252382894023,-0.25375269722343,0.184217064277972,-1.37746575333832,0.168368295879621,0.341132283028251,"AC133919.2"
"ENSG00000261173.1",6.32371737521908,-0.23380578886496,0.146423723591468,-1.59677532526965,0.1103157980191,0.260349036893024,"AC018845.3"
"ENSG00000261175.6",14.4706307054055,0.0441564598269433,0.235878399175251,0.187200099633271,0.851503746723539,0.92010645650514,"LINC02188"
"ENSG00000261183.5",254.627858041859,0.103949512065827,0.112972283061194,0.920132879048935,0.357503324522767,0.55055082026627,"SPINT1-AS1"
"ENSG00000261186.2",9.55647858747593,-0.0369400311517328,0.167167762581818,-0.220975806466591,0.825111270980059,0.904257202170549,"AC093642.2"
"ENSG00000261187.1",13.2580383858231,-0.334656671104332,0.132710129534703,-2.52171158507401,0.01167854175548,0.0594879653853837,"AC079322.1"
"ENSG00000261188.1",126.218726284216,-0.127045180627028,0.0880195285653379,-1.44337492710746,0.148914883174934,0.315684381123406,"Z95115.1"
"ENSG00000261189.1",61.4121180134298,-0.0201443143273016,0.153306251829488,-0.13139917052898,0.895459544796613,0.944570515965834,"AL031058.1"
"ENSG00000261191.1",1.25533781985317,-1.30507360428738,0.733652777778466,-1.77887093706535,0.0752609238765064,0.203546867475266,"AC013640.1"
"ENSG00000261192.1",29.630603465358,-0.144273906808101,0.21699591126733,-0.664869240924831,0.506134130921938,0.68166357689256,"RNF126P1"
"ENSG00000261195.1",3.19026940516887,-0.37532594764816,0.267895228619429,-1.40101766493701,0.161208790722911,0.332187503635013,"AC027130.1"
"ENSG00000261207.1",16.0540071898213,-0.185803434769846,0.154463239227705,-1.2028974382438,0.229016011809162,0.415149193137451,"AL031717.1"
"ENSG00000261208.1",3.95122535980185,-0.392923894182878,0.204122926348019,-1.92493759134612,0.0542371663316567,0.164238831752243,"AL365475.1"
"ENSG00000261210.8",18.9360967273844,-0.336107191399962,0.185610159476492,-1.81082324560219,0.0701682167936117,0.194319617510374,"CLEC19A"
"ENSG00000261211.1",55.9878554635264,0.0736152046658453,0.127445153683402,0.577622628544351,0.563518926050579,0.726729085448365,"AL031123.2"
"ENSG00000261216.1",7.71538301164979,-0.170089399345149,0.1830321511134,-0.929287004007115,0.352740368464179,0.546298789937104,"AC007216.2"
"ENSG00000261217.2",1.73718862035726,-0.424203162595646,0.271623930737188,-1.56172971006037,0.118351676655896,0.272549448801568,"BCAP31P1"
"ENSG00000261218.5",15.9121716882596,-0.229913634502139,0.134795522313063,-1.70564741733901,0.0880737452769442,0.225493090377368,"AC099524.1"
"ENSG00000261220.2",39.0875003728896,-0.0868679714552474,0.139946239213844,-0.620723871847025,0.534781319903523,0.703706354829769,"AC103706.1"
"ENSG00000261221.4",834.400087782895,0.129475926479599,0.0873764400932414,1.48181736794761,0.138388896515912,0.300801823575391,"ZNF865"
"ENSG00000261222.3",6.94867385446387,0.0422613316093031,0.169986295490467,0.248616110418579,0.803657745402333,0.892080729426195,"AC064805.1"
"ENSG00000261226.1",4.77331977231873,-0.706209482576495,0.227057290092286,-3.11027002167365,0.00186916387051117,0.0171102757055068,"AC092384.3"
"ENSG00000261231.6",16.6102415115303,0.275867161297519,0.308317745784839,0.89474954026822,0.370920989734004,0.563293003293993,"LINC02133"
"ENSG00000261235.1",12.7037148846061,0.215028784444818,0.227336432392385,0.945861524182259,0.344219220243951,0.537578126446282,"AC092142.1"
"ENSG00000261236.8",2823.90686193281,0.169838881542714,0.116772764426681,1.45443916119116,0.145824589290041,0.311573485511059,"BOP1"
"ENSG00000261239.6",1.20852550055378,-0.583482235075224,0.309225175758568,-1.8869169809472,0.059171492757684,0.173954739378756,"ANKRD26P1"
"ENSG00000261241.7",6.36657072850403,-1.26083070187287,0.368170725207967,-3.424581628973,0.000615746835025287,0.00776811647536828,"LINC02128"
"ENSG00000261242.1",4.28263311063154,0.02467677243161,0.148643667327513,0.166012941387126,0.868146765742536,0.929572902964213,"AL136038.3"
"ENSG00000261243.1",2.99717713795616,0.371930380011216,0.225754210432311,1.64750141004672,0.0994550266269566,0.2435569107386,"AC022165.1"
"ENSG00000261245.2",4.11088052572332,0.0851369033112205,0.217229059175943,0.391922257704319,0.695115656698082,0.821996361385567,"AC093520.2"
"ENSG00000261251.1",13.1756141843724,-0.0632931067635205,0.130550662866961,-0.484816433509953,0.627806564507822,0.775194301530205,"Z97055.2"
"ENSG00000261253.2",23.0420147677579,0.204082949903486,0.187688083869382,1.08735166184292,0.276881425139015,0.469560511916752,"AC137932.2"
"ENSG00000261257.1",2.62281540636702,-1.02878231840317,0.377905296160545,-2.72232839511758,0.00648236903643826,0.0400255030285866,"AP000821.1"
"ENSG00000261265.1",2.098087324119,-0.550025947816503,0.296580157101967,-1.85456084854456,0.0636589633529367,0.182675216937539,"AC025271.2"
"ENSG00000261267.1",7.71229069005341,-0.0627419223964357,0.204339017830805,-0.307048174462631,0.758806704170212,0.863927734748046,"AC026470.2"
"ENSG00000261268.1",1.30854498085966,1.57248829169442,0.412261700018058,3.81429633561773,0.00013657151211728,0.00276043027070256,"AC112236.1"
"ENSG00000261270.1",23.8381753635222,-0.256306970943207,0.108515670066008,-2.36193510842536,0.0181798241113528,0.0802201304359534,"AC012181.2"
"ENSG00000261272.1",45.148533091645,0.26344310991562,0.256250132282694,1.02807014212578,0.303916834402514,0.49716505344747,"MUC22"
"ENSG00000261286.1",27.1697354604285,0.0619406707967232,0.144617389382643,0.428307211609487,0.668427469191885,0.804495543771434,"ATP2C2-AS1"
"ENSG00000261289.2",1.73450062332882,0.058205737572692,0.308639150856365,0.188588315549701,0.850415491324507,0.919316307329814,"AC034105.5"
"ENSG00000261291.1",4.72681548321074,-1.69118042438404,0.291036623643356,-5.81088525290362,6.21433488617875e-09,1.74168639502763e-06,"AC007906.1"
"ENSG00000261292.2",1.4286420172786,-0.875851929449669,0.348866335504229,-2.51056591110681,0.0120537817689918,0.0606661460975126,"AC110491.1"
"ENSG00000261293.1",2.22044749126308,-1.26042527640423,0.555706456031303,-2.26814942083961,0.0233201010368894,0.0939946881139417,"AC007601.2"
"ENSG00000261296.1",11.4715443223593,-0.167690829636193,0.291476571168528,-0.575314952292464,0.565078310925731,0.727640773763309,"AC126323.6"
"ENSG00000261298.1",3.43333117746747,0.448126459299063,0.34156561356534,1.31197767427879,0.189527667532595,0.368184422637571,"AC122134.1"
"ENSG00000261305.2",35.0804963130094,0.327615830232205,0.172512606704734,1.89908341477292,0.0575535093877954,0.170838889804554,"AC005586.1"
"ENSG00000261308.3",32.0108355846104,-0.415515572128868,0.179974114570016,-2.30875186201967,0.0209573546480675,0.0877210470578465,"FIGNL2"
"ENSG00000261315.2",1.67902747874794,-0.518899744053145,0.429286876689092,-1.20874821064925,0.226759593717955,0.412406159382273,"LARP4P"
"ENSG00000261319.1",1.38728299464134,-0.0133450841815144,0.48838691750429,-0.0273248191202771,0.978200661461493,0.989073848878959,"LINC02152"
"ENSG00000261324.2",164.822735228321,-0.203099191920342,0.134311133099968,-1.51215455660831,0.130494548559051,0.290514668351216,"AC010168.2"
"ENSG00000261325.1",1.84284882998684,0.629946826732588,0.386618256053457,1.62937682550999,0.103233271604611,0.249578484607676,"LINC02192"
"ENSG00000261326.4",302.788891500967,-0.306021142195237,0.142017537143806,-2.15481234465686,0.0311765218442712,0.113699193971007,"LINC01355"
"ENSG00000261327.5",19.2289470331931,0.0912945682701218,0.18040541032995,0.506052274724744,0.612819952834909,0.764257367760437,"AC134312.5"
"ENSG00000261329.6",5.50214397920658,-0.0351835646146256,0.154837234484645,-0.227229353015309,0.8202454041954,0.901982766609772,"AC016597.1"
"ENSG00000261332.1",1.56711762964646,0.386611134375194,0.369005408372586,1.04771129529037,0.294771641890633,0.487329043274646,"AC116348.2"
"ENSG00000261334.1",3.25160260289787,-0.0402164822528769,0.258134597332584,-0.155796559889496,0.876193382325426,0.933862699546105,"AL353803.4"
"ENSG00000261335.1",6.94688288916719,-0.257223677871536,0.132216422514008,-1.94547449538111,0.0517178964379813,0.159238317405874,"AC005837.1"
"ENSG00000261336.1",2.90553933809584,-1.42874510330513,0.368933178954058,-3.87263923335844,0.000107663134097104,0.0023185179324029,"EIF4BP5"
"ENSG00000261338.2",103.951464837365,-0.0382443770675324,0.103929474146231,-0.3679839370083,0.71288521154235,0.834091982002441,"AC021016.1"
"ENSG00000261340.1",1.94623731710663,-0.117416401230965,0.369733222149274,-0.317570600089488,0.750810678229192,0.858721791080594,"LINC01616"
"ENSG00000261342.1",24.9287028382156,0.185234175953518,0.127349343224336,1.45453577744184,0.145797821783693,0.311556282454717,"AC006538.1"
"ENSG00000261349.1",12.0508517962831,-0.240242543071753,0.211065915325092,-1.13823467281168,0.255022504099858,0.445567674226123,"AL031432.2"
"ENSG00000261351.2",61.6387972086234,-0.127947344113173,0.0693849849230679,-1.84402063724647,0.0651801326494761,0.185410300435664,"AC116913.1"
"ENSG00000261357.1",5.24214469715869,0.123652783442385,0.15578604619484,0.793734653793921,0.427349921661134,0.614616654795634,"AC099518.2"
"ENSG00000261360.1",21.7337141483213,-0.0716243366000336,0.14993789086319,-0.477693371486643,0.632868462826545,0.778151804442416,"AC010491.1"
"ENSG00000261366.1",26.7588819216143,-0.3954662293753,0.139758669928952,-2.82963646961107,0.00466009209443417,0.0318710858874274,"MANEA-DT"
"ENSG00000261369.1",4.5375109228147,-2.47183761134646,0.438263867182406,-5.64006708387319,1.69983926012375e-08,3.60463366161146e-06,"AC007533.1"
"ENSG00000261371.6",11819.5285113644,-0.04893795455138,0.126902460082788,-0.385634403930814,0.699767449777395,0.824772815004738,"PECAM1"
"ENSG00000261373.1",147.63416797751,0.197796851485199,0.161132322808999,1.2275429785721,0.21961857850212,0.403853152945103,"VPS9D1-AS1"
"ENSG00000261377.5",77.0282463838259,-0.645872608339043,0.185559332754711,-3.48067973057877,0.000500143140180214,0.00676605671110112,"PDCD6IPP2"
"ENSG00000261379.1",8.06662501536293,-0.277513476144132,0.282758973721438,-0.981448873193063,0.326371435104303,0.519923641749728,"AC010735.1"
"ENSG00000261386.2",10.4408052909574,-0.489922853066088,0.166824196952753,-2.9367613452672,0.00331659231082722,0.0253662549516128,"AC027682.4"
"ENSG00000261390.6",11.5734523554509,-0.246973906689897,0.172631305592707,-1.43064379801766,0.152532328225034,0.320745223086445,"MAFTRR"
"ENSG00000261394.1",2.12377997533566,-0.893952726075886,0.39348425667267,-2.27188943627685,0.0230931891036765,0.0933626648243719,"AC007598.2"
"ENSG00000261395.3",2.29072632407446,-0.180411165651023,0.227132654352995,-0.79429867169447,0.427021577148138,0.61437587524191,"HSPE1P5"
"ENSG00000261399.1",3.10527018603978,-0.706938287653534,0.296685533463123,-2.38278651271483,0.0171821555132318,0.0770950813345048,"AL031710.1"
"ENSG00000261404.7",11.5280628106155,-0.867393248102091,0.23175102151428,-3.74278068952824,0.000181995059554301,0.00336594464982635,"AC138627.1"
"ENSG00000261408.7",20.5891455245479,-0.234522539454808,0.13274428442918,-1.76672419805711,0.0772744288110339,0.206908280392935,"TEN1-CDK3"
"ENSG00000261409.1",5.5273999665924,-0.340303421446712,0.309121444910981,-1.10087289979092,0.270951978235716,0.462965399273817,"AL035425.3"
"ENSG00000261411.1",0.591820860953896,-0.333637937749165,0.603573265568839,-0.552771232229326,0.580420069686918,0.739134232714449,"AL161938.1"
"ENSG00000261416.1",5.14630855526094,-0.210509587740936,0.159531510241845,-1.3195486422827,0.186985759526868,0.364949987802088,"AC012645.3"
"ENSG00000261419.1",1.55124598054308,0.272373570292328,0.283574249852219,0.960501774876499,0.336802738142326,0.53019875932538,"AC145285.4"
"ENSG00000261420.1",5.71280944087911,-0.0611118572247772,0.156427827166505,-0.390671265667638,0.696040240931575,0.822590906063623,"AL022069.1"
"ENSG00000261423.1",31.1024543481949,-0.0918557570416347,0.093150204441045,-0.986103654767289,0.324082250385214,0.517578623441797,"TMEM202-AS1"
"ENSG00000261424.1",1.81526709501722,-0.529018858162104,0.464096391045501,-1.13989004950103,0.254332111087348,0.444837350902605,"ATP5PBP7"
"ENSG00000261431.1",2.0690443342744,0.109295743461712,0.21563428978086,0.506856973317112,0.612255177354657,0.763753292355225,"AL023803.1"
"ENSG00000261437.1",123.176858009652,-0.19234329039654,0.116585674108483,-1.64980210362351,0.0989834183920253,0.242852063496017,"AC108860.2"
"ENSG00000261441.1",10.7079944591205,0.242997395897338,0.116201280367599,2.09117657850777,0.0365122380599018,0.12651976912243,"AC124068.2"
"ENSG00000261442.1",8.33303321225479,0.0037233061432125,0.197123510201395,0.0188881891328361,0.984930301568246,0.992881715159162,"AC023830.1"
"ENSG00000261448.1",5.6531456493571,-0.478659030676094,0.22863313173717,-2.09356809767338,0.0362984719380373,0.125975714190876,"AC109446.2"
"ENSG00000261451.1",5.88545979480417,-0.926298194827058,0.224790249568504,-4.12072230270278,3.77686441605169e-05,0.00106785891157941,"AC104964.2"
"ENSG00000261453.2",2.70341188169468,-0.120608811199125,0.265594985930137,-0.454108012531719,0.649751086525673,0.790418113259984,"LINC01735"
"ENSG00000261455.1",221.046756685752,0.115072226534165,0.0927138237232992,1.24115500702024,0.21454849230773,0.397670802494223,"LINC01003"
"ENSG00000261456.6",16.4816728358886,0.239795552715657,0.158705511038831,1.51094660258512,0.130802056055495,0.291017966603556,"TUBB8"
"ENSG00000261460.1",7.55344631894001,-0.188563931134886,0.195490720779967,-0.964567169134962,0.334761650102215,0.528333662774971,"AC009690.2"
"ENSG00000261461.1",18.9900669072849,0.290070819436525,0.104503329900893,2.77570886699608,0.00550815067845452,0.0357541159169012,"UBE2MP1"
"ENSG00000261468.1",63.9515333067225,-0.188369343696417,0.1352519642941,-1.39272907923774,0.163701731660297,0.335288941997309,"AC096921.2"
"ENSG00000261469.1",22.2284904069448,-0.0980505726572308,0.147053091158771,-0.66676988483953,0.504919131683932,0.680822746996871,"AC020978.4"
"ENSG00000261471.1",10.0233005744611,-0.94154787623754,0.221952090234213,-4.24212214106198,2.21416127622982e-05,0.000717248475573877,"AC092145.1"
"ENSG00000261474.1",62.1509616366211,-0.0536766159073443,0.0962642524904021,-0.557596558625914,0.577119906965353,0.73662218458049,"AC026471.4"
"ENSG00000261476.1",5.49701485607037,-0.310375234533644,0.218596827635469,-1.41985241913586,0.155650650515422,0.325017380055818,"AC009163.4"
"ENSG00000261485.1",37.3404765903437,-0.232838824247413,0.105166052444771,-2.21401125966662,0.026828004385493,0.102984520927732,"PAN3-AS1"
"ENSG00000261488.1",100.623331895993,-0.211795202429749,0.134531907005401,-1.57431205090436,0.115415325112086,0.268070491067161,"TBILA"
"ENSG00000261490.1",96.6505930911031,-0.341466981448838,0.128113755835201,-2.66534205653986,0.00769100498696409,0.044827841216911,"AC005674.1"
"ENSG00000261502.4",8.3151546261618,0.156260531057423,0.362637206300878,0.430900438075223,0.666540764919333,0.803124812220308,"AC040174.1"
"ENSG00000261504.1",19.8915423688499,0.230192431944133,0.123557760228013,1.86303500095289,0.0624573420047742,0.180408839785263,"LINC01686"
"ENSG00000261505.1",19.5194809866492,-0.000625141682576944,0.122561876452493,-0.00510062101422917,0.995930310888647,0.997998670852869,"AL031714.1"
"ENSG00000261512.2",124.9896861168,0.117960933683241,0.0956675252253141,1.23303005283582,0.217564551969869,0.401317337732442,"AC092368.3"
"ENSG00000261514.1",0.919294237490012,-0.591894733865694,0.472427662108825,-1.25287907829866,0.210249716972319,0.392565970902328,"LINC01976"
"ENSG00000261520.5",7.48710287729724,-0.21972888117888,0.325746707437197,-0.674539070272086,0.499968654991941,0.67650706891472,"DLGAP1-AS5"
"ENSG00000261522.5",1.97808115865406,-0.316899136359792,0.351762725425773,-0.900888904519992,0.367647391165484,0.560238218329937,"AL845331.2"
"ENSG00000261526.2",31.5098884716727,-0.263077273500059,0.105365717451551,-2.49680142519815,0.0125319111420321,0.0622445050949835,"AC012615.1"
"ENSG00000261527.1",2.43266137797759,-0.63743178637973,0.306340865666618,-2.08079253478845,0.0374528997640031,0.128760779826823,"AC026464.5"
"ENSG00000261528.2",4.25105093920309,-0.964014482770426,0.252221405991817,-3.82209622129258,0.000132322034707784,0.00269114080728543,"CCNYL7"
"ENSG00000261529.1",3.6894280599957,-1.46730695052186,0.30831465871806,-4.75912159552441,1.94437279975656e-06,0.000120663657810572,"AC100774.1"
"ENSG00000261534.1",223.027610690096,0.0669696813659392,0.145272601601485,0.460993199183228,0.6448034843569,0.786670174967725,"AL596244.1"
"ENSG00000261535.1",3.8875134967178,-0.170353754863707,0.230513939928113,-0.739017149751696,0.459896583625432,0.642388796250955,"AC005086.2"
"ENSG00000261537.1",3.2805012574634,-0.834362129824754,0.337213450987464,-2.47428484060018,0.0133503208707141,0.0651101431516981,"AC027279.2"
"ENSG00000261542.1",36.8053466652431,-0.0464808228368915,0.0917354072714348,-0.506683561117901,0.612376866768366,0.763847852284261,"AC011978.2"
"ENSG00000261544.1",1.32236627145954,-0.529044993854162,0.388072156175657,-1.36326449974601,0.172799165982234,0.347513061451266,"AC011939.2"
"ENSG00000261546.1",6.66275549827014,-0.476929520848031,0.175498856808721,-2.71756482931306,0.00657642704415941,0.0404263267321269,"AC135782.3"
"ENSG00000261548.1",2.61053213581904,0.320232887016896,0.249757559567218,1.28217495226891,0.199781280732928,0.380423139981777,"HLA-P"
"ENSG00000261549.2",2.24580088210611,0.243589624667096,0.257640602398154,0.94546287502719,0.344422615644035,0.537744426122532,"AC107954.1"
"ENSG00000261553.5",69.8681541432486,-0.0921708127803066,0.194114530902875,-0.474826960926609,0.634910314503172,0.779451796362761,"AL137782.1"
"ENSG00000261556.10",88.5984818850387,-0.339429828636899,0.126890222448974,-2.67498804940147,0.00747319140527194,0.0440440717747776,"SMG1P7"
"ENSG00000261557.1",17.2847113165233,-0.207194938107715,0.138769123990931,-1.4930910576423,0.135413353001834,0.297104412455685,"EEF1A1P38"
"ENSG00000261559.1",1.69603416040826,0.680836696027878,0.23386450015564,2.9112443127314,0.0035999241071765,0.0267766472967442,"FSCN1P1"
"ENSG00000261560.1",38.5528717528214,-0.424826624379291,0.168783692337456,-2.51698856978385,0.011836266898685,0.0599594119008727,"AC007216.3"
"ENSG00000261564.1",1.27463890689404,-1.22237316133573,0.807451134161446,-1.51386642438144,0.130059721341569,0.289915630339104,"AC120498.7"
"ENSG00000261572.1",137.350475331879,-0.132115095285634,0.10131523788144,-1.3040002476255,0.192233497943197,0.371418305665532,"AC097639.1"
"ENSG00000261573.1",3.24539051913433,-1.28985515339785,0.628377281222909,-2.05267630123039,0.0401039819629081,0.134866041712198,"AL157402.2"
"ENSG00000261575.2",9.09851952510262,0.058544658476041,0.140051427721516,0.418022575196116,0.675930611724546,0.809547882434276,"AC005829.1"
"ENSG00000261578.1",120.932466237819,0.403444458773043,0.166139196854124,2.42835204703247,0.0151676122761585,0.0709234993694024,"AP003119.3"
"ENSG00000261582.1",8.63004495630018,-0.119413952013054,0.116934898867827,-1.02120028468172,0.307159557505442,0.500698352331995,"AL121753.1"
"ENSG00000261583.1",1.87852802542242,-0.438747917100332,0.370726806992515,-1.18348041961042,0.23661880210159,0.42417347503598,"AC012317.1"
"ENSG00000261587.2",3.75581073381634,-0.437471120360879,0.221596768104338,-1.97417644717136,0.0483616831407754,0.152385530646019,"TMEM249"
"ENSG00000261588.1",5.52006530538346,-0.383491299807214,0.160824688906407,-2.38453002716759,0.017100952364653,0.0768342789576776,"AC093249.4"
"ENSG00000261592.1",4.82451232862593,-0.180075090104505,0.182928513136182,-0.984401431013914,0.324918174738629,0.518476778456235,"AC010531.3"
"ENSG00000261594.4",35.3102786520901,0.315942823706462,0.12060248792989,2.61970403040217,0.00880061101048488,0.0492931935350056,"TPBGL"
"ENSG00000261596.2",28.0033448182701,-0.134778520211281,0.143843209780845,-0.936982151723571,0.348767738949338,0.542442508307965,"AC005632.3"
"ENSG00000261600.1",19.5323856498715,-0.000717460327677854,0.207397910813723,-0.00345934211614239,0.997239849840137,0.998649651709309,"AC233266.2"
"ENSG00000261603.3",10.7318865443262,0.199789520246552,0.223374332375533,0.894415746526639,0.371099490493401,0.563365594923,"PRSS46P"
"ENSG00000261609.8",799.008617013802,-0.0671657869490792,0.101616374936529,-0.660974050599932,0.508628955159395,0.683965415456814,"GAN"
"ENSG00000261612.1",4.24409804785984,-0.199443269817547,0.183591738272312,-1.08634120301058,0.277328064230705,0.470026026551706,"SUB1P3"
"ENSG00000261613.2",8.48922548236102,0.588360643606041,0.226984585820093,2.59207312020902,0.00953994928784714,0.0519570639032054,"AC093525.6"
"ENSG00000261614.1",3.04563593168202,-0.0490663505223383,0.190805949748899,-0.257153147409238,0.797060550934168,0.888073154555811,"YBX3P1"
"ENSG00000261616.1",18.7178595738122,-0.200395505229571,0.137772770825387,-1.4545363646896,0.145797659098361,0.311556282454717,"AC036108.3"
"ENSG00000261617.2",1.49819701283915,-1.01741783518092,0.28421719874617,-3.5797194528314,0.00034396328549211,0.00527722104326674,"LINC02177"
"ENSG00000261618.2",77.5051090579048,-0.562588451224403,0.192320946687746,-2.9252583294415,0.00344170385459976,0.0260360478144035,"LINC02605"
"ENSG00000261620.1",17.1934996610909,-0.130084368394975,0.139162438802282,-0.934766374566021,0.349908712063162,0.543572808488096,"HMGN2P41"
"ENSG00000261625.1",16.7365947515043,0.0814202420273311,0.153706630181391,0.52971197098815,0.596311646752895,0.751580679740455,"AP003071.4"
"ENSG00000261630.1",3.89443331943951,-0.977541642509313,0.346044754380488,-2.82489946787193,0.00472954526860091,0.0321509520991421,"AC007496.2"
"ENSG00000261632.1",2.75658292207529,-0.70545772079647,0.350189460337115,-2.01450300679338,0.0439567495065544,0.143321130283196,"AC022872.1"
"ENSG00000261633.1",2.61129072127843,-0.698664228347227,0.278892516357226,-2.50513795591534,0.0122403640349601,0.0613178513114545,"AC018552.3"
"ENSG00000261634.4",39.1258421150758,-0.485208285586397,0.227407227092806,-2.13365376197293,0.0328711336403101,0.117573984989992,"AC026992.2"
"ENSG00000261644.2",28.8360710339146,-0.299945724046532,0.114718738903664,-2.61461838678695,0.00893271975784475,0.0497319463040009,"AC007728.2"
"ENSG00000261645.7",4.04028202720009,-1.24212984498601,0.261459288151206,-4.75075815347462,2.0265539245286e-06,0.000124483505183267,"DISC1FP1"
"ENSG00000261646.1",2.80253320612446,-0.552140561862812,0.394246338457462,-1.40049635977123,0.161364732724833,0.332366488760406,"AC093849.1"
"ENSG00000261649.6",6.28649699624402,-0.420271167152411,0.263773475844414,-1.59330336686433,0.111092151754464,0.261569378243379,"GOLGA6L7"
"ENSG00000261650.1",3.51442183622515,-1.14828443546595,0.766275372619976,-1.49852713071,0.133996349140749,0.295244239043213,"AC055717.2"
"ENSG00000261652.3",80.8266955565795,-0.0763579917807265,0.102378614681312,-0.745839275305852,0.45576451136222,0.638942543807026,"C15orf65"
"ENSG00000261654.1",28.3535377633029,0.0276706062730062,0.154867033934167,0.178673314585264,0.858194223850101,0.923938051178419,"AL360270.2"
"ENSG00000261655.1",41.165989970193,-0.154068970235873,0.13280896294605,-1.16007961223565,0.246016394052701,0.435116011857021,"AC100803.3"
"ENSG00000261656.6",23.356335937391,-0.174774726223197,0.173931242732778,-1.00484952258816,0.314969313488055,0.508992979029115,"BEAN1-AS1"
"ENSG00000261659.2",58.4013252126267,-0.206578533805279,0.1005200885303,-2.05509701419543,0.039869635267958,0.134336582023695,"Z92544.1"
"ENSG00000261663.1",45.2218832453064,-0.0832846192665616,0.0911965153832776,-0.913243438266647,0.36111452283423,0.554189444487878,"AC009065.8"
"ENSG00000261664.5",14.237883630587,-0.228477807486394,0.15993641630893,-1.42855400139185,0.153132463064414,0.32149872354466,"TTC39A-AS1"
"ENSG00000261668.1",4.55854006013786,-0.946014520044794,0.24801193952631,-3.81439104041375,0.000136519153334715,0.00276043027070256,"AC093591.2"
"ENSG00000261669.1",9.38688409376779,-0.374835546076962,0.186276046497832,-2.0122584364669,0.0441927013459427,0.143899276193835,"AC008731.1"
"ENSG00000261670.1",5.74833165984344,0.532429130663618,0.184314126172772,2.88870496103228,0.00386831837945848,0.0280644854668361,"AC012213.2"
"ENSG00000261671.1",6.75389303144592,-0.343721295998956,0.158521089984135,-2.16830010463186,0.0301358604858578,0.111022817655822,"AL158211.1"
"ENSG00000261678.3",4.06533205212498,-0.348216315310115,0.188557253615063,-1.84674049199397,0.0647847601208647,0.184680111199927,"SCRT1"
"ENSG00000261684.2",2.94388198479095,-0.623642753337428,0.229573336259643,-2.71652955651653,0.00659703045116237,0.0405230507030533,"AC018362.1"
"ENSG00000261692.1",2.22914570853322,-0.566864768961487,0.412686113128523,-1.37359787724417,0.169566556304981,0.342861681771044,"AC092120.1"
"ENSG00000261693.1",9.87678064794214,-0.1247601384309,0.168521782834442,-0.740320546890167,0.459105516416525,0.641606848761926,"AC134682.1"
"ENSG00000261701.7",12.9714765737767,-0.4780839851704,0.222344493431877,-2.15019485210178,0.0315398051928309,0.114559757177059,"HPR"
"ENSG00000261704.2",11.4171059478099,-0.645135374545086,0.25981024810318,-2.48310210723051,0.0130243748338929,0.0640003496770317,"IGHV1OR16-1"
"ENSG00000261706.1",5.47711020919039,0.709369362379533,0.378014214450086,1.87656795766658,0.0605773324532413,0.176901328540169,"LINC00165"
"ENSG00000261707.1",5.98496950092756,-0.125358602768681,0.150563248911112,-0.832597620437173,0.405071701479994,0.594606271911276,"AC092134.1"
"ENSG00000261713.6",6.15559436048758,0.204059816497945,0.37553097465186,0.54339010700015,0.586861235741203,0.744035457788724,"SSTR5-AS1"
"ENSG00000261714.2",2.14861663111853,-0.335445913740896,0.320903159955585,-1.04531820062889,0.295875928448021,0.488538650857064,"AC105137.1"
"ENSG00000261716.2",316.343414349735,-0.0165025673806036,0.141504815652583,-0.116621948903279,0.907159643700386,0.950690907365834,"H2BC20P"
"ENSG00000261723.1",4.73707722640254,0.0507689758772688,0.153363867579189,0.331036095259232,0.740617221100651,0.85192958061598,"AC008870.4"
"ENSG00000261730.1",10.9592644221826,0.125934666679416,0.208478532468355,0.604065393152805,0.545800166632749,0.712964450414098,"AL034346.1"
"ENSG00000261732.1",14.1290431778227,-0.148222210526051,0.160618814365957,-0.922819727633766,0.356101158373705,0.54949330346213,"AL031708.1"
"ENSG00000261734.1",1.76680303502589,-1.5272178810341,0.479194307944347,-3.18705346811312,0.00143730201895564,0.0141450233538438,"AC116096.1"
"ENSG00000261736.1",2.07749504466005,-0.650340363557105,0.291913427735869,-2.22785354069272,0.0258902831546539,0.100658929008096,"AC002551.1"
"ENSG00000261737.1",35.5543844120641,0.181970688198306,0.077313631913519,2.35366886400904,0.0185891624665399,0.0812436097476698,"CLCA4-AS1"
"ENSG00000261742.6",41.7199981191283,-0.368691176959406,0.205826549348088,-1.79127123360498,0.0732497800002668,0.199992203177701,"LINC00922"
"ENSG00000261744.1",9.36075414883595,0.163008847815512,0.19660842720873,0.829104073155789,0.407045519124505,0.596573625119394,"AC116552.1"
"ENSG00000261754.2",45.4380496445171,0.383246094370228,0.148679711196948,2.57766235409593,0.00994711410187069,0.0535525986082763,"AC008555.1"
"ENSG00000261757.1",7.07202196255257,-0.435083137955695,0.254465455377553,-1.70979254260724,0.0873042425147142,0.224345488271255,"AC005592.1"
"ENSG00000261758.1",2.73766933556434,-0.0219959914782908,0.240288217730672,-0.0915400334066528,0.927063497692603,0.961877494037641,"AC117382.2"
"ENSG00000261761.5",17.2900165559098,0.0768188979964363,0.580077714463004,0.132428631683515,0.894645269298339,0.944412577082966,"LINC02616"
"ENSG00000261762.1",55.4757044460742,-0.0676792165936987,0.212412739415087,-0.318621269044713,0.750013723054453,0.858230172938715,"AC027228.2"
"ENSG00000261766.1",10.657138830369,-0.213512194123913,0.143015216635994,-1.49293340349474,0.135454620267326,0.297120218247468,"AC133550.3"
"ENSG00000261770.1",44.2553510032355,-0.466093058134088,0.190009315884123,-2.45300108558012,0.0141669911112927,0.0676411351022898,"AC006504.1"
"ENSG00000261773.1",4.10643898762153,0.0215305426115925,0.208934016338957,0.103049484180992,0.917923697271795,0.956572004003377,"AC244090.2"
"ENSG00000261777.6",22.1623599755632,-0.17408682789634,0.1127659154015,-1.54378942676524,0.122639353590292,0.278648194846216,"AC012184.3"
"ENSG00000261780.3",1.78693262856995,0.841200150700286,0.488824661350275,1.7208627493888,0.0852757325322177,0.220881307894937,"LINC02582"
"ENSG00000261783.1",13.9825267386139,-0.258394974625883,0.155735506726224,-1.65919115080243,0.0970772802115344,0.240100578715,"AC009054.2"
"ENSG00000261786.1",98.2299164447237,0.0228018520386387,0.219221163009647,0.104013005521895,0.917159027639975,0.956160184976286,"AC006058.1"
"ENSG00000261787.2",19.5138989485481,-0.494285073802301,0.265927030312629,-1.85872445242294,0.0630662056356705,0.181427735611196,"TCF24"
"ENSG00000261790.2",18.6625441249353,-0.144541150464117,0.116973782749264,-1.23567133649037,0.216580756232424,0.400281249582203,"AC005606.2"
"ENSG00000261794.1",8.92756256985802,-0.140731149862508,0.124450212367679,-1.13082289845138,0.258129640055771,0.449026077975693,"GOLGA8H"
"ENSG00000261795.1",5.96814270173404,0.224187906497963,0.192195859420555,1.16645544380539,0.243430353143887,0.432126192866938,"AC093627.7"
"ENSG00000261798.1",7.99350814025387,-0.253703194781904,0.170986903717389,-1.48375804968801,0.137873119906807,0.300165847312772,"AL033527.2"
"ENSG00000261799.1",335.044501250957,-0.156814338250814,0.0759956123063709,-2.063465685606,0.0390684047579978,0.132561025529109,"AC007406.4"
"ENSG00000261800.2",1.92587065558147,-2.27301257340932,0.892941402724315,-2.54553385751236,0.0109110782145492,0.0569109395263959,"AC023824.5"
"ENSG00000261801.6",231.418329513364,0.0900384361744756,0.106325459660922,0.846819157533983,0.397095928371107,0.587604548791469,"LOXL1-AS1"
"ENSG00000261803.2",0.955298416736392,-0.967485984544977,0.598021658342853,-1.61781094555326,0.105703346801692,0.253350816923439,"LINC02140"
"ENSG00000261804.2",63.0706604611327,-0.0200895053538156,0.15654108349811,-0.12833375689557,0.897884851828143,0.945660699500628,"AC007342.4"
"ENSG00000261807.2",2.65715950317587,0.0768349861874881,0.650732714311802,0.118074571168205,0.906008571754252,0.95018121102547,"LINC02141"
"ENSG00000261812.6",11.471421899655,-0.182646673123301,0.173181776195011,-1.05465296139261,0.291584072299559,0.483981878505793,"TUBB8P7"
"ENSG00000261819.1",32.9173710199718,0.15610053680247,0.100478940106954,1.55356472347648,0.120288279383308,0.27525999625462,"AC138932.2"
"ENSG00000261821.2",6.97676786082578,-0.190914645642536,0.25600354356444,-0.745750011833255,0.455818441862445,0.638944186978502,"AC090826.1"
"ENSG00000261823.1",2.80639110544079,-0.772016500998276,0.29239872327731,-2.64028683964567,0.00828358840495353,0.0472481067978261,"AC084782.2"
"ENSG00000261824.7",744.633427646492,-0.0697301230800924,0.100489013382804,-0.693907928167845,0.487739951315424,0.666461161467039,"LINC00662"
"ENSG00000261829.1",2.6663614259629,0.194750593039024,0.2492619876291,0.781308834497508,0.434620875349593,0.620490257419126,"AC009407.1"
"ENSG00000261834.2",9.44183601994408,0.167861088696638,0.218656593054148,0.767692784159811,0.442669724135184,0.627541738409666,"IGHV3OR16-15"
"ENSG00000261837.1",2.95841538838607,-2.12123989099679,0.367431121360408,-5.77316337043777,7.77969450913164e-09,1.96219219161e-06,"AC046158.2"
"ENSG00000261838.5",3.99791374884205,0.51770030618522,0.222177720788714,2.33011799899388,0.0197999153782012,0.0847301107894713,"AC092718.6"
"ENSG00000261840.3",20.0302422192387,-0.0482689575825136,0.115403235690423,-0.418263468036532,0.675754496398667,0.809480604778211,"AC093249.6"
"ENSG00000261842.1",5.2685836355335,-0.0835938240993271,0.154959669351937,-0.539455359248817,0.589572691522565,0.746395567877006,"AC073314.1"
"ENSG00000261863.1",27.984827107613,-0.0107843349821554,0.34070813470086,-0.0316527076514447,0.974749009796544,0.987563335965319,"LINC01996"
"ENSG00000261868.1",3.94033820039341,-1.38423999532994,0.287049491009663,-4.82230430181582,1.41909231795294e-06,9.70140462866677e-05,"MFSD1P1"
"ENSG00000261872.1",2.34893493982007,-0.832801327073115,0.37037466067795,-2.2485375364198,0.0245419343550087,0.0972823693869871,"AC002558.2"
"ENSG00000261873.2",2.74961810697864,-0.285765177760204,0.348259660237665,-0.820552048908527,0.4119014703867,0.600913003531151,"SMIM36"
"ENSG00000261879.7",52.624634949037,-0.401941101354022,0.10697105924964,-3.75747519164045,0.000171636376743893,0.00321388632785963,"AC087500.1"
"ENSG00000261884.2",56.224239876003,-0.223367550316126,0.0992402557961553,-2.25077564063251,0.0243997511268925,0.0968653515585004,"AC040162.1"
"ENSG00000261888.1",87.0701425664604,-0.201281006268803,0.144246951221387,-1.39539175396422,0.162897736591106,0.334300335593151,"AC144831.1"
"ENSG00000261889.1",28.7525572282322,0.174507654592988,0.109274906318884,1.59696000181178,0.110274623427555,0.260270313184006,"AC108134.2"
"ENSG00000261916.1",6.12418531228716,-0.0708421781657743,0.212717945992315,-0.333033387640616,0.739109080625208,0.851019251181601,"AC027796.1"
"ENSG00000261924.1",9.59596159559762,0.204262863372224,0.204837995354481,0.997192259271713,0.318671197530922,0.512388688273785,"AC127496.1"
"ENSG00000261934.2",74.4203795186649,-0.0147103566445942,0.133989185716111,-0.109787641188907,0.912577792693778,0.95359381225178,"PCDHGA9"
"ENSG00000261949.6",11.3509596338959,0.418906232535065,0.39618510580657,1.0573497751316,0.290351984391098,0.48273842120087,"GFY"
"ENSG00000261963.3",1.35542918217621,-0.406084479938631,0.508783008581706,-0.79814866669907,0.424784222502098,0.612487705489924,"CCDC92B"
"ENSG00000261970.1",3.25426233623505,-1.28962163508658,0.280415425877351,-4.59896823097971,4.24588517285405e-06,0.000215812939516185,"AL391840.2"
"ENSG00000261971.8",269.369538272501,0.000267688186224508,0.111732096852097,0.00239580383583828,0.998088426937371,0.999078713109618,"MMP25-AS1"
"ENSG00000261996.1",14.1160438741808,-0.136371829066052,0.149317930064123,-0.913298416389035,0.361085615016006,0.554184357591367,"AC004706.1"
"ENSG00000261997.1",21.3249683783622,-0.884637878646961,0.182068437322144,-4.85882062623365,1.18087055868151e-06,8.41349866914142e-05,"AC007336.1"
"ENSG00000262001.1",207.454322306266,0.149454717068617,0.142149879101645,1.0513882812503,0.293080295809688,0.485690507137479,"DLGAP1-AS2"
"ENSG00000262003.1",16.2806040353803,-0.689638100695826,0.218887331612437,-3.15065333208457,0.00162905722302416,0.0154916315698781,"AC087392.1"
"ENSG00000262020.1",2.26473828028193,-0.863180614102551,0.359528460987841,-2.40086865927352,0.0163562059487957,0.0745955020072952,"AC007014.1"
"ENSG00000262038.1",2.22960310890717,-1.97423512041116,0.720162671361803,-2.74137385748965,0.00611828482458887,0.0384622463491384,"AC007599.2"
"ENSG00000262050.1",5.53883768349593,-0.00815145801217286,0.132833136948375,-0.0613661485337116,0.95106761108718,0.974393586162158,"AC005696.1"
"ENSG00000262061.6",14.4238016571891,0.0146905747284606,0.149421526787996,0.0983163205747725,0.921681119021775,0.958735683985072,"AC129507.1"
"ENSG00000262074.7",3.42068231353966,-0.0901327460419845,0.442947162664476,-0.203484193238322,0.838756599211771,0.912155336040945,"SNORD3B-2"
"ENSG00000262089.1",54.7669145665464,-0.0740456058482436,0.0902322607740567,-0.820611222782672,0.411867753066221,0.600902451761007,"AC040977.1"
"ENSG00000262096.2",6.58573700398607,-0.24464118185329,0.191914044714062,-1.2747435041442,0.202400043160602,0.383317684049179,"PCDHB19P"
"ENSG00000262097.2",138.095044214346,-0.13465122147416,0.185582335448142,-0.725560550517946,0.46810821248614,0.649417731406828,"LINC02185"
"ENSG00000262098.1",6.28704151668779,-0.190465672192253,0.19684554524979,-0.967589446591537,0.33324944994912,0.526797110163623,"AC127496.2"
"ENSG00000262115.1",7.27845477902856,-0.366821861782689,0.150021046675892,-2.4451359986521,0.0144797529603578,0.068632462316229,"AC027601.2"
"ENSG00000262117.5",8.16498099642578,-1.10862434355166,0.44584899364198,-2.486546699356,0.0128989638985328,0.0635403426030766,"BCAR4"
"ENSG00000262118.1",4.88432920558813,-0.982891766351268,0.239054921397609,-4.11157302516466,3.92972538989806e-05,0.00110309911483765,"MTCO1P28"
"ENSG00000262119.1",3.53611176130441,-0.493375331720599,0.351613183352919,-1.403176431031,0.160564233984297,0.331370260478502,"AL079343.1"
"ENSG00000262133.1",6.04825569165426,-0.378212397360629,0.268940564624678,-1.40630476435731,0.159633645998707,0.330247558176922,"AC087392.2"
"ENSG00000262136.1",18.4026215947448,0.133281278606816,0.177819953588589,0.749529374612151,0.453538200614567,0.63671293751047,"AC092115.3"
"ENSG00000262147.1",17.3394413831014,-0.0683317773469291,0.10479466087486,-0.652053995656585,0.514366340183646,0.688648220338524,"AC124283.2"
"ENSG00000262151.1",3.51792377145791,-1.01859731397628,0.276552246703911,-3.68320028535813,0.000230324051470542,0.00398761240021257,"AC133065.1"
"ENSG00000262152.7",46.9931993437457,0.229363308637568,0.184637866933179,1.24223331024819,0.214150492914296,0.397087850771131,"LINC00514"
"ENSG00000262154.1",1.45352081595978,-0.174023692740037,0.359919707520713,-0.483506985318445,0.628735801129178,0.775573333395181,"EIF1P4"
"ENSG00000262155.2",66.278742344608,-0.15426019514718,0.120846488108917,-1.27649712921857,0.201779840977283,0.382547700364755,"LINC02175"
"ENSG00000262165.2",13.8011582110649,0.0212892734804053,0.129263327778122,0.164696931808439,0.869182532065233,0.930003991484632,"AC233723.1"
"ENSG00000262171.1",5.17597070826819,-0.651579540684469,0.253990538839152,-2.5653693388048,0.0103066031206734,0.0547527916301172,"AC130651.1"
"ENSG00000262172.1",4.23917675065696,0.202542701817136,0.217137246758109,0.932786543262976,0.350930190503761,0.544485618420671,"AC116025.2"
"ENSG00000262179.3",16.2385929824639,-0.497972861777309,0.171884770149936,-2.89713196429749,0.00376591309278806,0.0275855696214529,"MYMX"
"ENSG00000262185.3",84.1859839674634,0.0423460363078081,0.149057445153467,0.284092057690974,0.776339833369239,0.875308511824996,"LINC02861"
"ENSG00000262188.2",8.6246795799356,0.208841095839057,0.183165097657813,1.14017953479986,0.254211511785023,0.444686287833417,"LINC01978"
"ENSG00000262198.1",9.45963491417474,0.171982869396636,0.287032862868192,0.599174838999575,0.549056299487278,0.715154071039639,"AL157931.1"
"ENSG00000262202.4",2.36373655528449,-0.161338969989315,0.317715371782948,-0.50780977037377,0.611586757184489,0.763183582312766,"AC007952.4"
"ENSG00000262209.3",43.1477302809842,0.116904553864399,0.165529620993226,0.706245523688975,0.480035464600461,0.659778752546883,"PCDHGB3"
"ENSG00000262223.8",20.1748879894285,-0.0967466688708061,0.133545201570551,-0.724448858761098,0.468790213368318,0.649957630186625,"AC110285.1"
"ENSG00000262227.1",8.72841175425333,-0.284396572843506,0.117802500431459,-2.4141811235066,0.0157706205390636,0.0728125460556155,"AC004771.2"
"ENSG00000262228.2",12.1982738367648,-0.316968494979208,0.14809011033283,-2.14037584459102,0.0323244050356012,0.116180116252863,"AC087392.3"
"ENSG00000262246.6",489.786956532668,0.027381126789471,0.0738514338773931,0.370759582473764,0.710816607628445,0.832754497775136,"CORO7"
"ENSG00000262248.1",7.43501891654741,-0.0464329594557594,0.180639362326604,-0.257047848584666,0.797141835858786,0.888073154555811,"AC027796.2"
"ENSG00000262265.2",3.89008372648662,-0.266430889427026,0.221274913009529,-1.20407182993922,0.228561816806377,0.414528984416555,"AC002558.3"
"ENSG00000262294.1",29.4965408522637,-0.490676746700104,0.176644715322385,-2.7777606921588,0.00547349135357605,0.0356263827242634,"AC129507.2"
"ENSG00000262298.1",4.35872016292965,-0.0978758244533665,0.156425123705066,-0.625703992652151,0.531509113948503,0.701257546591405,"AC004584.1"
"ENSG00000262312.2",20.696384213321,-0.467670126205907,0.163647849591007,-2.85778351120849,0.00426611339646828,0.0300532613856577,"AC004494.1"
"ENSG00000262319.1",4.38796002306136,-0.317630164877087,0.220181403488002,-1.44258397778083,0.14913769948911,0.315975654135861,"AC007952.6"
"ENSG00000262322.1",0.809944601554845,-1.25935333801439,0.9541918418971,-1.31981147052208,0.186897970926094,0.364906998946896,"MTND4P34"
"ENSG00000262333.1",33.2846648115909,-0.0816980895699015,0.103158804780957,-0.791964289847829,0.428381498559801,0.615302870337437,"HNRNPA1P16"
"ENSG00000262339.5",3.70165865308552,-1.27221996942344,0.290728881261566,-4.37596692802885,1.20895345074285e-05,0.000459471315474678,"AC130371.1"
"ENSG00000262362.1",5.8842307415369,-0.222292867337031,0.165070972866795,-1.34665025277588,0.178092901236874,0.354021913241584,"AC004233.1"
"ENSG00000262370.6",70.6823464260813,-0.201281883867609,0.138311020437337,-1.45528449744033,0.145590516605312,0.311340817956124,"AC108134.3"
"ENSG00000262380.1",3.64936507497163,-0.0956211865124158,0.246266449688266,-0.388283449221187,0.69780628396116,0.823481660708879,"AC026401.2"
"ENSG00000262400.1",1.42588320572601,-0.631362363786562,0.791295621692811,-0.797884313369377,0.424937627284657,0.612576247031309,"AL590084.3"
"ENSG00000262402.1",3.68637048947438,-1.53770222472614,0.278314389869546,-5.5250546888607,3.29382994508041e-08,5.92764758711146e-06,"MCUR1P1"
"ENSG00000262406.3",1792.82390944643,-0.16417237664184,0.226591039163199,-0.724531637473965,0.468739411327632,0.649943836830354,"MMP12"
"ENSG00000262410.1",25.8504707020968,-0.574566563818791,0.144964396146735,-3.96350123955407,7.38584799002019e-05,0.00177799737622373,"AC024361.1"
"ENSG00000262420.3",18.8871658782963,-0.0863901650975541,0.131750454446121,-0.655710566318259,0.512010368986857,0.686870752626723,"AC007613.1"
"ENSG00000262434.1",6.07630407579593,-0.364172454659536,0.152778701206339,-2.38365984122154,0.0171414385732402,0.076964250090207,"AC087392.4"
"ENSG00000262445.3",4.42600488297996,-0.166115711241529,0.199251526314162,-0.833698563390739,0.404450867885363,0.593999856390109,"AC099684.2"
"ENSG00000262454.4",151.284924112544,0.452743091121583,0.132101273320538,3.42724244620277,0.000609744408826929,0.00770992047211354,"MIR193BHG"
"ENSG00000262468.6",178.20748381399,0.220955303020229,0.112261455687609,1.9682205407623,0.0490426678422082,0.153716582608797,"LINC01569"
"ENSG00000262470.2",2.32770547614014,-0.402428008069743,0.476038576790325,-0.845368479972992,0.39790513739519,0.588274422414073,"TVP23CP2"
"ENSG00000262482.1",15.211054479919,-0.282612838466952,0.209250736620091,-1.35059423460981,0.176825448673212,0.352575415569544,"AC004034.1"
"ENSG00000262484.1",10.5387623303517,-0.00273103108483676,0.182846287822997,-0.014936212910598,0.988083069415663,0.993934484396038,"CCER2"
"ENSG00000262488.1",6.79236462041199,-0.498371368925406,0.197276602535952,-2.52625685215043,0.0115285160168866,0.0589511943500916,"AC133065.2"
"ENSG00000262492.1",2.75472875580928,-0.528607888269915,0.255146739695858,-2.07177990555564,0.0382859714865052,0.130626649795062,"AC104581.1"
"ENSG00000262495.1",1.55630169008638,-0.957175975726039,0.388667595173668,-2.4627110353729,0.0137890997938176,0.0664852280138405,"AC012146.1"
"ENSG00000262497.1",4.89050894608843,-0.249105382632245,0.133704804768325,-1.86309970732824,0.0624482394201433,0.180398198265929,"FAM187B2P"
"ENSG00000262500.1",2.29057805082845,-0.364304987717413,0.339084979522196,-1.07437665988849,0.282653899035597,0.47512856006221,"MAPK8IP1P1"
"ENSG00000262503.1",10.7740688796898,-0.389210438796599,0.215995617048609,-1.80193674350813,0.0715553584367189,0.196851144309509,"AC027763.1"
"ENSG00000262516.1",2.05141678768851,-2.10918437262865,0.381864564001253,-5.52338334441979,3.32533107173178e-08,5.95216383715946e-06,"AC007151.1"
"ENSG00000262519.1",4.22779451817543,0.420148462092227,0.193212971725133,2.17453547937731,0.0296649438841878,0.109847066704067,"TXNP4"
"ENSG00000262529.1",1.97158649457234,0.159478594707382,0.311717419246147,0.511612713505272,0.608922085908319,0.761135461090508,"AC130650.1"
"ENSG00000262539.1",22.5078735204931,-0.224852794648841,0.326842459402571,-0.687954664947281,0.491481330678051,0.669457816146974,"AC005829.2"
"ENSG00000262558.1",20.7533967822673,-0.380456526978831,0.17023933424051,-2.23483326386445,0.0254282971631453,0.0995630127546275,"AC129507.3"
"ENSG00000262576.3",76.8242840497373,0.283928982558858,0.163770161382634,1.73370399199573,0.0829706178617014,0.216943436776064,"PCDHGA4"
"ENSG00000262580.5",173.192026935652,-0.253322298641969,0.135268148742168,-1.87274166902972,0.0611040663254063,0.178013447687413,"AC087741.1"
"ENSG00000262583.1",10.6224629533468,-0.025183361512449,0.125219198496674,-0.201114220621032,0.840609262723128,0.913345162387756,"TMEM231P1"
"ENSG00000262585.1",8.92574272490902,-0.182674282995968,0.214995084664271,-0.849667253003602,0.395510109678092,0.586117603557051,"LINC01979"
"ENSG00000262587.2",42.7386208144737,0.052821096875575,0.0874648355109078,0.603912378809511,0.545901898339665,0.713013413158983,"AC133552.2"
"ENSG00000262619.2",16.0852312546959,-0.0209167211694888,0.190696174999608,-0.109686107597763,0.912658318462947,0.953618096117342,"LINC00621"
"ENSG00000262652.1",13.1312826976683,-0.638326825750817,0.188107184378556,-3.39342076624897,0.000690255238088501,0.00847057413994857,"AC124283.3"
"ENSG00000262655.4",2406.54472512758,-0.0222333613918401,0.132625654773604,-0.167639974556907,0.866866521055136,0.928769617219819,"SPON1"
"ENSG00000262663.1",18.8911651423964,-0.35177010852884,0.178549727485905,-1.97015203261293,0.0488209490800263,0.153339231860501,"AC087222.1"
"ENSG00000262668.2",4.11489381809405,1.30456681188903,0.403089277041533,3.23642152295361,0.00121038502752059,0.0125615176811855,"AJ003147.2"
"ENSG00000262678.1",4.83930048627993,-0.236110992897163,0.150808679020417,-1.56563265742284,0.117434640020297,0.27098360619599,"AC004771.4"
"ENSG00000262681.2",5.28079618539575,-0.783091234885159,0.227752846380221,-3.43833786199023,0.00058529692860701,0.00748321453306958,"AC005722.3"
"ENSG00000262686.1",8.45706455064525,-0.176676826747466,0.157956777478624,-1.1185137451375,0.263347639394522,0.454965126789571,"GLIS2-AS1"
"ENSG00000262691.1",86.8229952229114,0.0824828333499365,0.12246956814718,0.673496564067339,0.500631433937513,0.677167190309789,"AC040160.1"
"ENSG00000262692.1",17.4331182555973,-0.210186191846737,0.111138595975938,-1.89120791027668,0.0585965958282678,0.172814883238382,"AC116914.2"
"ENSG00000262700.1",3.32284167235985,-0.214036048957757,0.217597729816027,-0.983631810583315,0.325296578484969,0.518732588729766,"AC133552.3"
"ENSG00000262703.1",8.42034275210688,-0.0916270151412353,0.172740591121736,-0.530431293225473,0.595812934094061,0.751179612026871,"AC009121.2"
"ENSG00000262708.1",1.95489837162633,-0.886901330402778,0.404424677014058,-2.1929950886057,0.0283077329518948,0.106479420762336,"AC027455.1"
"ENSG00000262712.1",20.3947113061754,0.294023253668008,0.113806958257554,2.58352615841477,0.00977960507008938,0.0528473286152387,"AC012676.1"
"ENSG00000262714.1",91.9962449152824,-0.0588710127483215,0.154226275730961,-0.381718435910485,0.702670223869041,0.826777074212361,"AC007342.5"
"ENSG00000262728.6",4.91382183794219,0.00956397839661563,0.170386631419268,0.0561310374936732,0.955237418563338,0.976955946149748,"AC123768.2"
"ENSG00000262732.1",5.08234745281712,-0.819213993897747,0.214254895600578,-3.82354854296984,0.000131544678759163,0.00267860366356503,"AC010401.1"
"ENSG00000262759.1",2.26934443423542,-0.831266902224573,0.3303367454154,-2.51642275272541,0.0118552885111995,0.0600027546979881,"MRPS21P9"
"ENSG00000262766.1",30.5129803699776,-0.314698705305002,0.11087866965976,-2.8382258397461,0.00453650723345428,0.0313088588978842,"AC135050.5"
"ENSG00000262769.1",4.29021661661262,-0.697801518388578,0.239421190710723,-2.91453532712435,0.00356218489759229,0.0266088897903388,"AC025627.1"
"ENSG00000262772.2",100.006097732929,-0.114668880654179,0.190097910652228,-0.603209579004569,0.546369276074805,0.713427944791877,"LINC01977"
"ENSG00000262777.1",9.81392832978348,-0.222834899441596,0.13274174195982,-1.67871007379914,0.0932085616902077,0.233920748104333,"AC032044.1"
"ENSG00000262801.6",0.867196141180505,0.32547282006126,0.693099855997367,0.469590084668112,0.638647910045864,0.782054761996357,"U91319.1"
"ENSG00000262803.1",1.3185736860411,-0.398306463605205,0.360159719161026,-1.10591618777647,0.268762797532592,0.460550287360688,"AL354943.1"
"ENSG00000262810.1",2.86715708661801,-0.00130551381353319,0.217274452644909,-0.00600859326828811,0.99520586504637,0.997663089488085,"AC090617.4"
"ENSG00000262814.8",267.607628969328,0.423523920266991,0.122903921886376,3.44597563500486,0.000569001659534783,0.00736594261713223,"MRPL12"
"ENSG00000262815.1",2.02242390296074,-0.285870437589313,0.354045535126235,-0.807439747792288,0.419413174668564,0.60763806893997,"AC087501.2"
"ENSG00000262823.1",35.9912570452997,-0.0315808381650287,0.135891173722157,-0.232398008641818,0.816228895465173,0.899467384374487,"AC127521.1"
"ENSG00000262833.1",3.21420719494717,-0.245273055009845,0.3159850993819,-0.776217155459623,0.43762077838667,0.623196397400547,"AC016245.1"
"ENSG00000262837.1",4.47284619635913,-0.347921552564961,0.219445773472368,-1.5854557007851,0.112862834289139,0.264194361706828,"AC027801.5"
"ENSG00000262870.1",2.78889347076574,-0.489033473027213,0.280366413101901,-1.74426554028592,0.0811127975369357,0.214018732635695,"CYCSP40"
"ENSG00000262873.2",48.9400162392641,0.0560616531576028,0.185054099580093,0.302947372064778,0.761929968930798,0.865913447878924,"AC127496.5"
"ENSG00000262874.2",16.884256265665,0.249671960550392,0.222137121019086,1.12395424684081,0.261032436310147,0.452397340035071,"C19orf84"
"ENSG00000262877.5",110.247020415369,-0.233294756277245,0.171871575078272,-1.35737835748,0.174661021350363,0.350012171979105,"AC110285.2"
"ENSG00000262879.6",457.563678177614,-0.125776956121093,0.0684924015442348,-1.83636364451117,0.0663038926797952,0.187453761802685,"AC005670.3"
"ENSG00000262884.1",19.5905489254068,0.336001763378923,0.179250126821825,1.87448549876291,0.0608635389273689,0.177468015546409,"AC015921.1"
"ENSG00000262898.3",5.01548304451678,0.101681369092774,0.156714532859846,0.648831778630962,0.516447114439757,0.690525051447504,"AC139099.2"
"ENSG00000262902.1",140.478254705906,-1.24841627465794,0.220086000792276,-5.67240201632015,1.40809060776182e-08,3.12530404028095e-06,"MTCO1P40"
"ENSG00000262903.1",41.60113839538,0.027833470109925,0.145327925410295,0.19152182921035,0.848116779838161,0.917688321074845,"AC027796.4"
"ENSG00000262904.1",6.77514190933152,-0.192057462009556,0.176064884285473,-1.09083343216898,0.27534618266481,0.46797184437488,"TMPOP2"
"ENSG00000262905.1",4.11180784490893,-0.107029742797444,0.192187423186537,-0.556902949333793,0.577593739431229,0.737113936173104,"AC015853.1"
"ENSG00000262919.8",975.592677346077,0.170547293157243,0.0930492729456504,1.83287077650632,0.0668217905966142,0.188405985292435,"CCNQ"
"ENSG00000262920.5",32.4305167508772,-0.46457332288972,0.261952292782776,-1.77350355652343,0.0761453030852306,0.204906690560668,"AC129507.4"
"ENSG00000262943.7",142.46050550937,-0.390369436541385,0.193765887492626,-2.01464479425586,0.0439418804272417,0.143300717510447,"ALOX12P2"
"ENSG00000262966.2",7.74190867652378,-0.655353609945212,0.224021101576634,-2.92541017490277,0.00344002471467531,0.0260331185952725,"AC005695.1"
"ENSG00000262979.1",41.5626444114818,-0.435597817907012,0.190647457976453,-2.28483412540866,0.0223225558512324,0.0913789317539751,"AC124319.1"
"ENSG00000263001.7",1093.74545913556,-0.111418182219768,0.073273616282166,-1.5205770899953,0.128365999630703,0.287480776651755,"GTF2I"
"ENSG00000263002.8",377.368566134916,-0.0561264756135933,0.0671888946564076,-0.835353459833123,0.403518725577414,0.593258950348812,"ZNF234"
"ENSG00000263004.2",102.82785515873,-0.104365836596476,0.096625123919354,-1.08011076584577,0.280092858321607,0.472654025974106,"AC007114.1"
"ENSG00000263006.6",47.9927022201197,0.0483566394238967,0.102542955835199,0.471574463892114,0.637230557378415,0.781161186786277,"ROCK1P1"
"ENSG00000263011.1",10.7527281248964,-0.35283347368865,0.12901041694927,-2.73492235768367,0.00623949915407786,0.0389664745640582,"AC108134.4"
"ENSG00000263017.1",1.62120944983204,-1.04760237000059,0.302775069854616,-3.46000207514978,0.000540171225103037,0.00711107971425679,"AC036164.1"
"ENSG00000263033.2",7.21768102811877,-0.109018559551809,0.163767694040712,-0.665690264434617,0.505609097562884,0.681176905356146,"AC007220.1"
"ENSG00000263050.1",10.8072482160608,-0.326252998688387,0.145007031616788,-2.24991157360271,0.0244545591146492,0.0969937618065302,"AC090617.5"
"ENSG00000263063.1",7.15425976216243,-0.0308206820252988,0.148276161172291,-0.20785999436205,0.835338286756232,0.910370800385454,"AC024361.2"
"ENSG00000263069.6",126.445144278168,-0.549547044200365,0.136305360991806,-4.03173463025713,5.53666836869482e-05,0.00142672058822722,"RNF213-AS1"
"ENSG00000263072.8",366.963554313002,-0.0589891816044119,0.0753036278318299,-0.783351125342171,0.433420948469039,0.619361474692237,"ZNF213-AS1"
"ENSG00000263080.1",8.8851638610262,-0.0562379345662005,0.144680302740148,-0.388704844412763,0.697494498327293,0.823318005063307,"AC009121.3"
"ENSG00000263089.1",16.5126825427998,-0.796916133648264,0.181979893647533,-4.37914385856147,1.19146463407381e-05,0.000454380665088422,"AC007114.2"
"ENSG00000263096.1",7.48155772234224,-0.403095952857072,0.254863622094847,-1.58161431413331,0.113737644273454,0.265643353335604,"AC007638.2"
"ENSG00000263105.1",7.99234656683815,0.263024119088999,0.127441145571678,2.06388696452092,0.0390284349725773,0.132453994448727,"AC009171.2"
"ENSG00000263120.1",7.65830825918046,-0.684118089266386,0.205228869320312,-3.33343983978514,0.00085779219937699,0.0098852459999509,"AC004584.3"
"ENSG00000263126.1",14.5625536845944,-0.346207226335129,0.135732519341311,-2.55065792645138,0.0107519798849584,0.0563160221110666,"AC040162.3"
"ENSG00000263142.5",2.94721419374579,-0.221201419765245,0.224909145936765,-0.983514560263537,0.325354252785512,0.518799709659852,"LRRC37A17P"
"ENSG00000263146.2",2.21758365309789,-0.508197788475049,0.848954125941994,-0.598616312643697,0.549428775444556,0.715290823168014,"LINC01896"
"ENSG00000263154.1",10.4372231165979,-0.0108003830079312,0.195627829467921,-0.0552088270738712,0.955972096674956,0.977433174086337,"AC110285.3"
"ENSG00000263155.6",131.019187179528,-0.0465764955503508,0.196425358948401,-0.237120582595376,0.812563245050961,0.897328781925224,"MYZAP"
"ENSG00000263164.1",5.49309930528147,-0.310106424040416,0.154158257042717,-2.0116108600948,0.0442609737006499,0.144050747750552,"AC087500.2"
"ENSG00000263167.1",5.76447642268284,-0.721068340053308,0.248279386053597,-2.90426181373611,0.00368120183329189,0.0271572605040001,"AC115099.1"
"ENSG00000263177.1",3.1487004144023,-0.866396984793223,0.262449634939051,-3.3011933317965,0.000962745177479421,0.0107127925113043,"MTND1P8"
"ENSG00000263179.1",3.12475516732107,0.0859800420890848,0.163302366752497,0.526508242341627,0.598535126739578,0.753242486280127,"HNRNPCP4"
"ENSG00000263207.2",2.50158077072308,-1.08623715208237,0.403828876703675,-2.68984516646994,0.00714851776620872,0.0427883595689283,"AC109462.2"
"ENSG00000263219.1",5.60996065154248,-0.855351890345578,0.198929929675974,-4.29976470478231,1.70979544137858e-05,0.00059111339179457,"RYKP1"
"ENSG00000263220.1",5.48801306978858,-0.613531741761066,0.196604553922612,-3.120638507705,0.00180459410322807,0.0167029056098894,"AC015727.1"
"ENSG00000263232.2",4.71553906004778,-0.0130722005070876,0.142251645162863,-0.0918948985941168,0.926781544645033,0.961704836238221,"ATP5F1AP3"
"ENSG00000263235.1",18.2185078807976,-0.176692470305744,0.146960178452271,-1.2023152949772,0.229241393235957,0.415444652169437,"AC006111.2"
"ENSG00000263257.3",2.35775996371325,-0.206917977448779,0.213061616076688,-0.971164967482003,0.331466136005172,0.525050055477219,"AC040173.1"
"ENSG00000263264.2",27.479694984793,-0.214384364296482,0.147380890811084,-1.45462795832389,0.145772286601412,0.311556282454717,"AC119396.1"
"ENSG00000263266.2",248.912649345736,-0.203463744079348,0.13169121932571,-1.54500615243089,0.122344775209734,0.278197727294151,"RPS7P1"
"ENSG00000263272.1",143.369650280258,-0.356173785894205,0.121669172451948,-2.92739548331251,0.00341813925046774,0.0259360745186002,"AC004148.1"
"ENSG00000263276.1",19.1235614525381,-0.413484423587898,0.141044263383225,-2.93159334289575,0.00337228006538875,0.0256566088247229,"AC020978.7"
"ENSG00000263280.2",12.4534342125445,0.311531752982951,0.13705123671245,2.27310428169708,0.0230198964751586,0.093156851020719,"AC003965.1"
"ENSG00000263293.2",22.12428263195,-0.101135129620653,0.175050330786954,-0.577748863232598,0.563433684327966,0.726703508012667,"THCAT158"
"ENSG00000263300.1",3.21347402919005,-0.346399504194936,0.240597549820137,-1.43974659947241,0.149939104209219,0.317068254346897,"AC015853.3"
"ENSG00000263301.1",27.986228051318,0.307723837133961,0.183480307661693,1.67714912328004,0.0935133249216071,0.234473499519134,"AC113189.3"
"ENSG00000263307.1",14.2176363855673,-0.269976636860999,0.148828104387219,-1.81401649891728,0.0696751856983931,0.19344580181887,"AC007216.4"
"ENSG00000263316.1",10.6845253387715,-0.31140833647493,0.214678245284252,-1.45058171154045,0.146896370883452,0.312939651639543,"AC027763.2"
"ENSG00000263321.1",3.67953458840665,-0.342454436996608,0.178812634032712,-1.91515794646792,0.0554723637477492,0.166550082535681,"AC024361.3"
"ENSG00000263325.1",10.5730219338431,0.25465819705679,0.17695100489458,1.43914524367073,0.150109375528134,0.317267105095109,"AC003965.2"
"ENSG00000263326.1",8.45781719256725,-0.183674068816729,0.161821516876939,-1.13504107711713,0.256358107802031,0.446972007491648,"AC133552.4"
"ENSG00000263327.6",113.520964623752,-0.0880550341715017,0.108473804430378,-0.8117631222939,0.416927566490751,0.605459716966613,"TAPT1-AS1"
"ENSG00000263338.1",4.42890171720733,-0.25668647878198,0.218342653926943,-1.17561307497831,0.239749528311999,0.427554458216863,"AC027796.5"
"ENSG00000263345.1",56.3781008950713,-0.417472073400301,0.143011410848877,-2.91915219157897,0.00350984820933514,0.0263423022482412,"AC006435.2"
"ENSG00000263361.1",3.40453576935252,-0.216192561679123,0.203919849886762,-1.06018399777744,0.289060899677233,0.481425939617515,"MIR378H"
"ENSG00000263368.1",41.9961543322737,-0.409906924882567,0.213391016436829,-1.9209193138827,0.0547418804382571,0.165227739664386,"AC069366.1"
"ENSG00000263370.1",3.37359652018466,-0.794297789178114,0.237929611157959,-3.33837299742732,0.000842705437567476,0.00978249377020013,"AC104564.1"
"ENSG00000263393.1",10.3484505551485,-0.806640753351127,0.187657292022788,-4.2984780642213,1.71974917365605e-05,0.000593322375528817,"AC011825.2"
"ENSG00000263400.8",14.2783620430332,0.112298117255614,0.149727239671541,0.750017949318802,0.453243894402956,0.636499001996012,"TMEM220-AS1"
"ENSG00000263412.1",25.9370725421717,-0.0848445390827525,0.129298527052348,-0.656191072063817,0.511701192555545,0.68660598918877,"NFE2L1-DT"
"ENSG00000263413.2",3.73383948394473,-0.294249635075928,0.257307694018443,-1.14357107041983,0.252801564956084,0.442974868530679,"MIR4538"
"ENSG00000263426.2",0.885078063044965,1.32639347917159,0.850490184208538,1.5595635361811,0.118863059076852,0.273200402198526,"RN7SL471P"
"ENSG00000263427.1",7.02305726700015,-0.298229814800782,0.249581622715057,-1.19491896701572,0.232118691597557,0.418802455630542,"AC129492.2"
"ENSG00000263429.3",0.767181223449731,-0.603354169915562,0.615790818950292,-0.979803776457839,0.327182987633328,0.520792847928686,"TMEM238L"
"ENSG00000263432.2",19.0151914557771,-0.0278380469792904,0.100535479705875,-0.276897738596693,0.78185862907036,0.879049687209223,"RN7SL689P"
"ENSG00000263438.6",1.77290291997649,-0.0917237183351807,0.35225844901758,-0.260387560868989,0.79456483710207,0.886747355914428,"LINC01919"
"ENSG00000263450.1",2.8532361601754,-0.723202653123257,0.382404820639048,-1.89119648626472,0.0585981202318233,0.172814883238382,"AC090371.1"
"ENSG00000263465.4",2486.33397376991,-0.0229298830082065,0.0524863285225544,-0.436873442164145,0.66220313325115,0.799663725619534,"SRSF8"
"ENSG00000263466.1",7.39606198263964,-0.507548518841529,0.201700965920207,-2.51634153820718,0.0118580210007719,0.0600074621034656,"AC006441.1"
"ENSG00000263477.1",2.73686518168849,-0.690560606108777,0.446950868154881,-1.54504813685579,0.122334620344517,0.278197727294151,"AC104982.2"
"ENSG00000263479.2",0.522093153077978,2.01821501103313,1.38739616846168,1.45467823604479,0.145758360527759,0.311556282454717,"RN7SL509P"
"ENSG00000263482.3",6.69397258277929,-0.471843620941573,0.190206192954819,-2.48069536333999,0.0131126385632134,0.0642660202686685,"ANTXRLP1"
"ENSG00000263489.1",1.78542432582196,-1.24279197647764,0.429488885665075,-2.89365340514725,0.00380788230975707,0.027759103511877,"AC127029.2"
"ENSG00000263499.1",2.84455258188265,-1.74114345073182,0.353653918732918,-4.9232974908635,8.50979344852118e-07,6.55825354818555e-05,"AC007431.1"
"ENSG00000263501.1",2.65530829701709,-1.96369030718479,0.423411040807353,-4.63778720422704,3.52159074212153e-06,0.000187291246928837,"AC005828.2"
"ENSG00000263503.1",13.1413042279409,-0.171541783615924,0.405358692636158,-0.423185161024527,0.672160172462237,0.806713360554624,"MAPK8IP1P2"
"ENSG00000263511.1",0.89901780878716,0.0272028058350266,0.756541190961366,0.0359568073226243,0.971316799428044,0.985675756015541,"MIR5699"
"ENSG00000263513.5",20.8752121542219,0.213261682870765,0.190946262969526,1.11686753934954,0.264050965658194,0.455691468439468,"FAM72C"
"ENSG00000263528.8",773.163834306907,0.135670843524196,0.0810746428868494,1.67340661263897,0.0942472769674324,0.235604039050663,"IKBKE"
"ENSG00000263529.2",0.687499056308902,1.74316675400486,1.01987584571008,1.70919505676811,0.0874148242279189,0.224456404675313,"RN7SL122P"
"ENSG00000263531.1",7.56508059689116,-0.227791128442744,0.151980159853486,-1.49882148210887,0.133919950064786,0.295193120862481,"AC130324.1"
"ENSG00000263535.2",12.2383765458415,0.390581680912446,0.167997357029398,2.32492753349744,0.0200758354297558,0.0853914214963108,"AK4P1"
"ENSG00000263547.2",1.15564569795294,-0.0942820807786176,0.590841922126363,-0.15957242918598,0.873217898959999,0.932274355761777,"AC011095.1"
"ENSG00000263551.6",5.92007878354306,0.0381005233456101,0.356170426001931,0.106972731490636,0.914810612717067,0.954836037713699,"AP000829.1"
"ENSG00000263563.6",67.7042162270807,0.038010589386298,0.142265751484928,0.267180182085671,0.789330434084622,0.883214967465865,"UBBP4"
"ENSG00000263574.2",4.47338117236553,-0.401981087210547,0.252524642368983,-1.59184895160917,0.111418648043779,0.262041611282958,"AC125421.1"
"ENSG00000263584.1",1.192329515775,-1.53489249781107,0.596076210919601,-2.57499371673147,0.0100241907624011,0.0538456571559568,"MIR4480"
"ENSG00000263586.1",11.0276550150317,-0.207007331845016,0.184304242925068,-1.12318267099894,0.261359920763845,0.452799908518015,"HID1-AS1"
"ENSG00000263588.1",3.08313710740174,-0.247270514051097,0.408198430725983,-0.605760569954482,0.544673756438159,0.711912035689998,"AC091043.1"
"ENSG00000263595.2",1.65635983516769,-0.169961889652175,0.306035989532775,-0.555365693791947,0.57864455290214,0.737776236970394,"RN7SL823P"
"ENSG00000263603.1",8.79887009877624,-0.267706769801941,0.176010222859567,-1.52097284721659,0.12826665138123,0.287335595776832,"AC127024.2"
"ENSG00000263606.1",12.128413526588,-1.02855352626527,0.191513548822295,-5.37065671118477,7.84504250148369e-08,1.15741357033019e-05,"CHORDC1P4"
"ENSG00000263612.1",6.42570754306996,-0.259977009835162,0.246396103194274,-1.05511818760454,0.291371274881272,0.483802932597792,"AF186192.3"
"ENSG00000263616.2",0.746285382452632,-0.946616180198814,0.788855622573208,-1.19998660478707,0.230144542812337,0.416469304481528,"RN7SL178P"
"ENSG00000263624.1",10.9522310116883,-0.0189249592448186,0.212989469044895,-0.0888539669575376,0.929197967829868,0.962698572675344,"AC055811.1"
"ENSG00000263627.1",9.04690377060767,-0.0158507537845845,0.124518076643075,-0.127296808719748,0.898705486033022,0.946076068630158,"PPP4R1-AS1"
"ENSG00000263639.7",975.868822953388,-2.18460920884601,0.318129076254122,-6.86705294143232,6.55417519107617e-12,7.27360515454997e-09,"MSMB"
"ENSG00000263642.1",1.78260889016346,-1.31251937440235,0.679551932478904,-1.93144822591332,0.0534276461470543,0.162582989204423,"MIR4802"
"ENSG00000263655.1",3.64176468185334,0.364738428716651,0.335781192955375,1.08623840872805,0.277373528449223,0.470073651446168,"AC090125.1"
"ENSG00000263657.1",6.1041185074613,-0.746817650839569,0.227258004968052,-3.28621053830229,0.00101545080664353,0.0111118772268482,"AC023389.1"
"ENSG00000263675.1",4.94766686147128,-0.355914263595024,0.169392672209692,-2.10111959952103,0.0356304688100049,0.124409564561247,"MIR5581"
"ENSG00000263680.2",8.70665083061895,-0.280360317258935,0.223381918690527,-1.25507166785216,0.209452744441335,0.391670985210366,"AC007639.1"
"ENSG00000263708.2",1.39446687651399,-1.67470443170401,0.613178995822184,-2.7311836235657,0.00631072996429424,0.0392936474099959,"AC005695.2"
"ENSG00000263711.6",341.454669007954,0.00665196654386583,0.355550825804237,0.0187089047784362,0.985073324513083,0.992898634504443,"LINC02864"
"ENSG00000263718.2",31.1040537747271,-0.240282640865643,0.166813256871155,-1.44042892856672,0.149746084101495,0.316821071300907,"SEPTIN9-DT"
"ENSG00000263724.2",6.44572975515094,-0.0457796248052482,0.299191489232709,-0.153011119810434,0.878389506213557,0.935096944118692,"DLGAP1-AS3"
"ENSG00000263731.1",92.2676868416003,-0.0991655582652782,0.0974608837940805,-1.01749085791998,0.308919979105602,0.502803793361836,"AC145207.5"
"ENSG00000263740.2",56.561077529397,-0.879378890424141,0.221982227929174,-3.96148330714438,7.44855903111562e-05,0.00178792268077096,"RN7SL4P"
"ENSG00000263745.7",27.3644574380414,-0.206038264971807,0.271722388185283,-0.758267533079802,0.448290839525243,0.632493406802301,"AP005230.1"
"ENSG00000263753.8",1301.08127613636,-0.139660592510652,0.0599067183018838,-2.33130100378508,0.0197374933374679,0.084560592675887,"LINC00667"
"ENSG00000263755.2",0.714511065115619,1.89747198056244,0.726345476237262,2.61235464753226,0.00899209202693716,0.049955651197539,"RN7SL498P"
"ENSG00000263766.5",12.78531829925,-0.295037638898974,0.130018066947897,-2.26920493301293,0.0232558664261346,0.0938380270179733,"AC025682.1"
"ENSG00000263786.1",20.3386469898893,-0.340190415054205,0.154964148690995,-2.19528463794911,0.0281431861738895,0.106124260650957,"AC022211.1"
"ENSG00000263787.1",5.36062320286485,-0.84593412334589,0.23204741802935,-3.64552267174503,0.000266848886706578,0.00440379931594761,"SKAP1-AS1"
"ENSG00000263794.2",0.934121030223936,0.8007812816331,1.11581423411443,0.717665411634262,0.472963614945917,0.653505555715371,"RN7SL457P"
"ENSG00000263813.1",1.08117776671699,-0.961005488366305,0.757109130807162,-1.26930907218325,0.204330851934765,0.38553624559162,"MIR3679"
"ENSG00000263815.2",1.29308188612586,0.326007259711828,0.36771494180934,0.886576047488605,0.375307194328371,0.566999249067291,"RN7SL426P"
"ENSG00000263818.5",16.1867456751141,-0.118451271366445,0.138309244870992,-0.856423382810964,0.391763635477066,0.582562272363123,"RDM1P5"
"ENSG00000263823.1",16.3775749220593,-0.147399302695162,0.0889679030641473,-1.65676943727543,0.0975660982861022,0.24068376631885,"AC009831.1"
"ENSG00000263826.1",19.6446854890139,0.151938771023623,0.128540226708326,1.18203285395156,0.237192665060263,0.424767650898355,"AC112907.3"
"ENSG00000263829.1",3.59199363264237,-0.185195135966736,0.201744367385485,-0.917969301283504,0.358634937907129,0.551757531781055,"SINHCAFP1"
"ENSG00000263834.1",9.65904959868414,0.095852721226727,0.166375895371098,0.576121444833878,0.564533097373653,0.727360697014746,"MIR4635"
"ENSG00000263841.2",1.23081178182765,1.31604569321649,0.58742608617751,2.24035963704002,0.0250675844465154,0.0987545957848581,"RN7SL44P"
"ENSG00000263843.1",60.970131394635,0.0633526106301999,0.0978236013840771,0.647620919019977,0.517230163789848,0.690945040404594,"AC022211.2"
"ENSG00000263846.1",2.86687600428383,-0.278677882121107,0.206150866861045,-1.35181523301063,0.176434429831757,0.352074278294892,"CIAPIN1P"
"ENSG00000263847.1",23.3310532418426,-0.241485090629751,0.166527935465272,-1.45011760312198,0.147025727075557,0.313052265248707,"AP005899.1"
"ENSG00000263857.1",1.20280197167475,-0.359253222125319,0.81182659030268,-0.442524581501297,0.658109646386927,0.796511722304783,"MIR4729"
"ENSG00000263874.2",95.8522592527938,-0.181429601584169,0.126030594662374,-1.43956792452027,0.149989679866445,0.317124537361168,"LINC00672"
"ENSG00000263878.2",2.29050278168617,0.604593797809115,0.416530171620623,1.4515006090838,0.146640512758658,0.312694715382949,"DLGAP1-AS4"
"ENSG00000263884.1",9.11335597052701,-0.0580265198043229,0.133200369889861,-0.435633323333133,0.663102789346446,0.800373471190832,"AP000845.1"
"ENSG00000263893.2",70.4103795203602,-0.112517274448172,0.227606526043335,-0.494349948589562,0.621059055432734,0.769860716826346,"AC080037.2"
"ENSG00000263905.2",1.09462710494004,1.44829554046689,0.624948138600097,2.31746516392723,0.0204784061820493,0.0865467268052517,"RN7SL555P"
"ENSG00000263916.1",9.40105079097068,-0.405763793090871,0.121909932879997,-3.32838993103449,0.000873495137554649,0.0100142126772062,"AC100778.2"
"ENSG00000263924.1",3.28707105934256,-1.165456529177,0.27007637460185,-4.3152850037147,1.59397119951227e-05,0.000556852918629192,"AC022960.1"
"ENSG00000263934.5",139.922858284545,-0.903742849340085,0.254878025700115,-3.54578566299557,0.000391444456605371,0.00573607407295889,"SNORD3A"
"ENSG00000263944.2",0.379926752677417,1.07674494199451,1.0659028610254,1.01017173456002,0.312413018773431,0.506484545871828,"RN7SL435P"
"ENSG00000263946.1",11.8936414782256,-0.0262516102514023,0.277241197604853,-0.0946887060011124,0.924562088974627,0.960389555028931,"AC015818.3"
"ENSG00000263956.6",314.209884202468,-0.348386979674543,0.0882295423070129,-3.94864317058632,7.85954045610562e-05,0.00184532919890779,"NBPF11"
"ENSG00000263958.2",1.79467236356168,1.18715846832835,0.322540782091792,3.68064608955556,0.000232643722968974,0.0040152449293966,"AC091138.1"
"ENSG00000263961.8",83.4772111684328,-0.218749513760035,0.182811523125999,-1.19658493085945,0.231468376861238,0.418069585571595,"RHEX"
"ENSG00000263968.2",22.5427422177626,-0.508608416719396,0.196087689570968,-2.59378045522496,0.00949270821777631,0.0517929752039375,"RN7SL381P"
"ENSG00000263969.2",0.966462446710614,1.14974346939121,0.684828048746411,1.67887905802899,0.0931756167249983,0.233873326871635,"RN7SL678P"
"ENSG00000263982.1",5.81725839610655,-0.33502819650916,0.197345266725717,-1.69767535886636,0.0895690509721632,0.227931087213654,"AC009716.1"
"ENSG00000263988.2",1.10998271985861,1.62025263666859,0.81394671946702,1.99061265057932,0.0465234883850122,0.148693920539376,"RN7SL147P"
"ENSG00000263989.2",1.2702336503626,-1.59670016773985,0.846747206642158,-1.88568696207655,0.0593371508592027,0.174299608572034,"RN7SL615P"
"ENSG00000263990.1",20.077857592827,-0.30970716630999,0.122728389924536,-2.52351690183849,0.0116187475108166,0.0592726732931391,"AC004253.1"
"ENSG00000263993.2",1.57860321052256,0.623141098998797,1.16504142132158,0.534866046472346,0.592742488381909,0.748773902377473,"RN7SL786P"
"ENSG00000264006.8",3.21532812547341,0.0743900743848512,0.268999292472896,0.276543754821759,0.782130457891808,0.879083944229737,"AKR1C8P"
"ENSG00000264012.1",4.04003768940852,-0.17322409133785,0.275607394157914,-0.628517576123515,0.529664936396397,0.700184027295821,"AC091588.1"
"ENSG00000264017.2",3.86893158528251,0.0152545208987745,0.200421971254062,0.0761120190731852,0.939329978042149,0.96826778620835,"RN7SL336P"
"ENSG00000264026.2",7.99053023707571,0.0840964683538349,0.245469167480405,0.342594832650614,0.731903290018976,0.846620906699091,"LINC02003"
"ENSG00000264044.1",3.49901589634265,-0.0095220016409962,0.244208170535016,-0.038991331125962,0.968897300118738,0.984180431195178,"AC005726.2"
"ENSG00000264057.1",17.1116329740462,-0.404582411862575,0.166393796608941,-2.43147533206075,0.0150374722503919,0.0704832554740672,"AC103810.1"
"ENSG00000264067.1",2.07944148516587,-0.331391718163443,0.305139398181097,-1.08603385907829,0.277464012493524,0.470155199915864,"AC005291.1"
"ENSG00000264070.1",26.2239538696266,-0.0362842249203361,0.1412654915935,-0.25685129829687,0.79729356780015,0.888073154555811,"DND1P1"
"ENSG00000264080.1",1.60503724856576,-0.218743657208292,0.5124564134993,-0.42685319462509,0.669486258634798,0.804972311887969,"AP005057.1"
"ENSG00000264083.1",4.4613668214573,-0.0277582338383328,0.218015251613161,-0.127322440209762,0.898685200125154,0.946076068630158,"AC005899.1"
"ENSG00000264107.1",18.015757512598,0.203953944014986,0.138540330769802,1.47216296425533,0.140976875905828,0.304755738558063,"AC138207.2"
"ENSG00000264112.1",557.291412011579,-0.0141771839551334,0.148222034090413,-0.0956482890154206,0.923799911894062,0.959957254180499,"AC015813.1"
"ENSG00000264125.1",3.02359359863944,-0.634596839158025,0.345306140415578,-1.83778034874875,0.0660947784662281,0.187005477987264,"AC104984.1"
"ENSG00000264128.2",0.555620096440467,1.13598347946164,0.910896485968906,1.24710490924039,0.212359033124686,0.394954109712725,"RN7SL713P"
"ENSG00000264148.1",9.99938608946218,-0.154868700492661,0.122098936873362,-1.2683869692763,0.204659792752469,0.385828906008377,"AC138207.3"
"ENSG00000264151.6",0.704997218845432,0.37180362871566,0.532936378130796,0.697651059249721,0.485395441741523,0.664438943167398,"AC090403.1"
"ENSG00000264160.1",1.70425091100988,-1.34687160265996,0.726162850011421,-1.85477899707865,0.0636277924652988,0.182616257346271,"MIR4762"
"ENSG00000264169.2",5.19909674473725,-0.50589073202224,0.391176276978026,-1.29325514300208,0.19592282942365,0.375719069178134,"RN7SL665P"
"ENSG00000264175.1",18.1328477015925,-1.27200915393609,0.257240262770995,-4.94482916567568,7.62106668005692e-07,6.08042982621872e-05,"MIR3189"
"ENSG00000264176.1",10.5440370375126,-0.16584709365357,0.125507487730307,-1.3214119464326,0.186364044851359,0.364367990801336,"MAGOH2P"
"ENSG00000264177.1",8.78721941771138,-0.226548091510111,0.210895804058493,-1.0742181074749,0.282724938562351,0.475175999775676,"AL353997.2"
"ENSG00000264186.1",2.34776869727317,-1.31707155038491,0.402994447502668,-3.26821264795761,0.00108229015913687,0.0116159530200335,"SNRPCP4"
"ENSG00000264188.1",5.34116631027021,-0.131603603451896,0.147065211931509,-0.894865629494942,0.370858921928069,0.563224436080248,"AC106037.2"
"ENSG00000264196.1",2.47135244509402,-1.67240993615612,0.352977700944149,-4.7380045019352,2.15833018772997e-06,0.000131366155283536,"AC011120.1"
"ENSG00000264204.2",11.2653663392161,-0.243465579493593,0.182976194062718,-1.33058609476893,0.183325240384943,0.360706281555935,"AGAP7P"
"ENSG00000264217.2",1.32479963883117,-1.7467858326016,0.58230352555533,-2.99978577484265,0.00270169550038793,0.0220099062122882,"RPL35AP23"
"ENSG00000264229.1",8.20901017636657,-0.333574014351699,0.301635635728951,-1.10588397006065,0.268776743879966,0.460550287360688,"RNU4ATAC"
"ENSG00000264230.9",117.028503368575,0.423835238893819,0.281198234542345,1.50724715460471,0.131747317522888,0.292105983103991,"ANXA8L1"
"ENSG00000264235.6",7.00755674476472,-0.0749839418488185,0.110165150030483,-0.680650294835259,0.496092794496883,0.673232682802133,"AP005329.1"
"ENSG00000264247.2",349.925510554712,-0.0189318491569408,0.0612551657235204,-0.309065348747745,0.757271817307812,0.862739986094138,"LINC00909"
"ENSG00000264265.1",0.335023756032521,0.86018778277302,0.711625431216227,1.20876481508381,0.226753212670284,0.412406159382273,"LINC01925"
"ENSG00000264269.1",15.8943379324228,0.0237040814804926,0.139529529130635,0.16988576990251,0.865099972414743,0.92801177283168,"AC016866.1"
"ENSG00000264270.1",2.92667813060191,-0.854952374664771,0.2908948465817,-2.93904269776966,0.00329227715367206,0.0252266474746154,"AC087749.1"
"ENSG00000264273.1",1.72237270403161,-0.323108104398988,0.312584261237367,-1.03366722022396,0.301291762456535,0.494157675130077,"AC107982.2"
"ENSG00000264275.1",1.97172182508204,0.430447138396882,0.356464679571978,1.20754499131229,0.227222329207841,0.412954473842277,"RN7SL753P"
"ENSG00000264278.1",63.4752741521388,0.184795693390394,0.0982860397755649,1.88018251434662,0.0600832078326941,0.175891464759006,"ZNF236-DT"
"ENSG00000264281.3",35.6838976963227,0.076688997780891,0.100848228910634,0.760439708354702,0.446991795407769,0.631658101062325,"AC016596.2"
"ENSG00000264290.1",13.1662322036141,-0.327686366679171,0.125440181698143,-2.6122918688663,0.00899374356588237,0.049955651197539,"AC104564.3"
"ENSG00000264296.1",2.09333055137664,-0.357789438559934,0.276602170410974,-1.2935163814092,0.195832522086337,0.375610793744695,"AC090666.1"
"ENSG00000264301.1",2.34643996017659,0.819734223335151,0.471699100719214,1.73783291527433,0.0822402590330546,0.215881490498107,"LINC01444"
"ENSG00000264304.1",9.61067598889316,-0.248999475485726,0.140143761491385,-1.77674320166604,0.0756105007769242,0.204011702922938,"AC024267.3"
"ENSG00000264322.2",1.08957096059885,0.189846292248798,0.512401302892908,0.37050314114536,0.711007636531423,0.832891320761113,"RN7SL448P"
"ENSG00000264343.6",4.81668319345687,-0.184795404277678,0.256756333454985,-0.719730655875238,0.471690847494242,0.652403447535449,"NOTCH2NLA"
"ENSG00000264345.2",4.11864841796483,-0.145667349844897,0.182596428084011,-0.79775574677658,0.425012246440046,0.612604239359617,"LINC01894"
"ENSG00000264350.1",99.6652754220973,-0.00190763490316019,0.112335614236033,-0.0169815682776432,0.986451320036586,0.993307169128322,"SNRPGP2"
"ENSG00000264364.3",6877.50572194631,0.0469698553644422,0.061546514030732,0.7631602878595,0.445367809100492,0.63015854094274,"DYNLL2"
"ENSG00000264370.1",2.41535938972915,0.515598850331304,0.253271325420789,2.03575690803008,0.0417747714975778,0.138402574133631,"MIR3125"
"ENSG00000264421.1",2.0157574467822,-1.11508644983838,0.460976970064758,-2.41896346726765,0.0155648033255336,0.0721022675827172,"AC007448.3"
"ENSG00000264424.1",3.17353663118433,-0.61356143280448,0.334500625817061,-1.83426094138323,0.0666152690820809,0.188066889567364,"MYH4"
"ENSG00000264425.1",12.3009571184151,0.0103960312399556,0.166013240336519,0.0626216994432628,0.950067749670941,0.973848694267076,"MIR4653"
"ENSG00000264434.2",1.00143165799822,-1.98514452015048,1.11682466839222,-1.77748985703216,0.0754876782012947,0.203845508180364,"AC110603.1"
"ENSG00000264443.1",7.23500757078261,0.146041780170595,0.171911013076181,0.84951962970446,0.395592212130934,0.5861610004217,"NCMAP-DT"
"ENSG00000264449.6",13.9357915771721,-1.22995975194678,0.227024031413204,-5.41775134680849,6.03532712833227e-08,9.56829267064601e-06,"AP001021.1"
"ENSG00000264451.1",1.70881206030101,-0.223134207249692,0.391163685547543,-0.570436918082909,0.568381395910059,0.730058711961173,"AC036222.1"
"ENSG00000264456.1",84.151391105517,-0.210181100539004,0.103620693747963,-2.02836994172445,0.042522505495533,0.140099136611853,"AC138207.4"
"ENSG00000264458.1",2.52813258298004,-1.08801290546578,0.43844410484222,-2.48153161018624,0.0130819106775344,0.0641626476410064,"AC025211.1"
"ENSG00000264472.4",3.53763080363905,-0.805523476082716,0.341185335209451,-2.36095574151278,0.018227905873412,0.0803118291756593,"AC096708.2"
"ENSG00000264480.1",1.1446902294994,0.0659015463656345,0.777812106686852,0.0847268200110011,0.932478573343111,0.964400271576285,"MIR4714"
"ENSG00000264491.1",2.3135470251737,-0.2453503554055,0.268332624038804,-0.914351567515768,0.360532142218962,0.553627443886164,"AC005544.1"
"ENSG00000264500.1",4.03364486724693,-0.0274472473587653,0.134252050053433,-0.20444564792747,0.838005261521561,0.911838733604782,"MIR3124"
"ENSG00000264513.1",11.5556237342623,-0.640424914115482,0.233712031619601,-2.74023082884267,0.00613960485415685,0.038545326119073,"AC006270.1"
"ENSG00000264520.1",7.32144616587345,-0.530500394000797,0.195964782842614,-2.70712107709098,0.00678694997741762,0.0412708539905324,"AC005154.4"
"ENSG00000264522.6",1979.29108150388,-0.018788838594651,0.0660866408966046,-0.284306152343966,0.776175771714471,0.875308511824996,"OTUD7B"
"ENSG00000264529.1",2.4967685221197,-0.717838990286519,0.281737402612891,-2.5479009305443,0.0108373242574917,0.0566068936491006,"DNAJB6P8"
"ENSG00000264536.1",0.915442566572535,-0.246622482272825,1.26825569362976,-0.194458013089607,0.845817268854219,0.916421320358094,"MIR5706"
"ENSG00000264538.6",403.7675359759,-0.276800553405276,0.0932053756036992,-2.9697917272734,0.00298001712455692,0.0235215054831374,"SUZ12P1"
"ENSG00000264546.1",6.08766951788938,-1.10050520907389,0.219721734202581,-5.00863154511257,5.48184026636447e-07,4.71167432448968e-05,"AC008026.3"
"ENSG00000264548.1",13.4944352793497,-0.03365721881295,0.145146241183725,-0.231884880644941,0.816627427997736,0.899698102529158,"AC132872.2"
"ENSG00000264553.1",2.78145454512166,-0.138268588941114,0.261410832448267,-0.528932132024319,0.59685253092362,0.752063103173116,"MIR4257"
"ENSG00000264569.1",8.17182827772992,-0.298327044608556,0.192201164931114,-1.5521604393786,0.120623839316188,0.275694723966744,"DCXR-DT"
"ENSG00000264572.1",1.11820344778383,-0.717902268526047,0.582908397258527,-1.23158676715314,0.218103486555549,0.40200549837562,"MIR4296"
"ENSG00000264573.2",3.65950908891765,-0.169953851122521,0.241722858618654,-0.703093832721231,0.48199727532391,0.661781524835918,"RN7SL15P"
"ENSG00000264575.1",93.6904395750898,-0.0463529116708722,0.085908617557477,-0.539560674921347,0.589500042753844,0.746395567877006,"LINC00526"
"ENSG00000264577.1",57.5951880090394,-0.140684748042068,0.113594124556209,-1.23848613290254,0.21553586075271,0.398923471872359,"AC010761.1"
"ENSG00000264582.2",0.870301560974942,1.50375899464011,0.756531600425261,1.98770149692996,0.0468447132796216,0.149327400197265,"RN7SL326P"
"ENSG00000264596.1",2.2000159663547,-0.243699229080823,0.779656514198072,-0.312572555532975,0.754605431549499,0.86095999944316,"AP000897.1"
"ENSG00000264616.1",1.48657124686473,0.0610361712097914,0.396777338953619,0.153829781133055,0.87774395136611,0.934717480076976,"MIR4755"
"ENSG00000264618.2",2.49989706068794,-1.92502694201397,0.525283727369181,-3.66473743943151,0.000247592450968137,0.00420995682843829,"RN7SL732P"
"ENSG00000264630.5",4.52314922594386,-0.494333092134112,0.40664566015825,-1.2156359714788,0.224123624902881,0.408907707359252,"PRKCA-AS1"
"ENSG00000264635.1",5.9215231657107,-0.357805443395293,0.182769388674156,-1.95768802418656,0.0502666313459944,0.156214595108951,"AP001020.2"
"ENSG00000264644.1",15.0185339670474,0.223566377863229,0.150705966168031,1.48346069865583,0.137952050873539,0.300165847312772,"KRT18P8"
"ENSG00000264653.1",2.24297986774478,-1.00250109806872,0.406808871263612,-2.46430490798983,0.0137279274393734,0.0662958932751752,"MIR5194"
"ENSG00000264655.1",3.72338310715745,0.0012545635887376,0.147878994282072,0.00848371734490285,0.993231054109793,0.996823967819532,"PPIAP54"
"ENSG00000264659.2",11.285930918821,-0.957478595047569,0.283265582676598,-3.38014447784401,0.000724477356523284,0.00877730153956685,"AC064805.2"
"ENSG00000264660.2",2.35799810044285,-0.729243678693367,0.300874191154846,-2.42374952764911,0.0153611961495643,0.0714622622416865,"AC107926.1"
"ENSG00000264672.6",13.7158350439007,-0.0658057163995542,0.104367280629709,-0.630520561640674,0.528354054330363,0.699324966640116,"SEPTIN4-AS1"
"ENSG00000264678.1",1.31815313713702,-2.66103051470927,0.940039123738353,-2.83076570699192,0.00464367229778897,0.0317870652969724,"MIR3140"
"ENSG00000264705.1",7.64381139907991,-1.16061177067427,0.210848962916742,-5.5044699040448,3.70280707222425e-08,6.45432229610272e-06,"AC090337.1"
"ENSG00000264706.2",0.562392811813548,2.00509473500016,1.04377881541486,1.92099581385278,0.0547322352417844,0.165225204349754,"RN7SL217P"
"ENSG00000264707.1",20.3438416213416,-0.294944705547376,0.144811625218079,-2.03674743034756,0.0416753588121881,0.138211580833359,"L3MBTL4-AS1"
"ENSG00000264714.1",3.93696898304286,-0.168942671055017,0.303589055479858,-0.556484721716939,0.577879536054757,0.737252582536443,"KIAA0895LP1"
"ENSG00000264717.5",5.94392282401834,-0.169334437889999,0.270215782855649,-0.626663757758584,0.530879665425976,0.70095008815755,"NPY4R2"
"ENSG00000264727.1",6.85833585137495,-0.70523147663208,0.280928441759579,-2.51035983474974,0.0120608192022103,0.0606832180291958,"AC005725.1"
"ENSG00000264734.1",0.942845535063594,0.0841764922906943,0.769258893110674,0.109425439269616,0.912865057278638,0.953804178759029,"AC069061.2"
"ENSG00000264743.2",11.165448660672,-0.32215764674702,0.147947735213021,-2.1775098232032,0.0294425496880322,0.10931535706074,"DPRXP4"
"ENSG00000264745.1",14.9793307114208,-0.409074257651033,0.148354650792261,-2.75740770826157,0.00582616575050128,0.037187602824279,"TTC39C-AS1"
"ENSG00000264754.1",1.88913349780678,-0.778591890928387,0.506908055849719,-1.53596274895109,0.12454751677282,0.281629075524774,"AC110921.1"
"ENSG00000264767.2",0.620385923593987,1.06967804704322,0.636090215557784,1.68164518315256,0.0926376635187328,0.233085378743136,"RN7SL237P"
"ENSG00000264769.1",11.3860686718748,-0.0326156665993369,0.162869723389239,-0.200256167448566,0.841280241437688,0.913591643373358,"AC145207.8"
"ENSG00000264781.1",4.77410453026149,-0.123411532896182,0.244950847192823,-0.503821620992529,0.614386732788449,0.765379887548207,"MIR4537"
"ENSG00000264785.1",1.60334242078246,-0.454791855898989,0.418109544438482,-1.08773373377489,0.276712670978702,0.469402472339143,"AC005722.4"
"ENSG00000264792.1",1.15550111655791,-0.468422930065279,0.861558446254185,-0.543692574893614,0.586653042813979,0.743856486057272,"MIR4637"
"ENSG00000264796.1",1.29217962054768,-0.211996223101291,0.551216591860637,-0.384596955591804,0.700536050042386,0.825357304623864,"MIR5009"
"ENSG00000264801.1",2.77758490786903,0.0106884361438284,0.249244036075493,0.0428834178427082,0.965794467234699,0.98303816067886,"ERVFRD-3"
"ENSG00000264808.1",6.82766835602074,-0.320151646377663,0.171706509436693,-1.86452830139035,0.0622475509908138,0.180021517993152,"AC068025.1"
"ENSG00000264812.1",3.99673496370439,-0.2383555268906,0.138473593348959,-1.72130672084124,0.085195180559912,0.220728773163591,"AC132938.2"
"ENSG00000264829.1",2.48759657775328,-0.988999318776988,0.369361696168741,-2.67759036477125,0.00741538467088327,0.0437919165492616,"AC087749.2"
"ENSG00000264833.1",0.740384464720354,0.977030315185326,0.79978418120959,1.22161745398324,0.221852325059969,0.406434240808978,"RN7SL468P"
"ENSG00000264853.1",6.71459241557384,-1.43781081720696,0.28391515917384,-5.0642270084867,4.10060782459483e-07,3.87592984729863e-05,"AC011933.2"
"ENSG00000264859.6",20.8933367323525,0.129143472337095,0.132411676738838,0.975317853513866,0.329402617145613,0.52295080504644,"DSG2-AS1"
"ENSG00000264862.2",1.84346810894456,-0.498187098728177,0.385619331572225,-1.29191422197896,0.196386851952422,0.376370450267786,"RN7SL45P"
"ENSG00000264895.1",4.83338299744851,-1.73479217879996,0.356103964063967,-4.87158906910774,1.10704235512472e-06,8.08262305464197e-05,"AC006141.1"
"ENSG00000264914.1",2.79608441081594,-1.42805341688273,0.308026962724336,-4.6361312147883,3.54990668138365e-06,0.000187676887304141,"AC015845.1"
"ENSG00000264916.2",3.3114151738175,-0.346130306656624,0.4262793928502,-0.811979918480973,0.416803154489841,0.605384670728133,"RN7SL230P"
"ENSG00000264920.2",133.970914932872,0.0594360086697261,0.0930852231803361,0.638511749115962,0.523140608363937,0.695448854499569,"AC018521.5"
"ENSG00000264924.1",5.96422831767074,-0.546132078383,0.194842013967746,-2.80294823103916,0.00506377968351966,0.0337379261563779,"AC090772.1"
"ENSG00000264932.3",7.05921522196788,-0.886740157783794,0.246962485113459,-3.59058647055811,0.000329934747602352,0.00513295212706781,"AC115989.1"
"ENSG00000264937.1",8.60707990774593,-0.47837306210726,0.159757736995377,-2.99436553812166,0.002750162441668,0.0222908099880275,"AC100830.2"
"ENSG00000264940.5",2.59895741392344,0.205703482723806,0.760146656184986,0.270610257968098,0.786690805401356,0.881710572138795,"SNORD3C"
"ENSG00000264943.1",7.32671565683672,-0.171281350575473,0.154901693877531,-1.10574226974491,0.268838088758879,0.460602433565735,"SH3GL1P2"
"ENSG00000264954.2",10.8584375866527,-0.234434775320672,0.187963628271493,-1.24723478407246,0.212311422140683,0.394931510634135,"PRR29-AS1"
"ENSG00000264964.2",25.5319654633791,-0.0243971423327014,0.124424610166252,-0.196079716867127,0.844547771690185,0.9155004322625,"AP001033.1"
"ENSG00000264968.1",9.65905248258973,-0.246515364981129,0.14224317493187,-1.73305583975612,0.0830857443385244,0.217176233513582,"AC090844.2"
"ENSG00000264978.2",1.23445123127679,0.00541260512011481,0.771750327240715,0.0070134147392808,0.994404150535819,0.997369927811925,"RN7SL630P"
"ENSG00000264985.4",2.29905567129903,-0.59762092186539,0.30359194679604,-1.96850057510546,0.0490104700056229,0.15367353342411,"AC124804.1"
"ENSG00000265018.6",24.8140631876228,-0.433642483470091,0.187858811593735,-2.30834252485259,0.0209800929949961,0.0877941473205637,"AGAP12P"
"ENSG00000265033.2",3.47304444205386,0.373204468243895,0.226972644893532,1.64427069358493,0.100120300070344,0.244520624284183,"RN7SL262P"
"ENSG00000265055.2",57.3843741206964,-0.225282484088681,0.162451421386854,-1.38676831612451,0.165512421350301,0.337520403084371,"AC145343.1"
"ENSG00000265060.2",2.41478366554479,-0.560019380013231,0.482197831001597,-1.16138925562976,0.245483636408195,0.434520001432188,"PPY2P"
"ENSG00000265078.2",3.01189548380323,-0.646315036208544,0.435673938965042,-1.48348335395935,0.137946035863631,0.300165847312772,"RN7SL664P"
"ENSG00000265093.2",1.69685975895041,-1.20411106190711,0.400031206366869,-3.01004282351617,0.00261210858315695,0.0214781257246343,"RN7SL246P"
"ENSG00000265096.2",5.52781866730171,0.803422925079563,0.256656864082077,3.13033874216835,0.00174604833630935,0.0163060833830987,"C1QTNF1-AS1"
"ENSG00000265100.1",15.7964380312822,-0.189410209152466,0.12540352291867,-1.51040580634492,0.130939907957914,0.291110674834247,"AC005332.1"
"ENSG00000265107.3",1129.14057187781,-0.13183301600987,0.132013118532762,-0.998635722533531,0.317971188645526,0.511757458357125,"GJA5"
"ENSG00000265112.1",2.70729840364695,0.0858743890043345,0.201521798433396,0.426129528775103,0.670013464411989,0.805346875558804,"MIR3153"
"ENSG00000265113.1",1.91639711368559,-0.816100111387305,0.514604030088013,-1.58587975155913,0.112766589889305,0.26409243649301,"AC026474.1"
"ENSG00000265118.5",2.01983586811382,-0.342387320802031,0.542777623916579,-0.63080588755931,0.528167453321505,0.699203905659583,"AC134669.1"
"ENSG00000265121.1",8.65531859084154,-0.537184551961158,0.243239425560923,-2.20846004188006,0.027212220308322,0.103944062726591,"AC068594.1"
"ENSG00000265123.2",3.08197551227071,0.183929462529252,0.37142770200671,0.495195865939826,0.620461868508642,0.769367848564323,"RN7SL200P"
"ENSG00000265128.1",1.86884323146878,-1.2401548271452,0.570945123069929,-2.17210862661718,0.0298474704492637,0.110253758662617,"AC016866.2"
"ENSG00000265135.1",1.21527822776859,-0.956495109258792,0.912512821171022,-1.04819909054136,0.29454688948985,0.487118744065344,"MIR5687"
"ENSG00000265136.1",10.2471483105536,-0.310809068999977,0.169808361562503,-1.8303519693615,0.0671973249193023,0.188984671273723,"AC124283.4"
"ENSG00000265141.2",0.862243052335473,0.483175513600364,0.775083131907393,0.623385406945089,0.533031285336927,0.702514175318567,"RN7SL451P"
"ENSG00000265142.9",5.96327900175643,-0.686929273190878,0.272037461371347,-2.52512749430925,0.0115656321943315,0.0590665121408003,"MIR133A1HG"
"ENSG00000265148.6",79.316139808578,-0.227530564381571,0.103162644393823,-2.20555188090152,0.0274153914220742,0.104397506241126,"TSPOAP1-AS1"
"ENSG00000265158.1",7.97681938740781,-0.0266318899531127,0.183566401287935,-0.145080416493751,0.884647380062934,0.938702122861897,"LRRC37A7P"
"ENSG00000265178.1",2.1374156440853,-0.213799455415556,0.232045032560077,-0.92137053336922,0.356857007600436,0.550166258580288,"MIR4728"
"ENSG00000265179.7",4.62835384879644,-0.579805161565624,0.276881004352163,-2.09405900893142,0.0362547240010287,0.125889500017339,"AP000894.2"
"ENSG00000265185.6",2.84880125145309,-0.293355351796765,0.338109914217115,-0.867633096403049,0.385595222142569,0.576971763181688,"SNORD3B-1"
"ENSG00000265190.7",188.862572423471,0.20302372232175,0.272585254560952,0.744808161574096,0.456387700269663,0.63944014932125,"ANXA8"
"ENSG00000265194.1",27.3317070995321,-0.595874221642101,0.181026198563359,-3.29164632727757,0.00099602785249227,0.0109985921369901,"AL359922.2"
"ENSG00000265195.1",2.36574592609409,-0.0807347433159804,0.286907309749324,-0.281396606404068,0.778406220704554,0.876706813979606,"MIR4312"
"ENSG00000265201.1",2.61378033145158,-0.33503517027329,0.235395457702718,-1.4232864709582,0.154653127284418,0.323600175665022,"MIR4677"
"ENSG00000265203.2",1.11963159192417,0.0562952435173515,0.344707643281784,0.163313012097421,0.870271989272831,0.93064145198852,"RBP3"
"ENSG00000265204.1",2.62345012422759,-0.85618040602698,0.374501507540106,-2.28618680776683,0.0222433322099761,0.091211634347424,"AC090772.2"
"ENSG00000265205.1",22.351737428201,-0.800202106580209,0.183331182455389,-4.36478997114922,1.27244956212477e-05,0.000477068280088064,"AC010761.3"
"ENSG00000265206.5",91.6228192542937,-0.266345073254271,0.168495139389513,-1.58072852557815,0.113940123123722,0.265905545994538,"AC004687.1"
"ENSG00000265218.1",11.5931067676782,-0.773185925091157,0.212268385960471,-3.6424921289746,0.000270011236617105,0.00444364018818253,"AC103810.2"
"ENSG00000265222.1",8.16164333764852,-0.0401757304521703,0.167661944541442,-0.239623431316221,0.810622198346781,0.895898448066637,"AC079336.2"
"ENSG00000265241.7",2629.40523441378,0.0807680953607638,0.0488747873566051,1.65255134045813,0.0984222081800154,0.241956535677096,"RBM8A"
"ENSG00000265243.1",2.34240532997961,-0.84398279766599,0.330229490484745,-2.55574629760384,0.0105960342991159,0.0557974969407983,"IGLJCOR18"
"ENSG00000265246.1",10.5071637971609,0.19093858960733,0.261815739634557,0.729286137929835,0.465826649911349,0.647493597841456,"AC129926.1"
"ENSG00000265261.1",3.94790420635288,-1.85753917565445,0.333014683385063,-5.57794976717765,2.43369906063783e-08,4.85180495962967e-06,"AC027575.1"
"ENSG00000265273.1",3.04962133127992,0.0573917170949013,0.226458327098874,0.25343169240071,0.799934639838605,0.889846769492688,"PGDP1"
"ENSG00000265293.2",8.02790922191729,-1.20249770438373,0.203176071996909,-5.91850060179341,3.24889817315354e-09,1.05015113474564e-06,"ARGFXP2"
"ENSG00000265298.1",235.256314434331,-0.168134704801922,0.121386577227219,-1.38511776707566,0.166016460006041,0.338074867146684,"AC132812.1"
"ENSG00000265313.7",3.36721620230353,0.0127107226801997,0.232815720574482,0.0545956374803017,0.956460614363303,0.977782517087771,"LINC01476"
"ENSG00000265316.1",1.17532046873751,-2.01828434834102,0.743078600304195,-2.71611152240798,0.00660536636447544,0.0405265129613914,"AP005059.2"
"ENSG00000265321.1",11.5686828820688,-0.102348321882413,0.125821281694055,-0.813442054510949,0.415964656047936,0.604668003921055,"MIR4263"
"ENSG00000265327.2",1.64758857997779,0.633242047281881,0.408727171937253,1.54930254399405,0.121309008505292,0.276691922803562,"RN7SL411P"
"ENSG00000265337.1",2.18961725698687,-1.00209987583367,0.397619506820002,-2.52024827415551,0.0117272085092108,0.0596355510763944,"AC079336.3"
"ENSG00000265342.1",3.80267445885213,-0.415588970371633,0.231154691694603,-1.79788248001776,0.0721956330682342,0.198203117979774,"AC011933.3"
"ENSG00000265354.4",2169.19898903408,0.143783539765923,0.065964543113946,2.17970947691631,0.0292790036346415,0.108920256812602,"TIMM23"
"ENSG00000265355.1",1.28403243634185,-0.243550989869248,0.423220647780706,-0.575470481287683,0.564973148881798,0.727533497552476,"MIR3136"
"ENSG00000265366.6",7.44070576765047,-0.349155980829885,0.135260605739322,-2.58135751293904,0.00984126072107737,0.0531460005169228,"GLUD1P2"
"ENSG00000265369.3",1.77773098700452,-0.520981435687607,0.406271850844768,-1.28234686849291,0.19972099355667,0.380355352384587,"PCAT18"
"ENSG00000265374.1",4.52703280628917,-1.4010581433818,0.383670358832722,-3.65172370272328,0.000260486054224332,0.00434700119550972,"LINC01908"
"ENSG00000265386.2",1.75360208408958,0.947718750278214,0.318300863402023,2.97743066150977,0.00290675385968387,0.0231186230889764,"RN7SL219P"
"ENSG00000265394.1",2.71502953433084,-1.31811372457306,0.343552103650859,-3.83672144797174,0.000124687762696652,0.00256565493415305,"AC104984.2"
"ENSG00000265396.1",1.23464240312542,-0.26436699176821,0.468291055552266,-0.564535642169026,0.572389650606032,0.733085925663652,"MIR3128"
"ENSG00000265399.1",12.9359321374728,0.0105058552194727,0.104037734966653,0.100981199012456,0.91956538489119,0.957619341857441,"AP005329.2"
"ENSG00000265413.1",25.0663481899604,-0.336625724309178,0.165730711544946,-2.03116079796644,0.0422386856596734,0.139440016030492,"AP001094.2"
"ENSG00000265417.1",4.08842430158378,0.344328294465063,0.406583728928002,0.846881638310805,0.397061097998309,0.587579124173603,"AP005119.2"
"ENSG00000265443.1",5.92580901012355,-0.970741451601552,0.242216399059139,-4.00774454319478,6.13013744420216e-05,0.00153938684720918,"AC127024.3"
"ENSG00000265451.1",6.68476460558376,-0.768871074169918,0.19730856111804,-3.89679530281476,9.74739371607454e-05,0.00216635499992837,"AC012447.1"
"ENSG00000265452.1",13.3027526363526,-0.49731453638459,0.123465233549953,-4.02797226462444,5.62599785383119e-05,0.00144638105442164,"MIR3682"
"ENSG00000265458.2",60.7024591968317,-0.0205248353644212,0.078124560901854,-0.262719369267317,0.792766886553824,0.885398816472797,"AC132938.3"
"ENSG00000265462.1",2.0070374940727,-0.222500944911831,0.346971403844938,-0.641265944242677,0.521349911519685,0.694208799113102,"MIR3680-1"
"ENSG00000265465.1",5.16455971379022,0.174292956038948,0.223981205232036,0.778158845329845,0.436475375258309,0.622044204806081,"MIR4768"
"ENSG00000265474.1",9.1954108668234,-0.262540934600949,0.142429440780837,-1.8433052405572,0.0652844564346093,0.185596055680766,"AC010761.4"
"ENSG00000265477.1",1.29995829292384,-0.623909956816763,0.795915022026088,-0.783890163586224,0.43310456198799,0.619042209344703,"AP000915.2"
"ENSG00000265478.2",12.6183254147376,0.144718638899842,0.112016220890288,1.29194359307643,0.1963766795378,0.376370450267786,"AC107982.3"
"ENSG00000265479.7",9.18683392155677,-0.0380185980813456,0.146606227942762,-0.259324577235483,0.7953848179607,0.887365013885316,"DTX2P1-UPK3BP1-PMS2P11"
"ENSG00000265480.5",5.09568609153438,0.0357188949249546,0.161677420935804,0.22092692175698,0.82514933477458,0.904269150844309,"KRT18P55"
"ENSG00000265485.7",16.2620274709915,-0.0439303744658069,0.16493310410185,-0.266352681015928,0.789967604314256,0.883571573286116,"LINC01915"
"ENSG00000265486.2",0.746353843533885,-1.29868465534866,1.18358426351263,-1.09724731511251,0.272533294797856,0.464748383979799,"RN7SL518P"
"ENSG00000265490.1",5.42972591113755,-0.877597656051349,0.237333777586855,-3.697736011176,0.000217530939323239,0.00382783169285867,"AP001178.2"
"ENSG00000265491.5",2631.73892545706,-0.0344814031043877,0.0505339350027904,-0.682341541431192,0.495023011171784,0.672356442189223,"RNF115"
"ENSG00000265494.1",1.3079279987006,-0.885946135151935,0.483508204687179,-1.83232906197554,0.0669024097785843,0.188553452023907,"AC005304.2"
"ENSG00000265511.1",22.2869274024469,-0.269219999225477,0.134696841208473,-1.99871056225291,0.045639679528711,0.14680984063279,"AC020558.2"
"ENSG00000265519.1",132.853905256112,-0.00178471473883134,0.0848183836044661,-0.021041602810471,0.983212468769367,0.991791932214468,"AC015922.2"
"ENSG00000265520.1",3.33938946016764,-1.85842587903438,0.408175484904952,-4.5530070956298,5.28844887027419e-06,0.000251886020369154,"MIR548V"
"ENSG00000265527.1",1.61750421624479,0.609322009049829,0.34023202601379,1.79090139217268,0.073309120255868,0.200121395595163,"MIR5690"
"ENSG00000265531.3",34.3300244275927,-0.143979599035386,0.140477499769062,-1.02492996581005,0.305396234163889,0.49868663201057,"FCGR1CP"
"ENSG00000265554.2",2.75616611544252,-0.383694718179906,0.264700988190334,-1.4495401804243,0.147186787778618,0.313217623874306,"AP005271.1"
"ENSG00000265559.2",2.59866088371532,-0.340939923413409,0.235116641635053,-1.45008843713672,0.147033859120357,0.313052265248707,"RN7SL652P"
"ENSG00000265574.1",3.91078796879125,0.0589808139963313,0.222399929596199,0.265201585735302,0.79085417338793,0.884147347031711,"WDR45BP1"
"ENSG00000265590.10",32.4864609456819,-0.437276694304577,0.142009642198312,-3.07920425356705,0.00207554329283961,0.0183389232612816,"CFAP298-TCP10L"
"ENSG00000265612.1",7.51846905271185,-0.271101132774131,0.234058917226257,-1.15826021920825,0.246757860173922,0.435960027445162,"MIR4539"
"ENSG00000265623.1",1.01009901142401,0.598390784312475,0.682913612340036,0.876232035062328,0.380903904486621,0.572292688843046,"MIR3139"
"ENSG00000265625.1",10.3447768153154,-0.879255830264768,0.19812665787238,-4.43784718173122,9.08630902666357e-06,0.000374858099658873,"AC104564.5"
"ENSG00000265646.2",2.37927333902163,-0.450734677899008,0.295985234353484,-1.52282825487407,0.127801679048248,0.286772793705236,"TUFMP1"
"ENSG00000265656.1",4.52974051892563,-0.403430045986388,0.210339190197329,-1.91799752394174,0.0551113251104245,0.165867053598026,"AC106037.3"
"ENSG00000265660.1",19.7078973917915,-0.212229242023586,0.132399859529752,-1.60294159508451,0.108947549239888,0.258426557802381,"MIR4664"
"ENSG00000265666.1",98.3287218727527,0.0424117905932036,0.0808934035264836,0.524292324766857,0.600075234430191,0.754296789997899,"RARA-AS1"
"ENSG00000265678.1",13.5764715099699,-0.168437050138109,0.128824431105934,-1.30749306394842,0.191045309035791,0.369951549256377,"AC129510.1"
"ENSG00000265681.7",174.825901629106,0.0182298672450093,0.103380146940709,0.176338182760221,0.860028266497921,0.924970915907022,"RPL17"
"ENSG00000265683.1",12.0139071181444,-0.288450861968688,0.161600139794746,-1.78496666113692,0.0742667247209056,0.201633784054717,"SYPL1P2"
"ENSG00000265684.2",0.982278566984538,-0.313889259369954,0.794921524752684,-0.39486823490861,0.692940133879631,0.820642256676592,"RN7SL378P"
"ENSG00000265688.2",289.683217988444,0.265407067703763,0.105280439775912,2.52095325844647,0.011703739749402,0.0595525916975149,"MAFG-DT"
"ENSG00000265692.1",8.96881267359698,0.0024984300080426,0.156108361121854,0.0160044599154583,0.987230833653331,0.993586612282494,"LINC01970"
"ENSG00000265694.1",0.75566195899102,-1.8397166104327,1.05150122499872,-1.7496095740972,0.0801857065464027,0.212267684610509,"MIR4774"
"ENSG00000265702.2",12.8472615287116,0.0907837847041336,0.200388923555689,0.453037937892333,0.650521423516089,0.791050864914011,"AC005821.1"
"ENSG00000265706.1",2.18817896427625,0.0900768416618052,0.273900686008642,0.328866798307191,0.742256370787635,0.853106685284384,"SNORD53B"
"ENSG00000265713.1",3.64024660297945,-1.52075428742717,0.301841716735195,-5.0382508550378,4.69805447336109e-07,4.19335998878313e-05,"AC023389.2"
"ENSG00000265724.1",2.29356917178225,0.412085920798516,0.261843783869702,1.57378538725814,0.11553707344653,0.26827655746449,"MIR4284"
"ENSG00000265727.2",8.2886431332275,-2.32746071971476,0.359845559193564,-6.46794342809383,9.93456739369665e-11,6.8906573382988e-08,"RN7SL648P"
"ENSG00000265733.1",0.905075685731213,-1.42539598649145,0.552271038827855,-2.58097181687587,0.00985226245430975,0.0531881585684019,"SNORA74C-1"
"ENSG00000265735.2",16.6420430532086,0.0251225295927859,0.200936090215886,0.125027463039587,0.900501808564962,0.946978954248501,"RN7SL5P"
"ENSG00000265739.1",2.7747065418504,-1.65915796510861,0.334924994532832,-4.95381948851826,7.27707188163229e-07,5.85206652548753e-05,"AC104984.3"
"ENSG00000265743.1",48.1991241706162,-0.180092313719709,0.0993285386343678,-1.8130973856631,0.0698168023382603,0.193700900020642,"AC138207.5"
"ENSG00000265744.1",1.15323335414684,-0.198423036362474,0.633761737916735,-0.313087749687633,0.754213995907314,0.860644347025352,"MIR4427"
"ENSG00000265749.6",13.1298460234348,-0.270392265491947,0.14209671720615,-1.90287482222175,0.0570568810197266,0.169849315074191,"AC135178.4"
"ENSG00000265750.1",17.4438567658832,0.000474030353507006,0.208916898669423,0.00226898999806177,0.998189609465341,0.999110108360511,"AC090772.3"
"ENSG00000265752.3",23.6885978661012,-0.342088466749351,0.193823016427569,-1.76495275460326,0.0775717063466857,0.207370709763948,"AC010754.1"
"ENSG00000265753.2",3.69683299033278,-0.300016651876024,0.227404876617623,-1.31930614830436,0.187066783186153,0.365022530337393,"RN7SL444P"
"ENSG00000265763.4",34.4698254572812,0.62496861335027,0.242236689189493,2.57999155884012,0.00988027302159539,0.0533048014435222,"ZNF488"
"ENSG00000265778.3",31.4373186245802,-0.0351507820739751,0.123146979128868,-0.285437631703425,0.775308880215085,0.87473747792383,"AC018413.1"
"ENSG00000265787.2",13.7090141537951,0.046677017601536,0.214004698693502,0.218112115698856,0.827341757691287,0.905573515987553,"CYP4F35P"
"ENSG00000265790.1",0.847118845935189,-0.401612479957865,0.601305448460058,-0.667900949486478,0.504196821277811,0.68029279719563,"RNASEH1P1"
"ENSG00000265791.1",19.8408261159009,-0.354130620614983,0.141207416818635,-2.50787549686448,0.0121459454767772,0.0610101030112168,"AC127024.4"
"ENSG00000265798.6",10.7741214074695,-0.392255931522376,0.132282754995888,-2.96528395961038,0.00302403660025706,0.0237646703715006,"AC138207.6"
"ENSG00000265800.1",23.8641829168801,-0.223304231894705,0.139523141649947,-1.60048167819327,0.109491768274457,0.259070028858235,"AC022211.3"
"ENSG00000265801.1",1.99399191172851,-1.46806456173576,0.469001962293566,-3.1301885274775,0.0017469414860647,0.0163098493818149,"AC069366.2"
"ENSG00000265802.2",3.92897683478475,0.0508625566459009,0.21300614265251,0.238784459511461,0.81127272121755,0.896349606992198,"RN7SL49P"
"ENSG00000265806.1",13.8868871652596,-0.129879133060979,0.110222826512203,-1.17833244864756,0.238664096479437,0.426159748275619,"MIR4292"
"ENSG00000265808.4",2577.33281885249,0.109945413272447,0.05442878095702,2.01998669342357,0.0433847678071378,0.142124281669098,"SEC22B"
"ENSG00000265813.2",1.95245104316193,0.300111911943173,0.585958239595913,0.512172867728826,0.608530030307647,0.76090251254535,"RN7SL300P"
"ENSG00000265817.4",154.8830606959,-0.0752239905233673,0.110132880002921,-0.683029359818538,0.494588290471837,0.672040158137248,"FSBP"
"ENSG00000265845.2",6.89496045406228,-1.4073167166783,0.236544275643572,-5.94948540965271,2.68986817444291e-09,9.06482775999291e-07,"AC024267.4"
"ENSG00000265871.1",3.68481891762223,-0.718590892474554,0.247137528425781,-2.90765589933605,0.00364148784604679,0.026989326549073,"MIR3174"
"ENSG00000265885.2",0.542409655778899,1.40108481997805,1.18821638452255,1.17914955409493,0.238338629296169,0.426040697189657,"RN7SL783P"
"ENSG00000265894.2",0.612725069873894,0.899954645308548,0.742884855448431,1.21143221416905,0.225729799332902,0.411049729759356,"RN7SL357P"
"ENSG00000265907.2",9.61681821019015,-0.220506384144043,0.180756981890976,-1.21990521105869,0.222500810163975,0.407129402186821,"AP000919.1"
"ENSG00000265908.1",5.98550248071843,-1.23481399759868,0.256987948210559,-4.80494904993349,1.5479091786869e-06,0.000102863353864317,"AC024267.5"
"ENSG00000265912.1",9.37845671794065,-0.562954229400437,0.198345266180743,-2.83825392075374,0.00453610811646477,0.0313088588978842,"AC037487.1"
"ENSG00000265917.1",14.7194242692018,-0.315572950428338,0.124256785038245,-2.53968385172053,0.0110952712800225,0.0575650407863158,"MIR3685"
"ENSG00000265918.2",0.725996276483417,1.28987048436385,0.778308965970894,1.65727306347397,0.097464280655571,0.240578387817733,"RN7SL543P"
"ENSG00000265929.1",5.54393618209572,-0.662762187238551,0.211281732307668,-3.13686460253667,0.00170764967269772,0.0160238953080962,"MIR5195"
"ENSG00000265933.5",23.8204527577284,0.0370994318051213,0.414743771095557,0.0894514502463102,0.928723135930796,0.962404727374293,"LINC00668"
"ENSG00000265936.1",4.49455147339665,-0.139286575727945,0.176302093061216,-0.790044935425592,0.429501526164856,0.616122939613433,"AC091042.1"
"ENSG00000265939.1",4.68991250489005,0.0251038177896041,0.132814681202459,0.189013876796772,0.85008194071977,0.919147779122765,"UBE2CP2"
"ENSG00000265942.2",1.85492221779134,-0.339995232778134,0.5217549222459,-0.651637805954223,0.514634852900556,0.688821185077519,"RN7SL577P"
"ENSG00000265943.1",8.66713429460417,-0.157713763791028,0.144598818147599,-1.09069884395626,0.275405419472737,0.467972843606613,"AC090912.1"
"ENSG00000265962.1",1.29981860875808,0.708238411821254,0.295906004790797,2.39345738293473,0.0166904201752851,0.0756225039324667,"GACAT2"
"ENSG00000265972.6",35475.321365322,0.0299584820210476,0.105974645174386,0.282694808477532,0.77741079622584,0.876010571503558,"TXNIP"
"ENSG00000265975.1",19.1542692067861,0.150659912884891,0.135262421902152,1.11383421031658,0.265350317635326,0.457060258215373,"AC002091.1"
"ENSG00000265980.1",1.20480681335457,0.355190158134957,0.84372931813591,0.420976432251631,0.673772291546549,0.807892725063183,"AC074237.1"
"ENSG00000265982.1",26.6528387140638,0.0385941829261702,0.160213945509912,0.240891532902063,0.809639184700658,0.895317280906068,"AC103810.3"
"ENSG00000265996.1",5.7538353012856,-0.465480463941293,0.217072551264391,-2.14435432407271,0.0320045071225929,0.115554284311082,"MIR3671"
"ENSG00000266010.2",48.0840539736757,-0.0636863822699692,0.187993102476746,-0.338769781608594,0.734783167358501,0.848442270692144,"GATA6-AS1"
"ENSG00000266017.1",6.08324526246331,0.17747941070923,0.159358150994539,1.11371404350262,0.265401882634843,0.457090935728199,"MIR4477B"
"ENSG00000266019.1",12.3106030360598,-1.69802363226537,0.505034625331352,-3.36219250541742,0.000773261951816863,0.00917025109002812,"MIR3609"
"ENSG00000266028.7",1914.88795307367,0.0612888796335071,0.068900020449887,0.889533547788775,0.37371640181699,0.565706109197647,"SRGAP2"
"ENSG00000266049.1",3.58474809696113,-1.12412378478277,0.423275790843934,-2.65577150666112,0.00791272083387659,0.0457755368761518,"AP001011.1"
"ENSG00000266053.2",70.4737422286385,-0.228895116702278,0.0981917881942176,-2.33110243648417,0.0197479588571606,0.0845767742186252,"NDUFV2-AS1"
"ENSG00000266066.1",82.9011337014647,-0.396256537673121,0.209011830022148,-1.89585698393786,0.0579789583517695,0.171592037191419,"POLRMTP1"
"ENSG00000266071.1",1.58608146342409,-0.31003180777031,0.404189149640735,-0.767046339680031,0.443053964356868,0.628005604365344,"MIR3617"
"ENSG00000266074.10",1414.85488403849,-0.00773587682268823,0.101156100254566,-0.0764746446652288,0.939041485515698,0.968150259422585,"BAHCC1"
"ENSG00000266075.2",7.3823767610477,-0.222885537114748,0.128712597253803,-1.7316528597061,0.0833353885812857,0.217577255868094,"RN7SL574P"
"ENSG00000266079.5",1.58631227669476,-0.687867967384519,0.341496637463477,-2.01427449621107,0.0439807220740188,0.143368693559044,"SNORA59B"
"ENSG00000266088.6",56.8790321636977,-0.0314624054113241,0.154919098098386,-0.203089262702413,0.839065263976823,0.912288005964239,"AC004585.1"
"ENSG00000266094.8",2255.03029004601,-0.0758160219459159,0.0823461626134709,-0.920698907389198,0.357207646800469,0.550516954661358,"RASSF5"
"ENSG00000266100.1",1.73052620615149,-0.972140251261561,0.58911699090807,-1.65016502030114,0.0989091890847361,0.242755888846157,"AC007431.2"
"ENSG00000266111.2",3.14432339554079,-1.22154893458924,0.315039548259823,-3.87744631217471,0.000105558611259726,0.00228502135544217,"AC068025.2"
"ENSG00000266117.1",2.97045509056533,-0.449650091809375,0.211314354443743,-2.12787291707191,0.0333476216215792,0.118831049860017,"FBXO36P1"
"ENSG00000266120.1",6.88537106334569,-0.55294499192794,0.326970876161111,-1.69111389497419,0.090815051893883,0.230043812861787,"AC104984.4"
"ENSG00000266124.1",3.5928529088887,0.00741037325493956,0.188420323836797,0.0393289487250758,0.968628126720305,0.984147139076679,"MIR5587"
"ENSG00000266126.1",5.44238400003737,-0.437476587261779,0.21616529880459,-2.02380580824515,0.0429901363726142,0.141192720751055,"AC005730.3"
"ENSG00000266127.1",4.02959917041367,0.0598395630990887,0.30834407094066,0.194067500362622,0.846123028766064,0.916603455461835,"ZNF415P1"
"ENSG00000266145.1",3.99445208608197,0.140013646685605,0.233636922892012,0.599278765327347,0.548987005750193,0.715154071039639,"RHOT1P1"
"ENSG00000266146.1",1.68700963969383,-0.978610326945979,0.672785502911261,-1.45456512173844,0.145789692698897,0.311556282454717,"MIR5190"
"ENSG00000266149.1",3.91336207740446,0.123584497195246,0.252233673121662,0.48996034377867,0.624161960830764,0.772527757981287,"AP001094.3"
"ENSG00000266171.1",8.29358536950558,-0.373008712576024,0.190087097494947,-1.96230421470842,0.0497270768143036,0.155146056450062,"AP001020.3"
"ENSG00000266173.7",270.660485530566,-0.455473818388985,0.130243013347164,-3.49710749685218,0.000470332267094729,0.00647859833197551,"STRADA"
"ENSG00000266187.2",3.1714824145115,1.76524112534908,0.748757123026133,2.35756171268834,0.0183953974241763,0.0807380181221845,"RN7SL480P"
"ENSG00000266217.2",3.21713212046715,-0.903721334434647,0.242011825607104,-3.7342032033666,0.000188310412037493,0.00344099651489034,"CTSLP2"
"ENSG00000266222.1",0.937650872755924,-1.66151462252571,0.657962933108982,-2.52524046404071,0.0115619146939367,0.0590565857479646,"AC036222.2"
"ENSG00000266235.1",6.67615674405826,-0.0350780735196011,0.17060273638089,-0.205612607767823,0.837093528379071,0.911180109864788,"MIR3176"
"ENSG00000266236.1",26.4106793795997,-0.368712941791472,0.135225674324642,-2.72664894172602,0.0063981069857571,0.0397114421843421,"NARF-IT1"
"ENSG00000266237.1",0.998985676984385,-0.128800162068909,0.596740678965818,-0.215839420051146,0.829112919707147,0.906732465125317,"AC121320.1"
"ENSG00000266256.3",52.392260113715,-0.399456471290402,0.15662978282257,-2.55032257653645,0.0107623288127623,0.0563469434130045,"LINC00683"
"ENSG00000266258.1",8.34625964673969,-0.196620630882494,0.132759452925527,-1.48102923407488,0.138598783485248,0.301152510055116,"LINC01909"
"ENSG00000266265.4",7.92995365337018,0.381039528157539,0.224113393789,1.7002086386514,0.0890916879309495,0.227230911143473,"KLF14"
"ENSG00000266274.2",25.6599906626862,0.129221299422739,0.128897811453632,1.00250964671517,0.316097509804061,0.510147578356033,"RN7SL138P"
"ENSG00000266278.1",2.2652131663939,1.19430904440282,0.336195002393333,3.55242950044073,0.000381691283629509,0.00564946979287802,"LINC01910"
"ENSG00000266283.1",6.95565032081619,-0.328396358485245,0.205147644994167,-1.60078054268955,0.109425534603507,0.259019148493038,"AC091588.3"
"ENSG00000266289.1",11.1482186769895,-0.221974847551911,0.169924116448443,-1.30631750331484,0.191444607203648,0.370481591933914,"AC012213.3"
"ENSG00000266302.6",11.5894312260052,-0.178740791262736,0.276599921534689,-0.646206948545065,0.518145340109466,0.691657751108181,"AC098850.3"
"ENSG00000266304.1",1.94560137989284,0.109593591774975,0.315839685286813,0.346991201170472,0.728597929040543,0.844198888130674,"LIVAR"
"ENSG00000266306.1",1.31807373833584,-0.457726340775138,0.325035976957368,-1.40823285182112,0.159062131478959,0.329387034684317,"AC061975.5"
"ENSG00000266313.2",12.64237561066,-0.082144851798386,0.128110790161219,-0.641201663770959,0.521391668813195,0.694236635330255,"AC026254.2"
"ENSG00000266318.1",1.5022192011261,-0.882409795136912,0.387683079732772,-2.27611118789387,0.0228393556313407,0.0927184102774284,"MIR5692A1"
"ENSG00000266338.6",557.540277775849,-0.0103038499490045,0.0803164926370114,-0.128290586537096,0.897919014403391,0.945666764093764,"NBPF15"
"ENSG00000266340.1",3.82839206067209,-0.503693760095156,0.19752536299878,-2.55002067809523,0.0107716529988355,0.0563603085478908,"AC138207.7"
"ENSG00000266369.1",1.12318770900277,-0.351011417685303,0.451639766067071,-0.777193338713173,0.437044711694074,0.622562450215249,"AC090774.2"
"ENSG00000266370.1",2.12814926468392,-0.436392334595605,0.289484934938438,-1.5074785659862,0.131688033831302,0.292091253187578,"MIR3657"
"ENSG00000266371.1",3.96673431843828,-0.814905618211894,0.274853586266836,-2.96487169507317,0.00302809192457992,0.0237769491615659,"AC079915.1"
"ENSG00000266373.1",2.42858268271259,-0.0427133811838305,0.311426446902003,-0.137153994494473,0.890909074244686,0.942098104059211,"AP002472.1"
"ENSG00000266378.1",8.30242234455466,-0.447555830283788,0.214026208630093,-2.09112628377822,0.036516745150229,0.126522218366799,"AC005224.2"
"ENSG00000266385.1",5.22311719612753,-0.398947200249691,0.242271559143983,-1.64669431962749,0.0996208923744877,0.243819625804883,"AC005899.5"
"ENSG00000266389.1",12.0913389762527,0.152301152178135,0.140712161481677,1.08235955282349,0.279092793421587,0.471575330806117,"AC002091.2"
"ENSG00000266397.1",2.96740219658957,-0.496037745875576,0.361999413739198,-1.37027223539358,0.170601936655645,0.344400332105044,"AP000919.2"
"ENSG00000266401.2",19.7452595252461,0.676080227943314,0.327829143972708,2.06229446153085,0.0391797100087164,0.132818458947174,"AP002478.1"
"ENSG00000266402.3",17.8850225805497,-0.136407480094406,0.146066515526196,-0.933872349888038,0.350369743247922,0.544019208187346,"SNHG25"
"ENSG00000266405.3",30.9177205787641,0.0629190332576643,0.0953650963380374,0.659770038239539,0.509401413351219,0.684485662295763,"CBX3P2"
"ENSG00000266412.5",9738.13689618857,-0.042731339650853,0.0626185660286746,-0.682406870053289,0.494981712859839,0.672339770461073,"NCOA4"
"ENSG00000266420.2",3.5303259386844,-0.310617683440443,0.293321046526742,-1.0589682776552,0.289614227001304,0.482009920993521,"RN7SL118P"
"ENSG00000266439.2",1.03666423616973,0.818811243033358,0.629761385881394,1.30019283714478,0.193534884995251,0.373030563662761,"RN7SL493P"
"ENSG00000266445.1",8.16835376330575,-0.353403258669182,0.17143510419788,-2.06144045189989,0.0392610389970296,0.133025433774985,"NARF-AS1"
"ENSG00000266446.1",2.0024711698341,0.0049328198870489,0.2713082103102,0.018181609326931,0.985493973843625,0.992898634504443,"AL449423.1"
"ENSG00000266456.1",7.50686215161224,-0.133009679090255,0.163551672726544,-0.813257833887428,0.416070247102933,0.604768685300063,"AP001178.3"
"ENSG00000266467.2",2.50413619288135,0.227368631190151,0.433835309914038,0.524089731735304,0.600216130105513,0.754312792206991,"RN7SL220P"
"ENSG00000266469.2",3.14417112033367,-0.0297953204704285,0.183747057330904,-0.162154000740111,0.871184582400834,0.931100471573499,"AC005288.1"
"ENSG00000266472.6",2882.22121053915,0.0958959139535717,0.0847183532294336,1.13193788946614,0.257660547784618,0.448561630275741,"MRPS21"
"ENSG00000266473.1",5.40327685119431,0.0268546847496468,0.155691346790601,0.172486687945254,0.863054925997141,0.927072565849182,"AC007448.4"
"ENSG00000266477.2",1.10201863614141,1.51636365949715,1.07304479727368,1.41314105743751,0.157614253214034,0.327576710921708,"RN7SL616P"
"ENSG00000266490.1",17.5050820884218,-0.469008044439299,0.125485618739366,-3.73754418355643,0.000185826442104886,0.00341242125592828,"AC127024.5"
"ENSG00000266498.1",3.77970870951586,-0.35517653672695,0.248733003950165,-1.42794293916103,0.153308283042866,0.321760869151241,"AC055811.3"
"ENSG00000266521.1",4.59467036768225,-0.548099779682196,0.241612976918984,-2.26850306912936,0.023298562158925,0.0939203481001595,"AC021549.1"
"ENSG00000266524.3",271.412287552597,-0.195753920367064,0.233864620775685,-0.83703947915587,0.402570377179458,0.59233550923391,"GDF10"
"ENSG00000266533.1",1.3182245412242,-0.137675866905087,0.577221364977875,-0.238514849342703,0.811481799536167,0.896550857899967,"MIR3619"
"ENSG00000266538.1",6.50671902397272,-0.898017493907772,0.21497013857781,-4.17740575434726,2.94852770977552e-05,0.000881196885471781,"AC005838.2"
"ENSG00000266541.1",9.3629430273715,-0.637213682146775,0.215497413191029,-2.95694353222659,0.00310705012920077,0.0242425638508276,"AP001381.1"
"ENSG00000266553.2",1.45520755388808,0.156613044079184,0.456106754640196,0.34336927152664,0.731320673605192,0.846146279281935,"RN7SL356P"
"ENSG00000266554.2",3.15728864884497,-0.387182075719062,0.376403075373603,-1.02863685514461,0.303650352528854,0.496875611262318,"LINC01443"
"ENSG00000266560.5",2.34048422291005,0.780154717005481,0.330778323534202,2.35854244821703,0.018346861372629,0.080615290441987,"MAGEA10-MAGEA5"
"ENSG00000266563.1",2.6658068736222,0.366094054867956,0.177484406612046,2.06268292441139,0.0391427633031876,0.132733756228664,"EIF1P5"
"ENSG00000266573.6",9.55635165910218,0.198452665132556,0.23599617436638,0.840914754933535,0.400395691825339,0.5904531641501,"AC018697.1"
"ENSG00000266578.2",3.60561608862868,0.409363784306072,0.295004629566711,1.38765206806187,0.165243018180969,0.337085384024016,"AP001025.1"
"ENSG00000266579.1",3.77002695109566,-0.259254367729233,0.260244608200067,-0.996194962586611,0.319155426501026,0.512894802070699,"FO680682.1"
"ENSG00000266594.1",1.53709368596972,-0.414249846387656,0.413266612779844,-1.00237917503473,0.316160496116758,0.510194315131682,"MIR4766"
"ENSG00000266598.1",1.80067569531136,-0.620806005511396,0.372779968356441,-1.66534164442495,0.0958446146096663,0.238216839803338,"AC037487.2"
"ENSG00000266599.1",2.32154604704401,-1.1825318862242,0.416957902024081,-2.83609419676114,0.00456689742206472,0.0314403878976015,"AC079336.4"
"ENSG00000266601.1",13.968244278504,-0.153787744967082,0.0914130559856838,-1.68233895376134,0.0925031316119802,0.232834865106045,"AC018521.6"
"ENSG00000266602.2",25.4953792049425,-0.216579886989275,0.350554738541143,-0.617820451923106,0.536693700309351,0.705195395796758,"AP005262.1"
"ENSG00000266618.1",1.88060072972879,-0.564268312540911,0.406449373165986,-1.38828683175377,0.16504972040958,0.336930550100934,"MIR4742"
"ENSG00000266643.1",6.31384096776905,-0.104490108830807,0.210624144637459,-0.496097486879594,0.619825632233934,0.768811432862139,"MIR3677"
"ENSG00000266644.1",5.55032588852278,-0.427521867699562,0.235886243958253,-1.81240694889874,0.0699233399273343,0.193889586722607,"AC103810.5"
"ENSG00000266651.1",16.2759872995525,-0.394846595653088,0.136396841931025,-2.8948367870039,0.00379355720839763,0.0277025930660134,"AC093484.4"
"ENSG00000266654.1",2.37350331515206,-0.538248173308342,0.240555779733939,-2.23751918953541,0.0252524265634935,0.0991308852232508,"AC129510.2"
"ENSG00000266668.1",1.76493168345376,-0.8621570774808,0.400888092921632,-2.15061782253867,0.0315063774140602,0.114475807404377,"MIR5692C2"
"ENSG00000266680.1",95.9801914344875,-0.276529539419651,0.115405362436352,-2.39615849369358,0.0165679244767117,0.0752210431751209,"AL135905.1"
"ENSG00000266696.1",3.24218918030048,-1.02950350954935,0.262963555032122,-3.91500453142108,9.04025099883626e-05,0.00205304963509042,"AC044840.1"
"ENSG00000266708.1",8.87332262503788,-0.308691214977336,0.156427136476011,-1.97338659986707,0.0484515331407021,0.152524290171463,"AP001793.1"
"ENSG00000266709.1",32.6166031869017,-0.208252072302241,0.150056133129431,-1.3878277945668,0.165189489027655,0.337056518435753,"AC005224.3"
"ENSG00000266714.9",1883.26000052096,-0.341184873228343,0.138391231653944,-2.4653648150303,0.0136873813262004,0.0661864904129544,"MYO15B"
"ENSG00000266717.1",7.39413037524844,-0.611045984363475,0.211808982951696,-2.88489173522365,0.00391548288073154,0.0283345298441145,"AC134407.1"
"ENSG00000266718.2",30.5113133728642,-0.0219503354850002,0.13326216687139,-0.164715432746822,0.86916796932776,0.930003991484632,"AC079336.5"
"ENSG00000266719.1",1.08367925417572,-0.278136929054522,0.699610522805085,-0.397559670685531,0.690954793367613,0.819141756065519,"MIR4676"
"ENSG00000266720.2",0.928970215983518,1.29381683936545,0.797534564391945,1.62227055369303,0.104745430737513,0.251917187426425,"RN7SL14P"
"ENSG00000266729.5",0.994118661415909,-0.316340013907971,0.584338209159912,-0.541364588091484,0.588256310287506,0.745264939244337,"DSG1-AS1"
"ENSG00000266733.7",6.43408911151588,-0.382396416472752,0.213415613768663,-1.7917921267338,0.0731662704762452,0.199895342439326,"TBC1D29P"
"ENSG00000266736.1",0.737977201806322,0.063595912128982,0.669984598088557,0.0949214538818041,0.924377215724812,0.960317366465696,"GTF2IP6"
"ENSG00000266744.1",2.09119831065356,-1.18790694789095,0.373256505483855,-3.18254854353056,0.00145985041837694,0.0142865373248158,"AC005304.3"
"ENSG00000266750.1",3.13792482024021,0.261237527804336,0.201934437940546,1.29367496930489,0.195777714821842,0.375548943279765,"MIR4645"
"ENSG00000266767.1",1.95104270977376,-0.384888448730966,0.506761729218425,-0.759505752978972,0.447550073949085,0.632117962497323,"AP000897.2"
"ENSG00000266777.1",32.1640785123607,-0.209622920071903,0.115392488792586,-1.81660801552425,0.0692771552364437,0.192852373395687,"SH3GL1P1"
"ENSG00000266783.1",18.1341473271094,-0.339704014220436,0.131146629237527,-2.59026111609151,0.00959031570723119,0.0521479449598353,"AP005136.3"
"ENSG00000266786.1",1.36802366150935,0.213066834086216,0.268674272776847,0.7930302811806,0.427760180496492,0.614994156810887,"LGALS9DP"
"ENSG00000266794.2",1.09122755479977,1.32406848608541,0.896458790156283,1.47699872054864,0.139675980243252,0.302867813614601,"RN7SL7P"
"ENSG00000266801.1",4.58708894460854,-0.138070414668746,0.211484509780706,-0.652863014940976,0.513844594467582,0.688233820799341,"AC009137.2"
"ENSG00000266803.1",1.60856245212059,-0.638672923054805,0.326780142535245,-1.95444226843105,0.050648936055732,0.157050854810793,"AC127540.1"
"ENSG00000266805.1",5.83198493390295,-0.902665107818554,0.20544411763998,-4.39372574005931,1.11424371809335e-05,0.000432579816786946,"AP005432.1"
"ENSG00000266828.2",0.693291991714732,1.70356267693521,1.05445777225684,1.61558169682708,0.106184783809427,0.254020982062747,"RN7SL712P"
"ENSG00000266830.1",21.0012275309012,-0.289214383907617,0.405151133885445,-0.713843204964079,0.475324140186275,0.655603885956652,"AC061975.6"
"ENSG00000266835.6",63.4528726606972,0.251018328146812,0.154225331794877,1.6276076389362,0.103608108334687,0.250121437951326,"GAPLINC"
"ENSG00000266846.2",8.83733989079432,-0.192186611237953,0.202828020431941,-0.947534817076426,0.343366323338537,0.536773516752174,"AP001021.3"
"ENSG00000266850.1",7.24661548682294,-0.252726993176838,0.170285167240039,-1.48413979486885,0.137771837798697,0.300087523443377,"AC090912.2"
"ENSG00000266852.2",3.61750239636444,0.0731515718612593,0.200812008316043,0.364278871939428,0.715649775357772,0.836142019816365,"MIR4482"
"ENSG00000266853.1",3.56993812635472,-0.699722913750417,0.265261816568761,-2.63785765626405,0.00834315943434462,0.0474980860204575,"ITM2BP1"
"ENSG00000266865.6",108.953615601868,-0.186276409791519,0.0844527569863652,-2.20568772931348,0.0274058716687784,0.104397506241126,"AC138207.8"
"ENSG00000266869.2",29.9108890754946,-0.177480719415483,0.377851942470323,-0.469709691725146,0.638562442648724,0.781978865012836,"AC005993.1"
"ENSG00000266875.2",2.16041871221938,-0.17370745563801,0.714374256343215,-0.243160296015137,0.807881223071345,0.894134085615692,"RN7SL408P"
"ENSG00000266885.2",1.1895642330568,-0.322924491734785,0.678555802843955,-0.475899683388378,0.634145847763014,0.779005892907314,"AC132825.4"
"ENSG00000266891.1",7.69126204793138,-0.111411063346921,0.230223181035133,-0.483926348537073,0.628438140160618,0.775474646871843,"AP000902.1"
"ENSG00000266896.1",25.7941480287477,-0.279025716553352,0.108917335913703,-2.56181180169913,0.0104127726383309,0.0551236189295518,"AL354892.3"
"ENSG00000266897.1",5.49366757174329,-0.288612510739185,0.184171087124512,-1.56708914110966,0.117093857017758,0.270470656454917,"AC005546.1"
"ENSG00000266900.1",3.46634685552685,-0.884011392400471,0.261736320698176,-3.37748842056918,0.000731510329290347,0.00884641242029188,"AC027514.1"
"ENSG00000266901.1",1.20916011539445,-1.29012413612442,0.527587577491643,-2.44532697729194,0.0144720869851835,0.0686254368320345,"AC068473.2"
"ENSG00000266903.2",54.8550336524947,-0.0349798451284672,0.132361743788691,-0.264274586653308,0.791568341268954,0.884560956999976,"AC243964.3"
"ENSG00000266904.6",61.7401932402288,-0.220353045246504,0.0928394354403135,-2.37348540737486,0.0176210893254113,0.0785112292697361,"LINC00663"
"ENSG00000266910.2",29.688093501755,-0.211546986364831,0.101876922759127,-2.07649564430802,0.0378481335576731,0.129624309282544,"AC008507.1"
"ENSG00000266913.1",6.68398288658236,-0.0630300572202602,0.130782298127824,-0.481946395823813,0.629844026168393,0.776328057577443,"LINC01841"
"ENSG00000266916.7",51.0984681369428,-0.257546168110409,0.137743020230035,-1.86975839269605,0.0615173766294686,0.178756381866972,"ZNF793-AS1"
"ENSG00000266918.1",3.86922105478342,-0.544280593664203,0.26867168523018,-2.02582044772563,0.0427831877400813,0.140693467940589,"AC091132.3"
"ENSG00000266920.1",5.52391251421044,0.40609079269848,0.157138056191809,2.58429308940152,0.00975788338371994,0.0527470711956792,"ACTBP9"
"ENSG00000266921.2",12.4796918588786,0.137052273282328,0.0903377077751669,1.51711037016154,0.129238820457769,0.288659692436402,"AC006213.1"
"ENSG00000266922.1",3.15744660008495,-0.398810505394767,0.220600627003928,-1.80783940105331,0.070631499487226,0.195131898799122,"AC008543.3"
"ENSG00000266924.1",2.41467572664699,0.3024753139795,0.264445842217631,1.14380816670421,0.252703202223528,0.442876236614226,"AC021594.1"
"ENSG00000266934.1",8.13696500149394,-0.207753625739092,0.176347342820751,-1.17809331524924,0.238759406733145,0.426268638376415,"AC005746.1"
"ENSG00000266936.1",9.53901724509157,-0.15513047508974,0.184021320677487,-0.843002726633072,0.399226918861126,0.589317274525293,"AC011442.1"
"ENSG00000266946.1",5.54842574959846,-0.32308739350165,0.223088650270057,-1.44824666387349,0.147548078315708,0.313625625446267,"MRPL37P1"
"ENSG00000266947.1",108.207423748902,-0.0985615450572006,0.0795512280564401,-1.23896949758303,0.215356794340804,0.398699367676221,"AC022916.1"
"ENSG00000266962.2",94.6030757313801,0.0473987006481486,0.0670156176764397,0.70727842690335,0.479393469192316,0.65919571988352,"AC067852.2"
"ENSG00000266965.1",1.79216978942663,-1.6498136770786,0.528992278667438,-3.11878593244229,0.00181597845444462,0.0167646039351073,"AC090220.1"
"ENSG00000266967.7",62.4072905100363,-0.319749290837581,0.11847732542004,-2.69882266251342,0.00695852455686034,0.0420271107517523,"AARSD1"
"ENSG00000266968.2",202.588992719532,-1.04943903552967,0.39175104237097,-2.67884171839905,0.00738773069214771,0.0437028638830266,"AC023421.1"
"ENSG00000266969.1",10.4177639164278,-0.216877869983554,0.132161757957651,-1.64100321708076,0.10079674739091,0.245502524623099,"AP002449.1"
"ENSG00000266970.1",62.1223000360858,-0.0962512100859117,0.142800598654163,-0.674025256147662,0.500295256891918,0.676866465690126,"AC061992.2"
"ENSG00000266976.3",4.67390457934873,-0.517762942085585,0.51240370501245,-1.01045901311936,0.312275426825591,0.506310791141735,"AC079466.1"
"ENSG00000266980.1",3.88770965917751,-0.170207978417518,0.187288047284222,-0.908803209204353,0.363454012292171,0.556343652011184,"AC087289.1"
"ENSG00000266983.1",14.1584212835683,-0.385591260710631,0.144554859790057,-2.6674389312863,0.00764317781482006,0.0446503770963423,"AC011444.1"
"ENSG00000266987.1",2.32241428348408,-1.14887866339336,0.344477639689068,-3.33513276632515,0.000852586826847658,0.00984912325684909,"AC104984.5"
"ENSG00000266988.6",1.88280785728455,-0.160314034758563,0.377373961433896,-0.424814775639057,0.670971705601594,0.805945810673293,"AC021517.1"
"ENSG00000266993.3",26.134636958905,-0.487473545024141,0.149115324445888,-3.26910427775006,0.00107888532607756,0.0115831438765238,"AL050343.2"
"ENSG00000266995.1",5.49424290628322,-0.167517699944197,0.188391839240002,-0.889198282791792,0.373896525552753,0.565825862733739,"AP001542.1"
"ENSG00000266998.1",5.0936093939011,-1.37897413473331,0.271973361631314,-5.07025440455688,3.97284283576993e-07,3.77908161517967e-05,"AC111182.1"
"ENSG00000267002.4",436.634554174671,-0.229452725850246,0.0897439436165115,-2.55674886353033,0.0105655465189917,0.0557020966360713,"AC060780.1"
"ENSG00000267006.1",3.63332884890105,-0.714436798023463,0.278190949804647,-2.56815255321987,0.0102242149903404,0.054480600139789,"AC008507.2"
"ENSG00000267009.6",7.21809504623172,-0.52455916047795,0.164761383653454,-3.18375063893166,0.00145380192012916,0.0142482859366677,"AC007780.1"
"ENSG00000267011.5",6.16692685386697,-0.310040551964607,0.141593046984726,-2.18965943997272,0.0285489447197439,0.107167342367208,"AC011498.1"
"ENSG00000267013.6",47.1470173492248,0.059824938596098,0.232471410581867,0.257343208123349,0.796913840046073,0.888059060003143,"LINC01929"
"ENSG00000267015.1",8.44805067050906,0.774812927194421,0.272170345345205,2.84679407748002,0.00441619188133216,0.0307783705893221,"AC023090.1"
"ENSG00000267016.1",3.00290806823789,-1.50411777344377,0.256454513239569,-5.86504699973319,4.49005495092374e-09,1.3970784998234e-06,"AC111170.1"
"ENSG00000267023.5",416.324553037876,-0.331130421396016,0.104387569634132,-3.17212501983324,0.00151327846017423,0.0146713977211942,"LRRC37A16P"
"ENSG00000267026.5",8.65122840913626,-0.171345600440982,0.173587421837137,-0.987085346550863,0.323600800721599,0.517136285351249,"AL136084.1"
"ENSG00000267028.1",1.66026330596039,-0.648191348186309,0.58238971138075,-1.11298557567158,0.265714624525625,0.457322011700353,"TCF4-AS1"
"ENSG00000267039.1",2.62384916641467,-3.38053850647182,0.779797604236228,-4.33514861818905,1.45661677684317e-05,0.000524532326023015,"AC016493.1"
"ENSG00000267040.6",70.8584557500067,-0.217326901223603,0.0939723989748286,-2.31266737461727,0.0207409341034099,0.0871768613943727,"AC027097.1"
"ENSG00000267041.6",182.554768783481,0.144499415752485,0.124329541384094,1.16222913833551,0.24514240167807,0.43412372229085,"ZNF850"
"ENSG00000267044.1",2.53866886279201,-0.371801922106725,0.302859614075108,-1.22763783887844,0.219582950749873,0.403809941411596,"AC005757.1"
"ENSG00000267046.1",9.99761630353456,-0.270515951261229,0.20742004115136,-1.30419389447438,0.192167481081036,0.371359294253926,"E2F3P1"
"ENSG00000267048.1",11.0247705819231,0.396145433694229,0.138530344588744,2.85962930988347,0.00424136462516103,0.029923780911519,"AC092143.3"
"ENSG00000267049.1",9.11862267995233,0.105776144187811,0.113158274892539,0.934762785030626,0.34991056234693,0.543572808488096,"AC002398.1"
"ENSG00000267052.3",5.10629894105981,-0.0582096480251541,0.165302857322934,-0.352139394126964,0.724733725851288,0.841987115773141,"AC005050.1"
"ENSG00000267053.8",12.4579652420825,-0.169284917142173,0.186079696997855,-0.909744157333425,0.362957450793459,0.555839117261574,"AC092296.2"
"ENSG00000267055.1",3.60111638320405,-0.756139443151083,0.436612612223379,-1.73183142672074,0.0833035809198118,0.217577255868094,"AC007001.1"
"ENSG00000267056.2",51.20037422877,-0.428972423389551,0.339987588501931,-1.26172965689632,0.207046081526426,0.388611184590106,"AC005336.1"
"ENSG00000267058.1",11.0289157616961,0.0708333291545154,0.144108656457318,0.491527232963239,0.623053595694449,0.771478151073373,"AC006213.2"
"ENSG00000267060.7",20.320173511608,-0.298070485068278,0.135942150970688,-2.19262740025754,0.0283342353120456,0.106567069164475,"PTGES3L"
"ENSG00000267061.1",0.938652013051926,-0.0114341307951004,1.02332810115909,-0.0111734748436492,0.991085042432387,0.995660661366972,"AC090213.1"
"ENSG00000267064.2",35.1277203383607,-0.083088169660787,0.0942321756248042,-0.88173884461303,0.377918049645221,0.569437799883751,"UXT-AS1"
"ENSG00000267065.2",5.78737730274902,0.0673358275408267,0.168749068376498,0.399029329101793,0.689871593694701,0.818483111189945,"LINC02080"
"ENSG00000267069.1",3.95659207236459,0.61817567843245,0.229291985595687,2.69601956137484,0.00701735456147278,0.0422551610445132,"AP005264.1"
"ENSG00000267072.2",24.7961296912085,-0.416408884883589,0.196162199731094,-2.1227784224199,0.0337724238030049,0.119857723662023,"NAGPA-AS1"
"ENSG00000267073.1",9.72588695878154,0.294618426291511,0.369533669645467,0.797270859172779,0.425293740692251,0.612771216898218,"AC005256.1"
"ENSG00000267074.1",31.4929114524738,-0.478500347861167,0.156457057756973,-3.05834939453117,0.00222559918327502,0.019218019557229,"AC015911.3"
"ENSG00000267080.6",364.398145549245,-0.151688946063165,0.0716721686123812,-2.1164274641044,0.0343084683110483,0.121037600453505,"ASB16-AS1"
"ENSG00000267082.1",27.736572744848,-0.185128655600386,0.104979911990165,-1.76346743001394,0.0778216858237262,0.207838712187495,"AC011472.1"
"ENSG00000267096.1",10.6758912633593,-0.0737705795354582,0.148382589981233,-0.497164657557119,0.619072942126363,0.768212113450699,"AC008735.1"
"ENSG00000267097.1",3.00239274473069,-0.406096869018439,0.251763001238181,-1.6130125039074,0.106741791259087,0.2549687513552,"SLC14A2-AS1"
"ENSG00000267100.1",809.081728666436,-0.0718887789507234,0.0753437981090631,-0.954143283919157,0.340011118897813,0.533332870740396,"ILF3-DT"
"ENSG00000267102.1",48.1926634193919,-0.120088254565896,0.0914564291095886,-1.31306520203188,0.189160978303221,0.367686621359712,"AC060766.1"
"ENSG00000267106.8",235.373215357339,0.0624975751545404,0.0768744990143431,0.812981885486886,0.41622844402305,0.604919398762851,"ZNF561-AS1"
"ENSG00000267107.8",412.328369295947,0.0761047986469299,0.156184055643071,0.487276363349489,0.626062495779599,0.773844391015044,"PCAT19"
"ENSG00000267108.1",4.09815376244235,-0.43362094624553,0.188408501865276,-2.30149352047603,0.0213637512153695,0.0887304602311996,"AP001029.1"
"ENSG00000267112.1",2.40104619100655,-0.026660691239047,0.223405790369136,-0.119337512223811,0.905007965378682,0.949588093014574,"AC098848.1"
"ENSG00000267114.1",8.58355561232436,-0.068172505810487,0.142552876446877,-0.478226097639579,0.63248928951306,0.777946871425975,"AC011481.1"
"ENSG00000267119.1",14.694953514801,0.109592472620378,0.132656323213895,0.826138324696902,0.408725629581328,0.598203455143257,"RPL10P15"
"ENSG00000267121.6",221.735796829103,0.0413809178553541,0.154155403646571,0.26843637573826,0.788363442815741,0.88267103037449,"AC008105.3"
"ENSG00000267122.1",4.11423604151519,0.133003288044376,0.217697329649424,0.610955073535177,0.541229323170123,0.709303568583802,"AC004490.1"
"ENSG00000267123.7",83.8077455585851,0.419235288538115,0.18151165402273,2.30968799659341,0.0209054338363591,0.0875807988818302,"SCAT1"
"ENSG00000267127.7",15.8791390080295,-0.315034230383101,0.136178427584321,-2.3133930679882,0.0207010378702665,0.0871050881276977,"AC090360.1"
"ENSG00000267128.2",97.2846313943614,-0.251080968639615,0.145386378107931,-1.72699101461362,0.0841692772144298,0.219045395630424,"RNF157-AS1"
"ENSG00000267131.1",4.58251923513888,-0.291951926308588,0.197990711053291,-1.47457385629575,0.140327147918701,0.303787942459759,"AC005746.2"
"ENSG00000267134.3",3.36207006756991,-0.512793179960272,0.539164096117638,-0.951089257709749,0.341559067420353,0.534853771300777,"LINC01924"
"ENSG00000267136.1",11.7726536413242,-1.67664096537294,0.248151907796703,-6.75651047884151,1.41354761810449e-11,1.20669848332186e-08,"AP005131.1"
"ENSG00000267141.1",3.91833742487971,-0.0397455965742501,0.181011989680746,-0.219574386450036,0.826202641245022,0.904798017662923,"AC012615.4"
"ENSG00000267142.1",2.5244205799086,0.576642860952431,0.251858692117943,2.28954917578304,0.0220474641166262,0.0906540969290895,"AC092296.3"
"ENSG00000267147.2",20.0404988926857,0.613404345694812,0.244991803239105,2.50377497363104,0.0122876157238744,0.0614651172094204,"LINC01842"
"ENSG00000267149.2",6.07496714736289,0.0124315442985136,0.181788177618448,0.0683847787099,0.945479338293572,0.971648134114203,"AC011476.2"
"ENSG00000267150.1",3.97362629263333,-0.144384946577355,0.183655222158431,-0.786173923509786,0.431765600796265,0.617867232894752,"AC006557.1"
"ENSG00000267151.5",1.25119986682569,0.0271314225307621,0.302536301093352,0.0896798910831873,0.92854159613364,0.962392995029588,"MIR2117HG"
"ENSG00000267152.1",16.3067870099272,-0.165720685665052,0.0934215863715862,-1.77390143008164,0.0760794561651067,0.204762597744939,"AC093227.1"
"ENSG00000267156.1",5.4410284915729,0.194735293708883,0.152510643956145,1.27686362510462,0.201650398116481,0.382395274038697,"TPMTP1"
"ENSG00000267160.1",4.17962593238983,-0.193321959710691,0.145854346179567,-1.32544531427733,0.185023495883807,0.36269354972089,"AC091152.2"
"ENSG00000267169.2",57.4231391095314,-0.141282155427917,0.0909713599279713,-1.5530399406998,0.120413592935546,0.275394814157145,"AC022098.1"
"ENSG00000267174.5",10.9377932115102,-0.0138650290635661,0.124960028549208,-0.110955712995105,0.911651465718794,0.952924939505064,"AC011472.2"
"ENSG00000267178.3",1.90921621022494,-0.00266373908259719,0.295947039251329,-0.00900072894574573,0.992818554303571,0.996650328009311,"PHF5CP"
"ENSG00000267185.1",15.9105813818751,-0.120729541449397,0.115346523086089,-1.0466682325508,0.295252620143664,0.487833522701886,"PTP4A2P1"
"ENSG00000267191.2",15.8425711480056,0.0387286583943586,0.173058451153649,0.223789466138083,0.822921126913393,0.902951091111539,"AC006213.3"
"ENSG00000267196.1",0.982868545708083,-0.420386046972766,0.488685990637588,-0.860237565689757,0.389658101003414,0.580598243676453,"AC091044.1"
"ENSG00000267197.1",8.28672220247232,-0.429026773708793,0.147466976942146,-2.90930744363945,0.00362230449539971,0.0268918254318687,"AC011461.1"
"ENSG00000267198.1",2.91929943643077,-0.364494984340968,0.251548490980347,-1.44900485357889,0.14733622714471,0.313373427994256,"AC091132.4"
"ENSG00000267199.1",25.7250169677819,-0.312926179071584,0.154572226337283,-2.02446575614928,0.0429222519378981,0.141011499286406,"AP001029.2"
"ENSG00000267203.1",4.53263029529796,-0.764446127431026,0.220112760940887,-3.47297505225662,0.000514723198346066,0.00688220057933155,"SNRPGP4"
"ENSG00000267212.1",2.21020911405973,-0.308024679164513,0.257091908114595,-1.19811114018888,0.230873752483638,0.417357867265992,"AC018761.3"
"ENSG00000267213.4",32.6796417625649,0.235297467992081,0.126105528185484,1.86587750257856,0.062058505838726,0.179675617366094,"AC007773.1"
"ENSG00000267214.1",1.83946948344324,-0.34261981227298,0.295038919115529,-1.16126988703758,0.245532161527139,0.434559686020044,"AC092068.1"
"ENSG00000267215.2",3.17038040512402,-0.36913826378354,0.448007760940997,-0.823955064993073,0.409965090567542,0.599269747113856,"AC040963.1"
"ENSG00000267216.1",23.3119187739789,-0.0186463761287913,0.119020503128394,-0.156665243707435,0.875508680273786,0.933589217647098,"ZNF8-ERVK3-1"
"ENSG00000267219.1",13.4203140633891,0.038326448051956,0.0926048052804021,0.413871050599434,0.678968546144519,0.811581729400248,"AC010504.1"
"ENSG00000267220.1",2.31306436914358,-0.754234112272691,0.294461033788912,-2.56140550268316,0.0104249597457395,0.0551618221257004,"AC011447.2"
"ENSG00000267221.3",119.076625761393,-0.121863195773085,0.101148964468276,-1.20478935611155,0.228284630032082,0.414274511482509,"C17orf113"
"ENSG00000267222.1",4.39822906548606,-0.223622822704241,0.176416079115266,-1.26758753411661,0.204945285965392,0.386192178268384,"AC107993.1"
"ENSG00000267226.2",9.02428092382775,-0.320100537129845,0.140996997979931,-2.2702649114232,0.023191514661741,0.0936533531030543,"AC104971.1"
"ENSG00000267234.1",2.69393806726468,-0.742339624491632,0.349655452050382,-2.123060344515,0.0337487954809663,0.119812182549351,"AC092067.1"
"ENSG00000267244.5",55.2848806112196,-0.202396458373889,0.120619762333193,-1.67797095980675,0.0933527683495117,0.234176741761626,"AC012615.6"
"ENSG00000267248.3",27.7165002173637,-0.153234620237838,0.101905569511804,-1.50369230035154,0.13266061267694,0.293294087813236,"AC025048.2"
"ENSG00000267249.1",42.1177369555545,0.00816740165224018,0.0771886677561877,0.105810890246716,0.915732396131911,0.955241216456314,"AP005482.2"
"ENSG00000267251.2",14.9149836010543,-0.190316243559858,0.17437698049445,-1.09140692206168,0.27509386790826,0.467757923609279,"AC139100.1"
"ENSG00000267254.7",167.519176552009,-0.377360090429565,0.133574845542134,-2.82508348707417,0.00472682981137791,0.0321492022288467,"ZNF790-AS1"
"ENSG00000267258.1",3.31207683870117,0.309423274110337,0.187848888551619,1.64719246675399,0.0995184917446845,0.243658121244582,"PPIAP58"
"ENSG00000267259.1",56.3720895860349,-0.268638248734613,0.161964543872966,-1.65862380932776,0.0971916209618182,0.240258437532062,"ERVE-1"
"ENSG00000267260.2",10.2214639493628,-0.292697207414258,0.221619650607822,-1.32071865744529,0.186595190683118,0.36457239926133,"AC020928.1"
"ENSG00000267262.1",3.37901777441404,-0.833759806893737,0.285120571114384,-2.92423588952216,0.00345302965423431,0.026078155420072,"AC011444.2"
"ENSG00000267264.1",4.92160678847568,-0.149746327944608,0.1621568420697,-0.923465985359049,0.355764418529086,0.549321249702665,"AC006504.3"
"ENSG00000267265.5",25.754033094494,-0.0953663292937182,0.105485979485065,-0.904066395925354,0.365960195748284,0.558741300424085,"AC011476.3"
"ENSG00000267269.1",0.508593918543898,-0.328105718567481,0.690881470311256,-0.474908841338099,0.634851949370299,0.779441898085532,"AC010776.1"
"ENSG00000267270.6",69.8903693788402,-0.0163025121575227,0.122402916200501,-0.133187285593903,0.894045265887928,0.944055336794883,"PARD6G-AS1"
"ENSG00000267272.5",28.1756893363805,-0.124778575383928,0.126908060238578,-0.983220255272617,0.325499047869876,0.518974943601936,"LINC01140"
"ENSG00000267274.1",11.8318048947991,-0.417123807606267,0.158771125705112,-2.62720192827126,0.00860902293340996,0.0485385606303163,"AC008770.3"
"ENSG00000267277.1",7.67566371415348,-0.274888660499202,0.100126438589056,-2.74541534057169,0.006043435796277,0.0381719043759154,"AC024575.1"
"ENSG00000267278.6",372.606039729784,0.155757599514944,0.101253454237688,1.53829418154278,0.123976701752078,0.280721673676625,"MAP3K14-AS1"
"ENSG00000267279.2",10.0788081866717,0.228684439328345,0.144571936438091,1.581803806206,0.113694365856155,0.265612257980583,"AC090409.1"
"ENSG00000267280.5",62.0170612189962,-0.0290699362304198,0.1551721007991,-0.187339966918772,0.851394088592544,0.920038410578454,"TBX2-AS1"
"ENSG00000267281.2",10.148224150813,-0.232557640899589,0.123724812316383,-1.87963623905045,0.0601576708135537,0.176047653343922,"ATF7-NPFF"
"ENSG00000267284.2",9.51786047385994,-0.0808267323944924,0.407468693683986,-0.198363048860823,0.842761025707818,0.914508745767425,"AC022031.2"
"ENSG00000267285.1",1.6909438892473,-0.883078554391158,0.414338070694102,-2.13129957600039,0.0330644699833388,0.118087899501748,"AC004672.2"
"ENSG00000267287.1",16.5859092330117,0.0460156005894948,0.136400101051241,0.337357525653213,0.73584739939968,0.849181105423143,"AC068473.3"
"ENSG00000267288.2",23.031563334482,-0.0827707800161525,0.127941045566468,-0.646944689639507,0.51766774112691,0.691319262411434,"AC138150.2"
"ENSG00000267293.1",5.88301573597306,-0.315503664263103,0.180535745059753,-1.74759665549157,0.0805338948928065,0.212930031977939,"AC012569.1"
"ENSG00000267296.2",121.959061045797,-0.266397571032414,0.145525897549556,-1.83058531517867,0.0671624620455157,0.188922738417029,"CEBPA-DT"
"ENSG00000267298.1",2.95484076597563,-0.832459255201964,0.291642029998351,-2.8543871238541,0.00431199517332189,0.0302612258232306,"AC006116.5"
"ENSG00000267301.1",11.1447240210279,0.247989745673159,0.251358673102969,0.986597130752556,0.323840177394779,0.517350498814864,"RPL23AP77"
"ENSG00000267304.1",2.43598204950624,-0.341598107893933,0.286897617540862,-1.19066205854874,0.233786278391357,0.420772330332114,"AC004637.1"
"ENSG00000267305.2",2.16604815925014,-0.15486032474866,0.317363292674534,-0.487959156976213,0.625578771173371,0.773544577061719,"AL592148.2"
"ENSG00000267309.1",43.880955968152,0.126817304556528,0.10207176194069,1.24243279576399,0.214076921646071,0.397017766954248,"AC092295.2"
"ENSG00000267311.1",2.9066023594002,-0.0362406212093398,0.346285891578408,-0.10465520568612,0.916649407377528,0.955778538046353,"AC007673.1"
"ENSG00000267312.1",5.92351483973307,0.172769182824158,0.157663938197929,1.09580659216609,0.273163423002137,0.465536641808674,"AC015911.4"
"ENSG00000267313.7",23.1821529796052,-1.03802636238831,0.322366750781245,-3.22001682826373,0.00128183071876737,0.013054753784008,"KC6"
"ENSG00000267317.2",138.913520686491,0.0639941476827593,0.0787887436657225,0.812224496868076,0.416662825511991,0.605260065874197,"AC027307.2"
"ENSG00000267321.3",305.244845661299,-0.0798172972767991,0.0983777879333507,-0.811334539569786,0.417173580053309,0.605664644579028,"SNHG30"
"ENSG00000267322.2",10.4361984899827,-0.386428716816242,0.172765557252601,-2.23672312329734,0.0253044417443175,0.0992531549238409,"SNHG22"
"ENSG00000267325.2",21.5697326877972,-0.237048112951586,0.168594237810853,-1.40602737098009,0.159715997260488,0.330377427573371,"LINC01415"
"ENSG00000267327.2",11.2562408174051,-0.135248997874984,0.267379631464768,-0.505831342253181,0.612975053938474,0.764393530255959,"AC009271.1"
"ENSG00000267332.1",1.4276289573578,0.60891988756836,0.363094376127016,1.67702924529833,0.0935367631642363,0.234496946989979,"BOLA3P2"
"ENSG00000267336.1",8.15515530795169,-0.426736218620955,0.180944780918198,-2.35837815523331,0.0183549843152081,0.0806399266466366,"EIF4A2P1"
"ENSG00000267337.2",1.1984606531959,0.0229167870146667,0.53833170272792,0.0425700119434525,0.966044300813235,0.983060261321076,"LINC01478"
"ENSG00000267338.1",0.698495907418945,-0.665061490480784,0.648409325970117,-1.02568156231521,0.305041707942203,0.49834405920407,"AP000365.1"
"ENSG00000267342.1",16.3460163919218,-0.0636284490837906,0.10706059355978,-0.594321841194183,0.552296873060784,0.717537649060044,"AC087289.2"
"ENSG00000267344.1",13.0403516519463,-0.261232341181333,0.136291785167172,-1.91671376863185,0.055274305093724,0.16620731931768,"AC003070.1"
"ENSG00000267345.1",2.57871207001849,0.0143643142899409,0.183394328232394,0.0783247466177836,0.937569732973569,0.967539643290465,"AC010632.1"
"ENSG00000267348.3",22.1432247843047,-0.151127436353951,0.101167826340271,-1.49382903459489,0.13522031060931,0.296817834614138,"GEMIN7-AS1"
"ENSG00000267361.1",4.86856934166402,-1.49520018825867,0.27698599538861,-5.39810753305745,6.73475000811012e-08,1.03757254862093e-05,"SEC24AP1"
"ENSG00000267364.2",41.672429897433,-0.189121251612172,0.131032504761749,-1.443315549497,0.148931601461699,0.315699720327541,"AC022706.1"
"ENSG00000267365.1",31.0291694711216,-0.367607307386571,0.145329094980182,-2.52948184557745,0.0114231083418294,0.0586094567861647,"KCNJ2-AS1"
"ENSG00000267366.1",8.25566167943576,-0.38176554504133,0.219674123388031,-1.73787216788835,0.0822333407961081,0.215880351295129,"AP005131.2"
"ENSG00000267369.1",63.2759725880503,-0.272764787558714,0.128848879855972,-2.11693565255369,0.0342653093263023,0.120936599533614,"TAF5LP1"
"ENSG00000267370.1",32.0404289509743,-0.448427779758332,0.127896471956072,-3.50617787105459,0.000454591321650236,0.00634578988331292,"AC008752.3"
"ENSG00000267372.2",8.9612075498188,-0.00663599352381904,0.218471284777037,-0.0303746715756786,0.975768244687325,0.987848789201296,"AC005330.1"
"ENSG00000267374.2",65.1621756803678,-0.0991180718241808,0.21913080918754,-0.452323761280651,0.651035760644198,0.791464711096673,"MIR924HG"
"ENSG00000267375.1",2.00035249214778,-1.25023969669776,0.317891697525401,-3.93291081972298,8.39233796404332e-05,0.00193897368380912,"AC008649.2"
"ENSG00000267383.7",189.528751670467,-0.523708082863752,0.22313955561056,-2.34699796470764,0.0189253581609157,0.0822346579550206,"AC011447.3"
"ENSG00000267385.1",10.4550581621896,-0.832183387366778,0.196829268236771,-4.22794533974349,2.35835063920143e-05,0.000749919463523719,"AC011498.4"
"ENSG00000267390.1",49.4383979873239,0.240659697506768,0.0955896723892248,2.51763283094896,0.0118146411139963,0.0598880704336602,"AC036176.1"
"ENSG00000267393.1",1.35220590332534,-0.665065274872155,0.90426709570693,-0.735474372593671,0.46205064200224,0.644370293812281,"AP002439.1"
"ENSG00000267394.1",13.5263778231812,-0.0660632856333772,0.105298793357452,-0.627388819253757,0.530404394922469,0.700716075939092,"AC004596.1"
"ENSG00000267395.5",25.5661676951003,-0.0540790798418909,0.100700461783898,-0.537029114702014,0.591247503201082,0.747749487774089,"DM1-AS"
"ENSG00000267397.1",15.0508503528799,-0.129387510933103,0.111683263340985,-1.15852194019496,0.246651103443173,0.435891246187885,"AC090229.1"
"ENSG00000267402.1",1.85562242674709,-1.52385550670323,1.01405876162397,-1.50272899793582,0.132908941797586,0.293703531081046,"TCF4-AS2"
"ENSG00000267405.1",4.36111072419012,0.0023550673389213,0.203934096218308,0.011548178468402,0.990786091490248,0.995480484789499,"AC005180.1"
"ENSG00000267413.1",2.80343287186412,-0.226844952658433,0.537867168505922,-0.421749022697479,0.673208218117276,0.807418178096418,"LINC01901"
"ENSG00000267414.1",47.1190190847798,-0.230631435074837,0.125387334623578,-1.83935192312055,0.0658634405795508,0.186525308541595,"SETBP1-DT"
"ENSG00000267416.1",8.28318953292064,-0.0341192850623074,0.108961172287399,-0.313132507167907,0.754179992924223,0.860644347025352,"AC025048.4"
"ENSG00000267419.2",33.5928598719224,-0.339395332019104,0.0772295189326006,-4.39463221718757,1.10960452331901e-05,0.000432070916898946,"ZNF56"
"ENSG00000267421.6",7.82714534678914,-0.0436299480918735,0.133193708094812,-0.327567636008873,0.743238595647447,0.85373456268598,"AC005498.2"
"ENSG00000267422.1",9.18718488578676,-0.136145571469573,0.134010428889489,-1.01593265985175,0.309661454960535,0.503435546111918,"AC016582.2"
"ENSG00000267430.1",2.26315663039983,-0.484599560207595,0.288724683203274,-1.67841403385112,0.0932662998194742,0.233995095696289,"AC036176.2"
"ENSG00000267432.6",39.3619662975876,0.313863191822718,0.188795542577962,1.66245022280179,0.0964225360804575,0.239060374799244,"DNAH17-AS1"
"ENSG00000267440.2",7.26222251181645,-0.189370797597578,0.23910725775085,-0.791991005956426,0.428365920538159,0.615302870337437,"LINC02594"
"ENSG00000267446.1",2.35741550037817,0.0145789518912656,0.25147073372604,0.057974745908796,0.953768744528963,0.975919589364333,"AC003070.2"
"ENSG00000267452.3",13.127830612341,-0.245152377254896,0.157375012965522,-1.55775921879418,0.119290336633089,0.273823302366619,"LINC02073"
"ENSG00000267453.7",11.1860054064927,0.0940644755367642,0.244818509845712,0.384221256783423,0.700814464607059,0.825596934877456,"CLEC4O"
"ENSG00000267454.6",34.8502430857119,-0.0369610380061056,0.112381698074424,-0.328888410118421,0.742240034834551,0.853106685284384,"ZNF582-AS1"
"ENSG00000267457.1",4.77203265509982,-0.577156936747685,0.24801706095124,-2.32708562279574,0.0199607085609259,0.0851552883289218,"AC004223.2"
"ENSG00000267461.1",18.8399335525515,-0.586583024345939,0.190477030666807,-3.0795472939308,0.00207315452130924,0.0183226794472919,"AC079210.1"
"ENSG00000267466.1",15.843016133203,-0.468834102873895,0.294321793943486,-1.59293029779479,0.111175828542113,0.261673867773247,"AC021683.1"
"ENSG00000267470.6",62.4834668327757,-0.496100322436822,0.180697342411069,-2.74547658431103,0.00604230792332964,0.0381719043759154,"ZNF571-AS1"
"ENSG00000267472.1",2.3233709897314,-0.29884297068363,0.203148573300807,-1.47105621185499,0.141275915670706,0.305243627777585,"ARHGAP27P2"
"ENSG00000267474.1",7.75635244390739,-0.231635096664193,0.157929890580386,-1.46669573323292,0.142458844095614,0.306982672911021,"AC008569.2"
"ENSG00000267475.1",54.3167811415302,-0.0924073171958121,0.113249384316519,-0.815963086717934,0.41452124825215,0.603392306551664,"AC008736.1"
"ENSG00000267476.1",2.75107454266304,-1.59054691643375,0.32603008947255,-4.8785279880361,1.06880499551218e-06,7.8725054680502e-05,"AC104365.1"
"ENSG00000267480.1",83.2498418679399,-0.171589383556863,0.127837796104675,-1.34224297340329,0.179517226967101,0.35577516741566,"AP001542.3"
"ENSG00000267481.1",77.5430104918336,-0.528837990223032,0.110388640364942,-4.7906921262433,1.66206988310081e-06,0.000108713737952997,"AC011477.1"
"ENSG00000267489.5",1.46764598959109,0.265088439531937,0.451336486147695,0.587341036384083,0.556974685829534,0.721503374005785,"LINC01837"
"ENSG00000267490.1",5.27208030104111,-0.392846101392887,0.287497188407655,-1.36643458521707,0.171802599651824,0.346117151896334,"AC008759.1"
"ENSG00000267491.1",3.31033716040025,-0.679263845602765,0.288956628891414,-2.35074671312705,0.0187357825459403,0.0817095111739573,"AC100788.1"
"ENSG00000267493.4",50.7665808113461,0.136247591962715,0.104123497453422,1.30851916517368,0.190697278451557,0.369529392438606,"CIRBP-AS1"
"ENSG00000267498.2",7.87193263680671,-0.183831719205767,0.137424539676864,-1.33769208642083,0.180996831727593,0.357812927896607,"AC007786.1"
"ENSG00000267500.1",7.32324061615807,-0.277688320552705,0.154656134055297,-1.79552089704647,0.0725707463668761,0.198859086141474,"ZNF887P"
"ENSG00000267503.1",3.86049471631723,-1.80336554625822,0.340497871442634,-5.29626085067038,1.18197960733251e-07,1.60618967620087e-05,"AP005131.3"
"ENSG00000267504.1",8.94853998598463,-0.717175767774908,0.188905329118896,-3.79648245563005,0.000146763744184191,0.00287593015604725,"AC090236.2"
"ENSG00000267505.1",6.37730234769658,-0.0602688828195948,0.180406679052157,-0.33407234774368,0.738324965823319,0.850690179475023,"AC005180.2"
"ENSG00000267506.5",27.419764595843,-0.54343820482325,0.308981211869096,-1.75880663272654,0.0786103578346289,0.209390722728882,"AC021683.2"
"ENSG00000267508.6",92.5515483065097,-0.368272360256875,0.143083114734145,-2.57383522116597,0.0100578161561938,0.0539566344325104,"ZNF285"
"ENSG00000267511.1",0.687466161418471,-0.424836479239538,1.03223027266469,-0.411571420147199,0.680653583094883,0.812571706181079,"ADAD1P2"
"ENSG00000267519.6",1348.72587663434,-0.208731327222508,0.139047265557682,-1.50115377231865,0.133315793440396,0.29429006172995,"AC020916.1"
"ENSG00000267521.1",1.102492768191,-0.179770179659129,0.398511144323525,-0.451104522972098,0.651914218005324,0.791978838170088,"AC016168.1"
"ENSG00000267523.1",53.633424411358,-0.350207979773935,0.137942432988243,-2.53879804921076,0.0111234011091479,0.057657075062566,"AC008735.2"
"ENSG00000267526.1",2.74183980527931,-0.969417367724939,0.3946359802336,-2.45648500461388,0.0140303657516816,0.067167372681869,"AC005702.2"
"ENSG00000267529.3",3.80180165649359,-1.17865193723145,0.385354050402443,-3.05862086048019,0.00222358365819124,0.0192085549382877,"AP005131.4"
"ENSG00000267530.3",92.1959782629828,-0.281314183873677,0.166672345534894,-1.6878275935391,0.0914443290638731,0.231059070504724,"LINC01836"
"ENSG00000267532.5",8.1951871881389,0.0952621023531734,0.164055159674868,0.580671175121639,0.561462092337115,0.725189259624164,"MIR497HG"
"ENSG00000267533.1",5.33424448195299,-0.155612852697718,0.12835546883079,-1.21235857042337,0.225375152545989,0.410583581598556,"AP002414.4"
"ENSG00000267534.4",908.403305016869,0.0401772763873687,0.0711309568495651,0.564835314564088,0.572185784453886,0.732965806918939,"S1PR2"
"ENSG00000267541.1",10.8005247108969,0.114340894698412,0.159716821582384,0.715897634110089,0.474054559440502,0.65442212743926,"MTCO2P2"
"ENSG00000267543.1",10.3637795270358,-0.233946094519873,0.115071622152849,-2.03304768059255,0.0420477060562345,0.139057740908932,"AC015802.3"
"ENSG00000267544.1",10.9278041256995,-0.0563201240249026,0.0889356844868149,-0.633268011033888,0.526558639224808,0.697906635443749,"HIKESHIP2"
"ENSG00000267546.2",9.2954751407329,-0.11615395570013,0.111551350620886,-1.04125996730319,0.297754910914625,0.490483115584613,"AC015802.4"
"ENSG00000267547.1",40.7781920292867,-0.139829233951976,0.104271508512886,-1.34101094293362,0.179916899732654,0.356343573004168,"AC060766.4"
"ENSG00000267549.6",4.54501121563696,-0.246315861051125,0.172809442993837,-1.42536111906749,0.154052841092681,0.322782293193897,"AC006116.7"
"ENSG00000267551.3",10.3665515994986,-0.409114717741839,0.152402261766772,-2.68443993546452,0.00726514363912294,0.0431374601291641,"AC005264.1"
"ENSG00000267554.1",26.6390552515089,-0.213113973779976,0.133556148055068,-1.59568823212919,0.110558417270331,0.260655375638884,"AC015911.7"
"ENSG00000267560.1",10.6873736728234,-0.570318971563063,0.19538709134788,-2.91891837699569,0.00351248181423276,0.0263499452549011,"AC027514.2"
"ENSG00000267561.2",1.02111470468452,-0.930748416122317,0.887673517378575,-1.04852560981086,0.294396509432621,0.487023254088956,"AC093155.3"
"ENSG00000267563.1",1.78814579556195,-0.863037037395085,0.467900928570368,-1.84448669514724,0.0651122430564672,0.185264670376802,"AC011471.2"
"ENSG00000267565.1",33.7251796553289,-0.34862547008655,0.100655422112472,-3.46355380336091,0.000533089972918092,0.00703767681504287,"AC011477.2"
"ENSG00000267568.6",2.22250492860421,-0.141528385326326,0.304278771909607,-0.465127371318464,0.641840245811771,0.784578767212928,"AC016168.2"
"ENSG00000267570.1",2.23947472626642,-0.200056204075074,0.247500871354313,-0.808305049515081,0.418914996396572,0.607233410616122,"STK25P1"
"ENSG00000267571.1",28.2327794193096,-0.274754141312996,0.102354831690184,-2.68432996054983,0.00726753413223445,0.0431374601291641,"AC104532.2"
"ENSG00000267573.1",3.95164311490457,0.383306325218904,0.166237132615383,2.3057804185407,0.0211229049107106,0.0881701195075587,"KRT8P5"
"ENSG00000267575.7",190.843331030287,-0.087118838139453,0.0925441634588146,-0.941375824075863,0.346512298283822,0.540207348083399,"AC006504.5"
"ENSG00000267577.1",1.78314883844154,-0.0343100389161581,0.338617367711555,-0.101323919526138,0.919293328869147,0.957515730135168,"AC010327.4"
"ENSG00000267582.1",3.57046684306102,-0.796619234417581,0.231520870499318,-3.44080960260525,0.00057997649099242,0.00743964574880456,"AC020916.2"
"ENSG00000267583.5",14.3333028571533,0.0336389937127637,0.139996637472188,0.24028429768141,0.810109867116297,0.895587630308718,"AC007998.3"
"ENSG00000267585.1",0.858800667732262,-1.29135898080987,0.84893160704759,-1.52115785310545,0.128220229245633,0.287282773359835,"AC013290.1"
"ENSG00000267586.7",7.91044364471218,-0.350966977169588,0.203373938768159,-1.72572247602325,0.084397352500089,0.219390308379149,"LINC00907"
"ENSG00000267587.1",1.66233039347036,-1.93911310685575,0.423041545136363,-4.583741547726,4.56728717716535e-06,0.000225941592851955,"AC090241.1"
"ENSG00000267589.1",3.20112332864953,-0.427902157929906,0.274404352899657,-1.55938545948059,0.118905175705977,0.273259475031346,"AC011444.4"
"ENSG00000267591.1",0.769268114890859,-1.26919886475341,1.31229477862674,-0.96715988314879,0.333464113348983,0.527036350616079,"AC105224.1"
"ENSG00000267593.2",3.44416703634391,-0.639632541864474,0.226501785822047,-2.82396246697589,0.00474339392194252,0.0322026537200719,"LINC01926"
"ENSG00000267594.5",4.58942101671451,-0.174253783264324,0.281603978828731,-0.618790203139509,0.536054576976577,0.704874755912868,"CYP4F24P"
"ENSG00000267595.1",5.87630740713566,-0.35439947530765,0.165093853875041,-2.14665456641344,0.0318207923251224,0.115190783829542,"BRCA1P1"
"ENSG00000267603.1",1.09439141543636,0.928686997503951,0.579101166080267,1.60366970729814,0.108786876543768,0.258204996134002,"LINC01028"
"ENSG00000267605.7",12.7492982119267,-0.319660371354607,0.199178485223788,-1.60489407776875,0.108517117092775,0.257875457428287,"AC016590.1"
"ENSG00000267607.1",21.2405367158585,-0.151163383947626,0.207251592390152,-0.729371399294538,0.465774507959717,0.647448152206707,"AC011511.5"
"ENSG00000267610.2",1.00509283464568,-1.0182877286806,0.418821746799908,-2.43131531841656,0.0150441156653127,0.0705044683059201,"AC007787.1"
"ENSG00000267612.1",4.62904672513653,-0.28812160172847,0.169416697341684,-1.70066827089291,0.0890052963792702,0.227121432693726,"AC008759.2"
"ENSG00000267632.1",34.461691823122,-0.450743065365352,0.141246778207219,-3.1911741356966,0.00141695850414275,0.0139962455442765,"AC067852.3"
"ENSG00000267637.1",4.14733426092571,-0.656909704545175,0.260319826438952,-2.52347165996297,0.0116202426511374,0.0592726732931391,"AC040904.1"
"ENSG00000267640.6",173.797225794515,-0.0981447161346521,0.186646633174949,-0.525831698462294,0.599005148279124,0.75358169681164,"AC016582.3"
"ENSG00000267641.1",6.88430859222076,-1.04039029298022,0.263453938406982,-3.94904057715406,7.84650513457609e-05,0.00184487073054691,"BNIP3P16"
"ENSG00000267644.1",3.69334851905478,-0.528107498046607,0.227394337552379,-2.32243029325636,0.0202097777741745,0.0857843017460077,"AC061975.7"
"ENSG00000267646.1",1.25604671254241,-0.754057604453342,0.358154322243212,-2.10539858832496,0.0352566265846284,0.123414874238464,"AC008543.5"
"ENSG00000267647.1",0.833374084331944,-1.09310639900808,0.535544680909707,-2.04111148513559,0.0412397470524495,0.137326955252771,"MAP1LC3P"
"ENSG00000267648.1",6.77771428811148,-0.116704252531125,0.119256042996621,-0.978602422138319,0.32777646203918,0.521488184587136,"AC060766.5"
"ENSG00000267649.1",6.8357139703347,-0.206685635465921,0.194529607413986,-1.06248934655004,0.288013591862209,0.480474846613646,"AC010327.5"
"ENSG00000267651.1",12.0062739161401,-0.58086220946365,0.206435694743849,-2.81376827870974,0.00489645098110543,0.0329328368715036,"AC015961.1"
"ENSG00000267655.1",28.5790723000541,0.00168132726450213,0.111393728404355,0.0150935540859085,0.987957543471738,0.993893772168887,"AC125437.1"
"ENSG00000267659.5",20.4714770503034,-0.72805507317095,0.183942531041234,-3.95805727500696,7.55618410971177e-05,0.00180432060786529,"LINC01482"
"ENSG00000267665.2",2.56041817586369,-0.532465776170182,0.265173678527744,-2.00798879861099,0.044644481993662,0.144893444348771,"AC021683.3"
"ENSG00000267666.2",11.317237790734,0.189797354943344,0.141711018743306,1.33932672721196,0.180464331471241,0.357248126273756,"AC004156.1"
"ENSG00000267672.1",3.88338392650879,-0.66549504008313,0.262817163370428,-2.53215974005909,0.0113362334165986,0.0583514562675969,"AC010632.2"
"ENSG00000267679.1",3.95066660635932,-0.0468288304536016,0.160122458433623,-0.292456354415855,0.769937725933631,0.871408581947388,"EIF5AP2"
"ENSG00000267680.5",460.166440225738,-0.134833283565193,0.0742504541767659,-1.81592537123341,0.069381820810802,0.192959073389039,"ZNF224"
"ENSG00000267681.1",14.2550686518326,-0.169232414048758,0.0950270086881563,-1.78088752224241,0.0749308274438012,0.202917849201763,"AC135721.1"
"ENSG00000267682.1",8.36658980263727,-1.05860479008253,0.20256206973668,-5.2260760934101,1.73145126283438e-07,2.15899651286685e-05,"AC016590.2"
"ENSG00000267690.1",5.16373936921653,-1.13909259748153,0.326284948294621,-3.49109759256494,0.000481040504768266,0.00658793974712047,"LDLRAD4-AS1"
"ENSG00000267691.1",3.81332962993275,-0.171904738965026,0.201085577116969,-0.854883485079742,0.392615654203767,0.583282149728068,"SHC1P2"
"ENSG00000267694.1",3.07111138931726,-1.28590498843125,0.44167820624631,-2.91140692532641,0.00359805086468919,0.0267686943995748,"AP005131.5"
"ENSG00000267698.1",9.5910956429335,0.00816025545757222,0.113528578489105,0.0718784253812823,0.942698659682274,0.969971103523078,"AC002116.2"
"ENSG00000267707.2",8.58060257488017,-0.70570348778869,0.156116603311177,-4.52036152991401,6.17341138766825e-06,0.000280780581051419,"AC015961.2"
"ENSG00000267708.1",8.98661262572114,-0.418068507286037,0.182593704450519,-2.28961074284645,0.0220438916814137,0.0906540969290895,"RDM1P3"
"ENSG00000267709.1",4.86853966463552,0.149834797701182,0.199331298965703,0.751687258742857,0.452239154401931,0.635559379905537,"AC024592.2"
"ENSG00000267710.9",24.2773830331513,-0.894319681584203,0.17063156021235,-5.24123251566844,1.59507570283319e-07,2.02690287688647e-05,"EDDM13"
"ENSG00000267711.1",4.61408019911636,-0.502971077667987,0.14401828441097,-3.49241125684229,0.000478680625074248,0.0065610185469728,"AC060766.6"
"ENSG00000267714.2",3.26231616808999,-0.550693353731722,0.315070690812092,-1.74784062685207,0.0804916282042382,0.212868994980038,"AC008738.4"
"ENSG00000267719.1",2.33622299048368,0.108463496351799,0.263997728205684,0.410850112571019,0.681182444881677,0.812882437988662,"LINC02078"
"ENSG00000267724.1",10.2330466816202,-0.842049702372247,0.190695137090411,-4.4156852409562,1.00690510286897e-05,0.00040373869726781,"AC012254.3"
"ENSG00000267731.1",29.5246471918468,-0.744081512800002,0.166562292711573,-4.46728668708042,7.921793712506e-06,0.000338165260152273,"AC005332.2"
"ENSG00000267733.5",8.2759627824709,0.276642455304228,0.236816443604555,1.16817249298016,0.242737193567306,0.431355718464709,"AP005264.4"
"ENSG00000267734.1",4.7472046054657,-0.939993825045101,0.305350831095246,-3.0784059819765,0.00208111185719297,0.0183701738664742,"AL121989.1"
"ENSG00000267736.2",7.68563311472455,-0.0283287558942845,0.181871604711482,-0.155762390391974,0.876220316836009,0.933862699546105,"HMGB2P1"
"ENSG00000267737.1",27.233921504587,0.138331108213671,0.11847327837927,1.16761441994396,0.242962330978525,0.431548489397569,"AC087645.2"
"ENSG00000267741.1",4.74522116722686,-0.679706595272196,0.195373913547484,-3.47900383900024,0.000503281376975931,0.00678645074267302,"UBE2L4"
"ENSG00000267742.1",3.79918100575755,-0.565715488092113,0.184540511118881,-3.06553550037411,0.00217280581460763,0.0189004117305412,"SINHCAFP2"
"ENSG00000267743.5",1.68428901930436,-1.69792798022106,0.57023532966405,-2.97759169222535,0.00290522729885881,0.0231175268788017,"AC107896.1"
"ENSG00000267745.1",26.2192774593648,-0.243227151410202,0.105327103015631,-2.30925511522049,0.0209294287763004,0.0876592618253077,"AC060766.7"
"ENSG00000267746.1",0.498068582616152,-0.0912698496462849,0.640924029587027,-0.142403538380506,0.886761267647355,0.939655875583474,"AC104985.1"
"ENSG00000267749.1",2.70818438308737,-0.49418778787122,0.270571637519114,-1.82645820678935,0.0677812710612058,0.190032998521324,"AC092068.3"
"ENSG00000267750.6",69.1051698519676,-0.130598341350321,0.175847982589489,-0.742677507169349,0.457676950749077,0.640605344374381,"RUNDC3A-AS1"
"ENSG00000267751.5",42.1954663365526,-0.0374366995825144,0.139942721546167,-0.267514445688153,0.789073093288709,0.883045730919697,"AC009005.1"
"ENSG00000267758.1",3.2753121268575,-0.775866392529935,0.285256602679739,-2.71988933907696,0.00653037666258711,0.0402249454629996,"AC099811.4"
"ENSG00000267761.3",5.34450337366171,0.34873696014101,0.389038958929157,0.89640626507155,0.370035822442402,0.562461883603839,"MIR4527HG"
"ENSG00000267762.1",1.28086695267332,-0.104650897580557,0.542231659041967,-0.19300034558192,0.84695869744241,0.917061139389559,"AC048380.1"
"ENSG00000267764.1",8.52320513622204,-0.0148350132897116,0.191122041788955,-0.0776206299956395,0.938129831526519,0.967839747172767,"AC093567.1"
"ENSG00000267767.3",21.6318381902183,0.259387168392715,0.160015493764805,1.62101283000738,0.105014887147645,0.252211390119399,"LINC01801"
"ENSG00000267769.1",9.50480765046763,-0.0578184812747667,0.143162221689007,-0.403866890249624,0.686310604978085,0.816543579013522,"AC011498.6"
"ENSG00000267774.2",3.89741422141486,-0.0967275499101337,0.352949520765191,-0.27405491215976,0.784042422598005,0.880137715812104,"AC010776.2"
"ENSG00000267778.1",3.20224563111743,-0.0542894816596137,0.205456324068817,-0.264238552430392,0.791596105873826,0.884560956999976,"AC004221.1"
"ENSG00000267784.1",1.24595810897004,-0.723477021919792,0.420472388398323,-1.72062908738356,0.0853181517302327,0.220964389385814,"AC010680.1"
"ENSG00000267787.7",77.0953609796012,-0.254930932665309,0.114773824327323,-2.22115917248058,0.0263401823923356,0.101839936405531,"AC027097.2"
"ENSG00000267793.1",2.77577333662599,0.116518940726134,0.436949468303414,0.266664566908741,0.789727437770976,0.883451348600823,"AC009977.1"
"ENSG00000267795.6",534.209012676079,0.314791895654825,0.151830109028988,2.07331666734641,0.0381428185535395,0.13028505332655,"SMIM22"
"ENSG00000267796.8",40.855747903342,-0.0182582055849218,0.0815968285713834,-0.223761216025068,0.822943109890891,0.902951091111539,"LIN37"
"ENSG00000267800.1",3.311975821778,-0.263154576385183,0.21604979266339,-1.21802744238308,0.223213544493884,0.407850751157174,"AC012254.4"
"ENSG00000267801.1",28.152118711173,0.10740605106615,0.11777724514086,0.9119422935873,0.361799095942704,0.554881946803963,"AC087289.5"
"ENSG00000267809.1",54.7414101811629,0.26558843971514,0.1055785433495,2.51555317292032,0.0118845748517083,0.0600961650270239,"NDUFV2P1"
"ENSG00000267834.1",6.96610945081577,-0.113061762904633,0.137662501126352,-0.821296736435583,0.411477266198946,0.600478330128934,"AL592211.1"
"ENSG00000267838.2",29.8230555807799,-0.209367378148933,0.146888638523363,-1.42534766646117,0.154056727806176,0.322782293193897,"AC245884.8"
"ENSG00000267852.1",6.08387064750522,0.219145145681938,0.14232169618772,1.53978733778502,0.123612199406507,0.280227492499036,"AC119396.2"
"ENSG00000267855.6",12.4093859371285,-0.18921261722406,0.0952859932944397,-1.98573379656526,0.0470628902297011,0.149724300469894,"NDUFA7"
"ENSG00000267857.2",1.18358553838569,-0.356985468074779,0.621452099620877,-0.574437624866922,0.565671698354324,0.728066952229114,"AL133499.1"
"ENSG00000267858.6",102.108490116722,-0.00675992071121513,0.0847257114333305,-0.079785942152099,0.936407505214891,0.966721916063115,"MZF1-AS1"
"ENSG00000267868.1",28.9042703664106,-0.0581843417078271,0.169373614905759,-0.34352659793086,0.731202334643949,0.846126979503701,"AL356740.1"
"ENSG00000267871.6",29.389576457344,-0.129302525307702,0.109721640195661,-1.17845964640269,0.238613410819575,0.426159748275619,"ZNF460-AS1"
"ENSG00000267879.2",2.4695669612433,0.324394256427752,0.526334248225724,0.61632747160438,0.53767841118201,0.706011727212883,"AC011483.1"
"ENSG00000267882.2",9.59339767671029,-0.0584954695597234,0.182097563878297,-0.321231477862155,0.748034979301521,0.856878907441699,"AL031666.2"
"ENSG00000267886.1",26.2265364340695,-0.46417751673485,0.230686348787962,-2.01215858317435,0.0442032228286531,0.143899276193835,"AC074135.1"
"ENSG00000267892.1",63.3036937030012,-0.111633295657194,0.149273471865791,-0.747844169910922,0.454554156262616,0.637882075250144,"AC022144.1"
"ENSG00000267898.1",15.8689303080839,0.066718119826004,0.104460058702631,0.638695025205109,0.523021349649604,0.695360272088062,"AC026803.2"
"ENSG00000267904.1",41.8405226275795,-0.460989642084562,0.106514359767191,-4.32795768657063,1.50498372837134e-05,0.000534743044489508,"AC024075.1"
"ENSG00000267909.3",3.75003801964193,0.00437662976793598,0.305434165282141,0.0143292082727324,0.988567337189551,0.994169552614426,"CCDC177"
"ENSG00000267920.1",3.35110854042452,-1.09836473458409,0.299902091823591,-3.66241104857039,0.000249852523003554,0.00423325193300627,"SNX6P1"
"ENSG00000267924.1",9.3462253547491,-0.609444655333316,0.220459132988785,-2.76443369376908,0.00570216948097951,0.0366774205042988,"AC139769.2"
"ENSG00000267934.1",51.3871849371258,-0.657915406175473,0.185352898179114,-3.54952856221165,0.000385921597403634,0.00568463364528484,"AC010300.1"
"ENSG00000267938.1",7.07132526304998,-0.0439171336929347,0.152215717293075,-0.288519047007326,0.772949452711523,0.873042683170197,"EIF1P6"
"ENSG00000267939.1",15.1850448917282,0.00943127901465214,0.106962529422329,0.0881736722718459,0.929738642282024,0.963002476977738,"AC008946.1"
"ENSG00000267940.1",20.8608782010409,-0.146493698881623,0.128979983350621,-1.1357863063402,0.256046009446134,0.446623765342486,"AC022762.2"
"ENSG00000267943.1",12.7200059185724,0.352335898513737,0.27929320820273,1.2615269120973,0.207119070160015,0.388664207205079,"AC010328.1"
"ENSG00000267978.5",5.00444658467033,-0.22553704145498,0.82713132558818,-0.272673799767647,0.785103976514871,0.88062440951503,"MAGEA9B"
"ENSG00000267980.1",11.5583030033044,-0.163365580777735,0.115083230682278,-1.41954288048061,0.155740804660023,0.325083298404148,"AC007292.1"
"ENSG00000268001.1",170.245305405632,-0.180319157157205,0.0941818749068689,-1.9145844923507,0.0555455143762196,0.166698496176759,"CARD8-AS1"
"ENSG00000268006.1",38.4547744466974,-0.262756892086441,0.10578605066535,-2.48385198647469,0.0129969817153681,0.0638962882742031,"PTOV1-AS1"
"ENSG00000268015.1",1.94074232483351,-0.329554743466897,0.26012088031224,-1.26692921795171,0.205180600266522,0.386419060357372,"AC010320.2"
"ENSG00000268027.5",67.4808538576703,-0.274187023548472,0.135081001346472,-2.02979709074856,0.0423771688132365,0.139738297423603,"AC243960.1"
"ENSG00000268030.1",26.7999744465046,-0.183379746204819,0.099046215949285,-1.85145635749189,0.0641039277409245,0.183458303760612,"AC005253.1"
"ENSG00000268034.1",10.4943860203453,0.236834283506068,0.160473001570194,1.47585127210618,0.139983823066256,0.303299163108576,"AC243960.2"
"ENSG00000268038.3",3.18043810035424,-0.269068220628883,0.540328818225851,-0.497971256673591,0.618504301595775,0.768073025717332,"LINC01785"
"ENSG00000268041.2",48.6760064515868,-0.142996905716902,0.148699130568604,-0.961652601263386,0.336224139224036,0.529563358273527,"ERFL"
"ENSG00000268043.7",414.084526420011,-0.33046355152214,0.0859415870716467,-3.84521118101581,0.000120448659782823,0.00250006061730021,"NBPF12"
"ENSG00000268047.1",5.76217288723588,-0.488569968225535,0.181743797025951,-2.68823462599812,0.00718309054517789,0.0428655016168861,"AC018766.1"
"ENSG00000268049.1",23.1933272782554,-0.114882128496804,0.123819095475739,-0.927822385193515,0.353499710272759,0.547042198294644,"AC012313.2"
"ENSG00000268051.1",3.07659851996579,-1.39610323914055,0.412452070423214,-3.38488600071281,0.000712078212996762,0.0086585901918558,"AC008395.1"
"ENSG00000268058.1",7.04615827702446,-1.05630622828895,0.250873194871093,-4.21051850051861,2.5478525702338e-05,0.000790600396628791,"BNIP3P40"
"ENSG00000268061.5",32.9591719535294,0.092472502959776,0.0779220554383598,1.18673079707101,0.235333823192227,0.422575318242748,"NAPA-AS1"
"ENSG00000268062.1",10.9715483741196,-0.198540502367474,0.159496601718554,-1.24479456131496,0.213207275833473,0.396105526873999,"SRP14P4"
"ENSG00000268070.1",9.22884330372172,-0.86610727555718,0.261058285008441,-3.31767779570441,0.000907691256440002,0.0102750796075325,"AC006539.2"
"ENSG00000268079.1",2.68956826969743,-0.629411387959388,0.413518469606644,-1.52208772816873,0.127987100473076,0.286979696662858,"BNIP3P30"
"ENSG00000268080.2",2.64319917342809,-0.263479567566086,0.289898772702452,-0.908867481948665,0.363420080463836,0.556317289938962,"AC016885.3"
"ENSG00000268081.1",7.6031302338338,-0.3418805356439,0.174303852149146,-1.9614055078448,0.0498317380080455,0.15538522557852,"AC123912.1"
"ENSG00000268087.1",49.0252232132826,-0.376577691184191,0.0865513922306766,-4.35091431204869,1.35571028727481e-05,0.00049545183967333,"AC008764.2"
"ENSG00000268088.1",1.54519249045202,0.66988710699946,0.317016821251657,2.11309641032482,0.0345925168713033,0.121678675562208,"AC093063.1"
"ENSG00000268089.3",20.4083069648368,-0.236488165920794,0.29521186178246,-0.801079484045465,0.423085632450599,0.610734665182907,"GABRQ"
"ENSG00000268093.1",7.37288357776836,-0.421194380766841,0.14710354979395,-2.86325096407812,0.0041931829431698,0.0297166147580465,"AC022154.1"
"ENSG00000268095.1",4.2427467195442,0.170822021309778,0.184108462475201,0.927833620536519,0.35349388130061,0.547042198294644,"ZNF649-AS1"
"ENSG00000268100.1",0.711628648323011,-0.678619721939453,0.537595553637939,-1.26232391125112,0.206832256020691,0.388404848044259,"ZNF725P"
"ENSG00000268104.3",4479.65341133582,0.166840492413689,0.196350931427366,0.849705632669259,0.395488766057346,0.586117603557051,"SLC6A14"
"ENSG00000268105.1",2.89984655051283,-0.872207206245636,0.270410617541557,-3.22549171395459,0.00125756475986311,0.0129142824028755,"AC124856.1"
"ENSG00000268117.1",4.48025095465244,-0.61149017796477,0.278380742968309,-2.1965965441596,0.0280492732639532,0.105952985576054,"VN1R84P"
"ENSG00000268119.6",182.37159410963,-0.611928738449503,0.187572841116643,-3.26235256024603,0.00110491632640772,0.0117941581452684,"AC010615.2"
"ENSG00000268157.1",5.74761345171895,-0.430025782296337,0.192483543750465,-2.23409115354724,0.0254770759715972,0.0996953796805812,"AC010524.1"
"ENSG00000268174.1",1.97227203588042,-1.77291734021653,0.364869199831796,-4.85904905383585,1.17950909629483e-06,8.41349866914142e-05,"BNIP3P22"
"ENSG00000268182.6",21.4349887741811,-0.605118901176012,0.132460777123919,-4.56828741545065,4.91725449871327e-06,0.000238117284819502,"SMIM17"
"ENSG00000268189.2",24.2782437461516,-0.423073894883871,0.1454755917359,-2.90821222883857,0.00363501556093366,0.026953357031217,"AC005785.1"
"ENSG00000268201.1",18.3110165483858,-0.354797315008069,0.128846771857267,-2.75363759521352,0.00589369901446958,0.0375205547305797,"AC020915.1"
"ENSG00000268204.1",21.7883796488191,-0.681626519285866,0.150158359453454,-4.53938443232096,5.6418692204275e-06,0.00026197315474992,"AC008763.1"
"ENSG00000268205.1",1269.40004447188,-0.0987493969966305,0.0804870084656346,-1.22689858747568,0.219860709541661,0.404253747322611,"AC005261.1"
"ENSG00000268218.1",89.1535736073266,-0.283843215609248,0.125253934735796,-2.26614210729564,0.0234426838646431,0.0942605403267586,"AC137932.3"
"ENSG00000268222.1",22.7036132978364,-0.137033229667063,0.135431481095884,-1.01182700328032,0.311620776353074,0.505594079294487,"EEF1A1P7"
"ENSG00000268223.6",7.17207593848721,0.566140988026367,0.216445205198401,2.61563192174861,0.0089062509077809,0.0496555784126899,"ARL14EPL"
"ENSG00000268230.5",31.7034548290623,-0.294554354325192,0.144458826663773,-2.03901942946529,0.041448088461717,0.137800200634706,"AC012313.3"
"ENSG00000268238.1",2.89821918005694,-0.730187724372465,0.56046472555904,-1.30282547870276,0.192634350185906,0.371940811966559,"IGFL1P2"
"ENSG00000268257.2",2.39642856549079,-1.3592760248012,0.488129003636227,-2.7846655590541,0.00535829586439806,0.0350857695672323,"AIRN"
"ENSG00000268266.1",1.60341654355243,-0.121929358555235,0.257613064548136,-0.473304250966867,0.635996129754734,0.780271185021349,"AC003005.2"
"ENSG00000268279.4",23.5040632523709,-0.19853393459117,0.137750912262838,-1.44125313821772,0.149513181076676,0.316509336655801,"AC090004.1"
"ENSG00000268282.1",2.24534693299712,-0.0547869129865391,0.244421223337091,-0.224149573586661,0.82264091954667,0.902877401414509,"AC010328.2"
"ENSG00000268293.1",0.841165233027557,-0.613920340472359,0.633351830558901,-0.969319595919704,0.332385755067322,0.52590623246157,"AC008751.1"
"ENSG00000268295.1",3.98627188979877,-0.429105565755745,0.257502047627713,-1.66641613031416,0.0956305602322908,0.238007643104856,"POLR3GP1"
"ENSG00000268297.1",5.50590777983341,0.0705406251372998,0.206893164916188,0.340951936067466,0.733139765425335,0.84736754765859,"CLEC4GP1"
"ENSG00000268307.1",64.9150600900223,-0.320093181624187,0.220130258605776,-1.45410805243922,0.145916351418439,0.311691962726423,"LINC02560"
"ENSG00000268316.1",5.59310943318649,-0.534345044704834,0.161318097333677,-3.31236887575963,0.000925094806529268,0.0104227348202297,"AC006272.1"
"ENSG00000268322.1",3.3238216204511,-1.81248391426345,0.359630055479169,-5.0398566155671,4.65880754669548e-07,4.16950751753044e-05,"BNIP3P25"
"ENSG00000268333.1",3.35286670594987,-0.565106680801195,0.321785415301289,-1.75616001822855,0.0790610894126323,0.210170939780802,"AL132655.1"
"ENSG00000268350.7",10.3655123493353,0.0821253918922833,0.128009049891983,0.641559264454996,0.521159389368345,0.694093909522374,"FAM156A"
"ENSG00000268355.1",15.9061903315744,-0.148524353785396,0.143097543351087,-1.03792385464644,0.299305506751662,0.492287720774089,"AC243960.3"
"ENSG00000268362.6",554.153493302511,-0.805615811551367,0.162199448767877,-4.96682212961329,6.80589582876288e-07,5.56728967633913e-05,"AC092279.1"
"ENSG00000268364.2",47.8863961026005,-0.195343684308878,0.123869654795994,-1.57700999999232,0.114793224130249,0.267184760274636,"SMC5-AS1"
"ENSG00000268366.1",8.00490597287436,0.0582548882245802,0.145999893901273,0.399006373689374,0.689888507916057,0.818483111189945,"AC010271.1"
"ENSG00000268379.1",6.72898013152859,-0.568055260839338,0.191612665166141,-2.96460184584769,0.00303074903703717,0.0237809869644305,"AC025588.1"
"ENSG00000268388.6",499.180264487858,-0.197544069083498,0.23867267336756,-0.827677782698134,0.40785300464467,0.597362636207602,"FENDRR"
"ENSG00000268401.2",10.2600244328867,-0.145100196919959,0.168035769759515,-0.863507794367952,0.387858335844534,0.578952993869803,"AC007785.3"
"ENSG00000268403.2",25.7141499166157,-0.107816573247632,0.132919040661949,-0.811144684092628,0.417282587579681,0.605711073783149,"AC132192.2"
"ENSG00000268412.2",6.51919283614836,0.00820203275095544,0.153164426915868,0.0535505072301204,0.957293289397758,0.978236652560299,"TRMT112P6"
"ENSG00000268416.1",219.856811562513,-0.57279504072617,0.222034243927883,-2.57975990817081,0.00988690272296566,0.0533232872761535,"AC010329.1"
"ENSG00000268438.1",8.35038649002283,-1.04480758078688,0.235921178074431,-4.42862988950168,9.48335996868834e-06,0.000385590067977739,"BNIP3P27"
"ENSG00000268442.1",22.1430937516817,-0.209732150247762,0.154300621557811,-1.3592437161323,0.174069372705162,0.34928228215242,"AC073534.1"
"ENSG00000268460.2",25.5378541165569,0.480005375507594,0.215088810768175,2.2316613021072,0.0256373567115141,0.100025851777669,"AC006262.1"
"ENSG00000268471.6",146.879967484628,-0.0902448914272738,0.0851714138377423,-1.05956784513636,0.289341248575206,0.481725060542356,"MIR4453HG"
"ENSG00000268472.2",1.78957371491931,-0.137482154255902,0.31050180662902,-0.442774088010903,0.657929147531985,0.796409071727107,"AP002884.3"
"ENSG00000268480.3",1.38461835078121,-0.703241443234114,0.331556898323403,-2.12102793454223,0.0339194517023767,0.12007459571629,"NFILZ"
"ENSG00000268499.1",5.5592783000927,-0.197514466007744,0.15542871213096,-1.27077206842789,0.203809748261452,0.384880201297136,"AC011479.2"
"ENSG00000268505.1",9.70837784401428,-0.262981451367562,0.301174836435553,-0.873185338058067,0.382562065172858,0.5738775721276,"AC135012.3"
"ENSG00000268510.1",4.76339161817,-0.181697996730012,0.226124118974286,-0.803532137810889,0.421667229070465,0.60947152285504,"IFNL3P1"
"ENSG00000268516.2",125.272678193912,-0.0325468822240821,0.0754412520726738,-0.431420228719549,0.666162843932176,0.802785664858071,"AC020915.2"
"ENSG00000268520.1",5.77738205426953,-0.131742367937328,0.15203081874606,-0.866550407502438,0.386188395995186,0.577470032241982,"AC008750.4"
"ENSG00000268521.1",24.1856372583641,-0.586968259711357,0.156490891303869,-3.75081421558012,0.000176261268348254,0.00327470223611519,"VN1R83P"
"ENSG00000268529.1",5.76415413845256,0.113315710808429,0.204077676763554,0.555257745998927,0.578718375936837,0.737813850427553,"CYP2T3P"
"ENSG00000268535.1",2.79770925147359,-0.590605798302684,0.319962455273938,-1.8458596893721,0.0649125810476497,0.18491781986989,"MTDHP4"
"ENSG00000268543.1",14.8369386854683,-0.152853170673357,0.0921667123958065,-1.65844225859913,0.0972282330274682,0.240295416983409,"AC012313.4"
"ENSG00000268545.1",3.0374672942952,-0.252895998697416,0.191631209018997,-1.31970152456923,0.186934690829994,0.36492643073384,"VN1R107P"
"ENSG00000268555.2",29.4523593237916,-0.33920511555213,0.199589226807476,-1.69951615614669,0.0892219730892855,0.227430300134873,"AC123912.4"
"ENSG00000268566.6",1.07922330699134,-1.8553514053604,0.603314812541705,-3.0752624778828,0.00210317373436937,0.0184800641695327,"AC100781.1"
"ENSG00000268573.1",110.601284857428,-0.317169895459278,0.125231232061876,-2.53267408007746,0.0113196147664953,0.0583019700527425,"AC011815.1"
"ENSG00000268575.1",52.4142549487858,-0.129754744676574,0.101145425631182,-1.28285331607297,0.199543470946903,0.380209510572612,"AL031282.2"
"ENSG00000268581.1",3.78574342274447,-0.08664183467131,0.182177294561677,-0.475590741863702,0.634365972398103,0.779103818763835,"SIGLEC18P"
"ENSG00000268583.2",14.6079793328498,-0.214927287908998,0.123701908092073,-1.73746137973091,0.0823057652065062,0.215898180686286,"AC011466.1"
"ENSG00000268584.1",20.599761864582,-0.183572331572889,0.104763550543571,-1.75225381939057,0.0797301730206385,0.211392581856822,"AC073389.1"
"ENSG00000268598.1",2.36883426286808,-0.495293358527103,0.285191474095917,-1.73670464763096,0.0824393169896105,0.216097329386277,"VN1R80P"
"ENSG00000268601.1",17.2042553400085,0.530727167898253,0.162520149064494,3.2656084242677,0.00109229179891406,0.0116969028180269,"AC115522.1"
"ENSG00000268606.5",1.28437356034641,-0.117684315009493,0.657329374347913,-0.179034011869983,0.857910995521907,0.923782488887443,"MAGEA2"
"ENSG00000268615.1",2.89135678809094,0.104782249466668,0.269126665165828,0.389341759955684,0.697023348508857,0.823045036963308,"AL353803.5"
"ENSG00000268620.1",3.64900555433404,-0.86582566723497,0.285082389553128,-3.0371068117963,0.00238860799384339,0.0202413288117202,"AC078899.3"
"ENSG00000268621.6",13.4315914764036,0.444443975317579,0.28510541501763,1.55887595221611,0.119025743053148,0.273498796567635,"IGFL2-AS1"
"ENSG00000268628.2",12.5789162824066,0.724693474230629,0.171525422956034,4.22499161781042,2.38949671901566e-05,0.000756212112796468,"AL121761.1"
"ENSG00000268649.5",4.28771279371862,-0.260742289748626,0.261331247435998,-0.997746317391624,0.318402387278993,0.512203840340139,"AL132655.2"
"ENSG00000268650.3",4.45984010924366,-0.0975137356192977,0.155204290317125,-0.62829278378871,0.529812158025241,0.700295226978495,"AC005759.1"
"ENSG00000268655.2",16.4422094748317,0.42215216650035,0.165186074446835,2.55561594955282,0.0106000038931733,0.055804226694405,"AC008687.4"
"ENSG00000268658.5",45.8366068813683,-0.777237067027341,0.214927225369222,-3.61628018829225,0.00029886687677142,0.00478143917748721,"LINC00664"
"ENSG00000268659.2",2.79286932108328,-1.61713907022711,0.867358846864722,-1.86444062463034,0.0622598524066182,0.180041454544736,"AL589863.1"
"ENSG00000268660.1",4.51630361319866,-0.602091044192218,0.262616878509769,-2.29265935841143,0.0218676240917496,0.0901642276631708,"LETM1P2"
"ENSG00000268670.1",9.85445352197631,-0.0443960020980913,0.164400083149558,-0.270048537978557,0.787122912352608,0.881989873483958,"AC016586.1"
"ENSG00000268683.1",2.71450716911698,-0.590160381664974,0.308363124265965,-1.91384875565069,0.0556394836990202,0.166821006571461,"AC020910.2"
"ENSG00000268686.2",72.1135854335848,0.556124263403892,0.190560038797334,2.91836770664885,0.00351869147636906,0.0263761106222661,"AC010643.1"
"ENSG00000268696.3",1.6631136328374,-1.286726242101,0.574230769850806,-2.24078246875434,0.0250401690816656,0.0986816227788699,"ZNF723"
"ENSG00000268705.1",4.35167464397935,-0.634125807426832,0.243777130608439,-2.60125224152129,0.00928841305903258,0.0510548350626336,"BNIP3P26"
"ENSG00000268707.1",5.03821761078375,-0.119211576035922,0.167773561950139,-0.7105504267195,0.477362871954231,0.657544149605801,"AL158151.4"
"ENSG00000268743.1",6.04386101880485,-0.2033775516621,0.205644102855199,-0.988978282568626,0.322673767352523,0.516355637971873,"AC008737.1"
"ENSG00000268746.1",3.81997134946403,-0.269473226928339,0.159775283757037,-1.68657642528813,0.0916848281890761,0.231404971942909,"AC010519.1"
"ENSG00000268747.1",3.08231435852906,-0.680915841038163,0.244676484011185,-2.7829231067708,0.00538715719955322,0.035236664959671,"AC022432.1"
"ENSG00000268751.1",20.4190616244467,-0.0660847708419064,0.133218335741305,-0.496063627233983,0.619849520433575,0.768811432862139,"SCGB1B2P"
"ENSG00000268754.4",6.81218390682839,0.032337893441368,0.169466015264165,0.190822291956056,0.848664823139291,0.918055642454304,"LINC01081"
"ENSG00000268756.1",15.1606403031628,-0.424942712425095,0.140754785820865,-3.01902851790709,0.0025358665993138,0.0211119296551524,"AC104534.1"
"ENSG00000268758.7",55.1854397340132,-0.514354062951909,0.148767001262215,-3.45744727384344,0.000545318941379183,0.00715338987995947,"ADGRE4P"
"ENSG00000268764.1",6.04109210779643,-0.404302559905961,0.22603047422134,-1.78870818768468,0.0736618236589289,0.200729952673714,"AC011465.1"
"ENSG00000268785.1",4.04764642397713,-0.0362559614339171,0.147667520873239,-0.245524277915115,0.806050512293208,0.893217937218006,"RPL7P50"
"ENSG00000268798.1",12.7466268823907,0.00126698280002036,0.123848520790348,0.0102301003833959,0.991837703219672,0.996116218802188,"AC027307.3"
"ENSG00000268812.3",23.3757290529285,-0.0422417983996129,0.196323789657466,-0.215163931346852,0.829639510929492,0.907159361448226,"AC004264.1"
"ENSG00000268833.1",24.0337257447524,-0.174651459094878,0.214282497364297,-0.815052378253539,0.415042329009276,0.60393375260952,"AC243967.2"
"ENSG00000268836.1",26.4613506954614,-0.209278790148551,0.128155870265004,-1.63300198200674,0.102468579818124,0.248390217784903,"Z69706.1"
"ENSG00000268849.5",7.71188519472435,-0.021134456606657,0.160481075460005,-0.131694385435024,0.895226026611985,0.944533674663058,"SIGLEC22P"
"ENSG00000268858.2",297.630042900946,-0.0218239806050945,0.0686151575977789,-0.318063549937849,0.750436731918401,0.85841917594088,"AL118506.1"
"ENSG00000268864.4",1.11372790100798,-0.324791550903581,0.296028406379781,-1.09716346101901,0.27256994273429,0.46477188750078,"AC011487.2"
"ENSG00000268869.6",12.8051551382978,-0.32263815816463,0.217067051934848,-1.48635251314635,0.137185903389924,0.299359656653387,"ESPNP"
"ENSG00000268873.1",1.56738841666314,-0.566699327917121,0.609142506208572,-0.93032307241925,0.352203835291251,0.545670914809978,"AC022601.1"
"ENSG00000268879.1",3.37558730347765,0.625418580567937,0.335212935055781,1.86573522428025,0.0620784189215381,0.179688471670559,"IGFL1P1"
"ENSG00000268883.2",3.6895423449931,-0.214403660017553,0.397332776778897,-0.539607282730823,0.589467893111545,0.746395567877006,"PNMA6B"
"ENSG00000268894.7",3.85258229308984,-0.36823655831452,0.246689035566733,-1.49271554557968,0.135511662349457,0.297225757599345,"PLCE1-AS1"
"ENSG00000268895.6",48.4670802174232,-0.0459561218835166,0.116391351719601,-0.394841379574573,0.692959954403299,0.820642256676592,"A1BG-AS1"
"ENSG00000268902.3",2.67028585196457,-0.691636216321927,0.611578966319863,-1.13090255618797,0.258096107306303,0.449026077975693,"CSAG2"
"ENSG00000268903.1",125.499474306158,0.066015847449807,0.169784239027353,0.388822000369372,0.69740782500308,0.823303266357973,"AL627309.6"
"ENSG00000268906.1",2.01511732820933,-0.639268619817905,0.44876474108739,-1.42450723349813,0.154299692648252,0.323128674508633,"AC011473.3"
"ENSG00000268912.1",61.2347041963899,-0.171051704005452,0.108242224390159,-1.58026782033687,0.114045546022861,0.26607276713823,"AC012313.5"
"ENSG00000268916.6",28.2294143884361,-0.268129959190772,0.527800107383699,-0.50801421871604,0.611443371701666,0.763055108106439,"CSAG3"
"ENSG00000268926.3",7.51550962555813,-0.333892846882198,0.271201262848257,-1.23116258152905,0.21826206319546,0.402202848838571,"AL354861.3"
"ENSG00000268938.2",6.69619688122993,-0.138156539140056,0.129485084465174,-1.06696875327918,0.285985946103353,0.478482843540827,"AC005387.1"
"ENSG00000268940.5",3.05513830349621,0.337216011180928,0.711853920799573,0.47371518415205,0.63570302397982,0.780084065362875,"CT45A1"
"ENSG00000268941.2",15.2504083524665,0.806353733722442,0.210019518562882,3.8394228271741,0.000123323885268947,0.00254187249001662,"LINC01711"
"ENSG00000268942.2",3.1919187302921,0.238359398785635,0.255284895766246,0.933699575410409,0.350458884096023,0.544052218492774,"CKS1BP3"
"ENSG00000268945.1",5.82790060907025,-0.22700996701332,0.148116120050141,-1.53264862012637,0.125362455044704,0.282944498164356,"AC010422.2"
"ENSG00000268947.1",31.5639553895441,-0.238993239032983,0.136267538065573,-1.75385306306759,0.0794556879755292,0.210832726529791,"AC002128.1"
"ENSG00000268949.1",4.74930532795989,-0.638826135099593,0.220583362573109,-2.89607578580577,0.00377861134626636,0.0276391966127071,"MRPS17P1"
"ENSG00000268964.3",4.65206477199392,0.331133656089542,0.399676071759052,0.828505080707381,0.407384518789899,0.596860270378108,"ERVV-2"
"ENSG00000268970.1",41.2651459990784,-0.103915077111158,0.0935228525798108,-1.11111962739244,0.266516860543275,0.458087033457266,"AC022150.2"
"ENSG00000268992.1",1.93470776654678,-1.83907427378588,0.475865495986393,-3.86469346758116,0.000111228797703565,0.00237533057212623,"CDC42EP3P1"
"ENSG00000268996.3",98.8180400243435,0.0684470505214435,0.0904329299106135,0.756881929946298,0.449120602158316,0.633234752367629,"MAN1B1-DT"
"ENSG00000269001.2",333.426184741631,-0.15708326286612,0.100315162956477,-1.56589749980541,0.117372615277849,0.270934374294212,"AC092070.2"
"ENSG00000269009.1",1.23536069221445,-0.735584703766602,0.361734983947981,-2.03349063930289,0.0420029783339087,0.138982018196201,"SLC6A21P"
"ENSG00000269019.2",6.99067653692893,-0.117716849758297,0.131245213298204,-0.896922994752057,0.369760008975689,0.562269270796363,"HOMER3-AS1"
"ENSG00000269028.3",60.2759539158189,0.0890188025338039,0.140021767785786,0.635749740497423,0.524939550591684,0.696898176004823,"MTRNR2L12"
"ENSG00000269038.1",10.3724908954056,-0.190515551444656,0.0953594084832466,-1.99786842719486,0.0457309263983268,0.14703232569575,"AP001462.1"
"ENSG00000269040.1",3.65005028165079,-0.490012825176569,0.248585807956679,-1.97120193306435,0.0487007829112234,0.153091791659273,"BNIP3P24"
"ENSG00000269043.2",6.26103955703992,-0.804875046023279,0.261550274412405,-3.07732441815058,0.00208867846778636,0.0184110066793781,"AC008554.1"
"ENSG00000269044.2",216.511869979478,-0.266342425220317,0.0810527488240955,-3.28603815520614,0.00101607245626878,0.0111118772268482,"AC024075.2"
"ENSG00000269053.1",6.06649356986176,-0.226117816271262,0.137719790959204,-1.64186871542844,0.100617214549785,0.245275478579757,"AC010319.3"
"ENSG00000269054.2",27.7231162922499,-0.227550543368992,0.104742598305707,-2.17247373131656,0.0298199489264877,0.110209247583424,"AC012313.6"
"ENSG00000269055.1",2.06967961351682,-0.566456474681407,0.309640831437554,-1.82939850681691,0.0673399311477913,0.189245138201442,"BNIP3P18"
"ENSG00000269066.1",2.26535030635514,-0.541124726916993,0.248211120680645,-2.18009864116129,0.0292501504810816,0.108880283985538,"AC020908.3"
"ENSG00000269067.2",6.4042469554286,0.233952896054052,0.264051475420996,0.886012455264807,0.375610815529966,0.567284108212627,"ZNF728"
"ENSG00000269069.1",51.7621846986387,-0.186810793306041,0.122709480777755,-1.52238272154686,0.127913211653791,0.286929966014665,"AC007842.1"
"ENSG00000269072.1",1.91509943904983,-0.262317614810802,0.294627758576022,-0.890335710656118,0.37328565155511,0.565336814685178,"AC063977.5"
"ENSG00000269086.3",23.7419719970487,0.0341419639604278,0.149073058872521,0.229028398683521,0.818846843731573,0.901303863323606,"AC008555.2"
"ENSG00000269091.6",11.7271839156936,-0.657992020701765,0.180021624108258,-3.65507212792433,0.000257109682506106,0.0043123187202397,"AC010624.3"
"ENSG00000269097.1",6.71252734718636,-0.982072561599917,0.264396779592807,-3.71438927173165,0.000203695035321232,0.00364799290529842,"TPRG1LP1"
"ENSG00000269102.1",5.92236028882417,-0.229900798620837,0.163126732740783,-1.40933858453575,0.158735074768606,0.328920572868064,"AC010320.3"
"ENSG00000269113.4",116.750264305907,-0.0974867747138233,0.137405887296589,-0.709480333280036,0.478026451645532,0.65816885636757,"TRABD2B"
"ENSG00000269124.1",2.68258929990623,-0.250846374469804,0.276959257138929,-0.905715797554922,0.365086298738694,0.55779074590002,"AC007193.2"
"ENSG00000269138.1",1.49929700752485,-1.55762481248242,0.555198523564236,-2.80552765609472,0.00502342703083238,0.0335294619361473,"ZNF209P"
"ENSG00000269148.1",9.34248210475107,-0.196619171180664,0.152705952044004,-1.28756717435615,0.197896672109917,0.378197227745563,"AC092301.1"
"ENSG00000269153.1",2.29734318122277,0.0358721662993208,0.171465867047623,0.209208788413602,0.834285252066071,0.909836303994578,"LYPLA2P2"
"ENSG00000269155.2",30.7277637305604,0.250329747524925,0.129837869877789,1.92801797935033,0.0538528898745174,0.16346865997377,"AL009178.2"
"ENSG00000269161.1",9.99720522077869,-0.385045291228027,0.13058150112419,-2.9486970812338,0.00319116596458146,0.0246963013618807,"AC010618.2"
"ENSG00000269172.1",1.6740862430167,0.140915898543274,0.371275624162752,0.379545247175997,0.70428301085805,0.82795717762203,"AC011443.1"
"ENSG00000269176.2",10.6821919077959,-0.136291140872186,0.0960926471603806,-1.41833058927717,0.156094269983344,0.325466005624656,"AP001160.3"
"ENSG00000269186.3",2.29428287868698,-0.0768603647759996,0.346215355889041,-0.22200160526858,0.824312633688806,0.903828234534364,"LINC01082"
"ENSG00000269189.1",3.78809037814435,-1.82049917252547,0.457354924585979,-3.98049539790892,6.87717962864283e-05,0.00168107152258741,"AL445223.1"
"ENSG00000269190.6",291.822116279221,0.193561633284001,0.141983194234158,1.36327143735603,0.172796980325806,0.347513061451266,"FBXO17"
"ENSG00000269191.1",7.78606072168033,-0.254620917027799,0.122051891443933,-2.08616936628765,0.0369632840750381,0.127763560704967,"AC005387.2"
"ENSG00000269210.2",6.5720521830595,-0.217648001311563,0.286775854634019,-0.758948139442645,0.447883580330266,0.632270893938811,"AC019171.1"
"ENSG00000269220.1",25.8784049302326,-0.127359482232078,0.124767919566432,-1.02077106578881,0.307362915877435,0.50079685672262,"LINC00528"
"ENSG00000269235.2",46.5135619937398,-0.415743240963546,0.182062363055035,-2.28352106381192,0.0223996935480108,0.0916010099821621,"ZNF350-AS1"
"ENSG00000269243.1",8.11686549531992,-0.138978149066197,0.172218602377813,-0.806986859417815,0.41967405392122,0.607857316505663,"AC008894.2"
"ENSG00000269246.1",6.28740070577646,0.129169226005106,0.170827382616858,0.756138881404128,0.449565932352234,0.633379822512925,"AC011445.1"
"ENSG00000269274.1",2.16869921724539,-1.49684521660646,0.422938949722089,-3.53915196883623,0.000401414692897,0.00581562200636197,"AC078899.4"
"ENSG00000269289.6",19.1807663191999,-0.37300693959388,0.191280987910115,-1.95004712004708,0.0511705030905804,0.158079201948102,"AC011503.1"
"ENSG00000269293.3",222.311013097287,-0.0448747768460349,0.0981788157086906,-0.457071889919555,0.647619374137327,0.788747140150499,"ZSCAN16-AS1"
"ENSG00000269304.1",3.98780993107995,-0.406924577710857,0.21899597691117,-1.85813722905017,0.0631495291978091,0.181588985626417,"FKBP1AP1"
"ENSG00000269313.5",400.141514282831,0.0816614416475432,0.114065135510078,0.71591938485295,0.474041128056452,0.65442212743926,"MAGIX"
"ENSG00000269318.1",12.2502822940869,-0.135606527527284,0.114194427992639,-1.1875056420093,0.235028232452857,0.422267123104891,"AC007292.2"
"ENSG00000269335.6",286.670898323842,0.0675928455684566,0.0684159809055891,0.987968668632138,0.323167992924331,0.516803942094033,"IKBKG"
"ENSG00000269343.9",649.69573700835,-0.162571211665805,0.0868918771090928,-1.87095983047641,0.0613506490093967,0.178466330927902,"ZNF587B"
"ENSG00000269345.1",3.75724689169422,-0.404920023042156,0.332109166883811,-1.21923771885471,0.222753979629348,0.407460023326383,"VN1R85P"
"ENSG00000269352.1",62.1704310522407,-0.254536047322413,0.115999535683874,-2.19428505314094,0.0282149233097977,0.106286426991751,"PTOV1-AS2"
"ENSG00000269353.1",63.9967976734969,-0.868306851546932,0.257035649489384,-3.37815728390935,0.000729733296511237,0.00883454932390858,"AC092071.1"
"ENSG00000269356.1",5.18955743214558,-0.632008948676849,0.257674593512312,-2.45274064494314,0.0141772515528423,0.0676610143275198,"AL356740.2"
"ENSG00000269365.2",7.69676939274313,0.157827183115025,0.248010113382128,0.636373980732992,0.524532695704386,0.696608043323871,"AC120349.1"
"ENSG00000269373.1",3.21285463789137,-0.700245419030952,0.241173299178805,-2.90349479571448,0.00369023104008772,0.0271992167406776,"AC008739.2"
"ENSG00000269376.1",8.96500881651444,-0.221422773277743,0.248445955125404,-0.891231145888365,0.372805178583873,0.564917900131104,"AL356740.3"
"ENSG00000269378.1",47.0462375024558,0.181577719531836,0.15937558282671,1.13930701498527,0.254575123526642,0.445075334116079,"ITGB1P1"
"ENSG00000269386.5",74.7755925286983,0.0472830269250398,0.088245294193582,0.535813579150362,0.592087396379078,0.748352973981575,"RAB11B-AS1"
"ENSG00000269388.1",10.4503845962256,0.228623711569241,0.130630225464366,1.75015935826893,0.0800908195533229,0.212112294597787,"AC018755.3"
"ENSG00000269392.1",5.55397650557232,-0.35219532732399,0.144129457981026,-2.44360405053598,0.0145413757773846,0.0688363463324989,"AC008655.2"
"ENSG00000269397.1",63.7724837747844,-0.186844514008257,0.142911049226382,-1.30741825086093,0.191070702233605,0.369951549256377,"AC011503.2"
"ENSG00000269399.2",43.8528823794559,-0.108986175981735,0.107580198216959,-1.01306911297877,0.311027150231403,0.504926219653506,"AC008764.6"
"ENSG00000269404.7",152.045866639681,-0.400722149042712,0.174917068074257,-2.29092651423013,0.0219676641932768,0.0904488553038295,"SPIB"
"ENSG00000269416.6",75.1018801979592,0.264259946905916,0.255761359188639,1.03322858364625,0.301496939368856,0.494372419346302,"LINC01224"
"ENSG00000269421.1",4.35999688147839,-0.107787277381855,0.203230338017788,-0.530370014797793,0.595855411575521,0.751204718933043,"AC011503.3"
"ENSG00000269427.1",30.4071319181838,-0.374790695551338,0.109568850066344,-3.42059531814382,0.000624842348703521,0.00785806513228065,"AC024075.3"
"ENSG00000269431.1",1.32351071496904,-1.95398331902785,0.53361680371767,-3.66177246558689,0.000250476278058985,0.0042373509783627,"BNIP3P8"
"ENSG00000269439.6",55.4297351930748,-0.237650607791982,0.0984885228519286,-2.41297768420464,0.0158227883152867,0.0729320353566163,"AC010618.3"
"ENSG00000269463.1",12.6636405869367,-0.395735630208511,0.153514277888241,-2.57784250202842,0.00994193006938602,0.053533345916233,"AP001160.4"
"ENSG00000269466.4",0.719430914924158,-0.340632883453236,0.810416705825383,-0.420318190635412,0.674253022908012,0.808292736989646,"H3Y1"
"ENSG00000269473.1",17.9709980122693,-0.153092809428533,0.125388445193199,-1.22094830343136,0.222105593966666,0.406696817728095,"AC012313.8"
"ENSG00000269481.1",7.45148313884237,-0.108406461557162,0.121749563114084,-0.890405343430931,0.373248274232673,0.565331640690977,"AC010319.4"
"ENSG00000269486.2",11.5763971057748,-0.196955083575973,0.140967017719503,-1.39717138634426,0.162362039027415,0.333572235653309,"ERVK9-11"
"ENSG00000269489.1",8.47887609296621,-0.254447173035321,0.179922734151632,-1.41420245882259,0.157302466249159,0.327212726044528,"AL589765.6"
"ENSG00000269506.2",2.43037835923158,-0.962027189387073,0.432634834395322,-2.22364708734483,0.0261721978337391,0.101331664435245,"AC110792.2"
"ENSG00000269514.3",72.1777130186823,-0.617090397651763,0.140764622739714,-4.38384578199608,1.16602332710829e-05,0.000447755647398113,"AC024257.3"
"ENSG00000269516.6",12.5596909907821,0.487022837319279,0.328318211346948,1.48338660630866,0.137971723891125,0.300169417990408,"CYP4F23P"
"ENSG00000269526.1",9.09433993266293,-0.0866570501121029,0.306894814250128,-0.282367267507736,0.777661910948071,0.876150772293629,"ERVV-1"
"ENSG00000269534.5",4.3467428343762,-0.29217308860446,0.155705524326265,-1.87644651574623,0.060593992360514,0.176926799796328,"AC011466.3"
"ENSG00000269535.1",4.56319926806241,-1.23209646971392,0.25180479668145,-4.8930619509707,9.92791383164694e-07,7.47805509495524e-05,"AC010320.4"
"ENSG00000269553.1",5.16948722544682,-0.505427703872672,0.213467254639308,-2.3677060199546,0.0178987517376403,0.0793373907071305,"U62631.1"
"ENSG00000269556.8",435.676652791569,0.0375146987146588,0.0507269041375499,0.739542445029461,0.459577675877014,0.642119240423545,"TMEM185A"
"ENSG00000269559.2",14.2816036420856,0.129688693131399,0.137086471504781,0.946035678851625,0.344130388587534,0.537550258676812,"AC093677.2"
"ENSG00000269560.1",7.97154225851219,-0.440812430686286,0.19562880203549,-2.25331048444654,0.0242395791550575,0.0964974660778824,"AC010422.4"
"ENSG00000269570.2",5.69709783093929,-1.04973873630844,0.228404480755089,-4.59596384816127,4.3075338608663e-06,0.000218124280499161,"AP001350.1"
"ENSG00000269586.7",4.59323544905056,0.483479164387671,0.614048320542943,0.787363385279155,0.431069174229231,0.617219422742722,"CT45A10"
"ENSG00000269609.6",542.53368093793,-0.222204619260906,0.0855307008382439,-2.59795157859329,0.00937817174750998,0.0513954686403045,"RPARP-AS1"
"ENSG00000269621.1",3.38685468658188,-1.22482816457055,0.2972389142336,-4.12068577133868,3.77746338179991e-05,0.00106785891157941,"AL589765.7"
"ENSG00000269646.1",9.04364190000755,-0.0547586301000165,0.166211792366104,-0.329450933176891,0.74181487532066,0.852806620332898,"AC010487.1"
"ENSG00000269652.1",3.12714388534481,-0.235496742380036,0.207344674495721,-1.13577425102807,0.256051056050582,0.446623765342486,"AC011510.1"
"ENSG00000269653.1",10.0123738693482,-0.368090644168382,0.157457139689932,-2.33771961622848,0.0194017978924201,0.0836342730062828,"AC011479.3"
"ENSG00000269656.1",6.43711834140596,-0.153708879092368,0.11970264666822,-1.28408922752062,0.199110736857581,0.379776210953849,"NOP53-AS1"
"ENSG00000269662.1",7.92703385467243,-1.04531845521659,0.241726355979787,-4.32438759513671,1.52956168252431e-05,0.000541741458471085,"BNIP3P39"
"ENSG00000269680.1",41.5341521637376,-0.182980851437036,0.114541514263297,-1.59750683072355,0.110152776282282,0.26007491530856,"AC008760.1"
"ENSG00000269688.1",18.7359244885282,-0.126500818639918,0.137149766099419,-0.922355336342451,0.356343258713149,0.549730601563267,"AC008982.2"
"ENSG00000269696.2",29.27721427628,-0.186675428659172,0.10349172448622,-1.8037715535799,0.0712671270238026,0.196289313742147,"AC005498.3"
"ENSG00000269699.6",1.43646874663259,-0.623650346889567,0.31584419005255,-1.97455063772363,0.0483191655397873,0.1523092196853,"ZIM2"
"ENSG00000269713.7",425.920162992494,-0.193301010786805,0.0801832852275163,-2.41073947317477,0.0159202160508427,0.0732391533758056,"NBPF9"
"ENSG00000269720.2",10.0652164663803,-0.512039680535147,0.204620997480019,-2.50238092298005,0.01233611158185,0.0616120856427441,"CCDC194"
"ENSG00000269729.1",1.66302821815622,-0.270626729691583,0.41949336537308,-0.645127556310453,0.518844527601076,0.69228482115352,"AC006262.2"
"ENSG00000269737.2",60.7363204161448,-0.378074907034903,0.12885150467643,-2.93419085779649,0.00334418502090657,0.0255162895951839,"AL691432.1"
"ENSG00000269743.3",122.694301814974,-0.15431406548249,0.0561509525248886,-2.74820031617614,0.00599233865600995,0.0379289433442538,"SLC25A53"
"ENSG00000269779.1",6.61550626549265,-1.04798243952235,0.406901446466639,-2.57551908114996,0.0100089750576125,0.0537954644236065,"AC010329.2"
"ENSG00000269800.1",8.66920100879851,-0.262035664480053,0.111895336023518,-2.34179255179125,0.0191913786862647,0.082953419986792,"PLEKHA3P1"
"ENSG00000269806.1",3.29394804992376,-1.66232012729677,0.320186086174465,-5.19173130587255,2.08347536990268e-07,2.43386475404105e-05,"BICRA-AS1"
"ENSG00000269815.1",9.57687127444321,-0.157408464576034,0.123558054346155,-1.27396360689725,0.202676314182488,0.383566537521462,"AC010463.3"
"ENSG00000269821.1",397.099659067848,-0.261971172958196,0.142140419194578,-1.84304488788358,0.0653224569090273,0.185672377518334,"KCNQ1OT1"
"ENSG00000269825.1",116.776802884633,0.0109875674485369,0.162780923298092,0.0674991100057588,0.946184370523875,0.971842915032127,"AC022150.4"
"ENSG00000269834.6",338.148864245697,-0.0413892009108085,0.116005893623993,-0.356785328898568,0.721252520243925,0.840132256541914,"ZNF528-AS1"
"ENSG00000269836.1",3.92842795103784,-0.71266771314013,0.2340919698984,-3.04439196888915,0.00233151149848033,0.0198372124505253,"AC020913.3"
"ENSG00000269837.1",285.396530403761,-0.248673608241281,0.105513818224203,-2.35678712443978,0.0184338107619632,0.0808345374174971,"IPO5P1"
"ENSG00000269843.1",22.2065007667527,-0.112192992062496,0.1292050489896,-0.868332878164279,0.385212128320286,0.576592291532852,"AC008537.2"
"ENSG00000269845.1",9.82492052713532,-0.957984336707911,0.17649830704497,-5.42772535752326,5.70767767546693e-08,9.22454916744274e-06,"CCNYL6"
"ENSG00000269855.2",18.989871294799,-0.313040547591734,0.237754446994676,-1.31665485776905,0.187954341615384,0.366127628205462,"RNF225"
"ENSG00000269858.6",281.456490105257,-0.256190238441795,0.115417307419313,-2.21968649390729,0.0264400562936871,0.102039624337602,"EGLN2"
"ENSG00000269867.1",111.631196156294,-0.141653639773097,0.085368766314802,-1.65931459347487,0.0970524161000192,0.24007475215231,"AC010326.3"
"ENSG00000269873.1",3.30269843817858,-0.461522634985954,0.25460669564344,-1.81268852266276,0.0698798756904196,0.193827434921365,"AC245884.10"
"ENSG00000269887.1",28.827584775327,0.0568758303110416,0.1799469842631,0.316069927728734,0.751949431761277,0.859322844596444,"AL391001.1"
"ENSG00000269889.1",10.7906511178845,0.31642322510458,0.123871784962628,2.5544414751111,0.0106358307981764,0.0559044387059816,"AC078802.1"
"ENSG00000269892.1",15.3577001863798,-0.093779665700092,0.118844473162556,-0.789095724896016,0.430056060428967,0.616436526686503,"AC125494.2"
"ENSG00000269893.8",1514.74326395424,0.0737123951564181,0.0911323131741094,0.808850259463838,0.418601282730323,0.606992983422667,"SNHG8"
"ENSG00000269894.1",10.8795977273997,-0.427660752501892,0.156535844862528,-2.73203081937859,0.00629452525841592,0.0392074142990535,"AC018809.1"
"ENSG00000269895.1",2.51949482243381,-1.22758216934228,0.405585828440666,-3.02668900948017,0.00247248190441115,0.0207345944694107,"AP000654.1"
"ENSG00000269896.2",90.7745422237388,-0.0732903870890459,0.108279834433089,-0.676860908337788,0.498494208839787,0.675307930293905,"AL513477.1"
"ENSG00000269901.1",5.30551741286513,-0.061648142455857,0.171495282179397,-0.359474276332385,0.719240318061518,0.838757714975907,"AC010531.5"
"ENSG00000269902.1",4.3358752455014,-0.925285188467618,0.301036030169854,-3.07366924798186,0.00211443712826672,0.0185370795973053,"AC234772.1"
"ENSG00000269903.1",11.9444818018216,-0.265663789557361,0.152573049492975,-1.74122356759733,0.0816443977019971,0.21492096669466,"AC025165.4"
"ENSG00000269904.2",12.5559955737214,-0.0457554648211089,0.100857743429758,-0.453663380372725,0.650071127764693,0.790691876979027,"MAP2K4P1"
"ENSG00000269906.1",40.6894500791077,-0.00125775925226576,0.0961930307097789,-0.0130753677577797,0.989567663201259,0.994736600572449,"AL606834.1"
"ENSG00000269907.1",4.70496292386021,-0.206015050518838,0.145203002674559,-1.41880709574977,0.155955263415443,0.325347364176348,"PTMAP11"
"ENSG00000269910.1",8.06971780778416,-0.0790929445772229,0.101482247034632,-0.779377151062011,0.435757579367558,0.621522155671642,"AL049840.3"
"ENSG00000269915.1",7.02669592440497,-0.172720595244916,0.195209696857109,-0.884795161437835,0.37626711958587,0.567888898516359,"AP006621.4"
"ENSG00000269918.1",68.7655535093868,-0.387102815439232,0.15043595591567,-2.57320673826297,0.0100760999018234,0.0540059836262917,"AF131215.6"
"ENSG00000269919.1",12.9790760436315,-0.575594295890958,0.198854953001455,-2.89454342073514,0.00379710389979253,0.0277108680700992,"AL022067.1"
"ENSG00000269921.1",9.50880185289557,-0.0679531585431785,0.11937922887203,-0.569220953973674,0.569206202270563,0.730582601187164,"AC068620.1"
"ENSG00000269924.1",14.1376357279763,-0.36772869488753,0.193583647222352,-1.89958552886005,0.0574875327757742,0.170719153394331,"AC024451.4"
"ENSG00000269925.1",23.2156407281446,-0.123276910299237,0.104998790929264,-1.17407933184951,0.240363251136177,0.4282571829218,"Z98884.2"
"ENSG00000269927.1",11.1451595969493,0.985103972585444,0.223274905575298,4.41206758120529,1.02388141628301e-05,0.000408775823908368,"AC004817.3"
"ENSG00000269929.3",160.889079892115,-0.26590503085501,0.121645330939154,-2.18590412638208,0.0288226202970271,0.107799829293958,"MIRLET7A1HG"
"ENSG00000269933.1",1.71852442696827,0.1218471453094,0.299930605960476,0.406251122386144,0.684558094765715,0.815381069408483,"AL031429.2"
"ENSG00000269934.3",75.3395453257513,-0.205507793758961,0.117115751594212,-1.75474085220418,0.0793036448708885,0.210580335674469,"AL353593.1"
"ENSG00000269937.1",3.54969560688341,0.0382358041662744,0.192146534825282,0.198992941512279,0.842268266038534,0.914194185742046,"AC093525.7"
"ENSG00000269938.1",8.17843853659718,-0.834989766445248,0.203510327339616,-4.10293559722807,4.07940832641808e-05,0.00113368732396859,"AC068790.2"
"ENSG00000269940.1",18.6265065661145,-0.0317511985663022,0.0850674389384189,-0.373247378345164,0.708964336993555,0.83137436763504,"AL049840.4"
"ENSG00000269945.1",1.11550424538213,-1.53393022922319,0.473297372338281,-3.24094389462793,0.00119134628979293,0.0124220144146808,"AC004817.4"
"ENSG00000269947.1",16.3774879084687,0.00944437427527562,0.108236294409371,0.0872569993901964,0.930467233116234,0.963195523746489,"AC135178.6"
"ENSG00000269949.1",9.70714792066158,-0.0999458221789785,0.10007129857875,-0.998746129993778,0.317917687954483,0.511720826971021,"AC069307.1"
"ENSG00000269950.1",1.84028547193201,-3.03507333068759,0.564232713403206,-5.37911620257065,7.4852385190988e-08,1.11751590141864e-05,"AP000962.1"
"ENSG00000269951.1",53.7387976254336,-0.688933430726575,0.173473179995955,-3.97141178101792,7.14479586457158e-05,0.0017312349979562,"AC090181.2"
"ENSG00000269952.1",17.5501461958369,-0.236305867522599,0.129194105946572,-1.82907622442406,0.0673881901384461,0.189345515594505,"AL117336.1"
"ENSG00000269954.2",25.0224891892229,-0.671462325137636,0.219606675169047,-3.05756792055962,0.00223141066243897,0.0192511933621613,"AC022239.1"
"ENSG00000269956.2",18.8495157990704,-0.402688975086902,0.134911640935421,-2.98483490597863,0.00283731414106351,0.0227511319119526,"MKNK1-AS1"
"ENSG00000269958.1",339.383157399376,-0.0127318738925739,0.0789207184727427,-0.161324860429029,0.871837543915918,0.931398002489817,"AL049840.5"
"ENSG00000269959.1",10.6024536625017,-0.263797138430029,0.173373476908399,-1.5215541796477,0.128120825970238,0.287182835725249,"SPACA6P-AS"
"ENSG00000269961.1",9.90243058167634,0.0123953769412505,0.116511808208622,0.106387302126973,0.915275067335307,0.95506339926015,"AC010359.2"
"ENSG00000269964.3",6.23598977182789,-0.185534033543252,0.289092181615887,-0.64178156775533,0.521015019165761,0.694012684367676,"MEI4"
"ENSG00000269967.1",7.63099305382838,0.153610608157849,0.162604035561139,0.944691241073729,0.344816530035802,0.538182773169656,"AL136115.2"
"ENSG00000269970.1",4.30400569399038,0.0238156154087085,0.152886423106766,0.155773252619543,0.876211754541104,0.933862699546105,"AL162424.1"
"ENSG00000269971.1",3.87824076790031,-0.641443446138123,0.286635327176264,-2.23783806573037,0.0252316170810834,0.09910762476174,"AL020997.2"
"ENSG00000269973.1",190.12794993568,0.0478679086129641,0.067190550557707,0.712420246829982,0.476204581569379,0.656481971657151,"AC010969.2"
"ENSG00000269976.1",20.5194648284468,-0.398356386853876,0.167326895598237,-2.38070744950862,0.0172794286473842,0.0774376117858882,"AC012065.2"
"ENSG00000269978.1",11.1163383357464,-0.238762856300425,0.215350216543392,-1.10871890510645,0.267551463730099,0.459343589210303,"AL359881.1"
"ENSG00000269980.1",3.67758650686632,-0.157819434069322,0.160094980750339,-0.985786270935218,0.324238004220266,0.51778048272066,"AC068768.1"
"ENSG00000269981.1",67.6855283587132,0.0748077905402284,0.161333117939956,0.463685271167139,0.642873251248638,0.785372674055679,"AL627309.7"
"ENSG00000269982.1",120.244768481812,-0.253769793945051,0.0849336353052106,-2.98785979233227,0.00280938403375554,0.0226143188191062,"AC018809.2"
"ENSG00000269984.1",30.8383564726422,-0.499585954476841,0.154099773585046,-3.24196423430256,0.00118708919182937,0.012397039041272,"AC078795.1"
"ENSG00000269985.1",27.4477869680633,-0.463549853419771,0.200088857596408,-2.31671997625565,0.0205189906671855,0.0866707379196407,"AL021328.1"
"ENSG00000269986.1",1.56675583055265,-0.461940650824908,0.411443676755305,-1.12273119486931,0.261551675092675,0.453037818992791,"AC040174.2"
"ENSG00000269993.1",1.79786379093748,-1.81009846894767,0.676019663652273,-2.67758257085069,0.00741555720125605,0.0437919165492616,"KC877982.1"
"ENSG00000269994.3",37.4490472062483,0.394202605641717,0.256297437250529,1.53806690332368,0.124032257326549,0.280780147055866,"AL513318.1"
"ENSG00000269997.1",10.3874072226743,-1.02431841322269,0.199571844109358,-5.13257978746442,2.85797508764757e-07,3.02065284422383e-05,"AC068790.3"
"ENSG00000270000.1",20.6566546860853,-0.737903114991689,0.157936461928254,-4.672151737367,2.98060627037418e-06,0.00016566498257023,"AC005479.2"
"ENSG00000270001.1",8.20203891325541,-0.0511638266932743,0.108130360903628,-0.473168000788181,0.63609332532882,0.780361672937299,"AL121894.2"
"ENSG00000270002.1",4.69608435521362,0.482801236307829,0.272079153368493,1.77448816026688,0.0759824387832976,0.20458417585219,"AC022028.2"
"ENSG00000270006.2",14.2834434710548,0.177346094074103,0.138197313953271,1.28328177300225,0.199393376054775,0.380130564153811,"AC010531.6"
"ENSG00000270011.7",10.0000266885083,-0.72475054389843,0.205153541219022,-3.53272256277889,0.000411303858043144,0.00592025047377017,"ZNF559-ZNF177"
"ENSG00000270012.1",90.0678695841868,-0.245702143327926,0.1198617810982,-2.04987896122307,0.0403762437293913,0.135398351569931,"AC232271.1"
"ENSG00000270019.1",13.0147874425013,-0.381533216301801,0.176254388154944,-2.16467357378018,0.030412692213807,0.111696609142226,"AC110769.2"
"ENSG00000270020.1",9.63903514334477,-0.28129274582999,0.164333490953456,-1.71171892106679,0.0869484799940043,0.223776727306771,"AC009108.3"
"ENSG00000270021.1",25.113097517212,-0.0477164268227997,0.0949497958208352,-0.502543753889033,0.615285082862428,0.765839923124676,"AC026691.1"
"ENSG00000270025.2",1.99241939735303,-1.25522727454034,0.307410065883476,-4.08323413526783,4.44132349853695e-05,0.00120215433525846,"BMS1P7"
"ENSG00000270030.1",5.55085529484722,-0.0622881438527621,0.171016923514826,-0.364222104880528,0.715692161676838,0.836142019816365,"AC136475.7"
"ENSG00000270031.1",7.81000879023,-0.314614809428064,0.145621996573516,-2.1604896020584,0.0307347876908162,0.112494864400873,"AL020997.3"
"ENSG00000270035.1",5.05403255855155,-0.269160368236827,0.209889199234458,-1.28239265869112,0.199704938199124,0.380355352384587,"AL359881.2"
"ENSG00000270038.1",3.89524309767448,-1.61351839220961,0.531698664300902,-3.03464819557358,0.00240816411945176,0.020369666674011,"AL133467.4"
"ENSG00000270039.1",49.8216767325432,-0.183486772790491,0.108258947315956,-1.69488783458221,0.0900967007452209,0.228836546987385,"AC025165.5"
"ENSG00000270048.1",5.71208230752412,-0.634444459393568,0.22951573118608,-2.76427439685688,0.00570495421354955,0.0366882442788691,"AC068790.4"
"ENSG00000270049.3",102.025700133753,-0.155612453421439,0.0843683418132706,-1.84444129251527,0.065118854189239,0.185267647626246,"AC009061.2"
"ENSG00000270050.1",1.45560615610383,-0.267953891820935,0.369809723002529,-0.724572327751108,0.468714440455455,0.649943836830354,"AL035427.1"
"ENSG00000270055.1",114.087325035278,0.0267665278717093,0.1106262387207,0.241954604813847,0.808815338321209,0.894822352664341,"AC127502.2"
"ENSG00000270059.1",4.44832836924997,-0.301792205368242,0.157581473094311,-1.91515029934784,0.0554733386969682,0.166550082535681,"AC121493.1"
"ENSG00000270060.1",33.2137575992067,-0.373113162953277,0.114209753725282,-3.26691154461952,0.00108727646939225,0.0116581950065946,"AC090589.3"
"ENSG00000270061.1",9.76988935348252,-0.636147243702173,0.201646951559339,-3.15475755414518,0.00160631528727815,0.0153018911404987,"AC068790.5"
"ENSG00000270062.1",22.2942653305625,-0.206619922385044,0.093091074077629,-2.21954601375362,0.0264496004276139,0.102049663580548,"AL606834.2"
"ENSG00000270068.1",1.92809029040877,0.013124089159242,0.269270385236237,0.0487394451035822,0.961126940567939,0.980394866491843,"AC125494.3"
"ENSG00000270069.1",183.51885171621,-0.443427795994791,0.164634013309613,-2.69341545577751,0.00707240796820311,0.0424637833156693,"MIR222HG"
"ENSG00000270071.3",3.23710036396764,-2.1836899244529,0.53028501744787,-4.11795516109895,3.82249044155774e-05,0.00107484944485458,"AP001172.1"
"ENSG00000270072.1",3.3400560613606,-0.757150129739592,0.356506351211244,-2.1238054446075,0.0336864155464532,0.119654521795377,"AC090559.2"
"ENSG00000270076.1",7.64118332191698,-0.146464416398702,0.219689043481214,-0.666689672265003,0.504970377021551,0.680839864017272,"AF131215.7"
"ENSG00000270083.1",13.4487059247886,-0.256472772732618,0.11071014280119,-2.31661495725088,0.0205247158581506,0.0866729280904881,"AL021878.4"
"ENSG00000270084.2",46.7875618177161,-0.0585028184976661,0.0905141226443356,-0.646339121327463,0.518059757315892,0.691646620641429,"GAS5-AS1"
"ENSG00000270091.1",36.9412176010585,-0.141890388176163,0.11241538352465,-1.26219725207849,0.206877817269962,0.388404848044259,"AC015726.1"
"ENSG00000270095.1",3.19123978263207,-0.812659623558423,0.233097384412929,-3.48635239131987,0.000489655524976456,0.00666480024245346,"AC068790.6"
"ENSG00000270098.1",1.70495522037741,-0.461412256086693,0.395903892599853,-1.16546531800093,0.243830691014617,0.432675364883788,"LDHAL6EP"
"ENSG00000270108.1",22.9380118833326,-0.619650165673021,0.142084415372295,-4.36114097418348,1.29385965812405e-05,0.000482379278812138,"AL049840.6"
"ENSG00000270110.2",12.4546782457844,-0.580169756917464,0.191768847687903,-3.02535976991252,0.0024833753332476,0.0207997521936635,"AL353593.2"
"ENSG00000270112.4",9.14252761418103,-0.764067637126959,0.220489842182425,-3.46531898959227,0.000529602903132831,0.00701076320238622,"AC090241.2"
"ENSG00000270115.1",8.98172665278152,-0.469224428932479,0.209507528511565,-2.23965426095214,0.0251133771279084,0.0988414309870499,"AL513327.2"
"ENSG00000270116.1",5.56014559555075,-0.803488738454698,0.203317939999838,-3.95188313660534,7.75386064733623e-05,0.00182954842332931,"AP001429.1"
"ENSG00000270120.1",5.45234381653742,-0.602625223461487,0.186981641522918,-3.22291118290148,0.00126894893511798,0.0129808380556909,"AC007728.3"
"ENSG00000270124.1",3.9116875555046,-1.8523612125388,0.299880398620203,-6.17699996752641,6.53310866738225e-10,2.93928090355618e-07,"AC092127.2"
"ENSG00000270127.2",68.9089862488214,-0.420902103645369,0.13881486629579,-3.03211114830093,0.00242849764284263,0.0204947964570747,"AC027020.2"
"ENSG00000270130.1",8.06473345994605,-1.00018056806562,0.210201473548918,-4.75819960335747,1.95327302042334e-06,0.000120874198269431,"AC068790.7"
"ENSG00000270133.1",9.44919111807052,0.0452378480716511,0.17077711565607,0.264894086645404,0.791091053840305,0.8842813084669,"AC025766.1"
"ENSG00000270137.1",4.17282279169815,-0.712242028643861,0.256848421705122,-2.77300527647999,0.00555412201554676,0.0359893702342543,"AF230666.2"
"ENSG00000270139.1",1.25669819340673,-2.95590022337976,1.4224149759241,-2.07808570171964,0.0377014663496958,0.129215042122753,"AP001172.2"
"ENSG00000270140.1",2.67413689103555,-1.14459294929322,0.361801144066182,-3.16359682125231,0.00155832508469985,0.0149729630721247,"AC005520.3"
"ENSG00000270147.1",6.49225144150534,-0.0449950991207331,0.14860018229495,-0.302793027746254,0.762047597202087,0.866017567369234,"AC068620.2"
"ENSG00000270149.5",12.4843396895371,-0.102038770788426,0.134096257128729,-0.760936755233005,0.446694843649894,0.631418988223833,"AL591806.2"
"ENSG00000270154.1",1.77836500924497,-0.414792234695489,0.272855475393372,-1.52019025492338,0.128463165919792,0.287639407709219,"AC130352.1"
"ENSG00000270157.1",98.2886787181418,-0.15290095858164,0.106766730269034,-1.43210303618323,0.15211433568526,0.320143029140234,"AC004918.3"
"ENSG00000270164.1",52.5972448319248,-0.18480471007438,0.136577619484655,-1.35311122548262,0.17602009998811,0.351543922549739,"LINC01480"
"ENSG00000270165.1",4.72561747451948,-0.415876266410477,0.164629296429753,-2.52613766461628,0.0115324281020679,0.0589511943500916,"AC010530.1"
"ENSG00000270170.2",583.635415043002,0.152802934318055,0.0789588878381116,1.93522146146923,0.0529631252188594,0.161770764028577,"NCBP2AS2"
"ENSG00000270171.1",2.59942269835952,-0.362176609552307,0.246422819299729,-1.46973649023869,0.141633135769018,0.305696008530055,"AL359881.3"
"ENSG00000270174.1",3.90021766979,-0.995832138311304,0.269552606978617,-3.69438882255107,0.000220416305796608,0.00386863243877728,"AL022097.1"
"ENSG00000270175.1",39.2599569916034,-0.011545490719217,0.108857285061085,-0.10606079981453,0.915534112881346,0.955147362499026,"AC023509.3"
"ENSG00000270177.1",27.628346282112,-0.0251325257718033,0.0883762317183798,-0.284381052270827,0.776118377935389,0.875308511824996,"AC104109.2"
"ENSG00000270178.1",2.45840709894127,-0.0480580721368583,0.227099572575563,-0.211616744108437,0.832406045255622,0.908662397609607,"AC007687.1"
"ENSG00000270179.1",32.5958466093569,-0.390499352249232,0.0972503317584276,-4.01540380570879,5.93441001445636e-05,0.00150360968501747,"AP002840.2"
"ENSG00000270184.1",13.9641981171261,-0.173074119794532,0.135378552117939,-1.27844564066362,0.201092340051463,0.381675347889707,"AC018695.4"
"ENSG00000270187.1",11.3085330625125,-0.192272432192132,0.24286824154488,-0.791673835035373,0.42855088249522,0.615408136369323,"IGKV1OR2-11"
"ENSG00000270190.1",3.25479229110914,-0.207662558294396,0.260207648623746,-0.798064774009282,0.424832902097579,0.612504841916452,"AC068491.2"
"ENSG00000270194.1",66.0350048770716,0.0220302664621836,0.0833643692266893,0.264264777224878,0.791575899471645,0.884560956999976,"AC097359.2"
"ENSG00000270195.2",17.2688202424335,-0.264844904386122,0.140263153557335,-1.88820012718352,0.0589990887656223,0.173587788948678,"AC016773.1"
"ENSG00000270207.2",3.25921417611705,-0.534756510527452,0.269175477351753,-1.98664646493278,0.0469615882744559,0.149559226939111,"AC077690.1"
"ENSG00000270210.1",23.5326393613835,0.118016404733774,0.136783774650717,0.862795350070827,0.388249996211432,0.579303864288406,"AC104695.2"
"ENSG00000270218.1",1.36312408820771,-0.903882383423196,0.419112604407857,-2.15665759969268,0.0310323529762086,0.113299036188502,"AC013553.2"
"ENSG00000270225.1",8.65044742814621,0.309604001658082,0.220792041811108,1.40224257685408,0.160842821431837,0.331728744861983,"MTCO2P22"
"ENSG00000270228.1",5.815735641286,-0.136931957012111,0.179893381317157,-0.76118396357616,0.446547195262459,0.631237082705207,"AC079880.1"
"ENSG00000270230.1",2.96488457548287,-0.181001779933454,0.234995584632653,-0.770234811928054,0.441160617305272,0.626361910185698,"MTND6P22"
"ENSG00000270231.4",247.503114585873,-0.16477553545839,0.0907331744549925,-1.81604508437127,0.0693634565608362,0.192957683763362,"NBPF8"
"ENSG00000270236.1",1.29727900419417,-0.528282436610502,0.329580197085591,-1.6028949593513,0.108957846750729,0.258426557802381,"AL162730.1"
"ENSG00000270244.1",4.1065188558636,0.0989324285691439,0.223896719179799,0.44186636111312,0.658585914056442,0.796856404880111,"AC104687.2"
"ENSG00000270248.1",3.78003860429728,-0.291122309294728,0.144214984262441,-2.01866893917865,0.0435216404243961,0.14239713144615,"AC011468.4"
"ENSG00000270252.1",2.06919092502312,-0.648530255515233,0.406276540702745,-1.59627788105475,0.110426766198203,0.260555515736129,"IGKV3OR2-5"
"ENSG00000270255.1",1.31560125037288,-0.696072106161475,0.57876452893648,-1.20268618990966,0.229097780053289,0.415239981949855,"AC009884.2"
"ENSG00000270257.1",4.83919815700509,-0.304249990991443,0.199056417798974,-1.52846109839425,0.126398095079402,0.284566660770796,"AC096720.1"
"ENSG00000270264.1",10.5814695886156,-0.308578279397617,0.165382672776618,-1.86584407070511,0.0620631844444802,0.179675617366094,"NDUFB8P2"
"ENSG00000270265.1",11.6309826232106,0.168925595245074,0.134448958492435,1.25642918427351,0.208960406046785,0.391040997809215,"AC104819.3"
"ENSG00000270268.1",0.790154440470063,-2.16148933034021,0.793664353287743,-2.72343002603843,0.00646079004139063,0.0399515384190227,"CORO1CP1"
"ENSG00000270269.1",5.19278695578275,-1.05240377662384,0.238461355444865,-4.41330954720319,1.01802275736726e-05,0.000407368169002743,"IMMP1LP1"
"ENSG00000270270.1",7.01410861483683,-0.415933224391463,0.219601243574565,-1.89403856563423,0.0582198910919144,0.171982261450714,"BNIP3P10"
"ENSG00000270276.2",2.7231242381765,-0.0693557729953028,0.308126897618938,-0.225088343572898,0.821910548807334,0.902697770168005,"H4C15"
"ENSG00000270277.1",12.4100212132878,-0.306797288711338,0.171343777495316,-1.79053650617528,0.073367703952947,0.200232065555002,"AC009948.1"
"ENSG00000270282.1",3.0998882807008,0.0725798052727176,0.241818022126757,0.30014225008702,0.764068653037777,0.867307796303673,"AL096855.2"
"ENSG00000270285.1",2.19743560754544,-0.968506697673157,0.547905030998484,-1.76765432488945,0.0771187101791982,0.206640902856825,"AC124916.2"
"ENSG00000270292.1",4.11725506794126,-0.490396565327523,0.235172139045507,-2.0852664236414,0.0370451234291234,0.127873851148347,"AC079880.2"
"ENSG00000270296.1",1.29254800441002,0.295380567861004,0.337850365835431,0.874294059533108,0.381958133594429,0.57325574276515,"STX8P1"
"ENSG00000270299.1",3.66906866379278,-0.0395157949533527,0.23192025346052,-0.170385269780155,0.864707155772885,0.927862232656866,"AL121758.1"
"ENSG00000270300.2",6.6493926501934,-1.25346625521765,0.205427778915937,-6.1017368820922,1.04921995230166e-09,4.10960939670344e-07,"PHACTR2P1"
"ENSG00000270307.1",3.87286989764505,-0.208070918511555,0.199528242740496,-1.04281436880176,0.297034275179163,0.489683690197567,"MTATP6P2"
"ENSG00000270314.1",1.63572870447814,-1.13125591718128,0.502448468862878,-2.25148644544882,0.0243547444380951,0.0967707968227117,"AC007161.2"
"ENSG00000270318.1",10.0937577853399,-0.149770392037455,0.236667536905408,-0.632830315453513,0.526844457631577,0.698088183570948,"IGHV3OR16-11"
"ENSG00000270321.2",0.938874886924709,-0.70278002530961,0.595654618820154,-1.17984483474945,0.238061933851686,0.425783236491573,"AC007953.2"
"ENSG00000270324.1",1.5718270511428,-1.46344747065511,1.14833516224806,-1.2744079592496,0.202518873025554,0.383406095809349,"AC005972.1"
"ENSG00000270325.1",1.4600270055828,-0.982819434687224,0.305208204951597,-3.22016059444762,0.00128118802616839,0.0130522010266904,"BNIP3P9"
"ENSG00000270326.1",5.42498027914977,-0.367199327956023,0.196648144771459,-1.86729108674163,0.0618609494398857,0.179308426754494,"SMIM15P2"
"ENSG00000270332.2",20.2594956256412,-0.898153429509924,0.172474340522332,-5.20746116083066,1.91441891727775e-07,2.33467945102301e-05,"SMC2-AS1"
"ENSG00000270344.3",111.762911553347,-0.376144950406743,0.116665773533149,-3.22412425697298,0.00126358558420763,0.0129432852591804,"POC1B-AS1"
"ENSG00000270356.1",1.20071737123361,-0.890264937125173,0.368587818957621,-2.41534009355727,0.015720523519237,0.0726517753367517,"IGHV1OR15-4"
"ENSG00000270362.1",119.385509121896,-0.298613154470659,0.118004426976082,-2.53052501607574,0.0113891963015095,0.0585155111830485,"HMGN3-AS1"
"ENSG00000270372.1",5.73661997877453,0.604800289905999,0.455844380068604,1.32676921412298,0.184585037214337,0.362303363045451,"AL162413.1"
"ENSG00000270377.1",1.68597374821437,-2.45950979761248,0.728969851116083,-3.37395270030286,0.000740970985255476,0.00892516172652335,"AC097639.2"
"ENSG00000270379.6",9.60186519588427,-0.174197251907066,0.183906782302243,-0.947204065703135,0.343534804033401,0.536861820816937,"HEATR9"
"ENSG00000270381.1",1.0891377004476,-0.357527271972548,0.57576924266536,-0.620955836955578,0.534628681072427,0.703576291782539,"AL138963.2"
"ENSG00000270387.1",2.05907410065178,-0.758516015637144,0.532853427832467,-1.42349842567894,0.154591718168688,0.323600175665022,"AC115621.1"
"ENSG00000270388.1",3.23061194775689,-0.322574938001148,0.243118313558162,-1.32682286776384,0.184567284044007,0.362289876049591,"MTCO3P22"
"ENSG00000270390.1",1.66346708648158,-0.882935945006816,0.500350923442665,-1.76463338756682,0.0776254004071914,0.207457357631626,"SFXN4P1"
"ENSG00000270392.2",21.0595476373271,-0.406240929870226,0.169441869778785,-2.39752388474344,0.016506304795311,0.0750436167622955,"PFN1P2"
"ENSG00000270402.1",4.31618553450967,-0.433651485519171,0.234741595802798,-1.84735680967029,0.0646954444583003,0.184514408733164,"AC011458.1"
"ENSG00000270409.1",4.53803355508716,-1.92440812631785,0.32932618769547,-5.84347130054947,5.11241095994336e-09,1.48006520077734e-06,"AC090950.1"
"ENSG00000270419.1",17.3073411722348,-0.0654059441790489,0.106371140321317,-0.614884300210338,0.538631131721754,0.706900278634988,"CAHM"
"ENSG00000270421.1",1.74980780363453,-1.59830868834323,0.650209680828706,-2.45814348120156,0.0139657364869707,0.0670128203398253,"AC022022.2"
"ENSG00000270426.1",19.859702872056,-0.187881925408727,0.154182961298352,-1.2185647741268,0.223009425806504,0.407685519494117,"AC099343.2"
"ENSG00000270427.1",13.8552381649367,-0.821902195611692,0.172707454424131,-4.75892716010556,1.94624648557586e-06,0.000120663657810572,"NRBF2P5"
"ENSG00000270429.1",4.46655440367873,-1.07547973653967,0.266620580358621,-4.0337461387755,5.48946222116918e-05,0.00141674934673942,"KNOP1P2"
"ENSG00000270433.1",4.41999352723465,-0.324216084190477,0.198897853655531,-1.63006326228127,0.103088127207784,0.249372449257339,"H3P37"
"ENSG00000270437.1",0.628527656354065,-2.05936631076759,0.940682189445493,-2.18922642936562,0.0285803865983972,0.107238454978073,"AC009501.1"
"ENSG00000270441.1",46.0155942390361,-0.161080059298702,0.108567417646853,-1.48368693656012,0.137891993511878,0.300165847312772,"LAMB2P1"
"ENSG00000270460.1",10.7303286819638,0.00534037263973887,0.297075290513389,0.0179764955560927,0.985657604210645,0.992994783701547,"AC106900.1"
"ENSG00000270462.1",3.58103436644525,-0.345029637720052,0.249303470184658,-1.38397446880499,0.166366272508931,0.338497360547567,"AC005034.2"
"ENSG00000270467.1",9.69067860230267,-0.312028799932742,0.238797263357034,-1.3066682404405,0.191325409456825,0.370272444169393,"IGHV3OR16-12"
"ENSG00000270472.2",37.9783611001185,-0.202086509165621,0.21130078199446,-0.956392623151389,0.338873910260612,0.532301443468108,"IGHV3OR16-9"
"ENSG00000270479.1",2.5103882906588,-1.06272252448183,0.360292510262617,-2.94961036993861,0.00318174905360976,0.0246463404471451,"BNIP3P37"
"ENSG00000270482.1",4.90552589699693,-0.0845128599699615,0.143491572236635,-0.588974381231182,0.555878459365332,0.720644116181223,"AC026367.1"
"ENSG00000270487.1",1.2075870628155,-2.10606770471375,0.584859646144355,-3.60097968563543,0.00031702034921765,0.0049832665186512,"AL355297.1"
"ENSG00000270490.1",2.37591870743517,0.0785824515377279,0.269787220276829,0.291275663306417,0.770840498757673,0.87182568936683,"AC110048.1"
"ENSG00000270496.1",1.65040418744358,-1.42460049930006,0.639231951727238,-2.22861278359242,0.025839679743795,0.100511795502999,"BNIP3P7"
"ENSG00000270497.1",2.6601348048049,-0.262876179873342,0.343133783979835,-0.76610404497154,0.443614396375992,0.628530948274073,"BX322635.1"
"ENSG00000270503.1",57.5327257400839,-0.00736247455199302,0.0732818785480327,-0.100467874157556,0.919972886471416,0.957844168563751,"YTHDF2P1"
"ENSG00000270504.1",306.427787565033,0.0678595015896706,0.118388620863187,0.573192770512046,0.566514178824802,0.72872871322209,"AL391422.4"
"ENSG00000270505.1",2.13101623661642,-0.882660929610977,0.303271041180351,-2.91046888676084,0.00360886896015115,0.0268311912215972,"IGHV1OR15-1"
"ENSG00000270528.1",2.57956665858449,-0.985196280548083,0.327779578477306,-3.0056670556622,0.00264998984924837,0.0216878348208029,"FAM133EP"
"ENSG00000270531.1",1.96439564030401,-0.530483355302929,0.437820336082635,-1.21164622011255,0.225647833802422,0.410945425894865,"AC022001.1"
"ENSG00000270532.1",3.7069136330523,-0.304272551084779,0.167903420937368,-1.81218791961529,0.0699571650260372,0.193936192905547,"PEBP1P2"
"ENSG00000270533.2",3.55452976767134,0.598874801669871,0.244416376926225,2.45022370923466,0.0142767483037381,0.0679993964629977,"CR382285.1"
"ENSG00000270547.6",34.102925927349,0.767296111308363,0.216617669877675,3.5421676899288,0.000396853102864324,0.00578628008745987,"LINC01235"
"ENSG00000270550.1",2273.81441468891,-0.295039943155726,0.193324360348989,-1.5261395026634,0.126975126018609,0.285537512363226,"IGHV3-30"
"ENSG00000270553.1",2.72505772941609,-1.3777019193325,0.366412976380689,-3.75997032894686,0.000169933510771423,0.00319457728634273,"AC011921.3"
"ENSG00000270554.1",2.45246510383186,-1.05493001563866,0.420158345219282,-2.51079153286384,0.0120460810415928,0.0606399388842581,"AC069431.2"
"ENSG00000270555.1",1.23699132920204,-0.867395397360793,0.791855373709419,-1.09539623794874,0.273343081560208,0.465732406058547,"AC211469.1"
"ENSG00000270557.1",17.4253105314625,-0.257787688424503,0.154658056396056,-1.6668235359453,0.0955494988112799,0.237894426414879,"AC013731.1"
"ENSG00000270558.1",66.3915449981464,-0.181948146137259,0.0947797201275624,-1.91969490828184,0.0548964477840147,0.165508268512607,"AC025449.1"
"ENSG00000270562.1",31.048264813566,-0.615501153298461,0.178619567848583,-3.445877518975,0.000569208285391058,0.00736594261713223,"AC097634.1"
"ENSG00000270571.2",67.230407091813,-0.179542395431933,0.182386829085817,-0.984404391105757,0.324916719886308,0.518476778456235,"AC007681.1"
"ENSG00000270574.1",5.72124301627121,-0.328449221470014,0.194555898600105,-1.68819976075419,0.0913728891431323,0.23099272783782,"AC010680.2"
"ENSG00000270575.1",2.91277082183974,-1.53655965022982,0.539283937665814,-2.84925906912883,0.00438211815954332,0.0306242359121905,"AL160281.1"
"ENSG00000270577.1",2.31377825038625,-1.47554720663042,0.456386424104537,-3.23310933169309,0.00122450689597302,0.0126685854840366,"AC006023.1"
"ENSG00000270578.1",3.05990292366397,-0.128397090627148,0.218199995646338,-0.588437640646228,0.55623857894845,0.720964028769242,"AP000787.2"
"ENSG00000270580.5",13.9360539935649,-0.186708814276377,0.112483131850215,-1.65988278602523,0.0969380350837094,0.239931270638337,"PKD1P6-NPIPP1"
"ENSG00000270585.1",3.79655983861914,-0.776373266024706,0.253107820091858,-3.06736182921154,0.00215957274143335,0.0188216375079949,"SNX2P1"
"ENSG00000270587.1",16.8766508351146,-0.142359022095242,0.0948884416702185,-1.50027779558238,0.133542458697111,0.294673189117373,"AC046185.2"
"ENSG00000270589.1",22.1103023301974,-0.506560068594293,0.162006782947343,-3.12678308511896,0.00176730268950412,0.0164216601846667,"AL158163.1"
"ENSG00000270591.1",5.11371743368519,-0.307669462300338,0.226217300877033,-1.36006159169754,0.173810434043612,0.348929106808606,"AL049840.7"
"ENSG00000270604.5",3.99640710778082,0.229167299690815,0.17552194275496,1.30563333617352,0.191677278103717,0.370759672083613,"HCG17"
"ENSG00000270605.1",88.4075324881082,-0.317079834811125,0.130228230911052,-2.43480106112856,0.0148999790628778,0.0700417238127645,"AL353622.1"
"ENSG00000270606.1",2.41132817941865,-0.154515995170269,0.28903448688781,-0.534593628718934,0.592930890271496,0.748907323108195,"PPIAP52"
"ENSG00000270607.1",40.3923016456375,0.753178042300174,0.186700203857204,4.03415757851147,5.4798536291339e-05,0.00141536669414084,"AC009549.1"
"ENSG00000270614.1",5.92583645765032,-0.683350371357077,0.18962149359024,-3.60376009290251,0.0003136465792946,0.00494190040911269,"AC011451.2"
"ENSG00000270620.1",1.48673336256459,-1.26002418590394,0.558739460672891,-2.25511937958792,0.0241258365275391,0.0961711536771265,"AL034555.1"
"ENSG00000270624.1",3.38235147073055,-0.0838627637254101,0.225005021787932,-0.372715075685959,0.709360514902427,0.831642713046297,"AC008555.3"
"ENSG00000270629.6",224.544091368567,-0.127622907315314,0.0804200841737545,-1.58695316756414,0.112523251870952,0.263763755864227,"NBPF14"
"ENSG00000270638.1",5.20393008827862,-0.0471915451043402,0.142012914332529,-0.332304602902798,0.739659264588861,0.851503315904459,"AL023806.1"
"ENSG00000270640.1",24.8333099511054,-0.523556026470778,0.207110086964263,-2.52791176974937,0.011474318331522,0.0587805016481556,"AC104695.3"
"ENSG00000270641.1",10.2312060430382,-0.93080362982648,0.227928570512953,-4.0837514477966,4.43144293532746e-05,0.00120210452021126,"TSIX"
"ENSG00000270647.6",6095.98719699679,0.0551441365143574,0.0712817569502393,0.773607987143929,0.4391626473683,0.624483919994568,"TAF15"
"ENSG00000270652.1",1.19420407479639,-1.08428956607068,0.650831150561705,-1.66600748156396,0.0957119243005911,0.23810225484385,"DPRXP5"
"ENSG00000270659.1",25.2960487956068,-0.189883815965145,0.11373195427357,-1.66957313956287,0.0950038484519187,0.236860118309695,"AC079610.1"
"ENSG00000270661.1",4.8015934404022,-0.783616701406721,0.274735978458034,-2.85225366479046,0.0043410443830896,0.0304206649842319,"Z99289.2"
"ENSG00000270672.1",3.69791969732479,0.0784289258666461,0.193608848069468,0.405089574410904,0.685411669619482,0.815955070549389,"MTRNR2L6"
"ENSG00000270673.1",37.3484818830022,0.0517323842782739,0.116576414934138,0.443763726200543,0.657213416556435,0.79583204617056,"YTHDF3-AS1"
"ENSG00000270679.1",2.83887403868632,-0.577525363227607,0.258679485580407,-2.23259050454579,0.0255759608523987,0.0998944702790837,"AC138473.1"
"ENSG00000270681.1",22.3228492230633,-0.174481999561133,0.129155993802489,-1.35094001001578,0.176714650289067,0.352487020075124,"AC095055.1"
"ENSG00000270685.1",1.95322085798981,-0.257699110010923,0.327025562628001,-0.788009071645761,0.430691399626466,0.616970387150464,"IGHV1OR15-6"
"ENSG00000270689.1",4.96604103527484,-0.141618539993732,0.191678943798262,-0.738832013508916,0.460009009698744,0.642450942798554,"BUD13P1"
"ENSG00000270690.1",2.91057401557634,-1.27681095735108,0.354505852674621,-3.60166397174545,0.000316186893291595,0.00497356362599229,"AC105129.3"
"ENSG00000270702.1",2.03563597513241,-0.527307873252848,0.321106170294887,-1.64216051273196,0.100556743662209,0.245190835414231,"AC073657.2"
"ENSG00000270706.1",1.95564520058238,0.128018078544122,0.270078280809962,0.474003604289085,0.635497336997849,0.779946652437401,"PRMT1P1"
"ENSG00000270711.1",4.46696744502654,-0.609843809131854,0.272412476164799,-2.23867796995804,0.0251768769466943,0.0989860373389578,"AL162431.3"
"ENSG00000270716.1",4.22606277673723,-0.724539260314081,0.303708015291564,-2.38564418399861,0.0170492376771714,0.0766557324859736,"BNIP3P15"
"ENSG00000270720.1",8.29665468490987,-0.0828720414137292,0.146694710109029,-0.564928628661087,0.572122310222673,0.732940898654897,"AC104785.1"
"ENSG00000270722.1",4.89090276590353,-1.1474409653025,0.460785091007995,-2.49018683046451,0.012767595981409,0.0630669989627669,"RNVU1-31"
"ENSG00000270728.1",41.6269773087001,-0.287878041369046,0.0936840633321962,-3.07286032575523,0.00212017698028811,0.018570653039919,"AL035413.1"
"ENSG00000270739.1",1.95013828067549,-1.11719099259479,0.463893688163232,-2.40829099662523,0.0160274002999432,0.0735898825246187,"AC090953.1"
"ENSG00000270748.1",9.07727783480061,-0.610320628779022,0.278084191221486,-2.19473327878937,0.0281827360658079,0.106217117705859,"IGKV2OR2-1"
"ENSG00000270751.1",1.9657534175812,-0.963379188620963,0.462591174336273,-2.08257148442839,0.0372903006949805,0.128389022325917,"FBXW7-AS1"
"ENSG00000270760.1",7.59358228122913,-0.100611233666904,0.123484180410866,-0.814770226697401,0.415203846395333,0.604063173310603,"AD001527.1"
"ENSG00000270761.1",37.7046858103684,-0.109131129213868,0.124587804999595,-0.875937490143782,0.381064017180991,0.572352446269364,"AL355353.1"
"ENSG00000270764.1",1.14586677856991,-0.314612625327225,0.695773251524293,-0.452176947932355,0.651141513571144,0.791473326444837,"AC005070.1"
"ENSG00000270765.6",127.087958770797,-0.798315068023448,0.229332813484785,-3.48103289665704,0.00049948414114594,0.00676263745879292,"GAS2L2"
"ENSG00000270772.1",2.62658099123436,-1.08295129198433,0.558965452655583,-1.93742079557753,0.0526939266287095,0.161274030083621,"PDHA1P1"
"ENSG00000270773.1",3.35468631751756,-0.0445504908320366,0.24518988923958,-0.181697911648002,0.855819804956479,0.922831229245879,"AC137695.2"
"ENSG00000270776.1",1.51261849400424,-0.955348687381613,0.829077417890687,-1.15230335161243,0.249196440196817,0.438968099654636,"AC012443.1"
"ENSG00000270781.1",5.55181303282757,-0.0765173268786947,0.145618406604831,-0.525464662488323,0.599260212536582,0.75378521170162,"AC091133.6"
"ENSG00000270799.1",2.01650997473319,-1.17224546127088,0.498691886091792,-2.35064073421702,0.0187411190366718,0.0817220793828311,"AC013467.1"
"ENSG00000270802.2",3.93599088430084,-0.863987956124556,0.204920862514612,-4.21620300403991,2.48450123109775e-05,0.000777410709463697,"AC005776.1"
"ENSG00000270804.1",35.518875881583,-0.117482954383896,0.0909700295441228,-1.29144680915943,0.196548788119199,0.376637435412254,"AC010326.4"
"ENSG00000270806.2",12.9634862730886,0.00413517192118516,0.197656877010998,0.0209209615355557,0.983308705395263,0.991825878443792,"C17orf50"
"ENSG00000270808.1",3.51863375462632,-0.00452530193967336,0.180024502432823,-0.0251371445470985,0.9799455724708,0.990115031325735,"AC022400.3"
"ENSG00000270816.6",4.40942528679207,0.761165128817491,0.46848414481032,1.6247404255819,0.104217879714317,0.251174596013374,"LINC00221"
"ENSG00000270820.6",73.063867458096,-0.179057031820693,0.0863572739435448,-2.07344469833253,0.0381309127349789,0.130271162410021,"AC016727.1"
"ENSG00000270823.1",4.7649892343095,-1.36060011416231,0.233890663712599,-5.81724850648247,5.98241713182084e-09,1.70233003051035e-06,"AC007938.2"
"ENSG00000270832.1",2.70615431585699,-1.5562968485813,0.367228981025113,-4.23794670082118,2.25573300335422e-05,0.000729835946362216,"AC092120.2"
"ENSG00000270837.1",0.904604155448163,0.252441641426211,0.51704167362709,0.488242349316472,0.625378191049636,0.773458007898344,"HNRNPDLP4"
"ENSG00000270846.1",1.90216525428516,-2.38457269674848,0.501512658331004,-4.75476073661661,1.98681574671794e-06,0.000122494549362001,"MYG1P1"
"ENSG00000270857.1",0.960474382637111,-1.40356627956327,0.360505176752078,-3.89333183009605,9.88767546096043e-05,0.00219022208331175,"AC007621.3"
"ENSG00000270864.1",20.9998707728162,-0.603001349421791,0.230006842115881,-2.62166700727098,0.00875008790804273,0.0490928002565667,"IGHV3OR16-6"
"ENSG00000270870.1",0.964706387890487,-1.21364178977952,0.532287608592619,-2.28004892503213,0.0226047869359089,0.0922167836609746,"AC004805.2"
"ENSG00000270871.1",49.2569038659844,-0.352010453258226,0.13272099587993,-2.65225898076204,0.00799551884032701,0.0461502789096753,"AC015849.3"
"ENSG00000270872.2",13.5081912845857,0.24896695921493,0.137943742171591,1.80484417267174,0.0710990698891185,0.196063644811794,"SRGAP2D"
"ENSG00000270874.1",2.48887700081407,-2.29369848313639,0.485012641625097,-4.72915195663984,2.25459594764657e-06,0.000135982360298908,"RPAP2P1"
"ENSG00000270878.1",9.3032838343219,-0.414789403102189,0.130505472281027,-3.17832958152889,0.00148126267501156,0.0144409013877482,"GCATP1"
"ENSG00000270882.2",20.7233124075581,0.315522203479494,0.171255291722165,1.84240849031035,0.0654154208183097,0.18582556359249,"H4C14"
"ENSG00000270885.2",143.680838115129,0.113214166710801,0.176214954505557,0.642477632096948,0.520563108045072,0.693529126508193,"RASL10B"
"ENSG00000270890.1",15.2525226335871,-0.218999639133111,0.128686310455843,-1.70180991557963,0.0887910071302393,0.226740059264304,"AL049844.2"
"ENSG00000270893.1",2.32050512372229,-2.55574754982039,0.570280068046593,-4.48156562542106,7.40974401884956e-06,0.000319136620465147,"AC008277.2"
"ENSG00000270894.1",4.85363808453656,-0.51364917248331,0.231081549322845,-2.22280478034051,0.0262289666149724,0.101527843914926,"AC015849.4"
"ENSG00000270900.1",1.23144630600747,-0.737369241477086,0.915544481953686,-0.805388767024852,0.420595371832779,0.608471189249994,"NUDT19P4"
"ENSG00000270903.1",11.3506672814408,-0.509502981954423,0.169112099482628,-3.01281211405434,0.00258839115913739,0.0213830540888584,"HNRNPA3P9"
"ENSG00000270906.1",10.6089972720705,0.0622726698444432,0.175839698932081,0.354144543141513,0.723230561798282,0.841225455544446,"MTND4P35"
"ENSG00000270911.1",1.76694881277078,-0.132918252845374,0.326363337929521,-0.407270785035537,0.683809117604897,0.814790342236134,"AC114878.2"
"ENSG00000270915.1",1.48639529259227,-0.247657033761475,0.387762102845054,-0.638682924257909,0.523029223369154,0.695360272088062,"H3P8"
"ENSG00000270917.1",6.56724216644224,-0.1827784391231,0.115457803772335,-1.58307566185401,0.113404220145884,0.265138111047535,"AL161911.1"
"ENSG00000270919.1",4.73838593265116,0.220009833390689,0.31937560904528,0.688874876977524,0.490902010510299,0.669064771839909,"AC108451.2"
"ENSG00000270923.1",7.50541814607419,-0.00615854325568732,0.18528960965836,-0.0332373912765133,0.973485280657558,0.986793491929488,"TAS2R6P"
"ENSG00000270933.1",45.1915578555793,-0.549069136795458,0.179242957290792,-3.06326756205368,0.00218934212416175,0.0189970850696188,"AC010719.1"
"ENSG00000270938.1",1.8811063631685,-0.229911354368982,0.410398322735805,-0.560215141320128,0.575332700456372,0.735384303525089,"RAP2CP1"
"ENSG00000270941.1",2.43654304086661,-0.839921420854189,0.301137992144337,-2.78915793677608,0.00528452873787769,0.0348156936385203,"AC006254.2"
"ENSG00000270948.1",8.63797132212647,0.109146135598822,0.168206031942284,0.64888360029962,0.516413615664712,0.690507992542883,"MTDHP1"
"ENSG00000270951.1",4.73114793966869,-0.376669049478053,0.172595426737666,-2.18238140255343,0.0290813957149984,0.108429457519018,"AL121917.2"
"ENSG00000270953.1",16.8764078041667,-0.333200504168527,0.128711627484835,-2.58873662527331,0.00963287391539828,0.0522920709710346,"AC007938.3"
"ENSG00000270956.1",6.52087925765639,-0.0998345954330787,0.145347044078527,-0.686870490322054,0.492164344337104,0.670034208282534,"AC009948.2"
"ENSG00000270959.1",117.306383243946,0.0676232819334898,0.0850895515368439,0.794730736172806,0.426770149147291,0.61414554376661,"LPP-AS2"
"ENSG00000270964.1",33.0576967645913,-0.143139096352708,0.107624845109825,-1.32998190340383,0.18352423382852,0.360901544439423,"AC016355.1"
"ENSG00000270966.1",5.12612827395546,-0.538979352864485,0.213755356370085,-2.52147764630199,0.0116863100324043,0.05949757162261,"AC087763.1"
"ENSG00000270972.1",4.55477483705778,0.445100120648532,0.180822232684052,2.46153425959655,0.0138344184397843,0.0666315254383363,"AC136475.9"
"ENSG00000270977.2",27.8340042678218,0.412540034571651,0.207850575026556,1.98479140372329,0.0471676842988051,0.150014684119232,"AC015849.5"
"ENSG00000270981.1",2.19554873576718,-0.303218157048834,0.342590418135405,-0.885074832796376,0.376116272165261,0.567786653578042,"AC092944.2"
"ENSG00000270986.1",2.1123862454216,-0.78615693773051,0.446204966393219,-1.76187401965784,0.0780905850549921,0.208339598384154,"HMGB1P51"
"ENSG00000270996.1",4.88249197268531,-0.0680915175073118,0.158819283003064,-0.428735832449252,0.668115480794759,0.804294500365198,"AC005034.4"
"ENSG00000270999.1",4.10369688304962,-0.17685335205476,0.245966286550125,-0.719014603729928,0.472131921705041,0.652823659329094,"IGKV1OR2-118"
"ENSG00000271005.1",0.704583027977217,-1.741146110815,0.952231409062602,-1.82849052682375,0.0674759661265601,0.189496190658082,"CTHRC1P1"
"ENSG00000271009.3",41.5105602074862,-0.231133508680792,0.121658755310798,-1.89985100612219,0.0574526751091431,0.170696927112304,"AC116667.1"
"ENSG00000271013.1",11.0952854598446,0.102222729361975,0.212851076842212,0.480254696750974,0.631046298144704,0.776969657799332,"LRRC37A9P"
"ENSG00000271014.1",1.18036754313519,0.0238173053250102,0.420385583075237,0.0566558566323328,0.954819338801997,0.976644451342127,"AC062037.1"
"ENSG00000271032.1",37.8986624060049,-0.249284740455233,0.137880619774561,-1.80797519522919,0.0706103612291742,0.195105880687434,"AC020907.4"
"ENSG00000271040.1",5.83840158567698,0.161418539067737,0.111823522922774,1.44351147995234,0.148876440960541,0.315643084053957,"AL390955.2"
"ENSG00000271046.1",4.42217764372848,-0.535109241768184,0.234085218848089,-2.28595912378152,0.0222566500233728,0.0912437691451976,"AL512631.1"
"ENSG00000271049.1",5.15940177459511,-0.749915323159248,0.251554634303751,-2.98112306789677,0.00287193352781825,0.0229238271257859,"AC020910.4"
"ENSG00000271064.1",5.25620589762637,-1.1505501768373,0.228978601607708,-5.02470610248749,5.04204066960338e-07,4.45264350167388e-05,"AC027644.2"
"ENSG00000271065.1",1.87255134384896,-0.822295202481686,0.348419875938951,-2.36006972985022,0.0182715002743355,0.0804115080810907,"AC107031.1"
"ENSG00000271075.1",5.70015344447738,-0.569642356996728,0.220028330594028,-2.58895004774531,0.00962690582275805,0.0522775333190227,"AL139317.4"
"ENSG00000271079.1",8.22021471008808,-0.431211843717996,0.271960005063383,-1.58557080338889,0.112836703704607,0.264182304953409,"CTAGE15"
"ENSG00000271092.5",11.2296210455167,-0.28282977911451,0.113484135549113,-2.4922406796861,0.0126939987391118,0.0628059592838832,"TLCD4-RWDD3"
"ENSG00000271095.1",2.04847574315955,-1.04402340639385,0.315552706090437,-3.30855475565036,0.000937788448612922,0.0105123874813704,"BNIP3P28"
"ENSG00000271096.1",1.37013636699115,-0.227321799418131,1.25741139706394,-0.180785540793512,0.856535912873903,0.92304816946044,"SUMO2P14"
"ENSG00000271100.1",1.1187101264057,-0.559768075147713,0.605439600659146,-0.924564687440811,0.355192388604624,0.548792187434779,"AP000753.3"
"ENSG00000271105.1",5.70476714430336,-0.385681019032516,0.194040903937089,-1.98762740848476,0.0468529126981837,0.149327400197265,"SCML2P2"
"ENSG00000271109.2",44.2419199294988,0.165643731507668,0.12087092368431,1.37041834759446,0.170556347933482,0.344329179052174,"AC008555.4"
"ENSG00000271119.1",40.1455670892703,-0.311273704130546,0.14651906604013,-2.124458697036,0.0336318062679307,0.119537069080625,"AC026412.3"
"ENSG00000271122.1",472.082432874937,-0.0194176451217778,0.0725367355017852,-0.267693948279489,0.788934908437931,0.883017613929563,"AC018647.2"
"ENSG00000271130.1",32.7588557461171,-0.21286108381688,0.214363041411514,-0.992993392962036,0.320713174286379,0.514479315385777,"IGHV3OR16-8"
"ENSG00000271133.5",59.5259410202843,0.220548988481676,0.151775709731229,1.45312440885458,0.146189215073914,0.312060440787329,"AC004130.2"
"ENSG00000271137.1",1.79261809889633,-0.597208649710782,0.457475825341457,-1.30544307836382,0.191742017743773,0.370798501204892,"AC006254.3"
"ENSG00000271138.1",1.77320238713863,-0.209593075633695,0.33691035576726,-0.622103393516591,0.533873883714039,0.702967746113542,"IGLVIVOR22-1"
"ENSG00000271146.1",2.45264640970485,-0.38546756478592,0.414216815209642,-0.930593714769468,0.352063766951553,0.545530065769248,"AC018889.1"
"ENSG00000271147.8",140.677245348567,-0.045540797403637,0.0716211405152436,-0.635856914257659,0.524869687523582,0.696888793887243,"ARMCX5-GPRASP2"
"ENSG00000271151.1",20.1302188282815,-0.238801985393145,0.147039186929494,-1.62407036096882,0.10436079276131,0.251377163587344,"AC016737.1"
"ENSG00000271156.1",3.26627838799244,1.01548540167445,0.328204498338629,3.09406302111894,0.00197435542543709,0.0177462783960791,"AC090578.2"
"ENSG00000271159.1",0.850135426740625,-1.18533573058112,0.808406650983639,-1.46626172501036,0.142576998491015,0.307157759205471,"HINT1P2"
"ENSG00000271161.1",5.84747859005383,-0.455535045984987,0.141555565954258,-3.2180652375915,0.00129058460371326,0.013135870746385,"BOLA2P2"
"ENSG00000271178.1",53.5863106412466,-0.149974141016812,0.212251000580882,-0.70658861728033,0.479822164653419,0.659567271998607,"IGHV3OR16-13"
"ENSG00000271199.1",5.95976808142877,-0.501580334431805,0.214599224036581,-2.33728866767153,0.0194241793896421,0.0836921450005636,"AL353804.2"
"ENSG00000271201.1",0.930061256947857,0.298015747492456,0.604492020721823,0.493001954164086,0.622011206564142,0.770667972912805,"AC247036.1"
"ENSG00000271204.1",5.79273479511206,-0.727586823050758,0.333396114622851,-2.18234943701677,0.0290837529930317,0.108429457519018,"AC016831.4"
"ENSG00000271207.1",5.07581645085694,-0.280465244828533,0.197322511522621,-1.42135452597045,0.155213719384307,0.324308419697612,"MTCO1P22"
"ENSG00000271208.1",1.43537981714168,-1.43310376993657,0.540948278933531,-2.64924360747003,0.00806721582070073,0.046392238364513,"Z99289.3"
"ENSG00000271215.1",2.51734190556804,-1.0456559926958,0.28432596339414,-3.67766622581097,0.000235377683014794,0.00405402441831946,"RPL21P136"
"ENSG00000271216.2",8.50150504124573,0.0193709246668533,0.232276004957736,0.0833961504993937,0.933536549307497,0.965110497614051,"LINC01050"
"ENSG00000271218.1",6.7583467557664,0.152659320137442,0.145428188284296,1.04972304158125,0.293845466855322,0.486450058575617,"AL033384.2"
"ENSG00000271225.1",1.30483714243921,0.826362578185537,0.580718980540331,1.42299908540383,0.154736420381414,0.323676780834281,"BNIP3P4"
"ENSG00000271228.1",6.82052236627022,-0.275916069749098,0.140969002470908,-1.95728184858256,0.0503143403725985,0.15631908678844,"AL121655.1"
"ENSG00000271259.1",9.38834121214331,-0.384822218955842,0.158898328178869,-2.42181414597802,0.0154432465194076,0.07171879012005,"AC010201.1"
"ENSG00000271264.1",1.76918705248239,-0.808711221629988,0.690577387175447,-1.17106530947636,0.241572526598669,0.429767774289274,"MZT1P1"
"ENSG00000271267.1",16.0441228091035,-0.271610203287268,0.137035876621769,-1.98203718604972,0.0474750788659352,0.150589538937079,"AL353807.4"
"ENSG00000271270.7",79.9351898795591,0.00159633331285544,0.1062496521216,0.015024362724769,0.988012743931201,0.993893772168887,"TMCC1-AS1"
"ENSG00000271275.1",4.57722403488802,0.754073977209453,0.280409138855883,2.68919187258376,0.00716252369756502,0.0427964647277516,"AC007326.1"
"ENSG00000271278.1",2.35895469695784,-1.97101987167305,0.429341718537448,-4.59079513257488,4.41560592110331e-06,0.000221398746884477,"ELOCP33"
"ENSG00000271302.1",5.76789725630064,-0.0601920253323157,0.280533806172514,-0.214562466297914,0.830108459902559,0.90749329991252,"AC105254.2"
"ENSG00000271303.2",3.69011568486575,0.508237045559676,0.237892799814874,2.13641205599825,0.0326458422403969,0.117019200391267,"SRXN1"
"ENSG00000271304.2",2.46400864414569,-1.0843211962857,0.255611328668394,-4.24207018497368,2.21467405427551e-05,0.000717248475573877,"DPRXP2"
"ENSG00000271314.1",3.44260897956701,-0.571807275624836,0.369825915030714,-1.54615253389516,0.122067733886021,0.277899416320247,"AL161729.2"
"ENSG00000271320.1",7.23928430703753,0.0240233919925372,0.157274819103556,0.152747859634918,0.878597117056322,0.935144281796505,"AC091488.1"
"ENSG00000271327.1",35.0538139615141,-0.486665763753306,0.14651185417339,-3.32168182908504,0.000894766613560356,0.0101879154805968,"AC010201.2"
"ENSG00000271332.1",2.82645383874911,-1.48487996528239,0.43563811536104,-3.40851709922531,0.000653169915056406,0.00811417387387049,"ATP5MGP8"
"ENSG00000271334.6",4.98998450608033,0.0286413591100787,0.183271412851831,0.156278377868099,0.875813598884851,0.933728138803308,"LINC02104"
"ENSG00000271335.6",64.4828303665559,-0.0173254318768685,0.101232034898921,-0.171145743480982,0.864109168348357,0.927716586248656,"AL117336.2"
"ENSG00000271344.1",14.4076139549947,-0.211904591435676,0.143335623344302,-1.47838050647512,0.139305960066593,0.30224264115328,"AC018638.6"
"ENSG00000271351.1",3.85361952341357,-0.464850117811345,0.268507927037038,-1.73123424302934,0.0834099942076457,0.217698366411164,"IGKV1OR2-9"
"ENSG00000271361.1",31.0890980170116,0.249472772790219,0.13781658729358,1.81017958497831,0.070267942412622,0.194514892054829,"HTATSF1P2"
"ENSG00000271366.1",15.2238845195714,-0.145232870581826,0.158381491791551,-0.916981327420313,0.359152424909087,0.552247445155101,"AC002128.2"
"ENSG00000271367.1",8.98904564546364,-0.152495366642954,0.15069242695957,-1.01196436821518,0.311555090514829,0.505536778853213,"AL034374.1"
"ENSG00000271369.1",2.47836936539448,-1.47871074274518,0.339845968303261,-4.35112045062029,1.35443617286198e-05,0.00049545183967333,"AC087783.1"
"ENSG00000271370.1",1.9094067309948,-0.583238119568981,0.415399626176874,-1.40404103137214,0.160306631584746,0.331125988668007,"AC007619.2"
"ENSG00000271375.1",33.6702767625459,-0.594389015480729,0.225245184163956,-2.63885337964906,0.00831869504737076,0.0474074485128577,"AC134879.2"
"ENSG00000271378.1",2.29994612067555,-0.755505860481189,0.415146388019214,-1.81985410998258,0.0687812249285529,0.191963561199288,"RBISP2"
"ENSG00000271380.1",3.87188347572565,0.146135552214931,0.141064813347918,1.03594616365816,0.300227259324774,0.493262245593156,"AL451085.2"
"ENSG00000271383.7",2.59011130416306,-0.417083292526913,0.303976342057123,-1.37209129402753,0.170035019340212,0.343568361891952,"NBPF19"
"ENSG00000271384.1",7.54015099199593,-0.100452891901805,0.152859038988495,-0.65716029988495,0.511077849610698,0.686156740345551,"AL161729.3"
"ENSG00000271387.1",8.59777310640192,0.0427706935523488,0.179899151180331,0.23774816763574,0.812076422212773,0.896910175316144,"AL445228.2"
"ENSG00000271390.1",2.54852803266104,-0.0776774239898443,0.191795258527487,-0.405001795071551,0.685476191461459,0.815976929360824,"AP003973.2"
"ENSG00000271392.1",11.5870596990801,-0.146804699366635,0.256330251733134,-0.572717025688697,0.566836307670838,0.728899507671272,"AC006237.1"
"ENSG00000271394.1",4.09144360664098,-0.155917189347769,0.917190385957711,-0.169994356389774,0.865014575001756,0.927979965377762,"7SK"
"ENSG00000271395.2",0.576397412189106,2.20164250787497,0.709248457409649,3.10419075977396,0.00190800268786877,0.0173430151218311,"LINC02336"
"ENSG00000271402.1",1.00573407047844,-0.24292569986721,0.310182245458971,-0.78317087268408,0.43352677690702,0.61943744684518,"IGKV2OR2-2"
"ENSG00000271410.1",2.56262181421617,-1.88138448343251,0.469463826739736,-4.00751746199078,6.13603261448525e-05,0.00153946445994015,"AC020728.1"
"ENSG00000271420.1",26.5252875200581,-0.39961783097648,0.154158341981816,-2.59225563689325,0.00953488915791185,0.0519480850303571,"AL109936.2"
"ENSG00000271424.1",6.0288948348434,-0.145528679232987,0.157472459460705,-0.924153212132318,0.355406551715908,0.548946895211215,"GLRX5P3"
"ENSG00000271425.9",114.623793178093,-0.207213197943815,0.0919584913224265,-2.25333403108235,0.0242380955707249,0.0964974660778824,"NBPF10"
"ENSG00000271427.1",7.49084024336401,-0.11747348150475,0.154907469634328,-0.758346139034196,0.448243792790182,0.632480635446642,"AL358072.1"
"ENSG00000271428.1",4.31529255069083,-1.06689555075418,0.22418381228708,-4.75902135783093,1.94533852836851e-06,0.000120663657810572,"MPHOSPH6P1"
"ENSG00000271437.1",2.23753427754596,-0.697057988689676,0.33004433188379,-2.11201320959244,0.0346853162998981,0.12193627563147,"AL356423.1"
"ENSG00000271447.6",1720.45258422889,-0.011033409442143,0.218168054719378,-0.0505729835485535,0.959665791273241,0.979570372661613,"MMP28"
"ENSG00000271452.1",11.6564169025513,0.00743745440095804,0.0981639273671262,0.0757656564935761,0.939605539707209,0.968366304759816,"AC005034.5"
"ENSG00000271474.1",24.5143051669823,-0.21638890216484,0.129478274102012,-1.67123715283967,0.0946748444949792,0.236300292208662,"AC106881.1"
"ENSG00000271482.1",1.64933550121425,-0.17094727924502,0.365913869707513,-0.467179009589507,0.640371810027077,0.783522036977208,"AC005070.2"
"ENSG00000271483.1",1.35501049448555,-0.466975146241442,0.767658539919192,-0.608311015846444,0.54298121627984,0.710927860374576,"AC108676.2"
"ENSG00000271484.1",0.918812307855697,0.102704522830295,0.720940707147367,0.14245904248725,0.886717428713454,0.939655875583474,"ABI1P1"
"ENSG00000271500.1",3.23052286334382,-1.60193248372067,0.412702834456654,-3.8815640455431,0.000103786810345217,0.00225105816079695,"AC005183.1"
"ENSG00000271503.6",2568.44055139631,0.224099138052675,0.147347562975321,1.52088798435173,0.12828794975204,0.287344638798079,"CCL5"
"ENSG00000271524.1",11.7447240201219,-0.850153198954548,0.221618271690526,-3.83611510219575,0.000124995843456707,0.00256881889889144,"BNIP3P17"
"ENSG00000271532.1",4.05927097262661,-0.49412375286878,0.238839053439547,-2.06885660344424,0.0385595449241521,0.131277526246016,"BBIP1P1"
"ENSG00000271533.1",258.616062643166,-0.678724177749718,0.133508895412461,-5.08373749668795,3.70079321338598e-07,3.61515087183835e-05,"Z83843.1"
"ENSG00000271537.1",5.46911321083025,-0.332352121809639,0.148672886228896,-2.23545886704555,0.02538723915007,0.099507576291886,"AC009220.3"
"ENSG00000271538.6",13.4169674007703,-0.114026076871099,0.144509093107798,-0.78905814450057,0.430078023664857,0.616436526686503,"LINC02427"
"ENSG00000271547.1",2.746185792023,-0.233475795691909,0.217161643495163,-1.07512446458856,0.282319007698216,0.474811239098357,"AC117498.2"
"ENSG00000271550.1",59.0242395917627,-0.209203114167176,0.154155353895819,-1.35709275662628,0.174751739703924,0.350102880609143,"BNIP3P11"
"ENSG00000271551.2",3.5246666280346,-0.0427945176177135,0.172574225099282,-0.247977457775596,0.804151848253758,0.892265763742313,"AL355297.3"
"ENSG00000271553.1",35.4674014525291,-0.461257935284928,0.147707162310251,-3.1227865194247,0.00179147638659021,0.0165999508318252,"AC018638.7"
"ENSG00000271554.1",8.25582375020737,-0.699938595552151,0.190153126223876,-3.68092078974332,0.000232393197427425,0.00401507368832024,"AL138787.2"
"ENSG00000271555.1",6.02737054538829,-0.295227822534635,0.152746018487825,-1.93280208189628,0.0532605837906132,0.162292203564057,"AC113139.1"
"ENSG00000271557.1",2.78513693975626,-0.621120181247871,0.256987168797771,-2.41693071351996,0.0156519961548168,0.0723853185140044,"YPEL5P2"
"ENSG00000271569.1",45.9274395295799,-0.452457569003597,0.226537018016815,-1.99727873600778,0.0457949119672189,0.14715690552345,"IGKV1OR2-6"
"ENSG00000271576.1",22.6773589829914,-0.367903069191044,0.171595117429433,-2.1440182838672,0.0320314218069155,0.115590331672555,"AL359504.1"
"ENSG00000271580.1",13.5950998429669,-0.29778919469069,0.178508624095993,-1.66820620683599,0.0952747991934972,0.237352880091971,"AL583832.1"
"ENSG00000271581.1",4.11616902980225,0.0934796826431319,0.158867484708708,0.588412933046255,0.556255158952197,0.720964028769242,"AL671883.2"
"ENSG00000271584.2",4.73421657722047,0.0286566440976053,0.192274091728359,0.149040590128444,0.881521604340187,0.936886410529199,"LINC02550"
"ENSG00000271590.1",11.6714333760503,-0.345133812387232,0.207167072675806,-1.66596847621306,0.0957196933631936,0.23810225484385,"AC108463.3"
"ENSG00000271601.4",1253.12717065692,-0.0369922646301865,0.0854287346138515,-0.433018992934826,0.665000971778034,0.801871912874658,"LIX1L"
"ENSG00000271602.1",3.22781111807984,0.375384876492823,0.184571116460581,2.03382242948611,0.0419695022254971,0.138937122163018,"KRT8P49"
"ENSG00000271605.6",331.687437197685,0.000878091854109903,0.115408479286524,0.00760855579709936,0.993929309371713,0.997160498219974,"MILR1"
"ENSG00000271614.1",70.5988482330653,-0.174518230989113,0.104464334229207,-1.67060109344305,0.0948004963804237,0.236522921789793,"ATP2B1-AS1"
"ENSG00000271615.1",9.05913592320831,-0.352212368171773,0.241557120016641,-1.4580914367066,0.144815341428377,0.310278747441901,"ACTG1P22"
"ENSG00000271620.1",4.46587802968075,-0.215861334625277,0.262064030777528,-0.823696918592108,0.410111790743366,0.59940040585548,"IGHV3OR16-7"
"ENSG00000271624.1",1.2550038150756,-1.46737592511518,0.546219512295514,-2.68642165298794,0.00722218835922105,0.0430063167668658,"AP004372.1"
"ENSG00000271626.1",0.999254988056118,-1.59093703359021,0.528585747644617,-3.00979933847904,0.00261420336978887,0.0214855129037799,"H3P42"
"ENSG00000271631.1",21.5603248394163,-0.605787077078585,0.187943224168185,-3.22324510372603,0.00126747048215668,0.012975982399275,"AL139041.1"
"ENSG00000271639.1",2.45417146991705,-0.756069570520118,0.346406512077587,-2.18260784413538,0.0290647016334173,0.108396002182297,"PPFIA1P1"
"ENSG00000271642.1",1.73488414502296,-0.910928064225832,0.571008459199966,-1.59529696898383,0.110645843091667,0.260795189667317,"MARK3P1"
"ENSG00000271643.2",207.889808841168,-0.045911101274961,0.0782756422494057,-0.586531134790013,0.557518645112541,0.721730626476858,"AC112220.2"
"ENSG00000271646.1",156.93024554434,-0.0683868104804181,0.0744077798994848,-0.919081453213625,0.358052969421268,0.551091373997609,"IRF2-DT"
"ENSG00000271654.1",3.96788476800289,-0.692954306224292,0.242323612512357,-2.85962353829202,0.0042414418082317,0.029923780911519,"AC025062.2"
"ENSG00000271659.1",4.92336064125881,-0.501699861566223,0.182510569565712,-2.74888113472019,0.00597990674631432,0.0378712260424277,"AL161729.4"
"ENSG00000271662.1",21.5807130313302,-0.236791758823306,0.1957284378526,-1.20979741840902,0.226356637086281,0.411917344922387,"AC233280.2"
"ENSG00000271664.1",14.8801969632341,-0.436465450723553,0.167676675199172,-2.60301828030109,0.0092407026411005,0.0508850005011841,"AC004890.3"
"ENSG00000271670.1",3.89602843993399,-0.471552730707122,0.196811369827436,-2.39596285072645,0.0165767703113359,0.0752509427291119,"AC010998.2"
"ENSG00000271680.1",4.58836496836103,-0.782400743088962,0.240369835910083,-3.25498721637286,0.00113397469992607,0.0120183710126683,"AC098935.2"
"ENSG00000271709.1",5.8740100129478,0.600828416237795,0.20690870247435,2.90383347366589,0.00368624170074333,0.0271818482708411,"AC017033.1"
"ENSG00000271710.1",1.69012260001295,-2.72791179791577,0.611937791184327,-4.45782534959355,8.27953154274627e-06,0.000347241149798474,"NDUFA8P1"
"ENSG00000271711.1",2.75813538231264,-1.00913411678523,0.304057848805559,-3.31888856265163,0.000903764880260707,0.0102519232184738,"AC069236.1"
"ENSG00000271715.1",2.37758371551041,0.33523707164297,0.255076441869606,1.31426120415441,0.188758318157931,0.367127085189931,"AC012640.3"
"ENSG00000271716.1",2.3548629243131,-0.781322348039347,0.430205196531943,-1.81616204159759,0.0693455189288092,0.192940026884242,"AC022001.2"
"ENSG00000271717.1",6.19314930397394,-0.473213574914036,0.207670410756438,-2.27867597117162,0.0226863341521029,0.0923407764430005,"AC022146.2"
"ENSG00000271725.1",3.22064781288013,-0.595494106275799,0.214395824207456,-2.77754526459238,0.00547712107303239,0.0356430398523197,"AC103858.1"
"ENSG00000271727.2",4.66361759017275,0.179784972095788,0.1641138261896,1.09548949208023,0.273302246563541,0.465686662308203,"AL357054.2"
"ENSG00000271730.1",5.44113890945193,-0.568970064431275,0.198995915338468,-2.85920474027583,0.00424704576454002,0.0299379408509064,"AL390208.1"
"ENSG00000271734.1",4.6376820605504,-0.533336365795371,0.160973812012508,-3.31318715216813,0.000922392353126912,0.0104028484460211,"Z98200.1"
"ENSG00000271736.2",38.5217753490462,-0.96946858168595,0.263761405121294,-3.67555132351577,0.000237336320035063,0.00408142463994182,"LINC02772"
"ENSG00000271737.1",31.2771946683922,0.285057433132707,0.10837253085289,2.63034766180424,0.00852975885816505,0.0482462245122361,"AC008608.2"
"ENSG00000271743.1",6.90933743572051,0.0744075579101321,0.180967740260931,0.411164762309826,0.68095172480949,0.812723634130932,"AF287957.1"
"ENSG00000271746.1",9.17295073039582,0.0993912428429027,0.114879507680007,0.865178175377923,0.386941002200326,0.578246564504575,"AL031848.2"
"ENSG00000271749.1",7.47969892100082,-0.381714994118857,0.218959992658133,-1.74330931182866,0.0812795996716697,0.214344031455767,"AC005828.6"
"ENSG00000271751.1",6.71946568886599,-0.0988793206641314,0.11701063123181,-0.845045613575412,0.398085372074927,0.588388736625551,"AP003392.4"
"ENSG00000271755.1",20.3805864489254,-0.325376476171657,0.117292496088983,-2.77406046440356,0.00553613876458152,0.0359077864580582,"AL031118.1"
"ENSG00000271761.1",2.36090230399021,-0.077080097333286,0.238323574478813,-0.323426238893284,0.746372460684016,0.855681072092043,"AL021368.1"
"ENSG00000271763.1",5.01985750208352,-0.458861621416283,0.208505503085862,-2.2007170776079,0.0277560590682002,0.105128836695972,"AC091544.5"
"ENSG00000271765.1",1.64485408793805,-0.807811640486954,0.618550598582764,-1.30597503637993,0.191561047041267,0.370642293203051,"RN7SKP299"
"ENSG00000271771.1",4.31904680923982,-1.81330623606114,0.380604033292507,-4.76428539228737,1.8952410569332e-06,0.000119751545965459,"AC139792.1"
"ENSG00000271778.1",8.81253159276389,-0.276120230326726,0.165329097083254,-1.67012483100709,0.094894668247863,0.236671525206091,"AC080013.2"
"ENSG00000271779.1",3.4096092113064,-0.253998907993993,0.257347577371417,-0.986987756358043,0.323648640863479,0.517169868023413,"AC009994.1"
"ENSG00000271780.1",74.884540574294,-0.00669453071234488,0.0906270814095426,-0.0738689871528841,0.941114633074976,0.969267137256858,"AL118558.3"
"ENSG00000271781.1",44.9011755914245,-0.0496910202612543,0.148488953333406,-0.334644558707891,0.737893227967187,0.850457118695427,"AC026740.1"
"ENSG00000271784.1",7.52672107483772,0.115469444270183,0.116697142002302,0.989479624684422,0.322428533950177,0.51613680069253,"AL031055.1"
"ENSG00000271788.1",19.177731593678,-0.224475638993223,0.176853811710529,-1.26927226969041,0.204343973076823,0.385539153102498,"AC008875.1"
"ENSG00000271789.1",21.6647488811675,-0.270230338792801,0.158636504814092,-1.70345620706588,0.0884827267654416,0.226151959327641,"AL080317.1"
"ENSG00000271795.1",12.953326590928,-0.305955336184259,0.144180313516319,-2.12203267368835,0.0338349943577431,0.120000976525945,"AC011337.1"
"ENSG00000271797.1",7.64677050744068,0.0620642154605346,0.10387488486752,0.597490101093159,0.550180214014999,0.715905177253238,"AC008494.3"
"ENSG00000271806.1",10.828879549778,-0.553441887688628,0.215207319281153,-2.57166851730352,0.0101209745646533,0.054145721699754,"AL590822.2"
"ENSG00000271811.1",20.0945793299848,0.0895906079235338,0.204375664825523,0.438362404839235,0.661123594858588,0.798794695831136,"Z97200.1"
"ENSG00000271815.1",5.50717276194971,0.0639071709321616,0.154803458943534,0.412827797055053,0.679732784140387,0.811938721243224,"AC008897.3"
"ENSG00000271816.1",14.9386012296817,-0.358027027530634,0.124352257543776,-2.87913572783025,0.00398766674333427,0.0287317507759645,"BMS1P4"
"ENSG00000271817.2",3.52882045428709,-0.243400043526596,0.195553372780227,-1.24467320643015,0.213251898708124,0.396105526873999,"U3"
"ENSG00000271819.1",3.34796530118551,-0.0600021664825247,0.200600217949212,-0.299113166954365,0.764853700162643,0.867854854935813,"RNU6-94P"
"ENSG00000271824.2",4.19603766470299,0.508405677538976,0.341541326495467,1.48856269534259,0.136602561139373,0.29845839795335,"SMIM32"
"ENSG00000271825.1",8.41707586290313,-0.362470043255036,0.193947036785336,-1.86891250963645,0.0616349876014008,0.178922984044839,"AC019080.3"
"ENSG00000271826.5",29.2534688176519,0.0761416372670639,0.153380022273626,0.496424737318328,0.619594775609643,0.768617962008042,"PLS3-AS1"
"ENSG00000271828.1",18.964764554939,-0.320228872431876,0.137492042692741,-2.32907204053622,0.0198552495857982,0.0848685100089846,"AC008937.3"
"ENSG00000271830.1",9.39776196873819,-0.0480463427759351,0.433495510497079,-0.110834695198669,0.911747432047411,0.952979999344897,"AC012213.4"
"ENSG00000271833.1",18.5593989147003,-0.106459460573029,0.120033642735765,-0.886913519798635,0.375125462168647,0.56680820604433,"AL445222.1"
"ENSG00000271841.1",0.996195706163314,-0.0835548850782861,0.963786358453718,-0.0866944051919765,0.930914423684703,0.96348264599119,"RNU7-10P"
"ENSG00000271843.1",21.0632024248969,-0.497350360244894,0.155175175687705,-3.20508971902715,0.00135020386578001,0.0135643745634925,"AC012557.1"
"ENSG00000271848.2",3.23419406264089,-0.322842421964132,0.230444103468796,-1.4009576166389,0.161226747626997,0.332187503635013,"AC073389.2"
"ENSG00000271849.1",5.72824636434529,0.0519462925384174,0.114584443471072,0.453345069931171,0.650300283706586,0.790907340214497,"MAN2A1-DT"
"ENSG00000271850.2",3.02350979613348,0.27393451325195,0.264739769218352,1.03473125348997,0.300794436054864,0.493720077845688,"LINC02343"
"ENSG00000271851.1",53.42714169159,-0.163133086053203,0.0793854979844631,-2.05494819828593,0.0398840083870108,0.134371411781902,"AC087501.4"
"ENSG00000271855.1",10.2175992074079,0.0551591067333682,0.125704369886508,0.43880023250718,0.660806291832628,0.79858520723016,"AC073195.1"
"ENSG00000271856.1",64.7099929102519,-0.445313350225015,0.175488354562268,-2.53756638915323,0.0111626193780306,0.0577636623413166,"LINC01215"
"ENSG00000271857.1",21.689717101922,-0.20837116785683,0.141299058750092,-1.47468192428207,0.140298077954805,0.303787942459759,"AL096865.1"
"ENSG00000271860.7",3.98166571460832,0.217455668833289,0.290339947120815,0.748969168692458,0.45387578848591,0.637160002785521,"AL589740.1"
"ENSG00000271862.1",30.1818876638975,-0.0868994204776804,0.127624588358996,-0.680898732721006,0.495935570026136,0.673101627920103,"AC104118.1"
"ENSG00000271868.1",15.0198310138291,-0.0522559747451245,0.136049519864695,-0.384095252942418,0.700907849749218,0.82561368175769,"AC114810.1"
"ENSG00000271869.1",34.3093560481739,0.0612598504487627,0.127577612614729,0.48017711880031,0.63110145539676,0.776969657799332,"AC026979.2"
"ENSG00000271870.1",68.2387947151253,-0.292937576554534,0.0976560230407372,-2.9996877553813,0.00270256500152687,0.0220099062122882,"AC024060.2"
"ENSG00000271871.1",13.3971109797045,-0.222160277865967,0.159397641292721,-1.39374884135197,0.163393461683945,0.33486355923937,"AC005740.4"
"ENSG00000271874.1",7.18090645228268,-0.196869756609042,0.130288526673596,-1.51102911081533,0.130781034159842,0.290990641601525,"AC025754.2"
"ENSG00000271880.1",2.76768331994215,-0.240459774883236,0.243397516556343,-0.987930272606432,0.323186798257825,0.516803942094033,"AGAP11"
"ENSG00000271882.1",17.29896689296,-0.0678523529797918,0.0920342853406615,-0.737250827000382,0.460969829452148,0.643299581307227,"AP001330.4"
"ENSG00000271888.1",18.6197077084929,-0.179387871376693,0.133425020917515,-1.34448449131286,0.178791768146524,0.354785336387926,"AL136162.1"
"ENSG00000271889.1",11.5590220012684,-0.735799566430481,0.193065183417012,-3.81114581825553,0.000138324138058105,0.00277925499599788,"AC016747.2"
"ENSG00000271895.2",28.4964008071331,-0.380761939748632,0.113189031877985,-3.36394731389774,0.000768362098038484,0.00913819291480844,"AL109811.2"
"ENSG00000271907.1",1.85356439053035,-0.898707650152551,1.2944752973862,-0.694264040393213,0.487516637754013,0.666265400465677,"SNORA35B"
"ENSG00000271913.7",90.361835629107,-0.22612803660196,0.118775008004864,-1.90383516196185,0.0569316555646916,0.16959785332098,"AL035530.2"
"ENSG00000271916.1",8.9187194638775,-0.875621327216438,0.222119435632299,-3.94211935900088,8.07647639217523e-05,0.00188298409331015,"AC012467.1"
"ENSG00000271917.1",1.3732630464318,-1.11400475922803,0.58049475408634,-1.91906085522065,0.0549766327154197,0.165581421475888,"AL357568.1"
"ENSG00000271918.1",38.5816328295078,-0.0956592758716532,0.0967889867550217,-0.988328105074311,0.322991985285513,0.516616486481411,"AC034236.2"
"ENSG00000271919.1",2.81371504665085,-2.09980718980636,0.397345768538386,-5.28458424895371,1.25990557331574e-07,1.69822009119032e-05,"AC005828.7"
"ENSG00000271926.1",22.659299576502,0.0562515298638413,0.145555530350855,0.386460959114707,0.699155311071697,0.824347723768036,"AC008972.1"
"ENSG00000271930.1",12.4226142485638,0.164839424064587,0.216801369660121,0.760324643349834,0.447060554938024,0.631694552905171,"AC016877.3"
"ENSG00000271933.1",17.0412526119707,-0.134668697392186,0.148766826855151,-0.905233379235202,0.365341761883368,0.558062644603938,"AL603756.1"
"ENSG00000271936.1",44.1799809822983,0.138381480764074,0.107139585781254,1.29159992317504,0.196495730674477,0.376557437480307,"AC012073.1"
"ENSG00000271943.2",93.2606481947542,0.124827887243577,0.0963966177561629,1.29494052954567,0.195340745671461,0.375013230633143,"AC098614.2"
"ENSG00000271945.2",2.29113061865108,-0.565881161150773,0.497364536964189,-1.1377593678166,0.25522097584217,0.445759728712274,"AL355612.1"
"ENSG00000271947.1",6.63181249698701,0.152619354787127,0.196189041768237,0.777919874686071,0.436616250788871,0.622138447999738,"AC017076.1"
"ENSG00000271959.1",34.2360898472513,-0.608987509892619,0.197667206530046,-3.0808727486117,0.00206394835771118,0.0182607049357635,"AC100803.4"
"ENSG00000271964.1",21.3344867583044,-0.506528638292142,0.161051906418161,-3.14512662133271,0.0016601495929798,0.0156753716389894,"AC090948.1"
"ENSG00000271966.1",17.9370379390754,-0.185002705962841,0.13534070419851,-1.36694061892489,0.171643918883263,0.345958408486528,"AC021321.1"
"ENSG00000271967.1",7.08525397133587,-0.164961695358447,0.135759805133465,-1.21509967693511,0.224328076796944,0.409116621948313,"AL583856.2"
"ENSG00000271968.2",2.1445121400663,-3.49028565564796,0.989928799000598,-3.52579464217189,0.000422214224687347,0.00600778674435448,"ADAM6"
"ENSG00000271969.1",4.38627233615568,-0.128264484092031,0.190897479543085,-0.671902449414384,0.501645800946829,0.67795412424667,"U47924.1"
"ENSG00000271971.1",99.8233135063112,-0.139670083428866,0.100789704666033,-1.3857574431006,0.165820981227986,0.337821437279607,"AC120053.1"
"ENSG00000271973.1",6.93526790176985,-0.279659933801414,0.142491420551111,-1.96264401547672,0.0496875525090663,0.155090937871701,"AC141002.1"
"ENSG00000271976.1",145.806983730222,-0.136675100762344,0.0663188767602372,-2.06087779888772,0.0393146998284347,0.133140504667692,"AC012467.2"
"ENSG00000271978.1",13.7084366623059,-0.286103524362849,0.115947727875924,-2.4675216117129,0.0136052008339914,0.0659231482122073,"AL359643.2"
"ENSG00000271980.1",4.60243714860838,0.126421083688147,0.190248320149873,0.664505650239409,0.506366733817445,0.681783785699204,"AC012640.4"
"ENSG00000271983.1",8.07512243611115,-0.156699341071247,0.146604499167855,-1.06885765416949,0.285133815536756,0.477589911795629,"AC023302.1"
"ENSG00000271986.2",1.903947099854,-0.629901196855193,0.367484033986858,-1.71409133077525,0.0865119537103953,0.222963498597321,"RN7SL827P"
"ENSG00000271991.1",1.83488750504683,0.00352662248283887,0.212161331461998,0.0166223621361019,0.986737884617217,0.993307169128322,"AC013400.1"
"ENSG00000271992.1",11.1518235428717,0.137381032621088,0.132435320801678,1.0373443563958,0.299575400680051,0.49255447995519,"AL354872.1"
"ENSG00000271993.1",9.74356528030202,-0.308708929683445,0.142644813947364,-2.16417913235429,0.0304506041749156,0.111807527886286,"AC126118.1"
"ENSG00000271996.1",5.63115380085723,-1.09426290828632,0.295148016289494,-3.70750554939532,0.000209310831327517,0.00372079151878954,"AC019080.4"
"ENSG00000272006.1",4.22774178219966,-0.436693794652853,0.195883365290664,-2.22935619880156,0.0257902141415297,0.10038971724275,"AC037487.3"
"ENSG00000272008.1",13.1919511154777,-0.253776337586909,0.14904216346285,-1.70271506861322,0.088621403531277,0.226402116925016,"AL139274.2"
"ENSG00000272010.1",47.4453322629584,-0.219161121895311,0.104698328913547,-2.09326284544885,0.0363256974069626,0.126030788221134,"AC100814.1"
"ENSG00000272021.1",4.20749990214094,-0.0144589485244975,0.212238235721891,-0.0681260305209281,0.945685309130378,0.971737440555262,"AC008592.4"
"ENSG00000272024.1",12.7785127333605,0.0642809363417986,0.121692945034931,0.528222374134732,0.597345001929364,0.752427344755564,"AC064807.4"
"ENSG00000272028.1",1.67458371577888,-0.521873957355844,0.359681898601852,-1.45093194676869,0.146798811039507,0.312851927790188,"RNU6-87P"
"ENSG00000272031.3",75.0241313108914,0.218671835656195,0.139148375688133,1.57150117329644,0.116066282092026,0.269075602652309,"ANKRD34A"
"ENSG00000272033.1",4.14051187560293,-1.37330460096975,0.300244418337994,-4.57395547458197,4.78601590942881e-06,0.000233637577232571,"AL136984.1"
"ENSG00000272034.1",22.1240518216427,-0.184505250235838,0.116835259487224,-1.57919151329496,0.114292135979951,0.266484213402934,"SNORD14A"
"ENSG00000272037.1",41.882068795111,-0.336652277663198,0.157368140348179,-2.13926578097924,0.0324141493679687,0.116439822497603,"AP002907.1"
"ENSG00000272040.1",39.1620298685331,-0.220890633658628,0.11106649297213,-1.9888143376784,0.0467216996345513,0.149066175939925,"AC010245.2"
"ENSG00000272046.1",4.3735605129926,0.480701307610488,0.630622120720665,0.762265216864181,0.445901729253508,0.630565614918958,"AL445647.1"
"ENSG00000272047.3",1179.65721173105,0.111519341904426,0.0648342784655797,1.72006760225814,0.085420153967024,0.221108162496045,"GTF2H5"
"ENSG00000272049.1",7.73088947668121,-0.152648230361305,0.175439960242322,-0.870088149532542,0.384252233316891,0.575776599370097,"AC091965.4"
"ENSG00000272054.1",41.0498773960908,-0.527551798505401,0.138482887391072,-3.80950894687521,0.000139243068157898,0.00279266233022946,"AC007390.1"
"ENSG00000272068.1",206.308916775342,0.673391335929388,0.275985300461129,2.43995363087909,0.0146891472333175,0.0693288600565409,"AL365181.2"
"ENSG00000272070.1",51.8618702464142,0.104957807966927,0.152562468360677,0.687966110503624,0.491474122865876,0.669457816146974,"AC005618.1"
"ENSG00000272071.1",4.97320231553552,-0.746126302617087,0.220453186934831,-3.3845113014295,0.000713050834786498,0.00866582357191235,"AC122710.2"
"ENSG00000272072.1",29.2732842127536,-0.391381118791424,0.148816200816173,-2.62996311318875,0.00853941332045356,0.0482615245089893,"AC004492.1"
"ENSG00000272075.2",0.983877213201005,1.9726399837272,0.947521562853906,2.08189455634727,0.0373521021291602,0.128507134048376,"RN7SL828P"
"ENSG00000272076.1",5.13159703290798,-0.24841857423734,0.188082342708249,-1.32079689491471,0.186569095342521,0.364542807162308,"AC090186.1"
"ENSG00000272077.1",59.3235128889272,-0.318457082913788,0.100047517399072,-3.18305832261203,0.00145728257252449,0.0142739949064601,"AC124045.1"
"ENSG00000272078.1",41.8328763971233,-0.368250115608101,0.110438350378212,-3.33444056658737,0.000854711636762222,0.00986340191428931,"AL139423.1"
"ENSG00000272079.2",76.1677476325956,-0.100399765468417,0.152376309360978,-0.658893537253033,0.509964136213915,0.685048256414214,"AC004233.2"
"ENSG00000272081.1",39.3328793227373,0.218079383847735,0.122465936688055,1.78073503331156,0.0749557470839784,0.202919311080411,"AC008972.2"
"ENSG00000272084.1",26.5290893807356,-0.0469788911599033,0.102280047676261,-0.459316281398323,0.646007057581014,0.787676724704072,"AL137127.1"
"ENSG00000272086.1",128.961499527043,-0.182246649203329,0.091756709914621,-1.98619424533539,0.0470117595998185,0.149661743388483,"AC025181.2"
"ENSG00000272088.1",14.9579902367406,-0.0868586648333498,0.185612723546568,-0.46795641577641,0.639815758023467,0.783139192348357,"AL512413.1"
"ENSG00000272092.1",19.3353593327131,-0.0213505438357984,0.121779269841517,-0.175321660768569,0.860826892530966,0.925432784135112,"AC087623.2"
"ENSG00000272096.2",1.36023969184873,-0.163652924300075,0.723457060551323,-0.226209588963525,0.821038412984343,0.902437500280216,"RN7SL715P"
"ENSG00000272097.2",21.9443295206575,-0.0522306058750946,0.108693681859068,-0.48053028457364,0.630850374204108,0.776969657799332,"AL024498.1"
"ENSG00000272100.1",6.86737561628977,-0.208618412677106,0.161089059928113,-1.2950501590251,0.195302926789977,0.37498387206567,"AL513218.1"
"ENSG00000272103.2",7.91718440001519,-0.425767758847553,0.164976414943287,-2.58077955563476,0.00985775067487511,0.0532091590821364,"AC026741.1"
"ENSG00000272106.1",233.228721309466,-0.225723215173921,0.088106676731238,-2.56193087230461,0.0104092034688959,0.0551222540305312,"AL691432.2"
"ENSG00000272108.1",22.9823683534381,-0.25854040580011,0.154430332795281,-1.67415559573288,0.0941000237740924,0.235377317168359,"AC244517.1"
"ENSG00000272109.2",6.28722755529536,-0.357727169976467,0.210689538358371,-1.69788767284683,0.0895289643032871,0.227881330928848,"AC008906.2"
"ENSG00000272121.1",5.91606931608904,1.06987499897466,0.296592578700918,3.60722106959229,0.000309493958801552,0.00489893623121552,"AC006058.3"
"ENSG00000272123.1",13.088985967244,-0.121293407836254,0.169285222981597,-0.716503222785368,0.473680678234853,0.65409584489726,"AC008966.2"
"ENSG00000272128.1",5.20609958864754,-0.0304536957697729,0.183574384186297,-0.165892947999038,0.868241197279829,0.929573015909926,"AP006545.2"
"ENSG00000272129.1",39.2462568272033,-0.0689695525600018,0.0964041148044857,-0.715421252504387,0.474348784107522,0.654746851960685,"AL359715.3"
"ENSG00000272130.1",2.20499450435541,-0.579890710457847,0.27239812344352,-2.12883518846298,0.0332678984866557,0.118608464909002,"AC091946.2"
"ENSG00000272137.1",5.1532128254388,-0.913945233430502,0.217997626177754,-4.19245497969448,2.75951857078384e-05,0.000839019650932478,"AL451064.1"
"ENSG00000272138.2",45.0381053912993,-0.0551822096849164,0.162310329335501,-0.33997965447321,0.733871849674764,0.847860481355516,"LINC01607"
"ENSG00000272140.2",31.8104568243157,-0.47955061647384,0.120041531006914,-3.99487254495464,6.47290652181063e-05,0.00160421328953756,"AC022400.4"
"ENSG00000272141.1",113.503782965412,-0.0411811245190507,0.165842095085692,-0.24831526939992,0.803890485644757,0.892172611269142,"AL390719.2"
"ENSG00000272142.4",94.1970519362955,0.371539186639419,0.0961722468115968,3.86326823961253,0.000111880037642935,0.00238464922743037,"LYRM4-AS1"
"ENSG00000272143.1",61.5394912455408,-0.0343753462194886,0.1430961630849,-0.240225492273286,0.810155452232561,0.895587630308718,"FGF14-AS2"
"ENSG00000272144.1",48.6453976323903,-0.380355851010571,0.15306568679438,-2.48491911529146,0.012958087323121,0.0637431443925338,"AC025171.4"
"ENSG00000272145.1",49.5678073631323,-0.398214654607379,0.129084632450658,-3.08491140306416,0.00203612795921572,0.0180800221924491,"NFYC-AS1"
"ENSG00000272146.6",5.51510154397279,0.0492865251256518,0.146167622978926,0.337191808426396,0.735972312016667,0.849249990799304,"ARF4-AS1"
"ENSG00000272148.1",13.9209713624865,-0.400767285070328,0.120254141138665,-3.33266930581794,0.000860171166099507,0.00990237850378662,"AC013403.2"
"ENSG00000272150.5",57.1994267604945,-0.222541000514551,0.0750469885587211,-2.96535550311152,0.00302333335264927,0.0237646703715006,"NBPF25P"
"ENSG00000272153.1",29.3993088278721,-0.163793678988464,0.103441226482822,-1.58344679928621,0.113319663385862,0.264996245915959,"AL365330.1"
"ENSG00000272156.1",27.3985911294841,0.0289194557160421,0.0966512406918468,0.299214531640065,0.76477636228021,0.867830368865211,"AC008280.2"
"ENSG00000272157.1",1.03670288184365,1.04884303910743,0.593931547938412,1.765932526649,0.0774071694548438,0.207113790296562,"AC107373.2"
"ENSG00000272158.1",6.08465901262752,-0.280849087949342,0.182234947313936,-1.54113737287461,0.123283355733138,0.279696845141677,"AL139022.2"
"ENSG00000272163.1",5.04072194162053,0.230365195778248,0.306464220737855,0.751687081851224,0.452239260804439,0.635559379905537,"AF106564.1"
"ENSG00000272164.1",2.23083220332944,-1.45394243533191,0.726628122122261,-2.00094434975263,0.0453983874370588,0.14649674277112,"AC005972.2"
"ENSG00000272167.2",1.58911062830059,-0.461466561611642,0.418708872233149,-1.10211794450509,0.270410399043441,0.46236831263691,"AL606537.1"
"ENSG00000272168.8",518.499567690067,-0.235798328992887,0.171268670803749,-1.37677444383907,0.168581994435851,0.341438593606864,"CASC15"
"ENSG00000272172.1",15.6506708388468,0.175217164038746,0.11668012162501,1.50168821902556,0.133177647843602,0.294063100521093,"AC138696.2"
"ENSG00000272173.1",3.4692028110219,0.0230615787068082,0.146453939032178,0.157466428415703,0.87487726403126,0.933219089173853,"U47924.2"
"ENSG00000272175.1",1.81645693626609,-0.763510556445691,0.401420700022495,-1.90202088831718,0.0571684238451421,0.170014143374392,"AL050343.3"
"ENSG00000272180.1",5.03477831575256,-0.609480130369521,0.207781682421183,-2.93327170743606,0.00335410220498449,0.0255533466156862,"AC011306.1"
"ENSG00000272181.1",5.33424270857539,-0.747899540772891,0.212484783999959,-3.51977928345699,0.00043190605331251,0.00611111272117866,"AC012557.2"
"ENSG00000272183.1",22.6375008131693,-0.0770968123551458,0.128536105716102,-0.599806660748145,0.548635093764054,0.714928497267472,"AC005041.3"
"ENSG00000272186.1",6.27663928245439,-0.223590200570345,0.10860725397092,-2.05870411409363,0.0395225918799298,0.133572799863821,"AP003392.5"
"ENSG00000272189.1",53.6749189160148,-0.037344974517491,0.159549964353491,-0.234064449144917,0.814934944823585,0.898685107698104,"AL024508.1"
"ENSG00000272192.1",4.32956247479791,-0.190943268935031,0.152964712887669,-1.24828311922666,0.211927393901459,0.394481646268662,"AC100812.1"
"ENSG00000272195.1",14.1283163779403,-0.167921013074363,0.128340723766874,-1.3084000786795,0.190737645968585,0.369586104483301,"AL356512.1"
"ENSG00000272196.2",3.02993651733466,0.693049504362715,0.297874450274458,2.32664971340827,0.0199839163162661,0.0851933297961255,"H2AC19"
"ENSG00000272197.2",1.45542841305763,-0.356049542650045,0.452279449458375,-0.787233519180299,0.431145178773497,0.617263844017282,"RN7SL803P"
"ENSG00000272202.1",4.81033282408986,0.0139815599919103,0.178612827234718,0.0782785884327159,0.937606449147877,0.967539643290465,"AC097358.2"
"ENSG00000272205.1",7.06644154237626,-0.0199921581811727,0.150010413799538,-0.133271802102276,0.893978427307039,0.944055336794883,"AL451050.2"
"ENSG00000272209.1",6.87466749133116,-0.121441770357347,0.16013917557249,-0.758351414781538,0.448240635283917,0.632480635446642,"AL023583.1"
"ENSG00000272211.1",22.7487262191243,-0.682121243100793,0.157765924775774,-4.32362846457665,1.53483695491273e-05,0.000542455697875898,"AC114760.2"
"ENSG00000272215.1",1.3496342381806,-2.30119405980788,0.915272425377036,-2.51421762090115,0.0119296794746796,0.0602236268006833,"U7"
"ENSG00000272217.1",6.62261118408554,0.00409166598960142,0.144178873506981,0.0283790952868231,0.977359797030091,0.988655579957118,"AL645940.1"
"ENSG00000272219.1",4.546077594198,-1.19604782838297,0.244464020400708,-4.89253112348594,9.95473676898545e-07,7.48133298532353e-05,"AC005072.1"
"ENSG00000272221.1",93.1514933063267,-0.166921600651862,0.113892039798083,-1.46561253049637,0.142753875605225,0.307320287936316,"AL645933.2"
"ENSG00000272223.1",9.82654913331758,-0.282739166627966,0.13501836825925,-2.09407927434789,0.0362529189990755,0.125889500017339,"AL136304.1"
"ENSG00000272226.1",5.44315765244757,-0.374079708638963,0.162260479693768,-2.30542710920712,0.021142664685286,0.08821166288222,"AL136985.2"
"ENSG00000272232.2",0.653242299450294,0.842734504815636,1.01541395337693,0.829941820292092,0.406571678615133,0.596246625677633,"RN7SL726P"
"ENSG00000272235.1",11.3828574663101,-0.0963936506305874,0.228258962296044,-0.422299521828056,0.67280640714066,0.80708163554565,"AL590438.1"
"ENSG00000272236.1",3.62294852901155,0.155124169883761,0.257886164115654,0.60152187852231,0.547492444089741,0.714148293467104,"AL645939.4"
"ENSG00000272239.1",2.40641061012187,-0.61853875027498,0.29035026247004,-2.13031923929741,0.0331452662298506,0.118316054494169,"AC011373.1"
"ENSG00000272240.1",22.5803653334643,-0.276291273082355,0.13098210899999,-2.10938177123393,0.0349116416522577,0.122464786168856,"AC004908.1"
"ENSG00000272254.1",2.36900772555472,-0.539426730465015,0.296297410492663,-1.82055836926854,0.0686740159596742,0.191760799576066,"AC022893.3"
"ENSG00000272263.1",6.31955968308572,-0.173130189327336,0.147706529738887,-1.17212278721457,0.241147762387796,0.429195576455516,"AC034198.2"
"ENSG00000272264.1",20.1297756993556,-0.00924309936418728,0.13590924316376,-0.0680093505711755,0.945778190841105,0.971755495098383,"AC009686.2"
"ENSG00000272267.2",4.7002116493109,-0.218749857371453,0.148224639640194,-1.47579955601481,0.139997709984996,0.30330863268891,"AC021242.3"
"ENSG00000272269.1",22.3232586198001,0.250225031240676,0.111729057863148,2.23956986683952,0.0251188608012465,0.0988469932190403,"AL138724.1"
"ENSG00000272274.2",36.0180125250711,-0.112360734804515,0.184544498363876,-0.608854426984694,0.542620933807445,0.710512025062977,"LINC00551"
"ENSG00000272275.1",30.6194528392559,0.0276973708724936,0.142768644625475,0.194001777807391,0.8461744898618,0.916605499092912,"AC092687.3"
"ENSG00000272277.1",11.8572051710461,-0.0445785581287721,0.121525485932248,-0.366824767552257,0.713749731734069,0.834679818987509,"AL031963.3"
"ENSG00000272279.1",29.6003649946875,-0.0462031707288448,0.192541569234627,-0.239964652373549,0.810357659375272,0.895725018379182,"AL512329.2"
"ENSG00000272282.1",20.956870648714,-0.0796318479941642,0.154876802247306,-0.514162526851559,0.607138364695314,0.759932989052261,"LINC02084"
"ENSG00000272288.6",90.8771189216197,0.0321921337406407,0.0997359802584138,0.322773523228343,0.746866766047271,0.856070895889685,"AL451165.2"
"ENSG00000272293.1",24.2185246933378,-0.110562562314072,0.110018004209996,-1.00494971807557,0.314921062313255,0.508976237875042,"AC083964.1"
"ENSG00000272304.1",1.46273882173229,-3.16500100089448,0.83132745193957,-3.80716526744091,0.000140568811557241,0.00281154553345511,"AC096721.1"
"ENSG00000272305.5",13.8078011949274,-0.0678915824541208,0.0998062857403555,-0.680233533895247,0.496356602299104,0.673403191839912,"AC096887.1"
"ENSG00000272311.1",0.658097460919756,0.609889791732291,0.575038823838039,1.06060628682711,0.288868864273254,0.48129872376386,"IFNL4P1"
"ENSG00000272312.1",2.19276747658591,-0.116802654278111,0.245882360152594,-0.475034704423788,0.634762237396354,0.779403307375742,"AL133255.1"
"ENSG00000272316.1",67.6805387690257,-0.239238009578132,0.131746580878117,-1.81589539541416,0.0693864197902457,0.192959073389039,"AL021368.2"
"ENSG00000272320.1",29.7159520896072,-1.14782051986305,0.17815213695878,-6.44292310750462,1.17194078282079e-10,7.80348489649051e-08,"AL445309.1"
"ENSG00000272321.1",3.29453397800824,-0.106204594959351,0.220695248561032,-0.481227374181465,0.630354907392377,0.776785206788852,"AP003355.2"
"ENSG00000272323.1",86.0862762104992,-0.15805972811477,0.106588413434631,-1.48289784059602,0.138101555265879,0.300337500865468,"AC026801.2"
"ENSG00000272325.2",33.3228941070519,0.316293059595683,0.103776608772905,3.04782612705941,0.00230503255980911,0.0197278789238366,"NUDT3"
"ENSG00000272328.1",5.48312506411227,0.108743685077167,0.308324460162383,0.352692371600671,0.724319078905573,0.841672370737609,"AC007128.2"
"ENSG00000272330.1",4.66938589815975,-0.165066848310891,0.229992385591798,-0.717705709631015,0.472938762053901,0.653505030508032,"AC002044.1"
"ENSG00000272333.7",2965.65549574627,0.0001920403166578,0.0782472711157016,0.00245427494044919,0.998041773882935,0.999077464742782,"KMT2B"
"ENSG00000272334.1",4.50890406477129,-0.254035344487316,0.165782651934902,-1.53233973230847,0.125438621230997,0.282999797834491,"AC011816.2"
"ENSG00000272335.1",337.63955500437,-0.040560407811016,0.083726924593132,-0.484436852399845,0.628075869746913,0.775311614263463,"AC093297.2"
"ENSG00000272337.1",2.93207935295299,-0.23026451935746,0.279562443223989,-0.82366041984033,0.410132534875841,0.59940040585548,"RNU6-90P"
"ENSG00000272338.2",30.3594338242796,0.0709250557056157,0.0944040389255522,0.751292598418885,0.452476582668839,0.635785551903167,"AC067838.1"
"ENSG00000272341.1",190.187361242584,-0.30635337829582,0.0932831746834242,-3.28412255838734,0.00102300424696094,0.0111561987956495,"AL137003.1"
"ENSG00000272343.1",14.6754175546177,-0.153453543761533,0.124337349599375,-1.23417094104043,0.21713921320403,0.400932606355818,"AC107952.2"
"ENSG00000272345.1",36.493496398613,-0.149575999805881,0.0811847103717994,-1.84241588250881,0.065414340352238,0.18582556359249,"AL031775.1"
"ENSG00000272347.1",17.631420795402,0.288152676846049,0.165070139966569,1.74563780526513,0.0808739086439795,0.213591546920832,"AC116351.2"
"ENSG00000272356.1",63.1441966608689,-0.172059887683194,0.132531709353048,-1.29825449715469,0.194199896869799,0.373728159912499,"AL080317.2"
"ENSG00000272360.1",13.2504303789429,0.157202079568839,0.161593361736997,0.972825107906937,0.330640231681862,0.524215688051061,"AC116036.2"
"ENSG00000272361.2",6.75360441582862,-0.129415008128818,0.139052339751332,-0.930692776261452,0.352012507449305,0.54547602562298,"AC005014.2"
"ENSG00000272368.2",34.5799220318808,-0.149644450975683,0.139069624037892,-1.07603980388204,0.28190945524,0.47438016140032,"AC074032.1"
"ENSG00000272369.1",17.3643405651749,0.0384658592366988,0.149668092036948,0.257007747698173,0.797172792125086,0.888073154555811,"AC008035.1"
"ENSG00000272370.1",11.045687910453,0.0956908163619395,0.1028319764249,0.930555063597598,0.352083768334032,0.545535668038578,"AC092354.2"
"ENSG00000272372.1",1.93701814141345,-0.299129055024052,0.230471582575135,-1.29789994793191,0.194321717972923,0.373832945595315,"AC009102.2"
"ENSG00000272374.1",62.4541887524623,-0.427204751332475,0.130016296552671,-3.28577849592423,0.0010170095070809,0.0111159873667907,"Z97832.2"
"ENSG00000272375.1",9.88279597105243,-0.0533053409425704,0.115721435927836,-0.460634976702256,0.645060513141234,0.786954916233459,"AC026979.3"
"ENSG00000272379.1",203.725924424578,-0.316906610649985,0.146568610713201,-2.16217243997825,0.0306048870217089,0.11219208363948,"AL008729.2"
"ENSG00000272381.2",4.253146549535,-0.422806074938183,0.216314017101275,-1.95459397686757,0.0506310128084292,0.157017693391983,"LINC02664"
"ENSG00000272382.1",23.4658569582308,-0.0978961882708801,0.142929850369206,-0.684924723687893,0.493391423714591,0.67108003603622,"AC025171.5"
"ENSG00000272383.1",1.98704229611903,-0.385373196017972,0.801300957645207,-0.480934400915323,0.630563122266979,0.776955515530516,"AC006270.2"
"ENSG00000272384.1",7.41528193426275,0.0476541378630729,0.131476093011814,0.362454776160644,0.71701221262376,0.837067381824912,"AC016405.3"
"ENSG00000272391.6",1875.56502961962,0.100481110757314,0.063654240962077,1.57854542350411,0.114440361417618,0.266680405450882,"POM121C"
"ENSG00000272395.7",1.70718147594774,0.187396330216658,0.435474898931714,0.430326364794778,0.666958251223713,0.803424309211632,"IFNL4"
"ENSG00000272398.6",12470.892957957,-0.00227662940118705,0.148898286552203,-0.015289829412435,0.987800956489489,0.993856519788316,"CD24"
"ENSG00000272402.1",24.1500364945148,-0.281713273490977,0.108544573285767,-2.59536948705216,0.00944892809896089,0.0516726614978162,"AL031775.2"
"ENSG00000272405.1",511.053825868172,0.594474113308029,0.240935890710076,2.46735391541717,0.0136115749070297,0.0659444358818017,"AL365181.3"
"ENSG00000272406.1",2.13458813305073,-1.51494631228222,0.408617891536056,-3.70748893688259,0.000209324558156153,0.00372079151878954,"AC108102.1"
"ENSG00000272412.2",1.19498132987202,1.02954409196756,0.718022801359389,1.43385988581197,0.151612251226806,0.319490263946709,"RN7SL778P"
"ENSG00000272416.1",14.2738595690079,-0.324273083799664,0.119125863001438,-2.72210480268041,0.00648675672240159,0.0400451680991871,"AC025175.1"
"ENSG00000272417.1",7.58705125879895,-0.423952839506416,0.170592778433615,-2.48517459765387,0.0129487908685589,0.0637256606632565,"AC034229.4"
"ENSG00000272419.6",105.602743940755,0.209746708200359,0.104188947396947,2.0131377985925,0.0441001347189664,0.143647958634043,"LINC01145"
"ENSG00000272420.1",23.9189295792824,-0.169043991445673,0.125847415795641,-1.34324563104401,0.179192450567336,0.355279553164501,"AL513477.2"
"ENSG00000272425.1",8.79917273999784,-0.266649983636452,0.215223896445965,-1.23894227378882,0.215366876769566,0.398699367676221,"AC009902.3"
"ENSG00000272426.1",3.0443575778075,-0.0730354823063094,0.227546644077119,-0.320969279079134,0.748233671889872,0.856928850837782,"BX284668.6"
"ENSG00000272432.1",7.35019548416317,0.121410621606081,0.132089499974106,0.919154222174221,0.358014911496072,0.551058273159441,"AL031432.3"
"ENSG00000272438.1",5.2152543511732,0.231064306776662,0.236667070757413,0.976326389798042,0.328902746391176,0.522516796361687,"AL645608.6"
"ENSG00000272443.1",2.56801296430329,-0.336022780950508,0.370276838420793,-0.907490682872909,0.364147374308788,0.556939989211503,"OR13Z2P"
"ENSG00000272444.1",18.2162603044654,-0.006354631429281,0.122522919468467,-0.0518648384877611,0.958636391371813,0.979255074188198,"AL118558.4"
"ENSG00000272447.1",48.6162675573837,-0.051299099819732,0.0818126441539294,-0.627031436891508,0.530638628455734,0.700750338649381,"AL135925.1"
"ENSG00000272449.2",67.1225937643841,0.184147085434881,0.120316287730024,1.53052499299252,0.125886831915634,0.283761022001841,"AL139246.5"
"ENSG00000272455.1",108.997102817697,0.112784784735676,0.10548488965497,1.06920323000368,0.284978103604008,0.477540567912636,"MRPL20-DT"
"ENSG00000272456.1",6.8841642963648,0.0643790041996844,0.197514136959976,0.32594631042906,0.744464976656751,0.854583059263979,"AC087045.2"
"ENSG00000272459.1",7.72438984505166,0.0074510405011125,0.124602281718575,0.0597985879419233,0.952316050225242,0.974862659045875,"AC139795.3"
"ENSG00000272461.1",4.02324856714853,-0.0600562789696503,0.420172868707003,-0.142932310585549,0.886343640395616,0.939568848336079,"AP005328.1"
"ENSG00000272462.3",137.71470297597,-0.224536263736802,0.0934627856433992,-2.40241356162338,0.0162872832828146,0.0743626607699872,"U91328.1"
"ENSG00000272463.1",68.4046653838621,0.117180724938448,0.143429669606258,0.816990830838078,0.413933668006376,0.602984986721645,"AL357054.4"
"ENSG00000272465.1",14.3577346431544,-0.4698923700641,0.159435559045089,-2.94722440137217,0.00320640426665207,0.0247739190646663,"AL031768.1"
"ENSG00000272468.1",22.5862015604865,-0.0209467318317051,0.195601665453692,-0.10708871922496,0.914718596456599,0.954836037713699,"AL021807.1"
"ENSG00000272469.2",2.37319652336754,-1.20305382775034,0.495476757199153,-2.42807318460506,0.0151792799135917,0.07094435321001,"RN7SL760P"
"ENSG00000272472.1",2.70628906276915,-0.422516836960471,0.29172643718602,-1.44833235217229,0.147524123876072,0.313601787032458,"AL512283.1"
"ENSG00000272473.1",11.2539736688308,-0.304442519046144,0.205766489982081,-1.47955344464813,0.138992458550259,0.301660751141706,"AC006273.1"
"ENSG00000272476.1",28.3617602714922,0.152493308449641,0.0945092419829351,1.61352800266006,0.106629844533489,0.254847624842316,"AL024507.2"
"ENSG00000272477.1",1.91239993359969,-1.84667600164272,0.899343300115012,-2.05336049249109,0.0400376279698589,0.134752602911495,"AC144521.1"
"ENSG00000272479.1",0.988889777914635,0.982581748241194,0.642374181066306,1.52960965306881,0.126113378633891,0.284152587597667,"AC010857.1"
"ENSG00000272482.1",23.1381604449889,-0.173073420411908,0.136608345031949,-1.2669315360744,0.20517977131199,0.386419060357372,"AC254633.1"
"ENSG00000272483.1",3.38612341956775,-1.25944671952767,0.310902241109791,-4.050941270259,5.10120111367011e-05,0.00133727786360172,"AC022001.3"
"ENSG00000272489.1",2.51583054135013,-1.10284745346628,0.302554208681876,-3.6451234913274,0.000267263434102448,0.00440495124335287,"AL132656.3"
"ENSG00000272491.1",10.4879743186222,-0.379021755777223,0.175168887533243,-2.1637504303114,0.030483508332727,0.111845651633401,"AL109659.2"
"ENSG00000272498.1",16.8590822389041,-0.382030853886138,0.151570378322749,-2.52048492663028,0.0117193257541208,0.0596136764449113,"AC090948.2"
"ENSG00000272501.1",91.3941737791412,-0.249452175183598,0.0989254946472212,-2.52161665780061,0.0116816934010951,0.0594879653853837,"AL662844.4"
"ENSG00000272502.1",49.2401488351319,-0.150048492481231,0.17696392505451,-0.847904410093818,0.396491208305115,0.587022804202526,"AC104958.2"
"ENSG00000272505.1",31.6872168363055,-0.483771462844117,0.156450884060561,-3.09216189955727,0.001987044443222,0.0178218401530684,"AC104964.3"
"ENSG00000272506.1",3.77873351660033,-0.440806129537778,0.236655286914486,-1.86265067341201,0.0625114299915118,0.180439833423565,"AL357078.2"
"ENSG00000272509.1",13.2860858735558,-0.337059243548517,0.130060954850067,-2.5915482777831,0.00955451347294777,0.052010859557693,"AC087752.4"
"ENSG00000272512.1",63.5052489839883,-0.109890220806903,0.163945807691776,-0.670283811181683,0.502676885065631,0.678795561167338,"AL645608.7"
"ENSG00000272514.6",2.98941381889398,-0.685066221109711,0.230543914830271,-2.9715215932464,0.00296328035048618,0.023433846249106,"CFAP206"
"ENSG00000272518.1",58.6542057239522,0.0931422910285268,0.118121396050454,0.788530225199359,0.430386626134723,0.616719546522482,"AC036214.2"
"ENSG00000272523.1",52.3073375319488,0.279472837342551,0.105754589585879,2.64265445534732,0.00822589371461837,0.0470315437816915,"LINC01023"
"ENSG00000272525.1",14.5699987350368,0.173899391041011,0.116582397160376,1.49164363811963,0.135792591850597,0.297663350858136,"AC099522.2"
"ENSG00000272529.1",20.3204564022753,-0.3104801988043,0.149411561835834,-2.07801990012955,0.0377075262959415,0.129222237949013,"AC090948.3"
"ENSG00000272533.1",6.87527098554665,-1.35420407278492,0.291131488232046,-4.65152045561472,3.29496583273007e-06,0.000179247218086736,"SNORA28"
"ENSG00000272540.1",6.98980753476289,-0.170267512862882,0.12459511625183,-1.36656650746037,0.171761221233039,0.346069132081311,"AL662797.1"
"ENSG00000272541.1",4.92960318413212,-0.334498381820081,0.263981868397425,-1.26712635171024,0.205110114456013,0.386393427294973,"AL021368.3"
"ENSG00000272549.1",2.45697118132635,0.221902004614068,0.270125701579418,0.821476828441769,0.411374717439281,0.60038377315116,"LINC02538"
"ENSG00000272551.1",5.15718810186792,1.4218068369965,0.325825034207205,4.36371269155554,1.27873495978915e-05,0.000478091677888392,"AC017048.3"
"ENSG00000272555.1",9.67622044774991,-0.414719352987654,0.167781696211028,-2.4717794750748,0.0134442420469383,0.0653660834803404,"AC009974.1"
"ENSG00000272556.2",305.822361666321,0.050325180905643,0.122257970991443,0.411631082190669,0.680609845987426,0.812548628481349,"GTF2IP13"
"ENSG00000272562.2",13.4029375724611,-0.328735226220319,0.150199128641373,-2.18866267197351,0.0286213669850425,0.107295481481029,"AL512343.2"
"ENSG00000272563.1",4.06424186758017,-0.226613098112587,0.257990438192958,-0.878377895319891,0.379738676078067,0.571327127399857,"AC016745.2"
"ENSG00000272564.1",20.4282633973239,-0.628684503241624,0.155338041452659,-4.04720245834451,5.18334065207941e-05,0.00135560848648609,"AC012511.1"
"ENSG00000272566.1",3.65126649258458,0.10090668867657,0.292391724612831,0.345107881593382,0.730013268392411,0.845294629250779,"AF250324.1"
"ENSG00000272567.1",6.46526700743661,-0.0445714488047601,0.108036381746621,-0.412559621899354,0.679929289740267,0.811988017113561,"AC109347.2"
"ENSG00000272568.6",37.4376686741829,-0.412938052535748,0.215871979203595,-1.9128839882748,0.0557629058159384,0.167118050529304,"AC005162.2"
"ENSG00000272572.1",19.5768091295571,0.0761771838617826,0.1001685638976,0.760489927155758,0.446961787985579,0.631658101062325,"AL138762.1"
"ENSG00000272574.1",20.8241550227012,-0.284098180127958,0.151887018521716,-1.87045728392738,0.061420343529339,0.178559858288708,"AL596325.2"
"ENSG00000272576.1",7.19875220715174,-0.285219536031738,0.137076991754321,-2.08072509019551,0.0374590761693649,0.128768716872139,"AC027271.1"
"ENSG00000272578.5",56.8673389442308,-0.312154202408061,0.141295008979461,-2.20923728773347,0.027158140588714,0.103791761133558,"AP000347.1"
"ENSG00000272582.1",5.63991795087307,-0.122398285687476,0.139754589259301,-0.875808703930127,0.381134037507405,0.572415960441118,"AL031587.3"
"ENSG00000272583.1",11.1506550441218,0.0275113571447724,0.171026705631606,0.160860007465923,0.872203661445034,0.931669548912009,"AL592494.2"
"ENSG00000272588.1",33.7315444821862,-0.610572297530459,0.18390525452563,-3.32003726106351,0.000900054341994983,0.0102376184516703,"AC139887.4"
"ENSG00000272595.2",4.51782866071285,0.31569300885351,0.275496932113584,1.14590389966068,0.251834917514288,0.442072124264641,"OR10AH1P"
"ENSG00000272599.2",23.5607746390152,-0.39216110889469,0.14492199168518,-2.7060151764033,0.00680959338698463,0.0413858694108944,"AC016394.1"
"ENSG00000272602.6",332.436126385885,-0.12154749937467,0.0812794509027206,-1.49542717162477,0.134802993632667,0.296314413316534,"ZNF595"
"ENSG00000272604.1",60.8202885385589,-0.0810721064642924,0.0743148529084725,-1.09092736231534,0.275304845994413,0.467939039291329,"AC073073.2"
"ENSG00000272610.1",8.1985555793169,0.0149389140068813,0.183429582252403,0.0814422288021409,0.935090266902623,0.965961098885756,"MAGI1-IT1"
"ENSG00000272620.2",2613.57357380881,0.384113007683836,0.23858975337078,1.60993086357278,0.107412950277322,0.256064200373925,"AFAP1-AS1"
"ENSG00000272622.2",89.3489868308058,-0.219829127495212,0.203535605551599,-1.08005244045363,0.280118828737864,0.472657045520739,"AC010735.2"
"ENSG00000272625.1",8.33425313006304,-0.0964188698788125,0.142423179651194,-0.676988606173168,0.498413183503813,0.675253117864102,"AP000919.3"
"ENSG00000272626.1",7.22715981797012,-7.27269993054522e-05,0.287494607129015,-0.000252968220975413,0.999798160564263,0.999942303095643,"AC021146.12"
"ENSG00000272627.1",11.6755583055188,-0.635206937139672,0.19886501678118,-3.19416128297023,0.00140237745566491,0.0138873743698548,"AC016542.1"
"ENSG00000272630.1",38.7915848000398,-0.291386989320528,0.114023087011227,-2.55550868651572,0.0106032714526791,0.0558126033951062,"AL731563.3"
"ENSG00000272631.1",73.3165885809992,-0.126247854577727,0.095964618406292,-1.31556668149528,0.188319522693551,0.366564655579771,"AC067750.1"
"ENSG00000272632.1",2.02356506857636,-0.245219522928783,0.24877254381521,-0.985717793322619,0.324271615508887,0.51779256091786,"AC097504.2"
"ENSG00000272636.4",662.565823947071,0.0134773133531796,0.16283010297688,0.0827691753968445,0.934035079471766,0.965419769750809,"DOC2B"
"ENSG00000272645.3",336.242813470571,-0.12630185046792,0.111612709293448,-1.13160814093179,0.257799215968986,0.44870918534376,"GTF2IP20"
"ENSG00000272650.1",9.76898647872895,-0.318681867557067,0.163616096248631,-1.94774154171725,0.0514458967428547,0.158679659093928,"AC110792.3"
"ENSG00000272654.1",29.9941753299086,-0.10221904585008,0.0890603944249598,-1.14774975464776,0.251071884985496,0.441151375703088,"AL358472.2"
"ENSG00000272655.2",111.375247536655,0.134162698807823,0.0764797480048098,1.75422516820251,0.0793919322823475,0.210730734391788,"POLR2J4"
"ENSG00000272656.1",6.28838173333424,-0.247932697775458,0.144226513313198,-1.71905076313572,0.0856051290326169,0.221397619893025,"AC024933.1"
"ENSG00000272662.1",4.88366614813017,-0.212995359571804,0.182008043540129,-1.17025245384193,0.241899389581814,0.430211344943768,"AC073352.1"
"ENSG00000272663.1",8.70972065575505,0.0504168341567292,0.164496678166976,0.306491503163076,0.759230448258611,0.86417296799569,"AC093635.1"
"ENSG00000272666.1",30.5533470149071,-0.478697143434405,0.15446255811579,-3.09911443442208,0.00194100033993214,0.0175364245094602,"KLHDC7B-DT"
"ENSG00000272667.1",51.2844823279594,0.12237228919312,0.0715845705864435,1.70947856766629,0.0873623384073364,0.224390860406994,"AC012306.2"
"ENSG00000272668.2",238.341637992084,-0.209923145254926,0.149046635617488,-1.40843934105075,0.159001016828054,0.329307673608486,"AL590560.3"
"ENSG00000272669.1",59.9643112187476,-0.149188241011536,0.125371382595817,-1.18997045356436,0.234058005210917,0.421056528204845,"AL021707.6"
"ENSG00000272674.3",237.830260365348,0.0770027620654715,0.128279875558454,0.6002715681649,0.548325263858799,0.71482669608573,"PCDHB16"
"ENSG00000272677.1",13.5151721051796,0.039240992320471,0.106823573972839,0.367343937869449,0.713362483790044,0.834533088753011,"AC124016.1"
"ENSG00000272686.1",253.177790181051,0.0512959543966203,0.0784701637075484,0.653700106804873,0.513305034436635,0.687843208351736,"WASL-DT"
"ENSG00000272689.1",5.2537170661573,-0.507309254646262,0.236496329637306,-2.14510413512243,0.0319445219001886,0.11547545793952,"AC004832.4"
"ENSG00000272690.6",41.2054526238806,-0.125245345847163,0.129258722553815,-0.968950824924166,0.332569725115378,0.526097303918383,"LINC02018"
"ENSG00000272692.2",22.7785271595064,-0.162705130725735,0.141149170578364,-1.15271758281714,0.249026322123547,0.438807734860763,"AC010997.4"
"ENSG00000272693.4",32.612870184858,-0.0549986290320013,0.0758897327952505,-0.7247176529187,0.468625263092154,0.649943836830354,"AC073107.1"
"ENSG00000272695.2",46.6779644216576,0.113010318609225,0.128959027096471,0.876327320030768,0.380852117045007,0.572265820661,"GAS6-DT"
"ENSG00000272696.1",12.10772801194,-0.0403310075484979,0.097426297840623,-0.413964283180239,0.678900264432602,0.811555294379182,"AL359091.3"
"ENSG00000272699.1",3.27983155162472,-0.595444922047842,0.254109751507443,-2.34325884195908,0.019116115846014,0.0827503373893311,"AC007620.3"
"ENSG00000272701.3",8.67741283890357,-0.416691506355431,0.16138361976717,-2.58199380430676,0.00982313484158054,0.0530653299173683,"MESTIT1"
"ENSG00000272702.1",6.79053661554279,0.206797202461134,0.150120651274683,1.37754000335868,0.16834535570762,0.341132283028251,"AC010913.1"
"ENSG00000272703.1",1.43960129131622,1.18285448655842,0.429300978027467,2.75530349824346,0.00586377150733991,0.0373774736346673,"AP005137.2"
"ENSG00000272707.1",7.54889472581802,0.0615557345046416,0.106552422639969,0.577703753509506,0.563464144579842,0.726714641880247,"AC046143.2"
"ENSG00000272711.1",68.2560882015294,0.386516678954162,0.121769653105345,3.17416260207115,0.00150269482877332,0.0145900317685477,"AC019069.1"
"ENSG00000272716.1",8.30786782804732,-0.0369641315379117,0.135108389944152,-0.273588720531651,0.784400703103372,0.880218435764656,"AL121658.1"
"ENSG00000272717.1",15.3331487028021,0.327683955310857,0.123266239543622,2.65834308342711,0.00785259088108572,0.0455067551268907,"AC112236.2"
"ENSG00000272720.1",62.7861821752536,-0.0065959775058675,0.168877455630209,-0.039057774060208,0.968844326679741,0.98417939355102,"AL022322.1"
"ENSG00000272721.5",7.34477154848526,0.15893590166895,0.124208903564616,1.27958541704917,0.200690981291986,0.38126133182049,"AC131235.2"
"ENSG00000272727.2",3.84495668459173,-0.25596597991884,0.363746702900518,-0.703692921139259,0.48162402969888,0.661443314114545,"LINC02266"
"ENSG00000272729.1",11.3976340190886,-0.421683503160362,0.205044912852493,-2.05654213652068,0.0397302891192493,0.134029842501486,"AC009336.1"
"ENSG00000272732.1",62.4629829185455,-0.259324019458623,0.135374115650603,-1.91561007222334,0.0554147465509008,0.166474772058407,"AC004982.1"
"ENSG00000272733.1",14.5952402101258,-0.276767581941786,0.178468850971656,-1.55078928583309,0.120952189049848,0.276077144524654,"AP000345.2"
"ENSG00000272734.1",212.585455120085,-0.097446451936341,0.14368144880197,-0.678211785507863,0.497637421047015,0.674558961724615,"ADIRF-AS1"
"ENSG00000272735.1",5.06232305660331,0.0401598006390162,0.156584693389372,0.256473348510206,0.797585357172655,0.888100846471554,"AC007881.3"
"ENSG00000272744.1",10.7700074357538,0.0930829755926134,0.113511641189807,0.820030215552658,0.412198882322819,0.601267849157624,"AC107214.2"
"ENSG00000272750.1",72.9677656704364,-0.273687232903991,0.0953451435062388,-2.87048949573485,0.00409836813466393,0.0292635749743213,"AL592148.3"
"ENSG00000272752.6",4.67190783426364,-0.310482895875103,0.16135756039677,-1.92419180800479,0.0543305455855266,0.164408912395831,"STAG3L5P-PVRIG2P-PILRB"
"ENSG00000272754.1",4.69568241392424,-0.737033099690674,0.207693806800406,-3.54865227348335,0.000387208043247956,0.00569656092967485,"AL133245.1"
"ENSG00000272758.6",54.0641595825362,-0.182337557618488,0.115559175092947,-1.57787174814834,0.11459507659051,0.266859295557058,"AC083798.2"
"ENSG00000272763.1",58.5696290989895,0.126253281150676,0.305355920811173,0.413462692373171,0.679267650729878,0.811695845604341,"AC103702.2"
"ENSG00000272764.1",4.58177885461968,0.0513418404304547,0.131935003792383,0.38914494982126,0.697168923729105,0.82316718011537,"AL596094.1"
"ENSG00000272767.1",38.3313872011815,0.281938504617966,0.158174683631649,1.7824502514861,0.0746758370318636,0.20239194417957,"JMJD1C-AS1"
"ENSG00000272768.1",21.5660325129545,0.0111249088894865,0.0994023586335873,0.111917956901754,0.910888458505645,0.952456326916723,"AC004854.2"
"ENSG00000272777.1",37.1032627954501,-0.0494350488573284,0.0944846386376548,-0.523207259615079,0.600830030043113,0.754799347189301,"AC019131.2"
"ENSG00000272779.1",11.6776534407549,-0.0400067208320994,0.103812975424539,-0.38537302941654,0.699961061821956,0.824902381533159,"AC245060.4"
"ENSG00000272783.1",8.16782491489064,-0.0821540910482919,0.171280487449839,-0.479646527584478,0.631478756233893,0.77727825463232,"AC147067.2"
"ENSG00000272784.1",5.5361534613937,0.0687370649212753,0.186638241925136,0.368290357925934,0.712656741323431,0.833995766107989,"AC019193.2"
"ENSG00000272787.1",17.3776569479376,-0.262826830622454,0.130201815368096,-2.01861110676077,0.0435276557131755,0.14239713144615,"AC253536.6"
"ENSG00000272789.1",19.4599908160411,-0.511585115487809,0.235058703799266,-2.17641426256094,0.0295242982712995,0.109533369996253,"AC010976.2"
"ENSG00000272791.1",21.9434641400934,-0.15499131329682,0.120978911741433,-1.28114322625154,0.200143363233887,0.380703418670587,"AC073389.3"
"ENSG00000272799.1",10.6490427615588,-0.044058831094779,0.170459465981636,-0.258471014449415,0.796043416193896,0.887660208082997,"AC006238.1"
"ENSG00000272800.3",36.0245411109772,-0.327797787121014,0.127360714275972,-2.57377472311221,0.0100595748718928,0.0539573749331281,"AC021851.1"
"ENSG00000272807.1",32.1890893507789,-0.393753748497184,0.132613617388178,-2.96918036210877,0.00298595279220886,0.0235516053804808,"AC007038.1"
"ENSG00000272808.4",78.6389799392543,0.507451648795221,0.218280000551937,2.32477390284081,0.0200840531646355,0.0853969836539222,"AC015712.6"
"ENSG00000272810.1",5.16587767331673,-0.185672477604632,0.153436899222196,-1.21009013181213,0.226244309367025,0.411791911951496,"U91328.3"
"ENSG00000272812.1",21.0999101711991,-0.190417640794391,0.12960013209371,-1.46927042216829,0.141759455994031,0.305871520959772,"AC004908.2"
"ENSG00000272823.1",6.57411167356878,0.137670207843554,0.18804973039713,0.732094683426651,0.464110778627941,0.646079618366786,"AL445423.1"
"ENSG00000272824.1",9.71139829011864,0.266165428238803,0.196807277329249,1.35241659683916,0.176242083018924,0.351839519694732,"AC245100.6"
"ENSG00000272825.1",72.5817789301162,-0.176944983460632,0.206828336929112,-0.855516154545486,0.392265465069652,0.58297000841728,"AL844908.1"
"ENSG00000272829.1",16.2112542419755,0.104639521868986,0.12303863926762,0.850460656033311,0.39506902555904,0.585750748961795,"AC002470.1"
"ENSG00000272831.1",3.39108932106091,-0.343249671049855,0.197232973257427,-1.74032599813749,0.0818017914796484,0.215103628760124,"AC027644.3"
"ENSG00000272834.1",6.80769810495824,-0.029832290278454,0.133284967543068,-0.223823367543788,0.822894746535532,0.902951091111539,"AL022238.2"
"ENSG00000272836.1",23.0347998171564,-0.0679533431851646,0.120192213388381,-0.565372258896545,0.571820589285175,0.732695334606139,"AL022328.1"
"ENSG00000272839.1",11.6165842503844,0.120617469470803,0.160347576701775,0.752225084730374,0.451915710831378,0.635365687667748,"AC011899.2"
"ENSG00000272841.1",84.3543088303047,0.311180131063442,0.102830188644361,3.02615540402889,0.00247684966212293,0.0207503160042925,"MAP3K4-AS1"
"ENSG00000272842.1",23.3649843747909,-0.425520030463278,0.126637881868421,-3.36013224625315,0.000779051714318149,0.00922039414319024,"AL391834.1"
"ENSG00000272843.1",8.99847373660767,-0.559440061515802,0.194565281866566,-2.87533344155135,0.00403601022616462,0.0289967389856924,"AC211476.2"
"ENSG00000272848.2",30.8881775729456,-0.030104714228826,0.12038246748397,-0.250075570454931,0.802528907815272,0.891481596473052,"AL135910.1"
"ENSG00000272849.1",53.6698167090312,-0.250490030872493,0.12933965704677,-1.93668389565865,0.0527839955259606,0.161445802760295,"AC084018.1"
"ENSG00000272853.1",35.2775402749643,0.27206644792592,0.123213290614298,2.20809335234448,0.0272377663204026,0.104017774042804,"AC069544.1"
"ENSG00000272854.1",5.32005140451303,-0.0766169937104677,0.129576233683394,-0.591288938816307,0.554326839631107,0.719330569147429,"AC004839.2"
"ENSG00000272856.1",1.80020454033094,-0.339633738796223,0.299686956505753,-1.13329503144293,0.257090377577253,0.447967234033574,"AC112250.2"
"ENSG00000272858.1",12.6234934280459,-0.289611249483936,0.124050652868934,-2.3346209212613,0.0195632326352773,0.0840845215758183,"Z93930.3"
"ENSG00000272861.1",7.52046276221476,-0.140260606723434,0.112466644949662,-1.24713070960916,0.212349574320028,0.394954109712725,"AC012360.2"
"ENSG00000272864.1",15.9506820200287,-0.306226267659619,0.15868702183685,-1.92974991977894,0.0536378313848908,0.163068607460248,"AC135803.1"
"ENSG00000272865.2",16.037576451796,-0.59253435773386,0.234140161106861,-2.53068228420424,0.0113840914906065,0.0585083552459951,"AL591686.2"
"ENSG00000272870.3",72.4025947319497,0.00404133309185532,0.097540168687172,0.041432500540537,0.966951103349972,0.983227895122823,"SAP30-DT"
"ENSG00000272871.1",68.4400872067108,-0.337949893987972,0.143062962411244,-2.36224588315537,0.018164589936959,0.0801729863784239,"AL159169.2"
"ENSG00000272872.1",12.1780760930679,0.0035104597536045,0.205920994911129,0.0170476048599102,0.986398638093318,0.993300454028861,"AP000525.1"
"ENSG00000272885.1",7.42110771140839,-0.477706670189529,0.142077151379547,-3.36230467426376,0.000772947883216527,0.00917025109002812,"AC092574.1"
"ENSG00000272886.6",1465.30290138589,-0.125884773937915,0.0476996889528929,-2.63911100263643,0.00831237584882209,0.0473795461624437,"DCP1A"
"ENSG00000272888.7",1858.33661628365,-0.0970570834838575,0.104178788424111,-0.931639587597607,0.351522817093759,0.545097771285631,"CHASERR"
"ENSG00000272892.1",6.16201612051402,0.026868138544305,0.160244477998269,0.167669668745748,0.866843159167934,0.928769617219819,"AL133551.1"
"ENSG00000272894.5",191.159045337303,-0.00117950127294712,0.119483303170188,-0.00987168283477297,0.992123664602174,0.99625314931685,"AC004982.2"
"ENSG00000272895.1",1.13656230446527,-1.77527121280271,0.632157799845089,-2.80827225929625,0.00498080978894971,0.033340599509275,"AC009303.3"
"ENSG00000272899.4",31.1014268732781,0.00712504434644435,0.132234882440675,0.0538817308635708,0.95702939217778,0.978174821651768,"ATP6V1FNB"
"ENSG00000272902.2",41.5683386003762,0.056861323850001,0.09686311306565,0.58702763157594,0.557185149193554,0.721564069331649,"TBC1D8-AS1"
"ENSG00000272905.1",8.07598155518718,-0.40868116465347,0.163197787491421,-2.50420775266303,0.0122725947182847,0.061414624373343,"AC018648.1"
"ENSG00000272906.1",10.5851816671307,-0.180046616960984,0.140123848076051,-1.28491059468525,0.198823528228963,0.379424035614288,"AL353708.3"
"ENSG00000272908.1",31.8077010968043,-0.0733357827292296,0.127241442760684,-0.576351392581735,0.564377692074002,0.727188610326241,"AC006033.2"
"ENSG00000272910.1",7.1332108812288,-0.128091881154358,0.133308437348372,-0.960868521919723,0.336618279915564,0.530030070194448,"AC090425.3"
"ENSG00000272911.1",4.73401449530896,-0.366643879577838,0.168386431767837,-2.17739562343923,0.0294510619499164,0.10933476867736,"AC005696.3"
"ENSG00000272913.1",119.962471952436,0.19040055618013,0.0980946669505298,1.94098784469242,0.0522597517636829,0.160372745457489,"AC009237.14"
"ENSG00000272914.1",18.3275347615392,-0.0716228047179246,0.0974179744954881,-0.735211392854836,0.462210761605925,0.644512602033258,"AL359532.1"
"ENSG00000272918.1",42.6670564436293,-0.870354902255172,0.141751484107296,-6.14000557197956,8.25185863181553e-10,3.43411411786293e-07,"AC005070.3"
"ENSG00000272922.1",5.79272324943771,-0.0735386059906184,0.159157302809736,-0.462049838068253,0.644045581029763,0.786243064796099,"AC107294.1"
"ENSG00000272927.1",24.7681254414686,-0.241791425255487,0.140797619509519,-1.71729767944792,0.0859247958294865,0.221965722187391,"AC107464.2"
"ENSG00000272931.1",20.4391910185221,-0.178003175931258,0.121800046960826,-1.46143766256929,0.143895371220884,0.30894014706202,"AC099568.2"
"ENSG00000272933.1",136.071903752271,0.042719249932259,0.101101019345079,0.422540249435558,0.67263072867924,0.807016283466718,"AL391121.1"
"ENSG00000272941.1",15.6917390105826,-0.0301752700290887,0.10780606651724,-0.279903265223604,0.779551722031189,0.877463502656852,"AC083862.1"
"ENSG00000272942.1",2.56259982440167,-0.198319343635915,0.295222312261804,-0.671762720495345,0.501734765088751,0.678042520461917,"AL022324.3"
"ENSG00000272944.1",25.0393975097785,0.185712592821354,0.152006466910954,1.22174139426677,0.221805437227547,0.406415433220513,"AC079834.1"
"ENSG00000272945.1",9.39652001713987,-0.102082766797497,0.148348694922468,-0.688127164521726,0.491372705495297,0.669446948520356,"AL356299.2"
"ENSG00000272948.2",4.2099650824846,-0.123095548763858,0.163029645278883,-0.755050092596883,0.450218926575741,0.633924242862598,"AP001412.1"
"ENSG00000272950.1",15.03471932737,-0.0884460801970313,0.161381673928515,-0.548055290566691,0.583653938627234,0.741890293933892,"AC093799.1"
"ENSG00000272953.1",12.7998731909546,-0.150973721225943,0.149791649380423,-1.00789144021319,0.313506581380397,0.507639444282746,"AC092171.4"
"ENSG00000272954.1",8.55906613867127,-0.441948168329842,0.19747875007427,-2.23795303628177,0.0252241178805313,0.0990898591854311,"AP000553.2"
"ENSG00000272963.1",1.25471542130018,-2.17776211582115,0.726410294161477,-2.9979780481154,0.00271777248559954,0.0220959217003823,"OR7A19P"
"ENSG00000272969.1",3.43727570192676,0.16579280865995,0.155468306609685,1.06640904680454,0.28623877388154,0.478737440914202,"AC024243.1"
"ENSG00000272970.3",95.2564190338562,-0.0358445936029849,0.106998878629878,-0.334999712725736,0.737625302921833,0.850308479975645,"AC107294.2"
"ENSG00000272975.1",2.38921841843556,0.0455277771534475,0.202817422515325,0.224476657817734,0.822386427857156,0.902846030451035,"MYHAS"
"ENSG00000272977.1",78.3737056586927,-0.0440531870295845,0.141098139044302,-0.312216641041258,0.754875886071988,0.861055148577783,"AL008721.2"
"ENSG00000272979.1",11.9243346081016,-0.0724198739400676,0.121231526938667,-0.597368322983396,0.550261497952927,0.715927001889359,"AC093388.1"
"ENSG00000272980.4",6.13225816257976,-0.963986328734203,0.220619242049987,-4.36945716872596,1.2455576607321e-05,0.000468148241020224,"Z94721.2"
"ENSG00000272983.1",28.0496629920012,-0.817881906413644,0.159290482564646,-5.13453091010453,2.82848606795812e-07,3.0061552721481e-05,"AL117339.3"
"ENSG00000272986.1",5.28937976681728,0.0175458685529364,0.147717820159104,0.118779633588135,0.905449944481654,0.949812370080903,"AC009570.1"
"ENSG00000272989.1",16.424144485462,-0.0662863040280608,0.167472441430586,-0.39580424971314,0.692249441503966,0.82003418096394,"LINC02012"
"ENSG00000272990.1",31.5948064623049,-0.174117443192711,0.111329936120082,-1.56397685349343,0.117823004305797,0.271659380606077,"AC084036.1"
"ENSG00000272994.1",105.276323573469,-0.0907595289998388,0.0990313697047327,-0.916472520479553,0.359419113905609,0.552555437719774,"AC012360.3"
"ENSG00000272995.1",3.96899654555033,-0.0668472634164127,0.154988648707152,-0.431304253401933,0.666247158051895,0.802858210258496,"AC097505.1"
"ENSG00000273001.1",14.3568277392849,0.469186474238266,0.160881942802556,2.91634018128486,0.00354164116140708,0.0264869033738627,"AL731533.2"
"ENSG00000273002.1",42.0489296145358,-0.211426849743814,0.123728159786931,-1.70880137640377,0.0874877476975224,0.224591686644584,"AL355388.1"
"ENSG00000273004.1",16.5677017004712,0.119256792106248,0.104104786129943,1.1455457192659,0.251983167914142,0.442262407578973,"AL078644.1"
"ENSG00000273007.2",17.2884372763847,-0.0919538987561415,0.137981112461452,-0.666423810590967,0.505140247431519,0.68094106324428,"AC021205.3"
"ENSG00000273008.1",20.4326172534308,0.0138853812230354,0.103095431114723,0.13468473891519,0.892861139819699,0.943383875849484,"AC010864.1"
"ENSG00000273010.1",5.86109324566365,0.163874173177859,0.126036651401806,1.30021046540999,0.193528844717042,0.373030563662761,"AL360270.3"
"ENSG00000273012.1",2.97099999872286,-0.610475015260699,0.246163072437901,-2.47996179611669,0.0131396460218016,0.0643699580641321,"AL353600.1"
"ENSG00000273013.1",4.14703090540941,0.0381463073506039,0.16751332871617,0.227721027592008,0.819863124233445,0.901844873675239,"AC117490.2"
"ENSG00000273014.1",102.934273142616,0.0466036078874365,0.0864736986698481,0.538933902496371,0.589932463183916,0.74669915087248,"AC018645.3"
"ENSG00000273015.2",511.432571047773,-0.225245483677705,0.0753812731080809,-2.98808277428201,0.00280733511279437,0.0226087585656176,"AC008124.1"
"ENSG00000273017.1",20.2304579279752,-0.172424522200087,0.132833348266978,-1.29805146410626,0.194269651013997,0.373819182245347,"AP000240.1"
"ENSG00000273018.7",52.2424283534378,-0.641064240291858,0.23021490570462,-2.78463394161967,0.00535881831764564,0.0350857695672323,"FAM106A"
"ENSG00000273024.6",13.3641225053039,-0.331391229480558,0.114412592828958,-2.89645764759456,0.00377401580299953,0.0276210833434301,"INTS4P2"
"ENSG00000273026.1",26.2452792366515,0.0765483497447167,0.0952318183446385,0.803810649374483,0.42150633851224,0.609291877739146,"AL358472.3"
"ENSG00000273027.1",7.38706969124986,0.376989623256802,0.140162132629158,2.68966814492074,0.00715231049096612,0.0427883595689283,"AL844908.2"
"ENSG00000273032.3",331.575513722877,0.241535611082505,0.175610776974471,1.37540312299636,0.169006501319097,0.342050665557246,"DGCR5"
"ENSG00000273033.2",446.919956320203,-0.145959919147247,0.0882788813889483,-1.65339565761104,0.098250366050762,0.241780577790525,"LINC02035"
"ENSG00000273035.1",7.59706468873318,-0.752184308298509,0.214686280121725,-3.50364405155294,0.000458938358245351,0.00638505422526639,"AC007684.2"
"ENSG00000273045.7",160.446766789099,-0.155623942964976,0.0979174531409214,-1.58933814118923,0.11198407209954,0.262888570893386,"C2orf15"
"ENSG00000273055.1",17.3575949291357,0.082254882955699,0.145271330898358,0.566215525438052,0.571247277123511,0.732430802704426,"AC005046.1"
"ENSG00000273058.2",43.4777489548335,-0.111766124768379,0.0964356907005958,-1.15897054250775,0.246468192570075,0.435660500941625,"AL359921.2"
"ENSG00000273061.1",21.1006724105628,0.105708026366514,0.0988771928032229,1.06908401593566,0.285031813398202,0.477589911795629,"CDC37L1-DT"
"ENSG00000273062.1",15.2170497256553,-0.1774122055114,0.125444222914716,-1.41427162916873,0.157282163674958,0.327212726044528,"AL449106.1"
"ENSG00000273064.1",8.86451199837343,-0.238061841192931,0.15068037904625,-1.57991267807908,0.114126865413291,0.266192078618797,"AC017083.1"
"ENSG00000273066.5",43.4745090921747,-0.317335647225105,0.149614038822727,-2.12102854599833,0.0339194002492409,0.12007459571629,"AL355987.4"
"ENSG00000273076.1",10.003463562485,-0.309561966705714,0.135790455374267,-2.2797034287314,0.022625283820705,0.0922438861428768,"AL021707.7"
"ENSG00000273079.6",5.86083689497449,0.0386722401050214,0.265139979645922,0.14585593676467,0.884035116866831,0.938361502693502,"GRIN2B"
"ENSG00000273080.1",19.0968004522277,0.106374289979806,0.115362067457934,0.922090703849382,0.356481265524613,0.549892325964923,"AC009309.1"
"ENSG00000273084.1",45.346438745326,-0.296417088654592,0.116598736344008,-2.54219812280004,0.0110157712224779,0.0573133413517669,"AC092171.5"
"ENSG00000273090.1",1.30372579254924,-0.413368089467303,0.370461208932866,-1.11582017091083,0.264499117857617,0.456126029774869,"AC007378.1"
"ENSG00000273091.1",6.56259041440486,-0.170169892444745,0.134046508244141,-1.26948396249764,0.204268506908887,0.385440455708318,"AP000255.1"
"ENSG00000273096.1",12.6233067985642,-0.179173647408293,0.131856775535875,-1.35885051549395,0.174193962180233,0.349418489818168,"AL021707.8"
"ENSG00000273100.1",19.3430009646453,-0.165372252046638,0.18264636392501,-0.905423182224072,0.365241238976289,0.557956374577429,"AL596442.2"
"ENSG00000273107.1",8.25354055125461,0.300961421311932,0.148184259812658,2.03099453135186,0.042255549353603,0.139468028614009,"AL512598.1"
"ENSG00000273108.1",27.558157329286,-0.668727558211392,0.223209175763159,-2.99596804622835,0.00273575099654149,0.0222082088596009,"AL121929.2"
"ENSG00000273111.6",0.855449013131351,0.135142744870062,0.408475015902746,0.330847027623932,0.740760036416394,0.852063429118678,"LYPD4"
"ENSG00000273113.1",17.5749947425412,0.0240500663338861,0.145178999790601,0.165658024704501,0.868426080973371,0.929573015909926,"AC133528.1"
"ENSG00000273117.1",71.1013917405241,0.0534095278292001,0.119921378550756,0.445371196317549,0.656051524180586,0.795090218577564,"AC144652.1"
"ENSG00000273118.1",3.58312259696798,-0.957597573558553,0.3199032654203,-2.99339730809071,0.00275890336357039,0.0223349161830774,"AC093865.1"
"ENSG00000273123.1",5.04236576208579,0.149914092106595,0.177881885946959,0.842773232971546,0.39935528080807,0.589433261326967,"AC020634.2"
"ENSG00000273129.1",20.2525392574246,0.190902838396174,0.187237101444542,1.01957804795818,0.307928620432583,0.501510006851678,"PACERR"
"ENSG00000273132.1",17.9676518825493,0.656767317685379,0.186368351332485,3.52402815708603,0.000425039079499106,0.00603895216050142,"AL355312.3"
"ENSG00000273133.1",9.22762396842749,-0.0842612550635075,0.15318239954812,-0.550071387522808,0.582270410713414,0.740640665694265,"AC116651.1"
"ENSG00000273136.7",92.5768558182723,-0.153883407243082,0.118718530966768,-1.29620376861097,0.194905291532609,0.374479563192242,"NBPF26"
"ENSG00000273137.1",28.1910853842677,-0.141618457275883,0.125128245179071,-1.13178648891954,0.257724209386922,0.448602086219418,"AL022328.2"
"ENSG00000273138.1",4.06457043412675,-0.212017373068159,0.232581160582206,-0.911584465987826,0.361987502792798,0.555119757276859,"AC005021.1"
"ENSG00000273139.1",6.30700155318193,-0.0637749444567566,0.173912069535429,-0.366707984253873,0.713836850292059,0.834679818987509,"AC007663.3"
"ENSG00000273141.1",2.93726490637596,0.285979660277387,0.18254646817628,1.56661294592249,0.117205189982332,0.270660497335213,"AP001269.4"
"ENSG00000273142.1",415.301881305209,-0.0726126290012844,0.129276724614186,-0.56168369996989,0.574331541916864,0.734575752602418,"LINC02604"
"ENSG00000273143.2",7.00821464458584,0.354243773281528,0.204235649403261,1.73448550395861,0.0828319756139306,0.216759913913801,"AL355512.1"
"ENSG00000273145.1",94.0215088153551,0.1986114336461,0.0997168061630736,1.99175486348106,0.0463979608379387,0.148445830307274,"BX537318.1"
"ENSG00000273148.1",31.6533924048812,-0.185854773240714,0.11607176485992,-1.60120571497306,0.109331363477219,0.258929298815368,"LINC00653"
"ENSG00000273151.1",259.072776013413,-0.101751329644028,0.144179961339814,-0.705724489717498,0.480359488238757,0.660196847834088,"AC073957.3"
"ENSG00000273156.2",51.113865900999,-0.00923847824585475,0.125687356827861,-0.0735036401354799,0.941405347503469,0.96931969821712,"AC124016.2"
"ENSG00000273160.1",6.44537705076532,0.0984125243061986,0.171912110590013,0.572458356589542,0.567011490461853,0.728979034485133,"AL359962.2"
"ENSG00000273162.1",17.8477683123381,-0.0269680596354371,0.12980897148713,-0.207751893620933,0.835422696308369,0.910432989466269,"AL133215.2"
"ENSG00000273165.1",3.48921331366422,-0.782743903354551,0.268827979649919,-2.91169060740582,0.00359478506475548,0.026756355725666,"AL121652.1"
"ENSG00000273173.5",14.8572925867355,-0.224141993310493,0.165681390090561,-1.35284954567304,0.17610370072574,0.351651419680875,"SNURF"
"ENSG00000273174.1",27.7294119187495,0.11918661210277,0.107918512525253,1.10441303640912,0.269414008302502,0.461185694812854,"AC108673.2"
"ENSG00000273175.1",2.84946274181681,-0.019570629185391,0.171934856922047,-0.113825838086247,0.909375855874676,0.951980956816513,"BX323046.1"
"ENSG00000273176.1",4.04573358789973,-0.212135191417783,0.141451228545453,-1.49970554232137,0.133690694285014,0.294843951035439,"AL008635.1"
"ENSG00000273179.1",53.0449423483219,-0.233296134687154,0.154791763073814,-1.50716116965413,0.131769350686217,0.292135379396432,"AC092535.5"
"ENSG00000273181.1",4.97540071590859,-0.00995825935399272,0.134945486543045,-0.0737946826462864,0.941173758124307,0.969268062646392,"AC131235.3"
"ENSG00000273183.1",23.0561566201406,-0.0517600249039382,0.106825336011629,-0.484529483701352,0.628010145113646,0.775311614263463,"AC093726.2"
"ENSG00000273186.1",14.1792361990451,0.000861126950669697,0.119412685290326,0.00721135236659369,0.99424622315375,0.997271616879302,"AL359091.4"
"ENSG00000273188.1",30.3894775914625,-0.104923477352332,0.117081730892891,-0.89615584388924,0.370169535081388,0.562588073197509,"AL022328.3"
"ENSG00000273199.1",4.95627870594524,0.306373789334848,0.145290207832833,2.10870225808578,0.0349702898113773,0.12260794875423,"AP000692.2"
"ENSG00000273203.1",30.9703382901617,-0.231115903133224,0.220000039321878,-1.05052664465702,0.293476047295184,0.486031838163386,"AC006946.2"
"ENSG00000273209.1",5.1777225853066,-0.49931249509103,0.172482878911569,-2.89485251082239,0.00379336719818529,0.0277025930660134,"AC069148.1"
"ENSG00000273213.3",32.2939368422706,0.510475740907238,0.15339541925837,3.32784214401751,0.000875214437414933,0.0100277947694994,"H3-2"
"ENSG00000273216.1",8.47066862562187,-0.331137507383066,0.164218323192821,-2.01644677003706,0.0437532790524084,0.14291994954573,"AC002059.1"
"ENSG00000273218.1",25.9511732912665,-0.5090113505344,0.1183192690746,-4.30201567771238,1.69251332685836e-05,0.000586356359948965,"AC005776.2"
"ENSG00000273226.1",31.493838121957,-0.0607545234295434,0.0950805907905504,-0.638979237764492,0.522836438652639,0.695289267835775,"AL391834.2"
"ENSG00000273230.1",158.018769983104,0.374919729706494,0.149426194846559,2.5090629530618,0.012105190878244,0.0608512939618567,"AC102953.2"
"ENSG00000273232.1",3.02796190950505,-0.120527206218379,0.229372935310592,-0.525463939567125,0.599260714964662,0.75378521170162,"AC090912.3"
"ENSG00000273234.1",3.47342105900241,-0.20987307290827,0.194390227147466,-1.0796482723849,0.280298836694871,0.47279304742539,"OR2A13P"
"ENSG00000273240.1",7.25422505767253,-0.106326291907598,0.132482657473234,-0.802567626099134,0.422224686450606,0.609856926247814,"AC013468.1"
"ENSG00000273243.1",15.2308884150578,0.00942101768256901,0.166269643212578,0.0566610807633967,0.954815177233538,0.976644451342127,"Z82243.1"
"ENSG00000273245.1",7.34685843812158,-0.612396262444445,0.167362588266432,-3.65909889891009,0.000253103655931328,0.00426878420310117,"AC092653.1"
"ENSG00000273247.5",202.587929311194,-0.303803647304816,0.104765574580844,-2.8998423243542,0.00373350416878227,0.0274149877131161,"AC097376.3"
"ENSG00000273249.1",6.065020519674,0.106179071774819,0.139670996720047,0.760208448914002,0.447129995488342,0.631751387036081,"BX649632.1"
"ENSG00000273253.2",23.0018194638514,0.0854435394252356,0.120086606727131,0.711515977959027,0.476764553172547,0.656846685615688,"AL022328.4"
"ENSG00000273257.1",17.155113748966,0.195405398573031,0.163789149693655,1.19303017897406,0.23285755401134,0.419664106542146,"AC069200.1"
"ENSG00000273259.3",5.90458152563628,0.127598081436663,0.242502412066895,0.526172421746735,0.598768413550558,0.753393680738425,"AL049839.2"
"ENSG00000273261.1",18.3012096247346,-0.0891964405722071,0.101691962397419,-0.877123800833163,0.380419398366477,0.571954549013474,"AC092953.2"
"ENSG00000273264.1",8.25201418444255,-0.194178628085812,0.168554532258508,-1.15202258571134,0.249311792404698,0.439000511986718,"AL360219.1"
"ENSG00000273265.1",16.256910597466,-0.131678432446593,0.0933291328079441,-1.41090384625737,0.158272967914419,0.328392770030968,"CNNM3-DT"
"ENSG00000273270.1",417.06306848069,-0.183975244035728,0.0791349005952363,-2.32483067081534,0.020081016292298,0.085394977062138,"AC090114.2"
"ENSG00000273271.1",57.7092977177206,-0.0858649368327996,0.0798512615639057,-1.07531096129372,0.282235530321745,0.474758908417059,"AP000254.2"
"ENSG00000273272.2",11.9848829213513,-0.582916721272165,0.145660678247169,-4.00188114106557,6.28408664877421e-05,0.00156481747791802,"U62317.3"
"ENSG00000273274.2",24.1308880489249,-0.708667615628237,0.240474006125631,-2.94696140778728,0.00320913251566226,0.0247873404664981,"ZBTB8B"
"ENSG00000273284.1",56.0122767428723,-0.343639954238239,0.14571319413819,-2.35833107818872,0.0183573124697342,0.0806399266466366,"AP001033.2"
"ENSG00000273289.1",4.82686034483446,0.106962229325107,0.170537920533825,0.627204958230343,0.530524893520453,0.700716075939092,"AL121672.3"
"ENSG00000273291.5",3.38388144436866,-0.333052282209653,0.189400293605525,-1.75845705341578,0.0786697728002173,0.209465190805953,"AC092042.3"
"ENSG00000273294.1",2.7185816289456,-0.285757067131834,0.231281390405146,-1.23553852141437,0.216630149129611,0.400281249582203,"C1QTNF3-AMACR"
"ENSG00000273295.1",53.5170790371627,-0.343753855075099,0.239968040247231,-1.43249848905271,0.152001210218272,0.32000608902219,"AP000350.6"
"ENSG00000273297.2",38.2226582003174,0.599301720488895,0.199038824404649,3.01097900010958,0.00260406861523333,0.0214384907039969,"AC009275.1"
"ENSG00000273301.1",183.995788829879,-0.133153767560389,0.217301633358641,-0.612760086071824,0.540034986133085,0.708112447995845,"AC016717.2"
"ENSG00000273302.1",13.6951687545272,-1.12468207662996,0.176533707798228,-6.37091969945724,1.87898007521913e-10,1.05465072980507e-07,"AC016747.3"
"ENSG00000273305.1",47.7621439952339,-0.0956147249891952,0.143874008176039,-0.664572609058089,0.506323893472235,0.681783785699204,"AC009237.15"
"ENSG00000273306.1",27.797394418872,-0.068687165062598,0.0881529030287932,-0.779182110884799,0.435872446472328,0.621584055529993,"AC018690.1"
"ENSG00000273308.1",7.95533048002734,-0.122772937755477,0.143500843615847,-0.855555512162297,0.392243686479412,0.58297000841728,"AC024560.3"
"ENSG00000273311.1",125.461955823556,0.0970011583172276,0.0841737432843099,1.15239211816434,0.249159978368717,0.438950320659842,"DGCR11"
"ENSG00000273312.2",2.86571226330821,-0.0862206217329878,0.18989946502127,-0.454032989104686,0.649805083016649,0.790454917200968,"AL121749.1"
"ENSG00000273314.1",90.9306553540871,0.0999341008897976,0.0783783647970212,1.2750215081496,0.202301629318234,0.383271390479256,"AC005229.4"
"ENSG00000273319.1",13.9055275346956,-0.447655522544071,0.243439624752736,-1.83887698232677,0.0659332820409469,0.186659588349426,"AC058791.1"
"ENSG00000273325.1",5.05842143351514,-0.479227805501873,0.229753975017509,-2.08583031246947,0.0369939965784503,0.127803375333231,"AL008723.2"
"ENSG00000273328.5",64.6562370868866,0.121051244452101,0.257970767619396,0.469244037102286,0.638895211658143,0.782322300260985,"AC099329.2"
"ENSG00000273329.1",166.688713503787,-0.291282695062566,0.118267129519085,-2.46292182998795,0.0137809957713671,0.0664654052174599,"AC078846.1"
"ENSG00000273336.1",2.54858418645142,-0.388995199801905,0.240255417824125,-1.61909023040913,0.105427850528975,0.252900744121418,"OR7M1P"
"ENSG00000273338.1",9.65535673414715,-0.443179665309148,0.202161302494537,-2.19220820127593,0.028364476549522,0.106632623957005,"AC103591.3"
"ENSG00000273340.1",32.9365773148866,0.276052695628658,0.156445469113035,1.76452982111745,0.0776428191701938,0.207477516544928,"MICE"
"ENSG00000273341.2",21.7901171860658,-0.0302845316804181,0.134582137301528,-0.225026383795394,0.821958749272094,0.902697770168005,"AC004921.1"
"ENSG00000273343.1",13.544492598382,-0.286896624917747,0.11206122540228,-2.56017747341097,0.0104618721782852,0.0552956200081997,"AC007663.4"
"ENSG00000273344.1",404.378107223855,-0.00739330236407794,0.089581754700073,-0.0825313412182125,0.934224196650231,0.965425898720431,"PAXIP1-AS1"
"ENSG00000273345.5",7.36781134168923,-0.469766228838065,0.162492193710961,-2.89100798081216,0.00384008368422281,0.0279082964633988,"AC104109.4"
"ENSG00000273350.1",8.74580368637978,-0.343022846335227,0.189696637081695,-1.80827057143612,0.0705643997196577,0.19501125258293,"AC004832.5"
"ENSG00000273353.1",4.54021790511728,-0.36302339871228,0.205150946733094,-1.76954288777707,0.0768033202037743,0.206160843307608,"AL008718.3"
"ENSG00000273355.1",26.1977002890355,-0.0811246435314783,0.119985274312125,-0.676121665734112,0.498963402008762,0.675641133244305,"AP000894.4"
"ENSG00000273356.1",33.5488645753432,-0.19053905038746,0.102760830803235,-1.85419920117522,0.0637106663443877,0.182780176608991,"LINC02019"
"ENSG00000273363.1",5.47528044689238,-0.106876208326357,0.178995541260798,-0.597088662508287,0.550448186926177,0.716029987002158,"AL353801.3"
"ENSG00000273367.1",7.94662830658625,0.0447571702872031,0.186615772425485,0.23983594583397,0.810457439348672,0.895746091964125,"AL355472.3"
"ENSG00000273368.1",9.29015016980121,-0.130444936855236,0.187383733410836,-0.696137997043945,0.486342412707482,0.665316100845224,"AC006566.1"
"ENSG00000273369.1",14.91575583502,-0.294256806472615,0.141747766595253,-2.07591846799843,0.0379014923412963,0.129758501252208,"AC096586.2"
"ENSG00000273372.1",43.298351263524,-0.949085595240979,0.20487441186284,-4.63252383063032,3.61234738811256e-06,0.000190294116443721,"SFTPD-AS1"
"ENSG00000273373.1",204.038703052878,-0.404632503175876,0.135348330135718,-2.98956405867836,0.00279375859739848,0.0225321233001908,"AL355488.1"
"ENSG00000273374.1",11.4405353420928,-0.211514497656428,0.163043641569186,-1.29728761956456,0.194532242577112,0.374146626806812,"AC069222.1"
"ENSG00000273375.1",5.07290739781529,-0.144727928553937,0.149269396044161,-0.969575360987725,0.332258199287141,0.525761742600592,"AC055764.2"
"ENSG00000273381.1",16.4684208260072,-0.105119542459858,0.152992494529172,-0.687089538498989,0.492026306260043,0.669953450342138,"AL158071.4"
"ENSG00000273382.1",68.703126692897,0.050902515222283,0.0918198363432083,0.554373839570105,0.579323025798927,0.738415065004734,"AL356488.3"
"ENSG00000273387.1",11.4561127475543,0.0209452000090022,0.122696735919551,0.170707067731089,0.864454105161847,0.927832989975581,"AC005005.3"
"ENSG00000273388.1",4.71295460679545,-0.374740451317959,0.250326620222249,-1.49700599554794,0.134391698006944,0.295782561099041,"AC005291.2"
"ENSG00000273391.1",14.9285446402628,0.0664799803603012,0.13282391199089,0.500512139447156,0.616714510551217,0.766787773080691,"AC083880.1"
"ENSG00000273399.2",9.51208316253015,-0.424945161327699,0.19213599701984,-2.21168946953661,0.0269881286119657,0.103344800612835,"AL159169.3"
"ENSG00000273402.1",17.0589230583817,-0.405538656506969,0.147812972566851,-2.74359313302869,0.00607708070618703,0.0383262451129163,"AC004908.3"
"ENSG00000273403.1",16.7863785651775,-0.0982413234244227,0.132635210942438,-0.740688107828758,0.458882571564711,0.641537644037285,"AC107294.3"
"ENSG00000273409.3",2.95988994004384,-0.353765414744076,0.298997010335058,-1.18317375263266,0.236740293024126,0.424340520873631,"LINC02712"
"ENSG00000273415.3",4.20527282729503,-0.0972484333302344,0.241179331951808,-0.403220427485331,0.68678607341031,0.816666140183646,"LINC02725"
"ENSG00000273416.1",4.7731400815935,0.101152152976837,0.150405367049521,0.672530209267946,0.501246214976773,0.677707215143732,"AL732292.2"
"ENSG00000273419.1",5.36284728054629,-0.400733693593984,0.171061673684135,-2.34262698922225,0.0191485163612439,0.0828690439639795,"AC004877.1"
"ENSG00000273424.1",8.72116772419703,-0.188079460305001,0.139334850088184,-1.34983789185525,0.177067987452155,0.352811329597498,"AL008582.1"
"ENSG00000273432.1",10.4044267525301,-0.176492080846584,0.118650398761158,-1.4874967356988,0.136883664725162,0.298896035265615,"AC004951.4"
"ENSG00000273437.1",30.9749548095553,-0.154674029803668,0.106165856910925,-1.45690935206638,0.145141404168113,0.310717941829877,"AC108673.3"
"ENSG00000273442.1",4.22869222949721,-0.425413217902467,0.255495000841125,-1.66505495803029,0.0959017917903116,0.238290794393227,"AC006946.3"
"ENSG00000273443.1",12.5714764410845,0.118249730987592,0.212822754572971,0.555625413386179,0.578466954726947,0.737747570339944,"AL645608.8"
"ENSG00000273444.1",2.31067113919731,-0.75897305902377,0.305379538570703,-2.48534352555533,0.0129426471858186,0.0637048422172468,"AC006023.2"
"ENSG00000273445.1",15.5078909463203,0.108115271588844,0.172726583498971,0.625933017366075,0.531358876930924,0.701175937069151,"AC133644.1"
"ENSG00000273447.1",21.7244414813448,-0.112921460326708,0.0959208104164183,-1.17723630395203,0.239101202217111,0.426604441934822,"AC004067.1"
"ENSG00000273448.1",25.0480543945269,-0.305611213121722,0.147584605489559,-2.07075265138913,0.0383819170954671,0.13083333325068,"AC006480.2"
"ENSG00000273449.1",31.2335469841727,-0.437560576839612,0.149852024194408,-2.91995105966637,0.0035008635928529,0.0263399438636953,"AC093788.1"
"ENSG00000273451.1",3.71948447967163,-1.1756098196273,0.252327331063229,-4.65906651758112,3.17646554825382e-06,0.000173937611016471,"AL031666.3"
"ENSG00000273454.1",4.70546747367286,-0.385127506709209,0.182353324467977,-2.11198511369526,0.0346877261438037,0.12193627563147,"AC112503.2"
"ENSG00000273455.1",2.62051413787573,-0.054463030009608,0.256449524741932,-0.212373292812357,0.831815819799809,0.908315920121849,"AC072039.2"
"ENSG00000273456.1",49.4666070839336,-0.0189432083187229,0.0994194549722336,-0.190538243485779,0.848887378093308,0.918170991791073,"AC064836.2"
"ENSG00000273464.1",5.3781766137189,-0.179716587203797,0.140949703771101,-1.27504054563784,0.20229489129436,0.383271390479256,"AP000238.1"
"ENSG00000273472.1",36.7294730684833,-0.0404453666667161,0.0909952608989381,-0.444477726281106,0.65669722904396,0.795525264583945,"AC096733.2"
"ENSG00000273473.1",7.62204336220139,-0.300634335463717,0.140746988620136,-2.1359912450781,0.032680127432361,0.117104669314992,"BX649601.1"
"ENSG00000273474.1",7.48227581383041,-0.345887952437861,0.176737690451213,-1.9570695506703,0.0503392917949299,0.156361627025262,"AL157392.4"
"ENSG00000273483.1",7.61997063431485,0.116930337814875,0.129205885913945,0.904992346035646,0.365469442080973,0.558145602532195,"AL354760.1"
"ENSG00000273486.1",82.1784388746553,-0.129429285792282,0.0960638843910711,-1.34732513277708,0.177875541090263,0.353827471441605,"AC096992.2"
"ENSG00000273487.1",8.47750636464339,-0.00724753364655597,0.132246896560829,-0.054803052737214,0.956295368327026,0.977643606758941,"AC104836.1"
"ENSG00000273489.1",8.05060335962451,-0.451588790804777,0.194148833097479,-2.32599281489393,0.0200189339919285,0.0852750247378734,"AC008264.2"
"ENSG00000273492.6",13.4411068728666,-0.186767299491063,0.184526984303847,-1.01214085406353,0.31147071104721,0.505424495925075,"AP000229.1"
"ENSG00000273507.5",6.40411494562865,0.0245077046217617,0.156091462529171,0.157008616772885,0.875238057129473,0.933413435710537,"AL354809.1"
"ENSG00000273521.1",11.260304058607,-0.191402294539416,0.170299839741225,-1.12391353292085,0.261049709662725,0.452403726188179,"AL162274.1"
"ENSG00000273523.1",6.76228937880049,-0.360467820081304,0.188659872874636,-1.9106756226897,0.0560462794082318,0.167725733064113,"AL139082.1"
"ENSG00000273524.1",1.7866267526057,0.468989525408169,0.297571049686133,1.57605898121757,0.11501221105151,0.267488756027798,"Metazoa_SRP"
"ENSG00000273540.4",38.6900487502495,-0.181845622891953,0.277347451887681,-0.655659973272788,0.512042928226433,0.686870752626723,"AGBL1"
"ENSG00000273542.2",16.5105899997854,-0.0674499158391086,0.193238936517896,-0.349049301629032,0.727052297030872,0.843181557571072,"H4C12"
"ENSG00000273557.1",4.57314335758159,-0.321155134300948,0.227037177573584,-1.41454865556924,0.157200872014371,0.327072638032046,"AC008781.2"
"ENSG00000273559.5",1155.93420982475,-0.0985800744009096,0.0476534095100134,-2.06868879718239,0.0385752991481416,0.131295953948673,"CWC25"
"ENSG00000273568.1",19.9647713145135,-0.132117421474228,0.117262075089174,-1.12668500343147,0.259875685197137,0.450913191362258,"AC131009.3"
"ENSG00000273576.1",143.089878657576,-0.346186853916645,0.0981589985629243,-3.52679692116789,0.000420619246854749,0.00599986143339124,"AC009283.1"
"ENSG00000273584.1",4.28133203570376,-0.528786836081621,0.247826981020261,-2.13369357083194,0.0328678726971513,0.117573984989992,"AC096708.3"
"ENSG00000273597.1",2.17919306650528,-0.464246107273826,0.297505156610237,-1.56046406913893,0.118650254571933,0.272937395527075,"AL355377.1"
"ENSG00000273599.1",106.946611372093,-0.0690559044972631,0.111234258863165,-0.620815072649627,0.534721304876827,0.703655193804909,"AL731571.1"
"ENSG00000273604.2",364.11096833498,0.0907282248479122,0.120937993660523,0.750204481666775,0.45313156002954,0.636437269155563,"EPOP"
"ENSG00000273611.5",1135.78849915916,0.0392003737849342,0.0656038981540955,0.59753116640809,0.550152805245555,0.715905177253238,"ZNHIT3"
"ENSG00000273619.1",66.5329504404368,-0.0657564874284411,0.130435297556191,-0.5041310800101,0.614169267720207,0.76522351072972,"AL121832.2"
"ENSG00000273650.1",5.2265813333079,-0.512983705802473,0.226284948199172,-2.2669811221865,0.0233913789552812,0.0941711250516913,"AC100793.4"
"ENSG00000273654.1",31.6592620192141,0.246888063799542,0.125680135132668,1.96441596389858,0.0494818730291896,0.154669195769627,"AC020904.2"
"ENSG00000273669.1",19.8840100436333,0.0816765850488882,0.102970822016833,0.793201253026182,0.427660577601125,0.614877509503984,"AC015819.1"
"ENSG00000273674.5",5.71881307915125,-0.00720891897811135,0.126866492634966,-0.0568228759886474,0.954686290972996,0.976595870419053,"AC021752.1"
"ENSG00000273675.1",1.59121263848613,-1.53926442196968,0.65293465078313,-2.35745555872013,0.0184006576593537,0.0807380181221845,"AL118556.2"
"ENSG00000273679.1",1.77958408660488,-0.276437113918244,0.284620069589636,-0.971249547921237,0.331424025808872,0.525033312298,"AC100757.1"
"ENSG00000273680.1",27.9276995346435,-0.108101242648153,0.101058276382047,-1.0696921273373,0.284757911140987,0.477291704959819,"AC009318.2"
"ENSG00000273687.1",7.18231882399584,-0.439802844492474,0.180524789424157,-2.43624626786919,0.0148405769984883,0.0698652898770747,"AC004223.4"
"ENSG00000273691.1",13.1752083315623,-0.628895100846171,0.217251819231866,-2.89477484271361,0.00379430584149885,0.0277025930660134,"AC087284.1"
"ENSG00000273702.1",61.6492379036229,-0.176242711285706,0.100312687230932,-1.75693340643914,0.0789291607082353,0.209923298492865,"AC091271.1"
"ENSG00000273703.2",7.30944166846648,-0.742481220255756,0.441040505471744,-1.68347625908325,0.092282931500441,0.232396977613633,"H2BC14"
"ENSG00000273706.5",23.0228013465092,1.02315221335944,0.430025037427624,2.37928521436765,0.0173462486667325,0.0776638860760525,"LHX1"
"ENSG00000273710.1",1.33912043237299,-0.162762790357629,0.671571056741811,-0.242361234486918,0.808500269438903,0.894533231545293,"Metazoa_SRP"
"ENSG00000273711.2",7.78869552435118,-0.364674597047166,0.152794168826191,-2.38670493677018,0.0170001293582774,0.0765070744413042,"AC005520.5"
"ENSG00000273712.1",3.27717028782762,-0.593064181381794,0.196423295067447,-3.01931693579496,0.00253345348749379,0.0211025727983525,"AL021997.1"
"ENSG00000273716.2",5.68781371286875,0.022635408929253,0.154712138510875,0.146306612700993,0.883679345852351,0.938148484102752,"AC092670.1"
"ENSG00000273720.1",4.21187371565637,0.416532448991311,0.265149490745868,1.57093437298183,0.116197893418758,0.269226972032568,"AC091812.2"
"ENSG00000273723.1",29.735049852153,-0.248636554508178,0.125394384242955,-1.98283644047757,0.0473857021505477,0.150406347764151,"SUGT1-DT"
"ENSG00000273724.1",7.32888329376269,-0.2762191758663,0.129736955797716,-2.12907088938464,0.0332483958073812,0.118571450465686,"AC106782.4"
"ENSG00000273729.1",45.1640378173944,-0.291604050215125,0.101109222247065,-2.88404997817684,0.00392596440623405,0.0283837422316505,"AC007686.3"
"ENSG00000273733.1",14.4465354902434,-0.263462884403985,0.135168295157728,-1.94914705476273,0.0512778656635927,0.15832272851136,"AC011472.4"
"ENSG00000273742.1",4.33539683076793,-0.2826335732554,0.274042450575194,-1.03134960537017,0.302376903993687,0.495376157103721,"MIR6075"
"ENSG00000273744.1",0.957421812485423,-0.598733506522141,0.887028426237539,-0.674987958460088,0.499683415378812,0.676341015091548,"U4"
"ENSG00000273747.1",8.00962992961996,-0.316625702847531,0.138547200981978,-2.28532731519214,0.0222936424326744,0.0913391874859745,"AC022558.3"
"ENSG00000273749.5",6377.12882862143,0.125913175417937,0.0540843745733806,2.32808785182679,0.0199074392358048,0.0850260903755804,"CYFIP1"
"ENSG00000273759.1",36.1861778091969,-0.413019140476301,0.13432425451413,-3.0747919798271,0.00210649419767428,0.0184945968679245,"AL117379.1"
"ENSG00000273760.1",51.0634578452695,0.427032402417906,0.277538130861562,1.53864408141781,0.123891210670431,0.280627425622103,"AC245041.1"
"ENSG00000273763.2",17.9064430773211,0.33401823758395,0.116189166828111,2.8747795229317,0.00404309715183936,0.0290288620824214,"AC007318.1"
"ENSG00000273765.1",4.39178087677686,-0.268512467704637,0.175844862740122,-1.5269849998488,0.126764741399959,0.285181525743407,"AC024257.4"
"ENSG00000273768.1",2.55893687171916,-0.725894231635921,0.510523595362099,-1.42186225716182,0.155066241886703,0.324122324907962,"RNVU1-29"
"ENSG00000273771.1",13.4439838675602,-0.140847871940202,0.170521948305365,-0.825980897708115,0.408814927947692,0.598271445985166,"AC024337.2"
"ENSG00000273777.5",2.3244878701785,-0.51334227540079,0.286509918625662,-1.79170856584374,0.0731796617004814,0.199899120199715,"CEACAM20"
"ENSG00000273783.1",27.7977718578568,0.00788102085704725,0.0919829531873369,0.0856791457977696,0.931721480399382,0.963856795417973,"AL136040.1"
"ENSG00000273791.1",2.17615716142241,-0.575744854742415,0.344561950457008,-1.67094728242273,0.0947320910827657,0.236425450406186,"AC007204.1"
"ENSG00000273792.1",3.94013161254318,-0.789980948432174,0.298157656052801,-2.6495410478149,0.00806011803757061,0.0463784151097197,"AC022898.2"
"ENSG00000273796.1",23.0582107436762,0.320276323366312,0.144757066838733,2.21250907026956,0.0269315101861312,0.103215237553455,"BX322562.1"
"ENSG00000273797.1",4.63609968261074,-0.898621962372729,0.187663102685688,-4.78848505386703,1.68045076593517e-06,0.000109536324956743,"AL133445.2"
"ENSG00000273802.2",221.154933677345,0.262729553943681,0.240428359955593,1.0927560874774,0.27450090661441,0.467083649387383,"H2BC8"
"ENSG00000273812.3",37.5404045851212,-0.0774976238085125,0.175429549726391,-0.441759235712466,0.658663439756073,0.796875796319575,"BX640514.2"
"ENSG00000273819.1",3.92057664700868,-0.325241186619463,0.200739824519433,-1.62021256817418,0.105186622543513,0.252488587855384,"ENPP7P7"
"ENSG00000273820.2",509.555291293393,0.000550667374881743,0.125268269044098,0.00439590471780123,0.996492586791106,0.998291688744208,"USP27X"
"ENSG00000273821.1",18.3847198335506,-0.00474393808771892,0.1235151398679,-0.0384077457451174,0.969362585328749,0.984592975573557,"AL096828.3"
"ENSG00000273824.1",9.44409907507327,-0.553779705057485,0.224078904622597,-2.47136028262091,0.0134600136332024,0.0654195961883513,"AC008033.3"
"ENSG00000273828.2",45.6831676298748,-0.70261017428252,0.163453151795865,-4.29854161001436,1.71925627602776e-05,0.000593322375528817,"AL133227.1"
"ENSG00000273837.1",30.3441763297299,-0.152906837678375,0.163066293193994,-0.937697390940677,0.348399945030767,0.54219975552327,"AC018755.4"
"ENSG00000273838.2",2.3858357196707,0.268776761943864,0.426969889762395,0.629498164597591,0.529022969943769,0.699724354945687,"AL096677.1"
"ENSG00000273841.5",1456.84038217528,0.122230883861479,0.0672698304564276,1.81702381338171,0.0692134671287329,0.192749808541774,"TAF9"
"ENSG00000273851.1",1.06480860798087,-0.700117577899105,0.390212065903446,-1.7941976660259,0.0727816245544658,0.199214036128929,"AC027088.4"
"ENSG00000273855.1",9.31472500205411,0.0983589783145939,0.144245782028643,0.681884606477178,0.495311919827529,0.672666520367853,"AC020658.5"
"ENSG00000273866.1",3.81045694016646,-0.367797843085813,0.214470901542305,-1.71490789865153,0.0863621142770289,0.222718318927077,"Metazoa_SRP"
"ENSG00000273870.1",4.4701441016242,-0.193030552219796,0.198743275916747,-0.971255763644832,0.331420931313235,0.525033312298,"AL138721.1"
"ENSG00000273877.4",40.0485989472643,0.186498191376026,0.300199997364993,0.621246479057345,0.534437462345432,0.703448502959851,"AC236972.3"
"ENSG00000273888.1",20.8370470433355,0.25395644537077,0.152576977702119,1.6644479999242,0.096022934552373,0.238431649765226,"FRMD6-AS1"
"ENSG00000273890.1",6.2238090999181,-0.592123567310753,0.185813225859287,-3.18665996229546,0.00143925875283845,0.0141496665545731,"AC034102.8"
"ENSG00000273891.1",42.1136297162032,-0.225437680735699,0.114648829605864,-1.96633215978481,0.0492602542545865,0.154166351278243,"AL731566.2"
"ENSG00000273893.1",26.1571895255392,0.0142097223304891,0.0856220956442948,0.165958590753507,0.868189537982005,0.929573015909926,"AL133520.1"
"ENSG00000273899.5",123.165309026538,-0.223332839488123,0.104026246424051,-2.14688933961659,0.0318020925087966,0.115148131146859,"NOL12"
"ENSG00000273901.1",4.55393657326788,0.080559780060476,0.141361139128021,0.569886324893849,0.56875480057498,0.730312927165334,"AC012313.9"
"ENSG00000273906.1",38.7624911216755,-0.304263147302695,0.534298511469667,-0.569462839164148,0.569042082455264,0.730512765141633,"AC011297.1"
"ENSG00000273951.1",14.4349909835606,-0.31768998872783,0.154848552924752,-2.05161742055291,0.040206857830518,0.135060199192056,"AL031667.3"
"ENSG00000273962.1",6.43071532008117,-0.382818888903199,0.319419518643817,-1.19848308121107,0.230729005689836,0.417186812927373,"IGKV2-40"
"ENSG00000273972.1",6.65326048891763,-0.0346678615399705,0.168790995681928,-0.205389282763039,0.837267992909527,0.911335636430404,"AC068722.2"
"ENSG00000273973.1",3.93883678214443,-0.0909986457623586,0.176634691819796,-0.515179916384694,0.606427301913272,0.759528408795372,"AC025162.2"
"ENSG00000273983.1",40.2125573228067,-0.447538905867172,0.250219831816254,-1.78858287378203,0.0736820180327551,0.200729952673714,"H3C8"
"ENSG00000273987.1",23.3831742113224,-0.232639055993584,0.122382844800849,-1.9009123081928,0.0573134996615276,0.170354284816645,"AC121761.2"
"ENSG00000273989.1",6.67850186829659,-0.0799603440391183,0.225940473924701,-0.353900045663207,0.723413792815872,0.841226412448982,"AC022079.1"
"ENSG00000273998.1",4.62224966973631,0.145961363776654,0.166143711179919,0.878524758716816,0.379659007666759,0.571298862926526,"AL049794.1"
"ENSG00000274001.1",5.34425289832768,-0.646781998870288,0.235205732147866,-2.74985644679645,0.00596213780556402,0.0378287442702371,"AL512506.1"
"ENSG00000274002.1",178.770663633802,-0.389849320468367,0.232436201726709,-1.67723150512819,0.0934972205607496,0.234468436587002,"AL135999.3"
"ENSG00000274008.1",8.92588945566146,-0.209479910568068,0.194408685690406,-1.07752341323712,0.28124649667171,0.473743466414938,"Metazoa_SRP"
"ENSG00000274011.1",5.27142593655706,-0.0602209258732971,0.20234830948301,-0.297610224800784,0.766000669762282,0.868612407983503,"Metazoa_SRP"
"ENSG00000274015.2",10.6948672229889,-0.16028570502343,0.113677958273608,-1.40999809864322,0.158540244334478,0.328741925425248,"AL136038.4"
"ENSG00000274020.4",158.853669524488,0.0906857119511171,0.120565428502251,0.752170112756856,0.451948764465431,0.635365687667748,"LINC01138"
"ENSG00000274021.1",32.9676957306943,-0.137338820093366,0.115231017264934,-1.1918563538982,0.233317574574319,0.42017861255492,"AC024909.1"
"ENSG00000274023.1",2.06339002180487,-0.910953913343582,0.40479208699571,-2.25042421185777,0.0244220294848637,0.0969109210535836,"AL360169.2"
"ENSG00000274024.1",12.0915935893256,-0.798617077717961,0.207665131877309,-3.84569653315604,0.000120210466830801,0.00250006061730021,"AL590282.1"
"ENSG00000274026.2",10.3572586832996,-0.0126049259752508,0.17322268572934,-0.0727671778218814,0.941991389993691,0.969630204893024,"FAM27E3"
"ENSG00000274031.1",5.15849285801577,-0.192752328023143,0.161896710295645,-1.19058829343197,0.233815249539408,0.42080172457514,"AC092140.2"
"ENSG00000274038.1",12.2886066636632,-0.222619209399225,0.173903138680171,-1.28013336095474,0.200498237549574,0.381156159580766,"AC007014.2"
"ENSG00000274064.1",1.40220442073966,-2.49274356749333,0.490777695683057,-5.07917044604883,3.79086493505839e-07,3.65823960240287e-05,"AC040978.1"
"ENSG00000274070.2",728.427894947788,0.0213539948892769,0.101001095587085,0.211423398579524,0.832556899962734,0.908694197671601,"CASTOR2"
"ENSG00000274080.1",3.75336200086057,0.0809989717679071,0.204677444451374,0.39573960865605,0.692297132408774,0.820061496807988,"AC005089.1"
"ENSG00000274093.1",5.80993633157181,-1.24721000650132,0.25841021097995,-4.82647338807401,1.38971953891153e-06,9.54284490502849e-05,"AC009032.1"
"ENSG00000274099.1",1.19583000491326,-0.457032019871584,0.503113750767011,-0.908406934167128,0.363663263517819,0.556457682858541,"ABCB10P1"
"ENSG00000274104.1",49.3887353098827,0.135339600907529,0.0879488569244147,1.53884434250058,0.123842301559155,0.28059628050966,"AC020910.5"
"ENSG00000274105.1",17.628624061898,-0.206465519182329,0.143866859829257,-1.43511521296402,0.151254269139871,0.318986607067732,"AC084824.3"
"ENSG00000274114.2",28.0842191966664,-0.299921900574216,0.155194846068372,-1.93255064953692,0.0532915768624924,0.162327215780692,"ALOX15P1"
"ENSG00000274115.1",1.48872367471704,0.449312652464461,0.51620135070797,0.870421303331014,0.38407020882617,0.575595294280877,"MIR6081"
"ENSG00000274139.1",1.97241100944618,0.371248666126434,0.289215780412138,1.28363903794391,0.199268283864883,0.379967867967557,"AC090164.2"
"ENSG00000274156.1",4.81206762996082,-0.388810392260245,0.196716068662982,-1.97650550309829,0.0480975530890259,0.151898295863492,"AC008121.2"
"ENSG00000274159.1",3.25791409874664,-0.386478955010852,0.250772166985437,-1.54115570183391,0.123278895840885,0.279696845141677,"AL133243.1"
"ENSG00000274173.1",1023.07184267173,0.0297501910331382,0.131025502664104,0.22705649227239,0.820379814622632,0.902025030563839,"AL035661.1"
"ENSG00000274180.1",773.714868338196,-0.0840013132602898,0.102862871515141,-0.816633951813456,0.414137646438225,0.603170946361075,"NATD1"
"ENSG00000274184.1",14.0960048303116,-0.221879844035638,0.17634636341759,-1.25820481769859,0.208317693097375,0.390315772203889,"AC011815.2"
"ENSG00000274191.1",6.29021441075057,-0.232179348983788,0.165530331867924,-1.40263930098952,0.160724426072569,0.331598086213921,"AC026333.4"
"ENSG00000274197.1",0.889158386554537,-1.62444425119636,0.79884893774453,-2.03348114323443,0.0420039367762046,0.138982018196201,"U4"
"ENSG00000274204.1",9.13513073427568,-0.0356322967969829,0.226355095690004,-0.157417692269591,0.87491567087326,0.933219089173853,"AL138689.1"
"ENSG00000274209.4",3.72626495379182,-0.745977781021422,0.302761581962362,-2.46391162374808,0.013742999255513,0.0663406084067592,"ANTXRL"
"ENSG00000274210.1",6.15660104873318,0.0947238496015986,0.269631361094895,0.351308724686002,0.725356750228176,0.842408692555657,"RNVU1-27"
"ENSG00000274211.6",1378.78589788276,-0.202026794625712,0.0867885859597861,-2.32780373584289,0.0199225276232036,0.0850468921860902,"SOCS7"
"ENSG00000274213.1",20.8379253054342,0.230403690046745,0.141302347463024,1.63057227415869,0.102980603430875,0.249220995131506,"AC015912.3"
"ENSG00000274214.1",4.80811020839667,0.224688210997154,0.219186804033185,1.02509917049174,0.305316396902408,0.49862154429863,"AP005212.2"
"ENSG00000274220.1",26.6397142590348,-0.0799222702623519,0.111785150017456,-0.714963215148628,0.474631773501831,0.655023157353238,"AC009163.7"
"ENSG00000274225.1",16.7039804024729,0.134080409563914,0.157485709469944,0.851381436545536,0.394557500273983,0.585258788998175,"AP001065.3"
"ENSG00000274248.1",3.89068116486197,0.34329034304668,0.187637825954426,1.82953698861369,0.0673192034385655,0.189215554249064,"AJ011932.1"
"ENSG00000274251.1",8.27872484080611,-0.185916777388729,0.188818139851027,-0.984634090429088,0.324803838143898,0.518344079346409,"AP003419.2"
"ENSG00000274252.1",3.66363547422377,-0.409107214521059,0.27004759031527,-1.51494488080209,0.129786363277068,0.289573524785304,"GGTLC3"
"ENSG00000274253.5",52.4330540677655,-0.462077146338413,0.209850454658238,-2.20193540724489,0.0276698714676685,0.104914309934336,"AC138649.1"
"ENSG00000274265.5",127.417161644226,0.135370945363689,0.108245021965457,1.25059742153213,0.21108139182071,0.393633158454427,"AC245297.3"
"ENSG00000274270.1",16.3524435067797,0.187536972539803,0.130845677522289,1.4332683821967,0.151781154025704,0.319704540109943,"AL137060.3"
"ENSG00000274272.1",17.8157583883647,-0.214692691759336,0.140418030279912,-1.52895387673053,0.126275878486732,0.284387663022307,"AC069281.2"
"ENSG00000274276.4",26.0806051452325,0.0478863070605549,0.271955850439335,0.176081180026818,0.86023016607678,0.925023187855503,"CBSL"
"ENSG00000274281.1",2.71823483245288,-0.810462126350542,0.34961793771437,-2.31813656830352,0.0204419000625274,0.0864812329611041,"AC022929.2"
"ENSG00000274286.2",34.4020622666549,-0.475669622783023,0.178554948121406,-2.66399574913823,0.00772185384684846,0.0449525581610641,"ADRA2B"
"ENSG00000274290.3",52.4290264602096,-0.285910066656845,0.183676421415583,-1.55659645616651,0.119566325726158,0.274154385840288,"H2BC6"
"ENSG00000274297.1",5.42812670249895,-0.703475792178964,0.223643683593306,-3.14552050331199,0.00165791573557639,0.0156626211300782,"AC009269.5"
"ENSG00000274303.1",1.84529869753451,-2.61946131806641,0.628939272545625,-4.16488750569538,3.11506121957587e-05,0.000918598168142955,"7SK"
"ENSG00000274312.1",7.88816385284457,-0.572639165659473,0.270097268437056,-2.12012201742397,0.0339957566265689,0.120252945746744,"AC015722.2"
"ENSG00000274315.1",18.7378798521145,-0.0474014112953023,0.105908392444025,-0.447569925304597,0.654463612149115,0.793888254728576,"AC009318.3"
"ENSG00000274317.2",9.28858829911321,-0.578827309985429,0.17240399249595,-3.35738924374983,0.000786822594232341,0.0092764661176856,"LINC02334"
"ENSG00000274322.1",9.61567337695281,0.41938140680082,0.204450385998195,2.05126248479924,0.0402413917675283,0.135096970466504,"AL136531.2"
"ENSG00000274326.1",0.514766810903683,-0.431200658174176,0.744356851506735,-0.579292925565654,0.562391538180092,0.726006261366025,"AL359314.1"
"ENSG00000274330.1",2.65802411779443,0.104341753763337,0.305626995307581,0.341402282407444,0.732800757101525,0.847181596158799,"AL160191.3"
"ENSG00000274340.1",3.48611906458469,0.0669279408505049,0.185405295330782,0.360981819484166,0.718113037989109,0.838029135352371,"AC032011.1"
"ENSG00000274341.1",18.8002450829369,-0.210776487631783,0.132600548917913,-1.58955969150826,0.111934089023984,0.262845367885139,"AC005899.6"
"ENSG00000274346.1",1.03456047118125,-1.19094217490371,0.395235404749108,-3.01324770147985,0.00258467856959772,0.0213739949373117,"AC016999.2"
"ENSG00000274349.4",76.7199546799224,-0.179547415495711,0.0917775731151009,-1.95633213432802,0.0504260410876327,0.156534656030821,"ZNF658"
"ENSG00000274356.1",4.80481660364701,0.0282133536223873,0.18202153563745,0.155000085696357,0.876821249746157,0.934114636647853,"AL355987.5"
"ENSG00000274357.1",0.646341952949433,0.652839092640129,1.02196712561281,0.638806353236324,0.522948914729505,0.695336803310412,"Metazoa_SRP"
"ENSG00000274363.1",6.05575818201232,-0.114015183897943,0.172754968679067,-0.659982081961145,0.509265327910869,0.684358044889467,"AC087742.1"
"ENSG00000274364.1",4.19017793728177,-0.929959342470141,0.235004949424148,-3.95719045385596,7.58364653279341e-05,0.00180432060786529,"AL110115.1"
"ENSG00000274370.1",30.8937471074785,-0.089650065765829,0.142733498589236,-0.628094081991413,0.529942309680128,0.700328238644882,"AC130371.2"
"ENSG00000274372.5",15.7880274232631,-0.0743300617879363,0.158786385541845,-0.468113569902679,0.639703375629368,0.783030423354849,"LINC02804"
"ENSG00000274373.1",9.88462259920822,0.0353464824749117,0.210640070143945,0.16780512108051,0.866736593591669,0.928749964932328,"AC148476.1"
"ENSG00000274376.4",6.80736057457661,-0.208250291336784,0.141018765292924,-1.47675588354647,0.139741086184789,0.302910344576482,"ADAMTS7P1"
"ENSG00000274383.1",5.86327401691592,-0.262688070618199,0.160917371167278,-1.63244072850983,0.102586675106461,0.248563647567599,"AC103691.1"
"ENSG00000274386.5",22.579991172449,-0.109986753206268,0.11873673768984,-0.926307689988683,0.354286100667648,0.547674433787481,"TMEM269"
"ENSG00000274397.1",1.68963310054541,-1.61970139017357,0.517610243452033,-3.12919114461781,0.00175288240892467,0.016328683279331,"AL357153.4"
"ENSG00000274403.1",9.47363631666577,-0.428781852983398,0.152088395642222,-2.81929368228776,0.00481294605261384,0.0325421228533048,"AC090510.2"
"ENSG00000274414.1",50.4707200927755,0.248626541329482,0.173662510578708,1.43166501797634,0.152239712434722,0.320224712287667,"AL121772.1"
"ENSG00000274419.6",2.98999917448206,-0.437042046454285,0.551871602280597,-0.791927043624312,0.428403217185844,0.615307519834698,"TBC1D3D"
"ENSG00000274421.1",4.88329575618325,-0.955900644490364,0.250527469196014,-3.81555223288693,0.00013587870840096,0.00275170914768441,"AL162390.1"
"ENSG00000274422.1",58.5492903196995,-0.331059913295166,0.144376417071304,-2.29303316989549,0.0218460953623636,0.0901043177526227,"AC245060.5"
"ENSG00000274423.1",0.960871179016099,0.192323313822532,0.406609342486025,0.472992855123936,0.636218276633084,0.7804286903189,"SEC22B2P"
"ENSG00000274427.1",6.77521052197464,-0.329335536588503,0.138302687097583,-2.38126636220836,0.0172532314437395,0.0773410306256121,"AC145423.1"
"ENSG00000274441.1",1.98274847548285,-1.30400551417473,0.473912929616645,-2.75157192953051,0.00593099930612633,0.0377172061924269,"AC008957.2"
"ENSG00000274444.1",3.1603481722894,0.324954650105914,0.18594870093112,1.74754998813509,0.080541981807662,0.21293450332109,"AC078909.2"
"ENSG00000274447.1",6.04414332990815,0.0540653752271439,0.191276433986166,0.282655704628276,0.777440774619341,0.876010571503558,"AC005790.1"
"ENSG00000274460.1",45.9258417493986,-0.217448467326056,0.139236258141035,-1.56172300397356,0.11835325713753,0.272549448801568,"AC092119.2"
"ENSG00000274461.2",13.6133357117036,-0.0436497782111764,0.159466387764978,-0.273724004305582,0.78429672926164,0.880167499944469,"AC023282.1"
"ENSG00000274471.2",60.8386940971663,-0.434614052501278,0.137606900897246,-3.15837395993543,0.00158651897288154,0.015186882163354,"HERC2P7"
"ENSG00000274487.2",43.3656529097066,-0.158981452985905,0.0840535807818568,-1.89142986541534,0.0585669849924798,0.172756895755849,"NPEPPSP1"
"ENSG00000274501.1",6.14115612549797,-0.298989792698539,0.165366089088063,-1.80804779472845,0.0705990622329808,0.195090851504202,"AL121845.4"
"ENSG00000274505.1",4.24806708088718,-0.343208951015253,0.158536846345744,-2.16485289651068,0.030398952425683,0.111658464597116,"Metazoa_SRP"
"ENSG00000274507.1",1.5610386105419,-0.230794151614098,0.398679998323644,-0.578895737394737,0.562659526573438,0.726124133886434,"AL121772.2"
"ENSG00000274508.1",5.70272540719058,-0.48929528251907,0.199900626325775,-2.44769259362736,0.0143774263136556,0.0683127806851057,"AC007336.2"
"ENSG00000274512.5",77.4925335231163,-0.0150214023720977,0.188722631236126,-0.0795951300260495,0.936559268605272,0.966788655887242,"TBC1D3L"
"ENSG00000274520.1",1.89408927400644,1.0514396617568,0.385710282745702,2.72598296906181,0.00641103062387615,0.0397663489392302,"AC012354.2"
"ENSG00000274523.5",2521.96665075152,0.214196447365747,0.061865719310948,3.46228007613001,0.000535619456675172,0.00706232814696495,"RCC1L"
"ENSG00000274525.1",3.37119351542918,0.014167125998066,0.215508209859888,0.0657382194732938,0.947586243469613,0.972352868048507,"AC008443.5"
"ENSG00000274528.1",11.411030186797,0.12737130430958,0.140135223823421,0.908917121865628,0.363393875173106,0.556302753638873,"AC090970.2"
"ENSG00000274536.7",104.926618105817,-0.589928586858993,0.173518456413082,-3.39980310483281,0.00067434392980432,0.00830285963571568,"MIR223HG"
"ENSG00000274549.1",2.11757980104273,0.134739137287278,0.442869120674697,0.304241436120014,0.760943958652805,0.865206352768957,"AL356274.1"
"ENSG00000274554.1",8.48475917750226,-0.94500687219396,0.182972535664363,-5.16474709585618,2.40764230178359e-07,2.67192117177603e-05,"AC083806.2"
"ENSG00000274561.1",165.336634276912,-0.362851559723502,0.111517582949985,-3.25376097764098,0.00113888061035573,0.0120485389769855,"AC005332.3"
"ENSG00000274565.1",43.8599798354656,-0.153489934299048,0.12339715157548,-1.24386934657208,0.21354765273112,0.396389496118263,"AC080038.1"
"ENSG00000274576.2",554.052434319453,-0.112031679953324,0.222739427811537,-0.502971930268743,0.614984007342342,0.765636921563405,"IGHV2-70"
"ENSG00000274588.2",3.78249184341775,-0.593857751693276,0.296393872309657,-2.00361008500487,0.0451118446980643,0.145854296515637,"DGKK"
"ENSG00000274591.1",2.69892348980048,-0.940679915161463,0.390137709095305,-2.41114840537413,0.0159023762366426,0.073204220488448,"AC025031.3"
"ENSG00000274598.1",4.24124847004752,-1.68776317123136,0.318452937729824,-5.29988256118164,1.15877191886448e-07,1.58110629076865e-05,"AC087893.2"
"ENSG00000274602.5",231.597312541787,0.0676497326637795,0.151550111631135,0.446385238094943,0.655318994174035,0.794597937137747,"PI4KAP1"
"ENSG00000274605.2",236.360752020159,-0.0616549529405764,0.124589188172953,-0.494865997962742,0.620694713588033,0.769496246725003,"PCCA-DT"
"ENSG00000274612.1",1.0935404298532,-1.563495918907,0.569349577813645,-2.74610885795501,0.00603067496617208,0.0381057623170938,"AC011447.5"
"ENSG00000274614.1",1.66177815570713,-1.84653931326737,0.630767897584411,-2.92744656210134,0.00341757784897404,0.0259360745186002,"AL390754.1"
"ENSG00000274618.2",6.7333239637943,-2.48403322699852,0.771858217358957,-3.21825067238133,0.00128975046733583,0.0131313952015327,"H4C6"
"ENSG00000274620.1",5.96462624907093,-0.365383583678807,0.158103687436792,-2.31103770950872,0.0208307720862904,0.0874110026555161,"MIR378J"
"ENSG00000274624.1",6.58327773322235,-0.230925516114981,0.206278482978925,-1.11948426602776,0.262933599555947,0.454485661700647,"AC007671.1"
"ENSG00000274641.2",12.7013910897819,-0.389052841610788,0.232420760037594,-1.67391605443446,0.0941470985125096,0.235459686807165,"H2BC17"
"ENSG00000274642.1",4.22955328913571,-0.879824945633847,0.21007842930574,-4.18807846451186,2.81326259660172e-05,0.000852247057585633,"AC244669.2"
"ENSG00000274653.1",9.39761779661176,0.0558550888825082,0.114617806698241,0.487315980749486,0.626034424463285,0.773844391015044,"AC106782.5"
"ENSG00000274654.1",2.98352930987621,-0.0297603629532518,0.252886775022409,-0.117682559519432,0.906319186230987,0.950245155482404,"AC022467.1"
"ENSG00000274656.1",0.898587054112554,1.60261800744565,0.692497049095023,2.31425969184995,0.0206534814134783,0.0869849913597638,"RN7SL625P"
"ENSG00000274659.2",14.029962139512,-0.26093691135942,0.139983094763751,-1.86406016954977,0.0623132551440484,0.180164585628381,"LINC02371"
"ENSG00000274666.1",2.65433336759471,-1.61381267234602,0.456717465504925,-3.53350330178826,0.000410090967533357,0.00590790072786155,"AL133370.2"
"ENSG00000274667.1",21.7498751700988,-0.399894759565815,0.126662469491039,-3.15716850597252,0.00159309256953404,0.0152357621692977,"AC090517.2"
"ENSG00000274677.1",12.8473090800785,-0.102558027550492,0.141744172778635,-0.723543166114199,0.469346244077315,0.650349377952555,"AC040169.3"
"ENSG00000274695.1",4.55103656416579,-0.13982047010284,0.16794098554452,-0.832557160775829,0.40509452796656,0.594606271911276,"AC108704.1"
"ENSG00000274698.1",12.0156775586251,-0.363642968910801,0.205410617526922,-1.7703221639122,0.0766734879079927,0.205878734810936,"AC099521.1"
"ENSG00000274701.1",1.541045526246,-0.25867280193418,0.40868741536896,-0.632935569353542,0.526775718834995,0.698027622176059,"Metazoa_SRP"
"ENSG00000274712.2",100.016148571416,-0.26040773828432,0.091382269729789,-2.84965277240681,0.00437669810057512,0.0306120608954722,"AC005332.4"
"ENSG00000274717.1",4.70167205713012,0.00764046949424651,0.180920210030794,0.0422311553416065,0.9663144263366,0.983137474314135,"AL049757.1"
"ENSG00000274718.1",6.07904345965675,0.133621397556371,0.220406839061939,0.60624887197271,0.544349504148561,0.711739702376705,"AL136964.1"
"ENSG00000274719.1",3.20347775862949,-0.519702521672269,0.301360058635927,-1.72452356169774,0.0846133692062696,0.219703080719414,"AC012653.2"
"ENSG00000274721.1",6.39276572094586,-0.196172575942879,0.216044189510846,-0.908020606279857,0.363867334722976,0.556592473003999,"AC091825.1"
"ENSG00000274730.1",2.66782909708845,-0.478069267612211,0.346611547059223,-1.37926526588142,0.167812981653037,0.340462985872917,"AC141273.2"
"ENSG00000274736.5",75.0517585642975,0.120336472304345,0.188603164059467,0.638040580625691,0.523447264232458,0.69574175073395,"CCL23"
"ENSG00000274737.1",7.0717119588537,-0.297304155955155,0.196784786358456,-1.51080864256242,0.130837212115439,0.291018392768527,"AC004466.2"
"ENSG00000274750.2",150.982829693136,0.122181890817368,0.180973934670191,0.675135295256934,0.499589811141961,0.676269306052014,"H3C6"
"ENSG00000274751.1",5.06117522449757,0.0295721479324244,0.170371333053688,0.173574670118391,0.862199740129928,0.9264827792062,"AC120498.9"
"ENSG00000274752.1",6.47591618462343,-0.43497165845225,0.173748270271037,-2.50345892810167,0.0122985954010492,0.0614985185772202,"TRBV12-3"
"ENSG00000274756.1",17.516135639505,-0.240472248971798,0.142038827140979,-1.69300362310877,0.0904547775685376,0.229361074606955,"AC243732.1"
"ENSG00000274765.1",8.99974842402824,-0.540193840837936,0.163613752459813,-3.30164080168396,0.000961210775599234,0.0106992946680125,"AC018926.1"
"ENSG00000274767.1",11.1718915718423,0.18647369235848,0.181968292170533,1.02475925961719,0.305476793927626,0.49871224931263,"AC243829.1"
"ENSG00000274776.1",5.8505538330621,-0.330133226868671,0.185779443010014,-1.77701699133028,0.0755654442714957,0.20393289895241,"AC090241.3"
"ENSG00000274798.1",2.55625587542124,0.425333571219562,0.205433157100832,2.070423183979,0.0384127326303397,0.130924970051382,"AC025166.1"
"ENSG00000274808.5",5.46988387106993,-0.515237322296196,0.19679231319806,-2.61817808797054,0.00884006560742202,0.0494414531225149,"TBC1D3B"
"ENSG00000274816.1",9.13276931056751,-0.328606206256207,0.175250236804643,-1.8750685434024,0.0607832944456839,0.177296147010702,"MIR6772"
"ENSG00000274818.1",13.9988638857657,-0.158137481177049,0.104627342007756,-1.51143552098767,0.130677525008641,0.290788886283786,"AC004825.2"
"ENSG00000274825.1",6.717941536902,0.0390119133326452,0.150737608525786,0.258806768358486,0.79578433536776,0.887483598881145,"AL023803.2"
"ENSG00000274827.4",1.87968150789285,-0.299920279602206,0.544698210567108,-0.550617339627289,0.581896019816465,0.740390743245034,"LINC01297"
"ENSG00000274828.1",146.412067500031,-0.138237197896523,0.0933575043883411,-1.48072936184643,0.13867870646222,0.301195784085504,"AC068473.5"
"ENSG00000274835.1",2.70612455998663,-0.388150581874954,0.318590435574174,-1.21833720832019,0.22309585596709,0.407725219998481,"AC100757.2"
"ENSG00000274840.4",4.39516413872773,-0.104997821558844,0.511462067290516,-0.20528955766959,0.837345902093715,0.911335636430404,"AC132807.2"
"ENSG00000274841.1",1.89879834318668,-0.0823718222558445,0.370239225714125,-0.22248269911694,0.823938139901659,0.903655702060414,"Metazoa_SRP"
"ENSG00000274849.1",24.8759078435938,-0.0420111552270271,0.115927953229612,-0.362390209234679,0.717060454908503,0.837094348513931,"AC023043.4"
"ENSG00000274895.1",7.91118496733384,0.268628152108161,0.336063620378659,0.799337196348372,0.424094916205906,0.611705746696266,"AC011700.1"
"ENSG00000274902.1",6.50009455609483,0.0468380065129886,0.118878715582574,0.393998255141429,0.693582327458911,0.821028850776517,"AC004241.2"
"ENSG00000274918.1",5.05080834131414,0.164043605993472,0.126754258275377,1.29418615378651,0.195601128284729,0.375318331161518,"AC116447.1"
"ENSG00000274922.1",114.250972702237,0.0080079846153283,0.0840092125630325,0.0953226958212455,0.924058516075272,0.960133961635956,"AL139384.1"
"ENSG00000274925.1",106.934471650998,-0.256554991777714,0.135443537009699,-1.89418408173543,0.0582005802530393,0.171957323902579,"ZKSCAN2-DT"
"ENSG00000274928.6",6.15441400397469,0.0420383394480032,0.178584425374602,0.235397568179995,0.813900173364337,0.898149269875506,"KRT89P"
"ENSG00000274929.1",5.51330021548935,-0.173369860429246,0.148944738884088,-1.16398781003044,0.244428951850447,0.43343558004353,"AL157813.1"
"ENSG00000274943.1",14.8233380421004,-0.425351109651678,0.153212258612673,-2.77622112945273,0.00549947906396288,0.0357203650301005,"AC079684.1"
"ENSG00000274954.1",1.22244956562307,-0.119763665090108,0.617984921908306,-0.193797066634383,0.846334783957517,0.916683712743107,"AC090971.5"
"ENSG00000274963.1",10.2119670333989,-0.181525939264388,0.219635462805119,-0.826487384805681,0.408527671298123,0.597963254657658,"RN7SL600P"
"ENSG00000274964.1",62.5279094028769,-0.0475576254327994,0.123297455029532,-0.385714574736425,0.699708067508993,0.824732021935031,"AC026356.1"
"ENSG00000274973.1",1.55872927238485,-0.238357101920754,0.319840437581354,-0.745237543205041,0.45612813057881,0.639270631503276,"BSNDP2"
"ENSG00000274976.1",6.16203619473194,0.614795241782208,0.232680785617516,2.64222608734361,0.0082363055798885,0.0470506508089087,"AC087588.1"
"ENSG00000274979.1",24.9956408858538,-0.248678976028848,0.227768501581773,-1.0918058217087,0.274918459627932,0.467590183557383,"AC020656.2"
"ENSG00000274987.1",21.1256571813046,-0.325310303081791,0.148122834422426,-2.19621980871666,0.0280762142138332,0.105991767753844,"AC092794.1"
"ENSG00000274993.1",6.53824620233045,-0.48870154071932,0.307101617818185,-1.5913349600413,0.111534213032857,0.262220786279422,"AC254629.1"
"ENSG00000274995.1",1.56519736429662,-1.24160199668125,0.561048773314226,-2.21300189170161,0.026897515229504,0.103132439771493,"AC013564.1"
"ENSG00000274997.2",7.26992975383359,-0.241146428898374,0.345782377782691,-0.697393633662628,0.485556484615933,0.664480587410874,"H2AC12"
"ENSG00000275004.4",162.892162035164,-0.00229755024998138,0.160569080501157,-0.0143087962066571,0.988583621992372,0.994169552614426,"ZNF280B"
"ENSG00000275011.1",11.1213301654615,-0.842450029001882,0.284259799020325,-2.9636622269674,0.00304001774429724,0.0238451532659506,"ALOXE3P1"
"ENSG00000275014.1",2.6480921500285,-0.59939372408847,0.501102679468179,-1.19614950916768,0.231638220179725,0.418308269930765,"RN7SL166P"
"ENSG00000275015.1",1.07822826292568,-1.54894078081465,0.559136799302764,-2.7702358040933,0.00560157230760037,0.0362263299994054,"AL353149.1"
"ENSG00000275016.5",1.49512757453513,1.6850486823565,0.559584124138793,3.01125176656827,0.00260173033266942,0.021431158210944,"AC015574.1"
"ENSG00000275017.1",4.96789066417967,-1.26069098597811,0.233575393820971,-5.39736213372027,6.76278025563155e-08,1.03757254862093e-05,"AL353748.2"
"ENSG00000275022.1",6.02635472313278,-0.155862397267386,0.159186290796364,-0.979119473716302,0.327520950670945,0.521231119057733,"MIR6753"
"ENSG00000275023.5",6762.29210563147,-0.224352200902127,0.0704035403680146,-3.18666078054299,0.00143925468150175,0.0141496665545731,"MLLT6"
"ENSG00000275024.1",6.6384496515119,0.110474013643617,0.188200083279098,0.587003000842382,0.557201691318449,0.721564069331649,"AC005383.1"
"ENSG00000275025.1",6.40653207776917,-0.0898181608210724,0.186936700887284,-0.480473659772296,0.630890628416341,0.776969657799332,"AC002401.3"
"ENSG00000275029.1",5.28090443463684,-0.327978988084215,0.171964213375123,-1.9072514079936,0.0564880393102121,0.168637914853229,"HMGB1P24"
"ENSG00000275052.5",4957.75527225354,0.0446148869539094,0.0467646670275616,0.954029821865614,0.340068547158183,0.533347566447023,"PPP4R3B"
"ENSG00000275055.1",9.03911083727006,-0.00642016327636713,0.130997806212808,-0.0490097007116094,0.960911565181321,0.980293038821646,"AC011468.5"
"ENSG00000275056.1",12.4427991989,-0.322851856463199,0.180215070338787,-1.79148090032797,0.0732161568851145,0.199925499938555,"AC020663.3"
"ENSG00000275066.5",2954.41034628514,-0.0535717037741948,0.0555903773963964,-0.963686635767785,0.335203056560904,0.528648774662174,"SYNRG"
"ENSG00000275070.1",11.2100169331329,-0.158020034506962,0.137169952878428,-1.15200181374278,0.249320328016245,0.439000511986718,"Metazoa_SRP"
"ENSG00000275074.2",393.089521470627,0.14752868865453,0.0874488474350276,1.68702839410366,0.0915978923240111,0.231308300147398,"NUDT18"
"ENSG00000275090.1",4.69304001437549,-1.76013535313235,0.558770084745386,-3.15001715586544,0.00163260875240495,0.0155076870738425,"RN7SL296P"
"ENSG00000275092.1",8.84329013730476,-0.00158150641037817,0.200896656462656,-0.00787223858388181,0.993718927250285,0.997125853586367,"AL031710.2"
"ENSG00000275097.1",1.86702594710039,-0.160361594349423,0.295966187225954,-0.541824036902554,0.587939730920211,0.745000828989712,"AC024940.5"
"ENSG00000275106.1",8.68391479551455,-0.316152123215173,0.140072472842555,-2.25706105417683,0.0240042600114814,0.0958586816075625,"AC025594.2"
"ENSG00000275110.1",1.22433563597864,-1.70868607325606,0.45803119069764,-3.73050156399504,0.000191098957012709,0.00346717034104858,"AL928646.1"
"ENSG00000275111.5",253.200054158212,-0.0448701962707931,0.0452462001100343,-0.991689825038859,0.321348856040892,0.515225979492869,"ZNF2"
"ENSG00000275119.1",1.09437349765636,-0.306020782487231,0.688214986488957,-0.444658701851941,0.656566418473173,0.795424685063402,"AC244131.2"
"ENSG00000275120.3",6.81051478388516,-0.0988714281874737,0.115116866833561,-0.858878728261641,0.390407426380208,0.581298548142824,"AC048382.5"
"ENSG00000275126.2",5.80815798646815,-1.0109595426923,0.671430119996744,-1.50568095261679,0.132149095908195,0.292723875586928,"H4C13"
"ENSG00000275131.3",220.058613742182,-0.410149394265651,0.107865290020102,-3.80242239360978,0.000143288158499295,0.00283805957459458,"AC241952.1"
"ENSG00000275132.1",6.47343160741175,-0.455230600623191,0.194091898155726,-2.34543844925431,0.0190047161887367,0.0824489783913186,"RN7SL663P"
"ENSG00000275139.1",2.44524296585695,-1.67206965502764,0.386829778995554,-4.32249466256023,1.54274816711956e-05,0.000544096554321095,"AL133492.1"
"ENSG00000275152.5",4.94502544263181,-0.16303732137034,0.197267376077086,-0.826478886740146,0.408532490026224,0.597963254657658,"CCL16"
"ENSG00000275160.1",22.6999697065596,0.0246810178694689,0.113333543589867,0.217773283069529,0.82760576199352,0.905708981462437,"AL354718.1"
"ENSG00000275178.1",4.81662128645505,-0.0936416394221733,0.225002790556379,-0.41617990243863,0.677278364927694,0.810576914355371,"AC018529.1"
"ENSG00000275180.1",52.3653935910424,-0.0798289601980263,0.154857095479156,-0.515500823201036,0.606203094497866,0.75932220272339,"AC048341.2"
"ENSG00000275183.2",221.191735429463,0.371529614912385,0.097855549811484,3.7967148069591,0.000146626311538377,0.00287522440405237,"LENG9"
"ENSG00000275191.1",7.78789322914935,-0.322742521378395,0.167907963081754,-1.92213945934924,0.054588212106802,0.164978698771946,"AC007497.1"
"ENSG00000275194.1",0.643859999330112,-1.14712777519001,0.991018852123436,-1.15752366640865,0.247058475873273,0.436356383938933,"AC004467.1"
"ENSG00000275197.1",3.65165745019686,-0.427250628493311,0.282111043706723,-1.51447679211549,0.129904955626762,0.289738439584766,"AC092794.2"
"ENSG00000275198.1",23.7748111192547,-0.0919221959336388,0.10284535920997,-0.893790411543697,0.371434040366189,0.56360938452721,"AL512791.2"
"ENSG00000275202.1",69.2602834382431,0.244863434747684,0.103762551592884,2.35984399948466,0.0182826214573543,0.0804285565776555,"AL161421.1"
"ENSG00000275210.1",3.82914190705958,0.296178180122936,0.189131226446942,1.56599301811234,0.117350251685486,0.270922495836241,"AC245884.11"
"ENSG00000275212.3",2.2922890547924,0.327205023811786,0.300820440193307,1.08770874612618,0.276723705421571,0.469402472339143,"LINC02826"
"ENSG00000275216.2",213.068082151195,1.64920045523717,0.366936461648934,4.49451234098137,6.97295596847808e-06,0.000306671893076012,"AL161431.1"
"ENSG00000275223.1",38.906326787472,-0.245868035983848,0.142952834415509,-1.71992417631401,0.0854462252529517,0.221133388274355,"AL121906.2"
"ENSG00000275227.1",3.40355322614788,-0.604811028577757,0.314516272945978,-1.92298803147029,0.0544815529680952,0.164776012260791,"AC093416.2"
"ENSG00000275232.1",1.50399844352558,-1.41348207079669,0.491419124489118,-2.87632694854145,0.00402332737994879,0.0289305914601804,"AC073578.2"
"ENSG00000275234.1",469.417281429154,-0.0366699408310935,0.0995579531668467,-0.368327588752646,0.712628983437139,0.833995766107989,"AC010503.4"
"ENSG00000275236.1",4.73055667197472,-0.163606221794038,0.191682392068767,-0.853527650757527,0.393366760611882,0.584189471007734,"AC009120.5"
"ENSG00000275248.1",1.69368870640554,0.095546207802979,0.285549640104844,0.334604546403553,0.737923414891685,0.850457118695427,"AL355810.1"
"ENSG00000275263.1",5.50747358649825,0.0881317630181513,0.136772320261058,0.64436841350599,0.519336561964875,0.692663735177333,"AC135048.3"
"ENSG00000275278.1",2.66905253659794,-0.776755451868238,0.373330264966435,-2.08061206057879,0.0374694290796596,0.12877771264056,"AC012150.2"
"ENSG00000275294.4",9.03027954383265,-0.129092824481141,0.143679286550881,-0.898479019349986,0.368930225667867,0.561576170590724,"LINC02340"
"ENSG00000275302.2",619.036348799567,0.124109500757204,0.141043277558697,0.879939142831915,0.378892278464729,0.570454512138843,"CCL4"
"ENSG00000275315.1",1.07249229085787,-0.643070850510835,0.398192129087503,-1.61497629796073,0.106315827800461,0.254243129935408,"AC141273.3"
"ENSG00000275318.1",36.6759410605443,-0.542692085763069,0.137016915030311,-3.96076707494847,7.47093812396626e-05,0.00178804786132047,"AL136981.2"
"ENSG00000275322.1",7.24120720340014,0.297689887718881,0.139078273452694,2.14044854259812,0.0323185351189161,0.116171560107328,"AC103746.1"
"ENSG00000275325.4",20.5596095435025,-0.902208127862311,0.222205376765615,-4.06024436039624,4.9021384049049e-05,0.00129838419979713,"PDCD6IPP1"
"ENSG00000275328.1",4.2854809342079,-0.318031453748473,0.211396710582491,-1.50442952906957,0.132470805777059,0.293138726238018,"SPDYE19P"
"ENSG00000275329.1",5.53495792475664,0.0623869427622175,0.158465061170042,0.393695255607625,0.693806044552297,0.821113951590483,"AL138781.1"
"ENSG00000275337.1",0.598786199571838,1.69875057965214,1.41913185409081,1.19703505685909,0.231292890888364,0.417934014455701,"RN7SL680P"
"ENSG00000275339.1",4.91824021456558,-0.442747011300011,0.219315271948606,-2.01876963408077,0.0435111685813189,0.14239713144615,"Z99129.1"
"ENSG00000275340.1",3.09149311331009,0.234935161136521,0.230834760416061,1.01776335900654,0.308790428862565,0.502643120721722,"FGD5P1"
"ENSG00000275342.5",1219.97591447031,0.0940918398805759,0.0953251265330484,0.987062312977419,0.323612091701196,0.517136285351249,"PRAG1"
"ENSG00000275348.1",1.2698279091559,-0.750348200317006,0.692727746437132,-1.08317907601685,0.278728945254338,0.471212651319201,"AC096861.1"
"ENSG00000275356.5",1.07652210922506,-0.203764680368027,0.467232029934386,-0.436110256389405,0.662756736095088,0.800071069103802,"C7orf77"
"ENSG00000275358.1",2.24637167419186,-0.326519831277978,0.259412935372363,-1.25868754697714,0.20814321115526,0.390076663607772,"AL080312.2"
"ENSG00000275361.1",4.30902481057268,0.0372775381811445,0.264328288606052,0.141027426075845,0.887848275991075,0.940275343412153,"AC245517.5"
"ENSG00000275367.1",26.3139817355967,0.178041409457373,0.146104813709716,1.21858688250416,0.223001030257161,0.407685519494117,"AC092111.1"
"ENSG00000275371.1",8.6657835820202,-0.33926905488245,0.1690857105321,-2.00649158237438,0.0448038259574176,0.145201380083744,"AC012645.4"
"ENSG00000275373.1",3.01542211402093,-0.0995248623045181,0.281196652130103,-0.353933311618768,0.723388861749828,0.841226412448982,"MIR6124"
"ENSG00000275379.2",4.91164862290642,-0.475632897246055,0.398258155063875,-1.19428288209132,0.232367331345501,0.419011296240361,"H3C11"
"ENSG00000275381.1",2.59914349335788,-0.688354536959489,0.271887610362501,-2.53176132609251,0.0113491213076762,0.0583907117441605,"AC019206.1"
"ENSG00000275383.1",5.02302254227593,-0.681742589613284,0.180991268182917,-3.76671535846849,0.000165409404426347,0.00313162830257625,"AC126773.6"
"ENSG00000275385.2",6041.12982340644,0.0281926851710208,0.18466085714884,0.152672773246671,0.878656332816206,0.935144281796505,"CCL18"
"ENSG00000275389.1",7.26150227920138,0.0535943449496638,0.12688769717202,0.422376212541763,0.672750437767221,0.807043574553529,"AC068790.9"
"ENSG00000275392.1",16.1542223528806,-0.810750999917207,0.225224519783026,-3.59974571462404,0.000318528518218284,0.0049975438849956,"AL445493.3"
"ENSG00000275393.1",7.5307562668509,0.485308624809149,0.228520318911097,2.12370010300026,0.0336952287781877,0.119673058642224,"AC018695.6"
"ENSG00000275395.6",3274.4512652431,-0.23724533278512,0.200952829818122,-1.18060209950686,0.237760829201775,0.425444664955831,"FCGBP"
"ENSG00000275401.1",3.91710333830737,-0.365577991682897,0.187062869016205,-1.95430548887405,0.0506651001208793,0.157081957444004,"AL391095.3"
"ENSG00000275409.1",7.90669998958547,-0.121462551317365,0.1297643740633,-0.93602386783074,0.349260899002171,0.542951453910824,"AC026367.2"
"ENSG00000275410.5",1228.30855394587,0.0158163581727635,0.155977638425598,0.10140144659459,0.919231788178284,0.957511542576172,"HNF1B"
"ENSG00000275413.1",20.4484707901855,-0.58790316003563,0.162798389636089,-3.6112344928583,0.000304742964280638,0.00485213175982557,"AC002553.2"
"ENSG00000275418.1",3.51398403927513,-0.220438701836431,0.193433204560388,-1.13961148675285,0.254448197643111,0.444928110475648,"AC104971.3"
"ENSG00000275426.1",21.2088160897324,-0.524240282016076,0.178221783976044,-2.94150507485965,0.00326621490712613,0.0250788959647025,"AC253576.2"
"ENSG00000275437.1",44.9270710042407,-0.546371408276489,0.154009996902074,-3.54763599290178,0.000388705024383893,0.00571105238640996,"AL121832.3"
"ENSG00000275438.1",3.21333986161046,0.247687554250923,0.20895628771168,1.18535583189861,0.235876787175232,0.423230712768795,"AL031008.1"
"ENSG00000275443.2",2.12931992718761,-0.463058940212378,0.322150067246869,-1.43740134580673,0.150603986622647,0.318009673788786,"AC012409.2"
"ENSG00000275454.1",9.19337883898159,-0.161896955230469,0.0969505476270323,-1.66989211709546,0.0949407102629822,0.236768619234866,"AC105020.6"
"ENSG00000275457.1",21.3307959299181,0.182384283658035,0.0851512998605051,2.14188490318782,0.0322027449906919,0.115867933532379,"AL117332.1"
"ENSG00000275464.5",161.859174430276,0.134358973766218,0.114004950794584,1.17853630767587,0.238582866565832,0.426145543459744,"FP565260.1"
"ENSG00000275468.1",6.70110178346553,-0.243785367585761,0.163383001951766,-1.49210973402075,0.135670380485733,0.297495486893993,"AC004678.1"
"ENSG00000275475.1",1.92298326392733,-0.122913569041891,0.303993276805456,-0.404329892863226,0.685970146360532,0.816313546226586,"IGHV3-54"
"ENSG00000275476.1",8.71567667947469,-0.0733028923160917,0.166143873207646,-0.441201296809049,0.659067274477334,0.797140325841026,"AC009318.4"
"ENSG00000275479.1",12.6890102712968,-0.0793386527600018,0.118212061700757,-0.671155308676033,0.502121595756431,0.678289957296067,"AC087741.2"
"ENSG00000275481.1",20.9347938376964,-0.598842782973497,0.168009399371873,-3.56434095480585,0.000364771549452787,0.00549269072633724,"AC025031.4"
"ENSG00000275484.1",12.9358221411215,-0.115653883891032,0.131140551013518,-0.881907869055012,0.377826631337442,0.569365049432736,"AP003419.3"
"ENSG00000275485.1",4.77929769148907,-0.438786141513493,0.163370654089395,-2.68583206671495,0.00723494422264721,0.0430330900032785,"AL512652.1"
"ENSG00000275488.1",2.96653863655149,-1.79381692058668,0.345473237569178,-5.19234697659463,2.07659531600564e-07,2.43386475404105e-05,"AC023509.5"
"ENSG00000275491.1",16.1320423199719,-0.522973300589937,0.175973293397688,-2.97189016862946,0.00295972541815475,0.023427703381403,"LINC01730"
"ENSG00000275494.1",45.4334646199983,0.128227578799035,0.12270372151725,1.04501784634958,0.296014721398536,0.488680424432065,"AC133552.5"
"ENSG00000275506.1",4.3271132174573,-0.89971718030769,0.243550689650024,-3.69416806661709,0.000220607860812972,0.00386863243877728,"H3P25"
"ENSG00000275515.1",1.71261984990783,-0.362469695524352,0.261169095352733,-1.38787361128928,0.165175534653695,0.337056518435753,"AC012676.2"
"ENSG00000275532.1",19.1273304151763,-0.254505335849085,0.0927957235782816,-2.74264078165614,0.00609473179778906,0.0383967682225825,"AC006449.2"
"ENSG00000275549.1",18.3568171861565,-0.457908615505318,0.193834077239831,-2.36237416054943,0.0181583050403534,0.0801676766620455,"STPG3-AS1"
"ENSG00000275550.1",2.85072744103537,-1.764196771416,0.29188945429861,-6.0440579316414,1.50285509229894e-09,5.68574483953507e-07,"AL096712.1"
"ENSG00000275552.1",7.91874260633452,-0.328385450439539,0.160812361855314,-2.04204108845185,0.0411474557553742,0.13712519741607,"AC243965.2"
"ENSG00000275557.1",30.3772251453401,-0.0072217164855978,0.135913546431695,-0.0531346335608065,0.957624636826934,0.978435549976973,"AC242842.1"
"ENSG00000275560.1",35.3799494570265,-0.175463984242615,0.132899687256508,-1.32027386869583,0.186743596853944,0.364776729057636,"AC008115.3"
"ENSG00000275562.1",2.1391919625987,-1.75474194014442,0.415904144570418,-4.21910183645049,2.45277473850095e-05,0.000769853737975133,"AC104763.2"
"ENSG00000275567.1",2.79082377863469,-0.453323518226522,0.286604666067931,-1.58170320269341,0.113717341248544,0.265627688359488,"AC008250.2"
"ENSG00000275569.1",5.80555234782716,-0.314974823556233,0.18158900351923,-1.73454789360567,0.0828209156259681,0.21675628833703,"AL355073.2"
"ENSG00000275576.1",6.7797521709432,-0.00217847814844166,0.235189837903096,-0.00926263722899139,0.992609590441303,0.99655400861852,"AL049539.1"
"ENSG00000275580.1",34.1090653777834,-0.054631619010998,0.109876909515067,-0.497207459257003,0.619042761823827,0.768212113450699,"AC022306.2"
"ENSG00000275582.1",27.6397247853172,-0.400782820793327,0.123788063446536,-3.23765320851332,0.00120517209439705,0.012524008124655,"AL031670.1"
"ENSG00000275591.5",8.32457068388414,0.281388481558451,0.213662895921944,1.31697401340684,0.187847335348886,0.366025864490558,"XKR5"
"ENSG00000275601.1",8.8454038586837,-0.191174664639326,0.134427262735273,-1.42214206217831,0.154985014166514,0.324043611291771,"AC011330.2"
"ENSG00000275607.1",1.04846541433199,-1.76242992114883,0.561389593884084,-3.13940611003335,0.00169290654643551,0.015912461222608,"AC135507.2"
"ENSG00000275612.1",3.06428006416114,-0.0394900161072314,0.362098959340052,-0.109058629108475,0.913155988292392,0.95389860118034,"AC104237.2"
"ENSG00000275613.2",9.01130859291367,-0.479671850523535,0.227293757348318,-2.11036086569003,0.034827284599789,0.12225904535858,"AC243830.1"
"ENSG00000275620.1",17.2201245810825,0.197881126279092,0.222965086585856,0.887498259521877,0.374810702834041,0.566589753425978,"FLJ16779"
"ENSG00000275632.1",15.2027661726779,-0.390604433080744,0.117128474564619,-3.33483753231373,0.000853492491675986,0.00985451658649146,"AL035461.2"
"ENSG00000275647.1",1.03331429456801,-0.666233900163777,0.586190287159334,-1.13654885582007,0.25572693078269,0.446293131705232,"AC093783.1"
"ENSG00000275655.1",1.64603579475455,0.912046644924087,0.324066529759983,2.81438087913487,0.0048871286401182,0.0329033718534793,"RN7SL313P"
"ENSG00000275676.1",2.67028412385642,-0.696115486548485,0.415538238616654,-1.6752140281142,0.0938922461632919,0.2350341768056,"BX005040.1"
"ENSG00000275678.1",18.1033340492886,-1.17998597387873,0.341485695290597,-3.45544773954467,0.000549379681974271,0.00718356577392043,"AL133320.2"
"ENSG00000275700.5",2951.66965375204,0.171160165486982,0.0654779847533283,2.61401089437594,0.00894861830768527,0.0497788386495849,"AATF"
"ENSG00000275703.1",14.862119725818,-0.350608336618974,0.140617709061664,-2.49334410977513,0.0126546139050429,0.062685621297514,"U47924.3"
"ENSG00000275710.1",7.16224777602379,-0.213858883193796,0.137168193763146,-1.55909965223479,0.118972795962853,0.273396003312484,"AC007485.1"
"ENSG00000275713.2",87.3486536865036,-0.411094442599772,0.251618500657713,-1.6338005413958,0.102300738635379,0.248152895547372,"H2BC9"
"ENSG00000275714.2",6.32655721762734,-0.815566657170664,0.244563297481123,-3.33478762173468,0.000853645686343717,0.00985451658649146,"H3C1"
"ENSG00000275718.2",3.32525487274619,0.0970913465080079,0.260365438817314,0.372904126404167,0.709219800759678,0.831553382210605,"CCL15"
"ENSG00000275719.1",9.03280505044043,-0.0589863198263187,0.122136957507598,-0.482952261379601,0.629129632878374,0.77584964505018,"AC008622.2"
"ENSG00000275720.1",6.95936037709762,0.0116733786891249,0.175505212062219,0.0665130029584906,0.946969405770659,0.972211521705356,"AC243830.2"
"ENSG00000275734.2",38.0435411974072,-0.20936986107768,0.106856582227879,-1.95935389952099,0.0500713555716469,0.155884200584144,"AC010538.1"
"ENSG00000275743.1",6.71360207785634,-0.14030953692303,0.161132183530784,-0.87077288874587,0.383878171131908,0.575359291923407,"TRBV14"
"ENSG00000275747.1",6.73709045183524,-0.573622151527909,0.203458922286669,-2.81935117458102,0.00481208399219623,0.0325421228533048,"IGHV3-79"
"ENSG00000275756.1",1.60739817091243,0.0190044602932128,0.317754237450914,0.0598086761821659,0.952308015355215,0.974862659045875,"AL354751.3"
"ENSG00000275759.1",15.7128399236428,-0.184551084639496,0.130753615121036,-1.41144154575505,0.158114460032554,0.328191739561063,"AC026367.3"
"ENSG00000275763.3",15.0496708441068,0.159665547285285,0.123298528713041,1.29495095320142,0.195337149591956,0.375013230633143,"ZNF516-DT"
"ENSG00000275764.1",286.696322785584,-0.0861992582359731,0.0909745897535893,-0.947509172280408,0.343379384595297,0.536773516752174,"AC092747.4"
"ENSG00000275765.5",71.0168272834154,0.19834728018118,0.0918261804590878,2.16002973432562,0.0307703677972399,0.112569511245531,"AC091982.3"
"ENSG00000275769.1",10.238613120844,-0.193194257433328,0.147502927099959,-1.30976558385451,0.190275149230574,0.369088100653496,"AC068792.1"
"ENSG00000275772.1",2.14303629535368,0.282059262630324,0.268527602114515,1.05039206550557,0.293537892139135,0.486110079734791,"AC244157.2"
"ENSG00000275791.1",11.1238834478638,-0.154409636426184,0.16730476742839,-0.922924306339772,0.356046652840519,0.54949330346213,"TRBV10-3"
"ENSG00000275793.1",17.2459789200794,0.223445826901361,0.135213202980883,1.65254444074484,0.0984236134525248,0.241956535677096,"RIMBP3"
"ENSG00000275803.1",2.62797656745447,-1.62197547613133,0.44556736301222,-3.64024749291804,0.000272376106127588,0.00447209472315523,"RN7SL736P"
"ENSG00000275805.1",2.45929773195484,-1.17894598099837,0.327850497646478,-3.59598655320522,0.000323164493094618,0.00504675391529784,"AC090206.1"
"ENSG00000275807.1",21.2997879367132,0.0648347388141895,0.110469781121061,0.586900219736459,0.55727072220891,0.721564069331649,"AC145285.6"
"ENSG00000275811.1",2.46232859833614,-1.46002802994271,0.422564887068952,-3.45515700575583,0.000549972456888187,0.00718611970454412,"HTR1DP1"
"ENSG00000275830.2",11.926120229792,0.0150902516236058,0.208690630458576,0.0723091956282203,0.942355846802211,0.969855426986492,"AL390755.1"
"ENSG00000275832.5",2136.71822423986,-0.0579190294064061,0.115950595840609,-0.499514719924545,0.617416819473708,0.767288472218669,"ARHGAP23"
"ENSG00000275833.1",5.507035049712,-0.35123473333143,0.168677263784947,-2.08228853996133,0.0373161220517057,0.128441142407692,"AC073107.2"
"ENSG00000275835.5",785.621044895392,-0.0778939971312847,0.0620355423783001,-1.25563498189921,0.209248342173675,0.391420668389042,"TUBGCP5"
"ENSG00000275839.1",4.48585694298922,-0.389978517195776,0.258865138465736,-1.50649299286545,0.131940664584603,0.29239835891734,"AC243654.2"
"ENSG00000275850.1",2.81379893314685,-1.37312714764279,0.246686574564978,-5.56628243780288,2.60231329392411e-08,5.05665339510882e-06,"AC005912.2"
"ENSG00000275854.1",20.4426121974644,-0.100580672772101,0.141198294731742,-0.712336313715342,0.476256542259189,0.656481971657151,"AC084824.4"
"ENSG00000275874.1",23.6183115179956,1.03996799009161,0.322836903034256,3.22134173732071,0.00127591909282101,0.0130199872042963,"PICSAR"
"ENSG00000275875.1",2.06146360342944,0.322508735229333,0.300341661929635,1.07380618844978,0.282909555743585,0.475438283749997,"AC091812.3"
"ENSG00000275877.1",0.288918018943449,0.33116694777039,1.14509527276333,0.289204711299893,0.772424726735815,0.87274609472665,"5_8S_rRNA"
"ENSG00000275878.1",1.2892790315778,0.524785916417449,0.552175882370268,0.950396301563833,0.341910922520873,0.535178201386339,"RN7SL43P"
"ENSG00000275880.1",31.3789169461814,0.131615789547477,0.187971144307756,0.700191457748371,0.483807745588715,0.663020139700547,"AL139385.1"
"ENSG00000275882.1",4.39954454214688,-0.157907701962556,0.179790113830602,-0.878289126127016,0.379786835337901,0.571336275310864,"IKBKGP1"
"ENSG00000275888.1",51.9219536866349,-0.211134438779441,0.127820432823706,-1.65180506836997,0.0985742951519605,0.24218389849415,"AC132872.3"
"ENSG00000275894.1",35.016647819575,-0.550444088365823,0.183524098841708,-2.99930140967802,0.00270599464871327,0.0220270610854795,"AL021578.1"
"ENSG00000275895.7",41.292334464559,-0.401427836749922,0.215419047554297,-1.8634741974186,0.0623955794877632,0.180322478955895,"U2AF1L5"
"ENSG00000275896.6",285.4692400568,-0.211546654866211,0.316146822192991,-0.669140538559875,0.503405832460228,0.679418290096415,"PRSS2"
"ENSG00000275897.1",18.9132828524303,0.103357246004847,0.147702868158574,0.699764651109433,0.484074293785865,0.663259036887986,"AC021491.4"
"ENSG00000275898.1",2.23013401392658,-0.649133776973533,0.271293579687486,-2.39273549238171,0.0167232923651949,0.0757199201298019,"AC125603.4"
"ENSG00000275910.1",12.1020773403426,-0.503963898643133,0.185040817297999,-2.72352827879875,0.00645886858651211,0.0399470763237503,"AC138932.4"
"ENSG00000275927.1",2.0233946579677,-0.858759802784761,0.377026234805675,-2.27771895827721,0.0227433274584404,0.0925099085001659,"AC009152.1"
"ENSG00000275936.1",5.51478511633444,-0.0034584922942937,0.176483704091091,-0.019596666514369,0.984365123059962,0.992519063889678,"AC004263.1"
"ENSG00000275945.1",3.06294095409565,-0.046184555667164,0.160952811574437,-0.286944696494504,0.774154665997436,0.873959217898771,"EIF3FP1"
"ENSG00000275956.1",8.65222557027668,-0.919917143721257,0.196005031273255,-4.69333433813125,2.68787665072363e-06,0.000153231981733804,"AC104446.2"
"ENSG00000275961.1",0.897791365479127,1.08107612465572,0.800436209344924,1.35060872063806,0.176820805810745,0.352575415569544,"RN7SL210P"
"ENSG00000275963.1",8.61105370291816,-0.117834314498753,0.120403597331233,-0.978661079158526,0.327747468997468,0.521466976598934,"AC008115.4"
"ENSG00000275964.1",118.220330083859,0.194640705963462,0.0958711008752418,2.03023334650919,0.0423328257424837,0.139640024516448,"AL355001.2"
"ENSG00000275981.1",3.22290462759127,-0.809778022134473,0.368793175905917,-2.19575110126511,0.0281097633604263,0.106046272131294,"AC018816.2"
"ENSG00000275989.2",0.800683823519055,1.38482520483585,0.525958865770873,2.63295343982116,0.00846459502652647,0.0479516355654493,"AL442128.1"
"ENSG00000275993.3",975.04061778086,-0.0740813563761736,0.164712221075591,-0.449762354562479,0.652881804912417,0.792749331884792,"SIK1B"
"ENSG00000275995.1",3.26042840144406,-0.571437851143928,0.195906995704832,-2.91688333582992,0.0035354798443826,0.0264628440780193,"AC109809.1"
"ENSG00000276007.1",51.5079582034664,-0.187482769993441,0.0893394781575848,-2.09854337477484,0.0358571724882527,0.124978312777575,"AC079414.3"
"ENSG00000276014.1",0.977029413831911,1.19287381366246,0.458351098572672,2.60253289972933,0.00925379359677606,0.0509331063211666,"RN7SL301P"
"ENSG00000276023.5",968.890976027482,0.311007848873395,0.0826481694040786,3.76303372616559,0.000167864553351634,0.00317000259485873,"DUSP14"
"ENSG00000276030.1",8.56195440110228,-0.486870239271985,0.171192800388389,-2.84398782055911,0.0044552750914958,0.0309664871860479,"AC073534.2"
"ENSG00000276031.1",0.973290501493997,1.34708351078423,0.789647948723109,1.70592922195583,0.0880212582653601,0.225405103563467,"RN7SL197P"
"ENSG00000276043.5",732.803782479014,0.290566069722219,0.150136603930371,1.93534462693039,0.0529480194444403,0.161754116196248,"UHRF1"
"ENSG00000276045.3",1377.09060555044,0.175193656026763,0.0741877505449527,2.36149033687991,0.0182016462712435,0.0802951383739909,"ORAI1"
"ENSG00000276047.1",1.70370056298649,-0.570167650003533,0.515450073472154,-1.10615494952361,0.268659458259449,0.460484782869288,"RN7SL711P"
"ENSG00000276058.1",5.63703345895884,-0.0120969593593818,0.148713430289014,-0.0813440947187637,0.935168307640033,0.965984075558963,"STMN1P1"
"ENSG00000276067.2",4.15574339101303,-0.147634258454461,0.370797195851227,-0.398153654089917,0.690516926436793,0.818972606314707,"SLC23A4P"
"ENSG00000276070.5",253.238025110305,0.221598194133002,0.15840610090559,1.39892461758827,0.161835589505998,0.332957005148566,"CCL4L2"
"ENSG00000276071.1",18.6836865033776,-0.274580847416008,0.164921503395967,-1.66491841125627,0.0959290344888442,0.23830512947598,"AC074138.1"
"ENSG00000276075.1",9.82996729645139,0.0154235224218277,0.12646051339049,0.12196314887796,0.902928203273408,0.948375633769706,"AC027682.6"
"ENSG00000276085.1",92.5313718815202,0.0859537090831919,0.157889031093825,0.544393163272463,0.586170949431698,0.743556203245555,"CCL3L3"
"ENSG00000276087.2",1.33394868224596,-0.182584295849139,0.429853740688132,-0.424759118198782,0.671012282643589,0.805945810673293,"AC008073.3"
"ENSG00000276093.1",13.0260210340085,-0.184055172710404,0.269620792982455,-0.682644578982383,0.494831457701882,0.672224020889416,"AL132822.1"
"ENSG00000276096.1",4.3054337574117,-0.117693793885752,0.141485940436489,-0.831840913115907,0.405498747052593,0.595066328100762,"Metazoa_SRP"
"ENSG00000276097.1",1.53483385570983,-0.996457219046082,0.408324438730727,-2.44035655113752,0.0146727720181857,0.0692738802238637,"AC006538.3"
"ENSG00000276103.1",5.58131923469235,-0.118915691738592,0.146074695624788,-0.814074547477013,0.415602245943709,0.604378683244689,"U4"
"ENSG00000276107.1",30.1810582478858,-0.445692094509565,0.179914990588219,-2.47723712767016,0.0132403902207811,0.0647872298090045,"AC037198.1"
"ENSG00000276115.1",31.8785939894211,-0.0815056399677433,0.136544635511889,-0.596915724020857,0.550563648618236,0.716121748438428,"AC026356.2"
"ENSG00000276116.2",23.5067231752037,0.307306382592809,0.134437923834475,2.28586081834451,0.0222624023004349,0.0912448799444021,"FUT8-AS1"
"ENSG00000276122.1",10.8295347326565,-0.742977844144274,0.613674847486963,-1.21070278044931,0.226009336405533,0.411468739374933,"AC026336.3"
"ENSG00000276136.1",26.66662039979,-0.143756522842356,0.10982389935614,-1.30897303487812,0.19054348497539,0.369368227630484,"AC016957.2"
"ENSG00000276141.4",71.8541273896421,-0.281608184240433,0.104434708592329,-2.69649992838796,0.00700724126718842,0.0422171703779414,"WHAMMP3"
"ENSG00000276148.1",24.1919015145458,-0.149417732114045,0.105037302979964,-1.42252064623695,0.154875162217112,0.3239059473393,"AC084824.5"
"ENSG00000276156.1",0.839537629708886,-1.41363692865783,1.05765890051538,-1.33657167539459,0.181362489826123,0.358284854935019,"AL138880.2"
"ENSG00000276160.1",1.62993397185462,-1.04412602242534,0.304017707771881,-3.43442502108726,0.000593812324439037,0.00757173256129792,"GGTLC5P"
"ENSG00000276162.1",1.14997506203628,-1.96458906915852,0.95550832758751,-2.05606692525512,0.039776065762603,0.134116321392986,"MIR5739"
"ENSG00000276166.1",5.26099281996195,-0.164738565205814,0.148635599250229,-1.10833855440294,0.267715630763761,0.459431876737709,"AC092118.2"
"ENSG00000276168.1",11522.7561879396,0.101352986074574,0.243328765939576,0.416526939111435,0.677024458953691,0.81049390291629,"RN7SL1"
"ENSG00000276170.4",60.8856291095376,0.308909520026024,0.227608454318529,1.35719703800509,0.17471861165501,0.350057575845836,"AC244153.1"
"ENSG00000276174.1",5.78923614925977,-0.542284157201137,0.193004370431301,-2.8096988476961,0.00495878760183752,0.0332312632101402,"AC087683.2"
"ENSG00000276180.1",510.848359780805,0.14427485452707,0.115931069967328,1.24448825123178,0.21331992074182,0.396172738912315,"H4C9"
"ENSG00000276213.1",2.23255654564512,1.0655319969897,0.53818444849222,1.97986396666588,0.0477188163019359,0.151060430839627,"Metazoa_SRP"
"ENSG00000276214.1",1.5097220743766,-2.67345444549118,0.809537559964738,-3.30244645548952,0.000958453847696025,0.0106828938571623,"AC008833.1"
"ENSG00000276216.1",2.7972940751475,-0.295953455837577,0.259571524482483,-1.14016148892923,0.254219028514505,0.444686287833417,"AC245014.3"
"ENSG00000276223.1",6.94108747969958,-0.0311524955580881,0.171697261646478,-0.181438511362113,0.856023392786907,0.92288419468458,"AL118522.1"
"ENSG00000276231.5",169.942985971303,-0.160311856704345,0.10574861219058,-1.51597125847317,0.129526620146757,0.289146423799516,"PIK3R6"
"ENSG00000276234.5",793.530598596442,-0.059131136722861,0.0500181705365027,-1.18219311279503,0.23712908477928,0.424699479238074,"TADA2A"
"ENSG00000276248.1",56.1375892536004,-0.246613994968921,0.141691459131488,-1.74050007305004,0.081771247255022,0.21507427199095,"AL442125.1"
"ENSG00000276250.1",4.60885014841126,-0.114746065109802,0.170712654363005,-0.672159105825889,0.501482411885995,0.677887284671354,"AC127024.6"
"ENSG00000276255.2",5.95779813936548,-0.923850726965427,0.247411599961984,-3.73406391255455,0.000188414647368714,0.00344099651489034,"LINC02809"
"ENSG00000276261.1",7.64363507191838,0.0940833811403306,0.129628901975603,0.725790157182985,0.467967421843969,0.649276520063814,"AC009509.4"
"ENSG00000276272.1",4.46794223230234,0.271667948354373,0.180073679953979,1.50864883987378,0.131388546012076,0.291663391739716,"AC024884.2"
"ENSG00000276281.1",1.4310399095247,0.958359591413714,0.621860332827094,1.54111709788085,0.123288289290792,0.279696845141677,"RN7SL126P"
"ENSG00000276282.1",2.6684405328021,-1.20040928981008,0.271210080974141,-4.42612341509731,9.59416467065388e-06,0.000388114853438736,"AC022960.2"
"ENSG00000276289.4",11.030021292153,-1.05376679591958,0.25071151123597,-4.2031049580638,2.63278434423562e-05,0.000809356317383531,"KCNE1B"
"ENSG00000276291.5",185.201289091506,-0.0700576008849603,0.0601006255956054,-1.16567174119537,0.243747189726953,0.432553474498454,"FRG1HP"
"ENSG00000276293.4",3805.30919433826,-0.0216647721910711,0.0499038501693909,-0.434130274869241,0.664193841857106,0.801428152252415,"PIP4K2B"
"ENSG00000276317.1",48.0847587778213,-0.0796916541359641,0.129186962383045,-0.616870717183326,0.53732000286059,0.705643709751246,"AL357033.3"
"ENSG00000276326.1",1.04845655639063,-2.1882145986751,0.597652293117643,-3.66135062790492,0.000250889121373894,0.00424217954184919,"MIR2909"
"ENSG00000276334.1",87.5394558698289,-0.187306185642842,0.152368764347912,-1.22929516718502,0.218961158606651,0.403089513601948,"AL133243.2"
"ENSG00000276337.1",33.9975902364072,-0.352971981604965,0.185540071109271,-1.90240296607997,0.0571184935612305,0.169941555507958,"AC105429.1"
"ENSG00000276359.1",1.36538366137927,-0.490841991725575,1.11257020286864,-0.441178444703978,0.659083816891448,0.797140325841026,"Metazoa_SRP"
"ENSG00000276365.1",5.47389372543086,-0.207830957890606,0.19010236892026,-1.09325811703999,0.274280486487241,0.466923364351369,"MIR145"
"ENSG00000276368.2",6.33079613658162,-0.411920341229069,0.311105529441483,-1.32405342318594,0.185485302794831,0.363427623937637,"H2AC14"
"ENSG00000276375.1",1.55147319865245,-1.04943197489289,0.415499052585722,-2.52571448325115,0.0115463276771266,0.0590041269922602,"AL157712.1"
"ENSG00000276386.1",6.76174578486681,-0.0919039912259097,0.225771381738952,-0.407066611002866,0.683959065550277,0.814852358896596,"CNTNAP3P2"
"ENSG00000276390.1",19.9009700372052,-0.266651293752259,0.109274172822572,-2.44020418425146,0.0146789625181446,0.0692906137979001,"AC004241.3"
"ENSG00000276393.1",1.58427276733062,-1.05396173433949,0.434410851374407,-2.42618647993005,0.0152584276976758,0.0711855503029925,"AC105429.2"
"ENSG00000276396.1",1.82393039308763,-0.230583749868999,0.509818685920499,-0.452285795395417,0.651063107644387,0.791464711096673,"Metazoa_SRP"
"ENSG00000276399.1",1.39900256181188,0.219671271860908,0.708077108708541,0.310236369964798,0.756381214762795,0.862138374579675,"FLJ36000"
"ENSG00000276405.1",5.50785935697027,-0.192456815058651,0.205049478974343,-0.938587193790103,0.347942730330725,0.541764859235049,"TRBV13"
"ENSG00000276409.5",17.0026518854784,-0.355196106307958,0.227504015720509,-1.56127400733146,0.118459113730008,0.27268611445849,"CCL14"
"ENSG00000276410.4",5.91474356961741,-1.06487128481736,0.445131681640025,-2.39226127624524,0.0167449173128885,0.0757869130095156,"H2BC3"
"ENSG00000276412.2",4.51240519198885,-0.519397143551687,0.227994722104054,-2.27811038237385,0.022720001830452,0.0924489148058223,"AL591926.2"
"ENSG00000276417.1",2.95638521415506,-0.166610797895258,0.273519734601208,-0.609136295551679,0.542434101426179,0.71032325907732,"AC092111.2"
"ENSG00000276422.2",3.7992530144661,-0.95972849010853,0.40101807107691,-2.39323002958754,0.0167007668689105,0.0756544483952297,"AL590491.2"
"ENSG00000276434.1",8.54956171315878,-0.484116946284855,0.217994963934024,-2.22077123961163,0.0263664594901762,0.101891627229025,"AL136221.1"
"ENSG00000276445.1",10.2018766479464,-0.135408053140275,0.135809600411016,-0.997043307177656,0.318743489384561,0.512456069764676,"AC005393.1"
"ENSG00000276449.1",34.0973615670391,-0.214158398019063,0.130809042598381,-1.63718343751348,0.101592146648961,0.24690176935425,"AC004076.2"
"ENSG00000276476.3",42.8222703987561,-0.256801690682554,0.242455223329633,-1.05917161592108,0.289521629236969,0.481879898124602,"LINC00540"
"ENSG00000276486.1",1.63009451991122,-1.63293374184718,0.62670543086811,-2.6055841571139,0.00917177389186862,0.0506597555007547,"AC022960.3"
"ENSG00000276488.1",17.4313304587,-0.167249539097297,0.112777872160048,-1.48299959818311,0.138074517528167,0.300337500865468,"AC008735.4"
"ENSG00000276505.1",3.16239096393425,-0.147749188255448,0.190064606892118,-0.777362974997822,0.436944650231462,0.622446546581493,"AP000892.3"
"ENSG00000276514.1",0.652482036512944,-2.14091083838396,1.3646323877357,-1.56885536179917,0.116681645056811,0.2697883192497,"AC008534.2"
"ENSG00000276517.1",49.0344735821896,-0.709217779067896,0.138816582380988,-5.10902780419573,3.23820703037347e-07,3.30704376264491e-05,"AL133243.3"
"ENSG00000276520.1",0.808123025201334,-0.149517748435235,0.540243626931401,-0.276759856075489,0.781964507715605,0.879068143521173,"CR589904.1"
"ENSG00000276523.1",15.3029317390224,-0.273451967689095,0.135416801373437,-2.01933559880063,0.0434523502420681,0.142261687148114,"AC025287.3"
"ENSG00000276527.1",2.41000880621474,0.315027468348128,0.325835275310392,0.966830457653893,0.333628795791717,0.527221544441506,"AL356515.1"
"ENSG00000276529.1",64.6466558845087,0.139912221120529,0.115580086698865,1.2105218564601,0.22607870918398,0.411572531980656,"AP001505.1"
"ENSG00000276531.1",2.69667460334436,0.156529597944797,0.249637149719947,0.627028461590745,0.53064057873095,0.700750338649381,"SNX19P4"
"ENSG00000276532.1",0.826620368466779,0.290382174468005,0.796162993458992,0.364727043147807,0.715315169679733,0.835877573414319,"Metazoa_SRP"
"ENSG00000276533.1",30.8322718221905,-0.240456224373207,0.159758630672897,-1.50512196655927,0.132292722442321,0.292929928820715,"AC018926.2"
"ENSG00000276545.1",14.1885227405037,-0.0246150285615257,0.196190819379299,-0.125464731934969,0.900155644210854,0.946871732353362,"PCDHGB9P"
"ENSG00000276547.1",228.317461130739,0.451238551676316,0.1689375919263,2.67103695827019,0.00756173205602768,0.0443262518510245,"PCDHGB5"
"ENSG00000276550.4",893.169861714982,-0.200840989099826,0.130941683267417,-1.53382012578574,0.125073910350788,0.28248325739833,"HERC2P2"
"ENSG00000276557.1",15.4612984667586,-0.0791282798859677,0.151240189249602,-0.523196117900756,0.600837782693385,0.754799347189301,"TRBV18"
"ENSG00000276563.1",2.51370263702672,0.129442536831515,0.258735153097991,0.500289718198791,0.616871092765049,0.766896538141403,"AL359075.1"
"ENSG00000276564.1",61.1920525647879,-0.438736274336748,0.17017857616,-2.57809346062605,0.00993471236333025,0.0535158244763266,"AC130650.2"
"ENSG00000276566.1",123.465623705321,-0.0557515914052507,0.253133090503588,-0.220246160999091,0.825679447859888,0.904566982869095,"IGKV1D-13"
"ENSG00000276570.1",71.9940401348762,-0.004236017933729,0.101795168367476,-0.0416131531747868,0.966807087607982,0.983200143541328,"AC010327.6"
"ENSG00000276571.1",16.7354822201335,-0.234281217412176,0.11837516392487,-1.97914165137602,0.0478000601220727,0.151159663036723,"AC002550.2"
"ENSG00000276573.1",4.9330704573923,-0.471080473593493,0.20763735301221,-2.26876555089677,0.0232825869278472,0.0939070603570221,"AL442067.1"
"ENSG00000276588.1",0.873015978375855,1.30673386943231,0.604811884806801,2.16056248605255,0.0307291518783981,0.112494864400873,"RN7SL322P"
"ENSG00000276593.1",5.68543637170904,0.020891384205224,0.152976144716183,0.136566287795942,0.891373625220454,0.942410355810244,"AC022306.3"
"ENSG00000276600.5",1115.61650352324,-0.0164581412237181,0.152220496950585,-0.108120401348189,0.9139001850835,0.954376552240676,"RAB7B"
"ENSG00000276603.1",12.7086836966652,-0.243585305247909,0.182855016989883,-1.33212262511444,0.182819896762368,0.359975785803575,"AL109614.1"
"ENSG00000276620.1",1.16415154259821,-0.818439462107764,0.44295084566817,-1.84769815908848,0.0646460204454718,0.184474154340541,"AL591516.1"
"ENSG00000276633.1",1.71341401616781,-0.511089518486056,0.35060295627097,-1.45774446377186,0.144910991175988,0.310358419377432,"AJ011931.1"
"ENSG00000276644.5",270.168287234117,-0.166992829385997,0.181164502769371,-0.921774557561012,0.356646181120559,0.550019515844301,"DACH1"
"ENSG00000276645.1",2.86442695317164,-0.405444711485379,0.312958243042892,-1.29552335015445,0.195139751642026,0.374735407014938,"Metazoa_SRP"
"ENSG00000276649.1",11.5591996958308,0.280892799507272,0.168114647216904,1.67084072778537,0.0947531415580886,0.236440729275011,"AL117335.1"
"ENSG00000276651.1",4.69430311504031,-0.396202507798376,0.144107981795643,-2.74934464324276,0.00597145627142144,0.0378404677386103,"AC007950.2"
"ENSG00000276653.1",0.913783561629477,0.770495870757898,0.579248897305391,1.33016372468238,0.183464333258475,0.360867084487861,"RN7SL856P"
"ENSG00000276662.1",4.17158643489581,-1.29753921267758,0.249539677773082,-5.19973105783,1.99577089761838e-07,2.39874370015916e-05,"AL713922.2"
"ENSG00000276663.1",8.55587066964103,-0.181988989114691,0.156109796096956,-1.16577558657281,0.243705190305018,0.432521824235032,"AC009090.3"
"ENSG00000276668.1",4.11921951894092,0.0192666886357785,0.318706830903016,0.0604527006251758,0.951795086341557,0.974718972918163,"AC104237.3"
"ENSG00000276672.1",54.2373255014316,-0.189975161001883,0.117524277507844,-1.61647588932596,0.105991462185693,0.253692928168824,"AL161891.1"
"ENSG00000276674.1",3.10480713702714,0.134151914115782,0.250357964905847,0.535840408218021,0.592068852509052,0.748352973981575,"IGKV1OR1-1"
"ENSG00000276691.1",7.63455040423717,-0.401136361979246,0.184092019277377,-2.17899919591213,0.0293317279497617,0.1090498289929,"AC004466.3"
"ENSG00000276696.1",2.31168428266554,-0.626047094300559,0.285946457118933,-2.18938573538671,0.0285688155621139,0.107207120886999,"Y_RNA"
"ENSG00000276698.1",32.0052073392141,-0.151972711078767,0.105785044903134,-1.43661810814493,0.150826535416104,0.318419013545234,"AL136295.6"
"ENSG00000276699.1",1.07346207790385,-1.02167362927682,0.533351127637814,-1.91557414306362,0.0554193234023277,0.166474772058407,"TRAJ36"
"ENSG00000276704.1",4.68310515753709,-1.11867111321822,0.23055085500285,-4.85216640469365,1.22120088451154e-06,8.63159023362859e-05,"AL442067.2"
"ENSG00000276707.1",0.809752958563513,0.869440871451109,0.770606636709161,1.12825510452909,0.259212197969532,0.450321003287394,"AC243773.1"
"ENSG00000276710.4",186.403208870029,-0.494604056544647,0.147326098966617,-3.35720595341848,0.000787344408525179,0.00927895836921372,"CSPG4P10"
"ENSG00000276712.1",4.1969962418885,-0.247477869765812,0.146890148887032,-1.6847819383459,0.0920306508754044,0.231961273343541,"MIR7111"
"ENSG00000276713.1",1.13803480249265,0.126626961944378,0.556496543151498,0.227543124036811,0.820001440388544,0.90189322612672,"Metazoa_SRP"
"ENSG00000276715.4",21.8525640755442,-0.230226809957223,0.238763627933011,-0.964245735208114,0.334922739705428,0.528388512202664,"YWHAEP7"
"ENSG00000276718.1",26.8363124100786,-0.104963175211563,0.10618583044548,-0.988485702576439,0.322914833179859,0.51651789858062,"AC005840.4"
"ENSG00000276728.1",48.3633867619331,-0.113435519456882,0.0952919681959628,-1.19039958565666,0.233889375839332,0.420889627037396,"AC142472.1"
"ENSG00000276740.1",4.94939676673876,0.554534315288475,0.240912361392558,2.30180930560421,0.0213459285486247,0.0887006988478983,"AL445649.1"
"ENSG00000276742.1",4.0850780014991,-0.116297286090476,0.186883819284424,-0.622297246148848,0.533746431657052,0.702872397324509,"AL731566.3"
"ENSG00000276744.1",8.51114434730846,-0.159713663714713,0.151482948294872,-1.05433427004483,0.291729904015679,0.48417565774646,"AC105137.2"
"ENSG00000276757.1",7.50864374838909,-0.263283372935631,0.186472638026208,-1.41191423965712,0.15797521440787,0.328019758842536,"RN7SL192P"
"ENSG00000276772.1",13.3214477842371,-0.614663468848415,0.20292990100853,-3.02894480208994,0.00245409516994412,0.020651262842838,"AC025271.4"
"ENSG00000276775.1",1476.1649768656,-0.340692506708992,0.230170283559765,-1.48017590038085,0.138826310135156,0.301398392131056,"IGHV4-4"
"ENSG00000276790.1",3.01867058075266,-0.262500356651801,0.229113216459192,-1.14572332713314,0.251909648644452,0.442179993268295,"AC068234.2"
"ENSG00000276791.1",50.4329067688475,0.123582695084534,0.119301371693216,1.03588662335189,0.300255038892033,0.493283543539721,"AC092117.1"
"ENSG00000276805.2",239.190407090086,-0.252030162885489,0.0996591239420785,-2.52892211888164,0.0114413412117683,0.0586566943275952,"AL133216.2"
"ENSG00000276809.1",13.6536263712258,-0.391380818658656,0.172015292770469,-2.27526757856873,0.0228898831033888,0.0927886129503376,"AL138955.1"
"ENSG00000276810.1",2.17922093468616,-0.4048862677057,0.305909517079047,-1.32354910553854,0.185652837426125,0.363626478385777,"AC244093.2"
"ENSG00000276814.1",16.4150859924197,0.0188146019709599,0.0779067495933688,0.241501565257978,0.809166403481196,0.895089552037151,"AC004801.6"
"ENSG00000276819.1",6.02938276659031,-0.0949234645057521,0.184524143346677,-0.514423006031321,0.606956277975821,0.759876484888844,"TRBV15"
"ENSG00000276832.2",14.8668973372945,0.128783647131778,0.147446896318309,0.87342392649459,0.382432054284826,0.573708393786541,"CDRT15P6"
"ENSG00000276842.1",14.7784700914708,-0.665173400595781,0.190997869290377,-3.48262209974975,0.000496528733997483,0.00673357683950233,"AC023510.2"
"ENSG00000276846.1",21.4468212401572,0.00660483892238112,0.118269797540649,0.0558455248907573,0.955464867889535,0.977094601506521,"AC016590.3"
"ENSG00000276850.5",140.634051367646,0.468961161151622,0.246858698625149,1.89971495338607,0.0574705368946062,0.170699133270776,"AC245041.2"
"ENSG00000276851.1",33.6354673991025,0.546634195898676,0.213024476216807,2.56606285628106,0.0102860186765237,0.0546956228846677,"AC002401.4"
"ENSG00000276853.1",16.1989291413563,-0.309727130255319,0.171321390527466,-1.80787191431105,0.0706264378725199,0.195131898799122,"AC026124.2"
"ENSG00000276855.1",257.147980862898,0.0449318159952227,0.078962080980429,0.56903029197469,0.569335582926509,0.730692323440587,"AC015922.3"
"ENSG00000276863.1",3.34295674774372,-0.730245490554073,0.239224147500137,-3.05255760417604,0.00226900176789225,0.019478980308987,"AC124319.2"
"ENSG00000276867.1",3.48963078136336,-0.69242012946016,0.192026528923028,-3.60585661441451,0.000311124902592527,0.00491379572201755,"AC074050.4"
"ENSG00000276900.1",201.929157395675,0.299390714275728,0.118083938505192,2.53540589910595,0.0112317100047254,0.0580017560396033,"AC023157.2"
"ENSG00000276903.2",6.78300652554909,-0.437665593098618,0.302414425967578,-1.44723781512176,0.147830328825094,0.314045121080516,"H2AC16"
"ENSG00000276916.1",8.88619360670845,-0.272132802275684,0.175947995738214,-1.5466661108239,0.121943779009892,0.277693796152606,"AL442125.2"
"ENSG00000276925.1",2.6872357616047,-0.536099511906706,0.234166999770384,-2.28938967673663,0.0220567214077304,0.0906809614506754,"AC099778.2"
"ENSG00000276931.1",27.6060267424945,-0.112565683948994,0.116097087527343,-0.969582324125775,0.332254727056153,0.525761742600592,"AC009041.3"
"ENSG00000276934.1",8.86364897040487,-0.234726810432655,0.192396524561239,-1.22001585510939,0.222458864498788,0.407097398766457,"AC009704.2"
"ENSG00000276945.1",8.74999328415446,-0.134301154182299,0.134371947592812,-0.99947315334948,0.317565537957568,0.511333166895883,"AC008498.1"
"ENSG00000276952.1",38.1919596468167,0.11035013974724,0.131812358706728,0.837175973709418,0.402493660535363,0.59227498078249,"AL121772.3"
"ENSG00000276953.1",11.1904093989666,-0.422227314925684,0.167015680782444,-2.52806989707559,0.0114691515994375,0.0587630754386076,"TRBV12-4"
"ENSG00000276956.1",1.58538420892147,0.0552429729146713,0.820159532893242,0.0673563748259964,0.946297998122213,0.971884885081712,"RN7SL769P"
"ENSG00000276957.1",5.1913936551591,-0.219300060893,0.159839646875276,-1.3720004090357,0.17006331047846,0.343592580687334,"AL158063.1"
"ENSG00000276961.1",3.26424395025602,-0.574077787915669,0.211725120494035,-2.7114297376529,0.00669937377532518,0.0408876720626767,"MIR7848"
"ENSG00000276966.2",51.1603817604167,-0.337826942348925,0.262241493195932,-1.28822841203288,0.197666464479381,0.377867180741083,"H4C5"
"ENSG00000276968.1",4.58871403026557,-0.369221324404623,0.164372239690414,-2.24625110115936,0.0246879287377393,0.097696204166371,"AL158196.1"
"ENSG00000276975.3",42.0205759009219,-0.228662258475677,0.15796762692342,-1.44752607182311,0.147749639780342,0.313973878675365,"HYDIN2"
"ENSG00000276980.1",69.2310332587016,0.336812570170879,0.180025030926037,1.87092077384093,0.0613560631416822,0.178466486997731,"AC008760.2"
"ENSG00000276988.1",5.0614262674889,-0.0997972658369782,0.12609801047977,-0.791426172841869,0.428695341915081,0.615541209228395,"Metazoa_SRP"
"ENSG00000276997.4",9.29482612389923,0.295156681527225,0.18243312539268,1.61788973845574,0.105686362122632,0.253350816923439,"AL513314.2"
"ENSG00000277007.1",21.1681246729058,-0.293323569239727,0.143200619072077,-2.04834009196629,0.0405266871715383,0.135753596539091,"AC096642.1"
"ENSG00000277010.1",2.32579290576802,0.462004586504253,0.233746389614219,1.97652073799624,0.0480958293508275,0.151898295863492,"AC120498.10"
"ENSG00000277011.1",2.041870830153,-0.421291737949646,0.451294219541033,-0.933519020868694,0.350552054338938,0.544099279492134,"AC148477.4"
"ENSG00000277013.1",68.969867808424,0.21252160332697,0.193175207757619,1.10014947463457,0.271267000497746,0.463276101497609,"AC008556.1"
"ENSG00000277022.1",2.87956194583822,-0.556811967328855,0.234445354671247,-2.3750181278262,0.0175480883442562,0.078346319598407,"AL031663.3"
"ENSG00000277035.1",2.1054061639138,-0.994899677688597,0.396940330104799,-2.50642124831691,0.0121960222461849,0.0611693535164559,"AC096552.1"
"ENSG00000277050.1",9.516684210456,0.377194154895601,0.1771421705053,2.12933009581881,0.0332269595003273,0.118515659164816,"AL122125.1"
"ENSG00000277051.1",5.2369641551921,-0.170348911005749,0.164795956724283,-1.03369593764219,0.301278332823448,0.494157675130077,"Metazoa_SRP"
"ENSG00000277053.4",95.8676283097848,-0.119010846132603,0.112048026928293,-1.06214138164848,0.288171506291364,0.480617871904538,"GTF2IP1"
"ENSG00000277072.5",183.803255540516,-0.204036874344043,0.0755967979876477,-2.69901477014122,0.0069545089707585,0.0420135124593473,"STAG3L2"
"ENSG00000277075.2",85.5883986036106,-0.0277362586368027,0.239299089309325,-0.115906244009771,0.907726847048643,0.950942414058856,"H2AC8"
"ENSG00000277089.4",23.8707834850849,-0.120288580372331,0.180092128414527,-0.66792802901111,0.504179534677402,0.68029279719563,"AC243829.4"
"ENSG00000277112.3",4.29892527579302,-0.672261862521558,0.237812484338742,-2.82685690110358,0.0047007328837544,0.0320371545340502,"ANKRD20A21P"
"ENSG00000277117.5",34.9279605897993,0.00188140806669024,0.13353836796986,0.0140888951639344,0.988759059953241,0.994223962036341,"FP565260.3"
"ENSG00000277118.1",1.82469479158986,-0.141855899696463,0.511194459016459,-0.277498899282661,0.781397050890883,0.878831009482868,"Metazoa_SRP"
"ENSG00000277128.2",9.13374397477237,0.0551694054555783,0.273135902149523,0.20198518401062,0.839928306909755,0.912922631384757,"AL589743.3"
"ENSG00000277130.1",6.01673374563458,-1.14855678387628,0.228788583630792,-5.02016650328048,5.16267098434824e-07,4.52317908110279e-05,"AC073569.3"
"ENSG00000277135.1",5.50550835965364,0.126143524036026,0.190491658150895,0.662199727066805,0.50784322910935,0.683384852137649,"AC012409.3"
"ENSG00000277142.1",42.6484401490767,0.123108903364087,0.119059339417795,1.0340129885324,0.30113009121679,0.493989855968494,"LINC00235"
"ENSG00000277144.1",7.2352609239774,0.13460404284761,0.149887729037317,0.898032438760202,0.369168255698449,0.561733031854135,"AC092757.3"
"ENSG00000277147.6",183.241108352884,0.17962743865408,0.121142630912527,1.48277643717167,0.138133818384623,0.300365045750066,"LINC00869"
"ENSG00000277149.5",172.029964576192,0.0654865190863926,0.123325835187938,0.531004059178652,0.59541596628726,0.750849731661746,"TYW1B"
"ENSG00000277150.2",3.06112345977435,0.0321999222670933,0.222000774765686,0.14504418870195,0.884675983121789,0.938702122861897,"F8A3"
"ENSG00000277151.1",19.5547871799208,-0.391362803570179,0.156970384380523,-2.49322701931754,0.0126587880893973,0.0626969699286378,"AL138820.1"
"ENSG00000277152.1",12.1024778309248,-0.633887533082523,0.199528771715879,-3.17692294515376,0.00148846577614659,0.0144899139253666,"AC110048.2"
"ENSG00000277156.1",6.15783579499306,0.0462398093229855,0.218082758483738,0.212028725445682,0.832084624106103,0.908460464037663,"TOMM40P1"
"ENSG00000277157.2",14.1284746441255,-0.350648133750612,0.322109442841154,-1.08859936131563,0.276330598563199,0.468950689059261,"H4C4"
"ENSG00000277159.1",40.3284706023925,-0.292388857557387,0.146901744090783,-1.99037022580683,0.0465501672590473,0.148732698517799,"AL139384.2"
"ENSG00000277161.2",545.454749689324,0.0147660549829008,0.0698638811942499,0.211354633188001,0.832610554528987,0.908706874018474,"PIGW"
"ENSG00000277170.1",7.81539996942705,-0.284877773295564,0.156465452733183,-1.82070718052604,0.0686513800951632,0.191727238604629,"AC012676.3"
"ENSG00000277173.1",3.62010320454923,-0.164981898563746,0.213924861120604,-0.771214237090165,0.440579956766735,0.625911179886277,"AC004241.4"
"ENSG00000277182.1",37.9839227245797,0.175688362613276,0.137941765836738,1.27364153668449,0.202790484543518,0.383695362690802,"AC006449.5"
"ENSG00000277186.1",2.6017766440576,-0.00057923545970806,0.216956388798943,-0.00266982439611329,0.997869790864962,0.998980002022708,"AC131212.1"
"ENSG00000277200.1",24.3929277667737,0.112230957374374,0.231874660473041,0.484015619237628,0.628374784261415,0.775435771986185,"AC005696.4"
"ENSG00000277203.1",421.318387197841,0.0866002092247665,0.102455676525462,0.845245594598602,0.397973730269676,0.588274422414073,"F8A1"
"ENSG00000277210.3",2.31939040518844,-0.965413882159803,0.354386410346993,-2.72418426320166,0.00644605316460073,0.0398883320975758,"AC090164.3"
"ENSG00000277214.1",3.10422887370666,-0.771565079947366,0.274578063774767,-2.81000262490113,0.00495410959257457,0.0332199739507724,"AC009159.2"
"ENSG00000277215.2",15.8134193636122,-0.112195264802706,0.208889958208408,-0.537102241605936,0.59119699249994,0.747749487774089,"SPANXA2-OT1"
"ENSG00000277218.1",7.08982480160916,-0.290963599312734,0.142656299997665,-2.03961268669871,0.0413889174479648,0.137699733046377,"AL139123.1"
"ENSG00000277224.2",35.359941581824,-0.362057425748021,0.261920864592535,-1.38231609120284,0.166874667341177,0.339162323284058,"H2BC7"
"ENSG00000277232.2",20.8452488965226,0.131946494833326,0.103873742712625,1.27025840590308,0.203992599085903,0.385015390626216,"GTSE1-DT"
"ENSG00000277233.1",1.62590915259244,0.385613469159302,0.507256768499533,0.760193836939718,0.447138728384892,0.631751387036081,"Metazoa_SRP"
"ENSG00000277235.1",4.39001745082886,-0.00602434698973974,0.182091871303161,-0.0330841071961412,0.973607516432719,0.986812604722963,"AL035420.3"
"ENSG00000277241.1",8.61662737380448,-0.658390465002275,0.225553748454577,-2.91899589128249,0.00351160852149989,0.0263493311936659,"AC026355.4"
"ENSG00000277245.1",9.83295310743585,-0.379916041968827,0.172672157867035,-2.20021598537837,0.0277915746805559,0.105239410354839,"AC084782.3"
"ENSG00000277246.1",3.71492166129457,0.0220642367330607,0.181035153201108,0.121878189638396,0.902995488986633,0.948375633769706,"AL157762.1"
"ENSG00000277247.1",15.1736437434188,-0.550019199673267,0.391960954790812,-1.40324997413788,0.16054231009837,0.331355170350678,"AC083809.1"
"ENSG00000277258.5",974.485864823788,0.0260036583747241,0.085510256635238,0.304099875242431,0.76105180188378,0.865223580587562,"PCGF2"
"ENSG00000277268.2",10.0182233215023,1.21598194229639,0.457244107966373,2.65937148475145,0.00782865906837984,0.0454075864744896,"LHX1-DT"
"ENSG00000277270.2",1.24218112731782,-0.00900556269085632,0.389080656238181,-0.0231457476656034,0.981534014087767,0.990729199946157,"AL160412.1"
"ENSG00000277282.1",26.9702761481908,-0.720712538448433,0.231915572682156,-3.1076504700104,0.00188580958310048,0.0172247622634195,"IGHV1OR21-1"
"ENSG00000277283.1",111.572962540157,-0.0647201886839483,0.0758079548740252,-0.853738750656153,0.393249758112031,0.584041762806078,"AC004812.2"
"ENSG00000277287.1",53.8909269856073,-0.258534912220629,0.153305295457192,-1.68640562251693,0.0917176992337367,0.231417761317832,"AL109976.1"
"ENSG00000277290.1",27.0444893239961,-0.211842838231571,0.144093869795279,-1.47017245447391,0.141515053002256,0.305567263109459,"AC136475.10"
"ENSG00000277299.1",3.88930611798859,-0.436100621334778,0.176283994609019,-2.4738526166372,0.0133664825754238,0.0651361686744123,"AC084876.1"
"ENSG00000277310.1",8.61184289697981,-0.125201765090237,0.128366913360303,-0.975342958810718,0.329390167989972,0.52295080504644,"AC090246.1"
"ENSG00000277311.1",1.55730036830995,0.806944714808502,0.367537501821574,2.19554388547878,0.0281246064646141,0.106090247340403,"AC012354.7"
"ENSG00000277324.1",5.63037338389337,-0.0628926497800605,0.125738739079855,-0.500185147714247,0.616944715305843,0.766902154600957,"AC093462.1"
"ENSG00000277342.1",12.7220724851639,-0.487807136713871,0.180480851979508,-2.70281933714085,0.00687541050766353,0.0416659779622796,"AC048344.4"
"ENSG00000277350.2",4.7923298100319,-0.944903853894501,0.36536492412696,-2.58619202747048,0.00970428493873681,0.0525084931684324,"AL353770.4"
"ENSG00000277351.1",11.841027123451,0.0236890217333802,0.146289668493859,0.161932294859049,0.871359170817289,0.931215641319295,"AC013553.3"
"ENSG00000277352.1",1.79150006547586,-0.0593782677899466,0.334215821876279,-0.177664442863891,0.858986511412279,0.924462192482593,"AP001065.4"
"ENSG00000277363.5",630.772487980859,-0.174850859419458,0.152361831690191,-1.14760276559943,0.251132587573399,0.441188182052725,"SRCIN1"
"ENSG00000277369.1",45.9019027309357,-0.237288396189483,0.126398127977697,-1.87730941894451,0.060475698036599,0.17668247204815,"AC010654.1"
"ENSG00000277373.1",3.9971648925067,-0.145018182414127,0.171672512589305,-0.844737344533758,0.398257503925127,0.588553160198728,"AL132765.2"
"ENSG00000277382.1",2.19615491595291,-0.229746852188836,0.249579595997942,-0.920535395813086,0.357293044952964,0.550516954661358,"AC005837.4"
"ENSG00000277383.1",7.06514077017876,0.189439653767852,0.168998650476868,1.12095364805166,0.262307593143915,0.453860517144222,"AC010331.1"
"ENSG00000277386.1",2.87249446857526,-0.351848955339502,0.270731437521369,-1.29962356260059,0.193730019836532,0.373231298709286,"AL138999.1"
"ENSG00000277399.5",26.2440538392728,-0.141196104889824,0.153386805572289,-0.920523146453297,0.357299443015728,0.550516954661358,"GPR179"
"ENSG00000277406.2",14.5089181053255,-0.00677020400655327,0.0797852596614965,-0.0848553233426462,0.932376410431179,0.964354525846881,"SEC22B4P"
"ENSG00000277423.1",6.6332236561838,-0.360637586996895,0.131095477942389,-2.75095367633793,0.00594220456619305,0.0377469595156105,"AC069234.5"
"ENSG00000277440.1",4.77373504310513,-0.244876815245423,0.176453740786531,-1.38776777502081,0.165207770490322,0.337067183658186,"AC012676.4"
"ENSG00000277443.3",7819.2392270289,0.0691853439075329,0.0835931614691489,0.827643585810146,0.407872376711777,0.597364729802269,"MARCKS"
"ENSG00000277447.1",3.38740903441115,-0.232958247506008,0.167989888051314,-1.38673970325433,0.165521149225318,0.337520403084371,"AP005431.1"
"ENSG00000277449.1",41.9668558416323,-0.147836116094272,0.100637420861058,-1.46899746465461,0.141833476897649,0.306011402135535,"CEBPB-AS1"
"ENSG00000277452.1",9.95426218057317,-0.57682637334822,0.23963110321107,-2.40714316972511,0.0160778654962195,0.0736959231857794,"RN7SL473P"
"ENSG00000277459.1",10.4850983086044,0.137879308303232,0.128676387196546,1.07151989037918,0.283935732109474,0.476657539790273,"AP001527.2"
"ENSG00000277462.2",224.270697230312,-0.205814549721193,0.0773047107082256,-2.66238044015205,0.00775901282578435,0.0451294224334099,"ZNF670"
"ENSG00000277476.1",196.603573559851,-0.276997651468192,0.125263970111098,-2.211311450711,0.02701427694718,0.103401508668943,"AC005332.5"
"ENSG00000277481.1",11.5938402596392,-0.07396262206256,0.146416053318399,-0.505153775055797,0.613450834147501,0.764757680718669,"PKD1L3"
"ENSG00000277483.1",1.05609778521969,0.910804603096319,0.696617948895835,1.307466459255,0.191054338965907,0.369951549256377,"RN7SL321P"
"ENSG00000277491.1",6.72053419398079,-0.45507204531282,0.149330724584762,-3.04741068241797,0.00230822111886562,0.0197399449551485,"AC087392.5"
"ENSG00000277493.1",6.53400273662576,0.00816277004945806,0.193117220914209,0.0422684730590873,0.966284677669214,0.983137474314135,"AC139769.3"
"ENSG00000277494.2",425.128874990105,-0.215832851229417,0.244949691218209,-0.881131346424708,0.3782467326987,0.569740237602941,"GPIHBP1"
"ENSG00000277496.1",237.955190098427,-0.0396802808137477,0.124507310984434,-0.318698400118116,0.749955227963891,0.85822223231024,"AL357033.4"
"ENSG00000277511.1",24.3117600269256,0.0159713059679677,0.129816067903406,0.123030270643012,0.902083127545192,0.948042980061305,"AC116407.2"
"ENSG00000277527.2",1.77075758891117,-0.00763298716570191,0.416961741150024,-0.0183062051320328,0.985394577317412,0.992898634504443,"LINC01796"
"ENSG00000277531.2",9.74511881484099,-0.639507676935445,0.22014134209588,-2.90498672737679,0.00367268674004382,0.0271192258842473,"PNMA8C"
"ENSG00000277534.1",176.250458013582,-0.10328941072573,0.137234180942911,-0.752650761027955,0.451659805795316,0.635147198071529,"AC007996.1"
"ENSG00000277541.1",2.57085877982975,-1.46363129732267,0.315886552813859,-4.63340805198866,3.59694557367666e-06,0.000189783057027602,"ZNF630-AS1"
"ENSG00000277545.1",4.32648782399374,-0.832362948411348,0.247325705035751,-3.36545264589878,0.000764181829884917,0.00910264961086174,"AL356752.1"
"ENSG00000277548.1",13.6865892379952,-0.365186196007266,0.153799948886192,-2.37442338994204,0.0175763832039546,0.0783990522520447,"AC018926.3"
"ENSG00000277558.1",3.06711241285144,-0.741293239176169,0.331199811074133,-2.23820550130158,0.025207657077926,0.0990493127536626,"AL109923.1"
"ENSG00000277559.1",74.6142877848377,0.114297067124283,0.129231134130444,0.884439093515291,0.376459227337575,0.568101579899823,"AC018553.1"
"ENSG00000277561.5",3.43920121786843,-0.2403356283919,0.186354679883266,-1.28966779123792,0.197166027191431,0.3773857964404,"GOLGA8IP"
"ENSG00000277563.1",2.91124274297765,-0.37051873539289,0.286636327056778,-1.29264402456391,0.196134205759764,0.376016129929738,"AC063961.1"
"ENSG00000277566.1",11.1455570081683,-0.0262058979094979,0.20203253458142,-0.129711276274351,0.896794860767743,0.945200433694455,"AC089999.2"
"ENSG00000277579.1",2.6072037032709,-0.769585249657718,0.350115441117269,-2.19808999912104,0.0279426930635435,0.105655432159518,"AC244093.3"
"ENSG00000277586.4",42.8792747220744,0.1523500865877,0.286885490157263,0.531048421111104,0.595385225328164,0.750839405562521,"NEFL"
"ENSG00000277587.1",3.51457308049908,0.0551209272606265,0.218200877352814,0.252615516167243,0.800565338665236,0.89018831932862,"AC008759.3"
"ENSG00000277589.1",5.58155978117473,-0.503634600800176,0.190676832675807,-2.64129938457949,0.00825887027577758,0.0471391339090456,"AC244093.4"
"ENSG00000277591.1",1.48394572821761,1.43971524197856,0.820619325924212,1.75442522067964,0.0793576729184895,0.21069019174444,"RN7SL575P"
"ENSG00000277595.1",14.9198851210134,-0.568782488907608,0.152617414395707,-3.72685182198714,0.00019388636640078,0.0035100917871567,"AC007546.1"
"ENSG00000277610.1",2.33412157186228,-0.261748725490954,0.285444222385682,-0.916987295462892,0.359149297523027,0.552247445155101,"RNVU1-4"
"ENSG00000277621.1",3.62711668402458,-0.0169137362581156,0.221860062799024,-0.0762360563894605,0.939231297295032,0.968226079117195,"AC005277.2"
"ENSG00000277631.5",8.70550334784683,-0.123354522915521,0.222109573219063,-0.555376885056002,0.578636899704967,0.737776236970394,"PGM5P3-AS1"
"ENSG00000277632.2",79.2289102523434,0.0183991029596758,0.146933360715443,0.125220731834401,0.90034880479442,0.946913387303007,"CCL3"
"ENSG00000277634.1",2.003259204072,-0.712307716078867,0.338272389288237,-2.10572230733239,0.0352284809535493,0.12333861995501,"Y_RNA"
"ENSG00000277639.2",388.709502274886,-0.792101424402129,0.224904475742532,-3.52194602524904,0.0004283913546199,0.00606912058270652,"AC007906.2"
"ENSG00000277654.6",10.2486649032701,0.0921646721665415,0.131822160992727,0.699159166201399,0.484452566271203,0.663630648817773,"AC087633.2"
"ENSG00000277662.1",14.619974601203,-0.151534800046589,0.104370350802405,-1.45189509167672,0.146530777541748,0.312588141772991,"AL354696.1"
"ENSG00000277684.1",2.21792653792388,-0.497847548622179,0.252635320832538,-1.97061735857664,0.0487676596017338,0.1532296801737,"AL392048.1"
"ENSG00000277687.1",40.6716252976763,-0.630801443210438,0.15234327652936,-4.14065823960973,3.46310609537387e-05,0.00100258427159376,"AL139407.1"
"ENSG00000277692.1",8.0254831201601,-0.2192890482986,0.138474911735421,-1.58360128596859,0.113284481112908,0.264932581461931,"AL121583.1"
"ENSG00000277693.2",6.17283014714714,-0.183327150798443,0.509380160107981,-0.359902417007329,0.718920109477439,0.838588998837936,"AP003900.1"
"ENSG00000277701.5",3.01469217929945,-0.465940278151418,0.228705498863331,-2.03729372694206,0.0416206160967095,0.138139285386078,"AC159540.2"
"ENSG00000277702.1",4.11864802906215,0.908945288034117,0.305800288631372,2.97234934637294,0.00295530206444819,0.0234096768098201,"AC239859.5"
"ENSG00000277715.1",27.3419279397309,-0.186150582722149,0.118558454318356,-1.57011647792146,0.116388015742192,0.269335966784885,"AC079174.2"
"ENSG00000277728.1",8.30993411843073,-0.176496034567585,0.148157711911932,-1.19127133032736,0.233547085032274,0.420478212306916,"AC097641.2"
"ENSG00000277734.8",1445.18016745992,-0.161895073361327,0.122026452745935,-1.32672113069123,0.184600948361368,0.362303401151342,"TRAC"
"ENSG00000277738.1",5.24139763770537,1.72657257942552,0.436334084988502,3.95699680319729,7.58979461176747e-05,0.00180432060786529,"AC126175.2"
"ENSG00000277744.1",23.1005148232002,-0.070986848682114,0.135250127618802,-0.52485605693614,0.599683259118098,0.754088787800983,"AC011462.4"
"ENSG00000277748.1",2.10883438034205,0.281514647407844,0.413584700877385,0.68066987683692,0.49608040101806,0.673232682802133,"AC006262.4"
"ENSG00000277749.1",7.32880805025225,-0.932929105528094,0.291875591244982,-3.19632450781076,0.00139190469952589,0.0138221845275147,"AC023300.2"
"ENSG00000277758.5",80.7206328713408,-0.466512441519691,0.214061219248146,-2.17934123312124,0.0293063282644813,0.108979737172945,"FO681492.1"
"ENSG00000277763.1",6.94021987558055,-0.137082901347656,0.121774103776884,-1.12571472173445,0.260286290340632,0.451448295817816,"AL138995.1"
"ENSG00000277767.1",12.4225376238097,-0.490752716935438,0.147800217720016,-3.32037884994927,0.000898953664542941,0.0102285934222926,"AL442128.2"
"ENSG00000277769.1",1.13370983101794,-1.25137499689655,0.900384205469045,-1.38982335462521,0.164582524358246,0.336368691433953,"RBM22P4"
"ENSG00000277775.2",10.1927117409968,-0.972835053978486,0.392392603402528,-2.47923902118135,0.0131663042418347,0.0644626128122653,"H3C7"
"ENSG00000277778.2",28.3681020644205,-0.300097150246783,0.172032306164888,-1.74442322454916,0.0810853181904117,0.21396318447439,"PGM5P2"
"ENSG00000277782.1",57.9137715597574,0.0534944034777479,0.096714955094228,0.553114080708915,0.58018529542794,0.738976588265902,"AC068870.2"
"ENSG00000277791.5",5772.42955193042,0.0478057141008125,0.0935712151951933,0.510901926421366,0.609419732183131,0.761486896903406,"PSMB3"
"ENSG00000277795.1",3.88542620028408,-0.318393754376563,0.222895611729281,-1.42844335025882,0.15316428916482,0.321512837482474,"AC244517.3"
"ENSG00000277797.1",1.96616816820204,-1.09347507650759,0.513012482192236,-2.13147850094189,0.0330497417625911,0.118060627950853,"AL359693.1"
"ENSG00000277806.1",21.1977255430149,-0.104095171677629,0.114954837729456,-0.9055310218663,0.365184132953693,0.55791461721858,"AC006213.4"
"ENSG00000277829.1",5.88879175910831,-0.113858426571048,0.167749918010741,-0.678739089242107,0.497303193877551,0.674201540787264,"AL031651.2"
"ENSG00000277831.1",3.0527954122911,-0.607802809667303,0.216166755088672,-2.81173119991546,0.00492756633499019,0.0330886377553103,"AL138960.1"
"ENSG00000277840.1",26.3639894973244,-0.0306316998499689,0.21473457534397,-0.142649127653998,0.886567295944335,0.939655875583474,"AC026368.1"
"ENSG00000277851.2",6.92129601901359,-0.161449414437578,0.136993335655045,-1.1785202080495,0.238589280932617,0.426145543459744,"LINC02391"
"ENSG00000277855.1",4.13268288279447,0.0366546099844217,0.188702753336853,0.194245231382446,0.845983867759737,0.916542170820857,"AC097634.3"
"ENSG00000277876.1",0.915152590770593,-0.384645171760493,0.517866195022293,-0.74275010699228,0.457632987271661,0.6405920245232,"AC108359.1"
"ENSG00000277879.1",46.5410916216586,0.00344990499636716,0.0935096976256686,0.0368935531176411,0.970569880116427,0.985248133021807,"AL391988.1"
"ENSG00000277882.1",1.66184840524248,-1.07377668127998,0.334901157769454,-3.20624953473338,0.00134477317312562,0.013530230659677,"AL592295.2"
"ENSG00000277883.1",12.1750517040386,-0.215169797307148,0.262980257879606,-0.818197529510578,0.413244405602811,0.602375527525856,"NLRP3P1"
"ENSG00000277893.2",123.475196369513,-0.24343662850995,0.24449201252166,-0.995683359955914,0.319404017619578,0.513182065172929,"SRD5A2"
"ENSG00000277895.1",3.0292322897298,-0.059976708130379,0.207538304726812,-0.288991028472204,0.77258824303236,0.872828231041838,"AC135279.3"
"ENSG00000277911.1",2.18840179949319,-0.779950997980105,0.379150828367026,-2.05709954885051,0.0396766511105237,0.133930319925242,"AC243773.2"
"ENSG00000277918.1",1.35963661937951,-0.563346090581657,0.980555334321264,-0.574517389140107,0.565617736783387,0.72802564411696,"RNVU1-28"
"ENSG00000277919.1",1.7107903011045,-0.533177685264003,0.436928708080807,-1.22028531291973,0.222356735495204,0.407044287089355,"MIR8067"
"ENSG00000277938.1",38.1443961360474,-0.0722191812104627,0.123932459723521,-0.582730152952464,0.560074971359214,0.723998292427192,"AL035252.3"
"ENSG00000277945.1",1.87940991693147,0.366071975388218,0.453259417411139,0.807643396532376,0.419295897089122,0.607529282830424,"AC107308.1"
"ENSG00000277948.1",2.87796331026332,-0.593749137297473,0.279724897316683,-2.12261812585555,0.0337858648105222,0.119890773552434,"AC007435.1"
"ENSG00000277954.1",24.7837709588195,-0.173163277074578,0.126964850671326,-1.36386784341476,0.172609163093821,0.347231230627347,"AC092376.2"
"ENSG00000277959.1",18.3106731154305,-0.0448650884644948,0.0985454951940868,-0.455272850130109,0.648912955985599,0.789824799549668,"AL162274.2"
"ENSG00000277968.1",5.15275680643081,-0.123223910855275,0.218207753218243,-0.564709131723799,0.572271622023366,0.733021999953125,"AC091825.2"
"ENSG00000277969.1",127.592389259411,-0.0771632272310874,0.0759844092987101,-1.01551394481127,0.30986090271674,0.503597707305269,"AC006449.6"
"ENSG00000277972.2",1340.31599184368,0.146751936922164,0.0919675162012308,1.59569316410657,0.110557315592582,0.260655375638884,"CISD3"
"ENSG00000277977.1",12.9417646667999,-0.165343544314467,0.117387407381569,-1.40852880221654,0.158974544509953,0.329273330245729,"AC010332.1"
"ENSG00000277978.1",33.2202432653327,-0.515832602363797,0.133804762520144,-3.85511391858072,0.000115675751509225,0.00244409398659397,"AC010542.5"
"ENSG00000277987.2",14.8126008714746,-1.10358778029343,0.273352819117225,-4.03722845755679,5.40863923906967e-05,0.00140102994003563,"LINC02351"
"ENSG00000277998.1",21.3265551538758,-0.0952334379009085,0.151385360400341,-0.629079573144075,0.52929696273473,0.699946539371035,"AC107075.1"
"ENSG00000277999.1",6.68850038557434,-0.221278677783806,0.173469032109857,-1.27560911070093,0.202093731879854,0.383008289148743,"AC009093.6"
"ENSG00000278000.1",16.4876943155901,-0.0792383025346607,0.147550580999037,-0.537024673153796,0.591250571160691,0.747749487774089,"AC139100.2"
"ENSG00000278002.1",4.42968325063852,-0.122616668830209,0.165402797221721,-0.741321615412843,0.458498458668951,0.641248894026336,"AL627171.1"
"ENSG00000278009.1",5.81554472661831,-0.0646246361741254,0.122450183993912,-0.527762671041296,0.597664069027959,0.752615461179293,"AL139099.3"
"ENSG00000278012.1",0.927334818441188,-2.2317221395077,0.645104989831608,-3.45947120962473,0.000541237134895282,0.00711948160097536,"AL031658.2"
"ENSG00000278017.1",7.50493810846712,0.0714250663967148,0.182683373901635,0.390977377258061,0.695813957908792,0.82244236520245,"AC064801.1"
"ENSG00000278022.1",3.08592135795794,-0.573415815222832,0.281515378525292,-2.03688984320022,0.0416610821837854,0.138211580833359,"AC118658.1"
"ENSG00000278023.7",38.5766905623383,0.0737898993467148,0.169817923662375,0.434523622450011,0.663908244680841,0.801141616171049,"RDM1"
"ENSG00000278030.1",30.8227282225816,-0.151603131421965,0.147502654909364,-1.02779934039235,0.304044226622487,0.497251286385148,"TRBV7-9"
"ENSG00000278035.1",8.86994878784204,-0.144428852857736,0.138284964335481,-1.04442918687349,0.296286865827168,0.488984217715953,"AL121895.2"
"ENSG00000278041.1",3.4474067033823,0.0981833085254094,0.49588818563856,0.197994853212681,0.843049090562042,0.914702081540885,"AL133325.3"
"ENSG00000278053.5",1672.03877224858,0.145337394598735,0.0636563689362719,2.28315559035791,0.0224212049981961,0.0916393143829576,"DDX52"
"ENSG00000278058.1",15.4313188994251,-0.195035543652706,0.131420720447832,-1.48405474409286,0.137794397941079,0.300088053522096,"AC009159.3"
"ENSG00000278071.1",7.727124524873,-0.234391393498416,0.215025023324458,-1.09006565782223,0.275684222727641,0.468129445358909,"AL161669.3"
"ENSG00000278075.1",6.97310437468743,-0.0388192824909306,0.131800110644663,-0.294531486362622,0.768351807198212,0.870152279646577,"AC114341.1"
"ENSG00000278090.3",7.01400817590386,0.404529751491703,0.19774478980516,2.04571635940593,0.0407842852431809,0.136314748378799,"LUNAR1"
"ENSG00000278099.1",3.18030721397931,-0.511158397470318,1.05349185425901,-0.485203939075402,0.627531688143221,0.775072272401975,"RNVU1-2A"
"ENSG00000278107.1",27.82085379083,0.0326603510477122,0.105447222404998,0.30973173406381,0.756764968394509,0.862428154061697,"AC027575.2"
"ENSG00000278112.1",12.3508165007291,-0.20726399831711,0.131013738163334,-1.58200201919828,0.113649109532562,0.265572267767023,"AC145423.2"
"ENSG00000278126.1",51.7982955213051,-0.194994692664065,0.0759895723131469,-2.56607172179504,0.0102857557743037,0.0546956228846677,"AC139768.1"
"ENSG00000278129.2",469.265493441975,-0.108782432872615,0.0755170905441974,-1.44050084674473,0.149725750634325,0.316816078300924,"ZNF8"
"ENSG00000278133.1",434.937837918513,-0.252866990916482,0.0726956110532241,-3.47843545508333,0.00050434988222239,0.00679535436213275,"AC135050.6"
"ENSG00000278156.2",32.061082803941,-0.356886475070288,0.12794563676268,-2.78936026347081,0.00528122812164996,0.0348156936385203,"TSC22D1-AS1"
"ENSG00000278175.4",24.2011877373939,0.0311537092465164,0.0918407736714134,0.339214359822116,0.734448252339183,0.848261252028343,"GLIDR"
"ENSG00000278189.1",0.898136148152599,2.13441160030963,1.45476233779603,1.46718920668737,0.142324592231188,0.306826440594818,"RNA5-8SN1"
"ENSG00000278192.1",27.5175336803243,-0.105247870232072,0.160331105693683,-0.656440743527031,0.511540582523285,0.686445812734693,"AL118505.1"
"ENSG00000278195.2",12.3668276997165,-0.147061457389128,0.157858755250821,-0.931601526665168,0.35154249386031,0.545102894513125,"SSTR3"
"ENSG00000278196.3",1516.81286326968,-0.280439992613479,0.201163759080179,-1.394088049934,0.163291017352856,0.334674208367928,"IGLV2-8"
"ENSG00000278200.1",3.61596098255841,-0.141668242062797,0.257459622873139,-0.550254212609499,0.582145024462742,0.740509467750662,"LINC01971"
"ENSG00000278206.1",10.6453954736056,-0.451914110626013,0.158970132907524,-2.84276110462145,0.00447245801090111,0.0310503985196602,"AL031320.2"
"ENSG00000278212.2",49.7814540193838,0.137197480257965,0.117497760096955,1.16766038897043,0.242943780642091,0.431548489397569,"AC134878.2"
"ENSG00000278214.1",4.12354169530346,-0.032707739623463,0.180889670720029,-0.180815960874218,0.856512034644708,0.92304816946044,"LINC02139"
"ENSG00000278215.1",1.68290495365368,-1.24597897207836,0.699048191425729,-1.78239352788704,0.0746850802035645,0.202400518943205,"AP001318.3"
"ENSG00000278224.7",4.57243973217501,-0.528570731944185,0.165895335019453,-3.18616995397855,0.00144169878436629,0.0141630208403385,"PRICKLE4"
"ENSG00000278231.1",8.96793208134657,-0.203831818802992,0.17874692581303,-1.14033747923699,0.254145729062798,0.444633324817407,"AL133342.1"
"ENSG00000278236.1",1.87059609917494,-0.779247755540663,0.385593275777661,-2.02090597656062,0.0432894991160125,0.141977879702382,"AC005076.2"
"ENSG00000278238.1",15.5412199267842,-0.233500680979828,0.134499588310659,-1.73606985651512,0.0825514834846102,0.216306197044949,"AL359513.1"
"ENSG00000278250.1",1.38829816282203,-0.240930536205011,0.337040017676382,-0.714842521864411,0.47470635691043,0.655023157353238,"Metazoa_SRP"
"ENSG00000278255.1",1.01275405239913,-2.30432903099206,0.981745601326408,-2.34717530476199,0.018916352350973,0.0822212310840933,"AC005344.1"
"ENSG00000278259.4",1966.55165239956,0.0724786271754771,0.0931640231563863,0.777967982917758,0.436587888410306,0.622124660539476,"MYO19"
"ENSG00000278263.2",29.326282748963,-0.215642523461891,0.216580647072871,-0.995668479046217,0.319411250248203,0.513182065172929,"AC135068.3"
"ENSG00000278266.1",70.3307814916667,0.561012273586765,0.257363991539277,2.1798398067709,0.0292693380801197,0.108916153505529,"AC079949.2"
"ENSG00000278275.2",7.9828379954105,-1.65179429638213,0.354022287983717,-4.66579182285298,3.0743083565613e-06,0.000170304406181357,"AC103705.1"
"ENSG00000278281.1",2.81918720746572,-0.260656787521339,0.187669498556403,-1.38891396591546,0.164858913185476,0.33666974279551,"MIR7856"
"ENSG00000278291.1",26.2422356063159,-0.222749080916549,0.155047255187959,-1.43665284913633,0.150816658817355,0.31841835385923,"AL161772.1"
"ENSG00000278311.5",3248.93111330692,-0.00389800737471385,0.0345536529078129,-0.112810283332807,0.910180965469487,0.952218810315884,"GGNBP2"
"ENSG00000278318.5",267.17326484373,0.172812736226507,0.173775678036027,0.994458707798446,0.319999598735944,0.513730670301657,"ZNF229"
"ENSG00000278330.1",38.2658361956814,-0.104692558360993,0.154174035944399,-0.679054405754471,0.497103390217675,0.674027171561336,"AC018529.2"
"ENSG00000278338.4",7.46456523907478,-0.656200791872477,0.190536782947211,-3.44395859803239,0.000573263478860644,0.00739555080116364,"VWA8-AS1"
"ENSG00000278341.1",16.879732905466,0.131425711172574,0.124575558898264,1.05498793129962,0.291430844414386,0.483848157536936,"AC138028.6"
"ENSG00000278351.1",1.78411176209393,-2.00935633039036,0.577328981085724,-3.48043558563709,0.000500599182321537,0.0067690320210671,"AC009248.2"
"ENSG00000278356.1",12.4989874014684,-0.309414032489306,0.112135102135112,-2.75929683567321,0.00579258925389662,0.0370514263266052,"AC005911.1"
"ENSG00000278376.1",42.9127657545323,-0.133476772771401,0.099086052401463,-1.34707932687235,0.177954685483349,0.35392146617665,"AP004609.3"
"ENSG00000278383.1",25.3419193542669,-0.240298010600512,0.126026942416971,-1.90671935692501,0.056556938990124,0.168783629418985,"AL031673.1"
"ENSG00000278385.1",52.9359290213645,-0.142468734820455,0.101760534597302,-1.40003917416755,0.161501587891572,0.332583185852299,"AC121338.2"
"ENSG00000278389.1",10.0236416277944,0.259438125020323,0.128000260067592,2.02685623359925,0.0426771175583803,0.140441758907893,"AC099518.6"
"ENSG00000278390.5",22.5733937863307,-0.0759345857670787,0.101616167158177,-0.747268745620742,0.454901354524662,0.638169172264856,"AL354696.2"
"ENSG00000278396.1",13.3395865254888,-0.0613327236014922,0.101330410327691,-0.60527460022267,0.54499655523526,0.712194148190428,"AL122023.1"
"ENSG00000278399.1",11.8784917352357,0.0721142663526449,0.212936632145985,0.33866538427829,0.734861820529755,0.848474235855631,"AC026120.1"
"ENSG00000278408.1",0.801970804571582,-0.744111363180135,0.610418626584033,-1.21901811441152,0.222837317256387,0.407543551055641,"AC108861.1"
"ENSG00000278413.1",2.05702893798936,-1.96741381330187,0.659702677016505,-2.98227350266254,0.00286116269347495,0.0228685663216224,"AL159159.1"
"ENSG00000278434.1",6.48064468250425,-0.571573004942089,0.199891295233846,-2.85941918718084,0.00424417540187247,0.0299303816256175,"AC023830.3"
"ENSG00000278456.1",5.51271495199683,-0.294610626920798,0.227947414100064,-1.29244996300537,0.196201363568463,0.376079912331444,"AC015712.7"
"ENSG00000278462.1",2.6091827527683,-1.12191022629857,0.335328020717702,-3.3457097438423,0.000820722601960986,0.00958075651721147,"AL359880.1"
"ENSG00000278463.2",5.86556286381575,-0.800320619095597,0.371787853267049,-2.15262712878556,0.0313479946897554,0.114081136135526,"H2AC4"
"ENSG00000278464.2",1.81954649466296,0.0842535166607834,0.336064513537445,0.250706377099812,0.802041129904675,0.891147888730354,"AC068506.1"
"ENSG00000278467.1",15.7402199336302,-0.645821110594134,0.185034110784481,-3.49028137491014,0.000482512227255912,0.00659995052671778,"AC138393.3"
"ENSG00000278472.1",6.11180057479832,-0.188360411222295,0.171246128143944,-1.09993967900965,0.271358404882857,0.46334118197108,"AC009268.2"
"ENSG00000278473.1",25.6873304125226,-0.300785012889714,0.210680358393486,-1.42768417133571,0.153382784159102,0.321876648787204,"IGHV3-41"
"ENSG00000278475.1",3.2098118970061,-0.298444422923561,0.267864253482065,-1.11416293530762,0.265209293119547,0.45694835148937,"AC009464.1"
"ENSG00000278484.1",11.9527186768969,-0.926459315830342,0.32895574037426,-2.81636464156634,0.00485705050704764,0.0327604907883179,"AC010998.3"
"ENSG00000278486.1",1.30160983298033,-0.22793039155488,0.442758457103373,-0.51479624589455,0.606695408970126,0.759692727954054,"YRDCP1"
"ENSG00000278487.1",1.82851294353402,-1.30648783634695,0.385683640673921,-3.38745982086269,0.000705430488871743,0.00860342214189908,"AC106800.3"
"ENSG00000278492.1",6.09575357035915,0.000979773807029582,0.148490158412157,0.00659824070165021,0.994735403816315,0.997492857142406,"AC006213.5"
"ENSG00000278493.1",11.8400704127333,0.0151723726057853,0.138297881000689,0.109707918125729,0.912641020569682,0.953618096117342,"AC039056.2"
"ENSG00000278496.1",1.97959319584785,-0.794314687542342,0.437758691442297,-1.81450352230652,0.0696002409520895,0.193400580428648,"AL158062.1"
"ENSG00000278505.5",6.47516856222361,-0.588540807433475,0.217475188296291,-2.70624346641162,0.0068049135770539,0.0413649785869738,"C17orf78"
"ENSG00000278513.1",1.10712391425454,-0.57168977236445,0.764464684147684,-0.747830193100205,0.454562587790517,0.637882075250144,"AC091046.2"
"ENSG00000278518.1",3.37868783456549,-0.39143338781816,0.267452481874784,-1.46356236844129,0.143313560965725,0.308186176542558,"AL161645.1"
"ENSG00000278530.4",44.9751324915841,-0.406844961642394,0.243975088836738,-1.66756763398351,0.0954015877838347,0.237633178369535,"CHMP1B2P"
"ENSG00000278531.1",1.64456563740206,-1.65164497545659,0.463029468712844,-3.56704073295362,0.000361035377710021,0.00545122486625839,"AL512324.6"
"ENSG00000278535.5",522.555514511163,0.0611827391362859,0.0943586704287186,0.648406117406086,0.516722314728767,0.690643382884293,"DHRS11"
"ENSG00000278540.5",4390.38426736226,-0.011560078952982,0.0719998475284213,-0.160556992130001,0.872442330634949,0.93172184862752,"ACACA"
"ENSG00000278543.1",1.12283267978068,-0.301638047307878,0.400721645638798,-0.752737094665876,0.45160791435377,0.635127879549701,"AC010332.2"
"ENSG00000278546.1",2.82195514734971,0.268832129003115,0.190190030804847,1.41349222073034,0.157511047106964,0.327501361436507,"AC003101.2"
"ENSG00000278558.5",14.0184360357055,0.065822854712166,0.185932731686337,0.354014347636257,0.723328130789232,0.841226412448982,"TMEM191B"
"ENSG00000278561.1",2.12284612667164,-0.907176315876402,0.299664454141692,-3.02730705406741,0.00246743179030874,0.0207080862405561,"PTPN20CP"
"ENSG00000278570.5",11.3421772488605,-0.196084582148348,0.1429861151083,-1.37135400874295,0.170264627007371,0.343906938737127,"NR2E3"
"ENSG00000278576.1",19.7846652025039,-0.430305128040731,0.142901060992599,-3.01121016913244,0.0026020868013853,0.021431158210944,"AL162171.3"
"ENSG00000278588.2",11.17123954313,-1.67521196452499,0.435651598702064,-3.84530200168196,0.000120404054528371,0.00250006061730021,"H2BC10"
"ENSG00000278590.1",4.19228159639165,-0.0100682327142034,0.198867988062299,-0.0506277194851961,0.95962217418873,0.979570372661613,"RN7SL113P"
"ENSG00000278594.1",4.29749272178897,-0.0943645777917092,0.263439622782412,-0.358201916610129,0.720192213031716,0.839387181390847,"AL589182.2"
"ENSG00000278599.5",3.5211369355374,0.667289657227911,0.32207997314624,2.07181356453023,0.0382828311890817,0.130626649795062,"TBC1D3E"
"ENSG00000278600.1",216.342377943996,-0.212704887448254,0.103496969569305,-2.05517986017764,0.0398616356410962,0.134323222206378,"AC015871.3"
"ENSG00000278601.1",6.08394375121789,-0.531884667694707,0.189745428291829,-2.80314878984419,0.00506063165723995,0.0337304524053032,"AL158163.2"
"ENSG00000278607.1",5.8414927750301,0.472019353338199,0.173806062708118,2.71578186619926,0.00661194663444126,0.0405265129613914,"AC015819.2"
"ENSG00000278611.2",29.561836920353,0.118786392837415,0.116721222648954,1.0176931850232,0.308823786970665,0.502672843434749,"ZNF426-DT"
"ENSG00000278616.1",20.9879477560431,-0.144330304528094,0.110162652916528,-1.3101563978988,0.190142932614305,0.368954704412359,"BEND3P3"
"ENSG00000278619.5",381.866672155148,0.133227936564972,0.0856371937690349,1.5557251551737,0.119773462217509,0.274393400788973,"MRM1"
"ENSG00000278626.1",1.61940031246791,0.332884118604843,0.306666830404844,1.08549111152774,0.277704198309742,0.470274968175291,"AC023310.4"
"ENSG00000278627.1",9.80339750506003,-0.202869078623867,0.145455536089781,-1.39471541666622,0.163101674040371,0.334508452942461,"AC005962.1"
"ENSG00000278630.1",3.73937046578245,-1.02778206607888,0.721539325958809,-1.42442972836321,0.154322113639117,0.323155300923776,"LINC02335"
"ENSG00000278635.1",8.85953892719228,-0.0395487316928112,0.21964397115502,-0.180058353001178,0.857106757658617,0.923357045290884,"AC141557.2"
"ENSG00000278637.2",5.13514311478811,-1.06135684811597,0.389144788881903,-2.72740861098378,0.00638339372793473,0.0396601862217023,"H4C1"
"ENSG00000278638.2",10.4186180073329,-0.205566960108635,0.177296817880266,-1.15945092848457,0.246272427800122,0.43540693211988,"AC244093.5"
"ENSG00000278661.1",1.34619758434078,-0.762420154164039,0.476886144847208,-1.59874670799739,0.109876894667317,0.259649108281672,"TRAJ37"
"ENSG00000278662.5",31.5278525914899,-0.408106089016274,0.144319182880578,-2.82780210413175,0.00468687696347137,0.0319623504188554,"GOLGA6L10"
"ENSG00000278668.1",10.9911234586846,-0.453088526327772,0.177188840298306,-2.55709403348978,0.0105550680564959,0.0556556668997334,"AC005899.7"
"ENSG00000278677.2",1.82911889391277,0.404444088988347,0.249242754584934,1.62269145862182,0.104655378192129,0.251797505685361,"H2AC17"
"ENSG00000278698.1",1.42654471760851,0.254066110270646,0.321148393225226,0.791117488457949,0.428875434744062,0.615667033845036,"AL162574.2"
"ENSG00000278700.1",4.61727465819945,0.106686003095508,0.209986245790552,0.508061862308454,0.611409960023949,0.763042013685096,"Metazoa_SRP"
"ENSG00000278701.1",2.11336187270024,0.273089186046026,0.956361600885047,0.285550136886823,0.775222698799057,0.874690389098078,"Metazoa_SRP"
"ENSG00000278703.1",7.34873353435363,0.267138361083015,0.122192174988449,2.18621496105023,0.0287998822033079,0.107746317360909,"AC100847.1"
"ENSG00000278705.1",6.33098261283759,0.460630293232117,0.309045954637254,1.49049125646309,0.136095113769588,0.297881725944289,"H4C2"
"ENSG00000278709.2",159.995541764158,0.43567230832317,0.13921222283899,3.12955500198469,0.00175071293930773,0.0163284147469185,"NKILA"
"ENSG00000278716.1",5.72401887859114,-0.412666962082936,0.276500805233226,-1.49246206257828,0.135578055556439,0.29735179207118,"AC133540.1"
"ENSG00000278719.1",2.38359920488701,-0.544749183365006,0.254824695480355,-2.13774093730646,0.0325377749946493,0.116707621514421,"MCM8-AS1"
"ENSG00000278727.1",38.6522900147133,-0.0564878416646288,0.110534209516295,-0.511043973732871,0.609320265559142,0.761404481524623,"AC000403.1"
"ENSG00000278730.1",1264.161744478,-0.213480040204043,0.0816268466235953,-2.61531651698442,0.00891448030487678,0.0496719318477427,"AC005332.6"
"ENSG00000278733.1",6.69847772270171,-0.114867784228644,0.145395909909598,-0.79003449478094,0.429507623388946,0.616122939613433,"AC022079.2"
"ENSG00000278740.1",10.6558931026872,-0.30140280374389,0.173485413708447,-1.73733801188851,0.0823275257909048,0.215912850299605,"AC005332.7"
"ENSG00000278743.1",12.1218953439971,-0.0484589112743294,0.153866207319617,-0.314941871373151,0.752805789326,0.859908047466763,"AC087239.1"
"ENSG00000278746.1",1.83801828250269,0.177693722112048,0.647923204401375,0.274251208947242,0.78389157705318,0.88012913485751,"RN7SL660P"
"ENSG00000278765.1",16.2313543831379,-0.0713023447810728,0.0939066235174268,-0.759289836119396,0.447679196190763,0.632166241624426,"AC004477.2"
"ENSG00000278768.2",182.973178425802,-0.180506872697036,0.081242134653461,-2.22183813198644,0.0262942467158856,0.101733219745727,"BACE1-AS"
"ENSG00000278771.1",185.2756288508,-0.05046320107752,0.2902294381597,-0.173873475404492,0.86196489864338,0.92629022208883,"RN7SL3"
"ENSG00000278783.1",3.78720185680871,-0.358783382390052,0.254865590245207,-1.40773566978918,0.159209355449828,0.329636633768104,"MIR6071"
"ENSG00000278784.1",121.768778507617,-0.17616632715483,0.0861366823113098,-2.04519517617524,0.0408356198799333,0.136458927297262,"AL136295.7"
"ENSG00000278811.4",58.7425520151418,-0.151398651652284,0.178509649332423,-0.848125870049456,0.396367875603633,0.586925332788465,"LINC00624"
"ENSG00000278818.1",4.3817181201779,-1.0185510486265,0.395832889741739,-2.57318448017561,0.0100767479736438,0.0540059836262917,"Metazoa_SRP"
"ENSG00000278828.1",221.346973527829,0.132522632841199,0.185373039610551,0.714897015874666,0.474672681091315,0.655023157353238,"H3C10"
"ENSG00000278829.1",3.66304260444874,-1.01979789995383,0.298129978185677,-3.42064862500575,0.000624719898841595,0.00785806513228065,"AC099811.5"
"ENSG00000278831.1",11.5350009050031,-0.482081264038997,0.156713165498626,-3.07620143148231,0.00209656156699875,0.0184414330911729,"AL513190.1"
"ENSG00000278834.1",12.6311717488872,0.0627995199221847,0.101602608285081,0.61808964338769,0.53651624881227,0.705092405399935,"AC073508.3"
"ENSG00000278840.1",6.4784768149751,0.309837556553137,0.27781696411238,1.11525787326581,0.264739932211991,0.456399469922008,"AC009878.1"
"ENSG00000278842.1",5.03420069066591,-0.837949624475484,0.264202558484959,-3.17161812997049,0.00151592199731722,0.0146841987363056,"AC008147.4"
"ENSG00000278845.5",1744.61751402258,0.0998387466266692,0.0721729389075647,1.38332660603633,0.166564743541067,0.338673507189004,"MRPL45"
"ENSG00000278847.1",2.96570978096049,-0.504765334643063,0.382392707198685,-1.32001820416725,0.18682894016031,0.364849141025779,"AC006157.1"
"ENSG00000278857.1",72.732212151442,-0.206272141904252,0.221351227004752,-0.931877110849825,0.35140003792582,0.544958145270371,"IGKV1D-12"
"ENSG00000278861.1",10.931956748105,-0.491643330038466,0.162393545498793,-3.0274807322445,0.00246601434553548,0.0207064352095619,"AC117503.2"
"ENSG00000278862.1",1.99758236129368,-0.448913963564816,0.321945048479801,-1.39438070467166,0.163202671660083,0.334635832495953,"AC092724.1"
"ENSG00000278863.1",2.10945129146945,-1.97259390067811,0.36019440161818,-5.47647018336821,4.33893845300536e-08,7.37021826101568e-06,"AC091059.2"
"ENSG00000278864.1",167.554366899947,-0.0565768490649269,0.145096352851776,-0.389926059152729,0.696591223672782,0.822920987155528,"AC055811.4"
"ENSG00000278867.1",31.8656209115149,-0.279927490383481,0.102883957353961,-2.72080796251278,0.00651225810370495,0.0401504831567868,"AC090616.6"
"ENSG00000278869.1",51.0951456274652,0.189694917015551,0.141671871856168,1.33897374637739,0.180579219815309,0.35739055791886,"BX539320.1"
"ENSG00000278873.1",1.03580104112554,-1.36630609798987,0.541345111922453,-2.52390955030104,0.0116057785461179,0.0592170398675713,"PRO1804"
"ENSG00000278875.1",4.94783458671984,-0.700649782143581,0.222415542159916,-3.15018354985199,0.0016316791507101,0.0155061679222852,"AC025809.2"
"ENSG00000278876.1",16.6885152900979,-0.346138592252224,0.156103407366928,-2.21736730857264,0.0265980017838692,0.102420457250793,"AC145207.9"
"ENSG00000278879.1",15.4845239890431,-0.708901495047662,0.168842271006658,-4.19860199001771,2.6856788761378e-05,0.000822578719625168,"AP000560.1"
"ENSG00000278880.1",1.23985858782079,-1.20474993995959,1.07602209002192,-1.11963309223052,0.262870147662814,0.454423169745993,"AC092608.2"
"ENSG00000278881.2",5.70724972731371,-0.498469784084787,0.222714400015182,-2.23815695819762,0.0252108213821085,0.0990493127536626,"FP325331.1"
"ENSG00000278886.1",2.55803248193651,-0.559561092324027,0.390316395827833,-1.43360898569797,0.151683877814512,0.319582270638848,"AC087821.1"
"ENSG00000278891.1",1.94742295844687,-0.0287408169298564,0.319554665462848,-0.0899402200503874,0.928334719672043,0.962296775080681,"AC105101.1"
"ENSG00000278893.1",6.36260657171524,-0.416374716491941,0.239275774831795,-1.74014572425747,0.0818334331670875,0.215153848206999,"AC010533.1"
"ENSG00000278896.1",4.32299165953285,-0.588170170811993,0.266165150712743,-2.20979406671752,0.0271194577020303,0.103671097875475,"AC025031.5"
"ENSG00000278897.1",21.787335528921,-1.35600959487238,0.227933636600353,-5.94914210599785,2.69551541837413e-09,9.06482775999291e-07,"AC020951.1"
"ENSG00000278898.1",1.91183126076642,-0.334533308967029,0.449557777440443,-0.744138630793341,0.45679261052874,0.639812586934159,"AC087045.3"
"ENSG00000278899.1",9.07309664067048,0.0389871807622392,0.111123903111553,0.350844234863686,0.725705209354628,0.842503456442048,"AL358852.1"
"ENSG00000278900.1",1.99063014291331,-1.05784864480989,0.350585171542125,-3.01737988562584,0.00254970064408757,0.0211900108695975,"AC139792.2"
"ENSG00000278902.1",1.464126310503,0.684118689455778,0.375104582671522,1.82380786868408,0.0681811238793038,0.190736421923676,"AC010947.1"
"ENSG00000278908.1",3.92487095163671,-0.329438147163275,0.231912312717655,-1.4205289201887,0.155453755257519,0.324707833222678,"AC132154.1"
"ENSG00000278909.1",4.63042116151375,-0.418438997867636,0.269356175103686,-1.55347839234263,0.120308887485903,0.275274908493778,"AC007608.4"
"ENSG00000278910.4",25.8129243678123,-0.06200665430408,0.241301983031918,-0.256967031621444,0.797204223619849,0.888073154555811,"BANCR"
"ENSG00000278912.1",12.3177406619298,0.243490465568564,0.324433285489625,0.7505101247583,0.452947528213106,0.636232472230146,"AC008870.5"
"ENSG00000278916.1",23.2734909762049,-0.337718030159834,0.114288838877061,-2.95495197499656,0.00312717725614539,0.0243463393914039,"CEP83-DT"
"ENSG00000278917.1",13.4210292856495,-0.18203761240305,0.141192702747269,-1.28928484872828,0.197299076384699,0.377554196398887,"AC006213.6"
"ENSG00000278918.1",28.1882369089348,-0.10586592450437,0.130695352354077,-0.810020575311353,0.417928350432687,0.606278369104812,"AC080112.3"
"ENSG00000278920.1",5.65326111247085,-0.394531061386269,0.163094908321676,-2.41902745736321,0.0155620654905958,0.0720996168074599,"AC005005.4"
"ENSG00000278921.2",39.0724193582243,-0.0245562441850667,0.114716191917513,-0.214060838096195,0.83049961459183,0.907652682552795,"EPB41L4A-DT"
"ENSG00000278922.1",45.9482040724832,0.127690526079113,0.107739828339196,1.18517476821206,0.23594835392382,0.423245072585438,"AC002310.5"
"ENSG00000278924.1",3.17195876336894,-0.46462796144342,0.303212216704144,-1.5323523784557,0.125435502210426,0.282999797834491,"AC078883.3"
"ENSG00000278925.1",6.63787478702941,0.0750644448865212,0.177354445292312,0.423245353466057,0.672116259925302,0.806696258005307,"AC005753.1"
"ENSG00000278928.1",1.04018333237184,-0.505802589416335,0.429653727315531,-1.17723310019112,0.239102480596635,0.426604441934822,"AC136621.1"
"ENSG00000278931.1",5.70652075705014,-0.77026928826763,0.244721188171819,-3.14753820060249,0.00164651590081415,0.0155997307586242,"CR381670.1"
"ENSG00000278932.4",9.38693176327178,-0.0775314598992853,0.134345345263352,-0.577105665606078,0.563868077278643,0.726869551122386,"CR381653.1"
"ENSG00000278934.1",7.94335252475517,-0.170978040014626,0.171265897710822,-0.998319235177328,0.3181245831865,0.511905352732149,"AC117489.1"
"ENSG00000278941.1",1.1366188796234,-2.26741208741446,0.586292119274127,-3.86737602787785,0.000110012723936156,0.00235854958452149,"SMG6-IT1"
"ENSG00000278948.1",24.403619023931,-0.149113398377094,0.102912005251903,-1.44894075294812,0.147354128953536,0.313373427994256,"AL031587.5"
"ENSG00000278949.1",30.5627977439867,-0.735529561569988,0.154515663850252,-4.76022652488372,1.93375795859052e-06,0.000120663657810572,"AC127070.4"
"ENSG00000278952.1",10.274736212782,-0.0133512770539481,0.183299200827695,-0.0728387084813238,0.941934467836335,0.969601590380456,"AP003068.4"
"ENSG00000278954.1",5.74074849481354,-0.0439831632401703,0.179495629770046,-0.245037515935723,0.806427383134913,0.89332957307762,"AC130686.1"
"ENSG00000278959.1",26.351941510217,-0.0554385429413863,0.161267025864959,-0.343768620051374,0.731020301107795,0.846033958521286,"AC006378.1"
"ENSG00000278962.1",80.9141282965966,-0.400516921225018,0.149952432629417,-2.67095981173464,0.00756347016745127,0.0443262518510245,"AC092645.1"
"ENSG00000278963.1",6.77435006560331,-0.868331727273788,0.22010435701058,-3.94509104257327,7.9769664929855e-05,0.00186631866093441,"AC005921.3"
"ENSG00000278965.1",8.64680086545186,-0.64715276945425,0.178982509814079,-3.61573189540415,0.000299500227182995,0.00478927044361357,"AC122713.2"
"ENSG00000278966.2",9.21408849782757,-0.124270464581115,0.1945089182564,-0.63889340239558,0.522892280301328,0.695289267835775,"AL031602.1"
"ENSG00000278967.1",2.73642135227553,-1.22349672207302,0.337351667093464,-3.62676945578586,0.00028698931517991,0.00463862768074504,"AL138847.2"
"ENSG00000278969.1",4.88992823819673,-0.277658327732167,0.209152731293194,-1.32753861742757,0.184330574277681,0.36193193025636,"AC026310.2"
"ENSG00000278970.2",257.517632367724,0.000445881645465042,0.0728874229870164,0.00611740170240986,0.995119050072413,0.997647704839464,"HEIH"
"ENSG00000278971.1",3.14172894707974,0.010922666490493,0.296385161999801,0.03685294640526,0.970602257567033,0.985250959240784,"AC091305.1"
"ENSG00000278972.1",2.57928034393609,-1.40730240038773,0.407053355066592,-3.45729222685685,0.000545632814663802,0.00715468818377392,"AC015920.1"
"ENSG00000278973.1",7.92006355068351,-0.63119354212769,0.20221146490066,-3.12145279417157,0.00179961097356598,0.016661414945198,"AC073592.2"
"ENSG00000278974.1",65.5428608339244,-0.0549069241290392,0.114564288549621,-0.479267360048742,0.631748439266606,0.777409010848388,"AC093909.6"
"ENSG00000278979.1",5.33641081621079,-1.0919075466653,0.26354962636369,-4.14308136851049,3.42670295783738e-05,0.00099550804166911,"AC007598.3"
"ENSG00000278982.1",12.6267847372871,0.210545389592771,0.147241227524181,1.42993503336689,0.15273566595459,0.321065066714621,"AL139125.1"
"ENSG00000278983.1",19.0984138352696,-0.0624057135946603,0.193205084910937,-0.323002438695793,0.746693395166564,0.855931111598968,"AC048380.2"
"ENSG00000278985.1",15.5158773983152,-0.432376928616073,0.167925102241387,-2.5748201004192,0.0100292235983039,0.0538563774082703,"AC092718.7"
"ENSG00000278986.1",6.28960368778986,-0.356685406474202,0.128726206876454,-2.77088415117004,0.00559043128935602,0.0361683305317781,"AC091060.1"
"ENSG00000278987.1",29.3397207434023,-0.220305497636523,0.169518620873838,-1.29959467874908,0.193739924437385,0.373231298709286,"AL031009.1"
"ENSG00000278989.1",37.5268872272209,-0.385583116733625,0.121470421547335,-3.17429635809217,0.00150200246262017,0.0145900317685477,"AP001148.1"
"ENSG00000278991.1",27.2371691081216,-0.0699959450206249,0.170011860775613,-0.411712128208558,0.680550434416312,0.812506835437935,"AC090181.3"
"ENSG00000278993.1",22.0327954382637,-0.120797459045233,0.0786519010737699,-1.53584919621883,0.124575370656322,0.281643882606338,"AC002350.2"
"ENSG00000278996.1",1.0288394415401,-0.776022116454667,0.401690017534647,-1.93189295869851,0.053372719058102,0.162514901737826,"FP671120.4"
"ENSG00000278997.1",26.4183468492077,-0.193999659847714,0.106546423904585,-1.82079935429317,0.0686373625049254,0.191722771195275,"AL662907.1"
"ENSG00000278999.1",5.2178362321159,-1.22235875133209,0.229497192570963,-5.32624707796428,1.0026272567951e-07,1.42651578036237e-05,"AC008985.1"
"ENSG00000279006.1",3.28214470437405,-1.35921326077215,0.351519686159623,-3.86667749855391,0.00011032817178625,0.00236063998925426,"AL022323.1"
"ENSG00000279013.1",5.79219614548226,0.16293221844171,0.193664684275679,0.8413109444868,0.400173760941562,0.590296190652522,"AC110774.1"
"ENSG00000279016.1",5.38846560096637,-0.637622998835456,0.264634296698866,-2.40944959436238,0.0159766028288718,0.0733989294316762,"AC093648.1"
"ENSG00000279017.1",11.2040702978796,-0.440132512474885,0.247353185860079,-1.7793686826571,0.0751793373520126,0.20335925239361,"AC098476.1"
"ENSG00000279019.1",26.2751438071927,-0.4342284477795,0.146731662634993,-2.95933706455489,0.0030830168620833,0.0241002301923783,"AC009090.4"
"ENSG00000279020.1",2.40329850631977,-1.36037928652992,0.428180865382839,-3.17711368375511,0.0014874871544337,0.0144888560071858,"C18orf15"
"ENSG00000279021.1",2.66031390433255,-0.115929752173866,0.486640156670007,-0.238224796258396,0.811706746017552,0.896739869098831,"AC092139.1"
"ENSG00000279022.1",5.12775826384932,-0.365389433423728,0.153201076846867,-2.38503175659107,0.017077647089818,0.0767606459513043,"AL359715.4"
"ENSG00000279026.1",28.2178201583982,-0.290001264559959,0.120476885431073,-2.40711123567246,0.016079271499159,0.0736959231857794,"AC005225.4"
"ENSG00000279029.1",6.40103257079045,-1.04887971687224,0.270033811474994,-3.88425327607305,0.000102644864786263,0.0022379538201238,"AL353583.1"
"ENSG00000279030.1",2.10360401955515,-0.88109706726734,0.411264137839531,-2.14241161871286,0.0321603737559964,0.115792108939046,"AC007336.3"
"ENSG00000279031.1",11.8977738520439,-0.150496120113386,0.11116699313671,-1.35378421118498,0.17580523231071,0.351262293663834,"AC004232.2"
"ENSG00000279032.1",1.32758045703088,0.0823493564095722,0.536911210923045,0.153376116449495,0.87810167833859,0.934932752910683,"AL079305.1"
"ENSG00000279035.1",5.89768467062255,-0.0136372915499289,0.140953786707153,-0.0967500900012134,0.922924860312514,0.959437661405883,"AC022211.4"
"ENSG00000279036.1",1.20309636768902,-1.29124374475798,0.318751067687427,-4.0509471987846,5.10107185248278e-05,0.00133727786360172,"AC015656.1"
"ENSG00000279039.1",13.3470412122666,-0.440470336732056,0.232325519643958,-1.89591887024328,0.0579707732794217,0.171592037191419,"AC011447.6"
"ENSG00000279041.1",101.868625138478,-0.189902084200394,0.154061005971121,-1.23264211474766,0.217709317008687,0.401480708359692,"AC102945.2"
"ENSG00000279044.1",4.30581607370832,-0.658902805978435,0.252893544455868,-2.60545522186479,0.00917522657814419,0.0506669129982011,"AC007787.2"
"ENSG00000279048.1",31.4149714024257,-0.223617127567182,0.140329496162525,-1.59351478970748,0.11104475316221,0.261513260736327,"AC080080.1"
"ENSG00000279057.1",3.20247243600142,-0.105139554651273,0.176001948817461,-0.597377218591586,0.550255560149766,0.715927001889359,"AC141586.4"
"ENSG00000279058.2",8.27586550653746,-0.276083988636808,0.186903102331339,-1.47715038002617,0.139635331343744,0.302819117146123,"AGAP14P"
"ENSG00000279059.1",214.275538356249,-0.266833406979039,0.0908662480034983,-2.93655139110361,0.00331883824733569,0.0253764099799687,"AC007485.2"
"ENSG00000279066.1",16.2627176826921,-0.324643561353703,0.139589219141741,-2.32570655061876,0.0200342107976497,0.0852939872232932,"HEXD-IT1"
"ENSG00000279069.1",30.3273197031593,-0.0587888797191691,0.0867887883884279,-0.677378735327613,0.498165686709042,0.674972741641061,"AC015813.5"
"ENSG00000279071.1",4.76229367114061,-1.01213836366908,0.228901448695878,-4.42172109191771,9.79178003679653e-06,0.000394588252983486,"AC073592.3"
"ENSG00000279075.1",2.99054795825762,-0.312838491210125,0.255760787245679,-1.22316831512415,0.221266130267202,0.405762229412611,"AC091965.5"
"ENSG00000279077.1",5.42155519477451,-0.723927547269365,0.217929274041888,-3.32184627536648,0.000894239461161516,0.010185396640592,"AC023090.2"
"ENSG00000279078.1",4.61050846673115,-0.783008150406002,0.241409655374991,-3.24348315393485,0.00118077792970189,0.0123451647089635,"SND1-IT1"
"ENSG00000279080.1",14.3175603270818,-0.373645512012716,0.167039826199841,-2.23686482746755,0.0252951759778576,0.0992401948893253,"AL022322.2"
"ENSG00000279082.4",4.57676939727997,-0.575335926704249,0.217172900045093,-2.64920681440819,0.00806809419789536,0.046392238364513,"LINC01727"
"ENSG00000279083.1",2.51815356028753,-0.735440664794759,0.315554609252556,-2.33062881425429,0.0197729407537864,0.0846579882350581,"AL160274.1"
"ENSG00000279085.1",2.74398772509719,-1.8749689670092,0.320766901487311,-5.8452694411907,5.05748975123593e-09,1.47700882708682e-06,"AL022323.2"
"ENSG00000279086.1",12.7833806691044,0.0378188308348983,0.138974229773937,0.272128371543534,0.785523315102488,0.880786419117683,"AC073130.3"
"ENSG00000279088.1",194.329633902754,-0.247494311696132,0.0964800636712428,-2.56523785618004,0.0103105098170076,0.0547527916301172,"AC022400.6"
"ENSG00000279089.1",104.010898229401,-0.324221886561946,0.129083109361117,-2.51172975431601,0.012014105226368,0.0605671722140323,"AC005839.1"
"ENSG00000279091.1",1.2505439103567,-0.433438516196776,0.329365821850434,-1.31597903438081,0.18818107964397,0.366338012196625,"AC026523.2"
"ENSG00000279092.1",6.22456689846584,-0.100533066488056,0.19573970191131,-0.513605903689416,0.6075275511732,0.760191481986295,"AC025678.3"
"ENSG00000279098.1",2.83438428386807,-1.02519088197388,0.317506915749028,-3.22887732872011,0.00124277190980403,0.0128030866731024,"AC097460.2"
"ENSG00000279103.1",19.4873509277635,-0.185404816959669,0.132700302102595,-1.397169516738,0.1623626011102,0.333572235653309,"AC138470.1"
"ENSG00000279106.1",4.24104993370403,-0.848758644167874,0.270781498029881,-3.13447798443826,0.00172160171828241,0.0161403983895211,"AC009093.7"
"ENSG00000279108.1",47.1112473455609,-0.123042248855422,0.13563159438325,-0.907179845632022,0.364311699845409,0.55699069723334,"AC008537.3"
"ENSG00000279110.1",15.5066028096005,-0.892940034038269,0.198214539866405,-4.50491691800259,6.63989153821077e-06,0.000295932943750537,"AL022323.3"
"ENSG00000279114.1",6.42969006828163,-0.547504903004743,0.207017493450165,-2.64472771783677,0.00817566749634375,0.0468086840852575,"Z99129.3"
"ENSG00000279118.1",85.6774004024046,-0.0847717203085121,0.100406218406406,-0.844287551647332,0.398508740552074,0.588686105459626,"AC093535.2"
"ENSG00000279121.1",2.63889670265938,-0.660711814756588,0.338643605291664,-1.95105356909822,0.0510506736903711,0.15785549170368,"AC073592.5"
"ENSG00000279123.1",3.8793491998322,0.0633680791658177,0.208393408294043,0.304079095805206,0.761067632366106,0.865223580587562,"AC027281.1"
"ENSG00000279124.1",1.68692469289959,0.874335276788929,0.298088500188117,2.93313991058748,0.00335552642200717,0.0255546898696471,"AL356585.2"
"ENSG00000279128.1",6.44868304216476,-0.541414573017462,0.263078875345262,-2.05799333871606,0.0395907728456565,0.13373534906153,"AC078925.2"
"ENSG00000279129.1",7.10436181587587,-1.08505113447873,0.262317791519455,-4.13639932005243,3.52798039678317e-05,0.00101694416753335,"AC046158.3"
"ENSG00000279130.1",7.14905390930352,-0.103674670354754,0.163752829619857,-0.633116817556248,0.526657360715035,0.697926342804827,"AC091925.1"
"ENSG00000279133.1",127.971478782122,-0.414005756932827,0.151136281111335,-2.73928770701886,0.0061572465278592,0.0386057464958793,"AC018628.1"
"ENSG00000279136.1",3.57998417285292,0.95443227358657,0.34303731530438,2.78229869173181,0.00539753389347577,0.0352837415895324,"AL031258.1"
"ENSG00000279138.1",10.5412310455291,0.194460784443025,0.134037129090251,1.45079789281438,0.146836146609952,0.312871413061448,"AP002847.1"
"ENSG00000279140.1",8.14525032048965,-0.0251763963535477,0.160939248280856,-0.156434161476958,0.875690811666349,0.933686923708815,"AL590326.1"
"ENSG00000279141.3",13.0532932404972,-0.628277332416927,0.181950070294785,-3.45302055338055,0.00055434676360041,0.0072347576638763,"LINC01451"
"ENSG00000279144.1",4.4694730908745,-0.267472985697295,0.160567951666342,-1.66579309832076,0.0957546312660375,0.238148432667942,"AC099667.1"
"ENSG00000279145.2",20.8229379352213,0.0332136567738184,0.137503206674464,0.241548234234646,0.809130237420059,0.895089552037151,"AC011912.1"
"ENSG00000279148.1",15.6467185385861,0.156910368870455,0.0967415919151716,1.62195355445508,0.104813293282771,0.252021334615233,"AC126474.1"
"ENSG00000279149.1",15.671681109114,-0.575289065822383,0.198497878965218,-2.89821266011205,0.00375296022805966,0.0275101233137531,"AL356750.1"
"ENSG00000279154.1",0.780462134202541,-0.354592684939293,0.431950588973335,-0.820910293888228,0.411697367161658,0.600746863819824,"AL353726.2"
"ENSG00000279155.1",17.903577541281,-0.385756732864211,0.179365315895072,-2.15067629401593,0.0315017587461589,0.114471518657047,"AC233300.1"
"ENSG00000279159.1",278.831161121808,-1.04528288414779,0.15244941140645,-6.85658852011522,7.05243876844777e-12,7.57409173928812e-09,"AC003681.1"
"ENSG00000279160.1",2.30759697953728,-0.471033769464371,0.302280856171577,-1.55826530144869,0.119170370729455,0.273711374019977,"AC009336.2"
"ENSG00000279161.1",4.54732774184968,-0.029163055833999,0.170352651852804,-0.171192262150387,0.864072591592306,0.927716586248656,"AC093503.2"
"ENSG00000279162.1",12.8825556958889,-0.233563675326703,0.17853931101733,-1.30819187099939,0.190808238582015,0.369615330605168,"AC141586.5"
"ENSG00000279164.1",5.34153035617845,0.503536182517329,0.153237975803963,3.28597516298116,0.00101629970731844,0.0111118772268482,"AL118508.2"
"ENSG00000279166.1",7.21959689078777,-0.680787986120672,0.267456571985836,-2.54541505959602,0.0109147914827614,0.0569213898551965,"AC009951.4"
"ENSG00000279168.2",4.94835593175991,-0.207838800594859,0.145396323556717,-1.42946393354839,0.152870934002637,0.321195849888885,"AC105052.4"
"ENSG00000279170.3",201.399175131003,-0.310591620950463,0.107808422002969,-2.88095878948964,0.00396467474748933,0.0286263102077992,"TSTD3"
"ENSG00000279174.1",2.85043488628705,-0.1642433092356,0.194056956930729,-0.846366509262683,0.397348315545055,0.587767848910557,"AC104581.3"
"ENSG00000279175.1",6.31580472155275,-1.03461280507857,0.22250972284943,-4.64974200600969,3.32350502978728e-06,0.000179917809685704,"AL033543.1"
"ENSG00000279176.1",2.95632216539067,-0.982840179927575,0.405508192329234,-2.42372459673911,0.015362250649198,0.0714622622416865,"AC079316.2"
"ENSG00000279179.1",17.6931349678735,-0.484961068019036,0.129240981211991,-3.75237841334217,0.000175164792912357,0.00326212759726768,"AL662907.2"
"ENSG00000279187.1",14.0258300340194,-0.139945715025601,0.183841899050741,-0.761228619526912,0.446520526879307,0.631226185783736,"AC027601.4"
"ENSG00000279196.1",12.0790865357049,-0.0954643550151487,0.141995173745043,-0.672307040424894,0.501388248608315,0.677849385239853,"AC135048.4"
"ENSG00000279197.1",3.93704254089932,-0.188666205834976,0.310492550123004,-0.607635209798864,0.543429442968277,0.71112956358221,"AC010608.2"
"ENSG00000279198.1",27.9280226475581,0.0921263644893093,0.114402831945293,0.805280454362914,0.420657858223975,0.608514537208377,"AC008894.3"
"ENSG00000279199.1",7.88234753420399,0.0488056774453869,0.172292653194214,0.283271959311994,0.776968370552406,0.875607413826234,"AC068669.1"
"ENSG00000279202.1",1.29404066724006,-1.12999508116363,0.514571217379526,-2.19599356318095,0.0280924041077972,0.106026603902025,"AC130448.1"
"ENSG00000279203.1",19.4236425102053,-0.643586085058704,0.165132599398599,-3.89738965778168,9.72351014379109e-05,0.00216249046905302,"AC005785.2"
"ENSG00000279204.1",8.40275844735937,0.155619748779585,0.135694343537744,1.14684035253318,0.251447608318059,0.441555209859863,"AC134043.3"
"ENSG00000279205.1",3.15445125222895,1.11016442812876,0.263255102521777,4.21706708623787,2.47500360669721e-05,0.000775167404306399,"AC092162.3"
"ENSG00000279206.1",3.66715626020005,-0.123945696069118,0.205829082484529,-0.602177761145264,0.54705581726705,0.713876428654877,"AC004943.3"
"ENSG00000279207.1",451.193569261431,-0.0442222154380651,0.0968795045100909,-0.456466160326604,0.648054799472046,0.789100218712918,"AC015813.6"
"ENSG00000279208.1",4.88169046108511,-0.461597263352655,0.217472697096095,-2.12255271358817,0.0337913510005549,0.119890773552434,"CR381653.2"
"ENSG00000279214.1",2.84906565999799,-0.43550328310136,0.2380293124516,-1.82962038841293,0.0673067228382814,0.189212422819801,"AL109659.3"
"ENSG00000279220.4",1.27099918399731,-0.922055384610702,0.645022097844993,-1.42949425715998,0.152862224365976,0.321195849888885,"GPR1-AS"
"ENSG00000279221.1",1.75867761583083,-0.267408281880041,0.375828263907848,-0.711517220923035,0.47676378321541,0.656846685615688,"AC068254.2"
"ENSG00000279227.1",42.4308694636968,0.0518788581357659,0.0832883234647131,0.622882728066264,0.533361588914038,0.702757211484469,"AC009303.4"
"ENSG00000279233.1",92.4259576989113,-0.298336734123106,0.126628450702921,-2.35600082340914,0.0184728767490992,0.0809127069606314,"AC122688.3"
"ENSG00000279235.1",3.34798835594038,-1.41840915030022,0.323532867281271,-4.38412691180178,1.16451872685105e-05,0.000447694249111456,"AC011944.2"
"ENSG00000279236.1",5.25991682316641,-0.960645464807573,0.253552340541124,-3.78874619243266,0.000151409501401048,0.00293757373551579,"AC064801.2"
"ENSG00000279237.1",2.93463417094315,-0.369334637284843,0.299852572045029,-1.23172075785756,0.21805341297273,0.40195184530763,"AL161773.1"
"ENSG00000279249.3",7.94261291285061,-0.184822750587178,0.249617970069565,-0.740422456506919,0.459043696846767,0.64160125101257,"AC007614.1"
"ENSG00000279250.1",1.93312065649794,-0.478864607439939,0.455949371501684,-1.05025829043866,0.293599376136905,0.486125449705036,"AC022919.1"
"ENSG00000279251.1",1.42239314833682,-0.213413781371565,0.505579860181648,-0.422116856662148,0.672939724647286,0.807154312522322,"AC015726.3"
"ENSG00000279253.1",69.4715364698994,-0.103364729050335,0.0898266541599828,-1.1507133380059,0.249850187441248,0.439584753500051,"AL121753.2"
"ENSG00000279254.1",18.1217821786245,0.0500676711177484,0.151817515005665,0.329788503756502,0.741559774542146,0.852688732949909,"AC020604.1"
"ENSG00000279255.1",8.69185722399287,0.118001574346451,0.169409067948306,0.696548158699854,0.486085608702508,0.66501944403257,"Z97653.2"
"ENSG00000279259.1",32.814855062838,-0.0659000220073026,0.10429392985781,-0.631868241010267,0.527472977506848,0.698636081991637,"AC087741.3"
"ENSG00000279265.1",15.5543424622683,-0.260901081657729,0.112756050823279,-2.31385437635303,0.020675711452141,0.0870372291592786,"AC000123.2"
"ENSG00000279266.1",5.82922184301982,0.16370683402182,0.153280909494787,1.06801841508768,0.285512205139879,0.47795443713405,"AC068860.1"
"ENSG00000279267.1",42.2889829343125,0.00209626909624387,0.0966099418484715,0.0216982751064251,0.982688639715615,0.991473813020546,"AL078621.1"
"ENSG00000279274.2",0.841129238384372,0.0012652390615068,0.396509860682484,0.00319093971415752,0.99745400278822,0.998773981618341,"AC012005.1"
"ENSG00000279276.1",0.81112634185586,-1.05080474508891,1.17334607656971,-0.895562499480927,0.370486471707687,0.562889887398531,"AC130454.1"
"ENSG00000279277.2",68.9404021556837,-0.383214983814935,0.176523392984193,-2.17090198265818,0.0299385824408098,0.110516157578654,"AC012020.1"
"ENSG00000279278.1",83.3748966920252,-0.172713460789428,0.140639664556565,-1.22805654673588,0.21942574149905,0.403676919474381,"AC245060.6"
"ENSG00000279281.1",11.9287897039765,-0.439851580957618,0.231525360004274,-1.89979871297683,0.0574595399077162,0.170696927112304,"AC015883.1"
"ENSG00000279283.1",19.4088823201717,-0.131939106904481,0.178182280488053,-0.740472658353519,0.45901324553217,0.641585624228664,"AC131009.4"
"ENSG00000279286.2",20.7010147101542,-0.10080320823653,0.235294227245682,-0.428413435452781,0.668350144683535,0.804431559486242,"AL133373.3"
"ENSG00000279289.1",9.80805948003124,-0.544447536108798,0.243379296298491,-2.23703307713185,0.0252841782651254,0.0992321286079003,"AL136164.3"
"ENSG00000279294.1",2.83578340229512,-1.02010325303415,0.336841682979905,-3.0284353290534,0.00245823685991039,0.0206582832201786,"AC092135.1"
"ENSG00000279296.1",7.38623008618084,0.0523907897307581,0.170200678737341,0.307817748550869,0.758221015515895,0.86349634909936,"PRAL"
"ENSG00000279300.1",0.978206841002383,-0.551677153051123,0.513846517786494,-1.07362244163411,0.28299193521237,0.475519042043696,"AC008761.3"
"ENSG00000279302.3",4.5422641146731,-0.154536490724148,0.237065576005335,-0.651872335613461,0.514483532663189,0.688701710946707,"AC013643.3"
"ENSG00000279307.2",15.180260363487,0.251365540125409,0.11056478421362,2.27346837343572,0.0229979699045338,0.0930907491831785,"NDUFAF2P1"
"ENSG00000279311.1",8.17183883602838,0.0216298723136531,0.168243241965282,0.128563097459312,0.897703367877663,0.945656794941599,"AC092999.1"
"ENSG00000279314.1",33.0361801747508,0.0734959174838113,0.166656763892186,0.441001707745612,0.659211760669687,0.797201156404041,"AC002525.1"
"ENSG00000279315.1",3.60658785277499,-1.08117428817855,0.308744046611075,-3.50184659443977,0.00046204557066349,0.00641742151941992,"AL158212.4"
"ENSG00000279317.2",10.4134393787563,-0.187611411056022,0.18563398440025,-1.01065228795342,0.312182880394844,0.506210044661286,"AC006994.1"
"ENSG00000279319.1",6.1338453401162,-0.468136374947281,0.209220994385919,-2.23752103043626,0.0252523063858691,0.0991308852232508,"AC105074.1"
"ENSG00000279320.1",43.1750920257785,0.0185472729894993,0.134505860833767,0.137891931805273,0.89032582698142,0.941870857541623,"AC069528.2"
"ENSG00000279324.1",1.10909841072564,0.192820525828307,0.876076815887365,0.220095455480125,0.825796814038747,0.904621391477757,"AL645730.1"
"ENSG00000279328.1",8.14660552364367,-0.254006680371638,0.208183857162307,-1.22010747535341,0.222424135130898,0.407056218717733,"AC073439.1"
"ENSG00000279329.1",71.4992369352131,0.0489307579240258,0.0778750379178588,0.628324033378155,0.529791690711591,0.700295226978495,"AC020910.6"
"ENSG00000279330.1",14.5989611695261,-0.38337647764495,0.159010454145996,-2.41101429276437,0.0159082250092789,0.073204220488448,"AJ003147.3"
"ENSG00000279331.1",19.1705549768397,-0.19052834450748,0.142572406223535,-1.33636199005266,0.181430983739574,0.358310138452326,"RBM12B-AS1"
"ENSG00000279332.1",35.4645017853873,-0.114711060212307,0.141079293549968,-0.813096361101905,0.416162812627627,0.604876823575115,"AC090772.4"
"ENSG00000279334.1",2.64280006789892,-0.287158690911055,0.39135905356109,-0.733747407395114,0.463102699383631,0.64538332653593,"AC073592.6"
"ENSG00000279336.1",3.37884727222706,-0.701927048816312,0.365685542340679,-1.91948263615624,0.054923281715531,0.165508268512607,"AL353662.2"
"ENSG00000279339.1",8.64315229427216,-0.50839379822033,0.195354933168699,-2.60241085276975,0.00925708786680019,0.0509331063211666,"AC100788.2"
"ENSG00000279340.1",2.03660950663857,-1.30483483826313,0.424952444741789,-3.07054319702991,0.00213669775659201,0.0186809554648681,"AC090617.7"
"ENSG00000279341.1",1.06621320537898,-0.584927559088824,0.623581227343999,-0.938013419005874,0.348237514031761,0.541972305285126,"AP000756.1"
"ENSG00000279342.2",65.5586903409956,-0.554671837409489,0.159602676811222,-3.47532916421917,0.000510226858864299,0.00684435562352061,"AP000866.6"
"ENSG00000279344.1",8.3039505386888,-1.12208600549231,0.191849042844976,-5.84879647483576,4.95142479819621e-09,1.45882996288802e-06,"AC007342.6"
"ENSG00000279345.1",19.4414756069018,-0.273805173168357,0.193500399142829,-1.41501089600468,0.157065301361473,0.326966490228696,"Z98885.3"
"ENSG00000279347.1",9.13337616718025,-0.238234669683864,0.170107992133786,-1.40049075117234,0.161366411087112,0.332366488760406,"AC021945.1"
"ENSG00000279348.1",76.0485624557866,-0.230219507875168,0.119677965003872,-1.92365827633951,0.0543974311601738,0.164581395457621,"AC012513.3"
"ENSG00000279349.1",3.48012049925084,-0.339219922680588,0.260182045997553,-1.30377913425963,0.192308898904436,0.371474197399331,"AC092692.1"
"ENSG00000279352.1",6.4465892072688,-0.365213285990561,0.20811986275744,-1.75482186635982,0.0792897821437331,0.210560318809229,"AC006557.6"
"ENSG00000279353.1",4.00503848325862,-0.453388503140181,0.193681537015637,-2.34089686671362,0.0192374804011579,0.0831136043337337,"AP001324.3"
"ENSG00000279354.1",0.842617918130533,-1.76357857511689,0.776172305587262,-2.27214828772143,0.0230775554148113,0.0933334611789738,"AC090373.1"
"ENSG00000279356.1",12.8024554355615,-0.806419376392262,0.188851754951218,-4.2701185202148,1.95369119330568e-05,0.000655351115030353,"AC007610.4"
"ENSG00000279357.1",6.43790336538879,-0.324740094623638,0.143064641252971,-2.26988368180663,0.0232146414561899,0.0937057538798412,"AC007224.2"
"ENSG00000279359.1",3.17897907243649,0.0510647657968724,0.310075209566041,0.16468509645882,0.869191848107284,0.930003991484632,"AL359195.2"
"ENSG00000279361.1",3.19092703033512,-0.667216344809132,0.295465984483267,-2.25818327607494,0.0239342354696088,0.0957053208611202,"AC079331.1"
"ENSG00000279366.1",1.14480406477683,-1.88397269186946,0.715916287501714,-2.63155444953465,0.00849952463143059,0.0481015323216063,"AC120349.2"
"ENSG00000279368.1",21.673105991702,-0.0620101977186028,0.136489927354868,-0.454320688129454,0.649598027857922,0.79031855075731,"AL031123.3"
"ENSG00000279369.1",134.034371749717,0.0125344092703982,0.143664809648905,0.0872475959911851,0.930474707438038,0.963195523746489,"AC046185.3"
"ENSG00000279373.1",2.84741639994642,-0.266534286004455,0.187144929121265,-1.42421324080733,0.15438475312667,0.323266137474605,"AC027228.3"
"ENSG00000279375.1",8.32837087008788,-0.289873148283066,0.181298100460976,-1.59887581583052,0.109848198662912,0.259631980554048,"AC244517.7"
"ENSG00000279377.1",2.21370561273322,-0.884129055951677,0.332049438987618,-2.66264282405442,0.00775296600117205,0.0451021312383402,"AC003973.2"
"ENSG00000279379.1",1.84662205964734,0.168169895124462,0.657071559441882,0.25593847840151,0.797998342403274,0.888375537137437,"AC024595.1"
"ENSG00000279382.1",100.074906910335,-0.28409489375551,0.130943946323951,-2.16959165911091,0.0300377938132582,0.11074731665834,"AC018665.1"
"ENSG00000279384.1",11.3150785505248,-0.774121715730851,0.187864913593502,-4.12062955728858,3.77838523966163e-05,0.00106785891157941,"AC080188.2"
"ENSG00000279386.1",7.88715777463678,0.285937247001257,0.148982034402309,1.91927334157027,0.0549497499544284,0.165530404020339,"AC021106.2"
"ENSG00000279390.1",5.60227679992369,0.362720979541423,0.345592031442292,1.04956407133476,0.293918583051589,0.486522715931812,"AF127577.6"
"ENSG00000279392.1",25.7523970334596,0.100850570131266,0.10466135246684,0.963589402909911,0.335251821823605,0.528648774662174,"AL158801.4"
"ENSG00000279393.1",11.4834273583066,0.438675922714003,0.145749756226437,3.0097883802459,0.00261429768339328,0.0214855129037799,"AL139005.1"
"ENSG00000279394.1",3.07203287475651,-1.63394706795971,0.293019076936611,-5.57624808951665,2.45761371487533e-08,4.87031746484192e-06,"AC015871.4"
"ENSG00000279400.1",14.9463882354872,-0.672408834297388,0.202597260902035,-3.31894336233167,0.000903587544178841,0.0102519232184738,"AC008957.3"
"ENSG00000279404.1",3.71849359906893,-1.09800258169,0.366938862219384,-2.99233113399018,0.00276855785088688,0.0223830977488045,"AC008739.6"
"ENSG00000279406.1",29.6012870062209,-0.052853072201151,0.0957673064607934,-0.551890558003621,0.581023337779402,0.739627388561902,"AL359183.1"
"ENSG00000279407.1",76.3204650101837,-0.1885682449434,0.12661968963466,-1.48924899032277,0.136421814566118,0.298259224609256,"AC007191.1"
"ENSG00000279409.1",4.48040652351938,-0.512960914180811,0.219183677594275,-2.34032442475182,0.019266995175542,0.0831763576736672,"AC020658.6"
"ENSG00000279410.1",2.18873920078196,-0.669107809805213,0.337908178610458,-1.9801468332513,0.047687031974447,0.151024462380944,"AC099494.1"
"ENSG00000279412.1",21.1021873876819,-0.437796291342301,0.170221425390223,-2.57192236722656,0.0101135567388025,0.0541419219074247,"AC020763.3"
"ENSG00000279413.1",31.291102705501,0.16101772974852,0.0942920628703879,1.7076488184361,0.0877015242522463,0.224909632214312,"AC112497.2"
"ENSG00000279414.1",4.6837417122596,-0.302341887742082,0.2626865194557,-1.15096080441642,0.249748360927085,0.439521734873952,"CDRT15P9"
"ENSG00000279415.1",14.612960586634,-0.172086242491196,0.151970498330381,-1.13236611304047,0.257480545417463,0.448295146877084,"AC099494.2"
"ENSG00000279416.1",2.86322291975474,-0.705696611565877,0.351473285641924,-2.0078243223436,0.0446619632730934,0.144909027970726,"AC099689.3"
"ENSG00000279418.1",3.57036310336406,-0.426134186491584,0.249909253025894,-1.70515569684581,0.0881653902279605,0.225652701173085,"LINC00244"
"ENSG00000279419.1",7.9780028792966,0.591286745121204,0.221272986613348,2.67220483698002,0.00753546345891807,0.0442595911706705,"AC004925.1"
"ENSG00000279421.1",1.31237239143721,-0.960862341329607,0.3905418977574,-2.4603310089062,0.0138808925932741,0.0667697076465886,"AC067863.2"
"ENSG00000279422.1",3.98332380833919,-0.146322025334419,0.166920053095079,-0.876599441596589,0.380704242607669,0.572181925812954,"AC231657.1"
"ENSG00000279423.1",1.50461832025561,-0.0301808395771138,0.326814117986629,-0.0923486407596032,0.92642104371091,0.961540537090978,"AL445363.3"
"ENSG00000279425.1",114.588930488984,-0.636943604632245,0.176633475553111,-3.60601863626199,0.000310930816459023,0.00491306106899394,"AC092279.2"
"ENSG00000279430.1",4.48008071124863,-0.0739130748649589,0.209502180547324,-0.35280336783064,0.724235858768255,0.841665598956112,"AL590560.4"
"ENSG00000279432.1",16.7929530553066,-0.447909167433943,0.136179302174569,-3.28911339889056,0.00100503521978106,0.0110566144095075,"AC015799.1"
"ENSG00000279433.1",5.14013808246414,-0.951756712157332,0.235302965760249,-4.04481392354008,5.23646985568598e-05,0.0013662836277849,"AC018529.3"
"ENSG00000279434.1",41.2369912008096,-0.43765273226589,0.120719138640423,-3.6253798461029,0.000288537029361282,0.00465871159967272,"AL049776.1"
"ENSG00000279439.1",1.61272468846133,-0.759273131253896,0.780589662174497,-0.972691758610766,0.330706522482576,0.524245893391695,"AC105114.1"
"ENSG00000279442.1",2.71865624851029,0.418874817943709,0.521724674063186,0.802865646896698,0.422052393725336,0.609763510861726,"AP000542.2"
"ENSG00000279443.1",42.1828736249483,-0.0294626495444457,0.132900277182052,-0.221689902904315,0.824555290864111,0.903978769251318,"AL513497.1"
"ENSG00000279444.1",1.3316446617992,-0.646739955062657,0.393310163912412,-1.64435098404089,0.100103723664667,0.244516014084209,"AC135584.1"
"ENSG00000279447.1",6.76571845094933,-0.246132417418208,0.180608678915035,-1.36279396370536,0.172947454062314,0.347722663693256,"AL118508.3"
"ENSG00000279452.1",22.7349706917458,-0.102888369928777,0.136178356731087,-0.755541279822845,0.44992427362461,0.633722329900259,"AC006277.1"
"ENSG00000279453.1",364.06945594301,-0.0299054941337221,0.106631866619572,-0.28045550623638,0.779128057068776,0.877267556437054,"Z99129.4"
"ENSG00000279456.1",15.8667261052002,-0.28430190309653,0.129079137455772,-2.20253953272614,0.0276272198289542,0.10485556654872,"AL353763.1"
"ENSG00000279457.4",87.6041693368406,-0.185140028941768,0.0990027836741593,-1.87004872056028,0.0614770525074452,0.178693513980301,"WASH9P"
"ENSG00000279459.1",8.12995400320363,-0.0710495150485158,0.174427586822924,-0.407329576373973,0.683765942827543,0.814784675412951,"AP001271.2"
"ENSG00000279461.2",2.44173753706998,-0.126113859474585,0.212005683389796,-0.594860748344705,0.551936556662633,0.717260910501149,"AC005480.2"
"ENSG00000279463.1",2.58630456011285,-0.922768166381006,0.399793989894049,-2.30810915047911,0.0209930663717509,0.0878263582199928,"AL159972.1"
"ENSG00000279464.1",19.4174405520717,0.0385846371166421,0.0991045866012566,0.389332506596146,0.697030192722862,0.823045036963308,"AC096720.2"
"ENSG00000279465.1",1.78177446791492,-0.609637937755981,0.368375315866261,-1.65493699359951,0.0979372792261022,0.241233437523926,"AC090950.2"
"ENSG00000279467.1",10.5723406956384,-0.235871765228419,0.168159709978916,-1.40266515241964,0.160716713452661,0.331598086213921,"AP000350.8"
"ENSG00000279469.1",6.99171084562183,-0.383195119636811,0.192076208484229,-1.99501605462123,0.0460411288821309,0.147701609546424,"AC109454.4"
"ENSG00000279474.1",2.26934900346418,-0.590853328933852,0.368860731428443,-1.60183310011267,0.109192521410506,0.258761948560038,"AC125437.2"
"ENSG00000279476.1",5.06670955133356,-0.191732200939653,0.261802843618607,-0.732353393452696,0.463952897804127,0.645912331979236,"AC092139.2"
"ENSG00000279479.1",6.35686890696965,-0.893771875681054,0.334326903523688,-2.67334715292432,0.00750984901949347,0.044166296309132,"AP005205.3"
"ENSG00000279481.1",4.33834039131575,-0.580737308165171,0.241362781548047,-2.40607646481555,0.0161248892616061,0.0738434871250828,"AC104791.2"
"ENSG00000279482.1",1.24398783905206,-1.07549299751273,0.558850817552598,-1.92447244189904,0.0542953917916932,0.164326552308711,"AC007683.3"
"ENSG00000279483.2",577.667583369467,0.0967898400718565,0.131382379254105,0.736703358710352,0.46130276388299,0.643677825563973,"AC090498.1"
"ENSG00000279484.2",5.63225813204955,0.295900757300668,0.211259429443527,1.4006511239763,0.161318425039088,0.332308769015368,"KLHL30-AS1"
"ENSG00000279485.1",1.28904157278265,-0.456694830010362,0.646229306427792,-0.706707085964371,0.479748525142861,0.659530468772965,"AC016734.1"
"ENSG00000279486.5",1.97223278173785,-1.74228995389596,0.415830697840014,-4.18990219564379,2.79074716579338e-05,0.000847740377652912,"OR2AG1"
"ENSG00000279490.1",2.51039390473471,-1.07029573248612,0.379122176104644,-2.82308923071465,0.00475633317947854,0.0322773339878473,"AC109446.3"
"ENSG00000279491.1",24.4830248319235,0.0510547655784337,0.119539866044734,0.427094050442788,0.669310826215091,0.804972311887969,"AP003733.3"
"ENSG00000279495.1",153.203517986574,-0.0146190538583973,0.110141617083721,-0.132729609801217,0.894407224806795,0.944238322409077,"AL928654.4"
"ENSG00000279498.1",1.10660067100097,-1.13975614720533,0.770408913141729,-1.47941713519046,0.139028863254791,0.301688416209034,"AL356121.2"
"ENSG00000279500.1",25.0588335339389,-0.710018797105027,0.167199376193343,-4.24653974955019,2.17097279401717e-05,0.000707915741735687,"AC108704.2"
"ENSG00000279501.1",1.78985332697487,-0.0799409291833029,0.580727473951893,-0.137656530419164,0.890511875940295,0.941977882877303,"CR392039.3"
"ENSG00000279502.1",2.87430145702301,-0.81161857360842,0.373814956166102,-2.1711773705699,0.0299177672569811,0.11045156634361,"AC016542.2"
"ENSG00000279509.1",4.30972499395673,-1.84571737348631,0.364491796121951,-5.06381047015053,4.10958230287572e-07,3.87592984729863e-05,"AC007494.3"
"ENSG00000279511.1",11.1262479991968,0.243721080165661,0.356145328556798,0.684330414084856,0.493766545819592,0.671361986848471,"AL356274.2"
"ENSG00000279512.1",5.01742033671852,-1.59647871652634,0.423424917991204,-3.77039387313409,0.000162990103873011,0.00309447444494874,"AC011755.1"
"ENSG00000279513.1",5.11007550521278,-0.17192202116656,0.212552021808315,-0.808846792911732,0.418603276946638,0.606992983422667,"AL157902.2"
"ENSG00000279516.2",7.65997540717026,0.771408404344246,0.654435725322075,1.17873822362708,0.238502430128533,0.42605899051721,"FAM230C"
"ENSG00000279518.1",78.5880248911725,-0.247487184224911,0.181081149902184,-1.3667197516616,0.171713164384152,0.346014186045369,"AC083843.3"
"ENSG00000279520.1",55.1273581340684,-0.148414088224064,0.114342059601663,-1.29798333824928,0.194293060489888,0.373820341582388,"AC093525.8"
"ENSG00000279526.1",7.17344037226707,-0.272659259638753,0.21988523313769,-1.24000714258068,0.214972752301974,0.39823546863953,"AC011239.2"
"ENSG00000279527.1",2.26084947693104,-1.2966936486144,0.294994377612298,-4.39565546675808,1.10438986466176e-05,0.000431554598171173,"AC073592.7"
"ENSG00000279529.1",39.9240509356366,-0.12265655451701,0.11967619995176,-1.02490348596004,0.30540872962624,0.49868663201057,"AC008764.8"
"ENSG00000279530.2",10.6181554217676,-0.421286254020236,0.221325424484668,-1.90346976630071,0.0569792750998463,0.169710166964216,"AC092881.1"
"ENSG00000279532.1",4.00221371761787,-0.218735081574496,0.173769930002562,-1.2587625578906,0.20811610806144,0.390069784703571,"AC002094.5"
"ENSG00000279536.1",7.16223250887293,-0.154348931565234,0.159151028760637,-0.969826791364158,0.332132836143257,0.525680937186473,"AC093458.2"
"ENSG00000279539.1",17.0255579169121,0.348594982373263,0.100352776576206,3.47369543989197,0.000513343355696864,0.00686926862589056,"AC006486.2"
"ENSG00000279541.1",9.22517183413373,-0.521426679886332,0.210372520945462,-2.47858740078277,0.0131903790398108,0.0645709879977092,"AC005261.5"
"ENSG00000279544.1",8.57099699687106,-1.60414484606329,0.247555037476571,-6.47995234681948,9.17515917561140e-11,6.49933137092831e-08,"AL133243.4"
"ENSG00000279548.1",1.9112936176735,-0.831887991354065,0.407881009719553,-2.03953597135117,0.0413965649473218,0.13771141454748,"AL022323.4"
"ENSG00000279549.1",12.7437657767585,-0.196022440179674,0.158737593090408,-1.23488353554682,0.216873851862193,0.400610003002656,"AP000437.1"
"ENSG00000279554.1",1.41171015431006,-1.2257222824625,0.400166381501736,-3.06303162665149,0.00219106901743121,0.0190065817606402,"AC130448.2"
"ENSG00000279555.1",5.98562444436366,-0.752782159445876,0.217106748302644,-3.46733653067525,0.000525643349861963,0.00697776875875372,"AC091181.1"
"ENSG00000279557.1",2.81206990438321,-0.520251547798167,0.266953584331184,-1.94884645996264,0.051313763522618,0.158389498327324,"AC010435.1"
"ENSG00000279561.2",14.6639870424241,0.00700191949049993,0.167746509361421,0.0417410741788602,0.966705110018978,0.983158016977809,"AL845472.1"
"ENSG00000279562.1",1.73061110095895,-0.561064258029519,0.444412450040885,-1.26248546362259,0.206774153722303,0.388340017436612,"AC090617.8"
"ENSG00000279565.1",4.03387972978475,-0.806059823445629,0.262188292217857,-3.07435475713714,0.00210958413457092,0.0185119622014416,"AL121835.2"
"ENSG00000279568.1",7.09599889683336,-0.206497451592387,0.179614445831493,-1.14967062162759,0.25027955887447,0.440117563315557,"AC093525.9"
"ENSG00000279569.1",13.974091096392,-0.155088869095375,0.151857718626723,-1.02127748591163,0.30712299001504,0.500687773311661,"AC020763.4"
"ENSG00000279570.1",4.31068127499416,-0.820933048573647,0.238574815313564,-3.4409878825419,0.000579594488606246,0.00743887405904693,"AC099804.1"
"ENSG00000279573.1",7.02956422658878,-0.411532322128841,0.171187185134997,-2.40399023913099,0.0162172062907922,0.0741443901454744,"AC134407.2"
"ENSG00000279579.3",2.60861415139593,0.371841786850752,0.336102797052728,1.10633350900801,0.268582193165169,0.46042464121559,"LINC01666"
"ENSG00000279581.1",8.44390385652191,-0.491869427204885,0.241195366883319,-2.03929882054008,0.0414202132955413,0.137748792453147,"AC073862.2"
"ENSG00000279583.1",10.4966979479423,-0.0947809430676767,0.108134980969794,-0.876505846837413,0.380755099251449,0.572187785538102,"AC009086.2"
"ENSG00000279588.2",7.10826521301416,-0.999283852986268,0.286742616961959,-3.48495059288253,0.000492227920788852,0.00669530465097188,"AC087762.2"
"ENSG00000279589.1",3.39923651455587,-1.22693499188657,0.280151328952165,-4.37954371473309,1.18928063449483e-05,0.000454380665088422,"AC079416.3"
"ENSG00000279591.1",13.5998412694524,-0.21683808061565,0.2007408005018,-1.08018937890858,0.280057857048438,0.472654025974106,"AC002044.2"
"ENSG00000279594.1",5.76108627015947,-0.259654991627948,0.168754596572842,-1.53865433535536,0.123888706018596,0.280627425622103,"AL049780.3"
"ENSG00000279597.1",1.31687285605597,-1.75826274993721,0.567948575084941,-3.09581329555101,0.00196273904146068,0.0176657125999866,"AL031593.1"
"ENSG00000279598.1",2.6241922973518,-1.15534310805444,0.481392054870659,-2.40000452098209,0.0163948693597499,0.0747002033110925,"AC009948.3"
"ENSG00000279600.1",1.57973787516424,-0.739882424882786,0.458695377005807,-1.61301478491557,0.106741295705773,0.2549687513552,"AC015804.1"
"ENSG00000279601.1",3.45255969975555,-0.13362058059471,0.210546836124457,-0.634635898853996,0.525665909252861,0.697417514814518,"AC005052.1"
"ENSG00000279602.1",30.9547979977609,-0.472253104898979,0.164541852997142,-2.87010931441973,0.00410329916341318,0.0292905529690212,"AC109326.1"
"ENSG00000279605.1",20.6569093681489,0.0411833835152916,0.109632754624582,0.375648533655082,0.707178204247499,0.830252312665481,"AC067930.5"
"ENSG00000279606.1",1.27757823383689,-0.882980111769693,0.380733997706931,-2.31915226138897,0.0203867818953051,0.0863094010224303,"AC006600.2"
"ENSG00000279608.1",7.21394933636576,-0.89518393263704,0.204257328773423,-4.3826282171253,1.17256115377755e-05,0.000449494437341661,"AL353795.3"
"ENSG00000279611.1",9.71538703963514,-0.207633125517938,0.15186973614895,-1.36717907585153,0.171569182201263,0.345828708786502,"AC012313.10"
"ENSG00000279613.1",4.69045803598524,-0.594165095665038,0.171922484239444,-3.45600575918573,0.000548243607056364,0.0071800145749069,"AC124283.5"
"ENSG00000279616.1",2.72786700860636,-1.66028700063629,0.381220234509821,-4.35519117386598,1.3295083533745e-05,0.000491814684543302,"AL096817.1"
"ENSG00000279617.1",3.28431384567687,-0.870392449069923,0.341301048434196,-2.55021908975394,0.0107655242115236,0.0563548109393481,"AC005796.1"
"ENSG00000279620.1",2.83866759395302,-0.839452260355532,0.432556430853112,-1.94067687006737,0.0522974836246542,0.160455597695348,"AC099494.3"
"ENSG00000279622.2",3.73431295254486,0.00849953574510644,0.202531229837048,0.0419665438853305,0.966525368720732,0.983137474314135,"AC025280.2"
"ENSG00000279623.1",12.9772686060108,-0.150407832840822,0.165315215531947,-0.909824497139262,0.362915073185929,0.555822018256665,"AL359697.1"
"ENSG00000279631.1",29.0082411555806,-0.115222884487405,0.134342804573855,-0.857678123163355,0.391070223314912,0.581947031905572,"AL158211.5"
"ENSG00000279632.1",3.28242923877088,-0.765999744110044,0.243526429396372,-3.14544809780492,0.0016583261676926,0.0156626211300782,"AP003108.4"
"ENSG00000279633.1",4.99148961472806,-0.126623674925228,0.142595607792696,-0.887991410712401,0.374545371595928,0.566368672232512,"AL137918.1"
"ENSG00000279636.2",13.7698642576033,-1.00183287903557,0.170859822645461,-5.86347839722627,4.53269843599822e-09,1.39728823175638e-06,"LINC00216"
"ENSG00000279637.1",2.17140090884538,0.0402988600028911,0.302925458982096,0.133032265225595,0.894167863317455,0.9441353167812,"AC018445.3"
"ENSG00000279638.1",1.12603916799216,-1.8363295001345,0.957222106356346,-1.91839437048154,0.055061024335888,0.165730646705969,"AC008873.1"
"ENSG00000279640.1",6.90855826226615,-0.145614832751006,0.176562532873987,-0.824721023088921,0.40952999334893,0.598777983847176,"AC138466.5"
"ENSG00000279641.1",7.31482396116063,-0.0502057108351458,0.108390499072054,-0.463192911417179,0.643226096786776,0.785627069706966,"AC120057.3"
"ENSG00000279649.1",31.9352482575286,-0.509647341889222,0.139760369522558,-3.64657981107415,0.000265753961359098,0.00439748838743959,"AC020978.9"
"ENSG00000279652.1",11.6384403742749,-0.349029408601856,0.177577616014678,-1.96550340315981,0.0493560021744358,0.154364432164724,"Z82217.1"
"ENSG00000279653.1",6.91708169188215,-0.223521088534825,0.188480110910689,-1.18591339666996,0.235656502076285,0.423040651548892,"AC004678.2"
"ENSG00000279656.1",27.557388009469,-0.085367702033687,0.16691723786982,-0.511437303439359,0.609044879667802,0.761231789570152,"AL132780.4"
"ENSG00000279658.1",1.35275542664816,-1.46294275615235,0.548623462965593,-2.66656979678629,0.00766296927597259,0.0447113978452428,"AC110491.2"
"ENSG00000279659.1",10.9641058779607,-0.995577352264417,0.217487124388263,-4.57763812485327,4.70255277996451e-06,0.000230917536435632,"AL451064.2"
"ENSG00000279660.1",3.32128681496985,-0.0533823114172704,0.202891608692569,-0.2631075368827,0.792467694961748,0.885185219849257,"AC005703.5"
"ENSG00000279662.1",216.779638407858,-0.290291797003721,0.212446317722663,-1.36642423420434,0.171805846641601,0.346117151896334,"AC131649.2"
"ENSG00000279665.1",2.00565900573634,-1.01380680995939,0.44685934076956,-2.26873809600458,0.0232842574489297,0.0939070603570221,"AC012100.3"
"ENSG00000279667.1",5.35562526428712,-0.322941552954356,0.163607723713287,-1.97387718394207,0.0483957096966711,0.152449461910424,"AL603839.4"
"ENSG00000279670.1",4.51653431447705,-0.948386859528794,0.266304676181997,-3.56128504060007,0.000369044177240913,0.00553734919156249,"AL359922.3"
"ENSG00000279672.1",90.0429708616492,0.0484659842602313,0.115742857261337,0.418738446648156,0.675407294348088,0.809303810852972,"AP006621.5"
"ENSG00000279673.1",44.7394453006506,-0.0444998956535288,0.136648228466273,-0.325652927615613,0.744686962638601,0.854602152532726,"AC092919.2"
"ENSG00000279675.1",5.37991368138694,-0.235327532107803,0.16711512123204,-1.40817617444115,0.159078909401049,0.329387034684317,"AC080100.1"
"ENSG00000279679.1",2.14559868354696,-1.97378847333928,0.451344377533181,-4.37313185139695,1.22476701347022e-05,0.000463892698287419,"AC091925.2"
"ENSG00000279684.1",3.89142490575239,0.010714226375404,0.230801332384805,0.0464218566881608,0.962974016172019,0.981517692885594,"AP003969.2"
"ENSG00000279689.1",5.59581679891904,-0.514653010040251,0.141863845028473,-3.62779543961294,0.000285851593808197,0.00462657127499092,"AC022400.7"
"ENSG00000279692.1",18.2710690598308,-0.133002770242882,0.169571177824287,-0.784347740868455,0.432836093599914,0.618817883979128,"AC110285.6"
"ENSG00000279693.1",10.7954396756682,-0.366139746494537,0.21675582173334,-1.68918068066921,0.0911848101198744,0.230615001771572,"AC099521.2"
"ENSG00000279696.1",35.155141250853,-0.285747665617244,0.112960678655385,-2.52962065223589,0.0114185907642805,0.0586032283513474,"AP001273.1"
"ENSG00000279698.1",0.992892479786342,-1.06170730124313,1.13056889229715,-0.939091203089705,0.347683920422972,0.541490422540207,"AC027335.2"
"ENSG00000279699.1",8.51255755342209,-0.197449831587928,0.175697861423632,-1.12380327220859,0.261096493017198,0.452437700620496,"AC004264.2"
"ENSG00000279700.1",29.1634699740014,-0.299676307619403,0.167587799964736,-1.78817496072185,0.0737477847011522,0.200812773718846,"AC131212.2"
"ENSG00000279701.1",0.977155906958795,-0.240825394140717,0.473141725964629,-0.50899208614444,0.610757771270027,0.762386595266527,"AP003497.2"
"ENSG00000279702.1",0.431732219717057,-1.30740274168274,1.49223532786322,-0.876137106038665,0.380955502771825,0.572339247463511,"AL356266.1"
"ENSG00000279703.1",1.74669547560919,-0.677621284873875,0.487782360702403,-1.38918775967648,0.164775662811047,0.336577467450038,"AC017037.3"
"ENSG00000279707.1",3.09751789656098,-1.7421594044248,0.320158739963032,-5.44154879115892,5.28193217434316e-08,8.6201650921768e-06,"AC120349.3"
"ENSG00000279711.1",3.90055156558453,-0.634136187146473,0.258904712074647,-2.44930338295133,0.0143132831453846,0.0681344203258919,"AP004782.1"
"ENSG00000279712.1",3.53749509117672,-0.464241704493688,0.430908561303762,-1.07735549066157,0.281321480598009,0.473797857828284,"FP325330.3"
"ENSG00000279713.1",10.2762115371629,-0.440344074373728,0.174062290437223,-2.52980742277743,0.0114125146650737,0.0585810747370179,"AC080038.3"
"ENSG00000279716.1",43.4344733279767,-0.368823359460589,0.143221537841697,-2.57519479973921,0.0100183645260032,0.0538230450482853,"AC006128.1"
"ENSG00000279720.1",4.90522005462376,-0.105699651615926,0.23002956830965,-0.459504629742384,0.645871828152678,0.787587837748956,"SOWAHCP2"
"ENSG00000279722.1",89.9181721753672,-0.366632508316133,0.114602974584793,-3.19915350927359,0.00137831756398749,0.0137225857230369,"AC007342.7"
"ENSG00000279726.2",3.34046965153476,0.0925420762606153,0.237950565786111,0.388913033070069,0.697340480689759,0.823282149773197,"AC005609.5"
"ENSG00000279727.1",6.70183459443996,-0.22471697595529,0.156811195037219,-1.43304166454413,0.151845930819006,0.319820748703559,"LINC02033"
"ENSG00000279730.2",2.38388193684155,0.0704209503488322,0.171502309486775,0.410612256823646,0.681356874788142,0.813003169390065,"KMT5AP1"
"ENSG00000279733.1",1.30930357943059,-1.09488436673417,0.889540348089242,-1.23084283819842,0.218381650106477,0.402311878983784,"AP001642.1"
"ENSG00000279735.2",1.53667128054281,0.43424168112107,0.408884959958635,1.06201431611718,0.288229186085091,0.480642044190424,"AC124312.4"
"ENSG00000279738.1",120.275590481936,-0.494523521180925,0.117298773618224,-4.21593087401293,2.48749954068926e-05,0.000777618048902981,"AL022311.1"
"ENSG00000279741.1",25.2987264859386,-0.062755970036414,0.15376202895074,-0.408136979361264,0.683173112448084,0.814294802833097,"AC007342.8"
"ENSG00000279742.1",20.3560035435308,-0.301666525522333,0.168344260982812,-1.79196204112437,0.0731390466750839,0.19987016998716,"AP000974.1"
"ENSG00000279744.1",40.0158626896924,-0.28683721268942,0.146639831040986,-1.9560661701066,0.050457359710109,0.156607320679116,"AC132938.5"
"ENSG00000279748.1",11.6502436827171,-0.013368410372142,0.146549671180088,-0.0912210192250391,0.927316973656388,0.961940499492208,"AC008764.9"
"ENSG00000279752.1",0.761461236466982,-1.78192741358895,0.838348175953582,-2.12552190688802,0.0335430880998098,0.119303423340101,"AC011389.2"
"ENSG00000279757.1",2.38953394365605,-0.773947705253895,0.429307764734183,-1.80278058966184,0.0714226797218339,0.196551105635561,"AC132068.1"
"ENSG00000279758.1",4.09408437543326,-0.390528743400793,0.20306573111599,-1.92316419542854,0.0544594322879492,0.164729343221609,"AC105339.5"
"ENSG00000279759.1",123.385891431757,-0.269894192626181,0.135040088106339,-1.99862275277583,0.0456491866761583,0.146812052937533,"AC118344.2"
"ENSG00000279762.3",10.0718678616959,-0.390583139426161,0.198383930110283,-1.96882448698861,0.0489732493415618,0.153614696658057,"AC005899.8"
"ENSG00000279765.3",25.043691777985,-0.0988914649589183,0.165731118689812,-0.596698228677302,0.550708875439377,0.716229172624054,"AC013394.1"
"ENSG00000279766.1",9.40322053260943,-0.173675269979922,0.162143366535237,-1.07112164802732,0.28411473559848,0.476800312884289,"AC067931.1"
"ENSG00000279770.1",1.24944353123303,-0.0860839249324611,0.323823699602405,-0.26583577742505,0.790365687879721,0.883927738472222,"LINC00552"
"ENSG00000279774.1",1.08057974569608,0.187826471160493,0.419983011555863,0.447223973333286,0.65471335369894,0.794162264899581,"AL590483.3"
"ENSG00000279778.1",13.0299327233779,0.150197059468305,0.179096078424623,0.838639577088889,0.401671594569002,0.591681504941668,"AL445437.1"
"ENSG00000279781.1",5.02033253076282,-0.159566080062163,0.215971340494752,-0.738829882227086,0.460010304033239,0.642450942798554,"AC079336.6"
"ENSG00000279783.1",0.5929373580267,0.33511544063958,0.8599595912883,0.389687427216837,0.696767694635299,0.823043706137769,"AC018692.2"
"ENSG00000279785.1",2.74823115143589,-0.481391209512694,0.29514875510549,-1.63101216314004,0.102887753048083,0.249031327686766,"AC008267.7"
"ENSG00000279786.1",12.009561706502,-0.270598237528346,0.185609535518325,-1.45788974026946,0.144870937033405,0.310312559136148,"AC105235.1"
"ENSG00000279789.1",88.4166125657629,-0.189173426411142,0.125150346444341,-1.51156933868557,0.130643456711106,0.290762257121655,"AC120114.3"
"ENSG00000279791.1",3.52765843449624,-0.104906883162641,0.217086073196114,-0.483250176384499,0.628918112048924,0.775646256878859,"AC018892.3"
"ENSG00000279792.1",11.9584538698279,-0.204067450431282,0.134729451866964,-1.51464618614187,0.129862029188402,0.289681510068306,"AC015909.5"
"ENSG00000279794.1",37.9004422725629,-0.359798027034201,0.135566649293191,-2.65403053708338,0.00795366286367573,0.0459644675786072,"AC024580.1"
"ENSG00000279799.1",12.1650199301975,0.0585318787148968,0.125426748169269,0.466661852987732,0.640741826315522,0.783782842470613,"AC006077.2"
"ENSG00000279800.2",6.04540539615316,-0.0652814002175988,0.174479761120795,-0.374148839947136,0.708293584016238,0.830833318918605,"BCLAF1P2"
"ENSG00000279801.1",21.6820158058335,-1.03430306664864,0.178148572777048,-5.80584537122878,6.40420456516135e-09,1.75733985738191e-06,"AC111170.3"
"ENSG00000279803.1",5.06993491502661,-0.408339729540527,0.167182272675682,-2.4424822261668,0.0145866478597906,0.0690059569006136,"AC009090.5"
"ENSG00000279805.1",19.4993988562017,-0.168964881961461,0.152427180356659,-1.10849575230681,0.267647772586385,0.459390487844435,"Z95114.3"
"ENSG00000279806.1",69.3623012567776,1.43427948208254,0.251928389531889,5.69320307547552,1.24677947170686e-08,2.82374346609093e-06,"AC018629.1"
"ENSG00000279807.1",5.01340735822742,-0.442356071534786,0.133969751770265,-3.30191006320105,0.000960288553075906,0.0106961815983794,"AC011472.5"
"ENSG00000279811.1",5.44721375360993,-0.0474782112979415,0.162608574633582,-0.291978522073191,0.770303045701516,0.871531954752279,"AC093330.2"
"ENSG00000279814.1",3.90658235460282,-1.05565499717122,0.523252370301612,-2.01748727208388,0.0436446879562423,0.142652915386528,"AC010997.6"
"ENSG00000279815.1",1.54646976607527,-0.798748583625735,0.439272311398403,-1.81834493752396,0.0690114285129036,0.192444718107053,"AC020763.5"
"ENSG00000279819.1",3.01140559752821,-1.25294888313454,1.1381467367607,-1.10086761457542,0.270954278822886,0.462965399273817,"AL390318.1"
"ENSG00000279821.1",19.6702474168362,0.184374335559069,0.135633014155003,1.35936178007785,0.174031975983052,0.34922829102548,"AC145098.2"
"ENSG00000279822.1",4.67274772317187,-0.0236647959850918,0.169232449507249,-0.139836042402011,0.88878953534341,0.940843534392806,"AC016397.2"
"ENSG00000279825.1",3.35643956042963,-0.689544599013807,0.21384235640267,-3.22454639302318,0.00126172411284718,0.012933060618541,"AC003957.1"
"ENSG00000279833.1",48.5299415875492,-0.346332284236769,0.13343002602353,-2.59560980806295,0.0094423226098923,0.0516450216282478,"AL031846.2"
"ENSG00000279836.1",1.30019805787129,-0.51996035076384,0.7755549239848,-0.670436528327723,0.502579555309589,0.678795561167338,"AP002967.1"
"ENSG00000279837.1",13.0121085128462,-0.352748407663574,0.153679160272388,-2.29535616304999,0.0217127214162331,0.0897209425481754,"AC112694.2"
"ENSG00000279838.1",30.8099843931894,-0.0330644495513608,0.146383567927025,-0.225875417709753,0.821298317582547,0.902511610171533,"AL356273.3"
"ENSG00000279839.1",3.02217421097594,-0.745160493967317,0.291689389574342,-2.55463695492907,0.0106298602992459,0.0558818788793293,"AL512383.1"
"ENSG00000279841.1",18.6830209153818,0.194682595398921,0.213984659048993,0.909796974531466,0.362929590450895,0.555822018256665,"AC092135.3"
"ENSG00000279844.1",4.1003814008491,0.384155666000028,0.518450298278965,0.74096912910507,0.458712158461574,0.641429207576654,"AC096656.1"
"ENSG00000279845.1",7.66651439267982,-0.562752413773487,0.18879898852963,-2.98069612637341,0.00287594013482554,0.0229393087946206,"AC097372.2"
"ENSG00000279852.1",9.4836517952223,-0.3121611605869,0.173790810601976,-1.79618910519858,0.0724644468408845,0.198678977902789,"AC083964.2"
"ENSG00000279853.1",3.03033963472003,0.083669883831543,0.204894597277283,0.408355734818684,0.683012526295499,0.814132542263293,"AC004453.2"
"ENSG00000279858.1",2.35459581142285,-0.816418333657555,0.259899646393075,-3.14128297205451,0.00168209424450642,0.0158197637520769,"AC068880.4"
"ENSG00000279859.2",2.73540296512614,0.197215742140978,0.225385537929875,0.875015069522069,0.381565706281476,0.572899208948732,"AC093323.2"
"ENSG00000279861.1",51.7681403483113,-0.310430779702021,0.115525157404114,-2.68712708709944,0.00720695262060404,0.0429827823941412,"AC073548.1"
"ENSG00000279862.1",11.4336835250297,-0.348946610826228,0.202729686081339,-1.72124081860525,0.0852071336439507,0.220728773163591,"AC092964.1"
"ENSG00000279863.1",72.9244784453695,-0.0883030230623237,0.11558828127491,-0.763944424887741,0.444900361937405,0.629684468391872,"AC069547.1"
"ENSG00000279864.2",0.4557531546184,0.29106643900326,0.632218469543056,0.460389015862874,0.645237017457311,0.787083415564902,"NCOR1P4"
"ENSG00000279865.1",47.9009982703906,0.0589647679287626,0.112366425994768,0.524754324138674,0.599753987585773,0.754133302669388,"AC006511.3"
"ENSG00000279873.2",18.3193676493223,-0.0717630374781691,0.152661529235196,-0.470079383048811,0.638298303352324,0.781799183780036,"LINC01126"
"ENSG00000279878.1",25.0870785851827,-0.354953629497877,0.232361238885828,-1.52759397909858,0.126613377590962,0.284974255011892,"AP003108.5"
"ENSG00000279879.1",4.91006884091541,-0.258686552435784,0.112715990129152,-2.29502976586885,0.0217314185134184,0.0897658447615655,"AC091152.4"
"ENSG00000279880.1",17.3844791150051,-0.884329178098334,0.193544786217338,-4.56911909321749,4.89778430337087e-06,0.000238117284819502,"AC134407.3"
"ENSG00000279881.1",6.63363678967828,-0.0142882217275286,0.144632191564536,-0.0987900520137872,0.921304967197596,0.958592547280027,"AC041040.1"
"ENSG00000279883.1",2.40346509175645,-2.05828431973705,0.531388471133667,-3.87340793326942,0.000107323961507014,0.00231420767516387,"AC010480.1"
"ENSG00000279884.1",3.99864888009839,-0.731430002915456,0.209940935182459,-3.48397992168499,0.000494016546934172,0.00671318077431812,"AC010894.4"
"ENSG00000279885.1",4.77322096614145,-1.10085646680554,0.3751324272279,-2.93458092903481,0.00333998441913198,0.0254983034318186,"AP005060.1"
"ENSG00000279887.1",2.13166616848636,-1.94140602890654,0.421465317748815,-4.60632452339431,4.09848606349319e-06,0.000209601991569706,"AC046158.4"
"ENSG00000279891.1",6.51976206514837,0.133356629341749,0.287940338675583,0.463139794705871,0.643264167248728,0.785627069706966,"FLJ42393"
"ENSG00000279894.1",14.8374640016348,-0.288608297647667,0.16234742125089,-1.77772024602507,0.0754498127944787,0.203845508180364,"Z73965.1"
"ENSG00000279897.2",7.83043143389698,-0.673691123820662,0.209170236659749,-3.22077908682838,0.00127842650777123,0.0130360348310038,"BIRC6-AS2"
"ENSG00000279900.1",15.0944952357403,-0.5739438154053,0.174412523932508,-3.29072593220081,0.00099929219684978,0.011020018254296,"AP001767.3"
"ENSG00000279901.1",5.57789441187857,-0.44736600167709,0.222329702741606,-2.01217379486638,0.0442016198451122,0.143899276193835,"AC092117.2"
"ENSG00000279903.1",3.4203633272751,-0.972569485427273,0.379826140073179,-2.56056490803896,0.0104502140283866,0.0552515444889748,"SLC7A2-IT1"
"ENSG00000279905.1",2.5665199631179,-0.299672523234807,0.349774678902678,-0.856758768744918,0.391578216793772,0.582468661054198,"AC063926.3"
"ENSG00000279908.1",28.2903572830507,-0.193331918981524,0.147675126351514,-1.30917049985338,0.190476602603659,0.369336716438413,"AC026748.3"
"ENSG00000279913.1",1.98801588981094,-0.943600077256283,0.353939440176474,-2.66599302068682,0.00767612865325001,0.0447646437646966,"AP001962.1"
"ENSG00000279917.1",16.4023718178038,-0.13162207519771,0.170046709143718,-0.774034827610027,0.438910195859284,0.624298305838382,"AC079331.2"
"ENSG00000279923.1",13.027980299502,-0.024267491290335,0.0884920694698778,-0.274233515338858,0.783905173488871,0.88012913485751,"AC022417.1"
"ENSG00000279926.1",33.1184495608969,-0.246432179805081,0.144380247125625,-1.70682752461741,0.0878541148553694,0.225167593986129,"AL138831.3"
"ENSG00000279930.1",29.023358839967,-0.317978858814015,0.243775634743371,-1.30439147107035,0.192100141695818,0.371318510071927,"AL032819.2"
"ENSG00000279932.1",2.77663168154036,-1.96210413652792,0.537932873437125,-3.6474888102507,0.000264815840389115,0.00439288180073483,"AP006248.3"
"ENSG00000279933.1",4.85497100851456,-1.003876446293,0.237426813796851,-4.22815110997506,2.35619531073442e-05,0.000749919463523719,"AL031595.1"
"ENSG00000279940.1",10.4268035957454,-0.877860965724039,0.294723877761281,-2.97858786465576,0.00289579990233587,0.0230590447616523,"AC073862.3"
"ENSG00000279942.1",4.83405367139103,-0.750808157209753,0.232573044380101,-3.22826817360092,0.00124542159472421,0.0128093361609988,"AL353597.3"
"ENSG00000279943.1",11.7149813669571,-0.100971795016145,0.129402672178616,-0.780291421469045,0.435219361059705,0.620991999620865,"FLJ38576"
"ENSG00000279946.1",3.19196276442686,-1.08572792581389,0.388569325190679,-2.79416787540061,0.00520334590518857,0.0344814879023573,"AC244034.3"
"ENSG00000279948.1",25.5774988600826,-0.25814746053533,0.150681830908768,-1.71319567182343,0.086676547637667,0.223266715706062,"AC008895.1"
"ENSG00000279949.1",4.62884083518129,-0.222120724213409,0.228642654739192,-0.971475442614928,0.331311576218888,0.524905125490408,"AC022784.6"
"ENSG00000279951.1",1.96597770568342,-0.214691321303618,0.267829428787632,-0.801597204143879,0.422785995427782,0.610399572670301,"AL138688.2"
"ENSG00000279953.1",9.0838078779013,-0.0563722615460853,0.116804885074482,-0.482619040377797,0.629366257163972,0.776009560284356,"AC117503.3"
"ENSG00000279954.1",4.79083243791775,-0.389211755139526,0.202597371152678,-1.92110960238578,0.0547178912860942,0.165225204349754,"BX324167.2"
"ENSG00000279957.1",1.33183235347687,-1.00344421584708,0.357288092870825,-2.80850169896333,0.00497726198056434,0.0333282347383203,"AC110769.3"
"ENSG00000279958.1",1.60357388567813,-2.92373582527797,1.25616288394231,-2.32751330472541,0.019937961702417,0.0850894858506993,"AC019278.1"
"ENSG00000279965.1",26.2889784748614,-1.36076830763688,0.263982854736819,-5.15476017938178,2.53955731320993e-07,2.79041193494054e-05,"AL390755.2"
"ENSG00000279968.3",19.9826493101455,-0.311640922582304,0.11201799920374,-2.78206114015201,0.00540148632473745,0.0353001050356253,"CCDC28A-AS1"
"ENSG00000279970.1",30.6872523878523,-0.230523147556201,0.153490609463951,-1.50187134158421,0.133130339198859,0.294020231789604,"AC023024.2"
"ENSG00000279971.1",2.70197066539602,-0.955842717529108,0.303845111612494,-3.14582226601075,0.00165620619375519,0.0156558980149607,"AC020910.7"
"ENSG00000279973.2",0.831618139127697,1.02189262768243,0.983779272720686,1.03874177472386,0.298924847067148,0.491874904038282,"CU104787.1"
"ENSG00000279976.1",4.48497623863186,-0.807053039282593,0.302907086971743,-2.66435839237357,0.00771353346227275,0.0449222998411275,"AC073862.4"
"ENSG00000279977.1",2.53022161070826,-1.23683745430033,0.407054476685965,-3.03850596207673,0.00237754400169123,0.0201670248275939,"AC008764.10"
"ENSG00000279981.1",2.66598129053756,-0.851845241549346,0.367375446524471,-2.31873210256201,0.0204095667274346,0.0863838933455988,"AC018445.4"
"ENSG00000279982.1",8.92598318021316,-0.184946173623261,0.133000837349568,-1.39056397921138,0.164357685644254,0.336074218655824,"AL162274.3"
"ENSG00000279985.1",2.27078734865415,-2.30065366591525,0.513854279701347,-4.47724920623876,7.5610970061183e-06,0.000325234628714078,"AC008498.2"
"ENSG00000279989.1",20.2152793454285,-0.265356970696826,0.151242919744991,-1.75450838389157,0.0793434345994564,0.210669189578093,"AC011815.3"
"ENSG00000279991.1",2.27902480863575,-2.72396557266749,0.650525956956758,-4.18732802824739,2.82257739820199e-05,0.000853515615970381,"AC009044.1"
"ENSG00000279993.1",6.43132438208167,-1.02568047414227,0.269025477708842,-3.81257746618456,0.00013752510529521,0.00276988707234933,"AC078925.3"
"ENSG00000279995.1",1.83075188859542,-0.36397374272531,0.766829672910149,-0.474647442037571,0.635038285208728,0.779469459867799,"AC139792.3"
"ENSG00000279996.1",3.07025645840462,-1.88985643726387,0.364196783048106,-5.18910799114402,2.11303833368624e-07,2.45119809210509e-05,"AC004491.1"
"ENSG00000280002.1",296.977051530835,0.0682582758550401,0.219793504821874,0.310556382957532,0.756137889936239,0.86200858682534,"AC078925.4"
"ENSG00000280003.1",7.98089245681699,-0.512340559225787,0.159400634105012,-3.21416889024582,0.0013082270000561,0.013250624129257,"AC097637.2"
"ENSG00000280007.1",43.3350129993303,-0.0695564177183425,0.136264170880583,-0.510452727733537,0.609734324722812,0.761664598266419,"AC008079.1"
"ENSG00000280010.1",13.1152252131065,-0.191956779240725,0.122170385870174,-1.57122184622312,0.116131127335142,0.26918844408333,"AP001350.2"
"ENSG00000280011.1",8.0718801660256,-0.38505984206103,0.163100901305532,-2.36086887919589,0.0182321757267553,0.0803118291756593,"AL031595.2"
"ENSG00000280014.1",2.10308455197598,-0.612768693612476,0.31982825017433,-1.91593048230878,0.0553739449028702,0.166371694580927,"AC243960.10"
"ENSG00000280020.1",8.99817149974542,-0.109562842981464,0.121790432468666,-0.899601395287367,0.368332414411025,0.56090928438263,"AC116407.3"
"ENSG00000280022.1",17.9157668524606,-0.127022135233201,0.136804148309364,-0.928496224734046,0.353150225214437,0.54673008361145,"AC126544.1"
"ENSG00000280023.1",2.85138172353891,-0.354630644402817,0.279182627953805,-1.27024610020326,0.203996981066484,0.385015390626216,"AD000813.1"
"ENSG00000280027.1",75.302513366148,0.0404547069021126,0.153142711566901,0.264163449165779,0.791653974280987,0.884595931053428,"AC007342.9"
"ENSG00000280028.1",2.30081952388971,-0.779929777476734,0.392906579539312,-1.98502600386894,0.0471415784356795,0.149945979827943,"AC007431.3"
"ENSG00000280032.1",78.858524733509,-0.137266279289398,0.155105946436252,-0.884983989610057,0.376165266511605,0.567786653578042,"AP002800.1"
"ENSG00000280033.1",19.897620741882,-0.0896775963636221,0.125844176607164,-0.712608233303956,0.476088215570268,0.656467382935636,"AC116407.4"
"ENSG00000280035.1",8.74404386714725,-0.0708460162871954,0.19445367279584,-0.364333649596723,0.715608875298238,0.836142019816365,"AC011676.5"
"ENSG00000280036.1",2.20098147374732,-2.21661887509025,0.438998863199467,-5.04925880430604,4.43527531696174e-07,4.12047998679701e-05,"AC020661.4"
"ENSG00000280037.1",3.76653148953978,-0.0299573121303869,0.225330168704384,-0.132948518623303,0.894234095138316,0.944145358302151,"AC092653.2"
"ENSG00000280039.1",32.7914353770691,-0.460618216936073,0.171922582238265,-2.6792188143016,0.00737941531359184,0.0436924904918038,"RN7SKP23"
"ENSG00000280042.1",4.2270639009944,-0.740118463907659,0.247870464769592,-2.98590824282206,0.0028273746588443,0.0227097188219308,"AC022336.3"
"ENSG00000280046.1",62.3697278918447,-0.200141240175008,0.130531124042869,-1.53328366427978,0.125205977799263,0.282706786967533,"AC104581.4"
"ENSG00000280047.1",49.4241147370664,-0.0225232615363919,0.101330279884038,-0.222275726092609,0.824099247242493,0.903772851915289,"AC091825.3"
"ENSG00000280048.1",2.69690135397685,-0.229812134729622,0.269967709153849,-0.851257861356511,0.394626127261655,0.585302608585658,"AC012409.5"
"ENSG00000280049.1",0.571972657537596,-0.293367267262484,0.782831713312058,-0.374751383054329,0.707845374227446,0.830559527883074,"AC079597.1"
"ENSG00000280054.1",13.3605399771127,0.0319707273068815,0.108497333329938,0.294668323410856,0.768247263527714,0.870093078807599,"AC004241.5"
"ENSG00000280055.2",9.70777030334832,-0.408622730738693,0.263972389035477,-1.54797527207959,0.121628250186972,0.277164225426068,"TMEM75"
"ENSG00000280057.1",5.24752270854551,-0.210406101470228,0.164287270733041,-1.28072065797556,0.200291801085897,0.380915967871175,"AL022069.2"
"ENSG00000280062.1",5.81337462785408,-0.0669383499209542,0.1719293985946,-0.389336265165396,0.697027412707699,0.823045036963308,"AL031719.1"
"ENSG00000280063.1",94.3102416311536,-0.23015774336286,0.129520751960302,-1.77699511375137,0.0755690437742433,0.20393289895241,"AC012676.5"
"ENSG00000280067.1",60.780203398877,-0.349637086946424,0.161840818823726,-2.16037640866883,0.0307435422186392,0.112513272809584,"AC023818.1"
"ENSG00000280068.1",1.62202093720202,-0.506543299437114,0.420421896143497,-1.20484519023296,0.228263070856784,0.41425796773153,"AC138965.2"
"ENSG00000280069.1",15.8034700048466,-0.284704846227009,0.171562872562095,-1.65947819580815,0.0970194707826304,0.240064603550064,"AC127024.8"
"ENSG00000280071.4",46.8420618321669,0.374695361464625,0.107166778000142,3.49637610140829,0.000471623453602485,0.00648747811576505,"GATD3B"
"ENSG00000280073.1",4.93999412616682,-0.208962146621552,0.232889153025716,-0.897260108110221,0.369580137734396,0.562172488992477,"AL157996.1"
"ENSG00000280077.1",113.299948081064,-0.248687856838658,0.11532782488093,-2.15635608401888,0.0310558710631585,0.113370955625629,"AL353763.2"
"ENSG00000280078.1",1.90627997006625,-0.145957713840689,0.298086629757918,-0.489648643279384,0.624382548941871,0.772723478565001,"AC016526.3"
"ENSG00000280079.1",76.3962762656229,-0.533590189290133,0.188662430635698,-2.82828005285525,0.00467988470225574,0.0319591991442199,"AC011447.7"
"ENSG00000280080.2",5.4475355796277,-0.520640898286762,0.210181728571184,-2.47709875556777,0.0132455246803671,0.0647933078435883,"TBC1D22A-AS1"
"ENSG00000280081.4",13.1279819196825,-1.34163815205425,0.587568487140276,-2.28337322613074,0.0224083929835445,0.0916176627288647,"LINC01667"
"ENSG00000280083.1",7.14425808472928,-0.648344206067845,0.181546869119559,-3.5712221819748,0.000355319312661214,0.0054016647837579,"AC079777.1"
"ENSG00000280087.1",9.6996539233912,0.0696179351032376,0.139507872596216,0.499025136056198,0.617761676250594,0.767573781952268,"AC011481.3"
"ENSG00000280088.1",234.409362238483,0.0108210033146276,0.0592448478036719,0.182648849913274,0.855073552329126,0.922427703249744,"AC126474.2"
"ENSG00000280092.1",2.63633969782144,-1.39230296375196,0.351485875827439,-3.96119178466081,7.45766015984948e-05,0.00178804786132047,"AC002044.3"
"ENSG00000280097.1",2.28508501230071,-0.0378929328257673,0.265959648401455,-0.142476248008004,0.886703839308539,0.939655875583474,"AC073592.8"
"ENSG00000280099.1",152.470496515255,-0.30576432849114,0.137854151207519,-2.21802771851866,0.0265529425307195,0.102289562355687,"AL603750.1"
"ENSG00000280106.1",81.6796490375223,-0.0438084514160379,0.0929264094792236,-0.471431659326432,0.637332512027755,0.781248575955083,"AC008555.6"
"ENSG00000280107.1",8.44110074992848,-0.380072637220116,0.172932664386728,-2.19780709773928,0.0279628554358842,0.105707658229465,"AL022393.1"
"ENSG00000280109.3",71.4158204078634,0.754736705419457,0.295361060881206,2.55530198587353,0.0106095707117247,0.0558281077454479,"PLAC4"
"ENSG00000280114.1",3.69674701459738,-0.48077074077477,0.279195602033767,-1.7219853653591,0.0850721695837008,0.220584715105152,"AL021920.2"
"ENSG00000280115.1",2.03052550969658,-1.26461485200312,1.02554296383062,-1.23311737938265,0.217531974277961,0.40130171328399,"AC136603.1"
"ENSG00000280117.1",1.25988937266991,-0.906571617303453,0.362755616635757,-2.49912496382859,0.0124500400190584,0.0620229211962457,"AC122688.4"
"ENSG00000280119.1",9.66759228317347,-0.803525859446109,0.205471758935128,-3.91063892970226,9.20522939930407e-05,0.00208199526080863,"AC093642.3"
"ENSG00000280120.1",86.0812349859998,-0.155163468113778,0.085070849029751,-1.82393228565891,0.068162309973924,0.190715840487592,"AC073857.1"
"ENSG00000280128.1",401.552012878743,-0.299986967753649,0.0902408166606286,-3.32429358304479,0.000886428265319765,0.0101102624999284,"AL662795.2"
"ENSG00000280129.1",16.433406955639,-0.495165586276755,0.171352794467229,-2.88974327974238,0.00385556547523897,0.0280024741202293,"AL132780.5"
"ENSG00000280132.1",19.5431513612247,0.106260913472474,0.124050448206646,0.856594353415496,0.391669107431886,0.582551804580494,"AC026471.6"
"ENSG00000280135.1",27.7302925628997,-0.386539968735553,0.157191180309809,-2.45904361792894,0.013930769150999,0.0669066787859508,"AL096816.1"
"ENSG00000280138.1",401.639859342576,-0.660118101037427,0.170728711517143,-3.86647386471457,0.00011042029101249,0.00236109360865691,"AC027290.2"
"ENSG00000280145.3",3.04798429284116,-0.590666616503645,0.3206589456955,-1.84204003796777,0.0654692935754271,0.185899291343854,"CU638689.4"
"ENSG00000280147.1",2.28119567410517,1.25324679430574,0.418054632965392,2.99780625660352,0.00271930484950595,0.0221029825084476,"AC084026.3"
"ENSG00000280149.1",26.4725914059682,-0.158970676406115,0.102575187232618,-1.54979659988925,0.121190343388351,0.27649731088956,"AC004877.2"
"ENSG00000280152.1",30.4345767834597,-0.124623625519414,0.156734927160314,-0.79512351061321,0.42654165980131,0.614064320667863,"AC009078.3"
"ENSG00000280157.1",29.4336695966516,-0.440722361465187,0.155016843438526,-2.84306112606377,0.00446824999684592,0.0310307566009577,"AL359510.2"
"ENSG00000280159.1",4.2876288976456,-0.0934500003434226,0.173723569482653,-0.537923556496771,0.590629824730039,0.747298183493684,"AC016583.1"
"ENSG00000280161.1",16.8651878320015,-0.0388752029982631,0.102750788395324,-0.378344571417734,0.70517463865984,0.828476930090411,"AC022413.1"
"ENSG00000280162.1",7.02899415522564,0.109771634659108,0.212890359398897,0.515625202423686,0.606116204651505,0.759316097956669,"AL136531.3"
"ENSG00000280163.1",7.89276388819372,-0.437754830014432,0.177666922615223,-2.46390731358862,0.0137431645145051,0.0663406084067592,"AC040160.2"
"ENSG00000280165.1",6.81633272644493,-0.198334099087604,0.235052961613561,-0.843784727178527,0.398789711501911,0.588932829769042,"PCDH20"
"ENSG00000280166.1",2.74933068818905,-1.39392298975986,0.602553770612,-2.31335867061969,0.0207029274128037,0.0871050881276977,"AC016542.3"
"ENSG00000280167.1",1.39480105931881,-0.19728696791938,0.346805247119425,-0.568869616472218,0.569444626050827,0.730804098955755,"AP000943.3"
"ENSG00000280168.1",5.57346767882547,-0.256422299084722,0.211419701831941,-1.21285905174795,0.225183713612529,0.410302176953915,"AC005274.1"
"ENSG00000280169.1",3.24086872906496,-0.430344139637073,0.229160217308619,-1.87791818619858,0.0603923580964375,0.176527021782677,"AL136526.1"
"ENSG00000280171.1",5.77488713309844,-0.808437865074604,0.386539650906435,-2.09147460856556,0.0364855402472945,0.126479913728985,"AC010329.5"
"ENSG00000280173.1",68.059515803112,-0.160172997347191,0.078032790468523,-2.05263705662047,0.0401077907966382,0.134866041712198,"AC104447.1"
"ENSG00000280179.1",3.70218006106363,0.593426013381085,0.280290820942508,2.11717961860337,0.034244606479557,0.120901981285673,"CU639417.5"
"ENSG00000280180.1",3.90205048087599,-2.05687464167993,0.571092091787591,-3.60165141709747,0.000316202166280041,0.00497356362599229,"AC023824.6"
"ENSG00000280182.1",5.29866507197127,-0.35891372083599,0.183362876587538,-1.95739577997209,0.0503009542645971,0.156293851565026,"AC131888.1"
"ENSG00000280183.1",5.40926795823951,-0.646045026850589,0.231132530660003,-2.79512808087117,0.00518791569109363,0.0343929265439228,"AC067852.4"
"ENSG00000280184.2",9.16955174156829,-0.192672794552749,0.16373358558319,-1.17674571082336,0.239297017124157,0.426928652865043,"AL023806.3"
"ENSG00000280187.1",134.69030930455,-0.0145699704548412,0.0824666545763156,-0.176677113067052,0.859762019173059,0.924818484195297,"AC022107.1"
"ENSG00000280190.1",1.63395342672941,-1.99917706611112,0.489682002202129,-4.08260270363359,4.4534120320569e-05,0.00120326396737856,"AC027279.4"
"ENSG00000280193.1",55.9343247644783,-0.159782668950184,0.130391073583613,-1.22541110030606,0.220420366686621,0.404969663269006,"AC132219.2"
"ENSG00000280194.1",8.26381329994462,0.0151105539576612,0.114688218564947,0.131753323460197,0.895179407082951,0.944533674663058,"AD000864.1"
"ENSG00000280195.1",37.5609861260705,-0.0959502086318095,0.0931434790436455,-1.03013339867677,0.30294738886771,0.496042267130904,"AC245140.2"
"ENSG00000280196.1",1.20805956310751,-1.44252080764561,0.450421498090866,-3.20260203777974,0.00136192042500635,0.0136382758327714,"AC055717.3"
"ENSG00000280198.1",4.76469847714478,-0.275635683206595,0.159810686404042,-1.72476377774712,0.0845700520193627,0.219626757350243,"AC087163.2"
"ENSG00000280200.1",10.2590214899922,-0.445417131309754,0.232955751939533,-1.91202461240523,0.0558730372377515,0.167337659696442,"AC073862.5"
"ENSG00000280202.1",152.605569339788,-0.0898265002092085,0.15605437659032,-0.575610259525272,0.564878644855745,0.727522673613192,"AC005831.1"
"ENSG00000280205.1",3.22395377324308,-1.75985915710218,0.343770821784191,-5.11928018779605,3.06704012405398e-07,3.18102700467692e-05,"AC009716.2"
"ENSG00000280206.1",291.242051483403,0.187645778585039,0.0968696764240972,1.93709513143744,0.0527337156511476,0.16135130917872,"AC026401.3"
"ENSG00000280208.1",13.0322205309974,0.547060979807998,0.261304935109387,2.09357308762266,0.0362980270285961,0.125975714190876,"GGT4P"
"ENSG00000280211.1",18.5222850061511,-0.242115645122677,0.108834615579295,-2.22461984024077,0.0261067695878532,0.101215697883426,"AC106886.4"
"ENSG00000280212.1",9.13549022349487,-0.342255190657534,0.16098695649688,-2.12598087512865,0.0335048519956166,0.119225848385,"AC012254.5"
"ENSG00000280213.1",70.2093529043318,-0.760586554222519,0.150868509903992,-5.0413870641828,4.62169580826236e-07,4.15865185255348e-05,"UCKL1-AS1"
"ENSG00000280214.1",17.3901164088992,-0.605297095742403,0.155690035481215,-3.88783452885419,0.000101142537343522,0.00222063810667116,"AC027682.7"
"ENSG00000280217.1",17.3339782335983,-0.150748281412232,0.355351512850012,-0.42422299036577,0.671403195607696,0.806240814837404,"AC126564.1"
"ENSG00000280219.1",157.946640426676,-0.156053880877528,0.149086166610602,-1.04673615550881,0.295221283441665,0.487805955115557,"AC093908.1"
"ENSG00000280222.1",6.35657683477279,0.0409985603105588,0.231263733825537,0.177280543007611,0.85928803315423,0.924607365237186,"AL365209.1"
"ENSG00000280225.1",1.80876091462975,1.04962985084986,0.536429356847141,1.95669725650186,0.0503830726513248,0.15645962482796,"AC237221.2"
"ENSG00000280227.1",1.7282944737959,-1.48328733727383,0.741058900703388,-2.00157819556036,0.0453301160276173,0.146365585579232,"AC079416.4"
"ENSG00000280228.1",2.43980956307745,-0.360571842000839,0.283284443358383,-1.2728261309594,0.203079746377631,0.383980803961295,"AC079753.1"
"ENSG00000280229.1",4.17276073323555,-1.27105299382446,0.69365398367561,-1.83240206751104,0.0668915402630236,0.188542723845074,"AL161658.1"
"ENSG00000280231.1",11.4469414978412,0.122486808629428,0.104265062465075,1.17476368146288,0.240089274006439,0.427975167291126,"AL031719.2"
"ENSG00000280239.1",41.6133400565542,-0.265198360010165,0.114762431656575,-2.31084646937221,0.0208413367189524,0.0874250525033314,"AC011498.7"
"ENSG00000280241.4",9.95627665861149,-0.35439240248517,0.179313075742238,-1.97638906710076,0.0481107288448154,0.151911086440672,"AC079298.3"
"ENSG00000280242.1",1.66326766538846,-0.297777984194582,0.337859814427565,-0.881365499768318,0.378120024667791,0.569600922187447,"AL450226.2"
"ENSG00000280245.1",3.96843224040582,-0.0829996806045164,0.199820829212742,-0.415370514332867,0.677870688256923,0.810894745221419,"AC079336.7"
"ENSG00000280248.1",10.9706931368739,-0.579171534282019,0.199467392192441,-2.90359004504981,0.00368910868706734,0.0271969653495423,"AC124319.3"
"ENSG00000280254.1",86.6696390907546,-0.0144334516855251,0.0886552517008774,-0.162804249140519,0.8706725625776,0.930870315539372,"AC233723.2"
"ENSG00000280255.1",17.6328843691282,0.157645274184694,0.210209118213103,0.749944985853938,0.453287839074641,0.636499001996012,"AC004947.2"
"ENSG00000280265.1",11.4810601319622,-1.1363964585587,0.258278687271698,-4.3998847545762,1.08308382845941e-05,0.000425225352604943,"AC130456.7"
"ENSG00000280269.1",8.21944594496606,-0.830079858087849,0.217655474890495,-3.81373295804055,0.000136883373966231,0.00276247124954433,"AP000577.2"
"ENSG00000280273.2",7.01649392831191,0.228461808042996,0.0981143604260788,2.32852568218211,0.0198842071576964,0.0849595622306449,"AF131216.4"
"ENSG00000280274.1",3.45354704537881,-0.53300445558711,0.258897035236851,-2.05875071183991,0.0395181254851602,0.133571264139841,"AC009145.4"
"ENSG00000280276.1",2.21869143801212,-0.604887564653161,0.317438969619042,-1.90552396695051,0.0567119950392333,0.16915538889457,"AC009229.4"
"ENSG00000280279.1",5.75770402847588,0.0591747594801594,0.166979806206702,0.354382729411651,0.723052075774772,0.841225455544446,"LINC02887"
"ENSG00000280280.1",1.1258312888222,-1.25099383595587,0.685201075964678,-1.82573244531852,0.0678905734266753,0.190227306942796,"AC006435.5"
"ENSG00000280284.1",1.6454711738251,-1.23164829891483,0.980704174599874,-1.25588157042091,0.209158911362381,0.391319338914737,"AC092608.3"
"ENSG00000280285.1",150.48818685932,-0.73835284721,0.236640879450941,-3.12014073360081,0.00180764653755817,0.0167172156041456,"AC108215.1"
"ENSG00000280287.1",102.214664692763,-0.0521806664491731,0.127433116258252,-0.409474930703456,0.682191160568444,0.813590425161385,"AC131212.3"
"ENSG00000280291.1",1.62052153900364,-1.09559018991209,0.52615093878668,-2.08227356286498,0.0373174892773136,0.128441142407692,"AC016251.1"
"ENSG00000280294.1",12.6213454212382,-0.243687961146261,0.176372379819103,-1.38166736422222,0.167073859513091,0.339350944073696,"AC011008.2"
"ENSG00000280295.1",4.89157064219117,-1.1524753417934,0.255894350683378,-4.5037154541148,6.67756021645348e-06,0.000296817105856323,"AC099811.6"
"ENSG00000280303.2",65.3005557929245,0.0956405884420038,0.101574514905112,0.941580558187733,0.346407427372588,0.540159359257907,"ERICD"
"ENSG00000280304.1",7.80216771531835,-0.0974776272399271,0.207439937778581,-0.469907715379156,0.638420951802305,0.781874000433153,"AC104260.2"
"ENSG00000280321.1",1.34957378431775,-0.657519849129904,0.42335176336498,-1.55312887775323,0.120392348353265,0.275365653594754,"AC129502.1"
"ENSG00000280326.1",3.11602072944191,-0.837285582092147,0.298997898007794,-2.80030591409148,0.00510541983809427,0.0339474221429344,"AC067931.2"
"ENSG00000280327.1",16.4039811325854,-0.145933904086434,0.10457826792049,-1.39545153107132,0.162879721124758,0.334283969634236,"Z97633.1"
"ENSG00000280332.1",61.8856148860794,-0.152039573370287,0.109047783164784,-1.39424726443578,0.16324294970827,0.33464230323065,"AC020917.4"
"ENSG00000280334.1",31.552242585787,-0.651772185482186,0.16152380498098,-4.03514630898481,5.45682834154997e-05,0.00141051386626726,"AC009084.2"
"ENSG00000280335.1",4.80534195103201,-0.630297578406144,0.20855683642639,-3.02218613019961,0.00250956185969285,0.0209558171544404,"AC016866.3"
"ENSG00000280339.1",94.3222749345151,-0.248362137342196,0.164167152096643,-1.51286133779057,0.130314884342485,0.290285721661896,"AP001528.2"
"ENSG00000280347.1",161.553325865099,-0.484224145694524,0.114120344881313,-4.24310096677437,2.20452189697598e-05,0.000716050219668499,"AC000123.3"
"ENSG00000280348.1",1.97475425203705,-1.4065072319841,0.592328104420153,-2.37454076801061,0.0175707957363686,0.0783898424751061,"AL138713.1"
"ENSG00000280351.2",36.7379096389706,0.0197300481435537,0.101426129799815,0.194526284129099,0.845763817033186,0.916393229423174,"AC127496.7"
"ENSG00000280353.1",4.5513200635955,-0.286526191437547,0.16302083055778,-1.7576047825127,0.0788147790428332,0.209784173222981,"AC011466.4"
"ENSG00000280354.1",1.43725125911606,0.686495234514483,0.355989264328506,1.928415554355,0.0538034586488733,0.163378196716248,"AC073592.9"
"ENSG00000280355.1",38.7406819602472,-0.291058137339218,0.1162084432215,-2.5046212587535,0.0122582578428458,0.0613890159990774,"AL132656.4"
"ENSG00000280362.1",7.72110803487357,-0.199110618046598,0.295556822938706,-0.673679653431284,0.50051500017634,0.677081219815159,"AC084759.3"
"ENSG00000280365.1",2.24556646693072,-2.02465557313686,0.702788205532431,-2.88089008494812,0.00396553904445926,0.0286263424560239,"AC021766.1"
"ENSG00000280367.1",14.8722429986015,-0.243783427030928,0.148365708369683,-1.64312515142308,0.100357041993954,0.244865298578578,"AP002364.1"
"ENSG00000280369.1",3.22866690459501,-0.0713417000711012,0.174226978164296,-0.409475620955934,0.682190654115667,0.813590425161385,"AC012640.5"
"ENSG00000280374.1",34.0941524769419,-0.188862499224416,0.117590690823908,-1.6061007712527,0.108251770466966,0.257467223471689,"AC019080.5"
"ENSG00000280375.1",4.02328004736582,-1.09015035681152,0.28615684732491,-3.80962527020623,0.000139177575580979,0.00279266233022946,"AL359740.1"
"ENSG00000280376.1",1.70148385802389,-0.759131649981505,0.350117651890375,-2.16821872842674,0.0301420485178922,0.111033328314471,"AC012186.3"
"ENSG00000280378.1",26.314251594858,-0.2452770741416,0.114705957719201,-2.1383115491005,0.0324914658386364,0.116604330297049,"AL353898.3"
"ENSG00000280379.1",2.87774093250399,-1.86071954925539,0.293292112828786,-6.34425362246826,2.23506360430983e-10,1.18114242187757e-07,"AP003072.5"
"ENSG00000280381.1",8.10210946341795,-0.538746281002561,0.202206287887852,-2.66433990075205,0.00771395753436837,0.0449222998411275,"AC026362.2"
"ENSG00000280383.1",68.0959645580577,-0.776498024809268,0.157987754158978,-4.91492539369793,8.88162754056687e-07,6.78201893825901e-05,"Z95331.1"
"ENSG00000280384.1",7.38822958687321,-0.357929658785304,0.208604340613437,-1.71583035009123,0.0861930975249992,0.222486183586587,"FP325332.1"
"ENSG00000280385.1",164.977210550897,-0.198750961794608,0.113219389120732,-1.75544986895019,0.0791823883906072,0.210342237029322,"AP000648.4"
"ENSG00000280387.1",5.80772756091437,-0.220938172218897,0.145201778013739,-1.52159412399201,0.128110810791754,0.287179721498106,"AL109806.1"
"ENSG00000280388.1",23.5873750649387,-0.790284016135062,0.161902103814097,-4.88124612044881,1.05417575312723e-06,7.78625509671835e-05,"AC006330.1"
"ENSG00000280392.1",6.72438680559829,-1.29738014163641,0.281276442445583,-4.61247351664515,3.97905255426238e-06,0.000205046462221521,"AC007496.3"
"ENSG00000280399.1",119.70050459942,-0.678880189383387,0.179599864868003,-3.77995935510492,0.000156853961881347,0.00301857742943102,"AC022497.1"
"ENSG00000280401.1",9.81775182442005,-0.195881059496755,0.145348727737985,-1.34766270434691,0.177766892767716,0.353780450769059,"AC022532.1"
"ENSG00000280407.2",33.9224006065735,0.0939051321517275,0.143044254692034,0.656476083949683,0.511517850668183,0.686442976431771,"AC132872.4"
"ENSG00000280408.1",4.89202363525295,-1.08898061431169,0.234426821317747,-4.64529019414405,3.39598747805095e-06,0.000182455092316881,"AC032044.2"
"ENSG00000280409.1",4.6940817517263,-0.969191540623852,0.356883538886206,-2.7157081653264,0.00661341858406391,0.0405265129613914,"LINC01101"
"ENSG00000280411.1",1828.54287175392,0.170833266803314,0.216502535366132,0.789058966512398,0.430077543246775,0.616436526686503,"IGHV1-69D"
"ENSG00000280414.1",1.0372473629424,0.0151517338882379,0.538998646606918,0.0281108941249119,0.977573705252886,0.98883032657788,"AC018470.1"
"ENSG00000280417.1",22.3714067005432,0.134502875823027,0.132207906397658,1.0173587910731,0.30898277817286,0.502803793361836,"AC096887.2"
"ENSG00000280422.1",10.1476002764363,-0.400952104686502,0.137776164009762,-2.91017033002961,0.00361231831955151,0.0268409586192592,"AC115284.2"
"ENSG00000280424.1",8.97425970080812,-0.312210662628072,0.170903604642195,-1.82682315730975,0.0677263628802233,0.189975044179903,"BX537318.2"
"ENSG00000280426.1",7.3944014394881,-0.222816524454433,0.145841936090946,-1.52779461399556,0.126563539949999,0.284881342407905,"AC084876.2"
"ENSG00000280429.1",2.84780831830444,-0.0959410529474117,0.246265288366841,-0.389584149612251,0.696844074657774,0.823045036963308,"AF001548.3"
"ENSG00000280432.1",1.74083480751573,-1.77979276678914,0.4777730527063,-3.72518449231841,0.000195172426181889,0.0035257056890253,"AP000962.2"
"ENSG00000280433.1",82.6083786714408,-0.0341790629708918,0.0720405445877698,-0.474442040471392,0.63518471985271,0.779620456333872,"FP565260.6"
"ENSG00000280434.1",27.6813417957488,-0.357679409391833,0.150850120551455,-2.37109130628655,0.0177356491119051,0.0788816186451504,"AL031595.3"
"ENSG00000280435.1",22.374165196506,0.0114951010847309,0.2327104633828,0.0493965802724645,0.960603253384286,0.980181454455079,"AC006058.4"
"ENSG00000280441.3",1.17865743740945,-0.688367250097207,0.468100021919081,-1.47055590229432,0.141411257068516,0.305460644757395,"FP236383.3"
"ENSG00000280443.1",2.02014884502313,-2.76156164852371,1.03355250738295,-2.67191229163213,0.00754203586425026,0.044269569821665,"AL136313.1"
"ENSG00000280444.1",4.93382097462252,-0.457591552008284,0.229141610188494,-1.99698148071782,0.0458271948019094,0.147228099637168,"AC073592.10"
"ENSG00000280486.2",10.6425196297415,-0.395836996895818,0.139323995319365,-2.84112579450842,0.00449545758935211,0.031161205397106,"AC005329.3"
"ENSG00000280502.1",6.18241441884487,-0.0231133900739219,0.150669578548582,-0.153404491447949,0.878079303148138,0.934932752910683,"Metazoa_SRP"
"ENSG00000280515.1",1.64736792867863,-0.849300381194637,0.409055558057498,-2.07624701453209,0.0378711110387668,0.129682145166707,"SALRNA2"
"ENSG00000280537.2",14.0118935037141,-0.147149004597496,0.158777582259741,-0.926761841963165,0.354050200853767,0.547484447671372,"AC068946.1"
"ENSG00000280543.1",16.6973044850928,-0.446864993767885,0.17647397034197,-2.53218643464502,0.0113353703650464,0.0583514562675969,"ASAP1-IT2"
"ENSG00000280560.2",4.21208705898445,-0.823058756092538,0.194796791164647,-4.22521721826962,2.38710409482214e-05,0.00075617370722087,"LINC01374"
"ENSG00000280587.1",96.0972465511825,-0.661771639654002,0.191309953623654,-3.45915947978244,0.00054186396125643,0.00712491187287137,"LINC01348"
"ENSG00000280594.1",26.0105300904145,0.0426929785460526,0.0948082490971111,0.450308690990829,0.65248787318773,0.792502234943603,"BTG3-AS1"
"ENSG00000280604.1",10.1888257271638,0.0645944984045509,0.215699812612492,0.299464786835935,0.764585435938173,0.867746477541831,"AJ239328.1"
"ENSG00000280614.1",0.857583063810573,-1.10366908322862,0.861778463703412,-1.28068770538278,0.200303379899251,0.380916229336023,"FP236383.4"
"ENSG00000280620.1",6.7892875774409,-0.285676152607114,0.176674266947216,-1.61696526349514,0.105885779262421,0.253593012957051,"SCAANT1"
"ENSG00000280623.1",6.13671846870355,-0.155758451674002,0.315828338672931,-0.493174400778847,0.621889364167358,0.770545686684922,"PCAT14"
"ENSG00000280639.1",3.28960103486916,-0.396709058973849,0.19789646491689,-2.00462933554904,0.0450026880763926,0.145661529664334,"LINC02204"
"ENSG00000280649.2",46.9367262636511,0.211331082162566,0.121279928560639,1.74250665110595,0.08141982865737,0.21459075011794,"AC245100.7"
"ENSG00000280655.1",1.61585498920554,-0.668883339159165,0.359101264924458,-1.86265937910264,0.0625102043753803,0.180439833423565,"AC134981.1"
"ENSG00000280670.3",134.813845687149,-0.179794668441764,0.0963401407741016,-1.86624876190856,0.06200656976162,0.179558556760339,"CCDC163"
"ENSG00000280683.1",0.759852325788483,-1.54381750166873,0.837998131591011,-1.84226842933129,0.0654358953353471,0.18585201018595,"LINC01242"
"ENSG00000280693.2",47.4155632682658,0.688649402798622,0.216491613236289,3.18095187385849,0.00146792012966151,0.0143402185671422,"SH3PXD2A-AS1"
"ENSG00000280719.1",1.22507937579861,-0.106244542576355,0.412256793856288,-0.257714473502143,0.796627275098465,0.88788831541807,"PCAT5"
"ENSG00000280721.1",44.3453550035656,0.0766258413361419,0.123810853989661,0.618894376922239,0.535985943099382,0.704817916249614,"LINC01943"
"ENSG00000280725.2",2.42495499237443,-0.944343203416606,0.425140460464976,-2.22124989558458,0.0263340404200351,0.101839936405531,"LINC00251"
"ENSG00000280734.3",193.058317111134,0.0914020492076973,0.121889430866371,0.749876741223797,0.45332894384769,0.636526528932612,"LINC01232"
"ENSG00000280739.3",98.1760338976875,-0.0796418284083386,0.110364474761186,-0.721625582694732,0.470524706129373,0.651355926441363,"EIF1B-AS1"
"ENSG00000280758.1",5.3014578083231,-0.281184516799176,0.131776221671683,-2.13380314924903,0.0328588980102524,0.117568112998961,"AL356481.3"
"ENSG00000280776.2",2.63151921681583,0.500294652756627,0.6889187280652,0.726202717934064,0.467714506025357,0.649087913676625,"LINC01202"
"ENSG00000280780.2",2.73553540898781,-1.49215050594257,0.300257808785135,-4.96956436197255,6.71034943067361e-07,5.51623860729423e-05,"JAKMIP2-AS1"
"ENSG00000280789.2",323.755575453536,0.105311619868618,0.0596133263012698,1.76657848844738,0.0772988462070948,0.206957015422019,"PAGR1"
"ENSG00000280798.1",407.555494578257,0.0419151595111341,0.0742395209983298,0.56459361466081,0.572350209417839,0.733066646739932,"LINC00294"
"ENSG00000280800.1",1.48185474683484,-0.330424615708482,0.375857330814861,-0.879122445189826,0.379334889064187,0.570965977739228,"FP671120.6"
"ENSG00000280828.1",10.6684242527605,-1.00734535725953,0.193367145009783,-5.20949594207727,1.893543490543e-07,2.32626359522686e-05,"AC090114.3"
"ENSG00000280832.1",209.477400511199,0.458641655836691,0.12646526911491,3.62662143564455,0.000287153805605248,0.00463862768074504,"GSEC"
"ENSG00000280837.1",1.83353938933194,0.27211537499968,0.733761635875116,0.370849826013516,0.710749387509238,0.832705048328291,"CPS1-IT1"
"ENSG00000280852.2",3.28223810464528,-0.344267641995855,0.196156927922397,-1.75506236584238,0.0792486407124177,0.210467852204732,"AC025048.6"
"ENSG00000280870.3",8.28872272029095,-0.758585188936815,0.261151636519128,-2.9047690416493,0.00367524187056181,0.0271247678112645,"MIR325HG"
"ENSG00000280890.1",2.66363613921696,0.617007674964026,0.277894067992179,2.22029811367327,0.0263985378985171,0.101958993301082,"ELDR"
"ENSG00000280913.2",4.90100494029207,-0.488200517972039,0.168312170125206,-2.90056576187493,0.00372489669174484,0.0273638538301547,"CTSLP3"
"ENSG00000280916.2",18.1184488891606,-0.38126033438771,0.214647944740342,-1.77621236881126,0.0756979203502972,0.204151773109098,"FOXCUT"
"ENSG00000280924.1",5.12277990638214,0.722133720146127,0.215948870543742,3.34400322783746,0.000825787766259658,0.00962638378924468,"LINC00628"
"ENSG00000280927.1",81.9428710409396,-0.189979622181028,0.124597202523744,-1.52475030203687,0.127321390005097,0.286045687120568,"CTBP1-AS"
"ENSG00000280953.2",4.52652406331614,-0.992221770776843,0.313683953969306,-3.16312568182539,0.00156084931352475,0.0149885653865531,"LINC01163"
"ENSG00000280989.2",1.10859961950398,-1.23282949325849,0.381204931959855,-3.2340334290017,0.00122055168308889,0.0126433812025757,"LINC00581"
"ENSG00000281005.1",55.5041952501298,-0.100718527743391,0.0852758787317105,-1.18109047061555,0.23756678513875,0.425277501754189,"LINC00921"
"ENSG00000281008.1",2.32885010201769,0.286941395002674,0.412458997735617,0.695684653693994,0.486626338281883,0.665485753970784,"AC004808.2"
"ENSG00000281016.1",5.91583800554973,-1.12487718153759,0.250749813478315,-4.48605391140149,7.25543902728645e-06,0.000316673647314924,"AC092574.2"
"ENSG00000281021.1",7.83918034922442,-0.461519073651523,0.180655524640967,-2.5546911702188,0.010628204941115,0.0558818788793293,"AL078581.4"
"ENSG00000281026.1",111.706948508287,-0.419326552757578,0.135387246208032,-3.09723821484082,0.00195332837336074,0.0176055468009867,"N4BP2L2-IT2"
"ENSG00000281091.3",26.8126034822925,-0.0221951564128253,0.131331742896978,-0.169000699474734,0.865796091212367,0.928369650060657,"AL117327.1"
"ENSG00000281097.1",15.492548367826,0.160048941891017,0.293177993364446,0.545910489577785,0.585127467534387,0.742940726006725,"LINC01395"
"ENSG00000281100.1",24.5424230003021,-0.27771623652848,0.12875664115945,-2.15690805559738,0.031012829152471,0.113256320190843,"AC105749.1"
"ENSG00000281103.2",135.159406567191,-0.192799677038183,0.121549026465824,-1.58618857463571,0.112696538786531,0.264002664355472,"TRG-AS1"
"ENSG00000281106.4",4.19693221424828,-0.555741209197503,0.231852848390206,-2.39695657420692,0.0165318828613628,0.0751188721309336,"TMEM272"
"ENSG00000281128.2",3.84989150414409,-0.145120304694133,0.250296959681616,-0.579792518769422,0.562054543234548,0.725711921966563,"PTENP1-AS"
"ENSG00000281131.1",0.681694729401662,0.0930561651503332,0.766158552247563,0.121458104040408,0.903328197099074,0.948483211366831,"SCHLAP1"
"ENSG00000281162.2",13.9315027131346,0.26336316206841,0.168342191406806,1.564451311151,0.117711618690626,0.271509832414232,"LINC01127"
"ENSG00000281179.1",8.21671442324989,-0.579598190390657,0.314853680190822,-1.84084934322312,0.0656436395612392,0.186219639733498,"AC135068.9"
"ENSG00000281181.1",1.64205873623745,2.10281188120437,0.835610902256623,2.51649646447358,0.0118528089382205,0.0599993261335223,"FP236383.5"
"ENSG00000281183.1",66.8982354994059,-0.392554015047933,0.166267941020229,-2.36097237169836,0.0182270884904388,0.0803118291756593,"NPTN-IT1"
"ENSG00000281186.1",2.22392799968662,-0.250834577604253,0.291984865052648,-0.859067053215326,0.390303523109059,0.581247772180618,"LINC00706"
"ENSG00000281189.1",29.9936859552125,0.0945387900241578,0.12125890866325,0.779644077835989,0.435600403616429,0.621382417310158,"GHET1"
"ENSG00000281195.1",20.684673703702,-0.462320443323286,0.161467204471481,-2.86324671834485,0.00419323913556917,0.0297166147580465,"AC007878.1"
"ENSG00000281207.1",48.4599196803218,-0.381765709500402,0.144492736220509,-2.64211004294217,0.00823912817156572,0.0470506508089087,"SLFNL1-AS1"
"ENSG00000281327.2",9.9722418222342,0.230611203822007,0.206122088811816,1.11880878537258,0.263221722909207,0.454842000353778,"LINC01338"
"ENSG00000281332.1",221.329451472685,0.0122131865189489,0.0975385063068988,0.125213999899905,0.900354134156248,0.946913387303007,"LINC00997"
"ENSG00000281333.2",24.6627979739442,-0.239718595229845,0.123626816601377,-1.93905013345765,0.0524952338915514,0.160887767831301,"AC024941.2"
"ENSG00000281344.1",51.9445014846617,-0.6213788743066,0.161544938631531,-3.84647689720511,0.000119828423777848,0.00249995150375307,"HELLPAR"
"ENSG00000281357.3",32.9385070126801,-0.72208412633725,0.142153338989196,-5.07961424945585,3.78202024222716e-07,3.65823960240287e-05,"ARRDC3-AS1"
"ENSG00000281376.1",3.5437876442543,-0.817993738329327,0.354157511392718,-2.30968908470297,0.020905373551849,0.0875807988818302,"ABALON"
"ENSG00000281383.1",25.5620326372054,0.152581232095857,0.182667170709619,0.835296410970373,0.403550837677708,0.593272830237852,"FP671120.7"
"ENSG00000281386.1",3.62838742674378,-0.0336180767531957,0.347156411319564,-0.0968384153569603,0.922854716240097,0.959424246433348,"AP003500.1"
"ENSG00000281392.2",24.9531160932563,-0.15327076187025,0.133746037267402,-1.1459835745549,0.251801948450666,0.442037557066597,"LINC00506"
"ENSG00000281398.4",302.308463617347,-0.0416608533607519,0.133456941018195,-0.312167003401284,0.754913607420085,0.861055148577783,"SNHG4"
"ENSG00000281404.2",141.147315390872,-0.5140906968761,0.145663528432379,-3.52930278710607,0.000416656119722746,0.0059714731786179,"LINC01176"
"ENSG00000281406.2",348.855429583116,0.174481996957692,0.166976292524448,1.04495071916958,0.296045746655102,0.488696236659641,"BLACAT1"
"ENSG00000281420.1",9.90579317201814,-0.054790362035878,0.131708111104644,-0.415998388985672,0.677411182072287,0.810648920686311,"AP001052.1"
"ENSG00000281468.1",36.5479914368262,-0.179076867380818,0.0998280079180828,-1.79385396058154,0.0728364815310787,0.199305085856349,"AC006504.7"
"ENSG00000281469.1",9.59283723186263,-1.07511031848537,0.170945156864072,-6.28921192157702,3.19081635510908e-10,1.56223307221539e-07,"AC019226.1"
"ENSG00000281490.1",294.841903793203,-0.255757345743068,0.106394225913218,-2.40386490477106,0.0162227671899292,0.0741596303795568,"CICP14"
"ENSG00000281501.1",70.0665097574288,-0.293290482591752,0.110073614716322,-2.66449396930962,0.00771042488706583,0.0449174410787546,"SEPSECS-AS1"
"ENSG00000281530.1",10.3248299570024,-0.384104897492474,0.191329072902332,-2.00756158834549,0.0446898998061534,0.144959161559457,"AC004461.2"
"ENSG00000281538.1",12.5279721602762,-0.14991359128278,0.133514189907011,-1.12282890221025,0.261510167854639,0.453013060949295,"AC254562.3"
"ENSG00000281550.1",2.49378603514194,-0.373494432685515,0.278230977093096,-1.34238982512916,0.179469632077205,0.35570201576059,"AC135068.10"
"ENSG00000281560.1",8.12224609748691,-0.384696715941879,0.31279373874801,-1.2298734542503,0.218744496232154,0.402779741886903,"LSINCT5"
"ENSG00000281566.3",4.78423337763255,1.28570457256683,0.675890848142411,1.90223699004123,0.0571401790091735,0.169975695117263,"AL157778.1"
"ENSG00000281571.2",15.6426676118354,0.211826983465701,0.131623301031659,1.60934258452271,0.10754145233135,0.256272104535655,"AC241585.2"
"ENSG00000281593.1",2.17660544573265,-0.842999052144792,0.286795202628009,-2.93937640664866,0.00328873405640067,0.0252194536062054,"AC006978.2"
"ENSG00000281641.3",44.4045513644096,-0.296323883223788,0.138288079971512,-2.14280134111944,0.0321290535917932,0.115762197061864,"SAMD12-AS1"
"ENSG00000281649.2",3179.52068495456,-0.212535331275776,0.0607076540637588,-3.50096432737392,0.000463577891875316,0.00641742151941992,"EBLN3P"
"ENSG00000281655.1",2.98069329541783,0.118313690357711,0.336165709625495,0.351950502296972,0.724875383800927,0.842113062770754,"AP000851.2"
"ENSG00000281691.1",8.50504793152707,-0.483239134265742,0.140755504528209,-3.4331810744133,0.000596543554456364,0.00759278678532114,"RBM5-AS1"
"ENSG00000281692.2",4.93577094749906,-0.463743029719399,0.239770741108304,-1.93411017364261,0.0530995833316653,0.162016554870849,"PACRG-AS1"
"ENSG00000281706.3",62.3150506989416,-0.0633801824103303,0.137397033239611,-0.461292219460078,0.644588966339534,0.786622366474212,"LINC01012"
"ENSG00000281731.3",15.6295207913842,-0.289180334961818,0.139909457153159,-2.06691056377448,0.0387425821504331,0.131658343118747,"METTL14-DT"
"ENSG00000281732.1",1.66592456205524,-0.0946367372529922,0.431962364931575,-0.219085607765813,0.826583361784036,0.905006572739934,"Z84468.1"
"ENSG00000281741.2",4.9594515252528,0.436089721628839,0.237590675645608,1.83546648219189,0.0664366009776843,0.18768551178193,"AC241377.3"
"ENSG00000281756.1",9.54235396042,-0.434830418903307,0.177830382099241,-2.44519757406045,0.0144772809025674,0.0686305158891037,"C2-AS1"
"ENSG00000281769.1",2.16441531909332,0.783097280192085,0.331209551470711,2.364355969551,0.0180614488285537,0.0798883772883008,"LINC01230"
"ENSG00000281772.1",4.10804805040013,-0.898656375478275,0.248568647881836,-3.61532471265434,0.000299971389969172,0.00479450191370315,"AC019226.2"
"ENSG00000281809.1",3.32123527512333,-0.0696399233639977,0.19400214987188,-0.358964699154048,0.719621497654803,0.839054371416312,"LINC01394"
"ENSG00000281831.1",10.9244945074855,0.198015087661535,0.185660090492924,1.06654632740837,0.2861767482102,0.478665690480094,"HCP5B"
"ENSG00000281852.1",13.5871287987129,-0.0720660065390006,0.189450035997507,-0.380395845055152,0.703651598402334,0.827534447193787,"LINC00891"
"ENSG00000281903.2",5.83104819327463,-0.2609893898046,0.178786652567409,-1.4597811752541,0.144350223817844,0.309579654325057,"LINC02246"
"ENSG00000281912.1",38.7642893958024,-0.132026492391157,0.112246706692725,-1.17621706935758,0.239508145183321,0.427265180925755,"LINC01144"
"ENSG00000281920.1",4.04114243090288,-0.0916195430901503,0.167778214919446,-0.546075324106522,0.58501416102331,0.742881854563623,"AC007389.3"
"ENSG00000281958.1",4.84609217832993,-0.478921367702795,0.188177193242414,-2.54505532498743,0.0109260425630092,0.0569443855745564,"TRBJ1-4"
"ENSG00000281969.1",6.44556357494204,-1.10535111236814,0.26109609336208,-4.23350306829476,2.30079041902954e-05,0.000741531611043084,"AL592158.1"
"ENSG00000281974.1",3.53826852668173,-0.398472737639616,0.224495251414894,-1.77497178727933,0.0759025456903697,0.204435195669402,"AC025268.1"
"ENSG00000281990.1",422.979740265312,0.152724391663226,0.325117128256236,0.469751909050017,0.638532276638126,0.781970686607561,"IGHV1-69-2"
"ENSG00000282012.1",53.8794533493767,-0.0259790660038044,0.295427552097092,-0.0879371806027978,0.929926605209156,0.963082405711013,"AP000357.2"
"ENSG00000282021.1",10.8805501374246,0.486866159082674,0.188255365172366,2.58620071006689,0.00970404047213393,0.0525084931684324,"AC100810.3"
"ENSG00000282057.1",35.2914558819595,-0.541922434002205,0.176560017537966,-3.06933835620895,0.00214533465648154,0.0187367856028961,"AC092807.3"
"ENSG00000282097.1",8.54210842983919,-0.440017926650443,0.19570740793095,-2.24834578978068,0.0245541490362663,0.0973151172020974,"AL160408.6"
"ENSG00000282100.1",7.77710683874467,-0.0435403459397129,0.170709906618955,-0.255054594089259,0.798680933205995,0.888838224001444,"HSP90AB4P"
"ENSG00000282121.1",1.10780959501183,-0.926758020337412,0.515376060729927,-1.79821705149604,0.0721426184484033,0.198118623053293,"AL592430.2"
"ENSG00000282122.1",423.938191081593,-1.21375764926611,0.305402741403227,-3.97428537703783,7.05908835080888e-05,0.00171546152163124,"IGHV7-4-1"
"ENSG00000282133.1",3.62867495556928,-0.422026411513414,0.201831599153905,-2.09098284551371,0.0365296017693346,0.126553593309725,"TRBJ1-3"
"ENSG00000282164.3",52.5960472057422,-0.357369653939392,0.159709407294453,-2.23762432027887,0.0252455642150528,0.0991308852232508,"PEG13"
"ENSG00000282173.1",6.22924605166133,-0.470888152923076,0.183348583983781,-2.56826719187932,0.0102208340875703,0.0544771893952557,"TRBJ1-5"
"ENSG00000282206.1",3.41326053291647,-0.130288634702245,0.187187820163889,-0.696031582547267,0.486409051271177,0.665320403385877,"AC233280.36"
"ENSG00000282221.1",75.1093527166709,0.494407990627429,0.12345661863953,4.00471028670407,6.20935336126472e-05,0.00155201202294734,"AC119427.1"
"ENSG00000282265.1",0.922378125429528,-2.01560931147835,0.955149709286081,-2.11025485521521,0.0348364098646447,0.122278185938178,"AL450990.1"
"ENSG00000282304.1",2.24602049621189,-0.624255373158063,0.282755112855615,-2.20775980619255,0.027261021317038,0.10407076971771,"AC140479.4"
"ENSG00000282308.1",3.43953747738703,-0.798489926005845,0.319322789494839,-2.50057293833941,0.0123992597595568,0.0618522145305695,"DPRXP3"
"ENSG00000282317.1",5.92145254284132,0.21457291720394,0.194327424063599,1.10418237795256,0.269514032287595,0.461309479047396,"AL451007.2"
"ENSG00000282386.1",44.8802427474876,0.149491761744092,0.0829190994705072,1.80286282290443,0.0714097609010053,0.196531798766402,"AL358472.4"
"ENSG00000282390.1",0.557573258935752,-0.307334848938551,0.451811439183506,-0.680228126791021,0.496360025463354,0.673403191839912,"AL392083.1"
"ENSG00000282393.1",5.95387091741691,-0.20071288888988,0.139364830294235,-1.44019756251361,0.149811512646349,0.316899084473912,"AC016588.2"
"ENSG00000282431.1",4.34886048663127,-0.240314373987562,0.171887802821867,-1.39808857895873,0.162086469105825,0.333284289396659,"TRBD1"
"ENSG00000282440.1",4.55983847561119,0.599656297310214,0.242187275797347,2.47600248747991,0.0132862652526225,0.0649334940702704,"AC074099.1"
"ENSG00000282458.1",19.7835230912014,-0.307019205339727,0.121575362931163,-2.52534064416952,0.0115586189487078,0.0590565857479646,"WASH5P"
"ENSG00000282499.1",3.21286989258424,-0.504085950408818,0.191429998514424,-2.63326518477111,0.00845682897604548,0.0479402702365881,"TRBV25-1"
"ENSG00000282508.2",59.7761718658527,-0.149965961137313,0.102451492989233,-1.46377526341245,0.143255363349293,0.308120732087862,"LINC01002"
"ENSG00000282556.3",10.1788519051164,-0.41791116656367,0.163678728542043,-2.55324054803079,0.0106725759438868,0.0560268166035671,"AC068733.3"
"ENSG00000282572.2",12.4377256878414,0.257647257921529,0.151898168852584,1.69618409403983,0.0898510217635612,0.228421660627233,"AC215522.2"
"ENSG00000282600.2",112.71545539572,-0.061120166368675,0.208470814191549,-0.293183324513311,0.769382029455085,0.871061462911802,"IGHV3-69-1"
"ENSG00000282608.2",175.729611574128,0.0911631899615328,0.129894756080494,0.70182348165803,0.482789252916899,0.662383754374153,"ADORA3"
"ENSG00000282625.1",1.18946844260011,-0.82793522339021,0.850812406253024,-0.973111366624794,0.330497955364799,0.524089946556811,"MRPL57P8"
"ENSG00000282639.1",717.673466926953,-0.724098651586459,0.248818681135246,-2.91014584709929,0.0036126013147779,0.0268409586192592,"IGHV3-64D"
"ENSG00000282651.2",1332.71910271258,-0.0188422559943223,0.284535940975568,-0.0662210050854004,0.947201873838392,0.972211521705356,"IGHV5-10-1"
"ENSG00000282718.1",0.588845754984152,0.063891486892882,0.472445015418842,0.135235815402221,0.89242543059232,0.94310309359796,"AC104333.4"
"ENSG00000282757.4",4.79280034994391,-0.490506080506233,0.227254575071294,-2.15839914489005,0.0308968121611346,0.11291983867907,"DUXB"
"ENSG00000282780.1",8.05541252543858,-0.453715626599239,0.17954204850766,-2.52707168248602,0.0115018024235172,0.0588760006282531,"TRBJ1-6"
"ENSG00000282787.1",5.21012363925737,0.210754075899866,0.138686403052382,1.51964483367749,0.128600263428795,0.287850515687434,"AL157888.1"
"ENSG00000282793.1",2.47832445392878,-0.263270647514792,0.323580165293786,-0.813618001819618,0.415863821840131,0.604605954161104,"AC090164.4"
"ENSG00000282815.1",7.36288220194765,-1.7812584855538,0.574179759088753,-3.10226624564532,0.00192045150020042,0.0173979841622238,"TEX13C"
"ENSG00000282826.2",354.665244160258,0.213332520437722,0.120185966318013,1.77502022052426,0.0758945485046292,0.204430194446976,"FRG1CP"
"ENSG00000282834.1",2.53307974605121,-0.246293266745929,0.438029703296611,-0.562275263280836,0.573928489394963,0.734237672818417,"AP000787.3"
"ENSG00000282840.1",10.6210626276871,-0.357207961128317,0.2020439729236,-1.76797137751489,0.0770656887959994,0.206548702067719,"AC004554.1"
"ENSG00000282842.1",5.55829514698813,-1.77271119502887,0.543245320763402,-3.26318723286516,0.00110166710694074,0.0117670205297973,"FRG2EP"
"ENSG00000282849.1",7.15949336211699,0.314948784977132,0.193967271163116,1.62372127570056,0.104435308179182,0.251498351913889,"AL359834.1"
"ENSG00000282851.2",194.490538607489,-0.083568215266591,0.0990953841638793,-0.843310876401567,0.399054601503984,0.589135444609506,"BISPR"
"ENSG00000282859.1",1.64709510847494,-1.47901653051844,0.429050050263976,-3.44718880608092,0.000566452566183279,0.00735526727220745,"AC003992.1"
"ENSG00000282863.1",2.18490603802147,-0.3305581446251,0.363623516612887,-0.909067014433536,0.363314752918672,0.556258361412801,"AC012560.1"
"ENSG00000282864.1",0.976232369955484,-1.55976539285716,0.691169057636426,-2.25670604843199,0.0240264486628546,0.095912776418755,"AL356118.1"
"ENSG00000282870.1",24.59178354933,0.0276243023136119,0.153546922374306,0.17990788669975,0.857224883538328,0.923365673931213,"FRG1DP"
"ENSG00000282885.2",25.5939894781653,-0.147545685040302,0.0947860242267313,-1.55661856527887,0.11956107332664,0.274154385840288,"AL627171.2"
"ENSG00000282886.1",8.33113309205881,0.0214322520063575,0.162034290063139,0.132269854720295,0.894770850296699,0.944412577082966,"PTMAP12"
"ENSG00000282911.1",1.09807241366832,0.441734501011411,0.396943030054318,1.11284105669008,0.265776698790056,0.457381558607327,"DUX4L35"
"ENSG00000282915.1",3.01801261779208,-0.906254906159262,0.325786931105393,-2.78174113088068,0.00540681483490339,0.035302821396046,"AC091769.1"
"ENSG00000282917.2",2.88189992699722,-1.76517865854302,0.335613063779786,-5.25956480556207,1.44396734048622e-07,1.88525508497285e-05,"AC107068.2"
"ENSG00000282933.2",4.55843496958116,-0.215424650101355,0.192631190479751,-1.11832694157596,0.263427384407554,0.455059998048033,"RHOXF1P3"
"ENSG00000282935.1",11.3282347123116,-0.553323112404097,0.414677581391384,-1.33434537393488,0.182090693676251,0.359099395323922,"DUX4L34"
"ENSG00000282936.2",45.9409737310274,-0.0901594345321376,0.128243171353467,-0.703034973173256,0.482033954637474,0.661787894917337,"AC004706.3"
"ENSG00000282939.1",41.0924460166219,-0.256118826830042,0.150509177244889,-1.70168245895943,0.0888149103861134,0.226774661514294,"TRBV7-2"
"ENSG00000282951.1",13.9327726222718,-0.303281752659057,0.12838532980453,-2.36227731876229,0.018163049586532,0.0801729863784239,"AC008537.4"
"ENSG00000282961.1",6.25934062246663,-0.224297443818104,0.227617044092687,-0.985415853686108,0.324419845458818,0.517929889462953,"PRNCR1"
"ENSG00000282965.1",3.72881690375355,-0.543764686587793,0.264088603085135,-2.05902367703652,0.0394919703715684,0.133523526919938,"AP001005.3"
"ENSG00000282968.1",1.30399564522552,-0.0791778144951723,0.477467509050808,-0.16582869618202,0.868291762487525,0.929573015909926,"AGGF1P10"
"ENSG00000282977.1",4.78329084719606,-0.52562570382552,0.192216228441317,-2.73455424699477,0.00624648017779795,0.0389956993361011,"PCBP2-OT1"
"ENSG00000282978.1",6.70634433711917,0.188703032451312,0.184300358944984,1.02388857803387,0.305887905744329,0.499187591095826,"AC110994.2"
"ENSG00000282988.2",10.9683942207534,0.264790261373233,0.234102116784705,1.13108871038851,0.258017755544727,0.448972201711733,"AL031777.2"
"ENSG00000282989.1",2.20617980842704,0.0947162066409566,0.347324961882157,0.272701985275371,0.785082308499238,0.88062440951503,"PDCL3P2"
"ENSG00000282995.1",24.9025853376544,-0.201823382625171,0.177590850926774,-1.136451464543,0.255767667465708,0.446293131705232,"FRG1EP"
"ENSG00000282996.1",3.91765078916787,-0.425148709271969,0.205159573082986,-2.07228306670339,0.0382390506461323,0.130520064913029,"MPP7-DT"
"ENSG00000283000.2",44.0987981543916,-0.481839718794368,0.174643117923027,-2.75899631502649,0.00579791887538099,0.0370783928386591,"LINC02635"
"ENSG00000283010.1",1.12659982460902,-0.115280332709064,0.386350147452753,-0.298383043125827,0.765410829579892,0.868209694702168,"AL589826.2"
"ENSG00000283016.1",5.87306292638641,-0.184495954089837,0.192483614357383,-0.958502128639815,0.337809618624501,0.531206103951706,"ATP5MC1P2"
"ENSG00000283020.1",3.0609349371585,-0.57476817074579,0.299684709677024,-1.91790956357175,0.0551224793775017,0.165885628302916,"DUX4L37"
"ENSG00000283023.1",20.1158279300309,0.159193873452681,0.215876636649995,0.73742983920388,0.460860995075885,0.64326852848252,"FRG1GP"
"ENSG00000283031.2",10.6947166822319,-0.265235396038679,0.188553356444364,-1.40668615526311,0.159520472869546,0.33013707361508,"AC009242.1"
"ENSG00000283033.1",3.56596076851225,0.574966649282909,0.223913545795039,2.56780645959316,0.0102344279619473,0.0545001295804721,"AC022596.2"
"ENSG00000283041.1",584.060229362996,-0.0113677939827786,0.110217303920313,-0.10313982993993,0.917851993850131,0.956553134390922,"AC008038.1"
"ENSG00000283045.1",4.38644672334115,-1.17389226035485,0.231729751554344,-5.06578137887294,4.06728496597348e-07,3.8578951103178e-05,"AC103703.1"
"ENSG00000283047.1",6.97577677568253,0.659806896422,0.294880568842276,2.23753941811919,0.025251106028969,0.0991308852232508,"FRG1FP"
"ENSG00000283050.2",293.74688792418,-0.0967797105146781,0.089432599454425,-1.08215249366644,0.279184773694851,0.471654674512746,"GTF2IP12"
"ENSG00000283052.1",2.42618807160374,-0.782269935283276,0.405507093381932,-1.92911529304985,0.0537165508611531,0.163266575971872,"LINC02456"
"ENSG00000283063.1",13.6977717432042,-0.441616279876216,0.173160263954524,-2.5503326790504,0.0107620169189701,0.0563469434130045,"TRBV6-2"
"ENSG00000283064.1",13.381745480933,-0.0416099151116723,0.135209371047723,-0.307744313794536,0.758276897464703,0.86353045142098,"AL353759.1"
"ENSG00000283071.1",2.08296937107002,0.951317387257322,0.263642830212145,3.60835675482556,0.000308142573314226,0.00488523366350025,"LBHD2"
"ENSG00000283075.1",2.09279232522741,-0.216627629714324,0.350922752693061,-0.617308590143771,0.537031201925247,0.705412286187061,"AL157931.2"
"ENSG00000283078.1",33.856951110635,-0.153435970188661,0.123621920819823,-1.24117121923943,0.214542504466572,0.397670802494223,"AL137077.2"
"ENSG00000283095.1",3.35151766897529,0.314972191701146,0.31481871269508,1.00048751551251,0.317074636408876,0.510961178390289,"FP565171.1"
"ENSG00000283097.1",1.25829358521455,-0.360055920358064,0.471501287481857,-0.76363719446242,0.445083477690301,0.629916860344465,"AL159152.1"
"ENSG00000283098.2",148.443718636861,-0.0997181515771451,0.154496199549174,-0.645440806104789,0.518641566620849,0.692069486072461,"AL132857.1"
"ENSG00000283103.3",80.8774314427185,-0.097622780992966,0.06903614788364,-1.41408210025722,0.157337798097863,0.327226843582719,"AC010642.2"
"ENSG00000283108.1",8.48022764194858,-0.483178823575478,0.218538753154489,-2.21095259582592,0.0270391199054506,0.103466472649639,"AC011451.3"
"ENSG00000283117.1",0.665643536883003,-1.35071787943092,0.896134611309322,-1.50727118714611,0.131741159828951,0.292105983103991,"MGC4859"
"ENSG00000283118.1",1.71646264092893,-1.01142951504818,0.495359504776137,-2.04180904029543,0.0411704771639607,0.137178612511984,"AC009951.5"
"ENSG00000283122.1",8.40781622810056,-1.54663202262446,0.258783962806832,-5.97653736286175,2.27930296718823e-09,7.90467017568726e-07,"HYMAI"
"ENSG00000283125.1",2.03969409211184,-2.34322272525963,0.400340720547304,-5.8530711591272,4.82577523702617e-09,1.43450477648493e-06,"AC022726.2"
"ENSG00000283128.2",4.11174035846563,0.150546585332441,0.164877882163923,0.913079324871282,0.361200823250088,0.55427078763206,"AC009403.2"
"ENSG00000283141.1",5.2316114477181,-0.402896828491212,0.196567447558208,-2.04966200404014,0.0403974252505534,0.135415976527051,"LINC02666"
"ENSG00000283142.1",8.44984697142642,-0.283686458335184,0.25852109777406,-1.09734354672715,0.272491241493948,0.464748383979799,"AL049767.1"
"ENSG00000283148.1",5.29835572014982,0.379995856825899,0.227124458080175,1.6730732570059,0.0943128754525659,0.235732624807979,"AC137936.1"
"ENSG00000283154.2",69.2814522054613,0.0627692288805861,0.11352040022675,0.552933470593907,0.58030896727282,0.73904928648971,"IQCJ-SCHIP1"
"ENSG00000283156.1",10.449170161712,-0.80482546631173,0.189599656013485,-4.24486775574366,2.18722376611436e-05,0.000711820536121656,"AC068620.3"
"ENSG00000283162.1",17.1553855200113,-0.263083475801249,0.202918384174872,-1.29649896864213,0.19480363514141,0.374413891280624,"AL390726.5"
"ENSG00000283167.2",3.23398664632939,-0.184262729470711,0.251397716341666,-0.732953075915319,0.463587049585043,0.645809600478465,"AC140479.5"
"ENSG00000283175.1",5.86746261340413,-0.303593717575749,0.225912367906647,-1.34385611725871,0.178994918705495,0.354996321502664,"AC007920.2"
"ENSG00000283176.1",2.8960625484211,-1.36441511655913,0.504681505968651,-2.70351716958673,0.00686099032935149,0.041612005632837,"AC103706.2"
"ENSG00000283178.1",5.71003330890024,0.160470477108136,0.343991565140025,0.466495383521438,0.640860951242612,0.783813366508221,"BX119927.1"
"ENSG00000283196.2",113.641064438483,0.367284074649261,0.12865849795889,2.85472067897621,0.00430746944812939,0.0302358381481282,"LSP1P5"
"ENSG00000283197.1",1.45312849876304,-1.09166142256449,0.494959276383851,-2.20555806235236,0.0274149581869608,0.104397506241126,"AC103706.3"
"ENSG00000283199.3",148.728089113935,0.0412775685536655,0.226493165829626,0.18224641967659,0.855389345295112,0.922648787433103,"C13orf46"
"ENSG00000283208.2",10.4198310015225,-0.717093087230436,0.176495345122934,-4.06295750593853,4.84548531817624e-05,0.00128747599918629,"AC001226.2"
"ENSG00000283209.1",2.56709730690353,-0.0439581415563302,0.238850143860037,-0.184040674399129,0.853981546315094,0.921796676496697,"AC106858.1"
"ENSG00000283213.1",11.5623558894827,-0.504360291565028,0.227543082159439,-2.21654856205043,0.0266539559029328,0.102552889619362,"AC130466.1"
"ENSG00000283234.1",5.49865956753458,0.122045927297157,0.253001608005389,0.482391903590421,0.629527571571752,0.776052928512546,"AL590556.2"
"ENSG00000283235.2",6.79601949644974,-0.10444590386703,0.252115445158125,-0.414278085190387,0.678670461365429,0.811338851313844,"AC139493.2"
"ENSG00000283236.1",78.2431764056424,-0.366773030792867,0.143552466614929,-2.55497546953836,0.0106195281684649,0.0558716737219819,"AC074141.1"
"ENSG00000283240.1",5.87567519889566,-0.129386320893979,0.200975615927665,-0.643791140018438,0.519710879849735,0.692996408316133,"AC007529.2"
"ENSG00000283258.2",1.75544894781961,-0.763958314732501,0.308960746959777,-2.47267111518202,0.013410749516376,0.0652886575892994,"AC007491.1"
"ENSG00000283265.1",5.04962644748616,-0.0426582886800622,0.188441265804735,-0.226374454119117,0.820910194911583,0.902326360038011,"AL356234.3"
"ENSG00000283267.1",14.4090296238632,0.316910991348733,0.209925009441058,1.50963904773678,0.131135551989642,0.291409420130232,"FAM237B"
"ENSG00000283273.1",2.70545914432378,-0.643360273733573,0.389150754374023,-1.65324174886533,0.0982816729078002,0.241804000600014,"AC138649.5"
"ENSG00000283283.2",7.24565687537375,0.133042196664423,0.226692493442154,0.586883997102323,0.557281618199762,0.721564069331649,"AC013268.4"
"ENSG00000283288.1",5.30856553231494,-0.312075796514126,0.218644051127022,-1.42732351923366,0.153486664412513,0.322013455056135,"SMIM33"
"ENSG00000283291.1",0.18399401101597,-0.28554289499756,1.20993509011157,-0.23599852366562,0.813433815768293,0.897962532854995,"5_8S_rRNA"
"ENSG00000283294.1",5.69076910423409,-0.012373639196733,0.216401916054779,-0.0571789724523546,0.954402628303414,0.97639820250455,"AP005212.4"
"ENSG00000283297.2",24.6388700433472,-0.11202018075582,0.140906268954266,-0.794997849188514,0.426614753275424,0.614096532012748,"TEX52"
"ENSG00000283303.1",0.583018875468637,-0.766823120962934,0.791590624910327,-0.968711726531376,0.332689040082528,0.526211041449361,"AC073869.3"
"ENSG00000283304.1",1.42980690590175,-0.931096119036537,0.41564057946318,-2.24014729321928,0.0250813620951897,0.0987775864975598,"LINC02183"
"ENSG00000283312.1",21.6137845132846,-0.0775484949714614,0.144505503765779,-0.536647345260673,0.591511233733186,0.747908681959628,"AC017104.3"
"ENSG00000283317.1",23.3060497183374,-0.172898018293556,0.125512589681212,-1.37753526345602,0.168346820070541,0.341132283028251,"AL831711.1"
"ENSG00000283341.2",52.3376470822669,-0.309412083207787,0.136863413111764,-2.26073627840274,0.0237755925562287,0.0953119006941097,"AC068205.2"
"ENSG00000283355.1",9.89416419534176,-0.337609174358982,0.165638638940989,-2.03822717040835,0.0415272194596457,0.137925550425976,"AC074194.2"
"ENSG00000283360.1",12.6270182523166,-0.489874040928252,0.190516115861246,-2.57129974917727,0.0101317590808267,0.0541700104509336,"AL592295.3"
"ENSG00000283361.2",11.7570283395672,-1.10567584019546,0.287142454375566,-3.85061777994451,0.000117820252547183,0.00247481997984438,"CFAP97D2"
"ENSG00000283376.1",1.32852822804925,-1.35224597743812,0.421710602317017,-3.20657334676537,0.00134326056601782,0.013527275869459,"AC011591.2"
"ENSG00000283380.1",1.97421869177601,-0.473950969081609,0.297787346680098,-1.5915752444336,0.111480176131612,0.262122076932634,"AL807742.1"
"ENSG00000283390.1",5.20345446108217,0.00732224070180308,0.137730316052301,0.0531636092305383,0.957601550218317,0.978435549976973,"AC068631.3"
"ENSG00000283399.1",7.87243284073236,-0.684419328849827,0.195600310845043,-3.49907076268418,0.000466882656759118,0.0064480294085516,"AC004381.3"
"ENSG00000283400.1",1.14983463101074,-0.213511415932938,0.411569190089383,-0.518774050814076,0.603918315521315,0.75726912276943,"AL807740.1"
"ENSG00000283402.1",1.81371513253282,-2.48392527043332,0.733119029812371,-3.38816095262053,0.000703629609509763,0.00859478566335883,"AC087821.2"
"ENSG00000283403.1",1.93636167030391,0.0156937351022605,0.355690355010761,0.0441219023264934,0.964807234251483,0.982513909703442,"AC005394.2"
"ENSG00000283413.1",21.0691470785917,0.146245452215796,0.231983931908258,0.630411990230562,0.528425068036224,0.699370875831247,"AC008703.1"
"ENSG00000283415.2",1.64106828905903,-1.394626585859,0.375174547837387,-3.71727398326465,0.000201384010824004,0.00361243419847174,"AC087280.2"
"ENSG00000283418.1",3.53873352747615,-0.388204636739723,0.195426411241467,-1.98644919217219,0.0469834690813973,0.149614599342607,"U6"
"ENSG00000283429.1",32.863655727052,0.113284005165863,0.11201505886483,1.01132835454351,0.311859299381517,0.505907111743354,"MIR1244-3"
"ENSG00000283431.1",1.52027552019921,-0.967286168399391,0.838446133757128,-1.15366524986515,0.248637435959363,0.438284860242234,"AC099654.5"
"ENSG00000283438.1",2.28354227007368,0.804114405547464,0.342354482189149,2.34877721011754,0.0188351729182022,0.0819818815486609,"Metazoa_SRP"
"ENSG00000283444.1",1.65647049826115,-0.419840715428298,0.30434262741487,-1.37950020013458,0.167740584571481,0.340378331330427,"GPR141BP"
"ENSG00000283445.1",18.8609113947167,0.0292928373872791,0.187907569631865,0.155889608091188,0.87612003670681,0.933862699546105,"AL136985.3"
"ENSG00000283453.2",41.6937131347526,-0.529381158369374,0.294480280626216,-1.79767948211554,0.0722278147070996,0.198242426631778,"AC244258.1"
"ENSG00000283458.1",0.697141000493143,-1.41063659643426,0.876299203163025,-1.60976592394758,0.10744896695942,0.25610670511025,"AC011139.1"
"ENSG00000283475.1",77.8553630015809,0.0777248050810389,0.0926748124517299,0.838683165628441,0.401647127539884,0.591681504941668,"MIR1244-4"
"ENSG00000283486.2",35.8305163902647,-0.38430023760328,0.185901476150532,-2.06722531504858,0.0387129278709405,0.131584431608701,"FAM95C"
"ENSG00000283491.1",12.691755437661,-0.0332025809332511,0.129630531527693,-0.256132413729692,0.797848594038883,0.888268233057,"AC017104.4"
"ENSG00000283498.1",130.071143594791,0.108630313500872,0.0934556735155052,1.16237259242318,0.245084151215455,0.43404365372712,"MIR1244-2"
"ENSG00000283503.2",2.30348884335674,-0.66457178006541,0.302513888906121,-2.19683063963931,0.0280325439514794,0.105910972058171,"LINC01902"
"ENSG00000283509.1",2.14648454829764,-1.74378145325342,0.711275314615611,-2.45162656065998,0.0142212165927897,0.0678125127504653,"U6"
"ENSG00000283511.1",15.1500013094346,0.226842212965114,0.1562921792758,1.45139836181322,0.146668965654557,0.312697709848502,"AC137936.2"
"ENSG00000283514.1",1.02278225768549,-0.715950310146139,0.753230496774023,-0.950506270275103,0.341855069383095,0.535115935162507,"MIR3975"
"ENSG00000283518.1",0.791792057758317,0.163814205337662,0.496291590150784,0.330076528775939,0.74134213760227,0.852512225056229,"LINC02775"
"ENSG00000283525.1",13.9048803932253,1.04520644322408,0.185153093723852,5.64509305355146,1.65091930764119e-08,3.56525546544028e-06,"AC005622.1"
"ENSG00000283526.1",118.30871456954,-0.567487644880369,0.192477925179054,-2.94832586309552,0.00319500084634858,0.0247151031753948,"PRRT1B"
"ENSG00000283537.2",3.86486740207708,0.280784866332554,0.325966001635883,0.861393105180955,0.389021572169352,0.580137852553688,"AC073264.3"
"ENSG00000283538.3",32.1976204207956,0.0903513895495291,0.173607645917283,0.520434391424085,0.602760844977815,0.756416012508346,"AC005972.3"
"ENSG00000283544.1",12.5034609063287,-0.684865767318303,0.329742128717459,-2.07697381581815,0.0378039759783088,0.129513045096299,"ABBA01000935.2"
"ENSG00000283554.1",13.8027283795734,0.164918699690568,0.234096591737698,0.704489964874658,0.481127697327316,0.661034352390159,"LINC02341"
"ENSG00000283563.1",6.65056147740274,-0.390993271327092,0.26479636868415,-1.47658094130992,0.139788003635578,0.302992318036413,"AC098650.1"
"ENSG00000283571.1",2.90223741218899,-0.546068060610939,0.285990531524621,-1.90939209665383,0.0562115295673714,0.168114485616825,"AC245369.21"
"ENSG00000283583.1",1.88453384557674,0.133809417662171,0.343193680433468,0.389894759988481,0.696614368816395,0.822920987155528,"AC007326.3"
"ENSG00000283597.3",4.64621044243311,-0.259027928374756,0.313557269077886,-0.826094477530401,0.408750500136784,0.598203455143257,"FAM169B"
"ENSG00000283599.2",2.81291692532433,-0.133422667186711,0.379851176407978,-0.35124984592231,0.725400917786995,0.842408692555657,"BX276092.9"
"ENSG00000283602.1",11.0133170795968,0.178588513053153,0.15797632592293,1.13047643062846,0.258275524417941,0.449256375885397,"AC116353.6"
"ENSG00000283611.2",3.73689943432396,-0.857403050557352,0.299636662969577,-2.86147576888616,0.00421673735717512,0.0298253318105866,"TMEM274P"
"ENSG00000283627.1",4.07154866732606,0.143843549583572,0.309303950171892,0.465055649963838,0.641891604911306,0.784602214732542,"AL137785.1"
"ENSG00000283631.1",26.3190854845352,-0.701394992857001,0.350853469283547,-1.99911089461156,0.0455963566134437,0.146741372714488,"AL928596.1"
"ENSG00000283632.4",244.988111570414,0.0664148932157358,0.0986316576730529,0.67336284092365,0.500716482841801,0.677214678322525,"EXOC3L2"
"ENSG00000283633.1",92.8423941185078,0.558292592489372,0.23654452230051,2.36020089182242,0.0182650409656569,0.0804028887484476,"AP000547.3"
"ENSG00000283635.1",5.67305615673705,-0.560047067733905,0.202023447454529,-2.77218845035282,0.00556807911643939,0.0360517421282801,"AC012485.3"
"ENSG00000283644.1",1.30212637174974,-0.993023868624758,0.422267876601169,-2.35164435575256,0.0186906356918429,0.081566041956813,"ETDC"
"ENSG00000283646.2",109.415071156749,-0.203932735320481,0.205066898794491,-0.994469300112906,0.319994444298378,0.513730670301657,"LINC02009"
"ENSG00000283647.1",1.30785267326544,-0.368844771442432,0.468488292481469,-0.787308407407046,0.431101349253876,0.617238946403015,"AL512643.1"
"ENSG00000283653.1",1.30232111887434,-1.76475864100002,0.941371417048488,-1.87466775497935,0.0608384455649541,0.177410385232024,"AC091948.1"
"ENSG00000283654.3",5.22578624550124,-0.117531613972176,0.274858954940549,-0.427607003008499,0.668937266534783,0.804761381615302,"LMLN2"
"ENSG00000283656.1",3.61029140509296,-1.64690892992676,0.357078588763982,-4.61217497141875,3.98477340754284e-06,0.000205046462221521,"MIR4483"
"ENSG00000283662.1",3.16969534175269,-0.28571809643579,0.241749698075041,-1.18187571157628,0.237255020625603,0.424833614892067,"AC138904.3"
"ENSG00000283667.1",10.1596501810701,-0.0260494566414891,0.141936011502615,-0.183529580447659,0.854382511090543,0.922100523266904,"AC009802.1"
"ENSG00000283674.3",51.0574445324425,-0.559529030401238,0.182912270482587,-3.05900215947789,0.00222075549172633,0.0191891026696197,"AC068587.4"
"ENSG00000283689.1",24.0191756366757,-0.0275445673244977,0.128964353660645,-0.213582796661611,0.830872416113837,0.907814839063536,"AC018553.2"
"ENSG00000283696.1",38.9729148415383,-0.017165461303825,0.0917246796000135,-0.187141142151479,0.851549971168186,0.92010645650514,"AL592295.4"
"ENSG00000283703.2",3.91900566756288,-0.686205814818634,0.247254203191855,-2.77530495320307,0.00551499685864603,0.0357915770789283,"VSIG10L2"
"ENSG00000283709.1",36.2584683233173,-0.16448143838017,0.17983975680283,-0.914599982252545,0.360401668039246,0.553479603157726,"FAM238C"
"ENSG00000283740.1",0.730483065425887,1.10807325867784,0.792592910340626,1.3980357939382,0.162102318751693,0.333284289396659,"TAF11L11"
"ENSG00000283755.2",2.65288910596192,-0.201593673980581,0.394921707161577,-0.510464910702164,0.609725791530758,0.761664598266419,"CPHXL"
"ENSG00000283757.1",5.14251314092458,-0.452116516414505,0.255857440026577,-1.76706417592368,0.0772174812056848,0.206805695582082,"AL031686.1"
"ENSG00000283761.1",14.5936004027645,-0.359169127209297,0.181060383063268,-1.98369804113246,0.0472895120786333,0.150222128610699,"AC118553.2"
"ENSG00000283766.1",6.51043074877221,0.264532682914767,0.283983488787432,0.931507264891643,0.351591228379295,0.545153072207147,"AC141930.2"
"ENSG00000283787.2",79.1847259379265,-0.227886049972545,0.142865741607277,-1.59510633836193,0.11068845833997,0.260840235242967,"PRR33"
"ENSG00000283828.1",14.8004908277288,0.0284415611839848,0.125471641960072,0.226677205619383,0.820674753051154,0.902187078790604,"AL137002.2"
"ENSG00000283839.1",15.2367642718749,-0.207461130390421,0.129342456278367,-1.60396776402583,0.10872115838907,0.2581181995883,"AC096667.1"
"ENSG00000283849.1",3.389567687677,-0.0736066267086361,0.157039887036512,-0.468712937188516,0.639274838354762,0.782649746022839,"AC092053.2"
"ENSG00000283897.2",30.4849069026397,-0.0262405553753133,0.120662705787271,-0.217470304549408,0.827841846763049,0.905924818176762,"AC011416.3"
"ENSG00000283906.1",71.6315589588584,-0.134867760372877,0.186417548793148,-0.72347137512536,0.469390334219598,0.650383402579203,"IGHV4-80"
"ENSG00000283907.1",145.376893931,0.567391188235686,0.200129617511288,2.83511853613412,0.00458086853731124,0.0314974919894059,"AD000090.1"
"ENSG00000283913.1",26.9669993047553,-0.622615232988406,0.19035758622535,-3.27076658899918,0.00107256396133062,0.0115525305611712,"AL512662.1"
"ENSG00000283930.1",26.2346175132031,-0.557220462406435,0.159510421913338,-3.49331696150344,0.000477059901890384,0.00654689007157319,"AL117339.4"
"ENSG00000283945.1",5.40670119633571,-0.336735579653481,0.225869922168203,-1.49083851635065,0.136003896776557,0.297805729565116,"LINC00032"
"ENSG00000283959.1",26.3019826751635,0.169812384842488,0.136186962835416,1.24690632133202,0.21243184863683,0.395005365232172,"AP002851.1"
"ENSG00000283973.2",2.94799403407942,-0.31165470983368,0.270845632966758,-1.15067282577132,0.249866860020017,0.43959085661839,"AC099795.1"
"ENSG00000283982.1",4.3292391778117,-0.489561349346511,0.277811822290424,-1.76220488138451,0.0780346876650081,0.208252733027508,"AL445623.2"
"ENSG00000283991.1",1.35343969504462,-0.684733764675226,0.40266820128964,-1.70049127912809,0.0890385554012932,0.22713744077635,"AC017000.1"
"ENSG00000283992.2",0.381758028498366,0.322031970964787,0.538946092205347,0.597521673544462,0.550159141134048,0.715905177253238,"SLURP2"
"ENSG00000283994.1",8.68262451982422,-0.764453773179274,0.219544634591041,-3.48199706452981,0.000497689147971488,0.00674381961880942,"AC092652.2"
"ENSG00000284024.4",797.429056412555,0.0216533235325043,0.0600555967289693,0.360554631239876,0.718432409984694,0.838166949070345,"AC069544.2"
"ENSG00000284052.1",42.3053616269337,-0.0160072697101301,0.126758833312287,-0.126281295684491,0.899509261604637,0.946509066546566,"AC006460.2"
"ENSG00000284059.1",1.37891024727578,0.373666801553108,0.422898557004167,0.883584952855317,0.376920304725964,0.568436659958395,"MIR5572"
"ENSG00000284070.1",16.0391348267179,-0.156383076771248,0.16091828121514,-0.971816723310454,0.331141734678919,0.524760901169272,"AP000356.2"
"ENSG00000284095.1",2.66692791595803,-0.351044508401563,0.238514602062721,-1.47179462123351,0.14107634654325,0.304931169607507,"AC055733.4"
"ENSG00000284128.1",10.2567549830586,-0.377855069316088,0.193269949542473,-1.95506373448423,0.0505755480631761,0.156867125178622,"AP000356.3"
"ENSG00000284138.1",3.78313845641127,0.13237672942329,0.275362755657928,0.480735781086298,0.630704297237166,0.776969657799332,"ATP6V0CP4"
"ENSG00000284154.1",3.47344342128973,-0.0792767076424568,0.181584797944485,-0.436582294001801,0.662414305747063,0.799802693886885,"MIR3605"
"ENSG00000284194.3",23.6368158019078,0.104918255404677,0.171957380628,0.610141042050702,0.541768381189945,0.709730649050005,"SCO2"
"ENSG00000284196.3",4.15325156864853,-0.182825765195263,0.218012174394753,-0.838603466539539,0.401691864745491,0.591681504941668,"AL158064.1"
"ENSG00000284237.1",31.1310705987406,-0.0660541525067169,0.126527135930321,-0.522055225711369,0.601631879732339,0.755540348230122,"LINC02767"
"ENSG00000284292.1",4.07559301283367,-0.488963255136994,0.209852229340908,-2.33003602903196,0.0198042469568736,0.084733481624459,"AC004922.1"
"ENSG00000284294.1",0.976573209422424,-0.638659296683602,0.466982311361407,-1.3676305957322,0.171427734497132,0.34560636820958,"AC007326.5"
"ENSG00000284308.1",26.0024706461065,-0.285093900660519,0.113161290792433,-2.51935886082684,0.0117568764158911,0.0596952396697062,"C2orf81"
"ENSG00000284309.1",1.09456567554705,-0.339907087438797,0.483399225155397,-0.703160182620334,0.481955930092471,0.661762641999778,"AL391650.2"
"ENSG00000284395.2",17.8025369182575,-0.651606388972277,0.299941900706357,-2.17244202106394,0.0298223383738042,0.110209247583424,"PERCC1"
"ENSG00000284418.2",2.56070021985159,0.149785710130192,0.275164541908985,0.54434960657008,0.586200916592353,0.743556203245555,"AL391117.1"
"ENSG00000284428.1",102.530255141269,-0.677190618467187,0.132950150779029,-5.09356788615245,3.51387148208434e-07,3.49215890307564e-05,"AC092329.4"
"ENSG00000284430.1",7.90625212388754,0.0400106984922352,0.162172485410317,0.246716934694582,0.805127299640784,0.892640553696115,"AC020912.1"
"ENSG00000284471.1",2.31140092930899,-0.436324772659882,0.271583107366495,-1.60659761533353,0.108142665976144,0.257318023037719,"CR769775.2"
"ENSG00000284484.1",5.74518295091139,-0.507270972112853,0.21453234276492,-2.36454310606541,0.0180523263985197,0.079874247661851,"AC025287.4"
"ENSG00000284485.1",1.30289836679364,-0.75802967315691,0.540475865240786,-1.40252270620669,0.16075921490544,0.331649308578933,"MIR205"
"ENSG00000284505.1",4.00259421734638,0.198433757291601,0.237968788907767,0.833864634948037,0.40435726777777,0.593967196828824,"LYNX1-SLURP2"
"ENSG00000284512.1",5.43340017600466,-0.477846809166461,0.147265457216398,-3.24479900581366,0.0011753355129783,0.0123126282681363,"AC092718.8"
"ENSG00000284523.2",10.5095523609948,0.00474393826463909,0.154383096378803,0.030728352882618,0.975486179504367,0.987799177998628,"AC004834.1"
"ENSG00000284526.1",22.3883428128647,-0.299988922935972,0.133841478276222,-2.24137484731642,0.0250018043794432,0.0986004588018009,"AC015802.6"
"ENSG00000284543.1",38.5133043351325,-0.348995788915196,0.179932348596842,-1.93959447334931,0.0524289930618421,0.160743941984336,"LINC01226"
"ENSG00000284602.1",26.3297553601467,-0.314495813757794,0.129416213142141,-2.43011139116222,0.0150941830324475,0.0706595382029353,"AL031432.4"
"ENSG00000284606.1",13.6451051516022,-0.545864843740952,0.195799410375819,-2.78787787303963,0.00530545402225808,0.0348820257141198,"AC105233.4"
"ENSG00000284607.1",2.60053935211938,-0.0236212658491869,0.191440813062389,-0.123386781905742,0.901800823601921,0.947820708748654,"AL121936.1"
"ENSG00000284610.1",10.4340488976994,0.139563984944219,0.185346193610212,0.752990834210097,0.451455421932811,0.635036007586169,"AC107918.4"
"ENSG00000284615.1",9.07950385524902,0.260363531558418,0.235782207916628,1.10425436193422,0.269482814028207,0.461279759765608,"AL078582.1"
"ENSG00000284624.1",11.8770390242395,-0.858563181004586,0.198666072813351,-4.32163966824479,1.5487396677361e-05,0.000545631637650139,"AC092902.4"
"ENSG00000284630.1",5.32106249928645,-0.208002160196873,0.185658640596335,-1.12034731876077,0.262565785047584,0.454058978942708,"AP000553.5"
"ENSG00000284633.1",7.20240147854667,0.278846378573642,0.157134472554007,1.77457163944597,0.0759686434866179,0.204579726398653,"AL031590.1"
"ENSG00000284634.1",19.8939787031247,-0.219270424418475,0.15404073999688,-1.42345735565096,0.154603615838943,0.323600175665022,"AC092821.3"
"ENSG00000284636.1",12.6904388173271,-0.174202694630497,0.298962054049947,-0.582691656919754,0.560100890658501,0.724003686624223,"AC073648.6"
"ENSG00000284638.1",3.23370719635124,0.147478628861005,0.34085519219328,0.432672384750936,0.665252794646395,0.802008302873785,"AC005551.1"
"ENSG00000284640.1",4.10862017665555,-0.595365719538464,0.231562494019459,-2.57108009679855,0.0101381876118058,0.054184397831744,"AL590434.1"
"ENSG00000284642.1",32.0746206519025,-0.351845288474768,0.120414211779361,-2.92195815822359,0.00347838266155122,0.026223601569045,"AL139424.2"
"ENSG00000284648.1",8.96643208179522,-0.380204448290529,0.237215279633468,-1.60278228652893,0.108982728910319,0.258431642782389,"AC097493.3"
"ENSG00000284651.1",4.14621734966831,-0.41067347221788,0.221704602219945,-1.85234527432347,0.0639762583435389,0.183196003090791,"AP000553.6"
"ENSG00000284652.1",11.4245104993366,-0.0126882436648069,0.11029975700428,-0.115034194176099,0.908418018906203,0.951426988279987,"BX323043.1"
"ENSG00000284654.1",7.24883432075882,-0.29462010514597,0.19207363772237,-1.53389142122578,0.125056366837796,0.282462796548898,"AP000553.7"
"ENSG00000284657.1",4.26291475710681,-0.0457476234534473,0.161299586461775,-0.283618975454029,0.776702393702664,0.87545986356617,"AL031432.5"
"ENSG00000284664.1",10.2327041024581,-0.427793099156236,0.131942244538879,-3.24227544143514,0.0011857935620723,0.0123873941205125,"AL161756.3"
"ENSG00000284668.2",1.36738048431814,0.547406770774356,0.781284373898801,0.700649838985851,0.483521567205285,0.662709791155801,"LINC02780"
"ENSG00000284669.1",66.4305913805825,-0.520585608990699,0.179876988980214,-2.89412009808526,0.00380222702779056,0.0277360965022417,"AC092053.3"
"ENSG00000284670.1",9.69403083198743,-0.314090325456893,0.232658727027535,-1.350004487129,0.177014543557806,0.352747064025261,"AC092128.1"
"ENSG00000284672.1",6.12690915321618,0.292505760408934,0.192668213525887,1.51818379926813,0.128968070440765,0.288286153429864,"AC109583.4"
"ENSG00000284677.1",1.88629310238461,-0.331280924850248,0.331458152181706,-0.99946531008427,0.317569335653326,0.511333166895883,"AL031985.4"
"ENSG00000284685.1",4.02859181814313,-0.235652224661067,0.235639861971302,-1.0000524643397,0.317285118860365,0.511097999913786,"AC009093.10"
"ENSG00000284686.1",5.38834790116131,0.052779755135638,0.15754877419629,0.335005812675381,0.7376207014522,0.850308479975645,"AC119674.2"
"ENSG00000284690.3",10.034889806279,0.21783577741471,0.175561123637117,1.24079735252193,0.214680619514045,0.397849254966942,"CD300H"
"ENSG00000284691.1",195.386219229129,-0.111498740249229,0.0768302084700069,-1.45123568541085,0.146714243192713,0.312751779908758,"AC073111.3"
"ENSG00000284693.1",43.7949054839297,-0.0588005814381987,0.0871865163884838,-0.674422879521833,0.500042500825783,0.67657949199353,"LINC02606"
"ENSG00000284697.1",2.36887460046282,-0.293262723547577,0.253663824199516,-1.15610779137712,0.247637069499189,0.436981784232341,"AC006511.5"
"ENSG00000284700.1",5.12239664529801,-0.0715789565450271,0.411954149958636,-0.173754667970244,0.862058272085934,0.926360662725357,"AL049637.1"
"ENSG00000284703.1",0.952691348866615,-0.226708760077869,0.378377446487267,-0.599160341565173,0.549065966114325,0.715154071039639,"AL805961.1"
"ENSG00000284707.2",57.4625733441854,0.0250987422767643,0.126719342434829,0.19806559752054,0.842993740778907,0.914692852022567,"AC079781.5"
"ENSG00000284708.1",5.26931030449744,-0.237385870419805,0.208433092378601,-1.13890681998141,0.254742020768123,0.445222637385511,"AL031731.1"
"ENSG00000284713.1",13.4020357830549,-0.929805741861042,0.191974629290394,-4.8433782385617,1.27649958612689e-06,8.94705278335214e-05,"SMIM38"
"ENSG00000284716.1",7.84094264909998,-0.0589243751775445,0.201275819905721,-0.292754366645457,0.769709910859823,0.871254325237383,"AL034417.3"
"ENSG00000284717.1",2.32729202452167,-0.61376168416603,0.371734308690478,-1.65107623863977,0.0987230085139355,0.242406159927314,"AC087269.2"
"ENSG00000284719.1",17.6231289200302,-0.0098948162079745,0.154715692952661,-0.063954832371155,0.949006191683633,0.973189538065157,"AL033527.3"
"ENSG00000284726.1",15.8404841378305,-0.827421974196404,0.163623129898536,-5.05687658407155,4.26178843038915e-07,4.00812774612841e-05,"AL109936.9"
"ENSG00000284727.1",9.75762163116342,0.382591504966487,0.281562890957169,1.35881366918017,0.174205640707745,0.349418489818168,"AC116562.3"
"ENSG00000284730.1",8.85467528829138,0.333105191856757,0.166243031165594,2.00372424348394,0.0450996078070007,0.145840367652147,"TMDD1"
"ENSG00000284731.1",2.70150371581344,-0.0615654806000572,0.191732470165115,-0.321100961913434,0.748133881375417,0.856928850837782,"AC083906.5"
"ENSG00000284734.1",7.6098047792135,-0.103216245555291,0.145916066902226,-0.707367240267331,0.47933828961075,0.659153911172856,"AC099063.4"
"ENSG00000284735.1",14.0359811429709,-0.373869997851761,0.141642567103581,-2.63953136050095,0.00830207416923755,0.0473289307048674,"AL139424.3"
"ENSG00000284738.1",14.9110133105416,-0.260783805813111,0.139915564999038,-1.86386558075154,0.0623405833254726,0.180212298398451,"AL358472.5"
"ENSG00000284740.1",26.6419910849871,0.00492721978140804,0.122982374063436,0.0400644386557909,0.968041752867247,0.983911774276751,"AL645728.2"
"ENSG00000284747.1",91.2664061940344,-0.0865287988121433,0.143024084496063,-0.604994600154391,0.545182584602593,0.712375732410864,"AL034417.4"
"ENSG00000284753.2",228.869872077249,0.2790912753891,0.125646741323492,2.22123767357045,0.0263348677807012,0.101839936405531,"EEF1AKMT4"
"ENSG00000284770.2",74.3479596182996,-0.31511423306094,0.139478325648967,-2.25923441219108,0.0238688073003414,0.0955646600713206,"TBCE"
"ENSG00000284773.1",41.173528868023,-0.190515332223566,0.109559817989703,-1.7389161073768,0.0820495205317977,0.215567762552489,"AC114490.3"
"ENSG00000284791.2",8.18494150151067,0.0518806679642088,0.172092971688192,0.301468836613556,0.763057010065042,0.866602661985176,"SMIM41"
"ENSG00000284797.1",3.41308458704197,0.790156716599452,0.307238194703028,2.57180497158957,0.0101169865905113,0.0541419219074247,"AC008397.1"
"ENSG00000284825.1",4.12396612479449,-0.743883300899376,0.260050516820551,-2.86053383009693,0.00422928427413093,0.029897208470636,"AL121935.1"
"ENSG00000284830.1",4.11050566005378,-0.175645943141826,0.146585885969532,-1.19824594284837,0.230821284420337,0.417308336801861,"AL049557.1"
"ENSG00000284848.2",1.77793282166715,1.70864393408813,0.575951931459125,2.96664329219181,0.00301070031891185,0.0236962755833409,"LINC02359"
"ENSG00000284858.1",3.04244406701726,-1.84185841336752,0.429389672848212,-4.28947999878567,1.79091940140263e-05,0.000613463774302198,"AC091185.2"
"ENSG00000284862.3",15.9684694432869,-0.480370144512941,0.169869607243092,-2.82787575899618,0.00468579879652609,0.031961544628712,"CCDC39"
"ENSG00000284874.1",12.1846137183119,-0.217096430606044,0.194413066675508,-1.1166761284024,0.264132828211012,0.455754042478841,"AC000093.1"
"ENSG00000284882.1",29.891894735581,-0.0776476786454568,0.109459621894951,-0.709372801597794,0.47809316139709,0.65816885636757,"AL359762.1"
"ENSG00000284883.1",6.99069514258307,0.0994374626721743,0.234508833431058,0.4240243798808,0.671548033298327,0.806356572027309,"AC021066.2"
"ENSG00000284902.1",1.45051427723723,-1.90867000820387,0.51023705563559,-3.74075145488265,0.000183470886077374,0.00338222381515726,"AC074008.1"
"ENSG00000284914.1",4.30483400610205,-0.640473073867496,0.22696169394939,-2.82194348624449,0.00477335880560846,0.0323685985631949,"AL121935.2"
"ENSG00000284928.1",13.6495757627402,-1.32691322533841,0.320927669311629,-4.13461771054069,3.55545983648208e-05,0.00102221005471501,"AL445205.1"
"ENSG00000284946.1",50.6044316029783,-0.0417399154954677,0.131347835754692,-0.31778152457283,0.750650666075014,0.858575395961091,"AC068831.6"
"ENSG00000284948.1",20.1985284206826,0.256891581730358,0.179564940553643,1.43063329031991,0.152535341276775,0.320745223086445,"AC107959.4"
"ENSG00000284959.2",29.5709801513815,-0.28428744186265,0.170947055246338,-1.66301455999336,0.096309521018859,0.238858882600431,"AC007262.2"
"ENSG00000284966.3",22.6710841541952,-0.388672554581935,0.18524301522989,-2.09817657145985,0.0358895504227249,0.125051889296052,"AL138689.2"
"ENSG00000284968.1",82.047495360614,0.00184317854818482,0.0734285801359757,0.0251016504033117,0.979973883766727,0.990115031325735,"AC093827.4"
"ENSG00000284969.1",2.82848433154098,-0.224822810213817,0.294750698315701,-0.762755818725881,0.445609034454406,0.630274721654003,"AL049629.2"
"ENSG00000284976.1",781.165248871254,0.209823041248069,0.0921386051162266,2.27725437110092,0.0227710400020736,0.0925660848338262,"BX255925.3"
"ENSG00000284977.2",24.4198178232805,-0.750188785800323,0.171308647802208,-4.37916471482799,1.19135062335883e-05,0.000454380665088422,"AL160272.1"
"ENSG00000284994.1",4.44659841199206,-0.468521135225148,0.24904017957631,-1.88130741000203,0.0599301136149141,0.175592121145942,"AL590282.2"
"ENSG00000284999.1",4.40896727863473,-0.27539748284253,0.208996446589696,-1.31771370918661,0.187599503563095,0.365772748880778,"AL591518.1"
"ENSG00000285018.1",9.27949807912021,-0.0530850137269887,0.13671108986499,-0.388300713419908,0.697793509369184,0.823481660708879,"AC245140.3"
"ENSG00000285043.2",40.895553124083,-0.0412716385052526,0.0930408319210908,-0.443586301337628,0.657341711530706,0.795865449012227,"AC093512.2"
"ENSG00000285051.2",4.48705515028674,-0.798870518718033,0.267909522673705,-2.98186682856735,0.00286496591919811,0.0228846713886427,"SLC7A14-AS1"
"ENSG00000285053.1",46.9903127373011,-0.0117747173314919,0.0905129271251952,-0.130088791794407,0.896496177617696,0.945095579433123,"AL357556.3"
"ENSG00000285077.2",25.2375770655636,-0.202706492182406,0.160428792849922,-1.26352937388262,0.20639899709507,0.38792152028261,"ARHGAP11B"
"ENSG00000285081.1",8.16384539521895,-1.04453787184463,0.275706093304525,-3.78859189989286,0.00015150354963506,0.00293768647524756,"AC004593.1"
"ENSG00000285090.1",12.69479741453,-0.500224245087101,0.209863844086999,-2.38356562686297,0.0171458270246578,0.0769735732378547,"AC002074.1"
"ENSG00000285091.1",5.38386765459979,0.0988056102894883,0.153696019502751,0.642863820475974,0.520312467181657,0.693487683527953,"AL109840.2"
"ENSG00000285095.2",1.8709612294265,-0.322617798558166,0.260613711245305,-1.23791567610385,0.215747329105629,0.399115176302368,"AC025887.2"
"ENSG00000285103.2",87.7215874730823,-0.310871089124653,0.150376708356928,-2.06728217768128,0.0387075726175113,0.131579662564305,"AL451123.1"
"ENSG00000285106.2",80.8950142586828,-0.331491054604476,0.176346713472045,-1.87976882629585,0.0601395907706474,0.176019990815575,"AC016831.6"
"ENSG00000285108.1",132.4988535018,0.661538828844374,0.26016267736671,2.54278913309271,0.0109971573853498,0.0572612387911247,"AC103718.1"
"ENSG00000285128.1",35.7232506344329,0.148653396627109,0.170851841749324,0.870071958868407,0.384261080718259,0.575776599370097,"AC092306.1"
"ENSG00000285130.2",19.8889343991999,-0.0266442528352814,0.109639454502242,-0.243017013868274,0.807992217314978,0.89417912814345,"AL358113.1"
"ENSG00000285155.1",6.34434999453081,0.381490147897697,0.219120896561964,1.74100304390557,0.0816830449671979,0.214978151469796,"AC092153.1"
"ENSG00000285159.1",12.0269910336785,-0.239594781991378,0.161099276472914,-1.4872492740938,0.13694898646225,0.299019058649508,"AL627422.2"
"ENSG00000285165.1",6.37753809977763,-0.363011243183527,0.213512589036844,-1.70018660174125,0.0890958316406732,0.227230911143473,"AC124014.1"
"ENSG00000285184.3",126.516079253957,-0.137576197290857,0.113165385652676,-1.21570917199984,0.224095728959336,0.408879218734213,"AC244033.2"
"ENSG00000285188.1",10.5474280159358,-0.40729204721178,0.207225805972742,-1.9654504191691,0.0493621288281212,0.154369092154296,"AC008397.2"
"ENSG00000285205.2",1.22790216459752,-0.0612622345486841,0.46219006721866,-0.132547709035255,0.894551089529938,0.944360256959135,"AL121612.2"
"ENSG00000285210.1",23.3510971401332,-0.043502001832444,0.175583418113845,-0.247756891281374,0.804322510901528,0.892311598264562,"LINC02795"
"ENSG00000285215.2",2.78416635774531,-0.213691089439206,0.195607745042324,-1.09244697541485,0.274636684922481,0.467266923095061,"AC241377.4"
"ENSG00000285219.2",181.15743168617,-0.3719398886872,0.134153791493124,-2.77248883201532,0.00556294282260127,0.0360325010491954,"HULC"
"ENSG00000285230.2",261.902691035503,-0.125078279872945,0.093603322216645,-1.33625898003333,0.181464639090145,0.358312213346077,"RALY-AS1"
"ENSG00000285253.1",1.85418468377927,-1.85467505086587,0.420994679712907,-4.40545959424152,1.05559828050408e-05,0.000415905722518606,"AC090517.4"
"ENSG00000285257.1",17.3462160264209,-0.0972874807612591,0.0951591897244795,-1.02236558595068,0.306607902203112,0.500141934740236,"AL157893.1"
"ENSG00000285269.2",3.9850731931364,-0.453947262104398,0.203170716069678,-2.23431442722639,0.0254623917158667,0.0996613458025335,"AL160269.1"
"ENSG00000285278.1",28.5881259366873,0.104109887548797,0.159322132343432,0.653455273397796,0.513462814925423,0.687892546993052,"TFAP2A-AS2"
"ENSG00000285280.2",28.5485706484091,-0.372057714831016,0.175236169550555,-2.12317876945878,0.0337388743224855,0.119789734757226,"AL390957.1"
"ENSG00000285294.1",6.17184241027187,0.225469923049714,0.278801925482407,0.808710064177594,0.418681937853358,0.607054165880665,"LINC00842"
"ENSG00000285303.1",1.67328626614981,-0.467807231945314,0.321782416656433,-1.45379985894255,0.146001802615707,0.311832051224322,"AC004381.4"
"ENSG00000285331.2",69.8421995793778,-0.0668699378585162,0.0752518930084886,-0.888614693732329,0.374210191432386,0.566118957757006,"AC090517.5"
"ENSG00000285336.1",7.45378286718726,-0.460458357654166,0.228634701389084,-2.01394781656776,0.0440150125206817,0.143398748590964,"AC108734.4"
"ENSG00000285366.1",2.44814348242709,-1.52457873376997,0.40863196078353,-3.73093365199988,0.000190771464113207,0.00346656116049987,"AC008533.1"
"ENSG00000285373.2",104.771850243283,-0.300711143443724,0.16248741307061,-1.85067346301494,0.0642165439859884,0.183610563288004,"LINC02478"
"ENSG00000285402.1",2.67713263314193,0.0394979198978436,0.267388461349017,0.147717368575182,0.882565823874377,0.937427463892024,"AC244230.2"
"ENSG00000285407.1",16.212750460877,0.305244163439947,0.468387415161343,0.651691641490412,0.514600115776788,0.688802382284268,"AL033530.1"
"ENSG00000285410.1",488.894551148502,-0.11133795825658,0.0881674787420311,-1.2628007497225,0.206660795226884,0.388252698988889,"GABPB1-IT1"
"ENSG00000285416.1",15.2441601651949,-0.284693455995195,0.139311960195657,-2.04356794345121,0.0409962488469659,0.136790076208543,"AC137630.5"
"ENSG00000285417.1",80.9177106568573,-0.0222146641161941,0.193051787224155,-0.115071009886069,0.908388837995509,0.951426356163981,"BX571818.1"
"ENSG00000285420.1",18.2019422634238,-0.372907131710455,0.167247391088829,-2.22967383396968,0.0257691042122028,0.100341662492031,"PDGFRL2P"
"ENSG00000285427.1",7.86565004527146,-0.0616058860717596,0.141237120646518,-0.436187638134765,0.662700596205749,0.80003230652977,"SOD2-OT1"
"ENSG00000285437.1",18.4234702798503,-0.427091078556869,0.176501891290956,-2.41975355296804,0.015531028950008,0.0719901417425676,"POLR2J3"
"ENSG00000285476.1",13.3132438889757,-0.700036809800126,0.279343220471578,-2.50600966301723,0.0122102282832231,0.0612129393515052,"AC139491.7"
"ENSG00000285492.1",26.0786874025606,-0.243868535641826,0.165382920078806,-1.47456905178371,0.140328440425574,0.303787942459759,"AL356417.3"
"ENSG00000285509.1",6.91085770818312,-0.365214657081286,0.12178796740517,-2.99877454942879,0.00271067807366735,0.0220436260641443,"TBCEL-TECTA"
"ENSG00000285517.1",72.0544747403904,0.830580991020026,0.211527591337763,3.92658463970203,8.61605816501191e-05,0.00197694296683488,"AC010198.2"
"ENSG00000285518.1",5.48426958440498,-0.0354168897154587,0.162105291638635,-0.218480774794261,0.827054536009134,0.905373579303327,"AC004900.1"
"ENSG00000285520.1",12.2179935714313,-0.332435625645298,0.357260652862722,-0.930512842602448,0.352105617866875,0.545544133267027,"AL353586.1"
"ENSG00000285524.1",1.07597783304728,-0.0910406300051469,0.483857050156926,-0.188156047278055,0.850754326233678,0.919466443216941,"AC073236.1"
"ENSG00000285530.1",3.84743126243994,-0.792711524031753,0.248651241539704,-3.18804571062306,0.00143237890930396,0.014108932256644,"AL445928.2"
"ENSG00000285531.1",16.8997709097549,0.00485901324613784,0.0901410744904496,0.0539045410053621,0.957011218729108,0.978174821651768,"Z83840.1"
"ENSG00000285532.2",2.99557665270455,-0.203286920105746,0.319274909775675,-0.636714360826467,0.524310917607369,0.696396847518636,"LINC02788"
"ENSG00000285533.2",133.199439732892,-0.0989106702455853,0.0866554376655481,-1.14142485353703,0.253693166997589,0.444093096842669,"RELA-DT"
"ENSG00000285534.1",9.26444576074557,-1.46477046790864,0.333432000706921,-4.39301106313468,1.11791436110284e-05,0.000432636578158852,"AL163541.1"
"ENSG00000285535.2",9.31631220356037,-0.166961432480822,0.16702973057543,-0.999591102168622,0.317508430928823,0.511284555787827,"AC021683.5"
"ENSG00000285551.2",4.04464472042488,-0.0721344723245052,0.311484527114873,-0.231582842950984,0.816862034622981,0.899867239716197,"AC067752.1"
"ENSG00000285553.1",2.18400790931346,-1.14304683946618,0.53454082648548,-2.13837144485581,0.0324866081530445,0.116599465851586,"AL137182.1"
"ENSG00000285555.1",1.18077459621397,-1.48021873902405,0.697146675353569,-2.12325295573321,0.03373266056986,0.119780446709935,"AC005293.1"
"ENSG00000285560.1",5.00606852617481,-0.103677599609994,0.186346211081335,-0.556370848692714,0.577957362922239,0.737323618951225,"AC103739.3"
"ENSG00000285569.2",8.67751620007363,-0.0115525310019495,0.173227349619488,-0.066689994549509,0.946828499772361,0.972194651280766,"AC099344.3"
"ENSG00000285570.1",7.31775204008314,-0.0435420027076826,0.267795296247087,-0.1625943521708,0.870837834131829,0.930897544124289,"AL590666.4"
"ENSG00000285571.1",16.6474276999672,-0.356673485682916,0.309268071926546,-1.15328259868878,0.2487944101514,0.438491916208077,"AL513548.4"
"ENSG00000285572.2",3.70354042238742,-0.344641718963478,0.202929799910761,-1.69832976287876,0.0894455403391939,0.227741842402038,"AL136441.1"
"ENSG00000285577.1",2.04746958223266,-0.952758969129908,0.455386844930704,-2.09219695240623,0.0364209010165429,0.126321214901466,"AC019127.1"
"ENSG00000285579.1",3.58904596410398,-0.763905194146898,0.27671044736777,-2.7606662538896,0.00576835901559583,0.0369248176708771,"AC015687.1"
"ENSG00000285581.1",3.22910645987761,-0.760881095576012,0.335481142495087,-2.26802940373066,0.023327414582311,0.0940127846131076,"AC091196.1"
"ENSG00000285588.1",0.983874461850189,0.758475964248403,0.612810760052943,1.23770014120326,0.215827266782119,0.399240870817707,"AL160254.1"
"ENSG00000285589.1",36.4791080915981,-0.425967645355447,0.125542532614662,-3.39301459420853,0.000691279551372981,0.00848001846126037,"AC010422.8"
"ENSG00000285591.1",4.95463355863684,-0.56545135906098,0.218131665990885,-2.59224792738075,0.00953510284959257,0.0519480850303571,"AC092617.1"
"ENSG00000285595.1",1.21984761453413,-0.20608599363623,0.669431168358959,-0.307852402721893,0.758194645027404,0.86349585457864,"AC105114.2"
"ENSG00000285596.1",16.5954864812283,-0.174713172343758,0.167698331985059,-1.0418301140844,0.297490449740407,0.490236563935341,"AC017116.2"
"ENSG00000285600.1",6.20566025031787,-0.529235288560496,0.200004672247237,-2.64611462629372,0.00814222207299078,0.0466814188868748,"AC023593.1"
"ENSG00000285601.1",35.064635518325,-0.734916921105078,0.276505589432323,-2.65787365316518,0.00786353670936899,0.0455464035603726,"AC084262.2"
"ENSG00000285603.1",2.00501319751172,-2.98328620389835,0.684956482149151,-4.35543904123347,1.32800471488457e-05,0.000491804905146295,"AL035693.1"
"ENSG00000285606.1",1.77822538809542,-0.436706118942276,0.555386617486235,-0.786310121981107,0.431685823930657,0.617786794841337,"AC079200.1"
"ENSG00000285608.1",2.82067362109576,-0.259280596781622,0.254862954861963,-1.01733340148258,0.30899485213658,0.502803793361836,"AL161665.1"
"ENSG00000285612.1",1.66577445615106,-1.50728009529487,0.599296763848058,-2.51508131900578,0.0119004931249121,0.0601401210697782,"AC004974.1"
"ENSG00000285618.1",2.99693795288351,-0.745027734292562,0.258852301730816,-2.87819628920018,0.00399956191310172,0.0287845686928006,"AC074132.1"
"ENSG00000285619.1",2.19836509936215,-1.09006739021526,0.404114954499784,-2.69741908354902,0.00698792652738663,0.0421312998689393,"AL449214.1"
"ENSG00000285621.1",2.74539085284197,-1.72342984256484,0.37775956433401,-4.56224012647633,5.06107167121258e-06,0.000243318644734118,"AL138999.2"
"ENSG00000285624.2",12.0755996128262,-0.782954291334991,0.212134501960231,-3.69083899177218,0.000223515591793389,0.00390220482306099,"AC025062.3"
"ENSG00000285627.1",4.07332417466646,-0.791514285828617,0.24377465026147,-3.24690973807018,0.00116665383068216,0.0122528094589594,"AC005343.4"
"ENSG00000285632.1",21.9295138456989,-0.134221376872964,0.112775843846804,-1.19016069660531,0.233983237731067,0.420944771089399,"AC084024.4"
"ENSG00000285634.2",1.74525675320238,-0.738874603691907,0.31469896871021,-2.34787742305028,0.0188807336568071,0.0821131242141585,"AL583827.1"
"ENSG00000285636.2",2.39218811663542,-0.658698981160835,0.312497508026263,-2.10785354840486,0.0350436592928759,0.122785576598371,"AL450163.1"
"ENSG00000285637.2",6.17332302395511,0.162500829478117,0.1913303717138,0.849320617644501,0.395702911351567,0.586272841779526,"AL161449.2"
"ENSG00000285639.1",2.32447073663498,-1.00998394159263,0.36518751215494,-2.7656584849597,0.00568079933764939,0.0365820525650494,"AL133259.1"
"ENSG00000285644.1",6.58610951085799,-0.11556207902317,0.220454665967527,-0.524198834785344,0.600140251263743,0.754312792206991,"AC108448.3"
"ENSG00000285646.2",18.9618946649691,-0.312228321559666,0.105818312884663,-2.95060763159188,0.00317149523088833,0.0245899671268327,"AL021155.4"
"ENSG00000285649.1",3.17242391177763,0.12069460150547,0.167215795426432,0.721789476871342,0.470423920203408,0.65135187508077,"AL357079.2"
"ENSG00000285650.1",7.10683834236806,-0.450815392935269,0.19119885176734,-2.35783525250373,0.0183818488030165,0.0807264070965344,"AL157827.2"
"ENSG00000285651.1",6.99218031513304,-0.165102207066873,0.198760191215553,-0.830660335236959,0.40616553972046,0.595782231744869,"AL450992.2"
"ENSG00000285653.1",8.77619792578649,-0.603686877513118,0.200156662000015,-3.0160718683102,0.00256072557865764,0.0212575018025687,"AC006238.2"
"ENSG00000285658.1",5.16611009723264,-1.86581668945514,0.324969490884705,-5.74151340907602,9.38341269264752e-09,2.18462908235184e-06,"AC127035.1"
"ENSG00000285664.2",14.8380070539928,-0.373580346653279,0.142662536063449,-2.6186296484112,0.00882837368141314,0.0494207291884685,"AL139317.5"
"ENSG00000285665.1",18.831911351335,-0.251161555313342,0.115622353759598,-2.1722577611208,0.0298362260816742,0.110243312931076,"TOP1P1"
"ENSG00000285666.1",1.22435533073384,-0.938055393900646,0.508251059927771,-1.8456535910303,0.0649425197880234,0.184971452759232,"AC006972.1"
"ENSG00000285667.1",16.701192929843,-0.356944255725431,0.14680019932926,-2.4314970780444,0.0150365696044151,0.0704832554740672,"AC012291.3"
"ENSG00000285668.1",12.4171437141508,-0.141180523862718,0.182352518380913,-0.774217571088372,0.438802139128708,0.624237901893435,"AC126544.2"
"ENSG00000285669.1",36.3194691899068,-0.258930372333273,0.104751195823105,-2.47186077732737,0.013441185044001,0.0653660834803404,"AC026979.4"
"ENSG00000285672.1",4.21444347325501,-0.300918200821321,0.167996247987646,-1.79121977083352,0.0732580347361748,0.199998339522056,"AL160396.2"
"ENSG00000285673.1",0.390628199993682,-0.152706234796312,1.33717007608668,-0.11420105604159,0.909078414787258,0.951866405467411,"AC007092.1"
"ENSG00000285675.1",1.49489679246208,-3.09753468944659,0.892071681576011,-3.47229348652142,0.000516031862883378,0.00689171948274189,"AC023385.1"
"ENSG00000285676.1",15.1122652740528,-0.224576084818436,0.112872775049899,-1.98963908452818,0.0466307074364598,0.148888369039614,"AL158212.5"
"ENSG00000285677.2",7.87223102004145,0.0464031219473924,0.0953048431547557,0.486891540989613,0.626335193813291,0.774009042263684,"AL355388.2"
"ENSG00000285679.2",25.8731635052496,-0.127251780028579,0.127198555789759,-1.00041843430131,0.3171080525268,0.510985837702664,"AC079142.1"
"ENSG00000285683.2",3.45003624048574,-0.668643106679241,0.40736780968483,-1.64137443063199,0.10071971424573,0.245403996709268,"AC023781.1"
"ENSG00000285684.1",8.0080188618004,-0.884072014999354,0.243726357073784,-3.62731395001205,0.000286384994092932,0.00463295219063944,"AL137781.1"
"ENSG00000285692.1",4.82475646789873,-1.21016270311676,0.225166512729451,-5.3745234513217,7.67854896809024e-08,1.14125861961888e-05,"AC023509.6"
"ENSG00000285693.1",37.0587839237075,-0.144742785976512,0.102117630508713,-1.41741230437345,0.156362417337431,0.325951659909529,"AP002381.2"
"ENSG00000285694.1",7.57110814939898,0.405453843806709,0.280547543035638,1.44522329235015,0.148395175901385,0.315003863254579,"AL162718.2"
"ENSG00000285696.1",5.87712953550711,-0.342823701774017,0.183434916403993,-1.86891191979497,0.0616350696774332,0.178922984044839,"AP002433.2"
"ENSG00000285697.1",8.06277382260573,-0.00552934721575325,0.137276241208118,-0.040278981760365,0.967870710303865,0.983807255735343,"AC002059.3"
"ENSG00000285699.1",11.6203723886439,0.0700950680866216,0.33113050486119,0.211684115651035,0.832353481154054,0.908634810415828,"AL360267.2"
"ENSG00000285701.1",8.03783595282263,-0.818526771670184,0.210724702483684,-3.88434180721437,0.000102607473615361,0.0022379538201238,"AL357140.4"
"ENSG00000285704.1",7.64100994578773,0.0522305663100463,0.209832009373438,0.248916104201679,0.803425677941882,0.891912340637515,"AC004765.1"
"ENSG00000285706.1",4.2746662328131,-0.0326767285824747,0.169533889706045,-0.192744522284794,0.847159053429019,0.917158765797748,"AL807776.1"
"ENSG00000285710.1",2.90289510507654,-0.440176800287342,0.278535068433579,-1.58032811725576,0.114031743949582,0.26606341378607,"AC012184.4"
"ENSG00000285711.1",5.95091117627712,-0.882496496482719,0.718168932141332,-1.22881463815403,0.219141311936404,0.40333195302663,"LINC02835"
"ENSG00000285712.1",7.69072188099917,-0.280585058663442,0.201013156340842,-1.39585420064584,0.162758404785991,0.33415858229773,"AC068707.1"
"ENSG00000285715.1",13.9343591076992,-0.287947775916418,0.204962631712615,-1.4048793846488,0.160057147775388,0.33086277289813,"AC063960.1"
"ENSG00000285722.1",12.1611275427872,-1.83679138019414,0.440237142339088,-4.17227717414941,3.01570467088626e-05,0.000896950030070066,"AC207130.1"
"ENSG00000285725.1",41.4324759087044,-0.391094945202697,0.146869561973694,-2.66287268748543,0.00774767210451882,0.0450792113554256,"AC004967.2"
"ENSG00000285728.2",81.2000548336913,-0.44074673011906,0.112746701488801,-3.90917627122633,9.26113711054334e-05,0.00209179808562632,"AC098484.4"
"ENSG00000285730.1",6.16033972714516,-0.814578470117857,0.222802832324782,-3.65605078543363,0.000256130633809981,0.00429806310052202,"Z94721.3"
"ENSG00000285731.1",2.49173197257312,-1.73322074385842,0.404631344757906,-4.28345645069938,1.84012128590989e-05,0.000627053817520962,"AC090644.1"
"ENSG00000285732.1",1.72287361407979,-1.17314953563007,0.415744398647907,-2.82180479026395,0.00477542354945663,0.0323738904972632,"AC121334.3"
"ENSG00000285734.1",5.11257224505318,-1.45015560198292,0.410916777858551,-3.52907372032909,0.00041701694456889,0.00597407277776766,"AC005414.1"
"ENSG00000285736.1",4.51060333223308,-0.102899864546513,0.162047645622645,-0.634997590684734,0.525429986355076,0.697243434800891,"AC131025.3"
"ENSG00000285737.1",5.58732212647127,0.0136995271287507,0.21151100917009,0.0647698064630482,0.948357281906105,0.972784268000738,"LINC02680"
"ENSG00000285744.1",120.740128841892,0.170543308289385,0.14187797179293,1.20204219255609,0.229347181403635,0.415568504978296,"AC083837.1"
"ENSG00000285748.2",17.6101465053016,-0.524995190286805,0.182684834405836,-2.87377543951198,0.00405597236261113,0.0290836717356046,"AC090337.2"
"ENSG00000285751.1",2.94834748637358,0.655730943684439,0.392715046799041,1.66973725358679,0.0949713596372625,0.23682731453849,"AC021723.2"
"ENSG00000285752.1",23.1484357682139,-0.192548219814348,0.120981064898916,-1.59155666198863,0.111484354349746,0.262122076932634,"CDC42-AS1"
"ENSG00000285755.2",4.27393354506857,-0.458535532797711,0.228448689890171,-2.00717077002348,0.0447314828290433,0.145037520240294,"AC132153.1"
"ENSG00000285756.2",267.232914076189,-0.116097074817504,0.100407361134035,-1.15626059191542,0.247574582338617,0.436975756740395,"BX890604.1"
"ENSG00000285758.2",10.3852646856126,-0.547597261313408,0.19687071973494,-2.78150687949267,0.00541071838904335,0.0353144574252931,"AC036214.4"
"ENSG00000285761.1",20.1424975490965,0.242393192402334,0.145836022937769,1.66209409389728,0.0964939096088015,0.239172999747307,"AL645939.5"
"ENSG00000285763.1",39.0372570453211,-0.184279966798753,0.167352536168793,-1.10114833642489,0.270832102693565,0.462899183478458,"AL358777.3"
"ENSG00000285770.1",3.68051955643691,-0.0364166442187395,0.178402909085842,-0.204125843044504,0.83825515965772,0.911967486781402,"AC018653.4"
"ENSG00000285771.1",2.69375153947056,-0.230982263027795,0.231744286501752,-0.996711791753487,0.318904424385078,0.512664654806973,"AL139095.5"
"ENSG00000285774.3",6.09407761533843,-0.597218846469722,0.255648896048728,-2.33609006610335,0.0194865479377792,0.083852351104108,"AL133444.1"
"ENSG00000285777.1",3.16361848301705,-0.0769997590453829,0.243200784665264,-0.31660982982174,0.751539676117661,0.858989006196374,"AL139142.2"
"ENSG00000285781.1",3.49240967062384,-0.772209171456386,0.346664931352434,-2.22753760654067,0.0259113653464155,0.10068476732939,"AL117340.1"
"ENSG00000285791.1",6.40857714125097,-0.668544812809108,0.198581065323182,-3.36660905570771,0.000760984861851574,0.00908406920244692,"AC009879.3"
"ENSG00000285796.1",179.388444770213,-0.0605512576241739,0.116212195201107,-0.521040477029018,0.602338574463919,0.756000081415489,"AL162458.1"
"ENSG00000285799.1",58.4345540954787,-0.262806960369241,0.125271991895413,-2.09789080857479,0.0359147921475028,0.125100562352669,"AL645929.2"
"ENSG00000285801.1",5.40979311421297,-0.346448296630551,0.281237892132381,-1.23186919800791,0.217997949144591,0.401894109356602,"AL133268.4"
"ENSG00000285803.1",12.8413881331997,-0.448355163071172,0.155824158389035,-2.8773148381254,0.00401075212925801,0.028858865493708,"AL442003.1"
"ENSG00000285804.2",14.3851184952761,0.0605444970385298,0.19467803129295,0.310998095863333,0.755802069187943,0.861714266274243,"AC025774.1"
"ENSG00000285805.1",6.65188986011365,0.0425123395773549,0.158655671138348,0.267953482357929,0.788735125415265,0.882910340205379,"AC012378.2"
"ENSG00000285807.1",2.83635528292165,-1.36787006175127,0.434348269242239,-3.14924717931452,0.00163691676866287,0.015537761826242,"AL353768.2"
"ENSG00000285812.1",9.49589725442118,-0.031725858810699,0.175294697043959,-0.180985844670151,0.856378686848001,0.92304816946044,"AL390719.3"
"ENSG00000285813.1",50.6197750132476,-0.290407136295107,0.0948349275443693,-3.06223818391424,0.00219688566431107,0.0190421542363729,"AP000813.1"
"ENSG00000285816.1",7.81290128415545,0.14302928106285,0.17068064450888,0.837993560865704,0.402034319914545,0.59188682289356,"AP000944.5"
"ENSG00000285820.1",13.2979880249155,0.287852091648993,0.331126017418524,0.869312819008013,0.38467605321517,0.576166089602872,"AL157829.1"
"ENSG00000285822.1",0.824890674962353,-1.14424875640518,0.842123996230765,-1.35876517178787,0.174221012963838,0.349418489818168,"AC129926.2"
"ENSG00000285825.2",18.295537451998,-0.156475077947907,0.142097589618306,-1.1011803815126,0.270818158390022,0.462899114245765,"CCDC15-DT"
"ENSG00000285830.1",7.04314964875815,-0.473846928106882,0.1567839641491,-3.02229204803277,0.00250868384528005,0.0209537409084066,"AL109628.2"
"ENSG00000285835.1",1.59356642346961,-0.260291368405503,0.300210905106654,-0.86702835898993,0.385926471581627,0.577227526938611,"AP000676.5"
"ENSG00000285836.1",6.01950360906127,-0.401099905367058,0.21229594187041,-1.88934325278765,0.0588458494143622,0.173298516415306,"AC092896.1"
"ENSG00000285844.2",7.40155914302769,-0.124416930404892,0.251258492864833,-0.495175024677967,0.620476578678764,0.769367848564323,"FO393414.3"
"ENSG00000285847.2",37.8043917027931,-0.34246588925084,0.207779156448658,-1.64822061608216,0.0993074077790084,0.243359806487715,"AL713852.1"
"ENSG00000285848.1",4.91836110902044,-0.350289503230834,0.206423867990215,-1.69694283244144,0.0897074691007543,0.228178682005609,"AC025280.3"
"ENSG00000285849.1",5.72626422494138,-0.798842576143785,0.223987592128053,-3.56645905496001,0.000361837313632571,0.00545838227583561,"AL021918.4"
"ENSG00000285850.1",2.69369028254445,-0.714943791855893,0.418978425709052,-1.70639762810214,0.0879340719310562,0.22528580660259,"AC009152.3"
"ENSG00000285851.1",19.7404997825976,-0.266246689518333,0.16567578815283,-1.60703439221144,0.108046823850543,0.257181876489321,"AL359762.3"
"ENSG00000285852.1",5.96603258802973,-0.23333697721577,0.16967469933466,-1.37520194896909,0.169068844260528,0.342156041089646,"AL353147.1"
"ENSG00000285857.1",6.51981822585694,-0.446553521071256,0.21749725328958,-2.05314556536816,0.0400584619155471,0.13476163295584,"AC016727.3"
"ENSG00000285859.1",3.41832576654884,0.382774943283373,0.193442737956919,1.97875064903506,0.0478440873509356,0.151284376500589,"AL512598.2"
"ENSG00000285863.1",34.3180155033517,-0.206608754436879,0.140202965089617,-1.47364040628396,0.140578436042655,0.304151148373284,"AC009554.2"
"ENSG00000285865.1",13.2999433919271,-0.317224054577295,0.189639312455306,-1.67277581040618,0.0943714385708959,0.235829361382282,"AC010285.3"
"ENSG00000285867.1",82.5955243332592,0.149206377348509,0.117844640345017,1.26612781804648,0.205467324673509,0.386781841024264,"BX470102.2"
"ENSG00000285868.1",6.10384273803263,-0.205400511756284,0.227994367792202,-0.900901692200965,0.367640591422864,0.560238218329937,"AC008676.3"
"ENSG00000285869.1",5.74814674652863,-0.690583791005899,0.263946975061121,-2.61637319710136,0.00888693659843453,0.0495954233932809,"LINC02858"
"ENSG00000285872.1",31.8278315197641,0.423112248577276,0.14068113345194,3.00759766569426,0.00263321497593764,0.0216089786033748,"AC007240.3"
"ENSG00000285873.1",20.7718506501163,-0.07008888024533,0.185893423227129,-0.377037977076218,0.706145382408367,0.829330136451729,"AL445253.1"
"ENSG00000285875.1",5.89921387005378,0.0630716928370752,0.202023820254793,0.312199287972721,0.75488907319854,0.861055148577783,"AL035446.2"
"ENSG00000285876.1",2.24138223001577,0.542918956197098,0.516456660208409,1.05123817355363,0.293149214810286,0.485693381114613,"AC093912.1"
"ENSG00000285877.1",14.2515643962907,0.133973322996612,0.127747603825049,1.04873452796884,0.294300318151232,0.486912512657603,"AC007448.5"
"ENSG00000285878.1",1.41618051293384,-0.801901204900556,0.52786242747335,-1.51914810216539,0.128725221157589,0.28803338853415,"AP002961.1"
"ENSG00000285879.1",6.24972924380049,-1.16406883140967,0.306011525817837,-3.80400322601776,0.000142376324169402,0.00283063677786416,"AC018628.2"
"ENSG00000285881.1",7.7114526725551,0.363296319948751,0.204598509973859,1.77565476891874,0.075789836828716,0.204230759816952,"AC105206.3"
"ENSG00000285884.1",13.571173844001,-0.285469599404661,0.127081446973207,-2.24635150294477,0.0246815020847689,0.097696204166371,"AL022345.4"
"ENSG00000285885.1",2.58729622606097,-0.826320572111903,0.332464910834688,-2.4854369444202,0.0129392507736044,0.0637048422172468,"AC092058.1"
"ENSG00000285886.1",5.16127926140023,-0.149034003161742,0.152774446469607,-0.975516564489015,0.329304089156202,0.522875509161234,"AC211476.6"
"ENSG00000285887.1",10.3600400102099,-0.414844023756435,0.224024480480825,-1.85177987185174,0.0640574391308184,0.183344594307285,"AL009176.1"
"ENSG00000285888.1",3.60454699651483,0.0407973295644594,0.20038678845856,0.20359291088143,0.838671633416507,0.912152320778013,"Z85996.2"
"ENSG00000285894.2",5.93388225178839,-1.88130284458357,0.810794250739062,-2.3203208987591,0.0203235243948812,0.0861163570747169,"AL136372.2"
"ENSG00000285897.1",7.63352900197978,-0.258293201290572,0.147544660333805,-1.75061029457935,0.0800130607900581,0.211940077403405,"AC004687.2"
"ENSG00000285900.1",0.654068035975948,-0.330398708402542,0.664907519797579,-0.496909267176174,0.619253036147563,0.768337171857817,"AC079177.1"
"ENSG00000285904.1",7.5858923013952,0.170829824001645,0.197505253215795,0.864938128075998,0.387072748992473,0.578272965322253,"AC006452.1"
"ENSG00000285906.2",188.996309516088,0.242545642497652,0.0914292187692437,2.65282418205725,0.00798214364027899,0.0460890579631995,"AC083855.2"
"ENSG00000285907.1",21.7968085094559,-0.0537671671722249,0.17246962320388,-0.311748620849398,0.755231573914065,0.861270288083887,"AL161910.1"
"ENSG00000285909.1",3.07115303117058,-1.61120746500775,0.353107048046229,-4.56294337346902,5.0441422879416e-06,0.000243031301291519,"AP002762.2"
"ENSG00000285914.1",2.34753433608796,-1.02848748656301,0.306536196312487,-3.35519099843778,0.000793102052799204,0.00932370997310873,"AC022440.1"
"ENSG00000285918.1",6.31800207939067,-0.272472207460432,0.155207826883555,-1.75553136031506,0.0791684613535756,0.210322022330402,"AC092376.3"
"ENSG00000285921.1",2.05210421914053,-2.03263657804122,0.523253021268666,-3.884615081845,0.0001024921370119,0.00223755456887684,"AP000779.1"
"ENSG00000285922.1",1.49415458799158,0.202515458974282,0.433250858959437,0.46743233114569,0.640190595600871,0.783482778243633,"AC104453.1"
"ENSG00000285923.1",4.01468820548819,-0.0369243781720518,0.16948860690831,-0.217857582557317,0.827540077514683,0.90569664039107,"AL160171.1"
"ENSG00000285925.1",3.56677498073167,-0.151013686613602,0.218863755488713,-0.689989469825168,0.490200809413319,0.668516168276287,"AC007391.2"
"ENSG00000285928.1",32.8224452159461,0.17863987100341,0.115117806054657,1.55180051745073,0.120709962108301,0.275826820073552,"AC103591.4"
"ENSG00000285930.1",6.79730302597034,-1.36102045657926,0.353186303175436,-3.85354823882627,0.000116418313729863,0.00245311070823312,"AC015813.8"
"ENSG00000285931.1",1.79689426247573,-0.556899573150304,0.283498809587109,-1.96438064047386,0.0494859662192672,0.154669195769627,"AC005495.1"
"ENSG00000285932.1",1.33946572968901,-0.769240932115891,0.379397462149098,-2.02753315153592,0.0426079176460747,0.140271427577875,"AL133353.2"
"ENSG00000285933.1",210.472455298726,0.0652478418777216,0.165522180418925,0.39419394858492,0.693437853085059,0.820999960796972,"AP003498.2"
"ENSG00000285938.1",36.0482399867179,-0.231578937745416,0.160459417475458,-1.44322434537589,0.148957283572217,0.315713957344654,"AC072022.2"
"ENSG00000285940.2",4.72861575833938,0.00386072445058549,0.434243474011398,0.0088906907798093,0.992906348544257,0.996678356863267,"AC009899.1"
"ENSG00000285943.1",23.0647024674155,-0.444008169971827,0.13210383363593,-3.36105438995424,0.000776455339018942,0.00920275101529286,"AC112128.1"
"ENSG00000285954.1",3.98218342304049,-0.352765075932965,0.187582744434506,-1.88058382979961,0.0600285530890488,0.175797353275705,"AC119428.2"
"ENSG00000285957.1",2.20178701250386,-0.535251100162738,0.307200548816145,-1.74235072894703,0.0814470918266552,0.214636981919889,"AC019257.9"
"ENSG00000285958.1",1.28330091495305,-1.09152060627752,0.50641293250116,-2.15539638943762,0.0311308286693261,0.113581123294422,"AC073174.1"
"ENSG00000285960.1",3.12929293436402,1.98357529116219,0.424085671842933,4.67729853390766,2.90678926245722e-06,0.000163472525194237,"AC005100.2"
"ENSG00000285966.1",6.15146066356847,0.306201448581007,0.191237942770654,1.60115426962225,0.109342754665045,0.258929298815368,"AC007686.4"
"ENSG00000285967.1",494.41762812894,-0.343427688839856,0.0952555477154881,-3.60533005243553,0.000311756455339927,0.00491910316001525,"NIPBL-DT"
"ENSG00000285972.1",5.43574759302588,-1.02737441128366,0.248590495484712,-4.13279843736761,3.58372986488586e-05,0.00102767543834319,"CERNA2"
"ENSG00000285973.2",17.780791331062,-0.383245013926948,0.242523176950739,-1.58024077840936,0.11405173639593,0.26607276713823,"AC063960.2"
"ENSG00000285974.1",1.34221811650425,-0.539539974678616,0.411864596198104,-1.30999357473081,0.190198009226569,0.369012955779729,"AC026624.1"
"ENSG00000285976.2",30.5797455662975,0.0556089531104087,0.136025300379404,0.408813308666133,0.682676672386334,0.813877907819172,"AL135905.2"
"ENSG00000285979.1",129.101769598183,-0.345055450238355,0.148077728346534,-2.33023192678139,0.019793896410444,0.0847262012895229,"AC009090.6"
"ENSG00000285980.2",3.22745572315057,-1.36772499646354,0.440385162812744,-3.10574722301694,0.00189798888252581,0.0173027776193679,"AP003025.2"
"ENSG00000285987.1",1.34823844442053,-1.17114042138902,0.533738524182131,-2.19422126814549,0.0282195063068539,0.10629166460845,"AL157886.1"
"ENSG00000285991.1",9.67241504259793,-0.242024988936366,0.132807818494009,-1.82237003574668,0.0683988579672415,0.191178768560502,"AL355312.5"
"ENSG00000285992.1",1.23053015387102,-0.502140855044841,0.601484896782042,-0.834835351197189,0.403810418686429,0.593478138406713,"AC120036.5"
"ENSG00000285994.1",8.44691169153285,-1.54427460992434,0.267486425905245,-5.77328215702201,7.77420961847917e-09,1.96219219161e-06,"AL731559.1"
"ENSG00000285996.1",7.97952859504849,-0.21229398434094,0.136022569729057,-1.5607261703981,0.118588373707073,0.272813897583581,"AC006116.9"
"ENSG00000285999.1",10.0543186469998,-0.331032033672015,0.153776469618043,-2.15268327133695,0.0313435791041759,0.114081136135526,"AC025442.2"
"ENSG00000286000.1",7.68065099336623,-0.321927526442677,0.169168011248083,-1.90300473515985,0.0570399273677288,0.169826646173524,"AC234775.3"
"ENSG00000286001.1",19.8957918862363,0.0616959918363978,0.153388180502825,0.402221290024766,0.68752117516752,0.817107660893793,"AC021087.5"
"ENSG00000286003.1",1.05273938757951,-1.94381526734064,0.567523203067845,-3.42508510107253,0.000614606872636956,0.00775770529587941,"AC110992.1"
"ENSG00000286004.1",32.6115304195325,-0.368408779533588,0.171733303885587,-2.14523782631604,0.0319338366746461,0.115474446009448,"AC124944.3"
"ENSG00000286009.2",6.97806432493088,0.229098017606373,0.415661699250654,0.551164608188307,0.581520839085611,0.740026500102333,"AC244213.1"
"ENSG00000286010.1",9.01883865271621,0.653730295969223,0.264234701574747,2.47405163694707,0.0133590386674803,0.0651189567139711,"AC108925.1"
"ENSG00000286011.1",16.7766420227198,-0.385655411129263,0.158833929163999,-2.42804174875675,0.0151805956888268,0.07094435321001,"AC062037.3"
"ENSG00000286013.1",13.5269071117642,0.669028733724807,0.230651665798957,2.90060221940019,0.00372446339705432,0.0273638538301547,"AC005050.2"
"ENSG00000286015.1",19.244800555288,0.570809037882747,0.390234939626821,1.46273175443646,0.143540793576663,0.3084755771074,"CR589904.2"
"ENSG00000286016.1",1.27913600784754,0.809148623948616,0.468714177525297,1.72631565834158,0.0842906398649425,0.219207020233052,"AC079949.3"
"ENSG00000286017.1",5.79558072073268,0.135253249939822,0.146205705501055,0.925088726710773,0.354919756563636,0.548500369274156,"AC011322.1"
"ENSG00000286018.1",33.4294925147756,-0.334201548089772,0.105341620293461,-3.17254991102995,0.00151106583572037,0.0146584833533328,"AF129075.3"
"ENSG00000286020.1",2.91323587016945,-0.508044318778373,0.388010197185922,-1.30935816239627,0.190413056386573,0.369301053610519,"AC011997.2"
"ENSG00000286021.2",1.29490680223791,-0.555008190626881,0.606430000571326,-0.91520569580001,0.360083655051855,0.553145034742333,"LINC02822"
"ENSG00000286024.1",9.26092780875317,-0.51393037817066,0.167613971017973,-3.06615477844356,0.00216831039071043,0.0188829604598279,"AC026803.3"
"ENSG00000286025.1",5.15697539826879,0.202738973262616,0.205265097402975,0.987693357651547,0.323302848566531,0.516909276006795,"FAM246C"
"ENSG00000286028.1",11.0315062412199,-1.01775865543558,0.339715794331962,-2.99591209009567,0.00273625304845112,0.0222082088596009,"AP002008.4"
"ENSG00000286033.1",2.05380352562264,-0.225470827087147,0.337871623165094,-0.667326912437911,0.50456333955811,0.680594249408807,"CR381670.2"
"ENSG00000286034.1",2.45679700710346,0.676038358752758,0.520170327522654,1.29964806330349,0.193721618558584,0.373231298709286,"AC100822.1"
"ENSG00000286035.1",8.30839856467501,-0.149698749975544,0.198676148613685,-0.753481235770405,0.451160782912487,0.634767186979902,"AC073840.1"
"ENSG00000286039.1",8.20514668034446,0.887724792999145,0.207135976044679,4.28571033362,1.82156210052494e-05,0.000622396637020969,"AC093849.2"
"ENSG00000286042.1",1081.13779350805,-0.694004263876473,0.289431090185152,-2.3978220979388,0.0164928733391638,0.0750132830711449,"LCAL1"
"ENSG00000286046.1",2.10154197286196,-0.565663659187165,0.389563818418637,-1.45204362531246,0.146489475473584,0.312572845410629,"AC093898.1"
"ENSG00000286048.1",10.0038816941512,-0.392959482742088,0.234036630833914,-1.67905118673903,0.0931420683234078,0.233816996286625,"AC008966.3"
"ENSG00000286051.1",14.908684591665,-0.835220685195147,0.606335108919036,-1.37749022431534,0.168360735105013,0.341132283028251,"AC244102.3"
"ENSG00000286052.1",1.4463733852969,-0.461858589896232,0.343982793883419,-1.34267933777165,0.179375828024102,0.355571898594963,"AL109955.1"
"ENSG00000286054.1",0.768984239745191,1.15553704927509,1.16896676787474,0.988511462456658,0.32290222353262,0.51651789858062,"FP236383.7"
"ENSG00000286058.1",24.8151375112034,0.255074707814595,0.474127797078948,0.537987246025403,0.59058585370902,0.747277851456917,"AC018865.2"
"ENSG00000286059.1",1.82942107847062,-0.336697426133509,0.505671168394514,-0.665842640786719,0.505511686515857,0.681128357245231,"AC005538.3"
"ENSG00000286060.1",4.40077430530248,-0.00377838288750877,0.38888378706896,-0.00971596917420153,0.992247900169304,0.996347850776229,"AL365256.1"
"ENSG00000286061.1",11.826124230488,-0.110223141819845,0.121693237158273,-0.905745827736429,0.365070400037484,0.55779074590002,"RCAN3AS"
"ENSG00000286064.1",11.2156037346248,-0.0804616848549376,0.131667514449005,-0.611097469194656,0.541135055186858,0.709235863016142,"AL035413.2"
"ENSG00000286065.2",2.48479663780341,-0.732173738153617,0.292911192580438,-2.49964411295943,0.0124318123930558,0.0619599296410189,"SLFN12L"
"ENSG00000286067.1",105.898976613763,-0.0450368592552445,0.116871938106838,-0.385352206738234,0.699976486970032,0.824902381533159,"AC004263.2"
"ENSG00000286068.1",1.89124712254276,-0.278133664570577,0.31286764071118,-0.888981883643673,0.374012816203741,0.565897504538773,"AC010974.2"
"ENSG00000286069.2",2.64139795197074,0.139146381930274,0.237076138266232,0.58692698028519,0.557252748616343,0.721564069331649,"AC076968.2"
"ENSG00000286071.1",10.3008568752593,-0.985587878732012,0.253890138160589,-3.8819462853993,0.000103623769502701,0.00225087144883004,"AL136171.2"
"ENSG00000286073.1",24.4092661881185,-0.222402607627467,0.264437791088971,-0.841039424477113,0.400325848536618,0.590409900859039,"AL138900.2"
"ENSG00000286074.1",3.34023089612731,-0.614322754743007,0.266358259084598,-2.3063777216981,0.0210895357160592,0.088085716666231,"AC110795.1"
"ENSG00000286081.1",4.66994285029256,-0.831793803730723,0.336152531292311,-2.47445348851892,0.0133440194791457,0.0651029367701053,"AC016682.1"
"ENSG00000286084.2",11.7660276611687,-0.135474506884457,0.159852999131563,-0.847494308023321,0.396719658363792,0.587207253634237,"AL096794.1"
"ENSG00000286085.1",0.523136690280065,0.792195128400195,0.487065514188141,1.62646523993935,0.103850722082315,0.250543629730907,"AL109653.3"
"ENSG00000286086.1",22.9977335873315,-0.264324344521963,0.115671547529572,-2.28512845351522,0.0223052968456537,0.0913644497886747,"AC099661.1"
"ENSG00000286087.1",3.01651986194258,-0.680283650007062,0.259239030323922,-2.62415597357018,0.00868639962639231,0.0488177418571032,"AL133331.1"
"ENSG00000286089.1",5.97659667585837,0.0982926054895448,0.173541248401409,0.566393329510859,0.57112642828167,0.732347964947255,"AC095057.4"
"ENSG00000286092.1",2.89529604545465,-1.42640167331902,0.324532535332019,-4.39525014605921,1.10645264525436e-05,0.000431853785679408,"AC117503.5"
"ENSG00000286099.1",7.87935185516532,-0.273711574841208,0.581339150150989,-0.470829419917991,0.637762553519993,0.781417244688133,"AL390800.1"
"ENSG00000286101.1",2.80065998091111,0.640733561188836,0.400617898730278,1.59936329160425,0.109739903814672,0.259449695902703,"AC093894.2"
"ENSG00000286108.1",1.97683810159894,-1.13326176882195,0.479443851191586,-2.36370070448374,0.0180934231644234,0.0799872974921192,"AL359916.1"
"ENSG00000286115.1",6.57956138049414,0.253022782904003,0.197926646431402,1.27836644264922,0.201120250437295,0.381688879146017,"AC010092.1"
"ENSG00000286116.1",17.2550170327631,-0.477455384565425,0.139146464486057,-3.43131524274746,0.000600662135372365,0.00763276506601227,"AL157394.3"
"ENSG00000286118.1",5.90131142128988,0.180277262126473,0.155281931126915,1.16096741467704,0.245655151187677,0.434731140620386,"AC234031.1"
"ENSG00000286122.1",10.7454200017646,-0.360626401672892,0.169486565018746,-2.12775804166546,0.0333571498367144,0.118839977476055,"AC016074.2"
"ENSG00000286123.1",3.61305660694701,-0.242333908588931,0.544066411941723,-0.445412367442539,0.656021776270256,0.795090218577564,"AL049828.2"
"ENSG00000286125.1",5.88040857399991,-0.523422783954195,0.168862002454363,-3.09970731334693,0.00193711960288952,0.0175108669397232,"AC006115.2"
"ENSG00000286129.1",25.3462239442211,-0.0600144957336522,0.109471182600811,-0.548221863579354,0.583539571415802,0.741773240851679,"AC245060.7"
"ENSG00000286132.1",15.8495305056477,-0.202790800307164,0.12439636431095,-1.63019877172819,0.103059493447842,0.249339416856262,"AC022415.2"
"ENSG00000286133.2",37.4534244604681,0.293082365462481,0.227776135728189,1.28671234379102,0.198194569043885,0.378614401375836,"AC093817.2"
"ENSG00000286134.2",4.53009329388924,-0.538468242240757,0.37323904196291,-1.44269002355404,0.14910781084198,0.315932434694969,"AC114930.1"
"ENSG00000286135.1",3.27075168101981,-0.415778003607773,0.30876305811256,-1.34659245231403,0.178111526350781,0.354021913241584,"AL603764.2"
"ENSG00000286136.2",14.2760006993275,-0.397080782568279,0.121927209171861,-3.25670361246912,0.00112714058327163,0.0119623498370616,"AC107071.1"
"ENSG00000286138.1",7.47281387727177,-0.303912726350401,0.152616664238005,-1.99134693362483,0.0464427589687585,0.148532062857529,"AC010336.7"
"ENSG00000286144.1",1.35122287622711,0.391442901978501,0.372397779552158,1.05114187965687,0.293193431988053,0.485728079478756,"Z97056.2"
"ENSG00000286145.2",4.43529180877971,-0.562128356587403,0.290432996834,-1.9354837870185,0.0529309563219236,0.161717016502322,"AC068282.1"
"ENSG00000286147.1",1.63443033546112,0.127624718646688,0.309628456315878,0.412186658052151,0.68020261549642,0.812208079683033,"AC092445.1"
"ENSG00000286150.1",3.30727929307913,-0.181025767710293,0.255776610786055,-0.707749497320976,0.479100833568925,0.658956624473693,"AC097459.1"
"ENSG00000286153.1",22.291975432424,-0.401114362212976,0.206558037738061,-1.94189665338336,0.0521496126374572,0.160093780870342,"AP000331.1"
"ENSG00000286154.1",3.93043288024737,-0.498662824216129,0.253319132002192,-1.96851623592257,0.0490086698774962,0.15367353342411,"AC009974.2"
"ENSG00000286156.1",212.545085237438,-0.0197209518809695,0.122365986955732,-0.161163672778645,0.871964491973345,0.931473844294057,"AC026273.1"
"ENSG00000286158.1",37.6769195620177,-0.126270237911771,0.113296613482645,-1.11451025790028,0.265060346254304,0.456738994246909,"AL034548.2"
"ENSG00000286159.1",3.378752683762,-0.799967673414779,0.259097912072971,-3.08751107646703,0.00201840249536291,0.0179723654127085,"AL035106.1"
"ENSG00000286162.2",93.6630479379946,0.0630098530475477,0.120266283610159,0.523919515562592,0.600334520484088,0.754423326557081,"AL162253.2"
"ENSG00000286163.1",2.23476273941539,-0.0653069511050015,0.402780812228743,-0.162140174313748,0.871195470218546,0.931100471573499,"AC002377.1"
"ENSG00000286168.2",4.53444532942234,-0.0646987779687928,0.167315930171525,-0.386686299998251,0.698988459712116,0.824296344039883,"AC024937.3"
"ENSG00000286171.1",4.30629230377242,-1.56883600505947,0.647182950576042,-2.42409971347838,0.0153463911142995,0.0714184231714246,"AC073140.1"
"ENSG00000286172.1",1.65010109343755,-0.21421730988461,0.425327785534975,-0.503652282239612,0.614505745981396,0.765391510265348,"RNVU1-8"
"ENSG00000286176.2",9.50914659039007,-0.186404032467685,0.16009430044027,-1.1643389674402,0.244286670699674,0.433207421306288,"AC116317.1"
"ENSG00000286177.1",55.041944364652,0.0106227643294402,0.088276088349491,0.120335693708855,0.904217230049278,0.94911735418471,"AC011462.5"
"ENSG00000286179.1",2.01748976316911,0.0257876632017977,0.280892118135072,0.0918062898062424,0.926851946627291,0.96174682550146,"AL139351.2"
"ENSG00000286180.1",3.18629554511941,-0.171153383907518,0.240446247841395,-0.711815573934076,0.476578987402574,0.656736102135509,"AC073140.2"
"ENSG00000286181.1",9.60567733667503,-0.458413294428117,0.137157825985362,-3.34223214121986,0.000831075240098055,0.00967678608607307,"AC232271.3"
"ENSG00000286186.1",19.5214468533743,-0.596947311506233,0.174220097795451,-3.42639752278809,0.000611644510417722,0.0077280761614183,"AC018445.5"
"ENSG00000286187.1",0.657235547161691,0.207346357847373,0.6366957373071,0.325660037751067,0.744681582555233,0.854602152532726,"AC024236.1"
"ENSG00000286190.2",88.8175739470152,-0.329559158223084,0.120347355007899,-2.738399678177,0.0061738993665989,0.0386658449232839,"AC055839.2"
"ENSG00000286191.1",23.4445982891452,-1.70396214836223,0.294833635778804,-5.77940214949085,7.49665394884818e-09,1.94089302359799e-06,"AL158195.1"
"ENSG00000286193.2",7.8839240692302,-0.372000124783827,0.164417865650324,-2.26252860850887,0.0236647633502894,0.0949470916149898,"AC025449.2"
"ENSG00000286194.1",14.2885994191103,-0.315094462751545,0.125483909351845,-2.51103479624667,0.0120377830713419,0.0606222828307649,"AC138207.9"
"ENSG00000286195.1",4.09700699927614,-0.686411182632147,0.23384037627456,-2.93538350206129,0.00333135677572006,0.0254499451890885,"AC007666.2"
"ENSG00000286196.1",12.3278345547871,-0.594884716955636,0.19938530990533,-2.9835935116689,0.00284884967758613,0.0228106667426347,"AL162586.2"
"ENSG00000286205.1",3.1838082371686,-0.113143525045257,0.190563505858992,-0.593731336623171,0.552691820314194,0.717966708561414,"AC139887.5"
"ENSG00000286207.1",63.4456751984905,-0.511290628298857,0.142939678690476,-3.57696780196361,0.000347602970493112,0.0053159144219693,"AC012443.2"
"ENSG00000286208.1",1.10005484746724,0.54587996177249,0.678561154136493,0.804466861158818,0.42112740049418,0.608902742319671,"AC093838.1"
"ENSG00000286214.1",149.407256590107,-0.445311715667001,0.16039160026381,-2.77640297206685,0.00549640378409704,0.0357196508264577,"AUXG01000058.1"
"ENSG00000286215.1",22.6881778256953,-0.057770122592227,0.191517082458634,-0.301644750695829,0.762922889906563,0.866479899490318,"AL356534.1"
"ENSG00000286216.1",12.7239820279826,-0.287326965521256,0.177171292589408,-1.62174673629058,0.104857587302719,0.252023076383875,"AC104335.1"
"ENSG00000286219.1",24.1057123518089,-0.424780566859845,0.149173425981987,-2.84756191703432,0.00440555232967491,0.0307170793113857,"NOTCH2NLC"
"ENSG00000286220.1",9.15194532476637,-0.347463891292963,0.210199033626463,-1.65302325752091,0.098326130311671,0.241877630890089,"AC007546.3"
"ENSG00000286223.1",42.602876196228,-0.209868753333353,0.126174897722489,-1.66331621520267,0.0962491545514814,0.238779664864565,"AC064836.3"
"ENSG00000286225.1",3.3870512414647,0.412946686764487,0.244831274127512,1.68665824346206,0.0916690856109253,0.231404971942909,"AC079163.2"
"ENSG00000286226.1",1.41267181338971,-0.34212173474854,0.621650022701474,-0.550344602678206,0.582083037236837,0.740461254380655,"AC093849.3"
"ENSG00000286230.1",4.82577259454953,0.338392499554876,0.174565798724441,1.93848108866412,0.0525645558551852,0.161019587599152,"AC010327.7"
"ENSG00000286232.1",1.14208562075809,-0.109489139912617,0.544465645817136,-0.201094670993053,0.84062454881528,0.913345162387756,"AL365229.1"
"ENSG00000286234.1",2.88745920394356,-0.360898716536902,0.192129366500742,-1.87841516947649,0.0603243919307465,0.176374811675625,"AC079790.2"
"ENSG00000286242.1",14.7775502311023,-0.275597079954523,0.152647963532162,-1.80544223176915,0.0710055076134119,0.195888827061097,"AC018797.3"
"ENSG00000286244.1",14.3045924215983,-0.369314630354247,0.165252567564037,-2.23484957479486,0.0254272259561744,0.0995630127546275,"AC073046.3"
"ENSG00000286245.1",2.13000292657326,-1.31246868202711,0.42173105734352,-3.11209871593128,0.00185762370920329,0.0170414718257815,"AC125437.3"
"ENSG00000286248.1",6.93179425936699,-0.282185193173886,0.152258274646299,-1.85333239739785,0.0638347303407071,0.183006086044361,"AC069209.2"
"ENSG00000286251.2",0.868559473352851,1.05600119412045,0.698043684524358,1.51280101450958,0.130330211062005,0.290297967276867,"AC097528.1"
"ENSG00000286256.2",37.8560786739348,0.29811721123593,0.225580272231288,1.32155710376247,0.186315675510447,0.364325606999255,"AC084871.3"
"ENSG00000286257.2",3.24772993426862,-0.0819278620800873,0.259286737129742,-0.31597397918233,0.75202225868967,0.85933658645431,"AL137100.3"
"ENSG00000286259.1",8.53267698648679,0.307021208913807,0.167711339478018,1.83065265514767,0.0671524039315685,0.188922738417029,"AC078820.2"
"ENSG00000286263.1",4.07326306816425,-0.446903731478593,0.215445859828147,-2.0743203505283,0.0380495690367658,0.130101767171556,"AL391832.4"
"ENSG00000286264.2",9.70395886428959,-0.0810676386942719,0.133859032353038,-0.605619488421708,0.544767458145552,0.711978605010594,"AP001453.3"
"ENSG00000286271.2",14.1664283719751,0.176454121719697,0.209773583268359,0.841164645092432,0.400255703893884,0.590390906461348,"AC008945.2"
"ENSG00000286274.1",0.976913288920251,-0.721148294761531,0.577606957065608,-1.24851040303453,0.211844201093321,0.394437055366028,"AC008679.1"
"ENSG00000286276.1",4.9652121386362,-0.153118139049188,0.183887144168015,-0.832674517525197,0.405028319886229,0.594606271911276,"AL390066.2"
"ENSG00000286277.1",14.4671220276393,-0.423916052967677,0.216255991625588,-1.9602511346905,0.0499664444227782,0.155688613398929,"AL009177.1"
"ENSG00000286280.1",1.59762277360788,-0.786436233792442,0.346622152246688,-2.26885739614455,0.0232769992657564,0.0939048787865202,"AC108063.2"
"ENSG00000286281.1",4.69975499736942,-0.184962717591781,0.178926161456308,-1.03373769428875,0.301258806137167,0.494152309835182,"AL353152.2"
"ENSG00000286282.1",6.86529250500819,0.0603413030001269,0.224747682309415,0.268484650787427,0.78832628820145,0.88267103037449,"AC021733.4"
"ENSG00000286284.1",2.49471018663626,-1.31469917826819,0.791836797614499,-1.66031584062382,0.0968509306653656,0.23978535341585,"AL590681.1"
"ENSG00000286285.1",14.395944795822,-0.698669533663752,0.165580021784371,-4.2195279728469,2.44814347695755e-05,0.000769853737975133,"AL138778.1"
"ENSG00000286288.1",14.501397854172,0.29232044914434,0.13781292487541,2.12113957677491,0.0339100582780256,0.12007459571629,"AL109809.4"
"ENSG00000286289.1",92.072384036493,-0.201576075479372,0.156422041112673,-1.28866797828175,0.197513539461884,0.377768614310594,"AL133482.1"
"ENSG00000286290.1",0.641307795986389,-1.54361628737183,0.819373169443202,-1.88389899125057,0.0595786397192684,0.174839281813451,"AC011593.1"
"ENSG00000286292.1",11.1808879875697,-0.149758500423863,0.123893318983621,-1.20876978397569,0.226751303160964,0.412406159382273,"AC099343.3"
"ENSG00000286299.1",22.9420619235905,0.124540918083611,0.182426277942641,0.682691767261567,0.494801633020966,0.672224020889416,"AL121938.1"
"ENSG00000286302.1",5.31156742228146,-0.965025159447951,0.22359185825048,-4.31601207216981,1.58873294306328e-05,0.000556190177428033,"AC084724.1"
"ENSG00000286303.1",5.48613977631878,-0.64248107872163,0.254955826103496,-2.51997017891571,0.0117364777089885,0.0596644605841128,"AC007528.1"
"ENSG00000286305.1",19.144713899558,-0.399141062231355,0.175304963667529,-2.27683833863563,0.0227958811613376,0.0926313876317552,"AC004893.2"
"ENSG00000286307.1",2.75320436861168,0.186946900363371,0.293101107607704,0.637823930073941,0.52358830028647,0.695825693814364,"AC017028.1"
"ENSG00000286310.1",2.04537769064298,-0.833718974129205,0.335509209511118,-2.48493618206203,0.012957466116004,0.0637431443925338,"AC008443.6"
"ENSG00000286311.1",10.0388368117891,-0.104667799845774,0.142736898615049,-0.733291817752431,0.463380464438584,0.645602854141019,"AL034550.3"
"ENSG00000286313.1",9.40467373655517,-0.209299522658258,0.193201144062192,-1.08332444755547,0.278664437576152,0.471190554095486,"AL360178.1"
"ENSG00000286314.1",4.99929396570294,-0.97901953373475,0.241230734845049,-4.05843614564127,4.94024375182648e-05,0.00130432621117811,"AC010359.3"
"ENSG00000286315.1",6.50388200415277,-0.162703572245409,0.138825039217366,-1.17200451130906,0.241195244930719,0.429257138476422,"AC087175.1"
"ENSG00000286316.1",1.94551360804148,-0.956561639334857,0.56321625971243,-1.69839137780444,0.0894339183552122,0.227741842402038,"Z93020.1"
"ENSG00000286318.1",0.631225587055692,-0.63270877026932,0.698084450815608,-0.906349897251104,0.36475068293121,0.557509188053999,"AC096576.7"
"ENSG00000286319.1",10.8262283620296,-0.444614844028947,0.197455643046485,-2.2517201188536,0.024339964445405,0.0967351601147031,"AL135978.1"
"ENSG00000286320.1",32.0942213727053,-0.172107255346398,0.185152041810536,-0.929545543562049,0.352606434075759,0.546167582101249,"AC108053.1"
"ENSG00000286321.1",1.42395965094879,0.0760978891603724,0.396186076714594,0.192076131981771,0.847682570715797,0.91739738734327,"AC093791.2"
"ENSG00000286322.1",2.74896707486893,-0.269282113122661,0.235498653383888,-1.14345500177321,0.252849727393617,0.442989316114071,"AL356218.2"
"ENSG00000286324.1",8.11913580663894,0.210153727778513,0.286870135193176,0.732574436990443,0.46381802709109,0.645862515534872,"AL033381.3"
"ENSG00000286326.1",4.05395757055008,-0.1767042358661,0.14186070050641,-1.24561795645521,0.212904686800937,0.395637181160059,"Z95115.2"
"ENSG00000286327.1",4.24289979414556,-0.876799506088246,0.262469616090959,-3.34057526027847,0.000836050176700643,0.00971200925781385,"AL035427.2"
"ENSG00000286329.1",12.8393407984773,-1.31913188178769,0.333615252446232,-3.95405147730857,7.68388663401602e-05,0.00181819216564531,"AC108690.1"
"ENSG00000286330.1",22.3891831039185,-0.968809008316955,0.222408697833112,-4.35598525487486,1.32469694211962e-05,0.000491126228218136,"AL353660.1"
"ENSG00000286331.1",6.8187577027903,0.515440625795517,0.133523430086027,3.86030096338468,0.000113247454307521,0.0024091677292398,"AC011388.1"
"ENSG00000286332.1",0.591479483757773,0.97819191839043,0.682739623393707,1.43274520018058,0.151930667101762,0.319938500937315,"AL353637.2"
"ENSG00000286334.1",5.99112560230762,-0.0449647533963928,0.19635384216576,-0.228998592033834,0.818870010447013,0.901303863323606,"AL161430.1"
"ENSG00000286337.1",18.1233540922336,-0.487991835473284,0.172705572900769,-2.82557086767356,0.00471964465543694,0.0321143196948037,"AC025370.2"
"ENSG00000286339.1",7.23385255530428,-0.855746599392562,0.335846934448436,-2.54802563792331,0.0108334509057048,0.0566035908668594,"Z99496.1"
"ENSG00000286340.1",21.8555353073881,-0.191221036603144,0.107373791230559,-1.78089116917315,0.0749302315476443,0.202917849201763,"AL356776.2"
"ENSG00000286341.1",2.68660744804322,-0.666313271459133,0.257216883932357,-2.59047252759022,0.00958442712661173,0.0521395967853406,"AP002762.3"
"ENSG00000286342.1",74.6626583651667,0.206145854008182,0.239386597290758,0.861142003525776,0.389159837649246,0.580214089553531,"AC073210.3"
"ENSG00000286347.1",3.05102060305477,-0.965907102042579,0.426198792198937,-2.26632998432272,0.023431186896242,0.0942450501190791,"AC114802.1"
"ENSG00000286349.1",6.11946791529703,0.0130405253256624,0.210587600808604,0.0619244688461713,0.950622981566896,0.974117910905099,"AC108471.3"
"ENSG00000286351.1",5.06305404657077,0.578750012820506,0.332112474668414,1.74263256265317,0.0813978182834156,0.214590323159964,"AC046129.1"
"ENSG00000286355.1",12.0608359921494,0.0314311489722564,0.353137369072474,0.0890054458263967,0.929077582156262,0.962678394668332,"AL355834.2"
"ENSG00000286358.1",17.7048228780415,0.163363751932713,0.349911005357695,0.466872288757294,0.640591252509337,0.783627445980061,"AC096647.1"
"ENSG00000286360.1",23.2586971250019,-0.228007906584922,0.130320186924443,-1.74959775584973,0.0801877472545692,0.212267684610509,"AC107081.3"
"ENSG00000286363.1",1.20592170955262,-2.05273135651859,0.785520749424022,-2.61321086428811,0.00896959427199053,0.0498538734720168,"AC087427.1"
"ENSG00000286364.1",1.36821612365257,-0.661229863196521,0.348589869749978,-1.89687056503042,0.0578450231718481,0.171336695788563,"AL512308.1"
"ENSG00000286365.1",8.30687944845024,-0.488158886673745,0.211894914559919,-2.30377820858794,0.0212350969849908,0.0884609714616241,"AP000553.9"
"ENSG00000286366.1",28.9278078489536,-0.0542204768577996,0.10169714966203,-0.533156308097033,0.593925383535463,0.749566254512744,"AC005052.2"
"ENSG00000286369.1",20.0311492414755,0.0870886440685985,0.153633012739381,0.566861526150849,0.570808265323449,0.732018010762821,"AP002813.1"
"ENSG00000286370.1",1.00981138619126,0.330222625354221,0.559628102052415,0.590075130507461,0.555140281147755,0.719967487836555,"AC064856.1"
"ENSG00000286372.1",1.20758583482692,-0.802797706201615,0.505372429015868,-1.58852691620897,0.112167239561184,0.26313302612109,"AL449223.1"
"ENSG00000286373.1",12.8493654044386,0.164980005853719,0.109099580679871,1.51219651648173,0.130483876969932,0.290514668351216,"AC022387.2"
"ENSG00000286374.1",1.21613924676877,0.631986637728576,0.478789331088603,1.31996808761727,0.186845672928892,0.364849141025779,"AP001999.3"
"ENSG00000286378.1",4.18683114876867,-0.736981146373059,0.249638087353807,-2.95219833714136,0.00315520195320232,0.0245034926142434,"AL713852.2"
"ENSG00000286379.1",22.3219736303491,0.25926101419952,0.136835276674692,1.89469426671222,0.0581329177509792,0.171808996330513,"AL591845.1"
"ENSG00000286381.1",35.3414826533635,-0.394954482573682,0.234567478351374,-1.68375635595167,0.0922287650229902,0.232319911773505,"AL078622.1"
"ENSG00000286383.1",1.43544436585155,-0.771895689948686,0.497586159299889,-1.5512804677581,0.1208344855622,0.275921984075605,"AC096645.1"
"ENSG00000286385.1",1.70705274305608,0.463104899044465,0.640009289839963,0.723590901563736,0.469316928813789,0.650335824148734,"AL445255.1"
"ENSG00000286388.1",346.868342431926,-0.0718831116953964,0.103724878068451,-0.693017075883749,0.488298835426198,0.666989101231378,"AC026748.7"
"ENSG00000286389.1",28.1818795769121,-0.285459852883401,0.143018539410536,-1.99596397823632,0.0459378438487779,0.147427090346767,"AL731702.1"
"ENSG00000286391.1",1.17762856433857,-2.05735347134271,0.438333404996573,-4.69358129654479,2.68463231443907e-06,0.000153231981733804,"AL592078.2"
"ENSG00000286393.1",13.8121841928524,-0.175265880170348,0.178156358658343,-0.983775608629616,0.325225854694712,0.518719190397194,"Z97192.4"
"ENSG00000286401.1",9.40198850992957,-0.597007595351132,0.166348994132759,-3.58888611538388,0.000332093864267985,0.00515449931145642,"AC069547.2"
"ENSG00000286403.1",31.0667127043239,0.112811193336929,0.278127085981432,0.405610237272827,0.685029005703842,0.815712258400508,"AC010378.1"
"ENSG00000286406.1",10.2787626112537,-0.205730807315305,0.2204637638894,-0.93317288830519,0.350730710513183,0.544249710795405,"AC138776.1"
"ENSG00000286407.1",16.7740929430556,0.105098963457389,0.190278075342235,0.552344053661239,0.580712653388718,0.739393696239506,"AC004863.1"
"ENSG00000286408.1",28.4410251540936,0.15845351055231,0.11467100014508,1.3818097893263,0.167030112463309,0.33929845628481,"AC113410.4"
"ENSG00000286410.1",3.05251840569936,-1.32868914982067,0.286388748400991,-4.63946002501567,3.49320694737028e-06,0.000186377145671152,"AC089985.1"
"ENSG00000286411.1",1.16345103137807,-1.0401923796693,0.473784090471088,-2.19549875268085,0.0281278402743454,0.106090425541382,"AC002458.1"
"ENSG00000286413.1",4.12978596826427,-0.45585387411096,0.30003098616312,-1.51935598366204,0.128672915033769,0.287955055469467,"AL355501.1"
"ENSG00000286416.1",21.3040353703829,-0.155283073444214,0.104617152128208,-1.48429841842679,0.137729769716719,0.30001552101405,"AL442067.3"
"ENSG00000286423.1",7.01386897834901,-1.36187352148042,0.216521641846623,-6.28978013405759,3.17915920063646e-10,1.56223307221539e-07,"AC004817.5"
"ENSG00000286424.1",2.15857505042627,-0.581432134419018,0.228246396069054,-2.547388017654,0.0108532680337621,0.05666795509587,"AL157996.2"
"ENSG00000286425.1",2.11515610202663,-1.14060162324716,0.439026083522714,-2.59802701036589,0.00937611183598016,0.0513926393406795,"AL773573.1"
"ENSG00000286426.1",2.83148855725383,-0.845897578731429,0.442533544588642,-1.91148804214997,0.0559418920457954,0.167473555604772,"AC090936.1"
"ENSG00000286427.1",13.0073370198321,0.342400910278469,0.131991710816688,2.59410919185674,0.00948363623618082,0.0517689295312622,"AC009486.2"
"ENSG00000286429.1",4.68562159216775,-0.929067299484916,0.312154504591517,-2.97630591844473,0.00291743678343709,0.0231829555376682,"BX004807.1"
"ENSG00000286430.1",4.49979557196386,-0.14329120898071,0.158097214679858,-0.906348725187033,0.36475130310252,0.557509188053999,"AC020558.6"
"ENSG00000286431.1",69.2977435123606,-0.163908628296366,0.115252556943881,-1.42216912702576,0.154977158924168,0.324043611291771,"BX842570.1"
"ENSG00000286432.1",0.403837680708451,0.726399828585624,0.930962586766576,0.78026747681511,0.43523345205158,0.620991999620865,"AC109472.1"
"ENSG00000286437.1",5.52189357509106,-0.452800875793807,0.183167540396372,-2.4720585034551,0.0134337530120268,0.0653642497296539,"AF111169.4"
"ENSG00000286443.1",15.5330987184233,0.0027059052241475,0.154549570792639,0.0175083321828053,0.986031085745355,0.993070542932514,"AC091178.2"
"ENSG00000286445.1",8.79762227451874,-0.124174642050594,0.125076089995439,-0.99279280360557,0.320810937670422,0.514586555591701,"AL355334.2"
"ENSG00000286447.1",2.52333281126106,0.0219690912510172,0.268170794347436,0.0819220128145446,0.934708729578215,0.965716786676002,"AC109782.1"
"ENSG00000286448.1",5.04600842069191,0.236867408619645,0.314899452045782,0.752200129535975,0.451930715760227,0.635365687667748,"AP006222.2"
"ENSG00000286449.1",61.9851969916085,0.0604849221229105,0.236644692931915,0.255593824537247,0.798264487357756,0.888523271625882,"AC016590.4"
"ENSG00000286451.1",290.551506433891,-0.111554126120384,0.109200904473081,-1.02154947029659,0.306994183607906,0.500600350436304,"AL499602.1"
"ENSG00000286452.1",1.92324951815887,-1.32015451300217,0.469324768699926,-2.81288054891952,0.00490998869147713,0.0330105520002723,"AL355596.2"
"ENSG00000286456.1",14.1786028140547,-0.614745889854925,0.408831938865857,-1.50366405217825,0.132667889638534,0.293294087813236,"AC016769.5"
"ENSG00000286457.1",3.45377054012553,-0.940537366102664,0.28730680301788,-3.27363416467424,0.00106173973761123,0.0114544721595238,"AC009560.3"
"ENSG00000286458.1",6.75051531606267,-1.12170183749648,0.22205545130813,-5.0514492253558,4.38470498166714e-07,4.10056131895068e-05,"AC083870.1"
"ENSG00000286463.1",1.81095260573777,-1.22002197355476,0.460596279073474,-2.6487881665239,0.00807809479732379,0.0464155017419394,"AP002755.1"
"ENSG00000286472.1",12.1000653363761,0.260753054665414,0.183978122053726,1.41730468685438,0.156393865468201,0.325996804597598,"AL035252.5"
"ENSG00000286473.1",1.04620519165497,-0.093009564760067,0.362133893183866,-0.256837502677065,0.797304217963825,0.888073154555811,"AC133485.7"
"ENSG00000286475.1",3.6128254824282,-0.268211611857099,0.230338389777254,-1.16442427211751,0.244252115927794,0.433169216192619,"AL592156.1"
"ENSG00000286478.1",2.43766156575192,-1.55950587106974,0.673132913198489,-2.31678742859195,0.0205153141863171,0.0866662041879273,"AC007130.1"
"ENSG00000286480.1",10.5643000787313,-0.396094355151114,0.23040915763578,-1.71909119939253,0.0855977670228894,0.22139577823905,"AC009501.2"
"ENSG00000286481.1",2.36419019658813,0.169028778793383,0.323450063682072,0.522580755957205,0.601266035246081,0.755251843480391,"AC011246.1"
"ENSG00000286482.1",22.067307430251,-0.219184711502239,0.153755519567458,-1.42554044315836,0.154001038074358,0.322706228638569,"AL117344.2"
"ENSG00000286483.1",3.3005660730805,-1.32755338252912,0.363623805476396,-3.65089788549418,0.000261325131239226,0.00434700119550972,"AL121762.1"
"ENSG00000286485.1",6.91500354286276,-0.40840418541292,0.149852227131866,-2.72537948370654,0.00642276193515524,0.0398125140769174,"Z80897.1"
"ENSG00000286487.1",4.50153575211378,-1.46398190494338,0.545114528988099,-2.68564095633442,0.00723908328601196,0.0430330900032785,"AC006398.1"
"ENSG00000286488.1",23.6618529875679,-0.361231436246667,0.153155222996296,-2.35859691350784,0.0183441692046447,0.0806141004923755,"AC103858.3"
"ENSG00000286489.1",2.74896273353448,-0.260003044309641,0.306865714418113,-0.847286067140688,0.396835690719537,0.587349988935963,"AC010789.2"
"ENSG00000286494.1",1.8107880907631,0.264468652030611,0.384466403606856,0.687884947942158,0.491525236023687,0.669490229633704,"AC022325.2"
"ENSG00000286496.1",2.2937064479622,-0.449201063237931,0.335305326364295,-1.33967768454084,0.180350155573989,0.357043332908652,"AL359764.1"
"ENSG00000286501.1",2.25466027355494,0.5862496840351,0.295431997876673,1.98438113761742,0.0472133671656633,0.150116954736551,"AC018545.1"
"ENSG00000286502.1",5.4936572825884,-0.563134012941775,0.266655025048146,-2.11184474337245,0.0346997681422595,0.1219657285431,"AL645768.1"
"ENSG00000286504.1",13.820423058574,-0.242813677987674,0.175474551407488,-1.38375437372574,0.166433678096249,0.338583058896768,"AC092745.4"
"ENSG00000286505.1",2.68783113077926,0.588301993529061,0.265363395777677,2.21696738468761,0.0266253203730694,0.102496857183907,"AC087468.2"
"ENSG00000286507.1",7.6041964411267,0.218559939191107,0.171679705826964,1.27306799681608,0.202993914128803,0.383883264105765,"AC004947.3"
"ENSG00000286508.1",3.91703639745167,-0.0775065943220312,0.204755565477267,-0.378532296015349,0.705035206690889,0.828371581605017,"AC000050.2"
"ENSG00000286509.1",2.04593390717591,-0.283303328732916,0.287227910104343,-0.986336350913804,0.323968087389912,0.517498154586076,"AC026408.1"
"ENSG00000286511.1",13.6515364030202,-0.298556421482849,0.118659625060163,-2.51607420242122,0.0118670195478946,0.0600347487932011,"Z95118.2"
"ENSG00000286512.1",17.6088569944355,-0.363647410629983,0.138862845372844,-2.61875240748234,0.0088251975593857,0.0494142789008793,"AL031768.2"
"ENSG00000286518.1",7.10318465162869,-0.218235121746056,0.249005926863988,-0.876425410810643,0.380798809160058,0.572212256425609,"AL354743.1"
"ENSG00000286519.1",22.163177410323,0.105961608448192,0.235442950773767,0.45005215955694,0.652672831163985,0.79264013160949,"AC009236.1"
"ENSG00000286522.2",13.3649575702782,0.316599121139049,0.308135284509541,1.02746792417162,0.304200181739811,0.497457470929983,"H3C2"
"ENSG00000286523.1",2.64405072482553,-1.01487102393166,0.397392097954305,-2.55382789229081,0.0106545907053262,0.0559588718019286,"AL022151.1"
"ENSG00000286524.1",2.39863636727531,-1.11902445182129,0.395560355368439,-2.82896007305635,0.00466995246696838,0.0319254060539585,"AC092567.2"
"ENSG00000286527.1",4.11407189477808,-0.121629901571117,0.19152185613924,-0.635070607725782,0.525382365664319,0.697241306143289,"AL161665.2"
"ENSG00000286529.1",25.9442284010128,0.410294851373572,0.174379531424024,2.35288424061591,0.0186284323282325,0.0813692465893263,"AC090398.2"
"ENSG00000286532.1",95.235213979848,0.065474736577592,0.0866487245957598,0.755634164069347,0.449868566597381,0.6337042239966,"PARTICL"
"ENSG00000286534.1",7.00070911225587,-0.318467330326876,0.360155475482986,-0.884249586653642,0.376561495808588,0.568155191903027,"AC021683.6"
"ENSG00000286535.1",34.7938026512901,-0.114822195943324,0.11761376230223,-0.976264968450432,0.328933175189597,0.522516796361687,"AC139019.1"
"ENSG00000286536.1",5.3826261750877,0.0969573815426711,0.173690431872666,0.558219474137477,0.576694524427577,0.736388842035591,"AL591506.1"
"ENSG00000286540.1",8.79292437746176,0.422789523130445,0.322673276521317,1.31027126785479,0.190104083737131,0.368938085036383,"AL096854.1"
"ENSG00000286542.1",6.66467600100466,-0.146194671991395,0.175241638931573,-0.834246203600507,0.404142259782899,0.59375615616928,"AC124242.3"
"ENSG00000286543.1",3.14335217804248,0.080714672619837,0.330641479868172,0.244115386405899,0.807141456347257,0.893891308168759,"AC138409.3"
"ENSG00000286544.1",1.1444635341456,-0.556452042305292,0.342929306733874,-1.62264359265486,0.104665616009487,0.25179798784622,"AL359502.2"
"ENSG00000286545.1",62.9312667504318,-0.543723305768611,0.168010814986061,-3.2362399159466,0.00121115541278015,0.0125655958733841,"AC092645.2"
"ENSG00000286546.1",7.34171641659557,-0.84546267463701,0.243276349884714,-3.47531798729168,0.000510248119952487,0.00684435562352061,"AL079338.1"
"ENSG00000286548.1",33.8849844175866,-0.156481612984745,0.109655017223367,-1.42703559715825,0.153569634303045,0.322106333701965,"AL596214.1"
"ENSG00000286550.1",7.75585550979604,-0.797270297748107,0.188834594788494,-4.22205633793478,2.42083578920498e-05,0.000763951525402856,"AL591002.1"
"ENSG00000286553.1",3.1957323768681,-0.776829605749677,0.361384763428115,-2.1495914724811,0.0315875435376546,0.114630796521989,"AL357075.2"
"ENSG00000286555.1",58.7604270697476,-0.349135806604089,0.128756246556439,-2.71160286154388,0.0066958762495231,0.040873818844036,"AP003065.1"
"ENSG00000286558.1",3.93560303266388,-0.228565292932426,0.213946079935963,-1.06833129637542,0.285371095985851,0.477826708796665,"AC098679.4"
"ENSG00000286559.1",3.4207835263612,-0.857392027393484,0.384184968484951,-2.23171674512578,0.0256336898119492,0.100025851777669,"AC099845.1"
"ENSG00000286561.1",2.97365072897072,-0.758684470792832,0.32280124469704,-2.35031457671386,0.018757550803553,0.081761604988569,"AC011092.3"
"ENSG00000286563.1",6.80502653194954,0.375065973309357,0.207889313464759,1.8041618737316,0.0712059343169195,0.196208228656973,"AC078983.1"
"ENSG00000286568.1",1.19853255109562,-0.983528148508626,0.502720611255289,-1.95641102928476,0.0504167539436971,0.156522400938871,"AC007879.5"
"ENSG00000286575.1",6.98472748983042,-0.427925434322809,0.165978414489515,-2.57819931368149,0.00993166937171307,0.053512715389617,"AL356608.3"
"ENSG00000286577.1",1.8002546083058,-0.386224611353454,0.29343538141041,-1.31621691118858,0.188101249223767,0.366319185900912,"AC117528.1"
"ENSG00000286579.1",8.82942961522353,-0.52258505187298,0.160365930548459,-3.2587037039957,0.00111922493250818,0.0119049059674105,"AC023483.1"
"ENSG00000286583.1",2.99315364604457,-0.201904248919589,0.246157432230459,-0.820224061853884,0.412088387356266,0.601133009694263,"AC105101.2"
"ENSG00000286584.2",36.9453716494579,-0.26929171620376,0.111170347064854,-2.42233404242824,0.0154211677408525,0.0716599791261908,"AC023494.1"
"ENSG00000286585.1",15.2590161866462,0.150794654717987,0.117250393411343,1.28609082094047,0.198411367211897,0.378854648347424,"AC104472.4"
"ENSG00000286587.1",14.1577850901526,0.361547237194102,0.244669774548107,1.47769473308201,0.139489504780483,0.302561996394333,"AL133335.2"
"ENSG00000286588.1",22.2600374191248,-0.228014815933795,0.168242936936037,-1.35527125290545,0.17533115043578,0.350772109662768,"AC104841.1"
"ENSG00000286591.1",3.19567782209595,-0.112956966669783,0.227128523525522,-0.497326205077411,0.618959035222758,0.768212113450699,"AC006197.2"
"ENSG00000286592.1",1.76549134227961,0.0445433383199083,0.416623874597956,0.106914992240646,0.914856419278205,0.954836037713699,"LINC02885"
"ENSG00000286593.1",3.21458897133022,0.539848489623692,0.269941618456238,1.99987127850465,0.0455141652815401,0.146675356182201,"AP006261.1"
"ENSG00000286594.1",1.5999651772033,-0.34587135976243,0.321656501624894,-1.07528173071339,0.282248613050757,0.474758908417059,"AL133493.2"
"ENSG00000286596.1",5.87082061654317,0.577196265000006,0.23337959538172,2.47320792572261,0.0133906209706223,0.0652251563972095,"AC098595.1"
"ENSG00000286599.1",52.1298767040449,-0.199844433755943,0.124710366569581,-1.6024684976324,0.109052048326025,0.258576301183559,"AC110611.1"
"ENSG00000286602.1",4.69137768868711,-0.367134296268458,0.126050557185961,-2.91259558437992,0.00358438481628198,0.0267088011836338,"AC021660.4"
"ENSG00000286607.1",5.40264847617186,-0.692618524995746,0.217235955100665,-3.18832361187537,0.00143100286380814,0.0140995496729105,"AL135818.3"
"ENSG00000286608.1",6.87714266192109,-0.0158648236456728,0.177119714060314,-0.0895711904789455,0.928627979024262,0.962392995029588,"AC010201.3"
"ENSG00000286610.1",1.18630625594468,-0.509433658679442,0.47843694691083,-1.06478745416455,0.286972123753339,0.479385996794777,"AL356433.1"
"ENSG00000286611.1",1.84231947423234,0.434349977050364,0.297909508613251,1.45799299616932,0.144842473535161,0.310278747441901,"AC007405.4"
"ENSG00000286613.1",9.59711674834611,-0.289925774288531,0.154842150560855,-1.87239568320634,0.0611518818198162,0.178121574928009,"AC006213.7"
"ENSG00000286614.1",2.6765208080186,0.0260695572126512,0.296477443950914,0.0879309969259158,0.929931520030996,0.963082405711013,"AL589182.3"
"ENSG00000286615.1",12.4068583329893,-0.219853903679592,0.138973727258581,-1.58198177465962,0.113653731149027,0.265572267767023,"AC011416.4"
"ENSG00000286616.1",9.58836112226526,-1.01520728125013,0.186023779952523,-5.45740593761311,4.83140944303714e-08,8.08302083351937e-06,"AL008730.1"
"ENSG00000286618.1",2.90869091658823,-0.218625952225429,0.25396264807413,-0.860858688800622,0.389315876689063,0.580338488992518,"AC131944.1"
"ENSG00000286619.1",179.872644911114,-0.130924569764736,0.245521310660018,-0.533251347562378,0.59385960143867,0.749566254512744,"AC119673.2"
"ENSG00000286625.1",0.58245184347759,-1.21408237871124,0.659274976659133,-1.84154172643347,0.0655422117048894,0.186073075507035,"AC113370.1"
"ENSG00000286627.1",8.27910530054318,-0.122695371512252,0.219590874978613,-0.558745309996152,0.576335551686094,0.736048837095615,"AP005900.1"
"ENSG00000286629.1",5.35808615874143,-0.545724914051165,0.198118122722041,-2.75454313090184,0.00587741427080889,0.0374429302177651,"AC005803.1"
"ENSG00000286633.1",2.18413958670048,-0.799136012079365,0.347403941873232,-2.30030784271,0.0214307856723268,0.0889090526341153,"AL160400.1"
"ENSG00000286634.1",11.5931493213552,-0.556783859812537,0.153767538233477,-3.62094539724717,0.000293528464681544,0.00471644795054036,"AC146507.3"
"ENSG00000286635.1",2.16060314109738,-0.35549273758593,0.54728393173809,-0.649558148833165,0.51597767401986,0.690230018528737,"AC006112.1"
"ENSG00000286636.1",2.68452358300497,-0.498113409392052,0.223718608507962,-2.22651755575498,0.0259795343923821,0.100890777852045,"AL512356.4"
"ENSG00000286638.1",18.7335756624708,-0.690372872772265,0.199028523849731,-3.46871322471097,0.000522957354101333,0.00695876066750427,"AC123595.2"
"ENSG00000286640.1",1.59894640677264,0.286126900412609,0.37831696708005,0.756315273462386,0.449460192899858,0.633338054015109,"AC093151.5"
"ENSG00000286645.1",3.24981661751503,0.637014188286715,0.242865329823615,2.62291117776818,0.00871819979515692,0.0489386318968402,"AC013267.1"
"ENSG00000286646.1",91.4997395788269,-0.0933840511389612,0.170657407933143,-0.547201860557648,0.584240058091045,0.742380224190877,"AL121933.2"
"ENSG00000286647.1",1.50589800651843,-2.9278051796659,0.81406979543284,-3.59650388221219,0.000322522772321852,0.00504675391529784,"AC008459.1"
"ENSG00000286649.1",1.83927161784506,-1.76987560911461,0.909850278075256,-1.94523830102981,0.0517463040712006,0.159296320059406,"AC006566.2"
"ENSG00000286651.2",12.2810887667239,0.244439877232134,0.180436894817777,1.35471117189748,0.175509597053445,0.350933069500349,"PRSS43P"
"ENSG00000286652.1",8.79616665523496,-0.0309942500234233,0.120848730214772,-0.256471457898981,0.797586816856367,0.888100846471554,"AL021918.5"
"ENSG00000286654.1",2.30335320115556,-0.3091061245221,0.193872683754661,-1.59437687938164,0.110851647728397,0.261150856766312,"AC092636.1"
"ENSG00000286655.1",3.17669853864603,-1.01505406985715,0.350050016546989,-2.89974009962913,0.00373472189783353,0.0274178822810522,"AL158011.1"
"ENSG00000286656.1",35.494193162132,-0.190373980508088,0.14266374608323,-1.33442437714362,0.182064815354554,0.359099395323922,"AC008875.2"
"ENSG00000286657.1",7.98904393986223,-0.373299271976523,0.178287004579844,-2.09381089135604,0.036276829570662,0.125939988206053,"AC008453.2"
"ENSG00000286658.1",3.10676151573043,-0.975351336665202,0.464295873438945,-2.10071075894122,0.0356663643005345,0.124482678127445,"AC005153.1"
"ENSG00000286659.1",4.43100080847015,0.0492796265002326,0.146609601532189,0.336128234339501,0.736774167916783,0.849704829955392,"Z99716.2"
"ENSG00000286662.2",1.83474672658503,-1.52909865406645,0.353378328138191,-4.32708667258308,1.51094517588063e-05,0.000536288888492471,"AC087894.3"
"ENSG00000286667.1",5.71955870096085,-0.979007752487838,0.26489760574177,-3.69579690894678,0.000219198146501515,0.0038510627395646,"AC010641.2"
"ENSG00000286669.1",1.95019835242179,-0.172958599689045,0.280100688091765,-0.617487235991299,0.536913397728622,0.705320121040141,"AC008532.1"
"ENSG00000286672.1",12.2076841018431,-0.835812918915132,0.161461416352448,-5.17654891055003,2.26027817618553e-07,2.5413241403601e-05,"AL096712.2"
"ENSG00000286675.1",5.34659785413914,-0.321854063780062,0.165121566389316,-1.94919458928345,0.0512721908858413,0.158319889738668,"AC068700.2"
"ENSG00000286677.1",5.70483831249117,-0.0788487234095597,0.196582538424918,-0.401097289928804,0.688348496049024,0.817390822090814,"AP006545.3"
"ENSG00000286681.1",59.8071514652243,-0.295647266952145,0.115084122801813,-2.56896659377837,0.0102002290017404,0.0544399205121744,"AF235103.3"
"ENSG00000286682.1",7.6009883598062,-0.622653925722977,0.205438526927332,-3.03085275695743,0.00243864138770623,0.0205594759980159,"AC025262.3"
"ENSG00000286686.1",2.1993127829936,-0.334492981655872,0.353656945290024,-0.945811996938344,0.344244485444052,0.537592366147044,"AL136040.2"
"ENSG00000286688.1",5.10203193180593,-0.1923533542647,0.174057651657238,-1.10511288893803,0.269110676370861,0.460851536576989,"AP002748.6"
"ENSG00000286689.1",13.3610991228801,-0.340204732527826,0.158104575099226,-2.15177032235983,0.0314154483670551,0.114245169031607,"AC090946.1"
"ENSG00000286696.1",6.08074366149421,-0.627664823906966,0.244959198525536,-2.56232396123526,0.0103974282632283,0.0550861838268077,"AC090826.3"
"ENSG00000286698.1",0.90880291708823,1.44470169973327,0.448446991808485,3.22156626339963,0.0012749197749945,0.0130162232655296,"AC027612.3"
"ENSG00000286699.1",80.0865706229554,-0.228100765561799,0.107762711308078,-2.11669475269318,0.034285762471812,0.120983136192267,"AC084198.2"
"ENSG00000286705.1",21.0753887602174,-0.17109640679543,0.138477724662825,-1.23555183486751,0.216625197594055,0.400281249582203,"AC079140.6"
"ENSG00000286707.1",37.2327693673135,-0.267516082694535,0.109500173742243,-2.44306537197149,0.0145630990789555,0.0689195817534704,"AC010896.1"
"ENSG00000286708.1",7.33476775026667,-1.03924905545033,0.223599170830113,-4.64782159787135,3.35458843203738e-06,0.000181011851973777,"AP003783.1"
"ENSG00000286710.1",9.47829605064849,0.379446830228767,0.235380279538381,1.61205871185523,0.10694916420384,0.25529924168914,"AC188617.1"
"ENSG00000286712.1",2.17474662216918,-0.73718316635752,0.29352309893062,-2.51149967087179,0.0120219398001171,0.0605791283238359,"AC002331.1"
"ENSG00000286714.1",5.63286362080949,0.163577875716254,0.291384406348869,0.561381707984762,0.574537351139019,0.734721023417988,"AC093001.2"
"ENSG00000286715.1",4.56735969256994,-0.936619268574393,0.296741297909084,-3.156349571745,0.00159757268516027,0.0152532226575971,"AL589863.2"
"ENSG00000286717.1",1.2514264844405,0.548584250857969,0.329873650844233,1.66301324599282,0.0963097840395334,0.238858882600431,"AP001407.1"
"ENSG00000286721.1",4.4684826616193,-0.535568110541153,0.249242769075714,-2.1487809356606,0.0316517693278224,0.114803612183374,"AC010623.1"
"ENSG00000286722.1",155.822536495098,-0.482507009715575,0.223510812410133,-2.15876361645626,0.0308685105022755,0.112847844531927,"AC009244.1"
"ENSG00000286724.1",49.1337795927975,-0.105635566818274,0.0941067711893309,-1.1225076100608,0.261646673705062,0.453112947204614,"AL732509.1"
"ENSG00000286728.1",1.76923912189574,0.648007598562426,0.30538293602031,2.12195090861045,0.0338418607189335,0.120001817969481,"AC009236.2"
"ENSG00000286729.1",15.8710093369683,-0.0436103957297849,0.123224425306744,-0.353910319494085,0.723406093094221,0.841226412448982,"AC137695.3"
"ENSG00000286730.1",2.34036447807799,-0.387049478684396,0.323888033260944,-1.19501012367618,0.232083074774461,0.418802455630542,"AL365295.2"
"ENSG00000286732.1",6.54868179085539,0.0580739482656136,0.178327617179061,0.325658746436908,0.744682559663376,0.854602152532726,"AC091181.2"
"ENSG00000286733.1",25.7075612788111,0.0365838482387939,0.235800575768371,0.155147408438606,0.876705108113374,0.934080362404588,"LINC02348"
"ENSG00000286734.1",1.40701875710857,0.00842004827676018,0.342698325456521,0.0245698553255068,0.980398064003361,0.990363272797618,"AC133530.1"
"ENSG00000286735.1",3.50886767008931,-0.284025423938386,0.311708205097874,-0.91119007871225,0.362195230604598,0.555310421944226,"AC126182.3"
"ENSG00000286736.1",3.47191399636191,-0.0260394077673593,0.232888584284992,-0.111810580356718,0.910973598220303,0.952515436247245,"AC005753.2"
"ENSG00000286742.1",5.22700346927802,-0.688680090504501,0.252031302797669,-2.73251807557164,0.00628522225838894,0.0391714535096486,"AC000065.1"
"ENSG00000286743.1",2.63263650347739,-0.0560597844221641,0.320131849115636,-0.175114674085159,0.860989528177648,0.925432784135112,"AC127540.2"
"ENSG00000286746.1",3.29073679783095,-0.233009351794693,0.345748661448037,-0.673926981579108,0.500357737236703,0.676923489204013,"AL590807.1"
"ENSG00000286747.1",14.9151433707125,-0.00876343860687065,0.14194175131258,-0.0617396821289885,0.950770138460798,0.974238719022971,"AL627095.2"
"ENSG00000286750.1",25.5820671006069,-0.259269804263106,0.194021204662321,-1.33629622965358,0.181452468389473,0.358310138452326,"AC015802.7"
"ENSG00000286751.1",4.29183773537769,-0.317518332717475,0.43164187746055,-0.735605948582909,0.461970541387176,0.644285574497456,"AC140168.1"
"ENSG00000286752.1",1.17370698683483,-1.10848151277409,0.540141315207828,-2.05220649034704,0.0401495989911519,0.134965730938249,"AC022509.5"
"ENSG00000286753.1",36.0622186201116,-0.146532475380971,0.104411681425768,-1.40341074274481,0.160494391356048,0.331337057396705,"AC091978.1"
"ENSG00000286755.1",4.21195121803647,-0.406506977050444,0.204517054139287,-1.98764342055108,0.0468511405296447,0.149327400197265,"AC135893.1"
"ENSG00000286757.2",20.0836539907367,-0.275972264788037,0.166527510693501,-1.6572172588106,0.097475558445791,0.240578387817733,"AL137139.2"
"ENSG00000286760.1",51.5485733325388,0.121119431207544,0.0925809105684562,1.3082549141487,0.190786861833217,0.369615330605168,"AL022069.3"
"ENSG00000286769.1",2.42482932012778,-0.549569002451565,0.762830842537457,-0.720433642435714,0.471258042502565,0.652075724576613,"AC064869.1"
"ENSG00000286771.1",3.15508903571941,-0.905989855205493,0.361078753658241,-2.50911981396449,0.012103242403577,0.0608506870042722,"AC097658.3"
"ENSG00000286772.1",0.778882900844709,0.465989087257616,0.552343866057691,0.843657576182704,0.398860780505029,0.588933473716247,"AC009410.1"
"ENSG00000286780.1",3.67891127241507,-0.285736339819475,0.360791737769031,-0.791970297286562,0.428377995625319,0.615302870337437,"AL139379.1"
"ENSG00000286781.1",5.52510624516502,0.172468513825693,0.138163133307406,1.24829619665588,0.211922606523342,0.394481646268662,"AC099332.1"
"ENSG00000286782.1",22.7424010996252,-0.48693161307756,0.164049506056849,-2.96819920267739,0.00299550129545743,0.0236157292516373,"AL355377.3"
"ENSG00000286785.1",12.779091345198,0.0513830006915324,0.203731157865908,0.2522098300023,0.800878880385468,0.890326104187774,"LINC01622"
"ENSG00000286786.1",41.4338064562527,-0.948226390125069,0.163297452336042,-5.8067433175489,6.36996767964069e-09,1.75733985738191e-06,"AC116158.3"
"ENSG00000286787.1",25.6217906022037,-0.366454774002549,0.125589993810187,-2.91786600894652,0.00352435759013547,0.0264071800665942,"AL110114.1"
"ENSG00000286788.1",3.348944484192,-0.068412762133162,0.288335925639048,-0.237267562068572,0.812449225370235,0.897232628793951,"AC004687.3"
"ENSG00000286790.1",4.78968849782079,-0.55290302927387,0.278455448856014,-1.98560678753236,0.0470770022029575,0.149754885757984,"AC010494.1"
"ENSG00000286791.1",9.76646163934941,0.385824187879736,0.287199141849874,1.34340299694007,0.179141516999921,0.355234166977697,"AC079949.5"
"ENSG00000286796.1",6.1625441386194,-0.0166424197937562,0.159442612523219,-0.104378744994113,0.916868789572938,0.955947407342222,"AC010883.2"
"ENSG00000286797.1",22.6752931578441,-0.0880815477281996,0.260837976108296,-0.337686823990804,0.735599205033162,0.848972313695325,"AC009315.1"
"ENSG00000286802.1",8.85241788579987,0.0289309398260214,0.290584352955349,0.0995612445466634,0.920692663266309,0.958193836765402,"AC104459.1"
"ENSG00000286803.1",3.55895692145653,-1.63982268857835,0.404083468452912,-4.05812862094218,4.94675223447712e-05,0.00130500968417153,"AL109824.1"
"ENSG00000286808.1",38.2905081655989,-0.294152534708166,0.117836248472669,-2.49628224354403,0.0125502698125487,0.0622892267246848,"AC092338.3"
"ENSG00000286809.1",3.09300259059756,-0.367098813047625,0.202538963487083,-1.81248490032406,0.0699113049833909,0.193889586722607,"AC008964.1"
"ENSG00000286810.1",10.6627410325943,-0.0967732507610621,0.157815675496414,-0.613204299615097,0.539741262160379,0.707840842085094,"AL513128.3"
"ENSG00000286811.1",9.66072457917202,-0.455108148291283,0.242821966036199,-1.87424620482415,0.0608964983650989,0.177548569933378,"AL353138.1"
"ENSG00000286812.1",2.01324068647135,0.686622488633017,0.360895200996875,1.90255366858969,0.0570988095924864,0.169928548115013,"AP001120.5"
"ENSG00000286813.1",21.3780258105578,-0.830233190898978,0.18360303398666,-4.52189254649953,6.12891721603916e-06,0.000279517680335846,"AC015871.6"
"ENSG00000286818.1",486.726440923853,-0.26923236844986,0.331359214516698,-0.812509073702832,0.416499582161407,0.605120344520874,"AC008496.3"
"ENSG00000286825.1",6.25772952192229,-0.732614827852427,0.218793250453321,-3.34843431565878,0.000812695425999102,0.0095003752871447,"AL096870.10"
"ENSG00000286828.1",7.09448157221826,-0.124574053474018,0.217962620596991,-0.571538611220652,0.567634595029245,0.729380878900373,"AC008883.3"
"ENSG00000286830.1",25.3719383829042,-0.742623816873968,0.209382112295935,-3.54673954107581,0.000390029985435485,0.00572542694228553,"AC105052.5"
"ENSG00000286831.1",3.26500777386602,-0.0723915628792898,0.202871909525517,-0.35683384184928,0.721216199723066,0.840119342828454,"AC244472.1"
"ENSG00000286833.1",5.97273073195489,-0.119307043195454,0.157035050146992,-0.759747859371372,0.447405315067662,0.631982600234913,"AC097532.3"
"ENSG00000286834.1",4.54421996636168,-0.236318454563955,0.156832509042752,-1.50682059482664,0.131856649140163,0.292236594566219,"AL360020.1"
"ENSG00000286835.1",10.7566873058443,-0.166568956996826,0.131098910225741,-1.27055943264523,0.203885426729742,0.384936244718428,"AL133477.1"
"ENSG00000286839.1",5.47365901389273,0.0672581240339769,0.331198735463306,0.20307482134523,0.839076551337846,0.912288005964239,"AC093240.1"
"ENSG00000286843.1",2.10380242036679,-0.216785093581642,1.14978131643384,-0.188544630603341,0.850449732660047,0.919316307329814,"AL160159.1"
"ENSG00000286846.1",9.0299454337267,-0.897257284107114,0.209370220421554,-4.28550575292199,1.82323929630845e-05,0.000622396637020969,"Z93943.1"
"ENSG00000286847.1",5.26199133766027,-0.836909737375843,0.22432323554082,-3.73082055168356,0.000190857135349661,0.00346656116049987,"AC007036.5"
"ENSG00000286848.1",7.05769815218422,-0.484596723652743,0.176870502528407,-2.73983912933651,0.00614692629998175,0.0385840153290521,"AC009570.2"
"ENSG00000286849.1",6.63192010401316,-0.377780971143336,0.377525221350981,-1.00067743763301,0.316982778758779,0.510945207907429,"AC009152.6"
"ENSG00000286850.1",1.47976061983422,0.200588691113026,0.350839845904369,0.57173862505829,0.567499062748843,0.729314524663972,"AL358232.2"
"ENSG00000286855.1",2.33713806834228,-0.887065169163861,0.504220415564386,-1.7592805483113,0.0785298688204821,0.209243291127676,"AC074024.1"
"ENSG00000286856.1",3.97420632013269,-0.345514033626529,0.2023127707891,-1.70782117351706,0.0876695290483123,0.224858205169992,"AC061708.1"
"ENSG00000286859.1",16.3513652390303,-0.250651980848237,0.130481174811009,-1.92098194403358,0.0547339838579447,0.165225204349754,"AL158214.2"
"ENSG00000286861.1",16.9737134735349,-0.425506131605487,0.156489053336803,-2.71907921054193,0.00654639292139992,0.0402788873650282,"AL049779.4"
"ENSG00000286863.1",6.96557801781525,-0.434282424066696,0.18734502730815,-2.31808887754665,0.0204444912673564,0.0864812329611041,"AL513166.1"
"ENSG00000286864.1",7.1276932620079,-0.501268562579919,0.198086579970522,-2.53055286559299,0.0113882921780754,0.0585155111830485,"AC012076.1"
"ENSG00000286865.1",1.91052669517576,-1.13909655100564,0.505580385097484,-2.25304735820795,0.0242561630981724,0.0965328884847902,"AL391097.3"
"ENSG00000286868.1",4.540847736492,-0.107502481084367,0.485944326301829,-0.221223863034868,0.82491812951606,0.904134819791223,"AC074290.1"
"ENSG00000286872.1",10.1036914961913,-0.140124678349586,0.152787929495361,-0.917118772486808,0.359080405001789,0.552210731116101,"AC024270.4"
"ENSG00000286873.1",41.5353235134954,-0.110442742763808,0.0862805383593975,-1.2800423463257,0.200530243327392,0.381173473656801,"AC012306.3"
"ENSG00000286874.1",4.83528644101027,0.349865052318635,0.177659844886879,1.96929729698573,0.0489189614133141,0.153537447750726,"AC072054.1"
"ENSG00000286876.1",0.659434202523835,-1.05162055945542,0.508515910790418,-2.06801898847337,0.0386382375788592,0.131412040666009,"AC069540.2"
"ENSG00000286877.1",2.09067406525069,-0.397717005233647,0.360299595067044,-1.10385082492152,0.269657853376656,0.461437032918843,"AC090510.4"
"ENSG00000286878.1",2.28065433471436,0.559602995140605,0.237162520762216,2.35957601286282,0.0182958321964301,0.0804760392807169,"AC100805.1"
"ENSG00000286882.1",4.41786337412468,-0.981648301698376,0.3037502920867,-3.23176084853996,0.00123029975934489,0.0127110931449872,"AC116428.1"
"ENSG00000286885.1",7.41207971879142,-0.319489201739746,0.132477041271363,-2.41165713450161,0.0158802072847034,0.0731405923341553,"AL138824.1"
"ENSG00000286886.1",4.6403184358576,-0.566393236498014,0.335214019390286,-1.68964662494789,0.0910955802834861,0.230528669833975,"AJ011931.2"
"ENSG00000286887.1",5.52301202778111,0.346359163805215,0.145913789070191,2.37372469053353,0.0176096751526353,0.0784844598201724,"AL355881.1"
"ENSG00000286888.1",3.0022574586797,-1.09262655586688,0.336054595431972,-3.2513364516334,0.00114863839846402,0.0121017779114122,"AC006427.2"
"ENSG00000286890.1",1.06183141831475,-1.71747403096066,0.675108656264374,-2.54399645897607,0.0109592195578575,0.0570994204600545,"AC055840.1"
"ENSG00000286891.1",2.04552914674165,-0.866068079048164,0.327721022554741,-2.64269918449769,0.00822480721226895,0.0470315437816915,"AC080132.1"
"ENSG00000286892.1",24.8046376778015,0.149591273807214,0.234130393549717,0.63892291615462,0.52287307928153,0.695289267835775,"AC084212.1"
"ENSG00000286894.1",2.14035674837611,-1.88447120338389,0.546740411029306,-3.44673846192591,0.000567397577545193,0.00735876856799318,"AC009141.1"
"ENSG00000286895.1",9.36305978822582,-0.0452083873990158,0.144204297818177,-0.313502357995028,0.753899029502281,0.860632441362553,"AC092745.5"
"ENSG00000286896.1",1.9121299142809,0.332955575623129,0.255427460941576,1.30352302135316,0.192396262089559,0.371610416763224,"AC112236.3"
"ENSG00000286899.1",2.84972310941769,-0.615188048600366,0.289835984569983,-2.12253854369772,0.0337925395433287,0.119890773552434,"AL139286.2"
"ENSG00000286900.1",2.14515655600083,-0.0238357783762165,0.356922323878354,-0.0667814165200274,0.94675571784695,0.97215982834033,"AL590235.2"
"ENSG00000286904.1",35.0079457232304,-0.0703160410442244,0.104891605898227,-0.670368619510408,0.50262283375546,0.678795561167338,"AC093675.1"
"ENSG00000286907.1",2.54226873736875,-1.72358306062198,0.471833161737403,-3.65295023833283,0.000259244485544554,0.00433067067598336,"AC123512.1"
"ENSG00000286909.1",35.1350272852805,-0.256754874666646,0.149878118803226,-1.71309112175165,0.0866957771194643,0.223281697813748,"AC024560.4"
"ENSG00000286911.1",2.13973363719639,0.426323714692823,0.306257428656618,1.39204366915399,0.163909174551725,0.335569107327175,"AC009533.3"
"ENSG00000286912.1",35.0472522556934,-0.33830666688438,0.142348850594912,-2.37660272963575,0.0174728952069824,0.078104873808548,"AC006008.1"
"ENSG00000286913.1",5.53351943562263,0.173358196369027,0.174655759266549,0.992570740850622,0.320919189483825,0.514652191417738,"AC092943.2"
"ENSG00000286918.1",12.3685372120216,-0.190743779266708,0.114686361976713,-1.66317752153859,0.0962769058108461,0.238812920962636,"AL035411.3"
"ENSG00000286919.1",3.64590009193876,0.297550139429058,0.278359517638171,1.06894185603465,0.285095869981471,0.477589911795629,"AC133681.1"
"ENSG00000286923.1",7.8304441965184,-0.601044518384347,0.176561266882306,-3.40416971965316,0.000663655042625005,0.00820462953364808,"AC004522.5"
"ENSG00000286924.1",4.89240303042627,0.111327954514149,0.208784005400823,0.533220704816069,0.593880810622552,0.749566254512744,"AL139815.1"
"ENSG00000286926.1",1.50138528556347,-0.635906794728365,0.578845082124805,-1.09857855644916,0.271951935268354,0.464027049041068,"AP002505.3"
"ENSG00000286928.1",1.40282846552441,-1.05349870454848,0.518862091917394,-2.03040214530878,0.0423156787799348,0.13961112809636,"AC012325.1"
"ENSG00000286931.1",13.4693053145869,-0.048482693377044,0.137444862606473,-0.352742855990608,0.724281227505544,0.841672370737609,"AL136419.3"
"ENSG00000286939.1",2.08540849050193,0.0641262587137402,0.2637809326848,0.243104223118229,0.807924659765622,0.894134085615692,"U82671.1"
"ENSG00000286940.1",63.5566262789176,0.259617358988538,0.135205751054233,1.92016505928362,0.0548370535575385,0.165430411751643,"MICB-DT"
"ENSG00000286942.1",5.51147053599046,-0.273243508699761,0.201299999468263,-1.35739448296839,0.174655900293427,0.350012171979105,"AC017104.5"
"ENSG00000286943.1",6.41321146808684,-1.10077027592429,0.197962752306271,-5.56049187587203,2.69015375672945e-08,5.17706872964126e-06,"AP001992.2"
"ENSG00000286944.1",128.053827889209,-1.01100945961907,0.333687571273015,-3.02980855943204,0.00244708796260042,0.0206046786896449,"AL137018.1"
"ENSG00000286947.1",1.44073750763513,-1.546268990783,0.864663097455742,-1.78829071731276,0.0737291167177761,0.200806894869512,"AC022467.2"
"ENSG00000286949.1",1.9214248370843,-0.262839667275854,0.503837381614101,-0.521675597856231,0.60189621766519,0.755701277472081,"AC008969.2"
"ENSG00000286951.1",3.90037618422789,-1.28248216347147,0.255101364569141,-5.02734340773732,4.97321294986642e-07,4.40354198776337e-05,"AL356113.1"
"ENSG00000286952.1",20.0445862116562,-0.908052411840482,0.204748843540249,-4.43495746368883,9.20904700859895e-06,0.000378944428627746,"AC093928.1"
"ENSG00000286953.1",1.15009024326439,-1.11910903232924,0.851059892739438,-1.31495919602907,0.188523616272814,0.366811802733375,"AC122697.1"
"ENSG00000286954.1",3.90498946051196,-0.079850206146438,0.386328376884192,-0.206689984283433,0.836251979888999,0.910895928193119,"AL033539.2"
"ENSG00000286962.1",1.78975462242799,0.244613827535181,0.296185250258244,0.825881191996909,0.40887149069315,0.598327921394534,"AC027128.1"
"ENSG00000286964.1",67.6172027181584,-0.268266839513957,0.102935255957853,-2.60617061683704,0.00915608403812829,0.0506191902221967,"AL136169.1"
"ENSG00000286965.1",10.5504293937557,-0.558971591711347,0.230692199420573,-2.42301904058876,0.0153921199020991,0.0715712078073444,"AC108066.2"
"ENSG00000286966.1",1.63720190824835,0.815854832135573,0.289928904846907,2.81398238842855,0.0048931909065905,0.0329175600834749,"AL137800.1"
"ENSG00000286969.1",0.443750073623504,-1.0868797209788,0.501609741146242,-2.16678352078079,0.0302513645671213,0.111270103994705,"AC087369.2"
"ENSG00000286970.1",7.68797253235601,-1.02603095126319,0.228718696945063,-4.48599508902255,7.25744129100071e-06,0.000316673647314924,"AC010491.2"
"ENSG00000286972.1",2.36678471731101,-0.104285835860228,0.265292446879576,-0.393097644078675,0.69424736408504,0.821425459941517,"AL035665.2"
"ENSG00000286974.1",21.0405513404974,-0.342060289178195,0.156032848794729,-2.19223254475214,0.0283627196379804,0.106632623957005,"AL662884.5"
"ENSG00000286975.1",7.23197602461325,0.0354582694383283,0.146843700419366,0.241469462680825,0.809191281567121,0.895089552037151,"AP005136.4"
"ENSG00000286976.1",1.33363751023119,-1.28258909857668,0.525162840677214,-2.44226932911464,0.0145952534985907,0.0690179287931786,"AC084335.1"
"ENSG00000286977.1",65.2703142259468,-0.157986961293078,0.126169069768635,-1.25218456142055,0.210502620257424,0.392883940813455,"Z83745.1"
"ENSG00000286984.1",6.68877711341743,0.883938612781014,0.31027897830495,2.84885111331087,0.00438774084910732,0.030644940820849,"AC090578.3"
"ENSG00000286989.1",35.4707867500609,-0.277851314067689,0.159865063077999,-1.73803649601742,0.0822043832382576,0.215821349353467,"AL691432.4"
"ENSG00000286990.1",6.89747456870725,-0.13110091207535,0.174814961063205,-0.7499410306647,0.453290221287521,0.636499001996012,"AC016026.2"
"ENSG00000286993.1",2.24929049851209,-1.48188600378092,0.583597613057175,-2.53922560789456,0.0111098155186738,0.0576135651188794,"AC035139.2"
"ENSG00000286994.1",1.82049820056498,-1.90685417033229,0.753719722059609,-2.52992473796709,0.0114086995848252,0.0585705220165898,"AC069243.1"
"ENSG00000286995.1",4.726020207958,0.0941880774529194,0.488361599368319,0.192865445552535,0.84706434737189,0.917115880229344,"AC092448.1"
"ENSG00000286996.1",6.6886867010779,0.199602888247868,0.149836092905566,1.33214157134802,0.182813672058688,0.359975785803575,"AC099332.2"
"ENSG00000286997.1",37.4599581132573,-0.879264614795899,0.186571854452349,-4.71273985766414,2.44408131016139e-06,0.000145064034031236,"AC005856.1"
"ENSG00000287001.1",2.15586210852895,-0.159221359373632,0.207300890193691,-0.76806886465786,0.442446273308342,0.627357912148834,"AC010624.5"
"ENSG00000287002.1",1.93325944100692,-0.207696045375759,0.31457519466726,-0.660242920918951,0.509097952780073,0.684229473944565,"AL589644.1"
"ENSG00000287003.1",14.1409572991233,-1.02409419244333,0.320609978443872,-3.19420561210829,0.00140216211910835,0.0138873743698548,"AC008674.1"
"ENSG00000287005.1",10.4658657053143,0.0143114022183775,0.136567363612398,0.104793721133812,0.916539492426416,0.95572379483064,"AC090018.2"
"ENSG00000287007.1",2.53916384135324,-0.062422795605629,0.268864985528713,-0.232171532053075,0.816404787807524,0.899571888150783,"AC087683.3"
"ENSG00000287009.1",8.61772631391711,0.158714590470653,0.12482824140404,1.27146380246543,0.203563697023244,0.384655551676875,"AC021037.1"
"ENSG00000287011.1",6.19997050990799,-0.991897202568446,0.27263075211959,-3.6382440163366,0.000274503281758714,0.00448872188585112,"AC003077.1"
"ENSG00000287012.1",4.54444141769618,0.0963844324671268,0.218645393948836,0.440825350703163,0.659339439358787,0.797275558586862,"AC108667.2"
"ENSG00000287016.1",8.85019494455755,0.164653543459602,0.154081736328206,1.06861168223648,0.285244682304325,0.477698752915386,"AC010996.1"
"ENSG00000287023.1",3.85246139743038,0.813496047716479,0.434915870118838,1.87046760904401,0.0614189109548034,0.178559858288708,"AC018978.1"
"ENSG00000287024.1",39.2182050245981,-0.0562036986495617,0.139217355531859,-0.403711867926551,0.686424611407087,0.81655708904005,"AL022162.1"
"ENSG00000287029.1",3.22400279139018,0.124934590954832,0.211931234591927,0.589505323249748,0.555522342247178,0.720294634904207,"AL162713.2"
"ENSG00000287032.1",6.38232733655473,-0.219784032945251,0.194250666132195,-1.13144545303994,0.257867649696329,0.448804833568921,"AC018647.3"
"ENSG00000287033.1",7.48393619807288,-0.420313679921413,0.148995894582641,-2.8209749073877,0.00478779477289814,0.0324379428925718,"AL590101.1"
"ENSG00000287037.1",3.4803105667381,0.140246472560246,0.292417512539962,0.479610374023272,0.631504468351361,0.77728116621028,"AC097709.1"
"ENSG00000287038.1",3.5688738349557,-0.230482895098174,0.379940468714487,-0.606628969738348,0.544097170286831,0.711661314149425,"AL162388.2"
"ENSG00000287042.1",4.75326918936763,-0.694057713612856,0.255876536418038,-2.71247111332999,0.00667836018758331,0.0408006246777338,"AC090945.1"
"ENSG00000287044.1",2.9425273461799,-0.701209404841822,0.313788085211756,-2.23465911514333,0.025439736671853,0.0995960904299154,"AL139106.1"
"ENSG00000287045.1",6.81597026718251,-0.510406929755886,0.235436952224044,-2.16791342622452,0.0301652741271436,0.111094299946349,"AC072028.1"
"ENSG00000287046.1",7.84657492336255,-0.289289326586786,0.252199681848707,-1.14706459764818,0.251354924084768,0.441439019230585,"AC092810.3"
"ENSG00000287048.1",4.87039105072667,0.0675688749197593,0.276920217502369,0.244001234468123,0.807229863843566,0.893900011872405,"AC096589.2"
"ENSG00000287049.1",3.49998080737314,-0.348263898467394,0.27698791173117,-1.25732526120274,0.208635880338265,0.390733213321057,"AC124862.1"
"ENSG00000287051.1",71.9876489517018,-0.0113796925293596,0.170088508772612,-0.0669045346536191,0.946657702998187,0.972119148265588,"AC121757.2"
"ENSG00000287052.1",16.3643144308373,-0.346745575574372,0.267136379215624,-1.29800956572257,0.194284047933915,0.373820341582388,"AC016240.1"
"ENSG00000287054.1",4.73033626956035,-0.0620900344768735,0.217741409374375,-0.285154921405505,0.77552545466171,0.874883740920721,"AC113410.5"
"ENSG00000287055.1",16.6883531823479,-0.0739132596229623,0.205811065977473,-0.359131610693142,0.719496634943566,0.838967549284678,"AL359813.1"
"ENSG00000287056.1",5.21351115505113,-1.80804715290421,0.438625213538373,-4.1220775666742,3.75470720778642e-05,0.00106569025634129,"AL606970.5"
"ENSG00000287059.1",18.8971494845665,-0.196246213489951,0.196767369681659,-0.997351409471242,0.318593968031649,0.512333557428436,"AC090004.2"
"ENSG00000287061.1",4.32866609930849,-0.154233390580701,0.166898080792376,-0.924117220811963,0.355425288216156,0.548950367442034,"AC124248.2"
"ENSG00000287063.1",3.22010658436041,-0.234273089187357,0.227500755880538,-1.0297683991449,0.303118738361084,0.496225212974164,"AL356489.3"
"ENSG00000287064.1",5.09387021557089,-1.1457461278209,0.324452167309234,-3.53132524070609,0.000413482988748764,0.0059387787508251,"AL606500.1"
"ENSG00000287066.1",1.51134953154594,-1.95377304554609,1.01896467608788,-1.91740998622957,0.0551858665550667,0.166001360247365,"AP000962.3"
"ENSG00000287067.1",8.86197635311997,-0.202047007910801,0.181722146373617,-1.11184581484854,0.266204449452761,0.457904662135405,"AC106791.3"
"ENSG00000287069.1",9.43566034575158,0.23215138362682,0.279785986005101,0.829746289088932,0.406682244108214,0.596354098804815,"AC061958.1"
"ENSG00000287074.1",15.5164953046584,-0.134832051820528,0.138109977726708,-0.976265828435168,0.328932749131283,0.522516796361687,"AC137561.1"
"ENSG00000287077.1",27.7807987770575,-0.195723440625049,0.106466694316262,-1.83835369250451,0.0660103040304513,0.186845863976009,"AL157893.2"
"ENSG00000287078.1",3.88456436693454,-0.17011968961619,0.157922206380399,-1.07723728989962,0.281374269946775,0.473862793734533,"AL513218.2"
"ENSG00000287080.2",12.1484918063103,-0.865036391046241,0.327204744990684,-2.64371591271046,0.00820014478434205,0.0469326835662885,"H3C3"
"ENSG00000287081.1",2.01429295270377,-1.51784046079474,0.582983795160755,-2.60357230062664,0.0092257806369625,0.0508446852543468,"AC104656.1"
"ENSG00000287085.1",3.10679366417788,-1.26441993268313,0.359429620153878,-3.51785123369022,0.000435056185089172,0.00614263170914919,"AC012066.1"
"ENSG00000287087.1",3.4604388287515,-1.57278959781188,0.280777869804028,-5.60154402093593,2.1245081713135e-08,4.29895199378711e-06,"AC025175.2"
"ENSG00000287088.1",3.37247328726348,0.794071173362911,0.339652801566076,2.33789083941483,0.0193929116001062,0.0836223553817297,"AP001066.1"
"ENSG00000287090.1",3.52284540743438,0.769514707989395,0.327511413041908,2.34958134998162,0.0187945366757947,0.0818585177325005,"AC116345.4"
"ENSG00000287091.1",31.4890670250408,-0.160231824442042,0.100020243288943,-1.60199394815665,0.109156947757752,0.258714477233491,"AC009961.3"
"ENSG00000287094.1",2.68066273777531,-0.849297488162663,0.327610362628355,-2.59240117238329,0.00953085601743018,0.0519480850303571,"AL049552.2"
"ENSG00000287095.1",4.76998878720533,-0.409155039173518,0.238501029189888,-1.71552735249524,0.0862485849581767,0.222577640416446,"AF228727.1"
"ENSG00000287097.1",21.206117479772,-0.971322677439737,0.249843640018365,-3.88772224647519,0.000101189322710254,0.00222063810667116,"AL590550.1"
"ENSG00000287099.1",1.92581178122399,-1.44298491384619,0.457380728461958,-3.15488787360705,0.00160559798338567,0.0153018911404987,"AL121750.1"
"ENSG00000287100.1",9.18188026197993,-0.434245647252948,0.164990264050419,-2.63194710155896,0.00848970801603609,0.0480611883995732,"AL078600.1"
"ENSG00000287101.1",5.36913379093954,-0.093315126724539,0.238877396024374,-0.390640254279302,0.696063166600318,0.822590906063623,"AC093772.2"
"ENSG00000287104.1",93.2813178695432,-0.103725460281907,0.0785255433581783,-1.32091362690462,0.186530165545008,0.364509526412511,"AC097382.3"
"ENSG00000287106.1",2.8094190405613,-1.46454630051943,0.543899337057091,-2.69267895865389,0.00708804844920041,0.0425346786263932,"AC106743.1"
"ENSG00000287108.1",2.59238406128181,-0.164328852997829,0.223368248221501,-0.735685820640333,0.461921920788328,0.644244753416522,"AC023302.2"
"ENSG00000287109.1",4.4210711502647,-0.585812252990197,0.245465551335317,-2.38653550285738,0.0170079650845854,0.0765210419929702,"AP000224.1"
"ENSG00000287110.1",15.8795388913358,-0.35925049751886,0.16299282756388,-2.20408776808331,0.0275181722170394,0.10457282360711,"AC112484.5"
"ENSG00000287114.1",2.8141926072063,0.607752725076916,0.266685894354318,2.27890840101748,0.0226725109266085,0.0923164982276046,"AC104024.3"
"ENSG00000287115.1",6.72819303585142,0.253958186166702,0.151512705417,1.67615108889876,0.0937086018426928,0.234680343098298,"AC009951.6"
"ENSG00000287117.1",8.35777402790006,-0.67820929803212,0.198874596916416,-3.41023594037583,0.000649067025803685,0.00807525728328927,"AC105916.1"
"ENSG00000287118.1",0.838464275889193,-2.52333602694735,0.894631467292909,-2.82053126812405,0.00479442007834709,0.0324740137151568,"AC008056.3"
"ENSG00000287119.1",7.03965990202474,-0.289258161353688,0.194701615965595,-1.48564848791394,0.137372122524945,0.299569664978254,"AC092580.4"
"ENSG00000287121.1",2.4756739447574,-0.463858339858798,0.342744518239601,-1.35336472262565,0.175939141648606,0.35144548166479,"AC007220.2"
"ENSG00000287124.1",3.80328943843044,-0.0859847717554168,0.208714505311813,-0.411973147850736,0.680359104905785,0.812365802805591,"AL512603.2"
"ENSG00000287125.1",14.3805665269827,0.566703917919139,0.204212679526973,2.77506724475592,0.00551902951229094,0.035810767794329,"AC018695.9"
"ENSG00000287126.1",86.1720075716234,-0.197759812155956,0.117953029007899,-1.67659799684087,0.0936211187554728,0.234549469992171,"AC108488.3"
"ENSG00000287129.1",5.67349364533598,-0.826748703631638,0.222810754957037,-3.71054217643602,0.000206815835159864,0.00369041890821467,"AC097500.1"
"ENSG00000287133.1",3.43186029571823,-0.00898141540567557,0.174072399827615,-0.0515958613460258,0.958850717116864,0.979282221278423,"AC007279.1"
"ENSG00000287134.1",50.7377174517232,-0.678084422181986,0.193721121252429,-3.50031229324967,0.000464713390027535,0.00642520838612131,"AC106845.1"
"ENSG00000287136.1",1.39320668135453,-0.874505367015216,0.519333228194252,-1.68390027739206,0.0922009427371968,0.232284978172493,"AC073578.5"
"ENSG00000287141.1",4.11868963191833,-1.50740725952395,0.284332980672227,-5.30155614012871,1.14819727487722e-07,1.57312476841511e-05,"AC093675.2"
"ENSG00000287145.1",0.929907544944634,0.320146855366822,0.592185260335178,0.540619425727717,0.588769925611208,0.745745373154801,"AC009413.1"
"ENSG00000287146.1",4.22735434249325,-0.327942586785543,0.164563739760814,-1.99279979454887,0.0462833742798787,0.148193150596269,"AC000085.1"
"ENSG00000287149.1",2.24858855527355,0.238431278147215,0.425606741940404,0.560214993447171,0.575332801307121,0.735384303525089,"AC092640.1"
"ENSG00000287151.1",125.423178640734,-0.0957714460922124,0.135107393263953,-0.708854221656902,0.478414945826869,0.658475703477363,"C2orf27A"
"ENSG00000287154.1",2.74248719505239,-0.662511521922841,0.288009776235103,-2.30030914430499,0.0214307119839726,0.0889090526341153,"AC005599.1"
"ENSG00000287156.1",13.198150975743,-0.376364523638326,0.169089349192631,-2.22583223269469,0.0260254209284815,0.100986519693699,"AL138479.2"
"ENSG00000287157.1",0.895745792654107,0.348427405647386,0.676775697535939,0.514834393309289,0.606668749372271,0.759692727954054,"AL034351.3"
"ENSG00000287158.1",16.4783175379047,-0.385754051488496,0.361086470751108,-1.06831488503592,0.285378496311924,0.477826708796665,"AC117464.1"
"ENSG00000287164.1",5.84381883181543,-0.231340981256363,0.211859729846806,-1.09195353653875,0.274853524312856,0.4675402812665,"AC112254.1"
"ENSG00000287166.1",5.20667521699115,-0.223363744862714,0.15419089562925,-1.44861824656489,0.147444222682528,0.313504949915022,"AC104561.4"
"ENSG00000287167.1",4.65409077591344,-0.52580556509822,0.195429600100046,-2.69051139043956,0.00713425995256246,0.0427426518986255,"AL133313.1"
"ENSG00000287168.1",28.673634561006,0.184834287223188,0.137355623243294,1.34566232425589,0.17841144206347,0.354343025748321,"AL512625.3"
"ENSG00000287169.1",3.40912774773557,-1.05565881223107,0.506310844504052,-2.08500138539423,0.0370691747784927,0.12791708498138,"AC107050.1"
"ENSG00000287170.1",7.69538340252304,-0.169659705882459,0.136972995500885,-1.23863616519479,0.215480268584016,0.398862063791618,"AC010327.8"
"ENSG00000287171.1",4.59188442637062,0.0272131797397613,0.213065792910927,0.127721955589266,0.898369014346907,0.945871401747306,"AC006062.1"
"ENSG00000287175.1",7.24362849784716,0.172049910377333,0.186965269900357,0.920223902915374,0.357455765750724,0.550533151236587,"AL513303.1"
"ENSG00000287176.1",0.956948908519783,-0.442220912695982,0.824469045209878,-0.536370546917756,0.591702482869678,0.748065267797532,"AC099517.1"
"ENSG00000287180.1",6.16530969409843,-0.560603647608415,0.189165921826673,-2.96355518052601,0.00304107532415902,0.0238451532659506,"AC106818.2"
"ENSG00000287183.1",1.65832010024561,0.4428673618141,0.341071338101855,1.29845962512935,0.194129441661092,0.373657368400459,"AC093824.2"
"ENSG00000287185.1",17.4656430258813,0.0412684895690171,0.206368785905287,0.199974474763627,0.841500544087139,0.913667442256908,"AC041005.1"
"ENSG00000287188.1",16.9741529707361,-0.152274444497595,0.155881507722129,-0.976860223658058,0.328638356183725,0.522285756996508,"AC068989.1"
"ENSG00000287189.1",100.838753389817,-0.959853275387996,0.256888937700812,-3.7364523516614,0.000186634795025787,0.00342160365131802,"AL121956.7"
"ENSG00000287191.1",8.04510509207898,-1.15844517351809,0.394915202072665,-2.93340232900158,0.00335269123140041,0.0255533466156862,"AC055807.1"
"ENSG00000287193.1",3.53961857806796,0.0040094187154605,0.170436663684541,0.0235243909894967,0.981231982670479,0.990721861906223,"AC132938.6"
"ENSG00000287195.1",10.5491146648904,-0.488368198388471,0.204029597482343,-2.39361447757958,0.0166832741951149,0.0756107062044595,"AC131568.1"
"ENSG00000287200.1",7.39205703338331,0.0589576972803306,0.127869128583556,0.461078431779604,0.644742335230075,0.786670174967725,"AC022506.2"
"ENSG00000287201.1",2.80510581591665,-1.98879200170192,0.591527445309207,-3.36212971599708,0.000773437811575976,0.00917025109002812,"AC009682.1"
"ENSG00000287202.1",21.9663332187186,-0.627405828740054,0.164615999803522,-3.81132957603694,0.000138221334903605,0.00277886648728606,"AC008119.1"
"ENSG00000287205.1",7.37601435764201,-0.24755836203186,0.226996077631176,-1.09058431588449,0.275455833985273,0.467972843606613,"AL451054.4"
"ENSG00000287214.1",8.91289804465954,-0.220928317077092,0.207456737661749,-1.06493681317455,0.286904524574434,0.479363101375016,"AC021321.2"
"ENSG00000287216.1",4.85710302806197,-0.123609302691279,0.186868309149308,-0.661478146048376,0.508305725110038,0.683786112816215,"AC106865.2"
"ENSG00000287218.1",9.25270776012106,0.0382094302072972,0.180451498940272,0.211743490254654,0.832307156983528,0.908614033427963,"AL359962.3"
"ENSG00000287220.1",1.04939373741043,-1.91646517018343,0.659401888705825,-2.90636894283816,0.00365650035763355,0.0270464044449442,"AL590138.1"
"ENSG00000287221.1",4.61252101206732,-0.016485319971391,0.17325299231053,-0.0951517186026055,0.924194318885207,0.9601987453503,"AL589794.2"
"ENSG00000287222.1",105.959288397849,-0.0369609595301989,0.10566248135698,-0.349802115713397,0.726487211127427,0.842801846903922,"AC234917.3"
"ENSG00000287223.1",2.5255108649134,-1.7652554429266,0.319274883270532,-5.52895180743309,3.22149820128711e-08,5.82898584866585e-06,"Z94277.1"
"ENSG00000287225.1",1.93333517437213,-0.964096981765576,0.42585170798901,-2.2639265351742,0.0235786335962932,0.0946585612349441,"Z84468.2"
"ENSG00000287229.1",3.22588511738684,-0.274779362861589,0.362363919283245,-0.758296696329763,0.448273384595452,0.632493406802301,"AC009731.1"
"ENSG00000287232.1",22.6882398020474,-0.012836575812549,0.170793049084295,-0.0751586547659412,0.940088479986605,0.968629789681667,"AC079848.2"
"ENSG00000287234.1",3.72948634316567,-0.381251729507023,0.203916164088305,-1.86964937876099,0.0615325234108168,0.17877670843148,"AL592211.2"
"ENSG00000287235.1",4.41310490762685,0.397878046335895,0.30950362977946,1.285535961628,0.198605058425338,0.379072304658303,"AL732437.2"
"ENSG00000287236.1",16.9346589706756,-0.196968812504262,0.15760359008913,-1.24977364026334,0.211382247830232,0.393929424965683,"Z73420.1"
"ENSG00000287237.1",2.7484582985869,-0.595919321514121,0.232302335511125,-2.56527477523179,0.010309412721335,0.0547527916301172,"AC073655.3"
"ENSG00000287238.1",13.025826293568,-0.0423122718870664,0.224385731112133,-0.188569351880586,0.850430355480191,0.919316307329814,"AP002954.2"
"ENSG00000287241.1",0.843182782982751,-0.848860390802296,0.530710421353926,-1.5994794084441,0.109714120405105,0.259407843854085,"AL359511.3"
"ENSG00000287242.1",11.1210327691074,0.245304308677864,0.153008101479893,1.603211243753,0.108888023933908,0.258371390551749,"AC073593.2"
"ENSG00000287243.2",4.31423861896596,-1.00926692990834,0.328589184801247,-3.07151597371902,0.00212974768353782,0.0186495764408271,"THCAT155"
"ENSG00000287245.1",12.4581409843152,1.01110796358391,0.259199880139058,3.90088129300623,9.58431417721429e-05,0.0021386767553753,"AP001981.2"
"ENSG00000287248.1",1.96933464700424,-0.0467713247184222,0.415791810391629,-0.112487363987205,0.910436988230914,0.952296044016662,"AC009271.2"
"ENSG00000287249.1",13.2773707905934,-0.15854590471819,0.12113961659807,-1.30878658171943,0.19060665346027,0.369418285810499,"AC005400.1"
"ENSG00000287250.1",6.3571791788675,-0.0570367709889424,0.133516292426852,-0.427189595758063,0.669241238766206,0.8049220968261,"AC073046.4"
"ENSG00000287252.1",94.2299536530339,0.251893190897331,0.193326520804686,1.30294172702675,0.192594656805494,0.37190730868426,"AL009179.1"
"ENSG00000287255.1",16.819312774262,-0.241193952596666,0.132551338215831,-1.81962668836987,0.0688158745469204,0.19204358056866,"AC007877.1"
"ENSG00000287257.1",3.02394394711974,-1.1056455498633,0.316892197068343,-3.48902737300549,0.000484781503158467,0.00662011098632274,"AC111182.2"
"ENSG00000287258.1",3.23425336698086,-0.540633975330111,0.324322364134862,-1.66696483226578,0.0955213979623425,0.237860426504134,"AL512283.2"
"ENSG00000287260.1",17.7740686959357,0.167866366288679,0.155018227458976,1.08288147168437,0.278861036933663,0.471323002468903,"AL357075.3"
"ENSG00000287261.1",10.5852394747092,-0.0422554932935107,0.0964948331564579,-0.437904205969217,0.661455726548795,0.799022005877473,"AL139243.1"
"ENSG00000287262.1",51.0961249991169,-0.176488646569016,0.0955225868934829,-1.84761167288966,0.0646585398418743,0.184494066417168,"AC021148.2"
"ENSG00000287263.1",793.541229563382,0.226057513212666,0.145309006337351,1.55570200987988,0.119778968434087,0.274393400788973,"AC008875.3"
"ENSG00000287264.1",8.79080077140761,0.444575765309853,0.144749372503596,3.07134848062163,0.00213094287074871,0.0186502315972231,"AP003778.1"
"ENSG00000287265.1",37.4732434457072,-0.0358558352005948,0.134516098306766,-0.266554231440947,0.78981239889548,0.883487020677594,"AL365272.1"
"ENSG00000287266.1",5.18992231807713,-0.297559232361246,0.278469207654275,-1.06855344929437,0.285270933866733,0.477718686244411,"AL359813.2"
"ENSG00000287268.1",1.20120973188779,-2.73834095998316,0.79531868556314,-3.44307383906644,0.000575142258204617,0.00740725205620274,"AL050350.1"
"ENSG00000287269.1",7.61356318922752,-0.91481546486046,0.222878456920156,-4.1045486293374,4.05105053366642e-05,0.00112957810232292,"Z82215.1"
"ENSG00000287270.1",15.153169410736,0.107591141055475,0.230243556119348,0.467292735001471,0.640290453518085,0.783518582312552,"AL137140.1"
"ENSG00000287271.1",50.0365328628245,0.105570229819831,0.15900820505288,0.663929448072958,0.506735467533142,0.682225076654167,"AC011455.8"
"ENSG00000287274.1",2.17302748316316,-1.76719804066433,0.630564260306415,-2.8025661330783,0.00506978209796623,0.033757651077518,"AL627232.1"
"ENSG00000287275.1",7.17030175315323,-0.064414512553049,0.221248863775033,-0.291140534934208,0.770943839613039,0.87182568936683,"AC011451.4"
"ENSG00000287276.1",2.77961732187979,0.34070994149759,0.227998921735936,1.4943489157909,0.135084446112158,0.2965426918378,"BX664718.2"
"ENSG00000287277.1",5.96777043610231,-0.180938674965128,0.197280124274785,-0.917166266141966,0.359055520888646,0.552210731116101,"AL392086.3"
"ENSG00000287278.1",4.21790356584308,0.397102456434329,0.3009074088031,1.31968321422812,0.186940806661029,0.36492643073384,"AL353600.2"
"ENSG00000287281.1",9.68097074999207,-0.305724658094155,0.188324619086439,-1.62339188353186,0.104505658666751,0.25159497389487,"AC012101.2"
"ENSG00000287284.1",3.31899051034244,-0.47382625921271,0.257187905264469,-1.84233492133104,0.0654261746847295,0.185840255420075,"AC130814.1"
"ENSG00000287286.1",1.69723754058125,-0.728057234639953,0.313849155553154,-2.31976802154131,0.0203534298677337,0.0862230233600277,"AC024560.5"
"ENSG00000287287.1",2.5862669727323,-0.492560983093446,0.32976883223355,-1.49365535777681,0.135265722409138,0.296842772142076,"AL133476.1"
"ENSG00000287289.1",2.42957190692816,-0.679105599026422,0.338516733976648,-2.00612120721119,0.0448433177329659,0.145301078081132,"AP000428.2"
"ENSG00000287292.1",13.9410829381385,-0.118567472112381,0.216841701429307,-0.546792758638426,0.584521118585906,0.742652327930108,"AC002460.2"
"ENSG00000287294.1",1.02997749564326,-1.04945445293732,0.58946206677604,-1.78035960596605,0.075017128016799,0.203052458785633,"AL035694.1"
"ENSG00000287299.1",118.827784221343,-0.5723664393188,0.175862575489378,-3.2546233200899,0.00113542852624776,0.0120234802558418,"AC012459.1"
"ENSG00000287300.1",2.0100473777429,0.0601200098194314,0.240484161151495,0.249995715025732,0.802590662361789,0.891493665186211,"AL080275.1"
"ENSG00000287303.1",2.91933983702029,-0.68634267996779,0.251826404080337,-2.72545955804076,0.00642120423846775,0.0398102705235208,"AP006248.5"
"ENSG00000287306.1",42.0659305956906,-0.455504752335959,0.164024676380159,-2.77705015116285,0.00548547143029368,0.0356764603103668,"AC016821.1"
"ENSG00000287312.1",3.24947776756658,-1.15545040666569,0.234113257023716,-4.93543347931228,7.99729354705219e-07,6.30448771716352e-05,"AC127526.4"
"ENSG00000287313.1",9.90282957029289,0.210151785336855,0.234619694356487,0.895712467417782,0.370406349992904,0.562793839463023,"AC016995.1"
"ENSG00000287315.1",120.043029433497,-0.0116795355835595,0.172474781793315,-0.0677173524275316,0.946010635779168,0.971818446723896,"AL670729.3"
"ENSG00000287320.1",1.98790207068342,-1.04561346951526,0.734389114638374,-1.4237867210629,0.154508220796894,0.323483976543264,"AC110790.1"
"ENSG00000287322.1",5.75905691007432,-0.960560820299944,0.195290373735815,-4.91862861402157,8.71526451750278e-07,6.67028279497058e-05,"AC068189.2"
"ENSG00000287326.1",2.58702624471279,-0.183605320914135,0.329006763125932,-0.558059412425687,0.576803814795603,0.736444600628548,"AL589787.1"
"ENSG00000287329.1",1.26824201530228,0.815392486239921,0.404489805958787,2.01585422976766,0.0438152209065759,0.143055815400866,"FP326651.1"
"ENSG00000287330.1",3.47874498051621,-0.856829223176119,0.241389504325817,-3.54957116122004,0.000385859161356158,0.00568463364528484,"AL353697.1"
"ENSG00000287331.1",23.6114601171589,1.03089639315843,0.35292394005957,2.92101576612918,0.00348892171059176,0.0262797897083103,"AC106045.1"
"ENSG00000287332.1",0.972264674045575,0.156059895211262,0.361358425296031,0.431870088772429,0.665835835351957,0.80244968204064,"AC103758.1"
"ENSG00000287335.1",13.9727005442135,0.604458468829591,0.229340636350365,2.63563613692148,0.00839797309266593,0.0477366771681965,"AL139351.3"
"ENSG00000287336.1",15.5464323275658,-0.409083020765011,0.184533777246785,-2.21684629702196,0.0266335965858656,0.102498246576491,"AL137157.1"
"ENSG00000287337.1",15.7594949545381,-0.404307351266296,0.155459490464669,-2.60072479369269,0.00930270488891589,0.0510912164082277,"AC005962.2"
"ENSG00000287338.1",23.5785323904061,-0.107377431270686,0.206952141207953,-0.518851511484432,0.603864293291532,0.757229902695103,"AL929091.1"
"ENSG00000287342.1",13.7944028937703,0.0139779814811734,0.203522726966141,0.0686801994526091,0.945244179529133,0.971618643345499,"AC188616.1"
"ENSG00000287346.1",60.5951653834484,0.0119064146085143,0.111216822840352,0.107055877918807,0.914744650252298,0.954836037713699,"AL132712.2"
"ENSG00000287348.1",4.01310049289119,-1.52947145574801,0.357649101815097,-4.27645826030549,1.89890139808508e-05,0.000643789452611474,"AC099535.2"
"ENSG00000287349.1",1.88550203527421,0.503343453580881,0.289210681410521,1.74040409270503,0.0817880873955341,0.21510157150324,"AC108477.2"
"ENSG00000287351.1",2.68403363488379,-0.243036712660012,0.275343076807218,-0.882668689106624,0.377415304055043,0.568951221095972,"AC092120.3"
"ENSG00000287352.1",11.077159036719,-0.17201507307201,0.423186888740759,-0.406475431183279,0.684393305620252,0.815282178474848,"AC011029.1"
"ENSG00000287354.1",5.70736897910598,-0.46337079823722,0.361948468532945,-1.28021207028548,0.200470562001956,0.381125309543805,"AL034351.4"
"ENSG00000287355.1",3.33984034207241,-1.69264806960336,0.360635339263531,-4.69351692781963,2.68547757543931e-06,0.000153231981733804,"AL451123.2"
"ENSG00000287356.1",59.7105088746865,-0.188150457517797,0.128246562169661,-1.46709942422384,0.142349010757008,0.30684529719217,"AL590822.3"
"ENSG00000287367.1",15.2409976819418,-0.134146616824097,0.154834952414039,-0.866384590382278,0.386279291557356,0.577544960961572,"AC016583.2"
"ENSG00000287376.1",2.03205470953769,0.861068783099741,0.380609175116909,2.26234373576321,0.0236761742345984,0.0949814277373762,"AL359538.3"
"ENSG00000287377.1",5.22817278784168,-0.906336156213164,0.21615045103817,-4.19308010628724,2.75192210245163e-05,0.000837474794853037,"AC090948.4"
"ENSG00000287378.1",3.9355257905934,-0.214594847529949,0.221307803656542,-0.969666880174676,0.332212564297802,0.525761742600592,"AC129803.1"
"ENSG00000287382.1",37.4517131959534,0.0745217109580781,0.128219579758363,0.581203830947803,0.561103086038085,0.724876995206472,"AC110611.2"
"ENSG00000287383.1",1.67032917683799,-2.1742697160929,0.561211847199584,-3.87424058658487,0.000106957708452536,0.00230839421662951,"AC110809.1"
"ENSG00000287385.1",21.5134710970923,-0.285236732310713,0.155782508348068,-1.83099332097929,0.0671015399886053,0.188842905396503,"AL121820.3"
"ENSG00000287387.1",14.6379786419541,-0.0609836808712649,0.157293341294839,-0.387706691009595,0.698233103664234,0.823760813783732,"AC010883.3"
"ENSG00000287388.1",1.95182557429918,-1.33501493682936,0.560937035798729,-2.37997288756019,0.0173139118879843,0.0775474053629817,"AC068774.1"
"ENSG00000287390.1",9.40719452686316,0.16877073509962,0.287016373095118,0.58801779591748,0.556520347971392,0.72122350895335,"AC006525.1"
"ENSG00000287394.1",26.9810316675837,-0.402923672415098,0.644408538729112,-0.625261225137915,0.531799624305826,0.701557431232471,"AC244102.4"
"ENSG00000287399.1",1.41044592242845,-0.176918631099536,0.310166522360631,-0.570398861079637,0.568407201870363,0.730063692445121,"AC011503.4"
"ENSG00000287401.1",23.165237112697,-0.241999162991879,0.125498317998311,-1.92830602713843,0.0538170725859158,0.163380686466619,"AC034139.1"
"ENSG00000287403.1",3.32054158644751,-0.84152964181971,0.274642415257164,-3.06409205232096,0.00218331718584195,0.0189590973052259,"AC016245.2"
"ENSG00000287405.1",6.80475759270664,-0.92622621940326,0.226808894967589,-4.08372969470892,4.43185799458342e-05,0.00120210452021126,"AC017028.2"
"ENSG00000287406.1",4.46618576356735,-0.510043123187284,0.368696757572637,-1.38336753093577,0.166552201042571,0.338668688041918,"AC098656.1"
"ENSG00000287407.1",3.54899724280999,0.135885265797435,0.489520028935872,0.277588776281176,0.781328048896484,0.878831009482868,"AL596442.3"
"ENSG00000287408.1",6.54162942162472,-0.449266948915235,0.214008696591595,-2.09929295430735,0.035791084142274,0.124813298873859,"AC027811.1"
"ENSG00000287415.1",5.73446738712121,-0.305106780670483,0.255171390229102,-1.19569353130281,0.231816176615263,0.418496919859373,"AC099541.2"
"ENSG00000287417.1",1.1329517695227,-0.385040262542729,0.407281353336103,-0.94539133547069,0.344459124066125,0.537776207152801,"AC006059.4"
"ENSG00000287419.1",17.7245875559944,-0.181136932572944,0.128516706916827,-1.40944268584606,0.158704309628658,0.328920572868064,"AL121929.3"
"ENSG00000287420.1",3.11265747415748,0.284033989867644,0.271088276592394,1.04775460391714,0.29475168272779,0.487320244974738,"AL590068.4"
"ENSG00000287421.1",3.75222464537206,0.00995840579892719,0.210682966701957,0.0472672563654132,0.962300224535986,0.98116134430149,"AC131237.1"
"ENSG00000287422.1",1.99944597887562,-0.704100318024654,0.265044160605961,-2.65653963631907,0.00789471697475438,0.0456793208620955,"AL442071.2"
"ENSG00000287424.1",3.43221259548924,0.424214441148945,0.401900758923811,1.05552037842597,0.291187394414437,0.48356454121308,"AC080079.2"
"ENSG00000287426.1",23.6188498360485,0.0968057732882581,0.326788809673765,0.29623344013799,0.767051812731389,0.869360204298422,"AP003327.2"
"ENSG00000287427.1",7.26494530295003,-1.24159970938389,0.238388731323992,-5.20829865777693,1.90579998832668e-07,2.33271319894706e-05,"AL390236.1"
"ENSG00000287430.1",23.2258911705029,-0.81536758992317,0.22130790224939,-3.68431303914461,0.000229320273518762,0.00397643743034382,"AL136090.2"
"ENSG00000287431.1",73.1332915224828,0.0540588277064314,0.134708314602557,0.40130282875208,0.688197181187847,0.817390822090814,"AC027601.5"
"ENSG00000287435.1",1.9861494644735,-1.00409468770623,0.32468232178903,-3.09254499035726,0.00198448150120963,0.0178097388827705,"AC069404.1"
"ENSG00000287437.1",5.49365574355835,-0.935415909842212,0.239639205893871,-3.90343435813453,9.48372800684096e-05,0.0021288868817272,"AL161662.1"
"ENSG00000287439.1",6.27456703338801,-0.551518928367575,0.269563783069562,-2.0459682012448,0.0407594993515673,0.136259264174288,"AC092078.3"
"ENSG00000287442.1",10.4455247403409,-0.410581210549455,0.387447530460942,-1.0597079043477,0.289277505681536,0.481698085553947,"AC079460.2"
"ENSG00000287445.1",16.5682319891567,0.503034196803291,0.135524828870022,3.7117493598589,0.000205831753952789,0.00368204260862383,"AC092803.3"
"ENSG00000287446.1",4.61586528695575,0.0296863962914128,0.383407442113133,0.0774278040295659,0.938283222753315,0.967868131759126,"AC007731.5"
"ENSG00000287447.1",4.56166817626862,-0.401630307189278,0.226329843946848,-1.77453534269037,0.0759746414319211,0.204579726398653,"AC099501.1"
"ENSG00000287453.1",2.5859482591885,0.346480364690153,0.605195745919086,0.572509583926384,0.566976794857216,0.728979034485133,"AL359894.1"
"ENSG00000287454.1",9.22893674974016,-0.461537066011611,0.185946671006106,-2.48209372888669,0.013061291436095,0.0641087388739364,"AC008149.2"
"ENSG00000287455.1",1.07467116849928,0.708616471367924,0.333326596731862,2.12589237797293,0.033512221686709,0.119237272631696,"AC092793.1"
"ENSG00000287456.1",4.07724019191935,-1.05698206472957,0.266123273169618,-3.97177613269428,7.13387451902713e-05,0.0017312349979562,"AL157369.1"
"ENSG00000287457.1",8.10437063114493,-0.492854590569786,0.243920784900925,-2.02055183927836,0.0433261787124382,0.14203017604108,"AC005821.2"
"ENSG00000287458.1",6.55543908416729,-0.957373542118291,0.274118285154324,-3.49255629400755,0.000478420741822859,0.00656015723126378,"AL033519.5"
"ENSG00000287460.1",10.2606362704296,-0.630869427700759,0.382759402829217,-1.64821405571647,0.0993087535200221,0.243359806487715,"AL442636.1"
"ENSG00000287463.1",17.4738999453784,-0.0128798768077783,0.142155376010272,-0.0906042189135893,0.927807079515451,0.961991541898735,"AC110620.2"
"ENSG00000287466.1",2.78145214847871,-1.55611058721499,0.578185283991748,-2.69137010280116,0.00711592036823996,0.0426634858310486,"AL355531.1"
"ENSG00000287467.1",14.9902749499238,-0.419667029002866,0.153069619536498,-2.74167421512927,0.00611269355964925,0.0384561426079748,"AC037459.4"
"ENSG00000287470.1",10.4735716730255,-0.822547604874661,0.223569132484219,-3.67916445233208,0.000233999346312106,0.0040323707229653,"AP001037.1"
"ENSG00000287474.1",1.38133511661328,-2.08910667499183,0.513594566693468,-4.06761833257221,4.74960909148127e-05,0.00126502988386149,"AC110614.1"
"ENSG00000287475.1",2.73581343749712,0.0773464180755491,0.170695690543968,0.45312460923333,0.650459015695195,0.791048071651817,"AL844892.2"
"ENSG00000287481.1",2.85284226771283,0.110056103714494,0.293579684709704,0.374876428603426,0.707752370090217,0.830513479110029,"AL161663.1"
"ENSG00000287483.1",1.26046411986307,-0.503377636699027,0.464324480554523,-1.08410746747159,0.278317152271803,0.470970517708287,"AL132775.2"
"ENSG00000287484.1",0.65550244406816,1.36318100591485,0.364794165993981,3.73684979912026,0.000186340157425235,0.00341808422102388,"AC068580.5"
"ENSG00000287485.1",7.64814231361171,0.209527600150997,0.203366529251756,1.0302954026993,0.302871356513952,0.495977562636198,"AL451166.1"
"ENSG00000287489.1",0.896936482758046,-0.425021571189589,0.927840013689258,-0.458076354671995,0.646897585991211,0.788214072990975,"AC004549.1"
"ENSG00000287496.1",6.79033766206443,-0.218954912879093,0.13288624744769,-1.64768677786076,0.0994169626809213,0.243497561959536,"AC093227.3"
"ENSG00000287498.1",4.8777495424591,-0.298948610905926,0.37715485866131,-0.792641547737255,0.42798669480712,0.615133872829108,"AC007749.2"
"ENSG00000287500.1",3.8236121725752,-0.4200423467055,0.191889898234914,-2.1889758167013,0.0285985977725663,0.107282604579386,"AC009754.2"
"ENSG00000287502.1",2.85407562600201,-0.135564776920155,0.19743771263363,-0.686620479501359,0.492321919593914,0.670136705059086,"AC092418.2"
"ENSG00000287503.1",1.82320236217196,-0.47421212533197,0.44267368363595,-1.0712453503831,0.284059125215591,0.476769517356247,"AC027243.3"
"ENSG00000287507.1",6.46046935135155,0.204395318242357,0.167681414407966,1.21895034678719,0.222863038877684,0.407568203974442,"AP001053.1"
"ENSG00000287508.1",2.4336201429952,-1.29009896166966,0.329846044187475,-3.91121550312242,9.18327854911118e-05,0.0020785574454637,"AC009560.4"
"ENSG00000287511.1",4.38286999902025,-0.206639192114803,0.19687374809432,-1.04960257075923,0.293900874646942,0.486517592463238,"AL109984.1"
"ENSG00000287513.1",4.28446864362284,0.341985769680683,0.164542961428473,2.0783980470009,0.0376727124539202,0.129215042122753,"AL133390.1"
"ENSG00000287514.2",1.02981695364278,1.25265186425248,0.44127051396995,2.83873910582157,0.00452921717381455,0.0312844870057692,"AL450267.2"
"ENSG00000287516.1",7.99326370563855,-0.152474007231822,0.293687673801331,-0.519170604807083,0.603641775733162,0.757093450347869,"AL359764.2"
"ENSG00000287518.1",1.12059063307515,-1.04782361853708,0.754913982083899,-1.38800398906988,0.165135830419677,0.337023674502686,"AC100778.4"
"ENSG00000287519.1",2.71037139582319,-0.576940367179202,0.326636770198224,-1.7663056331015,0.077344587052126,0.207029533423897,"AC004921.2"
"ENSG00000287524.1",2.50198420232236,-1.5092376766582,0.681641048510989,-2.21412381187292,0.0268202630184472,0.102978050700594,"AC007736.1"
"ENSG00000287525.1",2.71742847424932,-0.925727561221904,0.435839643545375,-2.12400954096671,0.0336693457712796,0.119619414018057,"AL627308.3"
"ENSG00000287527.1",25.2021681567775,0.0497025493719847,0.167501487418675,0.29672900305507,0.766673412517166,0.869168043141418,"AC005753.3"
"ENSG00000287528.1",5.17839060905166,0.00840246395291086,0.204589168001501,0.0410699355933117,0.967240142293983,0.983337182649126,"AL121749.2"
"ENSG00000287530.1",1.35886677103738,0.0361562301179115,0.237723243371785,0.152093794469081,0.879112958564771,0.93539610398399,"AL445985.2"
"ENSG00000287532.1",2.69545121506984,-0.77564197831314,0.336458364345393,-2.30531340726872,0.021149027196121,0.0882238519534466,"AL353689.3"
"ENSG00000287535.1",6.61906799339116,-0.293288853073832,0.19333030516298,-1.51703507024719,0.129257829843173,0.288681889647062,"AC009630.4"
"ENSG00000287536.1",1.47841839711623,-1.83135619729166,1.0370475783422,-1.76593266841164,0.077407145668688,0.207113790296562,"AC012500.1"
"ENSG00000287538.1",0.828049237403454,1.14715876540334,0.561180450021449,2.04418875489959,0.0409349036575895,0.136653539303332,"AC109635.6"
"ENSG00000287539.1",6.28961672495223,0.034358795688557,0.137707997756115,0.249504721936394,0.802970388804225,0.891674498998,"AC022966.2"
"ENSG00000287543.1",34.387478378241,-0.0925672321406144,0.125253022691805,-0.739041902153398,0.459881553615719,0.642388796250955,"AC013486.1"
"ENSG00000287550.1",98.3991915473904,-0.255874634490231,0.316160724948471,-0.809318217915696,0.418332129861049,0.606731936373945,"AL450345.2"
"ENSG00000287552.1",0.960191110628694,-1.23453524657056,0.415559702266795,-2.97077709854064,0.00297047293345109,0.0234633148303554,"AC109925.1"
"ENSG00000287554.1",1.65547702051826,-0.710038810530867,0.422434023418582,-1.68082770602808,0.0927963854207594,0.233343660106748,"AC006364.1"
"ENSG00000287555.1",11.8584595772091,-0.734203211014712,0.252003256189346,-2.91346715957931,0.00357439431124362,0.0266701725244809,"AC023424.2"
"ENSG00000287558.1",1.06583385937056,-0.299141024255942,0.342067834966138,-0.874507900707922,0.381841719492844,0.573136258026783,"AL109933.5"
"ENSG00000287560.1",9.2513577373068,-0.118033435729524,0.278864993876102,-0.423263723742844,0.672102858374771,0.806696258005307,"AL731533.3"
"ENSG00000287562.1",220.08806083697,-0.350364685476378,0.126029328216657,-2.78002501825659,0.00543547106990405,0.0354328352178506,"AL109615.4"
"ENSG00000287564.1",5.28289519948666,-0.121039137324677,0.154088159663023,-0.785518741929157,0.432149486104207,0.618075128484722,"AL359546.1"
"ENSG00000287566.1",9.58782660601617,-0.823815260398023,0.238015754906641,-3.46117953713256,0.000537814008643552,0.00708845676554623,"AL732437.3"
"ENSG00000287569.1",13.9433042730411,-0.370568969198521,0.155197111299499,-2.38773109947515,0.0169527405771555,0.0764055221382481,"AL078587.2"
"ENSG00000287574.1",20.2615190842735,0.0799349252069558,0.114680507771548,0.697022770131016,0.485788543966795,0.664667652746743,"AC004938.2"
"ENSG00000287575.1",5.57620210933893,-0.182560281011158,0.155319964551769,-1.17538193842627,0.239841946160383,0.427647818741631,"AL390755.3"
"ENSG00000287576.1",35.7054360186315,-0.0383423600037428,0.114086589125681,-0.336081219515676,0.736809620226535,0.849704829955392,"AC067930.9"
"ENSG00000287577.1",1.64125282502582,0.0871686850930376,0.395159962182612,0.220590883275657,0.82541100030258,0.904407057201704,"AC009533.4"
"ENSG00000287580.1",17.5633644885892,-0.536554336879352,0.180896573362783,-2.96608347468974,0.00301618612326721,0.0237282336015915,"AC073349.4"
"ENSG00000287581.1",3.77625886542223,-0.188004042659917,0.463006508584222,-0.406050539623719,0.684705466225823,0.815458556887348,"AC016549.1"
"ENSG00000287584.1",11.2772631867581,-0.203795667128937,0.183546843255297,-1.11031965200009,0.266861307656857,0.458448752315196,"AC004837.4"
"ENSG00000287590.1",3.7818503120798,0.0321615435040948,0.310669111843142,0.103523466859278,0.917547525692428,0.956385516197927,"AC090820.2"
"ENSG00000287591.1",3.61435409816804,-0.96814016930769,0.370610380371441,-2.61228562550617,0.0089939078268119,0.049955651197539,"AL360169.3"
"ENSG00000287592.1",1.92834721376025,0.323374879945429,0.413741298556563,0.781587144125087,0.43445724458923,0.620363057304393,"AC073348.2"
"ENSG00000287593.1",13.7765246576155,-0.564761654726638,0.182790913685404,-3.08965934542365,0.00200386183850282,0.0179174356020784,"AL022724.3"
"ENSG00000287595.1",18.8800443441825,-0.294316570719551,0.188819254680083,-1.55872117606975,0.119062387504564,0.273564117818457,"AC097369.4"
"ENSG00000287600.1",10.7929682602945,-0.331081279475163,0.190163322732149,-1.7410364665404,0.0816771866223563,0.214978151469796,"AC122719.3"
"ENSG00000287601.1",10.4925335959671,-0.259667737126932,0.156399058911293,-1.66028963942943,0.0968561989828596,0.23978535341585,"BX323046.2"
"ENSG00000287603.1",6.0207981807823,0.00401010354494786,0.165059667085155,0.0242948723680573,0.980617403182923,0.990514838822735,"AC008403.3"
"ENSG00000287608.1",24.5903416732374,-0.61080611090265,0.172612553085203,-3.53859612169198,0.000402260797212687,0.00582534524645584,"AC022137.3"
"ENSG00000287609.1",4.97248867473672,-0.0512894978663245,0.412738335234078,-0.12426637772146,0.901104367610206,0.947462977224817,"AL589787.2"
"ENSG00000287613.1",2.92684838157688,-1.44778717488167,0.396984328941561,-3.64696303942716,0.000265358076218156,0.00439518250641464,"AC069549.2"
"ENSG00000287616.1",3.04835536051851,-0.1425879224089,0.237577661734219,-0.600173944671679,0.548390316261607,0.71482669608573,"AL357522.1"
"ENSG00000287617.1",5.68525975174964,-0.305766074376327,0.171449041538936,-1.78342247720812,0.0745175570193917,0.202111040802168,"AC092902.6"
"ENSG00000287618.1",1.4768119715174,-1.02912827546273,0.425846583752635,-2.4166643921242,0.0156634515096324,0.0724282348764155,"AC025576.3"
"ENSG00000287619.1",10.370227682144,0.0442584735686816,0.151515500736433,0.292105252291453,0.770206150986563,0.871531954752279,"AL021308.1"
"ENSG00000287620.1",16.0643936947618,-0.206206010725292,0.12694509683529,-1.62437160525264,0.104296523384537,0.251339350489328,"AC092053.4"
"ENSG00000287621.1",2.16991861598663,-0.597562008781903,0.280504868634371,-2.13030886662008,0.0331461220156523,0.118316054494169,"AC021851.2"
"ENSG00000287622.1",0.655692013014627,-0.522251824135758,0.914792295328396,-0.570896614239933,0.56806972616884,0.729714692234709,"AC068787.5"
"ENSG00000287623.1",2.89347854067194,-1.8845410451866,0.399884406172656,-4.71271451473633,2.44438539907859e-06,0.000145064034031236,"AC037193.1"
"ENSG00000287624.1",2.92722733343539,-1.11384386270969,0.326555280736886,-3.41088914623049,0.000647514112481324,0.00805986614526752,"AL590666.5"
"ENSG00000287625.1",49.576977008919,0.124499628913195,0.126569886979045,0.983643360081434,0.325290897758177,0.518732588729766,"AC022210.1"
"ENSG00000287626.1",54.2106363056021,-0.362257625323779,0.171093122068158,-2.11731261283236,0.0342333251531442,0.120888953165694,"AL021978.1"
"ENSG00000287627.1",89.4705926513629,-2.1620349128368,0.496561665986955,-4.35401091330637,1.33669047806974e-05,0.00049282874957227,"AL359704.2"
"ENSG00000287629.1",3.20118085791331,-0.0692044013554735,0.212183100744644,-0.326154161724496,0.744307720324138,0.854520394936085,"AC006059.5"
"ENSG00000287630.1",4.63534390119228,-0.873958836363315,0.44842737455432,-1.94894175948094,0.0513023803147089,0.158369044767511,"AC011370.1"
"ENSG00000287642.1",25.7171336426997,-0.0298507807477108,0.120227193054028,-0.248286431625301,0.803912796383879,0.892172611269142,"AC093599.2"
"ENSG00000287643.1",5.91924476155692,-0.571137648744565,0.213703326695813,-2.67257256859425,0.00752720918303041,0.0442449462095042,"AC004825.3"
"ENSG00000287644.1",3.97649955225094,-0.155669553987535,0.169391934806512,-0.918990353143725,0.358100618043874,0.55113923245815,"AC080112.4"
"ENSG00000287649.1",1.85871577872413,-1.50741632496604,0.350955971250424,-4.29517218241154,1.74557802774723e-05,0.000599129167812254,"AC093418.1"
"ENSG00000287650.1",4.09017231059549,-1.53264256738441,0.300494607144973,-5.10039957770354,3.38937174550661e-07,3.40913454752723e-05,"AL390071.1"
"ENSG00000287652.1",5.37877971632154,-0.215946843755487,0.245752980283465,-0.878715055688856,0.379555793301767,0.571262277169279,"AC000082.1"
"ENSG00000287656.1",21.9738928288383,-0.490910783471671,0.241455244387548,-2.03313365471464,0.0420390216749128,0.139042832169965,"AL591069.1"
"ENSG00000287657.1",2.81261652743377,0.287621242850504,0.20591545164354,1.39679290968609,0.162475855071169,0.333681367150974,"AC068228.3"
"ENSG00000287658.1",3.69744666536881,0.0915675625036997,0.223861633290698,0.40903642646435,0.682512929284555,0.813770116200647,"AC109642.1"
"ENSG00000287661.1",2.0551488195153,0.36606190874277,0.330613935230639,1.10721863096122,0.268199414296553,0.459934227885811,"AL391844.1"
"ENSG00000287663.1",2.93312439531337,0.24916942735897,0.254146803362112,0.980415350744939,0.32688113537116,0.520461675749021,"AL122020.2"
"ENSG00000287665.1",24.7415422919644,0.037390116539195,0.155192027940332,0.24092807494964,0.809610862287758,0.895317280906068,"AC092428.1"
"ENSG00000287666.1",1.88733529514108,-0.783550115875952,0.286222487600836,-2.73755609646118,0.00618975625743077,0.0387360065937298,"AP000821.2"
"ENSG00000287670.1",31.4514497095063,0.233297893966617,0.143910213221001,1.62113507266051,0.104988673601648,0.252192489914839,"AC108479.1"
"ENSG00000287672.1",17.1711058304089,0.195833162179795,0.139747266553791,1.40133805124851,0.161113007604967,0.332070535639953,"AC003086.1"
"ENSG00000287673.1",97.3654240775803,-0.228690377094265,0.355785377869206,-0.642776210938989,0.520369321360421,0.693487683527953,"AC051635.1"
"ENSG00000287676.1",4.74892583190554,-0.244669278079932,0.18185630693748,-1.34539891522182,0.178496445391754,0.354469558987633,"AC096642.2"
"ENSG00000287678.1",21.4967572362495,-0.21378049362537,0.122486608099392,-1.74533768991216,0.0809261049552558,0.213662704482865,"AL031778.1"
"ENSG00000287679.1",3.90293483990241,-1.40130530710953,0.384398919613335,-3.64544548803387,0.000266928994671021,0.00440379931594761,"AL355347.1"
"ENSG00000287680.1",3.60325381934004,-0.957954411239991,0.229610504962198,-4.17208442356634,3.01825756991388e-05,0.000896950030070066,"AC093330.3"
"ENSG00000287682.1",4.52659687936203,-0.367200303886333,0.214133066255226,-1.71482298510902,0.0863776860600847,0.222718318927077,"AC020651.2"
"ENSG00000287684.1",12.3969650545563,-0.648752705728608,0.220487256384219,-2.94235919285103,0.00325721876450887,0.025032914202861,"AL392172.1"
"ENSG00000287686.1",33.823631793188,-0.0502136222075979,0.116601531975161,-0.430642902859068,0.666728040832629,0.803289939188877,"AC062029.1"
"ENSG00000287688.1",3.38327374311512,-0.164239125908741,0.186918413441891,-0.878667451132626,0.379581611715907,0.571262277169279,"AC011317.1"
"ENSG00000287690.1",1.49128654366059,-0.867628248634843,0.361671743549842,-2.39893844102663,0.0164426786886441,0.0748463360105318,"AL023775.2"
"ENSG00000287691.1",16.2766383169915,-0.295948051428536,0.110657664758499,-2.67444692669431,0.00748526230977696,0.0440865647717427,"AL031602.2"
"ENSG00000287692.1",8.07440344680514,-0.0438577401881455,0.254825328391841,-0.172109030389264,0.863351813477774,0.927122276106039,"AC053545.1"
"ENSG00000287695.1",2.05854552776024,-2.26260095112215,0.485314400014264,-4.66213438351643,3.12946725739849e-06,0.000172789449213582,"AC008625.1"
"ENSG00000287697.1",6.19555322983928,-0.277239269395884,0.17536066221622,-1.58096614082152,0.113885779773967,0.265855116053569,"Z99127.3"
"ENSG00000287703.1",1.41592679526128,-1.05032563727229,0.502180968076106,-2.09152816224034,0.0364807446222983,0.126479913728985,"AC099565.1"
"ENSG00000287707.1",7.54640950527873,-0.162918937577225,0.166430949856192,-0.978898081865168,0.327630340046238,0.521355363309407,"AC115284.4"
"ENSG00000287709.1",2.01482708282933,0.432193670958436,0.351097920883731,1.23097758559943,0.218331247615651,0.402256130136512,"AC008780.1"
"ENSG00000287710.1",18.4904989615852,-0.103889431779337,0.114430993137467,-0.907878442115186,0.363942448572563,0.556681794556939,"AC067852.5"
"ENSG00000287712.1",13.3949656288879,0.113064692665143,0.17300505387448,0.653534045006423,0.513412048579778,0.687889552772666,"AC005865.2"
"ENSG00000287714.1",3.23484770860139,-1.86342987953877,0.638287523205337,-2.91942081239664,0.00350682477731976,0.0263423022482412,"AC025164.2"
"ENSG00000287715.1",2.61647090914516,-0.649242276816381,0.274846194260504,-2.36220217115692,0.0181667320229126,0.0801729863784239,"AC026120.3"
"ENSG00000287720.1",4.45520837157757,-0.982121199180131,0.273372711396503,-3.59260876538497,0.000327383934559095,0.00510041803148149,"AC023480.1"
"ENSG00000287721.1",14.7582558437525,-0.218511435424047,0.125712118827167,-1.73818910589252,0.0821774980523832,0.215801817530998,"AC061975.8"
"ENSG00000287724.1",2.80991669846259,-1.60613895072216,0.368344272931757,-4.36042873135623,1.2980785641161e-05,0.000482870722180081,"AC096536.3"
"ENSG00000287725.1",36.6145071288665,-0.428432249365993,0.145185139859224,-2.95093733271473,0.00316811188165172,0.0245807384935518,"AP003071.5"
"ENSG00000287726.1",4.3951962908601,-0.114473025210003,0.186684911554241,-0.613188416015844,0.539751763374111,0.707840842085094,"AC005740.5"
"ENSG00000287727.1",13.7606435234271,-0.262046096075274,0.194598791427612,-1.34659672936742,0.178110148100941,0.354021913241584,"AL139423.2"
"ENSG00000287729.1",4.98804495549346,-0.115549805539441,0.154625957094222,-0.747285951924818,0.454890970456106,0.638169172264856,"AF241728.2"
"ENSG00000287730.1",1.50807058515703,-0.432048660589273,0.316757200771361,-1.36397423495711,0.172575674850494,0.347184841549188,"AC097526.1"
"ENSG00000287733.1",58.1101847647991,0.00626093803805506,0.0946153851288166,0.0661725154902761,0.947240478262462,0.972211521705356,"AC083862.2"
"ENSG00000287735.1",24.010860698012,-0.565628275701203,0.167985784451606,-3.36711988783879,0.000759576592416281,0.00907677812384023,"AL355075.6"
"ENSG00000287736.1",15.387609387145,-0.763165156704002,0.207979103373488,-3.66943190121132,0.000243090081369054,0.00415461913707388,"PTCSC1"
"ENSG00000287737.1",68.6931803144498,-0.278357626518696,0.129245945220837,-2.15370490767102,0.0312633210370496,0.113853888171204,"AC132872.5"
"ENSG00000287742.1",14.0335507138416,-0.017738322722411,0.111505442008926,-0.159080331890807,0.873605583761076,0.932474387149159,"AC068282.2"
"ENSG00000287743.1",3.97546139744549,0.0279354905168221,0.168491719577029,0.165797408839732,0.86831638534751,0.929573015909926,"AL031289.2"
"ENSG00000287750.1",26.3805265790792,0.192326125108991,0.188502387615023,1.02028482260806,0.307593399285151,0.501086609698122,"AL353572.4"
"ENSG00000287753.1",0.582288218088864,-0.716744047657094,0.644271100286746,-1.11248827913916,0.265928266886877,0.457571439840033,"AC130307.1"
"ENSG00000287756.1",1.28090416537606,-1.2296259077432,0.500010469690024,-2.45920032135625,0.0139246896462152,0.0668967810088663,"AL031293.1"
"ENSG00000287757.1",7.59442795967028,-0.149305125687617,0.147059520885396,-1.01527004024426,0.309977121587266,0.503639076131222,"AC244636.3"
"ENSG00000287759.1",3.58753492104767,-0.572700758532725,0.193480725548966,-2.95998868573494,0.00307650340733829,0.0240622607443638,"AL353151.2"
"ENSG00000287760.1",11.7727437949481,-0.142982774377332,0.197267728410302,-0.724815840530889,0.468565016543486,0.649888980827458,"AC099521.3"
"ENSG00000287762.1",9.85714972893798,-0.570509294245798,0.275072213118836,-2.07403462449814,0.0380760953170107,0.13016118113582,"AC108050.1"
"ENSG00000287763.1",5.58757517310633,-0.56496218678557,0.205020373041868,-2.75563924893551,0.005857756447309,0.0373462821524815,"AC068279.2"
"ENSG00000287766.1",10.1069204953652,-0.181300872161605,0.121861280392758,-1.48776437911429,0.136813042714007,0.29880061867472,"AC006130.3"
"ENSG00000287769.1",74.2616666730036,0.0819530830171565,0.0781265849618315,1.04897818146274,0.294188160449709,0.486807542653216,"AL353748.3"
"ENSG00000287770.1",18.8579036458679,-0.427488974357356,0.345286559083893,-1.23807012787165,0.21569005908422,0.399093421379627,"AC107385.2"
"ENSG00000287771.1",3.0759577428959,-0.149766881425641,0.207377929171244,-0.722192964430508,0.470175848299888,0.651146610542769,"AC007271.1"
"ENSG00000287774.1",1.24213203629802,0.288760113378568,0.381880107952044,0.756153848722672,0.449556959540873,0.633379822512925,"AC025614.2"
"ENSG00000287778.1",150.103314797297,-0.345327359748589,0.153666332784108,-2.247254512371,0.0246237661422934,0.0975370667668501,"AC006230.1"
"ENSG00000287780.1",6.45001894133253,-0.0437898665111078,0.118190617673182,-0.370502053151075,0.711008447041468,0.832891320761113,"AC104850.2"
"ENSG00000287781.1",1.94618674040157,-0.277403103489213,0.371185826453246,-0.747342931005352,0.454856584322083,0.638169172264856,"AC018714.2"
"ENSG00000287783.1",1.1453011582605,0.739332079787226,0.446132082113032,1.65720446798065,0.0974781435433014,0.240578387817733,"AC020930.1"
"ENSG00000287784.1",2.31716095399551,-0.335486841335623,0.336025120726513,-0.998398097768028,0.318086355668847,0.511894761859088,"AC112482.2"
"ENSG00000287786.1",8.67887574847964,0.0184293406646364,0.314465553240335,0.0586052763958902,0.953266507952658,0.97550568172582,"AC113615.2"
"ENSG00000287787.1",14.0376291766367,0.4439836607785,0.158284250487884,2.80497686541774,0.00503201913319431,0.0335800787735895,"AC092275.1"
"ENSG00000287789.1",2.75166795330938,-2.10543414331367,0.466863319412077,-4.50974419229391,6.49058439132261e-06,0.000290055068644703,"AL158136.1"
"ENSG00000287790.1",0.671963338287291,-1.73356846939558,0.579420479743186,-2.99190057997941,0.0027724653706246,0.022403808151506,"AC025756.1"
"ENSG00000287794.1",2.19444139771319,-0.389008326341886,0.303141603006656,-1.28325614987708,0.199402349900398,0.380130564153811,"AC119150.2"
"ENSG00000287796.1",2.60070334719802,-0.375642207362316,0.363448305692126,-1.03355058058936,0.301346312805172,0.49419845289506,"AC016925.3"
"ENSG00000287797.1",3.36303701912969,-0.244431365245183,0.182687059816025,-1.33797853822453,0.1809034330407,0.357708939428214,"AC093577.1"
"ENSG00000287799.1",6.10562532101775,-0.278607706821704,0.187736369583662,-1.48403693668715,0.137799121804758,0.300088053522096,"AC005014.4"
"ENSG00000287804.1",13.6483317251217,0.381017183018466,0.230451272806526,1.65335247828441,0.0982591484319226,0.241784318458537,"Z98745.2"
"ENSG00000287806.1",2.48962818807887,-0.427829908212192,0.507010188318665,-0.843829015805286,0.398764958876987,0.588932829769042,"AL135784.1"
"ENSG00000287807.1",1.570187839059,-1.05197373736686,0.387261074427118,-2.71644584708923,0.00659869892199095,0.0405258223962082,"AL390242.1"
"ENSG00000287808.1",22.5550249874408,-0.0659666633978981,0.109359274567108,-0.603210506461595,0.546368659164322,0.713427944791877,"AL355999.1"
"ENSG00000287809.1",17.3351044958338,-0.841126680640986,0.175336270838577,-4.79722008810926,1.60882799625079e-06,0.000106064773226094,"AC005632.6"
"ENSG00000287811.1",24.7728602517928,-0.58233971875789,0.151223690132896,-3.85084981226239,0.000117708669934634,0.00247403708846828,"AL391840.3"
"ENSG00000287814.1",4.74964479298667,0.2398871577262,0.163608953760435,1.46622267432537,0.142587633337045,0.307160580554237,"AC011407.1"
"ENSG00000287817.1",21.4108424896293,-0.172479070103374,0.118123661669986,-1.46015681925985,0.144246979745528,0.309453875679351,"AL096701.4"
"ENSG00000287818.1",3.22837616266716,-0.954617934183403,0.351921586952282,-2.71258703522738,0.00667602470550463,0.0408006246777338,"AL512283.3"
"ENSG00000287822.1",1.4975532518863,-1.2676273996367,0.444719560510534,-2.85039722152423,0.00436646597767729,0.0305469114929208,"AC098679.5"
"ENSG00000287823.1",6.39520601531924,-0.0963777547248061,0.199401660869323,-0.48333476413703,0.628858059960367,0.775629659180547,"AL603783.1"
"ENSG00000287824.1",3.33860458258358,0.634377527794362,0.503584009997548,1.25972531931157,0.207768468341137,0.38954106319574,"AL627443.3"
"ENSG00000287825.1",27.550969944287,0.0889857599953902,0.0874645716503143,1.01739205162014,0.308966961665022,0.502803793361836,"AL035587.2"
"ENSG00000287828.1",19.3900882005863,0.0795392763524371,0.176030075170055,0.451850493590926,0.651376691068842,0.791572414094601,"AL354743.2"
"ENSG00000287829.1",13.9010346233385,-0.0303793279191933,0.195995875627889,-0.154999832633573,0.876821449250055,0.934114636647853,"AC002542.6"
"ENSG00000287831.1",3.01240979472678,-0.747009177554378,0.255880706493604,-2.9193649954732,0.00350745282342171,0.0263423022482412,"AL135926.2"
"ENSG00000287834.1",2.07136672511631,-0.172606693635573,0.398580634722687,-0.433053386438768,0.664975985765137,0.801871912874658,"AP005210.2"
"ENSG00000287837.1",104.578997012498,-0.225357194968568,0.124937307804879,-1.80376221425004,0.0712685917314472,0.196289313742147,"AL590064.1"
"ENSG00000287838.1",7.45623352500158,-0.111826813744905,0.367028107242351,-0.304681880047581,0.760608451480555,0.865090775319148,"AL953883.1"
"ENSG00000287839.1",115.546941844123,0.149068261310668,0.127710643353858,1.16723444026222,0.24311570607495,0.431774842758631,"AL353807.5"
"ENSG00000287840.1",2.4411618461422,-1.09324619615444,0.364792712366269,-2.99689702972128,0.0027274282199262,0.0221581912459744,"AC009268.3"
"ENSG00000287841.1",1.8957390258015,0.547024217870779,0.878065452078865,0.622987974957529,0.533292424024555,0.702729508281171,"AC096585.1"
"ENSG00000287842.1",1.6021319011401,-0.991479003514493,0.749453608194772,-1.32293579305421,0.185856730954471,0.363770026082729,"AL161714.1"
"ENSG00000287848.1",4.882485816085,0.023200953397602,0.286519243664727,0.0809752011796835,0.935461674318205,0.966104957752768,"AL355303.2"
"ENSG00000287853.1",10.296100085593,0.0902626835284499,0.154361802353704,0.584747535673509,0.55871748597643,0.722692461269407,"AL031668.2"
"ENSG00000287855.1",29.7564082375797,-0.216706955750092,0.152770641035574,-1.41851179180187,0.156041398472915,0.325414488911387,"AL023882.1"
"ENSG00000287857.1",4.52108485854724,-1.42173405379474,0.25757423728081,-5.51970596440028,3.39567376168207e-08,6.04557040361931e-06,"AL592546.3"
"ENSG00000287858.1",2.45915557689051,-0.7561617209122,0.288585267020186,-2.62023674569398,0.00878687427839546,0.0492245339644321,"AC020550.2"
"ENSG00000287860.1",52.2773807490399,-0.0240433506265554,0.158240002551783,-0.151942304340442,0.879232441596581,0.93539610398399,"AC079804.3"
"ENSG00000287861.1",2.08801150483204,1.4118537956578,0.932120204343884,1.51466923372999,0.129856189509659,0.289681510068306,"AL137001.2"
"ENSG00000287862.1",6.27931590103557,0.548543411583504,0.331315002629333,1.65565521401154,0.0977916618322935,0.240990214462069,"AC114971.1"
"ENSG00000287864.1",1.50778595449855,1.05326070120738,0.565562725668125,1.8623234053537,0.06255751829778,0.180510266656959,"AP000345.3"
"ENSG00000287865.1",6.217638608849,-0.39939089891448,0.244636267178863,-1.63259071731368,0.102555104847465,0.248525784387483,"AC099552.5"
"ENSG00000287868.1",15.2088275716931,-0.445035683658086,0.148973503593942,-2.98734790363207,0.00281409280775428,0.0226384531340982,"AL355377.4"
"ENSG00000287878.1",28.5428342700767,-0.41440086678037,0.149713895454418,-2.76795193607489,0.00564097741548624,0.0363963296693379,"AC022382.2"
"ENSG00000287879.1",23.9930760023957,0.658531795168785,0.231930133951195,2.83935417942439,0.00452049509348676,0.031251578261248,"AC114341.2"
"ENSG00000287881.1",2.01911380193265,-0.305188027401215,0.312098553091616,-0.977857873348192,0.32814462288343,0.521799633646561,"AC079148.3"
"ENSG00000287884.1",4.62387540393949,-0.573638927109151,0.198201347152281,-2.89422314909099,0.00380097930761801,0.0277330712444722,"AC005594.1"
"ENSG00000287886.1",9.80901219698941,-0.298139395304385,0.187131202427084,-1.5932104931595,0.111112978028888,0.261599036957589,"AC005914.1"
"ENSG00000287887.1",19.3985317162136,0.0679255949418629,0.207767720361562,0.326930453025413,0.743720487413068,0.854081824960963,"AL391560.2"
"ENSG00000287892.1",7.99793024500905,-0.345341714099247,0.165987624513864,-2.0805268772938,0.0374772330234477,0.128791238547651,"AC090907.3"
"ENSG00000287895.1",13.4262301052538,-0.687347068795403,0.181739901557259,-3.78203720209921,0.000155550107762073,0.00299868543006526,"AL136379.1"
"ENSG00000287897.1",1.93395651732511,-2.33822235041256,0.657468470687682,-3.55640225297327,0.000375968274994649,0.0055954902902981,"AP000465.1"
"ENSG00000287899.1",5.95101714819905,-0.447237484406449,0.28933184972265,-1.54575960038677,0.122162637233927,0.278059176400137,"AC055714.1"
"ENSG00000287900.1",1.53983009919205,-1.00303618991538,0.465524630470986,-2.15463613364684,0.031190319139515,0.113716724179759,"AC061961.1"
"ENSG00000287901.1",2.17634128664008,-0.0160477727885411,0.237537436018578,-0.0675589206380335,0.946136757229985,0.971842915032127,"AL137026.3"
"ENSG00000287905.1",1.48797023883803,-0.562800299409014,0.358291554593228,-1.57078862784798,0.116231754461084,0.269251715070904,"AC136431.2"
"ENSG00000287906.1",314.81628537292,-0.070381027980894,0.145777961658792,-0.482796076855758,0.629240536668336,0.775957670468143,"AC127526.5"
"ENSG00000287910.1",11.9337502566366,-0.0456722183792566,0.144221158160979,-0.316681816743403,0.751485047339448,0.858989006196374,"AC104024.4"
"ENSG00000287914.1",5.64896433168723,-0.36698078959017,0.251126346603338,-1.46133926031198,0.143922360622984,0.30894014706202,"AL078582.2"
"ENSG00000287916.1",4.09730455595193,0.175216429567125,0.165498311861078,1.05872034340872,0.289727160211812,0.482125324669522,"AC091607.2"
"ENSG00000287917.1",25.4180962495972,0.148942689610847,0.104318825230815,1.42776425330037,0.153359725044864,0.321848545506724,"AP000944.7"
"ENSG00000287918.1",6.52626715680612,-0.0786640143136096,0.130817176870234,-0.601327869899239,0.547621630359384,0.714250839910482,"AF274853.1"
"ENSG00000287920.1",90.8778132412041,-0.377139463899807,0.22022434507882,-1.71252394354868,0.0868001560036914,0.223482239173933,"AL022098.1"
"ENSG00000287923.1",9.72774171708576,2.71446352511289e-05,0.315904357703041,8.59267515285294e-05,0.99993144037168,0.999961475558523,"AL138701.2"
"ENSG00000287925.1",9.14058341421591,-0.0602820419996203,0.209137350169446,-0.28824139710472,0.773161962498801,0.873193840275199,"AL353576.1"
"ENSG00000287929.1",52.5087410713972,0.540861606693215,0.179473201216477,3.01360650518981,0.00258162407939021,0.0213726468568818,"AL354953.1"
"ENSG00000287932.1",4.48964125962009,-1.7877251186392,0.521668653100428,-3.42693605991893,0.00061043278831369,0.00771569431333625,"AC000065.2"
"ENSG00000287933.1",6.58070197919612,-0.547252645406983,0.345263304828568,-1.58502985331357,0.112959551615398,0.264376966743863,"AL357141.1"
"ENSG00000287934.1",9.54131325827029,-0.35229942997587,0.161427259442241,-2.18240358656354,0.0290797598660377,0.108429457519018,"AP001885.3"
"ENSG00000287935.1",5.93028880045703,-0.0913949570553713,0.175746040141241,-0.520039922276031,0.60303575015418,0.756703951073538,"AC136297.1"
"ENSG00000287936.1",2.7947377118649,-0.587845990339076,0.266646744005735,-2.20458716843147,0.0274830769975089,0.104534911742039,"AL391425.1"
"ENSG00000287937.1",4.00009882806018,0.299706559793932,0.310061864320041,0.966602456742568,0.33374280599181,0.527301596425842,"AC079753.2"
"ENSG00000287944.1",1.62029815948829,-0.381015354755566,0.47006407801802,-0.810560458825274,0.417618131996102,0.605986770769971,"AC027584.1"
"ENSG00000287945.1",3.51120574120772,-2.15873313735314,0.470732875742168,-4.58589839077978,4.52038417834546e-06,0.000224631095562393,"AL603824.1"
"ENSG00000287950.1",5.17723202524601,-1.40424562784465,0.31220398651241,-4.49784656349617,6.86452076452488e-06,0.000303134651091147,"AC009432.2"
"ENSG00000287951.1",1.27183518320904,0.158930487845051,0.405928710737162,0.391523150842016,0.695410579758319,0.822169901700771,"AC026402.2"
"ENSG00000287957.1",6.97863170491382,-0.925873583064587,0.209414741064646,-4.42124359707215,9.81344647434375e-06,0.000394588252983486,"AC007695.1"
"ENSG00000287958.1",2.08294055565055,-0.244231295988319,0.321603612860966,-0.759417140297809,0.447603063395972,0.632143552839383,"AC092053.5"
"ENSG00000287959.1",3.48366836186841,-2.35209961503084,0.488300126571003,-4.81691379346555,1.45795638611345e-06,9.84578944480228e-05,"AC021236.1"
"ENSG00000287965.1",8.15543707909849,-0.656690953296978,0.20460096464671,-3.20961807013424,0.00132911447224475,0.0134172856653865,"AC018557.3"
"ENSG00000287966.1",36.5102372193392,-0.1028879397941,0.112099139193671,-0.917829882853461,0.358707934919657,0.551793340908383,"AL590062.1"
"ENSG00000287967.1",5.42776234297575,-0.17508369392568,0.147342985051543,-1.1882730206968,0.234725863330422,0.421908947048447,"AC004882.3"
"ENSG00000287972.1",6.96798124016721,-0.216388534653517,0.248286533645577,-0.871527470605421,0.383466213260079,0.574939979683336,"AC073648.7"
"ENSG00000287975.1",4.89261977409831,-0.539724473640535,0.158187151642324,-3.41193622893534,0.00064503201472831,0.00804007894659289,"AC113143.2"
"ENSG00000287978.1",53.9247415790616,-0.198067697389031,0.111831618476316,-1.77112430355265,0.0765400333503975,0.205665768205423,"AC245407.2"
"ENSG00000287979.1",2.56934549689159,-0.224047181272591,0.244991012809094,-0.914511837408407,0.360447960717368,0.553523706465099,"AC253572.1"
"ENSG00000287985.1",13.0982194871943,0.0912928248495069,0.14831722538387,0.615524087733071,0.538208666696835,0.706457228368464,"AC073270.2"
"ENSG00000287986.1",2.43344801786385,-0.422619423771291,0.278307247348684,-1.51853545963107,0.128879467371069,0.288165487599683,"AL135841.1"
"ENSG00000287996.1",0.638808670586112,-0.521127837685301,0.614445021641486,-0.848127691380933,0.396366861386575,0.586925332788465,"AL359208.1"
"ENSG00000287998.1",15.4223997780614,0.121517260463111,0.158479977040025,0.766767277057474,0.443219895322123,0.628160571068045,"AC104232.3"
"ENSG00000288004.1",0.591021772537631,0.29992363072919,0.841826490238707,0.356277254525626,0.721632941496174,0.840404480814737,"AC023503.1"
"ENSG00000288007.1",10.7624017019803,-0.271234276565181,0.135330584629674,-2.00423486906084,0.0450449070119241,0.145753981879644,"AC092803.4"
"ENSG00000288009.1",18.6207190531619,-0.0568146691160388,0.132460919188562,-0.428916464298133,0.667984018025331,0.804194399078518,"AL353135.2"
"ENSG00000288012.1",5.07076112345051,0.144646026050493,0.140680557738653,1.02818774943448,0.303861519892291,0.497098991782912,"AP003307.1"
"ENSG00000288015.1",1.96712847266535,0.652463769300494,0.389148136313209,1.67664626504944,0.0936116740822835,0.234543457647612,"AL159156.1"
"ENSG00000288016.1",2.32660238722915,-0.833951392780196,0.43240347394888,-1.92864175017888,0.0537753522189436,0.163352445385519,"AL162493.1"
"ENSG00000288018.1",30.3357358771744,-0.0697078691610526,0.136454167799529,-0.510851887378506,0.60945477303574,0.761486896903406,"AP003120.1"
"ENSG00000288021.1",2.68440736889008,0.191119201570835,0.277608139578419,0.688449560092411,0.491169723459361,0.669289805347695,"AL450338.2"
"ENSG00000288022.1",11.2622907098537,-0.024442719152853,0.161308004587179,-0.151528246942283,0.879559030253965,0.935594069914223,"AC117488.1"
"ENSG00000288025.1",4.8447555219091,-0.312153490483469,0.256719436092023,-1.21593244062586,0.224010658982106,0.40881361999075,"AC093849.4"
"ENSG00000288029.1",2.98509778637253,-0.326424643687326,0.367706850280335,-0.887730656740456,0.37468565116673,0.566477879492027,"AC115282.2"
"ENSG00000288031.1",5.14676962969238,-0.387053653337136,0.256221677626895,-1.51062024463346,0.130885232997224,0.291062418938515,"AC093838.2"
"ENSG00000288032.1",2.86285846967399,-1.27985763214789,0.329467831291336,-3.88462092681867,0.000102489671455512,0.00223755456887684,"AC104472.5"
"ENSG00000288033.1",7.62677159274437,-0.186172030308446,0.136261588668143,-1.36628401391867,0.171849836605159,0.346142937267564,"AC137894.4"
"ENSG00000288043.1",1.33632489227141,-0.548338043239624,0.255116534044393,-2.1493630167624,0.0316056347233766,0.114648768451229,"AC006511.6"
"ENSG00000288045.1",11.5771436532396,-0.300917872513792,0.129979175125447,-2.31512372826929,0.0206061618011491,0.0868578820856822,"AL352979.4"
"ENSG00000288046.1",25.7064079081562,-0.214643391538043,0.175284794007565,-1.22454085508854,0.220748264042934,0.405214310789071,"AL031123.5"
"ENSG00000288047.1",3.55182263564116,-0.44283830056009,0.280823973261861,-1.57692484518462,0.114812818972651,0.267211686966548,"AP001994.3"
"ENSG00000288049.1",3.56665459360503,-0.271448163136351,0.346601243869933,-0.783171347296767,0.433526498236757,0.61943744684518,"AC010889.2"
"ENSG00000288050.1",4.29334871410569,-0.797978310695452,0.259516789550414,-3.07486198514504,0.00210599984229406,0.0184945968679245,"AC010727.1"
"ENSG00000288054.1",1.65628450037808,-2.46207918483062,0.62641367900643,-3.93043649483482,8.47917876021103e-05,0.00195629087224918,"AL360178.2"
"ENSG00000288056.1",5.16459212376427,-0.0739106954558531,0.183463518032215,-0.402863175461809,0.687048882737347,0.816800727358352,"AL023806.4"
"ENSG00000288057.1",0.61185561834941,1.13989873363838,0.615856057867036,1.85091746533487,0.0641814277193032,0.183573219334945,"AC010086.3"
"ENSG00000288061.1",3.24034384591344,-0.229627800160958,0.177177026502457,-1.29603597426766,0.194963091277969,0.374504165584896,"AP000926.2"
"ENSG00000288062.1",2.43789936692891,-0.2947349542928,0.222558709400634,-1.32430204635236,0.185402751184713,0.363330025027526,"AL136981.3"
"ENSG00000288063.1",3.34211912873476,-0.699129797213114,0.190885509488115,-3.66256086744312,0.000249706394076951,0.00423293023319956,"AC099050.1"
"ENSG00000288064.1",2.26924182446006,-1.51605856928702,0.339395586448041,-4.46693660678794,7.93476299044685e-06,0.000338165260152273,"AC067945.3"
"ENSG00000288065.1",49.1965754859,-0.346464541614937,0.165013252873955,-2.09961645856156,0.0357625937791392,0.124753146970755,"AC007881.4"
"ENSG00000288066.1",572.186089326766,-0.022997951300699,0.0661141967635271,-0.347851935386232,0.727951383581446,0.843815514627232,"AC097448.1"
"ENSG00000288068.1",2.56266400356962,-0.0621869196043073,0.342427574831531,-0.181606050958082,0.855891899842679,0.922861969150575,"AC027088.5"
"ENSG00000288073.1",3.64007683629603,-0.04590734364725,0.321533296184041,-0.142776328896816,0.886466832330883,0.939655875583474,"AC022463.1"
"ENSG00000288074.1",1.51542474386501,0.133397493143756,0.443320990876316,0.300904978309437,0.763486954012223,0.866928589644759,"AC026341.3"
"ENSG00000288075.1",107.786275726029,-0.561858815218229,0.213624109661586,-2.63012829454645,0.00853526508745659,0.0482615245089893,"AC108519.1"
"ENSG00000288076.1",3.58001893266583,-2.00186765276239,0.581681823325743,-3.44151660321236,0.000578462970109189,0.00743138386036118,"AC018398.2"
"ENSG00000288079.1",6.08831542240783,-0.739901770033866,0.233095930640452,-3.17423718209459,0.00150230874122996,0.0145900317685477,"AC026329.1"
"ENSG00000288080.1",1.43868658532333,-1.24654227923806,0.53963903454346,-2.30995572863377,0.0208906052508279,0.0875517271671466,"AC005104.2"
"ENSG00000288082.1",4.14823315003242,-0.699667204473039,0.254293892180707,-2.75141175618894,0.00593390046882537,0.0377172061924269,"AC023787.3"
"ENSG00000288086.1",0.523761879795222,-0.0690898088116059,0.616658761369549,-0.112038964074982,0.91079251218399,0.952385913758019,"AL157414.4"
"ENSG00000288087.1",4.44026709912522,-0.359632687966515,0.436732053456523,-0.82346300236082,0.410244748271021,0.599441667947646,"AC112770.1"
"ENSG00000288088.1",0.716160101548747,-0.125878286961716,0.519081195279654,-0.242502113554508,0.808391119346017,0.894531376886593,"AL606923.2"
"ENSG00000288093.1",24.7249719962527,-0.0329497053895163,0.10331090434209,-0.318937343539373,0.749774025857125,0.858073859367546,"AL592295.5"
"ENSG00000288095.1",11.1402419439356,0.0928303331856563,0.146481262318243,0.633735207606105,0.52625364385607,0.697628806746202,"AC005618.4"
"ENSG00000288096.1",19.4144958836502,0.281230952650375,0.147827927657406,1.90242099112783,0.0571161389271922,0.169941555507958,"AC109322.2"
"ENSG00000288097.1",5.63488426002219,-1.6174225357607,0.342440525778896,-4.72322173925472,2.32137505585196e-06,0.000139002769306617,"AP002448.1"
"ENSG00000288101.1",0.9269060014426,-1.00663608414137,0.619040632411832,-1.62612279620391,0.103923535475229,0.250646643478471,"AL359987.1"
"ENSG00000288104.1",3.28703358596702,-0.290713981247998,0.316984186759702,-0.917124555075616,0.359077375179258,0.552210731116101,"AC008180.3"
"ENSG00000288107.1",2.28544630007092,-0.426257684211417,0.27696178012418,-1.53904875979746,0.123792392931658,0.280521381559604,"AL731769.2"
"ENSG00000288109.1",2.96131268248577,-0.760568298576242,0.297706433310784,-2.55475936518397,0.0106261230664077,0.055879879205483,"AC079331.3"
"ENSG00000288110.1",1.56639808300813,-0.625884787697956,1.10938345567668,-0.564173536657069,0.572636035822359,0.73323224263043,"AC010941.1"
"ENSG00000288156.1",65.1220557636533,-0.242403103310407,0.125751075808554,-1.92764238199795,0.0538996233981907,0.163567312620671,"AC104530.1"
"ENSG00000288162.1",3.41740086375413,-0.374871196586492,0.193517601648038,-1.93714263402403,0.0527279103120471,0.161350887028337,"AL596442.4"
"ENSG00000288218.1",9.38552438960061,-0.276620536263746,0.268317279109334,-1.03094566694316,0.302566299675646,0.495637660652494,"AL358787.2"
"ENSG00000288234.1",3.61942686439514,0.127182024917655,0.257340517708362,0.494216868957215,0.621153027566704,0.769925954327504,"BX255925.4"
"ENSG00000288235.1",3.3239870287572,0.0151219115403887,0.306355308592061,0.0493606969302591,0.960631849265808,0.980181454455079,"FAM106C"
"ENSG00000288253.1",10.4754670268728,-0.214340806882061,0.215681836158966,-0.993782372680113,0.320328829696833,0.514135261394044,"AC010332.3"
"ENSG00000288266.1",1.43880814270724,-0.287150516130811,0.294658052820752,-0.974521189500604,0.329797823338083,0.523453419736593,"AF064858.3"
"ENSG00000288349.1",0.864422820474368,-0.201186017106688,0.620437484912539,-0.324264768004867,0.745737590866948,0.855218270563649,"AC139272.1"
"ENSG00000288393.1",2.44912718901659,-1.65482761933911,0.393622387121069,-4.2040993436436,2.62123799807131e-05,0.00080766804451794,"AP003086.3"
"ENSG00000288398.1",256.203602121281,0.0189516613187915,0.0736209919542666,0.257421977288276,0.796853038977755,0.888021028508331,"AL109627.1"
"ENSG00000288523.1",0.4203744793295,-1.52254437147516,1.02859307663412,-1.48022031847366,0.13881445972703,0.301392318226947,"AC025160.1"
"ENSG00000288528.1",4.86524306046069,0.107379512979461,0.263602901424868,0.407353304531308,0.683748517799972,0.814784675412951,"AP000942.5"
"ENSG00000288533.1",3.35174643563567,0.176218288216654,0.236546290791405,0.744963227396575,0.456293950333313,0.63940882876443,"AP001178.4"
"ENSG00000288534.1",6.41545730302523,-0.229843804454096,0.149313515674505,-1.53933690072065,0.123722069781854,0.28041928444736,"AP001931.2"
"ENSG00000288536.1",4.53845522088356,-0.264816499478872,0.299329355145994,-0.884699395252134,0.376318781943757,0.567941124535516,"AF222684.1"
"ENSG00000288538.1",40.3972724566808,-0.211116052377005,0.130925162957418,-1.61249409668994,0.106854463505389,0.255128058913147,"AP002985.1"
"ENSG00000288539.1",3.57795557503175,0.0619554194754541,0.362866897197953,0.170738692214341,0.864429237528222,0.927832989975581,"AC022133.2"
"ENSG00000288541.1",2.95391435282063,0.221184220647792,0.289768284689426,0.763314111083129,0.445276088483931,0.630055540562519,"AL353732.2"
"ENSG00000288542.1",1.96118881042858,-1.00517400673706,0.84871578240505,-1.18434701884375,0.236275723548997,0.423649701858937,"AL133318.1"
"ENSG00000288543.1",12.0814469881753,-0.202007949705125,0.188002526787127,-1.074495929163,0.282600468323166,0.475071188648834,"AL035409.2"
"ENSG00000288546.1",2.52831077468381,0.0114763539771043,0.358213020196902,0.0320377912863022,0.974441913267408,0.987341249868491,"AC004470.2"
"ENSG00000288547.3",53.2648371758909,0.0685815493077412,0.155832119241745,0.440098932373173,0.659865455154182,0.797737775462006,"C3orf36"
"ENSG00000288548.1",7.74824402405406,0.019186833375362,0.120383452032718,0.159380986766748,0.873368717790161,0.9323755762646,"AL035653.1"
"ENSG00000288549.1",2.25482743939059,-0.70099661571958,0.307996345216896,-2.27599004535566,0.0228466054271134,0.0927184102774284,"AC026412.4"
"ENSG00000288552.1",1.13247142675419,0.403020843764393,0.669542048286713,0.60193507606532,0.547217354767355,0.713975286760573,"AL162573.1"
"ENSG00000288555.1",1.73961984248582,2.0882338262663,0.443072467153036,4.71307513121782,2.44006179102828e-06,0.000145064034031236,"AF222685.1"
"ENSG00000288558.2",279.44339435418,-0.0803850769339262,0.0833836600159933,-0.964038720757857,0.335026513359915,0.528477101738446,"DUS4L-BCAP29"
"ENSG00000288559.1",35.7436654927549,-0.0179403678822641,0.0999628894208813,-0.179470281283372,0.857568450552444,0.92358477438484,"AC016394.2"
"ENSG00000288568.1",11.6903482060729,-0.220755636104499,0.152534753250278,-1.44724812805306,0.147827441440489,0.314045121080516,"AC092720.3"
"ENSG00000288571.1",3.27064225882855,-1.2522826673801,0.530443264073687,-2.36082301764536,0.0182344304763867,0.0803118291756593,"AL442063.1"
"ENSG00000288573.1",16.9269564211503,-0.201827714650718,0.111020349833794,-1.81793441430215,0.0690741575981651,0.192539964499603,"AL357079.3"
"ENSG00000288585.1",9.56235657401729,-0.334599890746862,0.211856986222207,-1.57936680169667,0.114251947517615,0.26642782718386,"AC010184.1"
"ENSG00000288586.1",21.5333173817263,-0.00655236526775605,0.0866832636553984,-0.0755897389120511,0.939745500269874,0.968366304759816,"AL357874.3"
"ENSG00000288596.2",156.593511086855,-0.298713062970014,0.10656968817124,-2.80298336324332,0.00506322811090144,0.0337379261563779,"C8orf44"
"ENSG00000288597.1",4.79217684778195,-0.426575959739943,0.18108929714011,-2.35561110720916,0.0184922659563682,0.0809651386867887,"AC234782.2"
"ENSG00000288598.1",15.5376873420874,-0.177541028401548,0.122286150623273,-1.45184902375821,0.146543589246774,0.312588141772991,"AL354833.1"
"ENSG00000288600.1",5.92409172267103,-0.100087486239092,0.170737930223691,-0.586205338836911,0.557737534399843,0.721873643539788,"AL354833.2"
"ENSG00000288603.1",0.895802556369363,0.463105263517344,0.770553162880111,0.601003650139319,0.547837555130743,0.714433219203141,"SNORA74C-2"
"ENSG00000288610.1",1.9718209756756,-0.0353652922144744,0.219841468602127,-0.160867248746774,0.87219795801247,0.931669548912009,"AL161669.4"
"ENSG00000288611.1",40.8752981131558,0.812290746341749,0.255222550107798,3.18267624078931,0.00145920679392319,0.0142865373248158,"NPBWR1"
"ENSG00000288612.1",29.6461297546621,-0.0262802052638074,0.102883023294044,-0.255437723565893,0.798385037711754,0.888626088387237,"AL133351.4"
"ENSG00000288637.1",3.37708776743888,-0.777218563247404,0.260304538244605,-2.9858048902592,0.00282833035525017,0.0227119157060646,"AC013477.1"
"ENSG00000288638.1",29.9977712496842,0.264042574341509,0.399690423370852,0.66061771536747,0.508857505157588,0.684061492081036,"LNCDAT"
"ENSG00000288658.1",44.4057566413031,0.503863335978223,0.18060808472823,2.78981606353011,0.00527379933982278,0.0347822110579873,"AC010980.1"
"ENSG00000288663.1",25.5931687938562,-0.1503987669354,0.115464239054533,-1.30255712216115,0.192726004387101,0.371988339269509,"AC073611.1"
"ENSG00000288667.1",0.948883619831979,-0.498529234002995,0.733839345240651,-0.679343833546442,0.496920028873175,0.673886989683075,"AC078856.1"
"ENSG00000288670.1",243.539262025835,-0.0705183271960269,0.0812014384579297,-0.868436921010485,0.385155190188142,0.576592291532852,"AL592295.6"
"ENSG00000288674.1",6.48400461766428,-0.296356751643036,0.108065212675654,-2.74238808498456,0.00609942307935017,0.0384089450691896,"AL391628.1"
"ENSG00000288675.1",15.1081909964225,0.134330883145634,0.0990344596601049,1.35640547347529,0.174970192716578,0.350306843268712,"AP006621.6"
